/*--------------------------------*- C++ -*----------------------------------*\
  =========                 |
  \\      /  F ield         | OpenFOAM: The Open Source CFD Toolbox
   \\    /   O peration     | Website:  https://openfoam.org
    \\  /    A nd           | Version:  11
     \\/     M anipulation  |
\*---------------------------------------------------------------------------*/
FoamFile
{
    format      ascii;
    class       volScalarField;
    location    "592";
    object      omega;
}
// * * * * * * * * * * * * * * * * * * * * * * * * * * * * * * * * * * * * * //

dimensions      [0 0 -1 0 0 0 0];

internalField   nonuniform List<scalar> 
10000
(
0.961692
0.892185
0.829085
0.771728
0.719523
0.671944
0.628523
0.588843
0.552531
0.519256
0.488722
0.460665
0.434847
0.411057
0.389105
0.368822
0.350056
0.332669
0.316538
0.301554
0.287615
0.274634
0.262528
0.251224
0.240657
0.230766
0.221497
0.212801
0.204633
0.196953
0.189723
0.18291
0.176483
0.170414
0.164677
0.159248
0.154107
0.149234
0.144609
0.140217
0.136043
0.132071
0.128289
0.124686
0.121249
0.117969
0.114835
0.11184
0.108975
0.106232
0.103605
0.101086
0.0986693
0.0963497
0.0941216
0.09198
0.0899202
0.0879377
0.0860286
0.084189
0.0824153
0.080704
0.079052
0.0774563
0.075914
0.0744224
0.0729789
0.0715813
0.0702271
0.0689143
0.0676407
0.0664044
0.0652035
0.0640363
0.062901
0.0617961
0.0607199
0.0596711
0.0586482
0.05765
0.0566753
0.0557229
0.0547919
0.0538815
0.0529909
0.0521197
0.0512677
0.0504349
0.0496219
0.0488297
0.04806
0.0473155
0.0465999
0.0459186
0.0452789
0.0446912
0.0441692
0.0437318
0.0434043
0.0432203
0.961692
0.892185
0.829085
0.771728
0.719523
0.671944
0.628523
0.588843
0.552531
0.519256
0.488722
0.460665
0.434847
0.411057
0.389105
0.368823
0.350056
0.332669
0.316538
0.301554
0.287615
0.274634
0.262528
0.251224
0.240657
0.230766
0.221497
0.212801
0.204633
0.196953
0.189723
0.18291
0.176483
0.170414
0.164677
0.159249
0.154108
0.149234
0.144609
0.140218
0.136043
0.132071
0.12829
0.124686
0.121249
0.117969
0.114836
0.11184
0.108975
0.106232
0.103605
0.101086
0.0986696
0.0963501
0.094122
0.0919803
0.0899205
0.0879381
0.086029
0.0841894
0.0824157
0.0807045
0.0790525
0.0774568
0.0759144
0.0744229
0.0729795
0.0715818
0.0702277
0.0689149
0.0676413
0.066405
0.0652042
0.064037
0.0629017
0.0617968
0.0607207
0.0596719
0.0586491
0.0576509
0.0566762
0.0557239
0.0547929
0.0538825
0.052992
0.0521208
0.0512688
0.0504361
0.0496231
0.048831
0.0480613
0.0473168
0.0466012
0.0459199
0.0452802
0.0446925
0.0441705
0.0437331
0.0434056
0.0432215
0.961692
0.892185
0.829085
0.771728
0.719523
0.671944
0.628523
0.588843
0.552531
0.519256
0.488723
0.460665
0.434847
0.411057
0.389105
0.368823
0.350056
0.332669
0.316538
0.301554
0.287616
0.274634
0.262528
0.251224
0.240657
0.230766
0.221497
0.212801
0.204633
0.196953
0.189723
0.18291
0.176483
0.170414
0.164677
0.159249
0.154108
0.149234
0.14461
0.140218
0.136043
0.132072
0.12829
0.124686
0.12125
0.117969
0.114836
0.111841
0.108976
0.106233
0.103605
0.101087
0.0986702
0.0963507
0.0941226
0.091981
0.0899212
0.0879388
0.0860298
0.0841902
0.0824165
0.0807053
0.0790533
0.0774577
0.0759154
0.0744238
0.0729805
0.0715829
0.0702288
0.068916
0.0676425
0.0664063
0.0652055
0.0640383
0.0629031
0.0617982
0.0607222
0.0596734
0.0586507
0.0576526
0.0566779
0.0557257
0.0547948
0.0538845
0.052994
0.0521229
0.051271
0.0504383
0.0496254
0.0488333
0.0480637
0.0473192
0.0466037
0.0459224
0.0452827
0.044695
0.0441729
0.0437355
0.0434081
0.043224
0.961692
0.892185
0.829085
0.771728
0.719523
0.671944
0.628523
0.588843
0.552531
0.519256
0.488723
0.460665
0.434847
0.411057
0.389106
0.368823
0.350056
0.332669
0.316539
0.301554
0.287616
0.274634
0.262528
0.251224
0.240657
0.230766
0.221497
0.212801
0.204634
0.196953
0.189723
0.18291
0.176483
0.170414
0.164677
0.159249
0.154108
0.149235
0.14461
0.140218
0.136044
0.132072
0.128291
0.124687
0.12125
0.11797
0.114837
0.111842
0.108977
0.106234
0.103606
0.101087
0.0986711
0.0963516
0.0941236
0.091982
0.0899222
0.0879399
0.0860309
0.0841913
0.0824177
0.0807065
0.0790546
0.077459
0.0759167
0.0744252
0.0729819
0.0715844
0.0702304
0.0689176
0.0676442
0.066408
0.0652073
0.0640402
0.0629051
0.0618003
0.0607243
0.0596757
0.058653
0.057655
0.0566805
0.0557283
0.0547975
0.0538873
0.0529969
0.0521259
0.0512741
0.0504415
0.0496287
0.0488367
0.0480672
0.0473228
0.0466072
0.045926
0.0452864
0.0446986
0.0441766
0.0437391
0.0434117
0.0432276
0.961692
0.892185
0.829085
0.771728
0.719523
0.671944
0.628523
0.588843
0.552531
0.519257
0.488723
0.460665
0.434847
0.411057
0.389106
0.368823
0.350056
0.332669
0.316539
0.301554
0.287616
0.274634
0.262528
0.251225
0.240657
0.230767
0.221498
0.212802
0.204634
0.196954
0.189724
0.182911
0.176484
0.170415
0.164678
0.15925
0.154109
0.149235
0.144611
0.140219
0.136045
0.132073
0.128291
0.124688
0.121251
0.117971
0.114838
0.111843
0.108978
0.106235
0.103607
0.101089
0.0986722
0.0963528
0.0941248
0.0919833
0.0899236
0.0879413
0.0860323
0.0841928
0.0824192
0.0807081
0.0790563
0.0774607
0.0759185
0.0744271
0.0729838
0.0715864
0.0702324
0.0689198
0.0676464
0.0664103
0.0652097
0.0640427
0.0629077
0.061803
0.0607271
0.0596786
0.058656
0.0576581
0.0566837
0.0557317
0.054801
0.0538909
0.0530007
0.0521299
0.0512782
0.0504457
0.049633
0.0488411
0.0480717
0.0473273
0.0466119
0.0459307
0.0452911
0.0447034
0.0441813
0.0437438
0.0434163
0.0432322
0.961692
0.892185
0.829085
0.771728
0.719523
0.671944
0.628523
0.588843
0.552531
0.519257
0.488723
0.460665
0.434847
0.411057
0.389106
0.368823
0.350057
0.33267
0.316539
0.301555
0.287616
0.274635
0.262529
0.251225
0.240658
0.230767
0.221498
0.212802
0.204634
0.196954
0.189724
0.182912
0.176485
0.170416
0.164679
0.159251
0.15411
0.149236
0.144612
0.14022
0.136045
0.132074
0.128292
0.124689
0.121252
0.117972
0.114839
0.111844
0.108979
0.106236
0.103609
0.10109
0.0986736
0.0963542
0.0941263
0.0919848
0.0899252
0.0879429
0.086034
0.0841946
0.0824211
0.08071
0.0790583
0.0774628
0.0759207
0.0744293
0.0729862
0.0715888
0.0702349
0.0689224
0.0676491
0.0664131
0.0652126
0.0640457
0.0629108
0.0618062
0.0607305
0.0596821
0.0586597
0.0576619
0.0566877
0.0557358
0.0548053
0.0538954
0.0530053
0.0521346
0.0512831
0.0504508
0.0496382
0.0488465
0.0480772
0.0473329
0.0466176
0.0459364
0.0452968
0.0447091
0.044187
0.0437496
0.043422
0.0432379
0.961692
0.892185
0.829085
0.771728
0.719523
0.671944
0.628523
0.588843
0.552531
0.519257
0.488723
0.460665
0.434847
0.411058
0.389106
0.368823
0.350057
0.33267
0.316539
0.301555
0.287617
0.274635
0.262529
0.251226
0.240658
0.230767
0.221499
0.212803
0.204635
0.196955
0.189725
0.182912
0.176485
0.170416
0.164679
0.159251
0.15411
0.149237
0.144613
0.140221
0.136046
0.132075
0.128293
0.12469
0.121253
0.117973
0.11484
0.111845
0.10898
0.106237
0.10361
0.101091
0.0986753
0.0963559
0.0941281
0.0919867
0.0899271
0.0879449
0.0860361
0.0841967
0.0824233
0.0807123
0.0790606
0.0774652
0.0759232
0.0744319
0.0729889
0.0715916
0.0702378
0.0689254
0.0676522
0.0664164
0.065216
0.0640492
0.0629145
0.0618101
0.0607345
0.0596862
0.058664
0.0576664
0.0566923
0.0557406
0.0548103
0.0539006
0.0530107
0.0521402
0.0512888
0.0504567
0.0496443
0.0488527
0.0480835
0.0473394
0.0466241
0.045943
0.0453035
0.0447158
0.0441937
0.0437562
0.0434286
0.0432444
0.961692
0.892185
0.829085
0.771728
0.719523
0.671944
0.628523
0.588843
0.552531
0.519257
0.488723
0.460666
0.434848
0.411058
0.389106
0.368824
0.350057
0.33267
0.31654
0.301555
0.287617
0.274635
0.26253
0.251226
0.240659
0.230768
0.221499
0.212803
0.204636
0.196955
0.189726
0.182913
0.176486
0.170417
0.16468
0.159252
0.154111
0.149238
0.144614
0.140222
0.136048
0.132076
0.128295
0.124691
0.121255
0.117975
0.114842
0.111847
0.108982
0.106239
0.103612
0.101093
0.0986771
0.0963578
0.09413
0.0919887
0.0899292
0.0879471
0.0860384
0.0841991
0.0824258
0.0807149
0.0790633
0.077468
0.0759261
0.0744349
0.072992
0.0715948
0.0702412
0.0689288
0.0676558
0.0664201
0.0652198
0.0640532
0.0629186
0.0618144
0.0607389
0.0596909
0.0586688
0.0576714
0.0566975
0.055746
0.054816
0.0539064
0.0530167
0.0521464
0.0512953
0.0504634
0.0496512
0.0488597
0.0480907
0.0473467
0.0466316
0.0459506
0.0453111
0.0447234
0.0442013
0.0437638
0.0434361
0.0432519
0.961692
0.892185
0.829085
0.771728
0.719523
0.671944
0.628523
0.588843
0.552532
0.519257
0.488723
0.460666
0.434848
0.411058
0.389107
0.368824
0.350057
0.33267
0.31654
0.301556
0.287617
0.274636
0.26253
0.251227
0.240659
0.230768
0.2215
0.212804
0.204636
0.196956
0.189727
0.182914
0.176487
0.170418
0.164681
0.159253
0.154112
0.149239
0.144615
0.140223
0.136049
0.132077
0.128296
0.124693
0.121256
0.117976
0.114843
0.111848
0.108983
0.106241
0.103614
0.101095
0.0986792
0.09636
0.0941323
0.091991
0.0899316
0.0879496
0.0860409
0.0842018
0.0824285
0.0807177
0.0790662
0.077471
0.0759292
0.0744382
0.0729954
0.0715983
0.0702448
0.0689327
0.0676598
0.0664242
0.0652241
0.0640577
0.0629232
0.0618192
0.0607439
0.059696
0.0586742
0.057677
0.0567033
0.0557521
0.0548222
0.0539129
0.0530234
0.0521534
0.0513025
0.0504708
0.0496588
0.0488675
0.0480987
0.0473548
0.0466398
0.0459589
0.0453195
0.0447318
0.0442097
0.0437721
0.0434445
0.0432602
0.961692
0.892185
0.829085
0.771728
0.719523
0.671944
0.628523
0.588843
0.552532
0.519257
0.488723
0.460666
0.434848
0.411058
0.389107
0.368824
0.350058
0.332671
0.31654
0.301556
0.287618
0.274636
0.26253
0.251227
0.24066
0.230769
0.2215
0.212805
0.204637
0.196957
0.189727
0.182915
0.176488
0.170419
0.164682
0.159254
0.154114
0.14924
0.144616
0.140225
0.13605
0.132079
0.128298
0.124694
0.121258
0.117978
0.114845
0.11185
0.108985
0.106243
0.103616
0.101097
0.0986814
0.0963623
0.0941346
0.0919935
0.0899342
0.0879523
0.0860437
0.0842047
0.0824315
0.0807208
0.0790695
0.0774744
0.0759327
0.0744418
0.0729991
0.0716022
0.0702488
0.0689368
0.0676641
0.0664287
0.0652287
0.0640625
0.0629282
0.0618243
0.0607493
0.0597016
0.05868
0.0576831
0.0567096
0.0557586
0.054829
0.0539199
0.0530307
0.0521609
0.0513102
0.0504788
0.049667
0.0488759
0.0481073
0.0473636
0.0466487
0.0459679
0.0453285
0.0447409
0.0442188
0.0437812
0.0434535
0.0432692
0.961692
0.892185
0.829085
0.771728
0.719523
0.671944
0.628523
0.588843
0.552532
0.519257
0.488723
0.460666
0.434848
0.411058
0.389107
0.368824
0.350058
0.332671
0.316541
0.301556
0.287618
0.274637
0.262531
0.251228
0.24066
0.23077
0.221501
0.212805
0.204638
0.196958
0.189728
0.182916
0.176489
0.17042
0.164683
0.159255
0.154115
0.149241
0.144617
0.140226
0.136052
0.13208
0.128299
0.124696
0.12126
0.11798
0.114847
0.111852
0.108987
0.106245
0.103618
0.1011
0.0986838
0.0963648
0.0941372
0.0919962
0.0899369
0.0879551
0.0860467
0.0842078
0.0824347
0.0807242
0.0790729
0.0774779
0.0759364
0.0744456
0.0730031
0.0716063
0.0702531
0.0689412
0.0676687
0.0664335
0.0652337
0.0640676
0.0629336
0.0618299
0.0607551
0.0597077
0.0586862
0.0576895
0.0567163
0.0557656
0.0548362
0.0539274
0.0530385
0.0521689
0.0513185
0.0504873
0.0496758
0.048885
0.0481165
0.047373
0.0466583
0.0459775
0.0453383
0.0447507
0.0442286
0.0437909
0.0434632
0.0432788
0.961692
0.892185
0.829085
0.771728
0.719523
0.671944
0.628523
0.588843
0.552532
0.519257
0.488724
0.460666
0.434848
0.411059
0.389107
0.368825
0.350058
0.332671
0.316541
0.301557
0.287619
0.274637
0.262532
0.251228
0.240661
0.23077
0.221502
0.212806
0.204639
0.196959
0.189729
0.182916
0.17649
0.170421
0.164685
0.159257
0.154116
0.149243
0.144619
0.140227
0.136053
0.132082
0.128301
0.124698
0.121261
0.117982
0.114849
0.111854
0.10899
0.106247
0.10362
0.101102
0.0986863
0.0963674
0.0941399
0.091999
0.0899399
0.0879582
0.0860499
0.084211
0.0824381
0.0807277
0.0790765
0.0774817
0.0759403
0.0744497
0.0730073
0.0716107
0.0702576
0.068946
0.0676736
0.0664385
0.065239
0.0640731
0.0629393
0.0618358
0.0607612
0.059714
0.0586928
0.0576964
0.0567235
0.055773
0.0548439
0.0539354
0.0530467
0.0521775
0.0513273
0.0504964
0.0496851
0.0488945
0.0481263
0.047383
0.0466684
0.0459878
0.0453486
0.044761
0.0442389
0.0438013
0.0434735
0.0432891
0.961692
0.892185
0.829085
0.771728
0.719523
0.671944
0.628523
0.588843
0.552532
0.519257
0.488724
0.460666
0.434848
0.411059
0.389108
0.368825
0.350059
0.332672
0.316541
0.301557
0.287619
0.274638
0.262532
0.251229
0.240662
0.230771
0.221503
0.212807
0.204639
0.19696
0.18973
0.182917
0.176491
0.170422
0.164686
0.159258
0.154117
0.149244
0.14462
0.140229
0.136055
0.132084
0.128303
0.124699
0.121263
0.117984
0.114851
0.111856
0.108992
0.10625
0.103623
0.101105
0.0986889
0.0963701
0.0941428
0.092002
0.0899429
0.0879614
0.0860532
0.0842145
0.0824417
0.0807314
0.0790804
0.0774857
0.0759444
0.074454
0.0730117
0.0716153
0.0702624
0.0689509
0.0676787
0.0664438
0.0652445
0.0640788
0.0629452
0.061842
0.0607676
0.0597207
0.0586998
0.0577036
0.0567309
0.0557807
0.0548519
0.0539437
0.0530553
0.0521864
0.0513365
0.0505059
0.0496949
0.0489045
0.0481365
0.0473934
0.046679
0.0459985
0.0453594
0.0447719
0.0442498
0.0438121
0.0434843
0.0432998
0.961692
0.892185
0.829085
0.771728
0.719523
0.671944
0.628523
0.588843
0.552532
0.519257
0.488724
0.460666
0.434849
0.411059
0.389108
0.368825
0.350059
0.332672
0.316542
0.301558
0.28762
0.274638
0.262533
0.251229
0.240662
0.230772
0.221503
0.212808
0.20464
0.19696
0.189731
0.182919
0.176492
0.170423
0.164687
0.159259
0.154119
0.149246
0.144622
0.14023
0.136056
0.132085
0.128304
0.124701
0.121265
0.117986
0.114853
0.111859
0.108994
0.106252
0.103625
0.101107
0.0986917
0.096373
0.0941458
0.092005
0.0899461
0.0879647
0.0860566
0.084218
0.0824454
0.0807352
0.0790844
0.0774898
0.0759487
0.0744584
0.0730163
0.0716201
0.0702674
0.068956
0.067684
0.0664494
0.0652502
0.0640848
0.0629514
0.0618484
0.0607743
0.0597276
0.058707
0.0577111
0.0567387
0.0557888
0.0548603
0.0539523
0.0530643
0.0521956
0.0513461
0.0505157
0.049705
0.0489149
0.0481472
0.0474043
0.04669
0.0460097
0.0453707
0.0447832
0.0442611
0.0438234
0.0434955
0.043311
0.961692
0.892185
0.829085
0.771728
0.719523
0.671944
0.628523
0.588843
0.552532
0.519257
0.488724
0.460666
0.434849
0.411059
0.389108
0.368825
0.350059
0.332672
0.316542
0.301558
0.28762
0.274639
0.262533
0.25123
0.240663
0.230772
0.221504
0.212809
0.204641
0.196961
0.189732
0.18292
0.176493
0.170425
0.164688
0.159261
0.15412
0.149247
0.144623
0.140232
0.136058
0.132087
0.128306
0.124703
0.121267
0.117988
0.114855
0.111861
0.108997
0.106255
0.103628
0.10111
0.0986945
0.0963759
0.0941488
0.0920082
0.0899494
0.0879681
0.0860602
0.0842217
0.0824492
0.0807392
0.0790885
0.0774941
0.0759531
0.074463
0.0730211
0.071625
0.0702725
0.0689613
0.0676895
0.0664551
0.0652562
0.064091
0.0629578
0.061855
0.0607812
0.0597348
0.0587144
0.0577188
0.0567467
0.0557971
0.0548689
0.0539613
0.0530735
0.0522052
0.051356
0.0505259
0.0497155
0.0489257
0.0481582
0.0474155
0.0467014
0.0460212
0.0453823
0.0447949
0.0442728
0.0438351
0.0435072
0.0433226
0.961692
0.892185
0.829085
0.771728
0.719523
0.671944
0.628523
0.588843
0.552532
0.519257
0.488724
0.460667
0.434849
0.411059
0.389108
0.368826
0.350059
0.332673
0.316543
0.301558
0.287621
0.274639
0.262534
0.251231
0.240664
0.230773
0.221505
0.212809
0.204642
0.196962
0.189733
0.182921
0.176494
0.170426
0.164689
0.159262
0.154122
0.149249
0.144625
0.140234
0.13606
0.132089
0.128308
0.124705
0.121269
0.11799
0.114858
0.111863
0.108999
0.106257
0.103631
0.101113
0.0986974
0.0963789
0.094152
0.0920115
0.0899528
0.0879716
0.0860638
0.0842255
0.0824531
0.0807432
0.0790927
0.0774984
0.0759577
0.0744677
0.073026
0.0716301
0.0702777
0.0689668
0.0676952
0.0664609
0.0652622
0.0640973
0.0629643
0.0618618
0.0607883
0.0597421
0.058722
0.0577267
0.0567549
0.0558056
0.0548777
0.0539704
0.053083
0.052215
0.0513661
0.0505363
0.0497262
0.0489367
0.0481694
0.047427
0.0467131
0.046033
0.0453943
0.0448069
0.0442849
0.0438471
0.0435192
0.0433345
0.961692
0.892185
0.829085
0.771728
0.719523
0.671944
0.628523
0.588843
0.552532
0.519258
0.488724
0.460667
0.434849
0.411059
0.389108
0.368826
0.35006
0.332673
0.316543
0.301559
0.287621
0.27464
0.262534
0.251231
0.240664
0.230774
0.221506
0.21281
0.204643
0.196963
0.189734
0.182922
0.176495
0.170427
0.164691
0.159263
0.154123
0.14925
0.144627
0.140235
0.136062
0.132091
0.12831
0.124707
0.121272
0.117992
0.11486
0.111866
0.109002
0.10626
0.103633
0.101116
0.0987004
0.096382
0.0941551
0.0920148
0.0899563
0.0879752
0.0860675
0.0842293
0.0824571
0.0807474
0.079097
0.0775029
0.0759623
0.0744725
0.0730309
0.0716352
0.0702831
0.0689723
0.0677009
0.0664669
0.0652684
0.0641037
0.062971
0.0618688
0.0607954
0.0597496
0.0587298
0.0577347
0.0567633
0.0558142
0.0548867
0.0539797
0.0530927
0.052225
0.0513764
0.0505469
0.0497371
0.0489479
0.0481809
0.0474387
0.046725
0.0460451
0.0454064
0.0448192
0.0442972
0.0438594
0.0435314
0.0433467
0.961692
0.892185
0.829085
0.771728
0.719523
0.671944
0.628523
0.588843
0.552532
0.519258
0.488724
0.460667
0.434849
0.41106
0.389109
0.368826
0.35006
0.332673
0.316543
0.301559
0.287621
0.27464
0.262535
0.251232
0.240665
0.230775
0.221506
0.212811
0.204644
0.196964
0.189735
0.182923
0.176497
0.170428
0.164692
0.159265
0.154124
0.149252
0.144628
0.140237
0.136063
0.132093
0.128312
0.124709
0.121274
0.117994
0.114862
0.111868
0.109004
0.106262
0.103636
0.101118
0.0987034
0.0963851
0.0941584
0.0920181
0.0899597
0.0879788
0.0860713
0.0842333
0.0824612
0.0807516
0.0791013
0.0775074
0.075967
0.0744773
0.073036
0.0716404
0.0702885
0.0689779
0.0677067
0.066473
0.0652747
0.0641102
0.0629778
0.0618758
0.0608027
0.0597571
0.0587376
0.0577429
0.0567717
0.055823
0.0548958
0.0539892
0.0531024
0.0522351
0.0513868
0.0505577
0.0497482
0.0489593
0.0481925
0.0474506
0.0467371
0.0460574
0.0454188
0.0448316
0.0443096
0.0438719
0.0435438
0.0433591
0.961692
0.892185
0.829085
0.771728
0.719523
0.671944
0.628523
0.588843
0.552532
0.519258
0.488724
0.460667
0.434849
0.41106
0.389109
0.368826
0.35006
0.332674
0.316544
0.30156
0.287622
0.274641
0.262535
0.251232
0.240666
0.230775
0.221507
0.212812
0.204645
0.196965
0.189736
0.182924
0.176498
0.170429
0.164693
0.159266
0.154126
0.149253
0.14463
0.140239
0.136065
0.132095
0.128314
0.124712
0.121276
0.117997
0.114865
0.111871
0.109007
0.106265
0.103639
0.101121
0.0987064
0.0963883
0.0941616
0.0920215
0.0899633
0.0879825
0.0860751
0.0842372
0.0824652
0.0807558
0.0791057
0.077512
0.0759717
0.0744822
0.073041
0.0716457
0.0702939
0.0689836
0.0677126
0.0664791
0.065281
0.0641168
0.0629846
0.0618829
0.0608101
0.0597648
0.0587455
0.0577511
0.0567803
0.0558319
0.054905
0.0539987
0.0531123
0.0522453
0.0513973
0.0505686
0.0497594
0.0489707
0.0482043
0.0474626
0.0467493
0.0460698
0.0454313
0.0448442
0.0443222
0.0438845
0.0435564
0.0433716
0.961692
0.892185
0.829085
0.771728
0.719523
0.671944
0.628523
0.588843
0.552532
0.519258
0.488724
0.460667
0.434849
0.41106
0.389109
0.368827
0.350061
0.332674
0.316544
0.30156
0.287622
0.274641
0.262536
0.251233
0.240666
0.230776
0.221508
0.212813
0.204646
0.196966
0.189737
0.182925
0.176499
0.170431
0.164695
0.159267
0.154127
0.149255
0.144631
0.140241
0.136067
0.132097
0.128316
0.124714
0.121278
0.117999
0.114867
0.111873
0.109009
0.106268
0.103642
0.101124
0.0987094
0.0963914
0.0941649
0.0920249
0.0899668
0.0879861
0.0860789
0.0842411
0.0824693
0.0807601
0.0791101
0.0775165
0.0759764
0.0744872
0.0730461
0.071651
0.0702994
0.0689893
0.0677185
0.0664852
0.0652874
0.0641234
0.0629914
0.06189
0.0608175
0.0597724
0.0587535
0.0577594
0.0567888
0.0558408
0.0549142
0.0540083
0.0531222
0.0522555
0.0514079
0.0505795
0.0497706
0.0489823
0.0482161
0.0474746
0.0467616
0.0460822
0.0454439
0.0448568
0.0443349
0.0438971
0.043569
0.0433842
0.961692
0.892185
0.829085
0.771728
0.719523
0.671944
0.628523
0.588843
0.552532
0.519258
0.488724
0.460667
0.434849
0.41106
0.389109
0.368827
0.350061
0.332674
0.316544
0.30156
0.287623
0.274642
0.262536
0.251234
0.240667
0.230777
0.221509
0.212814
0.204647
0.196967
0.189738
0.182926
0.1765
0.170432
0.164696
0.159269
0.154129
0.149256
0.144633
0.140242
0.136069
0.132098
0.128318
0.124716
0.12128
0.118001
0.114869
0.111876
0.109012
0.106271
0.103645
0.101127
0.0987125
0.0963946
0.0941682
0.0920283
0.0899703
0.0879898
0.0860827
0.0842451
0.0824734
0.0807643
0.0791146
0.0775211
0.0759812
0.0744921
0.0730512
0.0716563
0.0703049
0.068995
0.0677244
0.0664913
0.0652937
0.06413
0.0629983
0.0618971
0.0608248
0.0597801
0.0587614
0.0577676
0.0567974
0.0558497
0.0549234
0.0540178
0.0531321
0.0522657
0.0514185
0.0505904
0.0497818
0.0489938
0.0482279
0.0474867
0.0467739
0.0460947
0.0454565
0.0448695
0.0443477
0.0439099
0.0435817
0.0433968
0.961692
0.892185
0.829085
0.771728
0.719523
0.671944
0.628523
0.588843
0.552532
0.519258
0.488724
0.460667
0.43485
0.41106
0.389109
0.368827
0.350061
0.332675
0.316545
0.301561
0.287623
0.274642
0.262537
0.251234
0.240668
0.230777
0.221509
0.212814
0.204647
0.196968
0.189739
0.182927
0.176501
0.170433
0.164697
0.15927
0.15413
0.149258
0.144635
0.140244
0.136071
0.1321
0.12832
0.124718
0.121282
0.118003
0.114872
0.111878
0.109014
0.106273
0.103647
0.10113
0.0987155
0.0963977
0.0941715
0.0920317
0.0899739
0.0879935
0.0860865
0.084249
0.0824775
0.0807686
0.0791189
0.0775257
0.0759859
0.074497
0.0730563
0.0716615
0.0703104
0.0690007
0.0677303
0.0664974
0.0653001
0.0641365
0.0630051
0.0619042
0.0608322
0.0597877
0.0587694
0.0577758
0.0568059
0.0558585
0.0549326
0.0540273
0.0531419
0.0522759
0.051429
0.0506012
0.049793
0.0490053
0.0482397
0.0474987
0.0467861
0.0461071
0.0454691
0.0448822
0.0443604
0.0439226
0.0435943
0.0434094
0.961692
0.892185
0.829085
0.771728
0.719523
0.671944
0.628523
0.588843
0.552532
0.519258
0.488724
0.460667
0.43485
0.41106
0.389109
0.368827
0.350061
0.332675
0.316545
0.301561
0.287624
0.274643
0.262537
0.251235
0.240668
0.230778
0.22151
0.212815
0.204648
0.196969
0.18974
0.182928
0.176502
0.170434
0.164699
0.159272
0.154132
0.149259
0.144636
0.140246
0.136072
0.132102
0.128322
0.12472
0.121284
0.118006
0.114874
0.11188
0.109017
0.106276
0.10365
0.101133
0.0987185
0.0964008
0.0941747
0.0920351
0.0899774
0.0879971
0.0860902
0.0842529
0.0824816
0.0807728
0.0791233
0.0775302
0.0759906
0.0745018
0.0730614
0.0716668
0.0703158
0.0690063
0.0677362
0.0665035
0.0653064
0.0641431
0.0630119
0.0619112
0.0608395
0.0597953
0.0587772
0.057784
0.0568144
0.0558673
0.0549417
0.0540368
0.0531517
0.0522861
0.0514395
0.050612
0.0498041
0.0490167
0.0482514
0.0475107
0.0467983
0.0461195
0.0454816
0.0448948
0.044373
0.0439352
0.0436069
0.0434219
0.961692
0.892185
0.829085
0.771728
0.719523
0.671944
0.628523
0.588843
0.552532
0.519258
0.488724
0.460667
0.43485
0.41106
0.389109
0.368827
0.350061
0.332675
0.316545
0.301561
0.287624
0.274643
0.262538
0.251235
0.240669
0.230779
0.221511
0.212816
0.204649
0.19697
0.189741
0.182929
0.176503
0.170436
0.1647
0.159273
0.154133
0.149261
0.144638
0.140247
0.136074
0.132104
0.128324
0.124722
0.121287
0.118008
0.114876
0.111883
0.10902
0.106278
0.103653
0.101136
0.0987214
0.0964039
0.0941779
0.0920384
0.0899808
0.0880007
0.086094
0.0842568
0.0824856
0.0807769
0.0791276
0.0775347
0.0759952
0.0745066
0.0730663
0.0716719
0.0703212
0.0690118
0.0677419
0.0665094
0.0653126
0.0641495
0.0630186
0.0619181
0.0608467
0.0598028
0.058785
0.0577921
0.0568228
0.055876
0.0549508
0.0540461
0.0531614
0.0522961
0.0514498
0.0506227
0.0498151
0.049028
0.048263
0.0475226
0.0468104
0.0461317
0.045494
0.0449073
0.0443855
0.0439477
0.0436194
0.0434344
0.961692
0.892185
0.829085
0.771728
0.719523
0.671944
0.628523
0.588843
0.552532
0.519258
0.488724
0.460667
0.43485
0.41106
0.38911
0.368827
0.350062
0.332675
0.316546
0.301562
0.287624
0.274644
0.262538
0.251236
0.240669
0.230779
0.221512
0.212817
0.20465
0.196971
0.189742
0.18293
0.176505
0.170437
0.164701
0.159274
0.154135
0.149262
0.144639
0.140249
0.136076
0.132106
0.128326
0.124724
0.121289
0.11801
0.114879
0.111885
0.109022
0.106281
0.103655
0.101139
0.0987243
0.0964069
0.094181
0.0920417
0.0899842
0.0880042
0.0860976
0.0842606
0.0824895
0.080781
0.0791319
0.0775391
0.0759998
0.0745114
0.0730713
0.071677
0.0703264
0.0690173
0.0677476
0.0665153
0.0653187
0.0641559
0.0630252
0.061925
0.0608538
0.0598101
0.0587927
0.0578
0.056831
0.0558846
0.0549596
0.0540553
0.053171
0.052306
0.0514601
0.0506333
0.049826
0.0490392
0.0482744
0.0475342
0.0468223
0.0461438
0.0455062
0.0449196
0.0443979
0.0439601
0.0436318
0.0434467
0.961692
0.892185
0.829085
0.771728
0.719523
0.671944
0.628523
0.588843
0.552532
0.519258
0.488724
0.460667
0.43485
0.411061
0.38911
0.368828
0.350062
0.332676
0.316546
0.301562
0.287625
0.274644
0.262539
0.251236
0.24067
0.23078
0.221512
0.212817
0.204651
0.196972
0.189743
0.182931
0.176506
0.170438
0.164702
0.159276
0.154136
0.149264
0.144641
0.140251
0.136078
0.132108
0.128328
0.124726
0.121291
0.118012
0.114881
0.111888
0.109024
0.106284
0.103658
0.101141
0.0987272
0.0964099
0.0941841
0.0920449
0.0899875
0.0880077
0.0861012
0.0842643
0.0824934
0.080785
0.079136
0.0775434
0.0760043
0.074516
0.0730761
0.071682
0.0703316
0.0690227
0.0677532
0.0665211
0.0653247
0.0641621
0.0630316
0.0619317
0.0608608
0.0598174
0.0588002
0.0578078
0.0568391
0.055893
0.0549684
0.0540644
0.0531803
0.0523157
0.0514701
0.0506436
0.0498367
0.0490501
0.0482857
0.0475457
0.046834
0.0461557
0.0455183
0.0449317
0.0444101
0.0439723
0.0436439
0.0434588
0.961692
0.892185
0.829085
0.771728
0.719523
0.671944
0.628523
0.588843
0.552532
0.519258
0.488724
0.460667
0.43485
0.411061
0.38911
0.368828
0.350062
0.332676
0.316546
0.301562
0.287625
0.274644
0.262539
0.251237
0.24067
0.230781
0.221513
0.212818
0.204652
0.196972
0.189744
0.182932
0.176507
0.170439
0.164703
0.159277
0.154137
0.149265
0.144642
0.140252
0.136079
0.132109
0.128329
0.124728
0.121293
0.118014
0.114883
0.11189
0.109027
0.106286
0.103661
0.101144
0.09873
0.0964128
0.0941872
0.092048
0.0899908
0.0880111
0.0861047
0.084268
0.0824972
0.080789
0.0791401
0.0775476
0.0760087
0.0745206
0.0730808
0.0716869
0.0703367
0.069028
0.0677586
0.0665268
0.0653306
0.0641682
0.063038
0.0619383
0.0608676
0.0598245
0.0588075
0.0578155
0.0568471
0.0559012
0.0549769
0.0540732
0.0531895
0.0523252
0.0514799
0.0506538
0.0498471
0.0490609
0.0482967
0.047557
0.0468455
0.0461674
0.0455301
0.0449437
0.044422
0.0439842
0.0436558
0.0434707
0.961692
0.892185
0.829085
0.771728
0.719523
0.671944
0.628523
0.588843
0.552532
0.519258
0.488725
0.460667
0.43485
0.411061
0.38911
0.368828
0.350062
0.332676
0.316546
0.301563
0.287625
0.274645
0.26254
0.251237
0.240671
0.230781
0.221514
0.212819
0.204652
0.196973
0.189745
0.182933
0.176508
0.17044
0.164705
0.159278
0.154139
0.149267
0.144644
0.140254
0.136081
0.132111
0.128331
0.124729
0.121295
0.118016
0.114885
0.111892
0.109029
0.106288
0.103663
0.101147
0.0987327
0.0964156
0.0941901
0.0920511
0.089994
0.0880144
0.0861082
0.0842715
0.0825009
0.0807928
0.0791441
0.0775518
0.076013
0.074525
0.0730854
0.0716917
0.0703417
0.0690331
0.067764
0.0665323
0.0653363
0.0641741
0.0630441
0.0619447
0.0608743
0.0598314
0.0588147
0.0578229
0.0568548
0.0559093
0.0549852
0.0540819
0.0531985
0.0523344
0.0514895
0.0506637
0.0498573
0.0490714
0.0483075
0.047568
0.0468567
0.0461788
0.0455416
0.0449553
0.0444337
0.0439959
0.0436675
0.0434823
0.961692
0.892185
0.829085
0.771728
0.719523
0.671944
0.628523
0.588843
0.552532
0.519258
0.488725
0.460667
0.43485
0.411061
0.38911
0.368828
0.350062
0.332676
0.316547
0.301563
0.287626
0.274645
0.26254
0.251238
0.240671
0.230782
0.221514
0.212819
0.204653
0.196974
0.189746
0.182934
0.176509
0.170441
0.164706
0.159279
0.15414
0.149268
0.144645
0.140255
0.136082
0.132113
0.128333
0.124731
0.121296
0.118018
0.114887
0.111894
0.109031
0.106291
0.103666
0.101149
0.0987354
0.0964184
0.094193
0.0920541
0.0899971
0.0880176
0.0861115
0.084275
0.0825045
0.0807965
0.079148
0.0775558
0.0760171
0.0745293
0.0730899
0.0716964
0.0703465
0.0690381
0.0677692
0.0665377
0.0653419
0.0641799
0.0630501
0.0619509
0.0608807
0.0598381
0.0588217
0.0578302
0.0568624
0.0559171
0.0549934
0.0540903
0.0532072
0.0523435
0.0514988
0.0506733
0.0498673
0.0490816
0.048318
0.0475788
0.0468677
0.04619
0.0455529
0.0449667
0.0444451
0.0440073
0.0436789
0.0434936
0.961692
0.892185
0.829085
0.771728
0.719523
0.671944
0.628523
0.588843
0.552532
0.519258
0.488725
0.460668
0.43485
0.411061
0.38911
0.368828
0.350063
0.332676
0.316547
0.301563
0.287626
0.274645
0.262541
0.251238
0.240672
0.230782
0.221515
0.21282
0.204654
0.196975
0.189747
0.182935
0.17651
0.170442
0.164707
0.15928
0.154141
0.149269
0.144647
0.140257
0.136084
0.132114
0.128335
0.124733
0.121298
0.11802
0.114889
0.111896
0.109033
0.106293
0.103668
0.101152
0.0987379
0.0964211
0.0941957
0.092057
0.0900001
0.0880207
0.0861147
0.0842784
0.082508
0.0808001
0.0791517
0.0775597
0.0760212
0.0745335
0.0730942
0.0717008
0.0703511
0.0690429
0.0677742
0.0665429
0.0653473
0.0641855
0.063056
0.061957
0.060887
0.0598446
0.0588285
0.0578372
0.0568696
0.0559247
0.0550012
0.0540985
0.0532156
0.0523522
0.0515079
0.0506826
0.0498769
0.0490915
0.0483281
0.0475892
0.0468783
0.0462008
0.0455638
0.0449777
0.0444562
0.0440184
0.0436899
0.0435046
0.961692
0.892185
0.829085
0.771728
0.719523
0.671944
0.628523
0.588843
0.552532
0.519258
0.488725
0.460668
0.43485
0.411061
0.38911
0.368828
0.350063
0.332677
0.316547
0.301563
0.287626
0.274646
0.262541
0.251239
0.240672
0.230783
0.221515
0.212821
0.204654
0.196976
0.189747
0.182936
0.17651
0.170443
0.164708
0.159281
0.154142
0.14927
0.144648
0.140258
0.136085
0.132116
0.128336
0.124735
0.1213
0.118022
0.114891
0.111898
0.109036
0.106295
0.10367
0.101154
0.0987404
0.0964236
0.0941984
0.0920597
0.090003
0.0880237
0.0861179
0.0842816
0.0825113
0.0808036
0.0791553
0.0775634
0.076025
0.0745376
0.0730984
0.0717052
0.0703556
0.0690476
0.067779
0.0665479
0.0653525
0.064191
0.0630616
0.0619628
0.0608931
0.0598509
0.058835
0.057844
0.0568767
0.055932
0.0550088
0.0541063
0.0532238
0.0523607
0.0515166
0.0506917
0.0498862
0.0491011
0.048338
0.0475993
0.0468886
0.0462112
0.0455744
0.0449884
0.0444669
0.0440291
0.0437006
0.0435153
0.961692
0.892185
0.829084
0.771728
0.719523
0.671944
0.628523
0.588843
0.552532
0.519258
0.488725
0.460668
0.43485
0.411061
0.38911
0.368828
0.350063
0.332677
0.316547
0.301564
0.287627
0.274646
0.262541
0.251239
0.240673
0.230783
0.221516
0.212821
0.204655
0.196976
0.189748
0.182937
0.176511
0.170444
0.164709
0.159282
0.154143
0.149271
0.144649
0.140259
0.136087
0.132117
0.128338
0.124736
0.121302
0.118024
0.114893
0.1119
0.109038
0.106297
0.103672
0.101156
0.0987428
0.0964261
0.094201
0.0920624
0.0900057
0.0880266
0.0861209
0.0842847
0.0825145
0.080807
0.0791588
0.077567
0.0760288
0.0745414
0.0731024
0.0717094
0.07036
0.0690521
0.0677837
0.0665528
0.0653575
0.0641962
0.063067
0.0619684
0.0608989
0.059857
0.0588413
0.0578505
0.0568835
0.055939
0.0550161
0.0541139
0.0532317
0.0523688
0.0515251
0.0507004
0.0498952
0.0491104
0.0483475
0.047609
0.0468985
0.0462213
0.0455846
0.0449987
0.0444773
0.0440395
0.0437109
0.0435255
0.961692
0.892185
0.829084
0.771728
0.719523
0.671944
0.628523
0.588843
0.552532
0.519258
0.488725
0.460668
0.43485
0.411061
0.389111
0.368829
0.350063
0.332677
0.316547
0.301564
0.287627
0.274646
0.262542
0.251239
0.240673
0.230784
0.221516
0.212822
0.204656
0.196977
0.189749
0.182937
0.176512
0.170445
0.16471
0.159283
0.154144
0.149273
0.14465
0.14026
0.136088
0.132119
0.128339
0.124738
0.121303
0.118025
0.114895
0.111902
0.10904
0.106299
0.103675
0.101159
0.098745
0.0964285
0.0942034
0.092065
0.0900084
0.0880294
0.0861237
0.0842877
0.0825176
0.0808102
0.0791621
0.0775705
0.0760324
0.0745452
0.0731063
0.0717134
0.0703641
0.0690564
0.0677881
0.0665574
0.0653623
0.0642012
0.0630722
0.0619738
0.0609045
0.0598628
0.0588473
0.0578568
0.05689
0.0559458
0.0550231
0.0541212
0.0532392
0.0523766
0.0515331
0.0507087
0.0499038
0.0491192
0.0483566
0.0476183
0.046908
0.046231
0.0455944
0.0450085
0.0444872
0.0440494
0.0437208
0.0435354
0.961692
0.892185
0.829084
0.771728
0.719523
0.671944
0.628523
0.588843
0.552532
0.519258
0.488725
0.460668
0.43485
0.411061
0.389111
0.368829
0.350063
0.332677
0.316548
0.301564
0.287627
0.274647
0.262542
0.25124
0.240674
0.230784
0.221517
0.212822
0.204656
0.196978
0.189749
0.182938
0.176513
0.170446
0.164711
0.159284
0.154145
0.149274
0.144651
0.140262
0.136089
0.13212
0.128341
0.124739
0.121305
0.118027
0.114896
0.111904
0.109041
0.106301
0.103677
0.101161
0.0987472
0.0964307
0.0942058
0.0920674
0.0900109
0.088032
0.0861265
0.0842905
0.0825206
0.0808132
0.0791653
0.0775738
0.0760358
0.0745487
0.07311
0.0717172
0.0703681
0.0690605
0.0677924
0.0665618
0.0653669
0.0642059
0.0630771
0.0619789
0.0609098
0.0598683
0.0588531
0.0578628
0.0568962
0.0559522
0.0550298
0.0541281
0.0532464
0.0523841
0.0515409
0.0507167
0.049912
0.0491277
0.0483653
0.0476272
0.0469171
0.0462402
0.0456038
0.045018
0.0444967
0.0440589
0.0437303
0.0435449
0.961692
0.892184
0.829084
0.771728
0.719523
0.671944
0.628523
0.588843
0.552532
0.519258
0.488725
0.460668
0.43485
0.411061
0.389111
0.368829
0.350063
0.332677
0.316548
0.301564
0.287627
0.274647
0.262542
0.25124
0.240674
0.230785
0.221517
0.212823
0.204657
0.196978
0.18975
0.182939
0.176514
0.170446
0.164711
0.159285
0.154146
0.149275
0.144652
0.140263
0.13609
0.132121
0.128342
0.124741
0.121306
0.118029
0.114898
0.111906
0.109043
0.106303
0.103678
0.101163
0.0987493
0.0964329
0.094208
0.0920697
0.0900134
0.0880345
0.0861291
0.0842932
0.0825234
0.0808162
0.0791683
0.0775769
0.076039
0.0745521
0.0731135
0.0717208
0.0703718
0.0690644
0.0677965
0.066566
0.0653713
0.0642104
0.0630818
0.0619838
0.0609149
0.0598736
0.0588586
0.0578685
0.0569021
0.0559583
0.0550362
0.0541347
0.0532533
0.0523912
0.0515482
0.0507243
0.0499199
0.0491358
0.0483736
0.0476357
0.0469258
0.046249
0.0456128
0.045027
0.0445058
0.044068
0.0437394
0.0435539
0.961692
0.892184
0.829084
0.771728
0.719523
0.671944
0.628523
0.588843
0.552532
0.519258
0.488725
0.460668
0.434851
0.411061
0.389111
0.368829
0.350063
0.332677
0.316548
0.301565
0.287628
0.274647
0.262543
0.25124
0.240674
0.230785
0.221518
0.212823
0.204657
0.196979
0.189751
0.182939
0.176514
0.170447
0.164712
0.159286
0.154147
0.149276
0.144653
0.140264
0.136091
0.132122
0.128343
0.124742
0.121308
0.11803
0.114899
0.111907
0.109045
0.106305
0.10368
0.101164
0.0987512
0.0964349
0.0942101
0.0920719
0.0900156
0.0880369
0.0861315
0.0842958
0.082526
0.0808189
0.0791712
0.0775799
0.0760421
0.0745553
0.0731168
0.0717242
0.0703754
0.0690681
0.0678003
0.06657
0.0653754
0.0642147
0.0630863
0.0619884
0.0609197
0.0598786
0.0588637
0.0578738
0.0569077
0.0559642
0.0550422
0.054141
0.0532597
0.0523979
0.0515552
0.0507315
0.0499273
0.0491434
0.0483814
0.0476437
0.046934
0.0462574
0.0456212
0.0450356
0.0445144
0.0440766
0.043748
0.0435624
0.961692
0.892184
0.829084
0.771728
0.719523
0.671944
0.628523
0.588843
0.552532
0.519258
0.488725
0.460668
0.434851
0.411061
0.389111
0.368829
0.350063
0.332677
0.316548
0.301565
0.287628
0.274647
0.262543
0.251241
0.240675
0.230785
0.221518
0.212824
0.204658
0.196979
0.189751
0.18294
0.176515
0.170448
0.164713
0.159287
0.154148
0.149277
0.144654
0.140265
0.136093
0.132123
0.128344
0.124743
0.121309
0.118031
0.114901
0.111909
0.109046
0.106306
0.103682
0.101166
0.0987531
0.0964368
0.0942121
0.092074
0.0900178
0.0880391
0.0861338
0.0842982
0.0825285
0.0808215
0.0791739
0.0775826
0.076045
0.0745583
0.0731199
0.0717275
0.0703787
0.0690716
0.0678039
0.0665737
0.0653793
0.0642188
0.0630905
0.0619928
0.0609242
0.0598833
0.0588686
0.0578789
0.0569129
0.0559696
0.0550479
0.0541469
0.0532659
0.0524042
0.0515617
0.0507383
0.0499343
0.0491506
0.0483888
0.0476513
0.0469418
0.0462653
0.0456292
0.0450436
0.0445225
0.0440847
0.0437561
0.0435705
0.961692
0.892184
0.829084
0.771727
0.719523
0.671944
0.628523
0.588843
0.552532
0.519258
0.488725
0.460668
0.434851
0.411061
0.389111
0.368829
0.350064
0.332678
0.316548
0.301565
0.287628
0.274648
0.262543
0.251241
0.240675
0.230786
0.221518
0.212824
0.204658
0.19698
0.189752
0.182941
0.176516
0.170448
0.164714
0.159288
0.154149
0.149277
0.144655
0.140266
0.136094
0.132124
0.128345
0.124744
0.12131
0.118033
0.114902
0.11191
0.109048
0.106308
0.103684
0.101168
0.0987548
0.0964386
0.094214
0.0920759
0.0900198
0.0880412
0.086136
0.0843004
0.0825309
0.0808239
0.0791764
0.0775853
0.0760477
0.0745611
0.0731228
0.0717305
0.0703819
0.0690748
0.0678073
0.0665772
0.0653829
0.0642225
0.0630944
0.0619968
0.0609284
0.0598877
0.0588732
0.0578836
0.0569179
0.0559747
0.0550532
0.0541524
0.0532716
0.0524102
0.0515679
0.0507446
0.0499408
0.0491574
0.0483958
0.0476584
0.046949
0.0462727
0.0456367
0.0450512
0.0445301
0.0440923
0.0437637
0.0435781
0.961692
0.892184
0.829084
0.771727
0.719523
0.671944
0.628523
0.588843
0.552532
0.519258
0.488725
0.460668
0.434851
0.411062
0.389111
0.368829
0.350064
0.332678
0.316548
0.301565
0.287628
0.274648
0.262543
0.251241
0.240675
0.230786
0.221519
0.212825
0.204659
0.19698
0.189752
0.182941
0.176516
0.170449
0.164714
0.159288
0.154149
0.149278
0.144656
0.140267
0.136094
0.132125
0.128346
0.124745
0.121311
0.118034
0.114903
0.111911
0.109049
0.106309
0.103685
0.101169
0.0987564
0.0964402
0.0942157
0.0920777
0.0900216
0.0880431
0.086138
0.0843025
0.082533
0.0808262
0.0791787
0.0775877
0.0760502
0.0745637
0.0731255
0.0717333
0.0703848
0.0690778
0.0678104
0.0665805
0.0653863
0.064226
0.063098
0.0620006
0.0609324
0.0598917
0.0588774
0.057888
0.0569224
0.0559795
0.0550581
0.0541575
0.0532769
0.0524157
0.0515736
0.0507505
0.0499469
0.0491637
0.0484022
0.0476651
0.0469558
0.0462796
0.0456437
0.0450583
0.0445372
0.0440994
0.0437707
0.0435851
0.961692
0.892184
0.829084
0.771727
0.719523
0.671944
0.628523
0.588843
0.552532
0.519258
0.488725
0.460668
0.434851
0.411062
0.389111
0.368829
0.350064
0.332678
0.316548
0.301565
0.287628
0.274648
0.262543
0.251241
0.240676
0.230786
0.221519
0.212825
0.204659
0.196981
0.189753
0.182942
0.176517
0.17045
0.164715
0.159289
0.15415
0.149279
0.144657
0.140267
0.136095
0.132126
0.128347
0.124746
0.121312
0.118035
0.114905
0.111912
0.10905
0.106311
0.103686
0.101171
0.0987578
0.0964418
0.0942173
0.0920794
0.0900234
0.0880449
0.0861399
0.0843044
0.082535
0.0808282
0.0791809
0.0775899
0.0760525
0.0745661
0.073128
0.0717359
0.0703875
0.0690806
0.0678133
0.0665835
0.0653894
0.0642293
0.0631014
0.0620041
0.060936
0.0598955
0.0588813
0.0578921
0.0569267
0.0559839
0.0550627
0.0541623
0.0532818
0.0524208
0.0515788
0.050756
0.0499526
0.0491695
0.0484082
0.0476712
0.046962
0.0462859
0.0456501
0.0450648
0.0445437
0.044106
0.0437773
0.0435916
0.961692
0.892184
0.829084
0.771727
0.719523
0.671944
0.628523
0.588843
0.552532
0.519258
0.488725
0.460668
0.434851
0.411062
0.389111
0.368829
0.350064
0.332678
0.316549
0.301565
0.287628
0.274648
0.262544
0.251242
0.240676
0.230787
0.221519
0.212825
0.204659
0.196981
0.189753
0.182942
0.176517
0.17045
0.164715
0.15929
0.154151
0.14928
0.144658
0.140268
0.136096
0.132127
0.128348
0.124747
0.121313
0.118036
0.114906
0.111913
0.109051
0.106312
0.103688
0.101172
0.0987592
0.0964432
0.0942187
0.0920809
0.0900249
0.0880465
0.0861416
0.0843062
0.0825369
0.0808301
0.0791828
0.0775919
0.0760546
0.0745683
0.0731302
0.0717382
0.0703899
0.0690832
0.0678159
0.0665862
0.0653922
0.0642322
0.0631044
0.0620073
0.0609393
0.0598989
0.0588849
0.0578958
0.0569305
0.0559879
0.0550669
0.0541666
0.0532863
0.0524254
0.0515837
0.050761
0.0499577
0.0491748
0.0484137
0.0476768
0.0469678
0.0462918
0.0456561
0.0450708
0.0445497
0.044112
0.0437833
0.0435976
0.961692
0.892184
0.829084
0.771727
0.719523
0.671944
0.628523
0.588843
0.552532
0.519258
0.488725
0.460668
0.434851
0.411062
0.389111
0.368829
0.350064
0.332678
0.316549
0.301565
0.287629
0.274648
0.262544
0.251242
0.240676
0.230787
0.22152
0.212826
0.20466
0.196981
0.189753
0.182942
0.176518
0.170451
0.164716
0.15929
0.154151
0.14928
0.144658
0.140269
0.136097
0.132128
0.128349
0.124748
0.121314
0.118037
0.114907
0.111914
0.109052
0.106313
0.103689
0.101173
0.0987604
0.0964444
0.09422
0.0920822
0.0900263
0.088048
0.0861431
0.0843078
0.0825385
0.0808318
0.0791846
0.0775938
0.0760565
0.0745702
0.0731323
0.0717404
0.0703921
0.0690855
0.0678183
0.0665887
0.0653948
0.0642349
0.0631072
0.0620102
0.0609423
0.059902
0.0588881
0.0578992
0.056934
0.0559915
0.0550706
0.0541705
0.0532904
0.0524297
0.051588
0.0507655
0.0499624
0.0491796
0.0484186
0.0476819
0.046973
0.0462971
0.0456614
0.0450762
0.0445552
0.0441175
0.0437887
0.043603
0.961692
0.892184
0.829084
0.771727
0.719523
0.671944
0.628523
0.588843
0.552532
0.519258
0.488725
0.460668
0.434851
0.411062
0.389111
0.368829
0.350064
0.332678
0.316549
0.301566
0.287629
0.274649
0.262544
0.251242
0.240676
0.230787
0.22152
0.212826
0.20466
0.196982
0.189754
0.182943
0.176518
0.170451
0.164716
0.15929
0.154152
0.149281
0.144659
0.140269
0.136097
0.132128
0.12835
0.124749
0.121315
0.118038
0.114907
0.111915
0.109053
0.106314
0.10369
0.101174
0.0987614
0.0964455
0.0942212
0.0920834
0.0900276
0.0880493
0.0861444
0.0843092
0.08254
0.0808334
0.0791862
0.0775954
0.0760583
0.074572
0.0731341
0.0717423
0.0703941
0.0690875
0.0678204
0.0665909
0.0653971
0.0642373
0.0631097
0.0620127
0.0609449
0.0599048
0.058891
0.0579022
0.0569371
0.0559947
0.055074
0.054174
0.053294
0.0524334
0.051592
0.0507696
0.0499666
0.0491839
0.0484231
0.0476864
0.0469776
0.0463018
0.0456662
0.045081
0.0445601
0.0441224
0.0437936
0.0436079
0.961692
0.892184
0.829084
0.771727
0.719523
0.671944
0.628523
0.588843
0.552532
0.519258
0.488725
0.460668
0.434851
0.411062
0.389111
0.368829
0.350064
0.332678
0.316549
0.301566
0.287629
0.274649
0.262544
0.251242
0.240676
0.230787
0.22152
0.212826
0.20466
0.196982
0.189754
0.182943
0.176518
0.170451
0.164717
0.159291
0.154152
0.149281
0.144659
0.14027
0.136098
0.132129
0.12835
0.124749
0.121316
0.118038
0.114908
0.111916
0.109054
0.106315
0.103691
0.101175
0.0987624
0.0964465
0.0942222
0.0920845
0.0900287
0.0880504
0.0861456
0.0843104
0.0825413
0.0808347
0.0791876
0.0775969
0.0760597
0.0745736
0.0731357
0.0717439
0.0703958
0.0690893
0.0678223
0.0665928
0.0653991
0.0642393
0.0631118
0.062015
0.0609473
0.0599073
0.0588935
0.0579048
0.0569399
0.0559976
0.055077
0.0541771
0.0532972
0.0524367
0.0515954
0.0507731
0.0499703
0.0491877
0.048427
0.0476904
0.0469817
0.046306
0.0456705
0.0450853
0.0445644
0.0441267
0.0437979
0.0436122
0.961692
0.892184
0.829084
0.771727
0.719523
0.671944
0.628523
0.588843
0.552532
0.519258
0.488725
0.460668
0.434851
0.411062
0.389111
0.368829
0.350064
0.332678
0.316549
0.301566
0.287629
0.274649
0.262544
0.251242
0.240677
0.230787
0.22152
0.212826
0.20466
0.196982
0.189754
0.182943
0.176519
0.170452
0.164717
0.159291
0.154153
0.149281
0.14466
0.14027
0.136098
0.13213
0.128351
0.12475
0.121316
0.118039
0.114909
0.111917
0.109055
0.106315
0.103691
0.101176
0.0987632
0.0964474
0.0942231
0.0920854
0.0900297
0.0880514
0.0861467
0.0843115
0.0825424
0.0808358
0.0791888
0.0775981
0.076061
0.0745749
0.0731371
0.0717454
0.0703973
0.0690908
0.0678239
0.0665945
0.0654009
0.0642411
0.0631137
0.0620169
0.0609493
0.0599094
0.0588957
0.0579071
0.0569422
0.0560001
0.0550795
0.0541797
0.0533
0.0524396
0.0515984
0.0507762
0.0499735
0.049191
0.0484303
0.0476939
0.0469853
0.0463096
0.0456742
0.045089
0.0445681
0.0441304
0.0438016
0.0436159
0.961692
0.892184
0.829084
0.771727
0.719523
0.671944
0.628523
0.588843
0.552532
0.519258
0.488725
0.460668
0.434851
0.411062
0.389111
0.36883
0.350064
0.332678
0.316549
0.301566
0.287629
0.274649
0.262544
0.251242
0.240677
0.230787
0.22152
0.212826
0.204661
0.196982
0.189755
0.182944
0.176519
0.170452
0.164717
0.159292
0.154153
0.149282
0.14466
0.140271
0.136099
0.13213
0.128351
0.12475
0.121317
0.118039
0.114909
0.111917
0.109055
0.106316
0.103692
0.101177
0.0987639
0.0964481
0.0942238
0.0920862
0.0900305
0.0880523
0.0861475
0.0843124
0.0825433
0.0808368
0.0791898
0.0775991
0.0760621
0.074576
0.0731383
0.0717466
0.0703986
0.0690921
0.0678252
0.0665959
0.0654023
0.0642426
0.0631153
0.0620186
0.060951
0.0599111
0.0588975
0.057909
0.0569442
0.0560021
0.0550817
0.054182
0.0533023
0.052442
0.0516009
0.0507788
0.0499761
0.0491938
0.0484332
0.0476968
0.0469883
0.0463126
0.0456772
0.0450921
0.0445712
0.0441335
0.0438048
0.043619
0.961692
0.892184
0.829084
0.771727
0.719523
0.671944
0.628523
0.588843
0.552532
0.519258
0.488725
0.460668
0.434851
0.411062
0.389111
0.36883
0.350064
0.332678
0.316549
0.301566
0.287629
0.274649
0.262544
0.251242
0.240677
0.230788
0.221521
0.212827
0.204661
0.196982
0.189755
0.182944
0.176519
0.170452
0.164718
0.159292
0.154153
0.149282
0.14466
0.140271
0.136099
0.13213
0.128352
0.124751
0.121317
0.11804
0.11491
0.111918
0.109056
0.106316
0.103692
0.101177
0.0987644
0.0964486
0.0942244
0.0920868
0.0900311
0.0880529
0.0861482
0.0843131
0.082544
0.0808376
0.0791905
0.0776
0.076063
0.0745769
0.0731392
0.0717475
0.0703996
0.0690932
0.0678263
0.066597
0.0654035
0.0642439
0.0631165
0.0620199
0.0609523
0.0599125
0.058899
0.0579105
0.0569458
0.0560038
0.0550834
0.0541838
0.0533041
0.0524439
0.0516029
0.0507809
0.0499783
0.049196
0.0484355
0.0476992
0.0469907
0.0463151
0.0456797
0.0450947
0.0445738
0.0441361
0.0438073
0.0436215
0.961692
0.892184
0.829084
0.771727
0.719523
0.671944
0.628523
0.588843
0.552532
0.519258
0.488725
0.460668
0.434851
0.411062
0.389111
0.36883
0.350064
0.332678
0.316549
0.301566
0.287629
0.274649
0.262544
0.251243
0.240677
0.230788
0.221521
0.212827
0.204661
0.196983
0.189755
0.182944
0.176519
0.170452
0.164718
0.159292
0.154153
0.149282
0.14466
0.140271
0.136099
0.132131
0.128352
0.124751
0.121317
0.11804
0.11491
0.111918
0.109056
0.106317
0.103693
0.101177
0.0987648
0.0964491
0.0942249
0.0920873
0.0900316
0.0880534
0.0861487
0.0843136
0.0825446
0.0808381
0.0791911
0.0776006
0.0760636
0.0745776
0.0731399
0.0717482
0.0704003
0.0690939
0.0678271
0.0665979
0.0654043
0.0642448
0.0631175
0.0620208
0.0609534
0.0599136
0.0589001
0.0579117
0.056947
0.056005
0.0550847
0.0541851
0.0533055
0.0524454
0.0516044
0.0507825
0.0499799
0.0491977
0.0484372
0.047701
0.0469925
0.046317
0.0456817
0.0450966
0.0445757
0.044138
0.0438093
0.0436235
0.961692
0.892184
0.829084
0.771727
0.719523
0.671944
0.628523
0.588843
0.552532
0.519258
0.488725
0.460668
0.434851
0.411062
0.389111
0.36883
0.350064
0.332678
0.316549
0.301566
0.287629
0.274649
0.262545
0.251243
0.240677
0.230788
0.221521
0.212827
0.204661
0.196983
0.189755
0.182944
0.176519
0.170452
0.164718
0.159292
0.154153
0.149282
0.144661
0.140271
0.136099
0.132131
0.128352
0.124751
0.121317
0.11804
0.11491
0.111918
0.109056
0.106317
0.103693
0.101178
0.0987651
0.0964493
0.0942252
0.0920876
0.0900319
0.0880537
0.0861491
0.084314
0.082545
0.0808385
0.0791915
0.077601
0.076064
0.074578
0.0731404
0.0717487
0.0704008
0.0690945
0.0678276
0.0665984
0.0654049
0.0642454
0.0631181
0.0620215
0.0609541
0.0599143
0.0589009
0.0579124
0.0569478
0.0560059
0.0550856
0.054186
0.0533065
0.0524464
0.0516054
0.0507835
0.049981
0.0491988
0.0484384
0.0477022
0.0469938
0.0463183
0.045683
0.0450979
0.0445771
0.0441394
0.0438106
0.0436248
0.961692
0.892184
0.829084
0.771727
0.719523
0.671944
0.628523
0.588843
0.552532
0.519258
0.488725
0.460668
0.434851
0.411062
0.389111
0.36883
0.350064
0.332678
0.316549
0.301566
0.287629
0.274649
0.262545
0.251243
0.240677
0.230788
0.221521
0.212827
0.204661
0.196983
0.189755
0.182944
0.176519
0.170452
0.164718
0.159292
0.154154
0.149282
0.144661
0.140271
0.1361
0.132131
0.128352
0.124751
0.121318
0.11804
0.11491
0.111918
0.109057
0.106317
0.103693
0.101178
0.0987652
0.0964495
0.0942253
0.0920877
0.090032
0.0880539
0.0861492
0.0843142
0.0825451
0.0808387
0.0791917
0.0776012
0.0760642
0.0745782
0.0731406
0.071749
0.070401
0.0690947
0.0678279
0.0665987
0.0654052
0.0642457
0.0631184
0.0620218
0.0609544
0.0599147
0.0589012
0.0579128
0.0569482
0.0560063
0.055086
0.0541865
0.053307
0.0524469
0.051606
0.0507841
0.0499816
0.0491995
0.0484391
0.0477029
0.0469945
0.046319
0.0456837
0.0450987
0.0445778
0.0441401
0.0438113
0.0436255
0.961692
0.892184
0.829084
0.771727
0.719523
0.671944
0.628523
0.588843
0.552532
0.519258
0.488725
0.460668
0.434851
0.411062
0.389111
0.36883
0.350064
0.332678
0.316549
0.301566
0.287629
0.274649
0.262545
0.251243
0.240677
0.230788
0.221521
0.212827
0.204661
0.196983
0.189755
0.182944
0.176519
0.170452
0.164718
0.159292
0.154154
0.149282
0.144661
0.140271
0.1361
0.132131
0.128352
0.124751
0.121318
0.11804
0.11491
0.111918
0.109057
0.106317
0.103693
0.101178
0.0987652
0.0964495
0.0942253
0.0920877
0.090032
0.0880539
0.0861492
0.0843142
0.0825451
0.0808387
0.0791917
0.0776012
0.0760642
0.0745782
0.0731406
0.0717489
0.070401
0.0690947
0.0678279
0.0665987
0.0654052
0.0642457
0.0631184
0.0620218
0.0609544
0.0599147
0.0589013
0.0579129
0.0569483
0.0560063
0.0550861
0.0541866
0.0533071
0.052447
0.0516061
0.0507842
0.0499817
0.0491996
0.0484392
0.047703
0.0469946
0.0463191
0.0456838
0.0450988
0.0445779
0.0441403
0.0438115
0.0436257
0.961692
0.892184
0.829084
0.771727
0.719523
0.671944
0.628523
0.588843
0.552532
0.519258
0.488725
0.460668
0.434851
0.411062
0.389111
0.36883
0.350064
0.332678
0.316549
0.301566
0.287629
0.274649
0.262545
0.251243
0.240677
0.230788
0.221521
0.212827
0.204661
0.196983
0.189755
0.182944
0.176519
0.170452
0.164718
0.159292
0.154153
0.149282
0.144661
0.140271
0.136099
0.132131
0.128352
0.124751
0.121317
0.11804
0.11491
0.111918
0.109056
0.106317
0.103693
0.101178
0.0987651
0.0964493
0.0942251
0.0920875
0.0900319
0.0880537
0.086149
0.084314
0.0825449
0.0808385
0.0791915
0.077601
0.076064
0.074578
0.0731403
0.0717487
0.0704008
0.0690944
0.0678276
0.0665984
0.0654049
0.0642454
0.0631181
0.0620215
0.0609541
0.0599143
0.0589009
0.0579125
0.0569479
0.056006
0.0550857
0.0541862
0.0533067
0.0524466
0.0516056
0.0507838
0.0499813
0.0491991
0.0484387
0.0477025
0.0469941
0.0463186
0.0456834
0.0450983
0.0445775
0.0441398
0.043811
0.0436252
0.961692
0.892184
0.829084
0.771727
0.719523
0.671944
0.628523
0.588843
0.552532
0.519258
0.488725
0.460668
0.434851
0.411062
0.389111
0.36883
0.350064
0.332678
0.316549
0.301566
0.287629
0.274649
0.262544
0.251243
0.240677
0.230788
0.221521
0.212827
0.204661
0.196983
0.189755
0.182944
0.176519
0.170452
0.164718
0.159292
0.154153
0.149282
0.14466
0.140271
0.136099
0.13213
0.128352
0.124751
0.121317
0.11804
0.11491
0.111918
0.109056
0.106317
0.103693
0.101177
0.0987648
0.096449
0.0942248
0.0920872
0.0900315
0.0880534
0.0861487
0.0843136
0.0825446
0.0808381
0.0791911
0.0776005
0.0760636
0.0745775
0.0731399
0.0717482
0.0704003
0.0690939
0.0678271
0.0665978
0.0654043
0.0642448
0.0631175
0.0620209
0.0609534
0.0599136
0.0589002
0.0579118
0.0569471
0.0560052
0.0550849
0.0541853
0.0533058
0.0524457
0.0516047
0.0507828
0.0499803
0.0491981
0.0484377
0.0477015
0.0469931
0.0463176
0.0456823
0.0450973
0.0445764
0.0441387
0.0438099
0.0436241
0.961692
0.892184
0.829084
0.771727
0.719523
0.671944
0.628523
0.588843
0.552532
0.519258
0.488725
0.460668
0.434851
0.411062
0.389111
0.36883
0.350064
0.332678
0.316549
0.301566
0.287629
0.274649
0.262544
0.251242
0.240677
0.230788
0.221521
0.212827
0.204661
0.196982
0.189755
0.182944
0.176519
0.170452
0.164718
0.159292
0.154153
0.149282
0.14466
0.140271
0.136099
0.13213
0.128351
0.124751
0.121317
0.11804
0.11491
0.111918
0.109056
0.106316
0.103692
0.101177
0.0987644
0.0964486
0.0942244
0.0920868
0.0900311
0.0880529
0.0861482
0.0843131
0.082544
0.0808375
0.0791905
0.0775999
0.0760629
0.0745768
0.0731392
0.0717475
0.0703995
0.0690931
0.0678263
0.066597
0.0654035
0.0642439
0.0631165
0.0620199
0.0609524
0.0599126
0.0588991
0.0579106
0.056946
0.056004
0.0550836
0.0541841
0.0533045
0.0524444
0.0516033
0.0507814
0.0499789
0.0491966
0.0484362
0.0476999
0.0469915
0.046316
0.0456806
0.0450956
0.0445747
0.0441371
0.0438083
0.0436225
0.961692
0.892184
0.829084
0.771727
0.719523
0.671944
0.628523
0.588843
0.552532
0.519258
0.488725
0.460668
0.434851
0.411062
0.389111
0.36883
0.350064
0.332678
0.316549
0.301566
0.287629
0.274649
0.262544
0.251242
0.240677
0.230788
0.22152
0.212826
0.204661
0.196982
0.189755
0.182944
0.176519
0.170452
0.164717
0.159292
0.154153
0.149282
0.14466
0.140271
0.136099
0.13213
0.128351
0.12475
0.121317
0.118039
0.114909
0.111917
0.109055
0.106316
0.103692
0.101177
0.0987638
0.096448
0.0942238
0.0920861
0.0900304
0.0880522
0.0861475
0.0843124
0.0825432
0.0808368
0.0791897
0.0775991
0.0760621
0.0745759
0.0731382
0.0717465
0.0703985
0.0690921
0.0678252
0.0665959
0.0654023
0.0642427
0.0631153
0.0620186
0.0609511
0.0599112
0.0588977
0.0579092
0.0569444
0.0560024
0.055082
0.0541824
0.0533027
0.0524425
0.0516015
0.0507795
0.0499769
0.0491946
0.0484341
0.0476978
0.0469893
0.0463138
0.0456784
0.0450934
0.0445725
0.0441348
0.043806
0.0436202
0.961692
0.892184
0.829084
0.771727
0.719523
0.671944
0.628523
0.588843
0.552532
0.519258
0.488725
0.460668
0.434851
0.411062
0.389111
0.368829
0.350064
0.332678
0.316549
0.301566
0.287629
0.274649
0.262544
0.251242
0.240677
0.230787
0.22152
0.212826
0.20466
0.196982
0.189754
0.182943
0.176519
0.170452
0.164717
0.159291
0.154153
0.149281
0.14466
0.14027
0.136098
0.13213
0.128351
0.12475
0.121316
0.118039
0.114909
0.111917
0.109055
0.106315
0.103691
0.101176
0.0987631
0.0964473
0.0942231
0.0920854
0.0900296
0.0880514
0.0861466
0.0843115
0.0825423
0.0808358
0.0791887
0.077598
0.076061
0.0745748
0.0731371
0.0717453
0.0703973
0.0690908
0.0678239
0.0665945
0.0654009
0.0642412
0.0631138
0.062017
0.0609494
0.0599095
0.0588959
0.0579073
0.0569425
0.0560004
0.0550799
0.0541802
0.0533005
0.0524403
0.0515991
0.050777
0.0499744
0.049192
0.0484315
0.0476951
0.0469866
0.046311
0.0456756
0.0450905
0.0445696
0.0441319
0.0438032
0.0436174
0.961692
0.892184
0.829084
0.771727
0.719523
0.671944
0.628523
0.588843
0.552532
0.519258
0.488725
0.460668
0.434851
0.411062
0.389111
0.368829
0.350064
0.332678
0.316549
0.301566
0.287629
0.274649
0.262544
0.251242
0.240676
0.230787
0.22152
0.212826
0.20466
0.196982
0.189754
0.182943
0.176518
0.170451
0.164717
0.159291
0.154152
0.149281
0.144659
0.14027
0.136098
0.132129
0.12835
0.124749
0.121316
0.118038
0.114908
0.111916
0.109054
0.106315
0.10369
0.101175
0.0987623
0.0964465
0.0942222
0.0920845
0.0900286
0.0880504
0.0861456
0.0843104
0.0825412
0.0808346
0.0791875
0.0775968
0.0760597
0.0745735
0.0731357
0.0717439
0.0703958
0.0690893
0.0678223
0.0665928
0.0653991
0.0642394
0.0631119
0.0620151
0.0609474
0.0599074
0.0588938
0.0579051
0.0569402
0.055998
0.0550775
0.0541777
0.0532979
0.0524375
0.0515963
0.0507741
0.0499714
0.0491889
0.0484283
0.0476919
0.0469833
0.0463076
0.0456722
0.0450871
0.0445662
0.0441285
0.0437997
0.043614
0.961692
0.892184
0.829084
0.771727
0.719523
0.671944
0.628523
0.588843
0.552532
0.519258
0.488725
0.460668
0.434851
0.411062
0.389111
0.368829
0.350064
0.332678
0.316549
0.301566
0.287629
0.274649
0.262544
0.251242
0.240676
0.230787
0.22152
0.212826
0.20466
0.196982
0.189754
0.182943
0.176518
0.170451
0.164716
0.15929
0.154152
0.149281
0.144659
0.140269
0.136097
0.132128
0.12835
0.124749
0.121315
0.118038
0.114907
0.111915
0.109053
0.106314
0.10369
0.101174
0.0987614
0.0964455
0.0942211
0.0920834
0.0900275
0.0880492
0.0861444
0.0843091
0.0825399
0.0808333
0.0791861
0.0775953
0.0760582
0.0745719
0.0731341
0.0717422
0.070394
0.0690875
0.0678204
0.0665909
0.0653971
0.0642373
0.0631097
0.0620129
0.0609451
0.059905
0.0588913
0.0579025
0.0569375
0.0559952
0.0550746
0.0541747
0.0532948
0.0524343
0.051593
0.0507707
0.0499679
0.0491854
0.0484246
0.0476881
0.0469794
0.0463037
0.0456683
0.0450831
0.0445622
0.0441245
0.0437957
0.04361
0.961692
0.892184
0.829084
0.771727
0.719523
0.671944
0.628523
0.588843
0.552532
0.519258
0.488725
0.460668
0.434851
0.411062
0.389111
0.368829
0.350064
0.332678
0.316549
0.301565
0.287629
0.274648
0.262544
0.251242
0.240676
0.230787
0.22152
0.212826
0.20466
0.196981
0.189753
0.182942
0.176518
0.170451
0.164716
0.15929
0.154151
0.14928
0.144658
0.140269
0.136097
0.132128
0.128349
0.124748
0.121314
0.118037
0.114906
0.111914
0.109052
0.106313
0.103689
0.101173
0.0987603
0.0964443
0.09422
0.0920822
0.0900263
0.0880479
0.086143
0.0843077
0.0825384
0.0808317
0.0791845
0.0775937
0.0760565
0.0745702
0.0731322
0.0717403
0.0703921
0.0690854
0.0678183
0.0665887
0.0653948
0.0642349
0.0631073
0.0620103
0.0609425
0.0599023
0.0588884
0.0578996
0.0569345
0.0559921
0.0550713
0.0541713
0.0532913
0.0524307
0.0515892
0.0507669
0.0499639
0.0491813
0.0484204
0.0476838
0.0469751
0.0462993
0.0456638
0.0450786
0.0445576
0.0441199
0.0437912
0.0436055
0.961692
0.892184
0.829084
0.771727
0.719523
0.671944
0.628523
0.588843
0.552532
0.519258
0.488725
0.460668
0.434851
0.411062
0.389111
0.368829
0.350064
0.332678
0.316549
0.301565
0.287628
0.274648
0.262544
0.251242
0.240676
0.230787
0.221519
0.212825
0.204659
0.196981
0.189753
0.182942
0.176517
0.17045
0.164715
0.159289
0.154151
0.149279
0.144658
0.140268
0.136096
0.132127
0.128348
0.124747
0.121313
0.118036
0.114906
0.111913
0.109051
0.106312
0.103687
0.101172
0.0987591
0.0964431
0.0942186
0.0920808
0.0900248
0.0880464
0.0861415
0.0843061
0.0825368
0.08083
0.0791827
0.0775918
0.0760545
0.0745682
0.0731302
0.0717382
0.0703899
0.0690831
0.0678159
0.0665862
0.0653923
0.0642323
0.0631045
0.0620075
0.0609395
0.0598992
0.0588852
0.0578963
0.0569311
0.0559885
0.0550676
0.0541675
0.0532873
0.0524266
0.051585
0.0507625
0.0499594
0.0491767
0.0484157
0.047679
0.0469702
0.0462943
0.0456587
0.0450735
0.0445525
0.0441148
0.043786
0.0436004
0.961692
0.892184
0.829084
0.771727
0.719523
0.671944
0.628523
0.588843
0.552532
0.519258
0.488725
0.460668
0.434851
0.411062
0.389111
0.368829
0.350064
0.332678
0.316549
0.301565
0.287628
0.274648
0.262543
0.251241
0.240676
0.230786
0.221519
0.212825
0.204659
0.196981
0.189753
0.182942
0.176517
0.17045
0.164715
0.159289
0.15415
0.149279
0.144657
0.140267
0.136095
0.132126
0.128347
0.124746
0.121312
0.118035
0.114904
0.111912
0.10905
0.106311
0.103686
0.101171
0.0987577
0.0964417
0.0942172
0.0920793
0.0900233
0.0880448
0.0861398
0.0843043
0.0825349
0.0808281
0.0791808
0.0775898
0.0760524
0.074566
0.0731279
0.0717358
0.0703874
0.0690806
0.0678133
0.0665835
0.0653895
0.0642294
0.0631015
0.0620043
0.0609362
0.0598958
0.0588817
0.0578926
0.0569273
0.0559846
0.0550636
0.0541633
0.053283
0.0524221
0.0515804
0.0507577
0.0499545
0.0491716
0.0484105
0.0476737
0.0469647
0.0462888
0.0456531
0.0450678
0.0445468
0.0441091
0.0437804
0.0435947
0.961692
0.892184
0.829084
0.771727
0.719523
0.671944
0.628523
0.588843
0.552532
0.519258
0.488725
0.460668
0.434851
0.411062
0.389111
0.368829
0.350064
0.332678
0.316548
0.301565
0.287628
0.274648
0.262543
0.251241
0.240675
0.230786
0.221519
0.212825
0.204659
0.19698
0.189752
0.182941
0.176516
0.170449
0.164714
0.159288
0.154149
0.149278
0.144656
0.140267
0.136094
0.132125
0.128346
0.124745
0.121311
0.118034
0.114903
0.111911
0.109049
0.106309
0.103685
0.101169
0.0987563
0.0964402
0.0942156
0.0920776
0.0900215
0.088043
0.0861379
0.0843024
0.0825329
0.0808261
0.0791786
0.0775876
0.0760501
0.0745636
0.0731254
0.0717332
0.0703847
0.0690778
0.0678104
0.0665805
0.0653864
0.0642262
0.0630982
0.0620009
0.0609327
0.0598921
0.0588779
0.0578886
0.0569232
0.0559803
0.0550591
0.0541587
0.0532782
0.0524172
0.0515753
0.0507525
0.0499491
0.049166
0.0484048
0.0476679
0.0469588
0.0462827
0.045647
0.0450616
0.0445406
0.0441029
0.0437742
0.0435886
0.961692
0.892184
0.829084
0.771727
0.719523
0.671944
0.628523
0.588843
0.552532
0.519258
0.488725
0.460668
0.434851
0.411061
0.389111
0.368829
0.350064
0.332678
0.316548
0.301565
0.287628
0.274648
0.262543
0.251241
0.240675
0.230786
0.221518
0.212824
0.204658
0.19698
0.189752
0.182941
0.176516
0.170448
0.164714
0.159288
0.154149
0.149277
0.144655
0.140266
0.136093
0.132124
0.128345
0.124744
0.12131
0.118033
0.114902
0.11191
0.109048
0.106308
0.103683
0.101168
0.0987547
0.0964385
0.0942139
0.0920758
0.0900197
0.0880411
0.0861359
0.0843003
0.0825308
0.0808238
0.0791763
0.0775851
0.0760476
0.074561
0.0731227
0.0717304
0.0703818
0.0690748
0.0678073
0.0665773
0.065383
0.0642227
0.0630946
0.0619971
0.0609288
0.0598881
0.0588737
0.0578843
0.0569187
0.0559757
0.0550543
0.0541537
0.0532731
0.0524119
0.0515698
0.0507468
0.0499433
0.04916
0.0483986
0.0476616
0.0469523
0.0462762
0.0456404
0.045055
0.0445339
0.0440962
0.0437675
0.0435819
0.961692
0.892184
0.829084
0.771728
0.719523
0.671944
0.628523
0.588843
0.552532
0.519258
0.488725
0.460668
0.434851
0.411061
0.389111
0.368829
0.350063
0.332677
0.316548
0.301565
0.287628
0.274647
0.262543
0.251241
0.240675
0.230785
0.221518
0.212824
0.204658
0.196979
0.189751
0.18294
0.176515
0.170448
0.164713
0.159287
0.154148
0.149276
0.144654
0.140265
0.136093
0.132123
0.128344
0.124743
0.121309
0.118031
0.114901
0.111908
0.109046
0.106306
0.103682
0.101166
0.0987529
0.0964367
0.094212
0.0920739
0.0900177
0.088039
0.0861337
0.0842981
0.0825284
0.0808214
0.0791738
0.0775825
0.0760449
0.0745582
0.0731198
0.0717274
0.0703787
0.0690716
0.0678039
0.0665738
0.0653794
0.0642189
0.0630907
0.0619931
0.0609246
0.0598838
0.0588692
0.0578797
0.0569139
0.0559707
0.0550492
0.0541484
0.0532675
0.0524062
0.0515639
0.0507407
0.049937
0.0491536
0.048392
0.0476548
0.0469454
0.0462691
0.0456332
0.0450478
0.0445267
0.044089
0.0437603
0.0435747
0.961692
0.892184
0.829084
0.771728
0.719523
0.671944
0.628523
0.588843
0.552532
0.519258
0.488725
0.460668
0.434851
0.411061
0.389111
0.368829
0.350063
0.332677
0.316548
0.301565
0.287628
0.274647
0.262543
0.25124
0.240674
0.230785
0.221518
0.212823
0.204657
0.196979
0.189751
0.182939
0.176514
0.170447
0.164712
0.159286
0.154147
0.149276
0.144653
0.140264
0.136091
0.132122
0.128343
0.124742
0.121308
0.11803
0.114899
0.111907
0.109045
0.106305
0.10368
0.101164
0.0987511
0.0964348
0.09421
0.0920718
0.0900155
0.0880367
0.0861314
0.0842957
0.0825259
0.0808188
0.0791711
0.0775798
0.076042
0.0745552
0.0731167
0.0717242
0.0703754
0.0690681
0.0678003
0.0665701
0.0653756
0.064215
0.0630866
0.0619888
0.0609202
0.0598792
0.0588645
0.0578747
0.0569087
0.0559654
0.0550436
0.0541426
0.0532616
0.0524
0.0515576
0.0507342
0.0499302
0.0491466
0.0483849
0.0476475
0.046938
0.0462616
0.0456256
0.0450401
0.044519
0.0440813
0.0437526
0.043567
0.961692
0.892184
0.829084
0.771728
0.719523
0.671944
0.628523
0.588843
0.552532
0.519258
0.488725
0.460668
0.43485
0.411061
0.389111
0.368829
0.350063
0.332677
0.316548
0.301564
0.287627
0.274647
0.262542
0.25124
0.240674
0.230785
0.221517
0.212823
0.204657
0.196978
0.18975
0.182939
0.176514
0.170446
0.164711
0.159285
0.154146
0.149275
0.144652
0.140263
0.13609
0.132121
0.128342
0.124741
0.121306
0.118029
0.114898
0.111905
0.109043
0.106303
0.103678
0.101162
0.0987492
0.0964328
0.0942079
0.0920696
0.0900132
0.0880344
0.0861289
0.0842931
0.0825233
0.080816
0.0791682
0.0775768
0.0760389
0.074552
0.0731134
0.0717208
0.0703718
0.0690644
0.0677965
0.0665662
0.0653715
0.0642107
0.0630822
0.0619843
0.0609155
0.0598743
0.0588594
0.0578694
0.0569033
0.0559597
0.0550378
0.0541366
0.0532553
0.0523935
0.0515508
0.0507272
0.0499231
0.0491393
0.0483774
0.0476398
0.0469302
0.0462537
0.0456176
0.045032
0.0445108
0.0440731
0.0437444
0.0435589
0.961692
0.892185
0.829084
0.771728
0.719523
0.671944
0.628523
0.588843
0.552532
0.519258
0.488725
0.460668
0.43485
0.411061
0.389111
0.368829
0.350063
0.332677
0.316548
0.301564
0.287627
0.274647
0.262542
0.25124
0.240674
0.230784
0.221517
0.212822
0.204656
0.196978
0.189749
0.182938
0.176513
0.170446
0.164711
0.159284
0.154145
0.149274
0.144651
0.140262
0.136089
0.13212
0.12834
0.124739
0.121305
0.118027
0.114896
0.111904
0.109041
0.106301
0.103676
0.10116
0.0987471
0.0964306
0.0942057
0.0920673
0.0900108
0.0880319
0.0861263
0.0842904
0.0825205
0.0808131
0.0791652
0.0775737
0.0760357
0.0745486
0.0731099
0.0717172
0.0703681
0.0690606
0.0677925
0.066562
0.0653672
0.0642062
0.0630775
0.0619795
0.0609105
0.0598691
0.058854
0.0578639
0.0568975
0.0559537
0.0550316
0.0541301
0.0532487
0.0523867
0.0515438
0.0507199
0.0499156
0.0491316
0.0483695
0.0476317
0.0469219
0.0462453
0.0456091
0.0450234
0.0445022
0.0440645
0.0437359
0.0435504
0.961692
0.892185
0.829084
0.771728
0.719523
0.671944
0.628523
0.588843
0.552532
0.519258
0.488725
0.460668
0.43485
0.411061
0.389111
0.368829
0.350063
0.332677
0.316547
0.301564
0.287627
0.274646
0.262542
0.251239
0.240673
0.230784
0.221516
0.212822
0.204656
0.196977
0.189749
0.182937
0.176512
0.170445
0.16471
0.159283
0.154144
0.149273
0.14465
0.14026
0.136088
0.132118
0.128339
0.124738
0.121303
0.118025
0.114895
0.111902
0.109039
0.106299
0.103674
0.101158
0.0987449
0.0964283
0.0942033
0.0920648
0.0900083
0.0880292
0.0861236
0.0842876
0.0825175
0.0808101
0.079162
0.0775704
0.0760323
0.0745451
0.0731063
0.0717134
0.0703642
0.0690565
0.0677883
0.0665576
0.0653626
0.0642015
0.0630727
0.0619744
0.0609052
0.0598637
0.0588484
0.057858
0.0568914
0.0559475
0.0550251
0.0541234
0.0532417
0.0523795
0.0515363
0.0507123
0.0499077
0.0491235
0.0483612
0.0476232
0.0469133
0.0462365
0.0456002
0.0450144
0.0444932
0.0440554
0.0437268
0.0435414
0.961692
0.892185
0.829084
0.771728
0.719523
0.671944
0.628523
0.588843
0.552532
0.519258
0.488725
0.460668
0.43485
0.411061
0.38911
0.368828
0.350063
0.332677
0.316547
0.301564
0.287627
0.274646
0.262541
0.251239
0.240673
0.230783
0.221516
0.212821
0.204655
0.196976
0.189748
0.182937
0.176511
0.170444
0.164709
0.159282
0.154143
0.149271
0.144649
0.140259
0.136087
0.132117
0.128338
0.124736
0.121302
0.118024
0.114893
0.1119
0.109037
0.106297
0.103672
0.101156
0.0987426
0.096426
0.0942008
0.0920623
0.0900056
0.0880264
0.0861207
0.0842846
0.0825144
0.0808069
0.0791587
0.0775669
0.0760287
0.0745414
0.0731024
0.0717094
0.07036
0.0690522
0.0677839
0.066553
0.0653579
0.0641966
0.0630676
0.0619691
0.0608997
0.059858
0.0588425
0.0578519
0.0568851
0.0559409
0.0550183
0.0541164
0.0532344
0.0523719
0.0515286
0.0507043
0.0498994
0.049115
0.0483525
0.0476144
0.0469042
0.0462273
0.0455909
0.0450051
0.0444838
0.044046
0.0437174
0.043532
0.961692
0.892185
0.829085
0.771728
0.719523
0.671944
0.628523
0.588843
0.552532
0.519258
0.488725
0.460668
0.43485
0.411061
0.38911
0.368828
0.350063
0.332677
0.316547
0.301563
0.287626
0.274646
0.262541
0.251239
0.240672
0.230783
0.221515
0.212821
0.204654
0.196976
0.189747
0.182936
0.17651
0.170443
0.164708
0.159281
0.154142
0.14927
0.144648
0.140258
0.136085
0.132116
0.128336
0.124735
0.1213
0.118022
0.114891
0.111898
0.109035
0.106295
0.10367
0.101154
0.0987403
0.0964235
0.0941983
0.0920596
0.0900028
0.0880236
0.0861177
0.0842815
0.0825112
0.0808035
0.0791552
0.0775633
0.076025
0.0745375
0.0730984
0.0717052
0.0703558
0.0690478
0.0677793
0.0665483
0.0653529
0.0641915
0.0630622
0.0619636
0.060894
0.0598521
0.0588363
0.0578456
0.0568785
0.055934
0.0550112
0.054109
0.0532269
0.0523641
0.0515205
0.0506959
0.0498909
0.0491062
0.0483435
0.0476051
0.0468948
0.0462177
0.0455812
0.0449953
0.044474
0.0440362
0.0437077
0.0435223
0.961692
0.892185
0.829085
0.771728
0.719523
0.671944
0.628523
0.588843
0.552532
0.519258
0.488725
0.460668
0.43485
0.411061
0.38911
0.368828
0.350063
0.332676
0.316547
0.301563
0.287626
0.274645
0.262541
0.251238
0.240672
0.230782
0.221515
0.21282
0.204654
0.196975
0.189746
0.182935
0.17651
0.170442
0.164707
0.15928
0.154141
0.149269
0.144646
0.140256
0.136084
0.132114
0.128334
0.124733
0.121298
0.11802
0.114889
0.111896
0.109033
0.106293
0.103668
0.101152
0.0987378
0.0964209
0.0941956
0.0920568
0.0899999
0.0880206
0.0861146
0.0842782
0.0825078
0.0808
0.0791516
0.0775596
0.0760211
0.0745335
0.0730943
0.0717009
0.0703513
0.0690431
0.0677745
0.0665433
0.0653478
0.0641861
0.0630567
0.0619579
0.0608881
0.0598459
0.05883
0.0578389
0.0568716
0.0559269
0.0550038
0.0541014
0.053219
0.052356
0.0515121
0.0506873
0.049882
0.049097
0.0483341
0.0475955
0.0468851
0.0462078
0.0455712
0.0449852
0.0444638
0.0440261
0.0436975
0.0435122
0.961692
0.892185
0.829085
0.771728
0.719523
0.671944
0.628523
0.588843
0.552532
0.519258
0.488725
0.460667
0.43485
0.411061
0.38911
0.368828
0.350062
0.332676
0.316547
0.301563
0.287626
0.274645
0.26254
0.251238
0.240671
0.230782
0.221514
0.212819
0.204653
0.196974
0.189746
0.182934
0.176509
0.170441
0.164706
0.159279
0.15414
0.149268
0.144645
0.140255
0.136082
0.132112
0.128333
0.124731
0.121296
0.118018
0.114887
0.111894
0.109031
0.106291
0.103666
0.101149
0.0987352
0.0964183
0.0941928
0.0920539
0.0899969
0.0880175
0.0861114
0.0842749
0.0825044
0.0807964
0.0791479
0.0775557
0.0760171
0.0745294
0.07309
0.0716965
0.0703467
0.0690384
0.0677695
0.0665382
0.0653425
0.0641806
0.063051
0.0619519
0.0608819
0.0598395
0.0588234
0.0578321
0.0568646
0.0559196
0.0549962
0.0540936
0.0532109
0.0523476
0.0515034
0.0506783
0.0498728
0.0490876
0.0483244
0.0475857
0.046875
0.0461976
0.0455608
0.0449748
0.0444534
0.0440156
0.0436871
0.0435018
0.961692
0.892185
0.829085
0.771728
0.719523
0.671944
0.628523
0.588843
0.552532
0.519258
0.488725
0.460667
0.43485
0.411061
0.38911
0.368828
0.350062
0.332676
0.316546
0.301563
0.287625
0.274645
0.26254
0.251237
0.240671
0.230781
0.221514
0.212819
0.204652
0.196973
0.189745
0.182933
0.176508
0.17044
0.164705
0.159278
0.154138
0.149266
0.144644
0.140254
0.136081
0.132111
0.128331
0.124729
0.121294
0.118016
0.114885
0.111892
0.109029
0.106288
0.103663
0.101147
0.0987326
0.0964155
0.09419
0.092051
0.0899939
0.0880142
0.0861081
0.0842714
0.0825008
0.0807927
0.079144
0.0775517
0.076013
0.0745251
0.0730855
0.0716919
0.0703419
0.0690334
0.0677644
0.0665329
0.065337
0.0641749
0.0630451
0.0619458
0.0608756
0.059833
0.0588166
0.0578251
0.0568573
0.0559121
0.0549884
0.0540855
0.0532025
0.0523389
0.0514945
0.0506692
0.0498633
0.0490779
0.0483145
0.0475755
0.0468647
0.0461871
0.0455502
0.0449641
0.0444426
0.0440049
0.0436764
0.0434911
0.961692
0.892185
0.829085
0.771728
0.719523
0.671944
0.628523
0.588843
0.552532
0.519258
0.488724
0.460667
0.43485
0.411061
0.38911
0.368828
0.350062
0.332676
0.316546
0.301562
0.287625
0.274644
0.262539
0.251237
0.24067
0.230781
0.221513
0.212818
0.204652
0.196972
0.189744
0.182932
0.176507
0.170439
0.164703
0.159277
0.154137
0.149265
0.144642
0.140252
0.136079
0.132109
0.128329
0.124728
0.121293
0.118014
0.114883
0.11189
0.109027
0.106286
0.103661
0.101144
0.0987298
0.0964127
0.094187
0.0920479
0.0899907
0.0880109
0.0861046
0.0842679
0.0824971
0.0807889
0.0791401
0.0775476
0.0760087
0.0745207
0.073081
0.0716872
0.070337
0.0690284
0.0677592
0.0665274
0.0653313
0.0641691
0.0630391
0.0619396
0.0608691
0.0598263
0.0588096
0.0578178
0.0568498
0.0559043
0.0549804
0.0540772
0.0531939
0.0523301
0.0514853
0.0506597
0.0498536
0.049068
0.0483043
0.0475651
0.0468541
0.0461764
0.0455394
0.0449531
0.0444316
0.0439939
0.0436654
0.0434802
0.961692
0.892185
0.829085
0.771728
0.719523
0.671944
0.628523
0.588843
0.552532
0.519258
0.488724
0.460667
0.43485
0.411061
0.38911
0.368828
0.350062
0.332676
0.316546
0.301562
0.287625
0.274644
0.262539
0.251236
0.24067
0.23078
0.221512
0.212817
0.204651
0.196972
0.189743
0.182931
0.176506
0.170438
0.164702
0.159275
0.154136
0.149264
0.144641
0.14025
0.136077
0.132107
0.128328
0.124726
0.121291
0.118012
0.114881
0.111887
0.109024
0.106283
0.103658
0.101141
0.0987271
0.0964098
0.094184
0.0920448
0.0899874
0.0880076
0.0861011
0.0842643
0.0824933
0.080785
0.079136
0.0775434
0.0760044
0.0745162
0.0730763
0.0716823
0.070332
0.0690232
0.0677538
0.0665219
0.0653256
0.0641631
0.0630329
0.0619332
0.0608625
0.0598194
0.0588025
0.0578105
0.0568421
0.0558964
0.0549722
0.0540687
0.0531852
0.052321
0.051476
0.0506501
0.0498438
0.0490578
0.0482939
0.0475545
0.0468433
0.0461654
0.0455283
0.044942
0.0444204
0.0439827
0.0436543
0.0434691
0.961692
0.892185
0.829085
0.771728
0.719523
0.671944
0.628523
0.588843
0.552532
0.519258
0.488724
0.460667
0.43485
0.41106
0.38911
0.368827
0.350062
0.332675
0.316546
0.301562
0.287624
0.274644
0.262538
0.251236
0.240669
0.230779
0.221512
0.212817
0.20465
0.196971
0.189742
0.18293
0.176504
0.170437
0.164701
0.159274
0.154134
0.149262
0.144639
0.140249
0.136076
0.132106
0.128326
0.124724
0.121289
0.11801
0.114878
0.111885
0.109022
0.106281
0.103655
0.101138
0.0987242
0.0964068
0.0941809
0.0920416
0.0899841
0.0880041
0.0860975
0.0842605
0.0824895
0.080781
0.0791319
0.0775392
0.0759999
0.0745116
0.0730715
0.0716774
0.0703269
0.0690179
0.0677483
0.0665162
0.0653197
0.064157
0.0630266
0.0619266
0.0608557
0.0598124
0.0587952
0.0578029
0.0568343
0.0558883
0.0549639
0.0540601
0.0531762
0.0523118
0.0514665
0.0506403
0.0498337
0.0490475
0.0482834
0.0475437
0.0468323
0.0461543
0.045517
0.0449306
0.0444091
0.0439713
0.0436429
0.0434578
0.961692
0.892185
0.829085
0.771728
0.719523
0.671944
0.628523
0.588843
0.552532
0.519258
0.488724
0.460667
0.43485
0.41106
0.389109
0.368827
0.350061
0.332675
0.316545
0.301561
0.287624
0.274643
0.262538
0.251235
0.240669
0.230779
0.221511
0.212816
0.204649
0.19697
0.189741
0.182929
0.176503
0.170435
0.1647
0.159273
0.154133
0.149261
0.144638
0.140247
0.136074
0.132104
0.128324
0.124722
0.121286
0.118008
0.114876
0.111883
0.109019
0.106278
0.103653
0.101136
0.0987213
0.0964038
0.0941778
0.0920383
0.0899807
0.0880006
0.0860939
0.0842568
0.0824856
0.0807769
0.0791277
0.0775348
0.0759954
0.0745069
0.0730667
0.0716724
0.0703217
0.0690125
0.0677427
0.0665104
0.0653137
0.0641509
0.0630201
0.06192
0.0608488
0.0598052
0.0587878
0.0577953
0.0568264
0.0558801
0.0549554
0.0540513
0.0531672
0.0523025
0.0514569
0.0506304
0.0498235
0.0490371
0.0482727
0.0475328
0.0468212
0.046143
0.0455056
0.0449192
0.0443976
0.0439598
0.0436314
0.0434463
0.961692
0.892185
0.829085
0.771728
0.719523
0.671944
0.628523
0.588843
0.552532
0.519258
0.488724
0.460667
0.43485
0.41106
0.389109
0.368827
0.350061
0.332675
0.316545
0.301561
0.287624
0.274643
0.262537
0.251235
0.240668
0.230778
0.22151
0.212815
0.204648
0.196969
0.18974
0.182928
0.176502
0.170434
0.164699
0.159272
0.154132
0.149259
0.144636
0.140246
0.136072
0.132102
0.128322
0.12472
0.121284
0.118006
0.114874
0.11188
0.109017
0.106276
0.10365
0.101133
0.0987183
0.0964007
0.0941746
0.092035
0.0899773
0.087997
0.0860902
0.0842529
0.0824816
0.0807728
0.0791234
0.0775304
0.0759909
0.0745022
0.0730618
0.0716673
0.0703164
0.0690071
0.0677371
0.0665046
0.0653077
0.0641446
0.0630137
0.0619133
0.0608419
0.059798
0.0587804
0.0577876
0.0568184
0.0558719
0.0549468
0.0540425
0.053158
0.052293
0.0514472
0.0506204
0.0498132
0.0490265
0.0482619
0.0475218
0.04681
0.0461317
0.0454942
0.0449076
0.044386
0.0439482
0.0436199
0.0434348
0.961692
0.892185
0.829085
0.771728
0.719523
0.671944
0.628523
0.588843
0.552532
0.519258
0.488724
0.460667
0.43485
0.41106
0.389109
0.368827
0.350061
0.332675
0.316545
0.301561
0.287623
0.274642
0.262537
0.251234
0.240668
0.230777
0.221509
0.212814
0.204647
0.196968
0.189739
0.182927
0.176501
0.170433
0.164697
0.15927
0.15413
0.149258
0.144635
0.140244
0.13607
0.1321
0.12832
0.124718
0.121282
0.118003
0.114872
0.111878
0.109014
0.106273
0.103647
0.10113
0.0987154
0.0963976
0.0941714
0.0920316
0.0899738
0.0879934
0.0860865
0.0842491
0.0824776
0.0807687
0.0791191
0.0775259
0.0759862
0.0744974
0.0730568
0.0716622
0.0703111
0.0690016
0.0677314
0.0664987
0.0653016
0.0641383
0.0630071
0.0619065
0.0608349
0.0597908
0.0587728
0.0577798
0.0568104
0.0558635
0.0549382
0.0540335
0.0531488
0.0522835
0.0514374
0.0506103
0.0498029
0.0490159
0.048251
0.0475108
0.0467988
0.0461203
0.0454827
0.044896
0.0443744
0.0439366
0.0436083
0.0434233
0.961692
0.892185
0.829085
0.771728
0.719523
0.671944
0.628523
0.588843
0.552532
0.519258
0.488724
0.460667
0.434849
0.41106
0.389109
0.368827
0.350061
0.332674
0.316544
0.30156
0.287623
0.274642
0.262536
0.251234
0.240667
0.230777
0.221509
0.212814
0.204647
0.196967
0.189738
0.182926
0.1765
0.170432
0.164696
0.159269
0.154129
0.149256
0.144633
0.140242
0.136069
0.132098
0.128318
0.124716
0.12128
0.118001
0.114869
0.111875
0.109012
0.10627
0.103644
0.101127
0.0987123
0.0963945
0.0941681
0.0920283
0.0899703
0.0879898
0.0860827
0.0842452
0.0824736
0.0807645
0.0791148
0.0775214
0.0759816
0.0744926
0.0730519
0.071657
0.0703058
0.068996
0.0677257
0.0664928
0.0652954
0.0641319
0.0630006
0.0618997
0.0608278
0.0597835
0.0587653
0.057772
0.0568023
0.0558552
0.0549296
0.0540246
0.0531396
0.052274
0.0514276
0.0506003
0.0497925
0.0490053
0.0482402
0.0474997
0.0467875
0.0461089
0.0454712
0.0448845
0.0443628
0.043925
0.0435967
0.0434117
0.961692
0.892185
0.829085
0.771728
0.719523
0.671944
0.628523
0.588843
0.552532
0.519258
0.488724
0.460667
0.434849
0.41106
0.389109
0.368827
0.35006
0.332674
0.316544
0.30156
0.287622
0.274641
0.262536
0.251233
0.240666
0.230776
0.221508
0.212813
0.204646
0.196966
0.189737
0.182925
0.176499
0.170431
0.164695
0.159267
0.154127
0.149255
0.144631
0.14024
0.136067
0.132096
0.128316
0.124713
0.121278
0.117999
0.114867
0.111873
0.109009
0.106268
0.103642
0.101124
0.0987093
0.0963913
0.0941649
0.0920249
0.0899668
0.0879862
0.0860789
0.0842413
0.0824695
0.0807603
0.0791104
0.0775169
0.0759769
0.0744878
0.0730469
0.0716519
0.0703005
0.0689905
0.06772
0.0664868
0.0652893
0.0641256
0.062994
0.0618929
0.0608208
0.0597762
0.0587578
0.0577642
0.0567942
0.0558468
0.0549209
0.0540157
0.0531304
0.0522645
0.0514178
0.0505902
0.0497822
0.0489947
0.0482294
0.0474887
0.0467763
0.0460976
0.0454597
0.044873
0.0443512
0.0439135
0.0435852
0.0434003
0.961692
0.892185
0.829085
0.771728
0.719523
0.671944
0.628523
0.588843
0.552532
0.519258
0.488724
0.460667
0.434849
0.41106
0.389109
0.368826
0.35006
0.332674
0.316544
0.30156
0.287622
0.274641
0.262535
0.251232
0.240666
0.230775
0.221507
0.212812
0.204645
0.196965
0.189736
0.182924
0.176498
0.170429
0.164693
0.159266
0.154126
0.149253
0.14463
0.140239
0.136065
0.132094
0.128314
0.124711
0.121276
0.117997
0.114864
0.111871
0.109007
0.106265
0.103639
0.101121
0.0987063
0.0963882
0.0941616
0.0920215
0.0899633
0.0879825
0.0860752
0.0842374
0.0824655
0.0807561
0.0791061
0.0775125
0.0759723
0.074483
0.0730419
0.0716467
0.0702951
0.068985
0.0677143
0.0664809
0.0652832
0.0641193
0.0629874
0.0618861
0.0608138
0.0597689
0.0587503
0.0577564
0.0567862
0.0558385
0.0549124
0.0540069
0.0531213
0.0522551
0.0514081
0.0505803
0.049772
0.0489843
0.0482187
0.0474778
0.0467653
0.0460863
0.0454484
0.0448616
0.0443398
0.0439021
0.0435739
0.043389
0.961692
0.892185
0.829085
0.771728
0.719523
0.671944
0.628523
0.588843
0.552532
0.519258
0.488724
0.460667
0.434849
0.41106
0.389109
0.368826
0.35006
0.332673
0.316543
0.301559
0.287621
0.27464
0.262535
0.251232
0.240665
0.230775
0.221506
0.212811
0.204644
0.196964
0.189735
0.182923
0.176496
0.170428
0.164692
0.159265
0.154124
0.149252
0.144628
0.140237
0.136063
0.132093
0.128312
0.124709
0.121274
0.117994
0.114862
0.111868
0.109004
0.106262
0.103636
0.101118
0.0987033
0.0963851
0.0941584
0.0920182
0.0899598
0.0879789
0.0860714
0.0842335
0.0824615
0.080752
0.0791018
0.077508
0.0759677
0.0744782
0.073037
0.0716416
0.0702899
0.0689795
0.0677086
0.0664751
0.0652772
0.064113
0.062981
0.0618794
0.0608068
0.0597618
0.0587428
0.0577487
0.0567783
0.0558303
0.0549039
0.0539981
0.0531123
0.0522458
0.0513985
0.0505704
0.0497619
0.048974
0.0482082
0.0474671
0.0467544
0.0460753
0.0454373
0.0448504
0.0443286
0.0438908
0.0435627
0.0433778
0.961692
0.892185
0.829085
0.771728
0.719523
0.671944
0.628523
0.588843
0.552532
0.519258
0.488724
0.460667
0.434849
0.411059
0.389108
0.368826
0.35006
0.332673
0.316543
0.301559
0.287621
0.27464
0.262534
0.251231
0.240664
0.230774
0.221506
0.21281
0.204643
0.196963
0.189734
0.182922
0.176495
0.170427
0.164691
0.159263
0.154123
0.14925
0.144626
0.140235
0.136061
0.132091
0.12831
0.124707
0.121271
0.117992
0.11486
0.111866
0.109001
0.10626
0.103633
0.101116
0.0987003
0.096382
0.0941552
0.0920149
0.0899564
0.0879754
0.0860677
0.0842297
0.0824575
0.0807479
0.0790976
0.0775036
0.0759631
0.0744735
0.0730321
0.0716366
0.0702847
0.0689742
0.067703
0.0664693
0.0652712
0.0641068
0.0629746
0.0618728
0.0608
0.0597547
0.0587355
0.0577412
0.0567705
0.0558223
0.0548956
0.0539895
0.0531034
0.0522367
0.0513892
0.0505608
0.049752
0.0489638
0.0481979
0.0474566
0.0467437
0.0460645
0.0454264
0.0448395
0.0443176
0.0438799
0.0435518
0.043367
0.961692
0.892185
0.829085
0.771728
0.719523
0.671944
0.628523
0.588843
0.552532
0.519257
0.488724
0.460667
0.434849
0.411059
0.389108
0.368826
0.350059
0.332673
0.316543
0.301558
0.287621
0.274639
0.262534
0.251231
0.240664
0.230773
0.221505
0.212809
0.204642
0.196962
0.189733
0.182921
0.176494
0.170426
0.164689
0.159262
0.154121
0.149248
0.144625
0.140234
0.13606
0.132089
0.128308
0.124705
0.121269
0.11799
0.114857
0.111863
0.108999
0.106257
0.103631
0.101113
0.0986974
0.096379
0.094152
0.0920116
0.089953
0.0879719
0.0860641
0.0842259
0.0824536
0.0807438
0.0790934
0.0774993
0.0759587
0.0744689
0.0730273
0.0716316
0.0702795
0.0689689
0.0676976
0.0664637
0.0652654
0.0641008
0.0629683
0.0618664
0.0607933
0.0597478
0.0587284
0.0577338
0.0567628
0.0558144
0.0548874
0.0539811
0.0530948
0.0522278
0.05138
0.0505514
0.0497424
0.048954
0.0481878
0.0474464
0.0467333
0.046054
0.0454158
0.0448288
0.044307
0.0438693
0.0435412
0.0433564
0.961692
0.892185
0.829085
0.771728
0.719523
0.671944
0.628523
0.588843
0.552532
0.519257
0.488724
0.460666
0.434849
0.411059
0.389108
0.368825
0.350059
0.332672
0.316542
0.301558
0.28762
0.274639
0.262533
0.25123
0.240663
0.230772
0.221504
0.212808
0.204641
0.196961
0.189732
0.182919
0.176493
0.170424
0.164688
0.15926
0.15412
0.149247
0.144623
0.140232
0.136058
0.132087
0.128306
0.124703
0.121267
0.117988
0.114855
0.111861
0.108997
0.106255
0.103628
0.10111
0.0986946
0.096376
0.094149
0.0920084
0.0899497
0.0879684
0.0860606
0.0842222
0.0824498
0.0807399
0.0790893
0.0774951
0.0759543
0.0744644
0.0730227
0.0716268
0.0702746
0.0689637
0.0676923
0.0664582
0.0652597
0.0640949
0.0629623
0.0618601
0.0607869
0.0597411
0.0587215
0.0577267
0.0567555
0.0558068
0.0548796
0.053973
0.0530864
0.0522192
0.0513712
0.0505423
0.0497331
0.0489445
0.0481781
0.0474365
0.0467234
0.046044
0.0454057
0.0448186
0.0442968
0.0438591
0.043531
0.0433463
0.961692
0.892185
0.829085
0.771728
0.719523
0.671944
0.628523
0.588843
0.552532
0.519257
0.488724
0.460666
0.434849
0.411059
0.389108
0.368825
0.350059
0.332672
0.316542
0.301558
0.28762
0.274638
0.262533
0.251229
0.240662
0.230772
0.221503
0.212808
0.20464
0.19696
0.189731
0.182918
0.176492
0.170423
0.164687
0.159259
0.154119
0.149245
0.144622
0.14023
0.136056
0.132085
0.128304
0.124701
0.121265
0.117986
0.114853
0.111859
0.108994
0.106252
0.103625
0.101107
0.0986918
0.0963731
0.094146
0.0920053
0.0899465
0.0879651
0.0860571
0.0842187
0.0824461
0.0807361
0.0790854
0.077491
0.0759501
0.07446
0.0730182
0.0716222
0.0702698
0.0689588
0.0676871
0.0664529
0.0652542
0.0640893
0.0629564
0.0618541
0.0607806
0.0597347
0.0587148
0.0577198
0.0567483
0.0557994
0.054872
0.0539652
0.0530784
0.052211
0.0513627
0.0505336
0.0497242
0.0489354
0.0481689
0.0474271
0.0467138
0.0460343
0.045396
0.0448089
0.044287
0.0438493
0.0435213
0.0433366
0.961692
0.892185
0.829085
0.771728
0.719523
0.671944
0.628523
0.588843
0.552532
0.519257
0.488724
0.460666
0.434848
0.411059
0.389107
0.368825
0.350059
0.332672
0.316541
0.301557
0.287619
0.274638
0.262532
0.251229
0.240662
0.230771
0.221502
0.212807
0.204639
0.196959
0.18973
0.182917
0.176491
0.170422
0.164686
0.159258
0.154117
0.149244
0.14462
0.140229
0.136055
0.132084
0.128302
0.124699
0.121263
0.117983
0.114851
0.111856
0.108992
0.10625
0.103623
0.101105
0.0986891
0.0963703
0.0941431
0.0920023
0.0899434
0.0879619
0.0860538
0.0842152
0.0824426
0.0807324
0.0790816
0.0774871
0.0759461
0.0744558
0.0730138
0.0716177
0.0702652
0.068954
0.0676822
0.0664478
0.065249
0.0640839
0.0629508
0.0618483
0.0607747
0.0597285
0.0587085
0.0577132
0.0567416
0.0557924
0.0548648
0.0539578
0.0530708
0.0522031
0.0513547
0.0505254
0.0497158
0.0489268
0.0481601
0.0474182
0.0467048
0.0460252
0.0453868
0.0447997
0.0442779
0.0438402
0.0435122
0.0433275
0.961692
0.892185
0.829085
0.771728
0.719523
0.671944
0.628523
0.588843
0.552532
0.519257
0.488724
0.460666
0.434848
0.411059
0.389107
0.368825
0.350058
0.332671
0.316541
0.301557
0.287619
0.274637
0.262531
0.251228
0.240661
0.23077
0.221502
0.212806
0.204639
0.196959
0.189729
0.182916
0.17649
0.170421
0.164684
0.159257
0.154116
0.149243
0.144619
0.140227
0.136053
0.132082
0.128301
0.124698
0.121261
0.117982
0.114849
0.111854
0.10899
0.106247
0.10362
0.101102
0.0986865
0.0963677
0.0941403
0.0919995
0.0899404
0.0879589
0.0860507
0.084212
0.0824392
0.0807289
0.079078
0.0774834
0.0759422
0.0744519
0.0730097
0.0716135
0.0702608
0.0689495
0.0676776
0.066443
0.065244
0.0640787
0.0629456
0.0618428
0.060769
0.0597227
0.0587025
0.057707
0.0567352
0.0557859
0.0548581
0.0539509
0.0530636
0.0521958
0.0513472
0.0505177
0.049708
0.0489188
0.048152
0.04741
0.0466965
0.0460168
0.0453783
0.0447912
0.0442693
0.0438317
0.0435037
0.0433191
0.961692
0.892185
0.829085
0.771728
0.719523
0.671944
0.628523
0.588843
0.552532
0.519257
0.488723
0.460666
0.434848
0.411058
0.389107
0.368824
0.350058
0.332671
0.316541
0.301556
0.287618
0.274637
0.262531
0.251227
0.24066
0.23077
0.221501
0.212805
0.204638
0.196958
0.189728
0.182915
0.176489
0.17042
0.164683
0.159255
0.154115
0.149241
0.144617
0.140226
0.136051
0.13208
0.128299
0.124696
0.121259
0.11798
0.114847
0.111852
0.108988
0.106245
0.103618
0.1011
0.0986841
0.0963652
0.0941377
0.0919968
0.0899377
0.087956
0.0860477
0.0842089
0.082436
0.0807257
0.0790746
0.0774799
0.0759386
0.0744481
0.0730059
0.0716095
0.0702567
0.0689453
0.0676732
0.0664385
0.0652394
0.064074
0.0629406
0.0618378
0.0607638
0.0597173
0.0586969
0.0577013
0.0567293
0.0557798
0.0548518
0.0539445
0.053057
0.052189
0.0513402
0.0505106
0.0497007
0.0489115
0.0481445
0.0474024
0.0466888
0.0460091
0.0453706
0.0447834
0.0442616
0.0438239
0.043496
0.0433114
0.961692
0.892185
0.829085
0.771728
0.719523
0.671944
0.628523
0.588843
0.552532
0.519257
0.488723
0.460666
0.434848
0.411058
0.389107
0.368824
0.350058
0.332671
0.31654
0.301556
0.287618
0.274636
0.26253
0.251227
0.24066
0.230769
0.2215
0.212805
0.204637
0.196957
0.189727
0.182914
0.176488
0.170419
0.164682
0.159254
0.154113
0.14924
0.144616
0.140224
0.13605
0.132079
0.128298
0.124694
0.121258
0.117978
0.114845
0.11185
0.108986
0.106243
0.103616
0.101098
0.0986819
0.0963628
0.0941353
0.0919943
0.0899351
0.0879533
0.0860449
0.084206
0.0824331
0.0807226
0.0790715
0.0774766
0.0759353
0.0744447
0.0730024
0.0716059
0.0702529
0.0689414
0.0676692
0.0664344
0.0652351
0.0640696
0.0629361
0.0618331
0.060759
0.0597124
0.0586918
0.0576961
0.056724
0.0557743
0.0548462
0.0539386
0.0530511
0.0521829
0.051334
0.0505043
0.0496942
0.0489049
0.0481378
0.0473956
0.046682
0.0460022
0.0453636
0.0447765
0.0442546
0.043817
0.0434891
0.0433045
0.961692
0.892185
0.829085
0.771728
0.719523
0.671944
0.628523
0.588843
0.552531
0.519257
0.488723
0.460666
0.434848
0.411058
0.389107
0.368824
0.350057
0.33267
0.31654
0.301555
0.287617
0.274636
0.26253
0.251226
0.240659
0.230768
0.2215
0.212804
0.204636
0.196956
0.189726
0.182914
0.176487
0.170418
0.164681
0.159253
0.154112
0.149239
0.144615
0.140223
0.136049
0.132077
0.128296
0.124693
0.121256
0.117976
0.114843
0.111849
0.108984
0.106241
0.103614
0.101096
0.0986798
0.0963607
0.0941331
0.091992
0.0899327
0.0879509
0.0860424
0.0842034
0.0824304
0.0807198
0.0790686
0.0774737
0.0759322
0.0744416
0.0729991
0.0716025
0.0702495
0.0689379
0.0676656
0.0664307
0.0652313
0.0640657
0.0629321
0.0618289
0.0607547
0.059708
0.0586873
0.0576915
0.0567192
0.0557694
0.0548411
0.0539335
0.0530458
0.0521776
0.0513285
0.0504987
0.0496885
0.0488991
0.0481319
0.0473897
0.046676
0.0459962
0.0453577
0.0447705
0.0442487
0.0438111
0.0434832
0.0432986
0.961692
0.892185
0.829085
0.771728
0.719523
0.671944
0.628523
0.588843
0.552531
0.519257
0.488723
0.460665
0.434848
0.411058
0.389106
0.368824
0.350057
0.33267
0.31654
0.301555
0.287617
0.274635
0.262529
0.251226
0.240659
0.230768
0.221499
0.212803
0.204635
0.196955
0.189726
0.182913
0.176486
0.170417
0.16468
0.159252
0.154111
0.149238
0.144614
0.140222
0.136048
0.132076
0.128295
0.124691
0.121255
0.117975
0.114842
0.111847
0.108982
0.10624
0.103612
0.101094
0.0986779
0.0963588
0.0941311
0.0919899
0.0899306
0.0879487
0.0860401
0.0842011
0.082428
0.0807174
0.0790661
0.0774711
0.0759296
0.0744388
0.0729963
0.0715996
0.0702465
0.0689348
0.0676624
0.0664274
0.065228
0.0640622
0.0629286
0.0618253
0.060751
0.0597042
0.0586834
0.0576875
0.0567151
0.0557652
0.0548369
0.0539291
0.0530414
0.052173
0.0513239
0.050494
0.0496838
0.0488943
0.0481271
0.0473848
0.0466711
0.0459913
0.0453527
0.0447656
0.0442437
0.0438061
0.0434783
0.0432937
0.961692
0.892185
0.829085
0.771728
0.719523
0.671944
0.628523
0.588843
0.552531
0.519257
0.488723
0.460665
0.434847
0.411057
0.389106
0.368823
0.350057
0.33267
0.316539
0.301555
0.287617
0.274635
0.262529
0.251225
0.240658
0.230767
0.221498
0.212803
0.204635
0.196955
0.189725
0.182912
0.176485
0.170416
0.164679
0.159251
0.15411
0.149237
0.144613
0.140221
0.136047
0.132075
0.128294
0.12469
0.121254
0.117974
0.114841
0.111846
0.108981
0.106238
0.103611
0.101092
0.0986763
0.0963571
0.0941294
0.0919882
0.0899288
0.0879468
0.0860382
0.0841991
0.0824259
0.0807153
0.0790639
0.0774689
0.0759273
0.0744364
0.0729939
0.0715971
0.070244
0.0689322
0.0676597
0.0664247
0.0652252
0.0640594
0.0629256
0.0618223
0.060748
0.059701
0.0586802
0.0576842
0.0567118
0.0557618
0.0548334
0.0539256
0.0530378
0.0521694
0.0513202
0.0504903
0.04968
0.0488905
0.0481233
0.047381
0.0466673
0.0459874
0.0453489
0.0447618
0.04424
0.0438024
0.0434746
0.04329
0.961692
0.892185
0.829085
0.771728
0.719523
0.671944
0.628523
0.588843
0.552531
0.519257
0.488723
0.460665
0.434847
0.411057
0.389106
0.368823
0.350057
0.332669
0.316539
0.301554
0.287616
0.274635
0.262529
0.251225
0.240658
0.230767
0.221498
0.212802
0.204634
0.196954
0.189724
0.182911
0.176484
0.170415
0.164679
0.159251
0.15411
0.149236
0.144612
0.14022
0.136046
0.132074
0.128293
0.124689
0.121253
0.117972
0.114839
0.111844
0.10898
0.106237
0.10361
0.101091
0.098675
0.0963557
0.094128
0.0919867
0.0899272
0.0879452
0.0860366
0.0841975
0.0824242
0.0807135
0.0790621
0.077467
0.0759254
0.0744345
0.0729919
0.0715952
0.0702419
0.0689301
0.0676576
0.0664225
0.065223
0.0640571
0.0629233
0.06182
0.0607456
0.0596987
0.0586778
0.0576817
0.0567093
0.0557593
0.0548309
0.0539231
0.0530352
0.0521668
0.0513176
0.0504876
0.0496774
0.0488879
0.0481207
0.0473784
0.0466647
0.0459849
0.0453464
0.0447593
0.0442375
0.0438
0.0434721
0.0432876
0.961692
0.892185
0.829085
0.771728
0.719523
0.671944
0.628523
0.588843
0.552531
0.519256
0.488723
0.460665
0.434847
0.411057
0.389106
0.368823
0.350056
0.332669
0.316539
0.301554
0.287616
0.274634
0.262528
0.251225
0.240657
0.230766
0.221498
0.212802
0.204634
0.196954
0.189724
0.182911
0.176484
0.170415
0.164678
0.15925
0.154109
0.149235
0.144611
0.140219
0.136045
0.132073
0.128292
0.124688
0.121252
0.117972
0.114839
0.111844
0.108979
0.106236
0.103609
0.10109
0.0986739
0.0963546
0.0941268
0.0919855
0.0899261
0.087944
0.0860354
0.0841962
0.082423
0.0807122
0.0790608
0.0774657
0.075924
0.0744331
0.0729905
0.0715937
0.0702405
0.0689286
0.0676561
0.066421
0.0652214
0.0640556
0.0629218
0.0618184
0.060744
0.0596971
0.0586762
0.0576802
0.0567077
0.0557578
0.0548293
0.0539215
0.0530337
0.0521653
0.0513162
0.0504862
0.0496761
0.0488865
0.0481194
0.0473771
0.0466635
0.0459838
0.0453453
0.0447582
0.0442365
0.0437989
0.0434711
0.0432866
0.961692
0.892185
0.829085
0.771728
0.719523
0.671944
0.628523
0.588843
0.552531
0.519256
0.488723
0.460665
0.434847
0.411057
0.389105
0.368823
0.350056
0.332669
0.316538
0.301554
0.287616
0.274634
0.262528
0.251224
0.240657
0.230766
0.221497
0.212801
0.204634
0.196953
0.189724
0.182911
0.176484
0.170414
0.164678
0.15925
0.154109
0.149235
0.144611
0.140219
0.136044
0.132073
0.128291
0.124688
0.121251
0.117971
0.114838
0.111843
0.108978
0.106235
0.103608
0.101089
0.0986732
0.0963539
0.0941261
0.0919848
0.0899253
0.0879432
0.0860346
0.0841954
0.0824221
0.0807114
0.07906
0.0774648
0.0759232
0.0744323
0.0729896
0.0715928
0.0702396
0.0689278
0.0676553
0.0664202
0.0652206
0.0640548
0.062921
0.0618177
0.0607433
0.0596964
0.0586756
0.0576796
0.0567072
0.0557573
0.0548289
0.0539212
0.0530334
0.0521651
0.051316
0.0504862
0.0496761
0.0488867
0.0481196
0.0473775
0.0466639
0.0459843
0.0453459
0.0447589
0.0442371
0.0437996
0.0434717
0.0432873
0.961692
0.892185
0.829085
0.771728
0.719523
0.671944
0.628523
0.588843
0.552531
0.519256
0.488722
0.460665
0.434847
0.411057
0.389105
0.368823
0.350056
0.332669
0.316538
0.301554
0.287615
0.274634
0.262528
0.251224
0.240657
0.230766
0.221497
0.212801
0.204633
0.196953
0.189723
0.18291
0.176483
0.170414
0.164677
0.159249
0.154108
0.149235
0.14461
0.140219
0.136044
0.132073
0.128291
0.124687
0.121251
0.117971
0.114838
0.111843
0.108978
0.106235
0.103608
0.101089
0.0986728
0.0963535
0.0941257
0.0919844
0.0899249
0.0879429
0.0860342
0.0841951
0.0824218
0.0807111
0.0790597
0.0774645
0.0759229
0.074432
0.0729894
0.0715927
0.0702395
0.0689277
0.0676552
0.0664202
0.0652206
0.0640549
0.0629212
0.0618179
0.0607436
0.0596968
0.058676
0.0576801
0.0567078
0.055758
0.0548298
0.0539222
0.0530346
0.0521664
0.0513174
0.0504878
0.0496778
0.0488885
0.0481216
0.0473796
0.0466661
0.0459866
0.0453483
0.0447613
0.0442396
0.0438021
0.0434743
0.0432898
0.961692
0.892185
0.829085
0.771728
0.719523
0.671944
0.628523
0.588842
0.552531
0.519256
0.488722
0.460665
0.434847
0.411057
0.389105
0.368822
0.350056
0.332669
0.316538
0.301554
0.287615
0.274634
0.262528
0.251224
0.240657
0.230766
0.221497
0.212801
0.204633
0.196953
0.189723
0.18291
0.176483
0.170414
0.164677
0.159249
0.154108
0.149235
0.14461
0.140218
0.136044
0.132072
0.128291
0.124687
0.121251
0.117971
0.114837
0.111843
0.108978
0.106235
0.103608
0.101089
0.0986728
0.0963536
0.0941258
0.0919845
0.089925
0.087943
0.0860344
0.0841952
0.082422
0.0807113
0.0790599
0.0774648
0.0759232
0.0744324
0.0729899
0.0715932
0.07024
0.0689283
0.0676559
0.0664209
0.0652215
0.0640558
0.0629222
0.061819
0.0607448
0.0596981
0.0586775
0.0576817
0.0567096
0.05576
0.0548319
0.0539244
0.053037
0.052169
0.0513202
0.0504908
0.049681
0.0488919
0.0481252
0.0473833
0.04667
0.0459906
0.0453524
0.0447655
0.0442438
0.0438063
0.0434784
0.0432936
0.961692
0.892185
0.829085
0.771728
0.719523
0.671944
0.628523
0.588842
0.552531
0.519256
0.488722
0.460665
0.434847
0.411057
0.389105
0.368822
0.350056
0.332669
0.316538
0.301554
0.287615
0.274634
0.262528
0.251224
0.240657
0.230766
0.221497
0.212801
0.204633
0.196953
0.189723
0.18291
0.176483
0.170414
0.164677
0.159249
0.154108
0.149235
0.14461
0.140219
0.136044
0.132073
0.128291
0.124688
0.121251
0.117971
0.114838
0.111843
0.108978
0.106235
0.103608
0.101089
0.0986731
0.0963539
0.0941261
0.0919849
0.0899254
0.0879434
0.0860348
0.0841957
0.0824225
0.0807119
0.0790605
0.0774655
0.075924
0.0744332
0.0729907
0.071594
0.070241
0.0689293
0.067657
0.0664221
0.0652227
0.0640571
0.0629236
0.0618206
0.0607465
0.0597
0.0586795
0.0576839
0.0567119
0.0557624
0.0548345
0.0539272
0.05304
0.0521722
0.0513236
0.0504943
0.0496847
0.0488958
0.0481293
0.0473876
0.0466744
0.0459951
0.045357
0.0447702
0.0442486
0.0438111
0.0434829
0.0432975
)
;

boundaryField
{
    inlet
    {
        type            fixedValue;
        value           uniform 1;
    }
    outlet
    {
        type            inletOutlet;
        inletValue      uniform 1;
        value           nonuniform List<scalar> 
100
(
0.0432203
0.0432215
0.043224
0.0432276
0.0432322
0.0432379
0.0432444
0.0432519
0.0432602
0.0432692
0.0432788
0.0432891
0.0432998
0.043311
0.0433226
0.0433345
0.0433467
0.0433591
0.0433716
0.0433842
0.0433968
0.0434094
0.0434219
0.0434344
0.0434467
0.0434588
0.0434707
0.0434823
0.0434936
0.0435046
0.0435153
0.0435255
0.0435354
0.0435449
0.0435539
0.0435624
0.0435705
0.0435781
0.0435851
0.0435916
0.0435976
0.043603
0.0436079
0.0436122
0.0436159
0.043619
0.0436215
0.0436235
0.0436248
0.0436255
0.0436257
0.0436252
0.0436241
0.0436225
0.0436202
0.0436174
0.043614
0.04361
0.0436055
0.0436004
0.0435947
0.0435886
0.0435819
0.0435747
0.043567
0.0435589
0.0435504
0.0435414
0.043532
0.0435223
0.0435122
0.0435018
0.0434911
0.0434802
0.0434691
0.0434578
0.0434463
0.0434348
0.0434233
0.0434117
0.0434003
0.043389
0.0433778
0.043367
0.0433564
0.0433463
0.0433366
0.0433275
0.0433191
0.0433114
0.0433045
0.0432986
0.0432937
0.04329
0.0432876
0.0432866
0.0432873
0.0432898
0.0432936
0.0432975
)
;
    }
    ground
    {
        type            empty;
    }
    top
    {
        type            empty;
    }
    front
    {
        type            inletOutlet;
        inletValue      uniform 1;
        value           nonuniform List<scalar> 
100
(
0.961692
0.892185
0.829085
0.771728
0.719523
0.671944
0.628523
0.588843
0.552531
0.519256
0.488722
0.460665
0.434847
0.411057
0.389105
0.368822
0.350056
0.332669
0.316538
0.301554
0.287615
0.274634
0.262528
0.251224
0.240657
0.230766
0.221497
0.212801
0.204633
0.196953
0.189723
0.18291
0.176483
0.170414
0.164677
0.159248
0.154107
0.149234
0.144609
0.140217
0.136043
0.132071
0.128289
0.124686
0.121249
0.117969
0.114835
0.11184
0.108975
0.106232
0.103605
0.101086
0.0986693
0.0963497
0.0941216
0.09198
0.0899202
0.0879377
0.0860286
0.084189
0.0824153
0.080704
0.079052
0.0774563
0.075914
0.0744224
0.0729789
0.0715813
0.0702271
0.0689143
0.0676407
0.0664044
0.0652035
0.0640363
0.062901
0.0617961
0.0607199
0.0596711
0.0586482
0.05765
0.0566753
0.0557229
0.0547919
0.0538815
0.0529909
0.0521197
0.0512677
0.0504349
0.0496219
0.0488297
0.04806
0.0473155
0.0465999
0.0459186
0.0452789
0.0446912
0.0441692
0.0437318
0.0434043
0.0432203
)
;
    }
    back
    {
        type            inletOutlet;
        inletValue      uniform 1;
        value           nonuniform List<scalar> 
100
(
0.961692
0.892185
0.829085
0.771728
0.719523
0.671944
0.628523
0.588842
0.552531
0.519256
0.488722
0.460665
0.434847
0.411057
0.389105
0.368822
0.350056
0.332669
0.316538
0.301554
0.287615
0.274634
0.262528
0.251224
0.240657
0.230766
0.221497
0.212801
0.204633
0.196953
0.189723
0.18291
0.176483
0.170414
0.164677
0.159249
0.154108
0.149235
0.14461
0.140219
0.136044
0.132073
0.128291
0.124688
0.121251
0.117971
0.114838
0.111843
0.108978
0.106235
0.103608
0.101089
0.0986731
0.0963539
0.0941261
0.0919849
0.0899254
0.0879434
0.0860348
0.0841957
0.0824225
0.0807119
0.0790605
0.0774655
0.075924
0.0744332
0.0729907
0.071594
0.070241
0.0689293
0.067657
0.0664221
0.0652227
0.0640571
0.0629236
0.0618206
0.0607465
0.0597
0.0586795
0.0576839
0.0567119
0.0557624
0.0548345
0.0539272
0.05304
0.0521722
0.0513236
0.0504943
0.0496847
0.0488958
0.0481293
0.0473876
0.0466744
0.0459951
0.045357
0.0447702
0.0442486
0.0438111
0.0434829
0.0432975
)
;
    }
}


// ************************************************************************* //
