/*--------------------------------*- C++ -*----------------------------------*\
  =========                 |
  \\      /  F ield         | OpenFOAM: The Open Source CFD Toolbox
   \\    /   O peration     | Website:  https://openfoam.org
    \\  /    A nd           | Version:  11
     \\/     M anipulation  |
\*---------------------------------------------------------------------------*/
FoamFile
{
    format      ascii;
    class       volScalarField;
    location    "34";
    object      omega;
}
// * * * * * * * * * * * * * * * * * * * * * * * * * * * * * * * * * * * * * //

dimensions      [0 0 -1 0 0 0 0];

internalField   nonuniform List<scalar> 
10000
(
0.960917
0.889521
0.824165
0.764198
0.709087
0.658418
0.611887
0.569274
0.530427
0.495223
0.463543
0.43525
0.410177
0.388125
0.368871
0.35217
0.337774
0.325434
0.314912
0.305984
0.298443
0.292102
0.286795
0.282374
0.278705
0.275673
0.273175
0.271126
0.269451
0.268087
0.266979
0.266082
0.265358
0.264775
0.264305
0.263928
0.263625
0.263381
0.263185
0.263027
0.262899
0.262795
0.26271
0.262641
0.262583
0.262535
0.262494
0.26246
0.26243
0.262405
0.262382
0.262363
0.262345
0.262329
0.262315
0.262303
0.262291
0.262281
0.262271
0.262262
0.262254
0.262246
0.262239
0.262233
0.262227
0.262221
0.262216
0.262212
0.262207
0.262203
0.262199
0.262195
0.262192
0.262189
0.262186
0.262183
0.26218
0.262177
0.262175
0.262172
0.26217
0.262168
0.262165
0.262163
0.262161
0.262159
0.262157
0.262155
0.262153
0.26215
0.262148
0.262146
0.262144
0.262142
0.26214
0.262139
0.262137
0.262136
0.262135
0.262134
0.960917
0.889527
0.824178
0.764217
0.709113
0.658451
0.611926
0.569319
0.530477
0.495276
0.463599
0.435306
0.410233
0.388181
0.368925
0.352221
0.337822
0.325479
0.314954
0.306023
0.298479
0.292136
0.286827
0.282402
0.27873
0.275694
0.273194
0.271142
0.269466
0.2681
0.26699
0.266092
0.265367
0.264783
0.264312
0.263934
0.263631
0.263387
0.26319
0.263032
0.262903
0.262799
0.262714
0.262644
0.262586
0.262538
0.262497
0.262462
0.262433
0.262407
0.262384
0.262365
0.262347
0.262331
0.262317
0.262304
0.262293
0.262282
0.262272
0.262263
0.262255
0.262248
0.262241
0.262234
0.262228
0.262222
0.262217
0.262212
0.262208
0.262204
0.2622
0.262196
0.262192
0.262189
0.262186
0.262183
0.26218
0.262178
0.262175
0.262173
0.26217
0.262168
0.262166
0.262164
0.262161
0.262159
0.262157
0.262155
0.262153
0.262151
0.262149
0.262146
0.262144
0.262142
0.262141
0.262139
0.262137
0.262136
0.262135
0.262135
0.960917
0.889535
0.824198
0.764249
0.709157
0.658507
0.611992
0.569395
0.530561
0.495367
0.463693
0.435403
0.410329
0.388274
0.369014
0.352306
0.337901
0.325551
0.31502
0.306083
0.298534
0.292186
0.286872
0.282442
0.278765
0.275724
0.27322
0.271165
0.269485
0.268117
0.267005
0.266105
0.265378
0.264792
0.264321
0.263942
0.263638
0.263393
0.263196
0.263037
0.262908
0.262804
0.262718
0.262648
0.26259
0.262541
0.2625
0.262466
0.262436
0.26241
0.262387
0.262367
0.26235
0.262334
0.262319
0.262307
0.262295
0.262284
0.262274
0.262265
0.262257
0.262249
0.262242
0.262236
0.262229
0.262224
0.262219
0.262214
0.262209
0.262205
0.262201
0.262197
0.262193
0.26219
0.262187
0.262184
0.262181
0.262179
0.262176
0.262174
0.262171
0.262169
0.262166
0.262164
0.262162
0.26216
0.262158
0.262155
0.262153
0.262151
0.262149
0.262147
0.262145
0.262143
0.262141
0.262139
0.262138
0.262136
0.262135
0.262135
0.960917
0.889543
0.82422
0.764287
0.709212
0.658578
0.612079
0.569497
0.530674
0.495489
0.463821
0.435533
0.410459
0.388401
0.369136
0.352421
0.338008
0.32565
0.31511
0.306164
0.298607
0.292252
0.28693
0.282493
0.278809
0.275763
0.273253
0.271194
0.26951
0.268138
0.267023
0.266121
0.265392
0.264804
0.264331
0.263951
0.263645
0.2634
0.263202
0.263043
0.262913
0.262809
0.262723
0.262652
0.262594
0.262545
0.262504
0.262469
0.262439
0.262413
0.26239
0.26237
0.262353
0.262337
0.262322
0.262309
0.262297
0.262287
0.262277
0.262268
0.262259
0.262251
0.262244
0.262238
0.262231
0.262226
0.26222
0.262215
0.262211
0.262206
0.262202
0.262198
0.262195
0.262191
0.262188
0.262185
0.262182
0.26218
0.262177
0.262174
0.262172
0.26217
0.262167
0.262165
0.262163
0.26216
0.262158
0.262156
0.262154
0.262152
0.262149
0.262147
0.262145
0.262143
0.262141
0.26214
0.262138
0.262137
0.262136
0.262135
0.960918
0.889552
0.824241
0.764327
0.709272
0.658659
0.61218
0.569616
0.530809
0.495636
0.463976
0.435692
0.410618
0.388556
0.369285
0.352562
0.338139
0.325771
0.31522
0.306264
0.298697
0.292332
0.287001
0.282555
0.278863
0.27581
0.273293
0.271228
0.269539
0.268163
0.267045
0.266139
0.265407
0.264817
0.264343
0.263961
0.263654
0.263408
0.263209
0.263049
0.262919
0.262814
0.262728
0.262657
0.262599
0.26255
0.262508
0.262473
0.262443
0.262417
0.262394
0.262374
0.262356
0.26234
0.262325
0.262312
0.2623
0.262289
0.262279
0.26227
0.262262
0.262254
0.262247
0.26224
0.262233
0.262228
0.262222
0.262217
0.262212
0.262208
0.262204
0.2622
0.262196
0.262193
0.26219
0.262186
0.262184
0.262181
0.262178
0.262176
0.262173
0.262171
0.262168
0.262166
0.262164
0.262161
0.262159
0.262157
0.262155
0.262152
0.26215
0.262148
0.262146
0.262144
0.262142
0.26214
0.262138
0.262137
0.262136
0.262135
0.960919
0.889559
0.824262
0.764366
0.709333
0.658744
0.612289
0.569746
0.530958
0.4958
0.46415
0.435871
0.410798
0.388733
0.369455
0.352723
0.33829
0.325911
0.315348
0.306379
0.2988
0.292423
0.287082
0.282626
0.278925
0.275863
0.273339
0.271268
0.269573
0.268191
0.267069
0.26616
0.265425
0.264832
0.264355
0.263972
0.263664
0.263416
0.263217
0.263056
0.262925
0.26282
0.262733
0.262662
0.262603
0.262554
0.262513
0.262477
0.262447
0.262421
0.262398
0.262378
0.26236
0.262343
0.262329
0.262316
0.262303
0.262292
0.262282
0.262273
0.262264
0.262256
0.262249
0.262242
0.262236
0.26223
0.262224
0.262219
0.262214
0.26221
0.262206
0.262202
0.262198
0.262194
0.262191
0.262188
0.262185
0.262182
0.262179
0.262177
0.262174
0.262172
0.262169
0.262167
0.262164
0.262162
0.26216
0.262158
0.262155
0.262153
0.262151
0.262149
0.262146
0.262144
0.262142
0.262141
0.262139
0.262138
0.262137
0.262136
0.96092
0.889567
0.824282
0.764404
0.709393
0.658829
0.612399
0.569881
0.531115
0.495973
0.464336
0.436064
0.410993
0.388926
0.369642
0.352901
0.338457
0.326064
0.315488
0.306507
0.298914
0.292525
0.287172
0.282705
0.278993
0.275922
0.27339
0.271311
0.26961
0.268222
0.267095
0.266182
0.265444
0.264848
0.264369
0.263984
0.263674
0.263425
0.263224
0.263062
0.262932
0.262825
0.262738
0.262667
0.262608
0.262559
0.262517
0.262481
0.262451
0.262425
0.262402
0.262381
0.262363
0.262347
0.262332
0.262319
0.262307
0.262295
0.262285
0.262276
0.262267
0.262259
0.262251
0.262245
0.262238
0.262232
0.262226
0.262221
0.262216
0.262212
0.262207
0.262203
0.262199
0.262196
0.262192
0.262189
0.262186
0.262183
0.262181
0.262178
0.262175
0.262173
0.26217
0.262168
0.262165
0.262163
0.262161
0.262158
0.262156
0.262154
0.262151
0.262149
0.262147
0.262145
0.262143
0.262141
0.262139
0.262138
0.262137
0.262136
0.96092
0.889573
0.8243
0.764439
0.70945
0.658912
0.612509
0.570017
0.531274
0.496152
0.464528
0.436265
0.411198
0.389129
0.369839
0.353089
0.338634
0.326229
0.315639
0.306643
0.299037
0.292634
0.287268
0.282789
0.279066
0.275985
0.273444
0.271357
0.269649
0.268255
0.267123
0.266205
0.265463
0.264865
0.264383
0.263995
0.263684
0.263433
0.263232
0.263069
0.262938
0.262831
0.262743
0.262672
0.262612
0.262563
0.262521
0.262485
0.262455
0.262428
0.262405
0.262385
0.262366
0.26235
0.262335
0.262322
0.26231
0.262298
0.262288
0.262279
0.26227
0.262262
0.262254
0.262247
0.26224
0.262234
0.262228
0.262223
0.262218
0.262213
0.262209
0.262205
0.262201
0.262197
0.262194
0.262191
0.262188
0.262185
0.262182
0.262179
0.262176
0.262174
0.262171
0.262169
0.262166
0.262164
0.262162
0.262159
0.262157
0.262154
0.262152
0.26215
0.262148
0.262146
0.262143
0.262142
0.26214
0.262139
0.262137
0.262137
0.960921
0.889579
0.824317
0.764472
0.709505
0.658991
0.612615
0.57015
0.531432
0.49633
0.464723
0.43647
0.411407
0.389338
0.370043
0.353285
0.338818
0.3264
0.315796
0.306786
0.299165
0.292748
0.287368
0.282877
0.279143
0.276051
0.2735
0.271405
0.269689
0.26829
0.267152
0.266229
0.265483
0.264881
0.264397
0.264007
0.263694
0.263442
0.263239
0.263075
0.262943
0.262836
0.262748
0.262676
0.262616
0.262567
0.262525
0.262489
0.262458
0.262432
0.262408
0.262388
0.26237
0.262353
0.262338
0.262325
0.262312
0.262301
0.262291
0.262281
0.262272
0.262264
0.262256
0.262249
0.262242
0.262236
0.26223
0.262225
0.26222
0.262215
0.262211
0.262206
0.262203
0.262199
0.262195
0.262192
0.262189
0.262186
0.262183
0.26218
0.262177
0.262175
0.262172
0.26217
0.262167
0.262165
0.262162
0.26216
0.262158
0.262155
0.262153
0.26215
0.262148
0.262146
0.262144
0.262142
0.26214
0.262139
0.262138
0.262137
0.960922
0.889585
0.824332
0.764503
0.709556
0.659067
0.612718
0.570279
0.531586
0.496507
0.464916
0.436675
0.411617
0.389549
0.37025
0.353484
0.339006
0.326576
0.315958
0.306933
0.299297
0.292866
0.287473
0.282968
0.279222
0.276119
0.273558
0.271454
0.269731
0.268324
0.267181
0.266253
0.265503
0.264898
0.26441
0.264018
0.263703
0.26345
0.263246
0.263081
0.262948
0.26284
0.262752
0.26268
0.26262
0.26257
0.262528
0.262492
0.262461
0.262435
0.262411
0.262391
0.262372
0.262356
0.262341
0.262327
0.262315
0.262304
0.262293
0.262283
0.262274
0.262266
0.262258
0.262251
0.262244
0.262238
0.262232
0.262227
0.262222
0.262217
0.262212
0.262208
0.262204
0.2622
0.262197
0.262193
0.26219
0.262187
0.262184
0.262181
0.262178
0.262176
0.262173
0.26217
0.262168
0.262166
0.262163
0.262161
0.262158
0.262156
0.262153
0.262151
0.262149
0.262147
0.262145
0.262143
0.262141
0.26214
0.262138
0.262138
0.960923
0.889591
0.824347
0.764532
0.709604
0.659138
0.612815
0.570403
0.531735
0.496678
0.465105
0.436876
0.411826
0.389759
0.370457
0.353683
0.339196
0.326753
0.316121
0.307082
0.299432
0.292986
0.287578
0.283061
0.279302
0.276188
0.273618
0.271504
0.269773
0.26836
0.26721
0.266277
0.265523
0.264914
0.264424
0.264029
0.263712
0.263457
0.263252
0.263086
0.262953
0.262844
0.262756
0.262683
0.262623
0.262573
0.26253
0.262495
0.262464
0.262437
0.262414
0.262393
0.262375
0.262358
0.262343
0.26233
0.262317
0.262306
0.262295
0.262285
0.262276
0.262268
0.26226
0.262253
0.262246
0.26224
0.262234
0.262228
0.262223
0.262218
0.262214
0.262209
0.262205
0.262201
0.262198
0.262194
0.262191
0.262188
0.262185
0.262182
0.262179
0.262176
0.262174
0.262171
0.262169
0.262166
0.262164
0.262161
0.262159
0.262156
0.262154
0.262152
0.262149
0.262147
0.262145
0.262143
0.262141
0.26214
0.262139
0.262138
0.960924
0.889596
0.824361
0.764559
0.709649
0.659206
0.612907
0.570521
0.531879
0.496843
0.465288
0.437073
0.41203
0.389965
0.370661
0.353881
0.339384
0.326929
0.316284
0.307231
0.299566
0.293106
0.287685
0.283154
0.279383
0.276258
0.273677
0.271554
0.269815
0.268395
0.267239
0.266301
0.265542
0.26493
0.264437
0.26404
0.26372
0.263464
0.263257
0.263091
0.262956
0.262847
0.262758
0.262685
0.262625
0.262575
0.262533
0.262497
0.262466
0.262439
0.262416
0.262395
0.262377
0.26236
0.262345
0.262331
0.262319
0.262308
0.262297
0.262287
0.262278
0.26227
0.262262
0.262254
0.262248
0.262241
0.262235
0.26223
0.262224
0.262219
0.262215
0.26221
0.262206
0.262202
0.262199
0.262195
0.262192
0.262189
0.262186
0.262183
0.26218
0.262177
0.262174
0.262172
0.262169
0.262167
0.262164
0.262162
0.262159
0.262157
0.262154
0.262152
0.26215
0.262148
0.262145
0.262144
0.262142
0.26214
0.262139
0.262138
0.960924
0.889601
0.824374
0.764584
0.709692
0.659269
0.612994
0.570633
0.532015
0.497002
0.465465
0.437262
0.412228
0.390166
0.37086
0.354075
0.33957
0.327104
0.316446
0.307379
0.2997
0.293226
0.287791
0.283247
0.279464
0.276327
0.273736
0.271604
0.269857
0.26843
0.267268
0.266325
0.265561
0.264945
0.264449
0.264049
0.263728
0.26347
0.263262
0.263095
0.26296
0.26285
0.262761
0.262687
0.262627
0.262576
0.262534
0.262498
0.262467
0.262441
0.262417
0.262397
0.262378
0.262362
0.262347
0.262333
0.26232
0.262309
0.262298
0.262289
0.262279
0.262271
0.262263
0.262256
0.262249
0.262242
0.262236
0.262231
0.262225
0.26222
0.262216
0.262211
0.262207
0.262203
0.262199
0.262196
0.262192
0.262189
0.262186
0.262183
0.26218
0.262178
0.262175
0.262172
0.26217
0.262167
0.262165
0.262162
0.26216
0.262157
0.262155
0.262152
0.26215
0.262148
0.262146
0.262144
0.262142
0.262141
0.26214
0.262139
0.960925
0.889606
0.824386
0.764608
0.709731
0.659328
0.613076
0.570739
0.532144
0.497153
0.465634
0.437445
0.412419
0.390361
0.371054
0.354264
0.339751
0.327274
0.316605
0.307524
0.299832
0.293344
0.287895
0.283339
0.279544
0.276396
0.273795
0.271654
0.269898
0.268464
0.267296
0.266347
0.26558
0.26496
0.26446
0.264058
0.263735
0.263475
0.263266
0.263098
0.262962
0.262852
0.262762
0.262689
0.262628
0.262577
0.262535
0.262499
0.262468
0.262441
0.262418
0.262397
0.262379
0.262363
0.262348
0.262334
0.262321
0.26231
0.262299
0.26229
0.26228
0.262272
0.262264
0.262257
0.26225
0.262243
0.262237
0.262231
0.262226
0.262221
0.262216
0.262212
0.262208
0.262204
0.2622
0.262196
0.262193
0.26219
0.262187
0.262184
0.262181
0.262178
0.262175
0.262173
0.26217
0.262167
0.262165
0.262162
0.26216
0.262158
0.262155
0.262153
0.26215
0.262148
0.262146
0.262144
0.262142
0.262141
0.26214
0.262139
0.960926
0.88961
0.824397
0.76463
0.709768
0.659384
0.613153
0.570839
0.532266
0.497295
0.465794
0.437619
0.412602
0.390548
0.371241
0.354447
0.339927
0.327441
0.31676
0.307667
0.299961
0.29346
0.287998
0.283429
0.279622
0.276463
0.273852
0.271702
0.269939
0.268497
0.267323
0.26637
0.265597
0.264974
0.264471
0.264067
0.263742
0.26348
0.26327
0.263101
0.262964
0.262853
0.262763
0.262689
0.262628
0.262578
0.262535
0.262499
0.262468
0.262442
0.262418
0.262398
0.26238
0.262363
0.262348
0.262335
0.262322
0.262311
0.2623
0.26229
0.262281
0.262273
0.262265
0.262257
0.26225
0.262244
0.262238
0.262232
0.262227
0.262222
0.262217
0.262212
0.262208
0.262204
0.2622
0.262197
0.262193
0.26219
0.262187
0.262184
0.262181
0.262178
0.262175
0.262173
0.26217
0.262168
0.262165
0.262163
0.26216
0.262158
0.262155
0.262153
0.262151
0.262148
0.262146
0.262144
0.262143
0.262141
0.26214
0.262139
0.960927
0.889614
0.824408
0.764651
0.709803
0.659436
0.613225
0.570932
0.532381
0.49743
0.465946
0.437784
0.412776
0.390727
0.371421
0.354623
0.340096
0.327601
0.316909
0.307804
0.300086
0.293572
0.288098
0.283517
0.279698
0.276529
0.273908
0.271749
0.269978
0.26853
0.267349
0.266391
0.265614
0.264987
0.264481
0.264074
0.263747
0.263484
0.263273
0.263102
0.262965
0.262854
0.262763
0.262689
0.262628
0.262578
0.262535
0.262499
0.262468
0.262442
0.262418
0.262398
0.26238
0.262363
0.262348
0.262335
0.262322
0.262311
0.2623
0.262291
0.262281
0.262273
0.262265
0.262258
0.262251
0.262244
0.262238
0.262232
0.262227
0.262222
0.262217
0.262213
0.262208
0.262204
0.2622
0.262197
0.262193
0.26219
0.262187
0.262184
0.262181
0.262178
0.262176
0.262173
0.26217
0.262168
0.262165
0.262163
0.26216
0.262158
0.262155
0.262153
0.262151
0.262148
0.262146
0.262144
0.262143
0.262141
0.26214
0.262139
0.960928
0.889619
0.824418
0.764671
0.709835
0.659484
0.613292
0.57102
0.532489
0.497558
0.46609
0.437941
0.412942
0.390898
0.371592
0.354792
0.340259
0.327756
0.317054
0.307938
0.300208
0.293681
0.288195
0.283602
0.279773
0.276593
0.273962
0.271795
0.270016
0.268561
0.267375
0.266411
0.26563
0.264999
0.264491
0.264081
0.263752
0.263488
0.263275
0.263104
0.262966
0.262854
0.262763
0.262689
0.262628
0.262577
0.262534
0.262498
0.262468
0.262441
0.262418
0.262397
0.262379
0.262363
0.262348
0.262335
0.262322
0.262311
0.2623
0.262291
0.262282
0.262273
0.262265
0.262258
0.262251
0.262244
0.262238
0.262232
0.262227
0.262222
0.262217
0.262213
0.262208
0.262204
0.2622
0.262197
0.262193
0.26219
0.262187
0.262184
0.262181
0.262178
0.262175
0.262173
0.26217
0.262168
0.262165
0.262163
0.26216
0.262158
0.262155
0.262153
0.262151
0.262148
0.262146
0.262144
0.262143
0.262141
0.26214
0.262139
0.960928
0.889622
0.824428
0.764689
0.709866
0.65953
0.613355
0.571102
0.532591
0.497677
0.466225
0.438089
0.413099
0.39106
0.371755
0.354953
0.340414
0.327904
0.317193
0.308066
0.300324
0.293787
0.288289
0.283684
0.279844
0.276654
0.274015
0.271839
0.270053
0.268591
0.267399
0.26643
0.265646
0.265011
0.2645
0.264088
0.263757
0.26349
0.263277
0.263104
0.262966
0.262853
0.262762
0.262688
0.262626
0.262576
0.262533
0.262497
0.262466
0.26244
0.262417
0.262397
0.262378
0.262362
0.262348
0.262334
0.262322
0.262311
0.2623
0.26229
0.262281
0.262273
0.262265
0.262257
0.262251
0.262244
0.262238
0.262232
0.262227
0.262222
0.262217
0.262212
0.262208
0.262204
0.2622
0.262197
0.262193
0.26219
0.262187
0.262184
0.262181
0.262178
0.262175
0.262173
0.26217
0.262167
0.262165
0.262162
0.26216
0.262158
0.262155
0.262153
0.262151
0.262148
0.262146
0.262144
0.262143
0.262141
0.26214
0.262139
0.960929
0.889626
0.824437
0.764706
0.709894
0.659572
0.613414
0.571179
0.532685
0.497789
0.466353
0.438229
0.413247
0.391213
0.37191
0.355105
0.340562
0.328045
0.317325
0.308188
0.300436
0.293887
0.288379
0.283764
0.279913
0.276714
0.274065
0.271882
0.270088
0.26862
0.267422
0.266449
0.26566
0.265022
0.264508
0.264093
0.26376
0.263493
0.263278
0.263105
0.262965
0.262852
0.262761
0.262686
0.262625
0.262574
0.262531
0.262496
0.262465
0.262439
0.262416
0.262395
0.262377
0.262361
0.262347
0.262333
0.262321
0.26231
0.262299
0.26229
0.262281
0.262272
0.262264
0.262257
0.26225
0.262244
0.262238
0.262232
0.262226
0.262221
0.262217
0.262212
0.262208
0.262204
0.2622
0.262196
0.262193
0.26219
0.262186
0.262183
0.26218
0.262178
0.262175
0.262172
0.26217
0.262167
0.262165
0.262162
0.26216
0.262157
0.262155
0.262153
0.26215
0.262148
0.262146
0.262144
0.262143
0.262141
0.26214
0.262139
0.96093
0.88963
0.824445
0.764722
0.709921
0.659612
0.613469
0.57125
0.532774
0.497894
0.466472
0.438359
0.413386
0.391358
0.372056
0.35525
0.340703
0.328179
0.317451
0.308305
0.300543
0.293984
0.288465
0.28384
0.279979
0.276771
0.274114
0.271922
0.270122
0.268647
0.267444
0.266466
0.265673
0.265032
0.264515
0.264098
0.263764
0.263494
0.263278
0.263104
0.262964
0.262851
0.262759
0.262684
0.262623
0.262572
0.262529
0.262494
0.262463
0.262437
0.262414
0.262394
0.262376
0.26236
0.262345
0.262332
0.26232
0.262309
0.262299
0.262289
0.26228
0.262272
0.262264
0.262256
0.26225
0.262243
0.262237
0.262231
0.262226
0.262221
0.262216
0.262211
0.262207
0.262203
0.262199
0.262196
0.262192
0.262189
0.262186
0.262183
0.26218
0.262177
0.262174
0.262172
0.262169
0.262167
0.262164
0.262162
0.262159
0.262157
0.262155
0.262152
0.26215
0.262148
0.262146
0.262144
0.262143
0.262141
0.26214
0.262139
0.96093
0.889633
0.824453
0.764737
0.709945
0.659648
0.61352
0.571317
0.532856
0.497992
0.466583
0.438482
0.413517
0.391493
0.372194
0.355387
0.340836
0.328306
0.317571
0.308416
0.300645
0.294076
0.288547
0.283912
0.280043
0.276825
0.27416
0.271961
0.270154
0.268674
0.267465
0.266483
0.265686
0.265042
0.264522
0.264103
0.263766
0.263496
0.263278
0.263104
0.262963
0.262849
0.262757
0.262682
0.262621
0.26257
0.262527
0.262491
0.262461
0.262435
0.262412
0.262392
0.262374
0.262358
0.262344
0.262331
0.262319
0.262308
0.262297
0.262288
0.262279
0.262271
0.262263
0.262256
0.262249
0.262242
0.262236
0.262231
0.262225
0.26222
0.262215
0.262211
0.262207
0.262203
0.262199
0.262195
0.262192
0.262188
0.262185
0.262182
0.262179
0.262177
0.262174
0.262171
0.262169
0.262166
0.262164
0.262161
0.262159
0.262157
0.262154
0.262152
0.26215
0.262148
0.262146
0.262144
0.262142
0.262141
0.26214
0.262139
0.960931
0.889636
0.824461
0.764751
0.709968
0.659683
0.613567
0.571379
0.532933
0.498083
0.466687
0.438597
0.41364
0.391621
0.372323
0.355515
0.340961
0.328426
0.317684
0.308522
0.300741
0.294163
0.288625
0.283981
0.280103
0.276877
0.274204
0.271998
0.270184
0.268698
0.267485
0.266498
0.265698
0.26505
0.264528
0.264107
0.263768
0.263497
0.263278
0.263103
0.262961
0.262847
0.262755
0.26268
0.262618
0.262567
0.262525
0.262489
0.262459
0.262433
0.26241
0.26239
0.262372
0.262357
0.262342
0.262329
0.262317
0.262306
0.262296
0.262287
0.262278
0.26227
0.262262
0.262255
0.262248
0.262241
0.262235
0.26223
0.262224
0.262219
0.262214
0.26221
0.262206
0.262202
0.262198
0.262194
0.262191
0.262188
0.262185
0.262182
0.262179
0.262176
0.262173
0.262171
0.262168
0.262166
0.262163
0.262161
0.262158
0.262156
0.262154
0.262152
0.262149
0.262147
0.262145
0.262144
0.262142
0.262141
0.26214
0.262139
0.960932
0.889639
0.824468
0.764764
0.709989
0.659714
0.613611
0.571436
0.533005
0.498168
0.466784
0.438704
0.413755
0.39174
0.372444
0.355636
0.341079
0.328539
0.317791
0.308621
0.300833
0.294246
0.288699
0.284047
0.28016
0.276926
0.274246
0.272033
0.270213
0.268722
0.267504
0.266513
0.265709
0.265058
0.264533
0.26411
0.26377
0.263497
0.263278
0.263101
0.262959
0.262845
0.262752
0.262677
0.262615
0.262564
0.262522
0.262486
0.262456
0.26243
0.262407
0.262388
0.26237
0.262355
0.26234
0.262327
0.262316
0.262305
0.262295
0.262285
0.262276
0.262268
0.262261
0.262253
0.262247
0.26224
0.262234
0.262229
0.262223
0.262218
0.262214
0.262209
0.262205
0.262201
0.262197
0.262193
0.26219
0.262187
0.262184
0.262181
0.262178
0.262175
0.262173
0.26217
0.262167
0.262165
0.262163
0.26216
0.262158
0.262156
0.262153
0.262151
0.262149
0.262147
0.262145
0.262143
0.262142
0.26214
0.262139
0.262139
0.960932
0.889642
0.824474
0.764776
0.710009
0.659744
0.613652
0.57149
0.533071
0.498247
0.466875
0.438804
0.413861
0.391852
0.372558
0.355749
0.34119
0.328646
0.317892
0.308715
0.300919
0.294325
0.288769
0.284109
0.280214
0.276973
0.274286
0.272067
0.270241
0.268744
0.267522
0.266527
0.265719
0.265066
0.264538
0.264114
0.263772
0.263497
0.263277
0.2631
0.262957
0.262843
0.26275
0.262674
0.262612
0.262561
0.262519
0.262483
0.262453
0.262427
0.262405
0.262385
0.262368
0.262352
0.262338
0.262326
0.262314
0.262303
0.262293
0.262284
0.262275
0.262267
0.262259
0.262252
0.262245
0.262239
0.262233
0.262227
0.262222
0.262217
0.262213
0.262208
0.262204
0.2622
0.262196
0.262193
0.262189
0.262186
0.262183
0.26218
0.262177
0.262174
0.262172
0.262169
0.262167
0.262164
0.262162
0.26216
0.262157
0.262155
0.262153
0.262151
0.262149
0.262147
0.262145
0.262143
0.262141
0.26214
0.262139
0.262138
0.960933
0.889645
0.82448
0.764788
0.710028
0.659771
0.61369
0.571539
0.533133
0.49832
0.466959
0.438897
0.413961
0.391956
0.372664
0.355855
0.341294
0.328746
0.317986
0.308803
0.301
0.294398
0.288835
0.284167
0.280265
0.277017
0.274323
0.272098
0.270267
0.268766
0.267539
0.26654
0.265729
0.265073
0.264543
0.264116
0.263773
0.263497
0.263276
0.263098
0.262955
0.26284
0.262747
0.262671
0.262609
0.262558
0.262516
0.26248
0.26245
0.262425
0.262402
0.262383
0.262366
0.26235
0.262336
0.262323
0.262312
0.262301
0.262291
0.262282
0.262273
0.262265
0.262258
0.262251
0.262244
0.262238
0.262232
0.262226
0.262221
0.262216
0.262211
0.262207
0.262203
0.262199
0.262195
0.262192
0.262188
0.262185
0.262182
0.262179
0.262176
0.262173
0.262171
0.262168
0.262166
0.262163
0.262161
0.262159
0.262157
0.262154
0.262152
0.26215
0.262148
0.262146
0.262144
0.262142
0.262141
0.26214
0.262139
0.262138
0.960933
0.889647
0.824486
0.764798
0.710045
0.659797
0.613725
0.571585
0.53319
0.498388
0.467037
0.438983
0.414054
0.392053
0.372763
0.355954
0.341391
0.328839
0.318075
0.308886
0.301077
0.294468
0.288898
0.284222
0.280314
0.277059
0.274359
0.272128
0.270291
0.268785
0.267555
0.266552
0.265738
0.265079
0.264547
0.264119
0.263774
0.263497
0.263275
0.263096
0.262953
0.262837
0.262744
0.262668
0.262606
0.262555
0.262513
0.262477
0.262447
0.262422
0.2624
0.26238
0.262363
0.262348
0.262334
0.262321
0.26231
0.262299
0.262289
0.26228
0.262272
0.262264
0.262256
0.262249
0.262243
0.262236
0.262231
0.262225
0.26222
0.262215
0.26221
0.262206
0.262202
0.262198
0.262194
0.26219
0.262187
0.262184
0.262181
0.262178
0.262175
0.262173
0.26217
0.262167
0.262165
0.262163
0.26216
0.262158
0.262156
0.262154
0.262152
0.262149
0.262147
0.262146
0.262144
0.262142
0.262141
0.262139
0.262138
0.262138
0.960934
0.889649
0.824491
0.764808
0.71006
0.65982
0.613758
0.571627
0.533243
0.498451
0.467109
0.439063
0.41414
0.392143
0.372855
0.356047
0.341482
0.328927
0.318158
0.308964
0.301148
0.294533
0.288956
0.284274
0.280359
0.277098
0.274392
0.272156
0.270315
0.268804
0.267569
0.266563
0.265747
0.265085
0.264551
0.264121
0.263775
0.263497
0.263274
0.263094
0.26295
0.262834
0.262741
0.262665
0.262603
0.262552
0.262509
0.262474
0.262444
0.262419
0.262397
0.262378
0.262361
0.262345
0.262332
0.262319
0.262308
0.262297
0.262288
0.262278
0.26227
0.262262
0.262255
0.262248
0.262241
0.262235
0.262229
0.262224
0.262218
0.262214
0.262209
0.262205
0.2622
0.262197
0.262193
0.262189
0.262186
0.262183
0.26218
0.262177
0.262174
0.262172
0.262169
0.262167
0.262164
0.262162
0.26216
0.262157
0.262155
0.262153
0.262151
0.262149
0.262147
0.262145
0.262143
0.262142
0.26214
0.262139
0.262138
0.262137
0.960934
0.889651
0.824496
0.764817
0.710075
0.659842
0.613788
0.571667
0.533291
0.498509
0.467175
0.439137
0.41422
0.392227
0.372941
0.356133
0.341566
0.329008
0.318236
0.309036
0.301215
0.294594
0.289011
0.284323
0.280402
0.277135
0.274424
0.272182
0.270336
0.268822
0.267583
0.266574
0.265754
0.265091
0.264555
0.264123
0.263775
0.263496
0.263272
0.263092
0.262948
0.262831
0.262738
0.262661
0.262599
0.262548
0.262506
0.262471
0.262441
0.262416
0.262394
0.262375
0.262358
0.262343
0.262329
0.262317
0.262306
0.262295
0.262286
0.262277
0.262268
0.26226
0.262253
0.262246
0.26224
0.262234
0.262228
0.262222
0.262217
0.262212
0.262208
0.262203
0.262199
0.262195
0.262192
0.262188
0.262185
0.262182
0.262179
0.262176
0.262173
0.262171
0.262168
0.262166
0.262163
0.262161
0.262159
0.262156
0.262154
0.262152
0.26215
0.262148
0.262146
0.262144
0.262143
0.262141
0.26214
0.262138
0.262137
0.262137
0.960935
0.889653
0.824501
0.764825
0.710089
0.659862
0.613815
0.571703
0.533337
0.498563
0.467237
0.439206
0.414294
0.392304
0.373021
0.356212
0.341644
0.329084
0.318308
0.309104
0.301278
0.294651
0.289063
0.284369
0.280442
0.277169
0.274453
0.272207
0.270357
0.268838
0.267596
0.266584
0.265762
0.265096
0.264558
0.264124
0.263776
0.263495
0.263271
0.26309
0.262945
0.262829
0.262735
0.262658
0.262596
0.262545
0.262503
0.262468
0.262438
0.262413
0.262391
0.262372
0.262355
0.26234
0.262327
0.262315
0.262304
0.262293
0.262284
0.262275
0.262267
0.262259
0.262251
0.262245
0.262238
0.262232
0.262226
0.262221
0.262216
0.262211
0.262206
0.262202
0.262198
0.262194
0.26219
0.262187
0.262184
0.262181
0.262178
0.262175
0.262172
0.26217
0.262167
0.262165
0.262162
0.26216
0.262158
0.262156
0.262154
0.262151
0.262149
0.262148
0.262146
0.262144
0.262142
0.262141
0.262139
0.262138
0.262137
0.262136
0.960935
0.889655
0.824505
0.764833
0.710101
0.65988
0.613841
0.571736
0.533378
0.498612
0.467294
0.439269
0.414362
0.392376
0.373094
0.356286
0.341717
0.329155
0.318375
0.309167
0.301336
0.294704
0.28911
0.284411
0.280479
0.277202
0.274481
0.27223
0.270376
0.268854
0.267608
0.266593
0.265769
0.265101
0.264561
0.264126
0.263776
0.263495
0.263269
0.263088
0.262943
0.262826
0.262731
0.262655
0.262593
0.262542
0.2625
0.262465
0.262435
0.26241
0.262388
0.262369
0.262353
0.262338
0.262325
0.262313
0.262301
0.262291
0.262282
0.262273
0.262265
0.262257
0.26225
0.262243
0.262237
0.262231
0.262225
0.262219
0.262214
0.26221
0.262205
0.262201
0.262197
0.262193
0.262189
0.262186
0.262183
0.26218
0.262177
0.262174
0.262171
0.262169
0.262166
0.262164
0.262161
0.262159
0.262157
0.262155
0.262153
0.262151
0.262149
0.262147
0.262145
0.262143
0.262142
0.26214
0.262139
0.262137
0.262137
0.262136
0.960935
0.889657
0.824509
0.76484
0.710112
0.659897
0.613864
0.571767
0.533416
0.498658
0.467347
0.439327
0.414425
0.392442
0.373162
0.356355
0.341785
0.32922
0.318437
0.309226
0.301391
0.294754
0.289155
0.284451
0.280514
0.277232
0.274506
0.272252
0.270394
0.268868
0.26762
0.266602
0.265775
0.265105
0.264563
0.264127
0.263776
0.263494
0.263268
0.263086
0.26294
0.262823
0.262729
0.262652
0.26259
0.262539
0.262497
0.262462
0.262432
0.262407
0.262386
0.262367
0.26235
0.262336
0.262322
0.26231
0.262299
0.262289
0.26228
0.262271
0.262263
0.262255
0.262248
0.262241
0.262235
0.262229
0.262223
0.262218
0.262213
0.262208
0.262204
0.2622
0.262195
0.262192
0.262188
0.262185
0.262181
0.262178
0.262175
0.262173
0.26217
0.262167
0.262165
0.262163
0.26216
0.262158
0.262156
0.262154
0.262152
0.26215
0.262148
0.262146
0.262144
0.262143
0.262141
0.262139
0.262138
0.262137
0.262136
0.262135
0.960936
0.889659
0.824513
0.764847
0.710123
0.659913
0.613886
0.571795
0.533451
0.4987
0.467395
0.439381
0.414483
0.392504
0.373225
0.356418
0.341847
0.329281
0.318495
0.30928
0.301441
0.2948
0.289197
0.284488
0.280546
0.27726
0.27453
0.272272
0.27041
0.268881
0.26763
0.26661
0.265781
0.265109
0.264566
0.264128
0.263776
0.263493
0.263266
0.263084
0.262938
0.26282
0.262726
0.262649
0.262587
0.262536
0.262494
0.262459
0.262429
0.262404
0.262383
0.262364
0.262348
0.262333
0.26232
0.262308
0.262297
0.262287
0.262278
0.262269
0.262261
0.262254
0.262247
0.26224
0.262234
0.262228
0.262222
0.262217
0.262212
0.262207
0.262202
0.262198
0.262194
0.26219
0.262187
0.262184
0.26218
0.262177
0.262174
0.262172
0.262169
0.262166
0.262164
0.262162
0.26216
0.262157
0.262155
0.262153
0.262151
0.262149
0.262147
0.262145
0.262144
0.262142
0.26214
0.262139
0.262138
0.262136
0.262136
0.262135
0.960936
0.88966
0.824516
0.764853
0.710133
0.659927
0.613906
0.571821
0.533484
0.498738
0.467439
0.43943
0.414537
0.39256
0.373283
0.356476
0.341905
0.329337
0.318549
0.30933
0.301488
0.294843
0.289235
0.284522
0.280577
0.277286
0.274553
0.272291
0.270426
0.268894
0.26764
0.266617
0.265786
0.265113
0.264568
0.264129
0.263776
0.263492
0.263265
0.263082
0.262935
0.262818
0.262723
0.262646
0.262584
0.262533
0.262491
0.262456
0.262427
0.262402
0.26238
0.262362
0.262345
0.262331
0.262318
0.262306
0.262295
0.262285
0.262276
0.262268
0.26226
0.262252
0.262245
0.262238
0.262232
0.262226
0.262221
0.262215
0.26221
0.262206
0.262201
0.262197
0.262193
0.262189
0.262186
0.262182
0.262179
0.262176
0.262173
0.262171
0.262168
0.262165
0.262163
0.262161
0.262159
0.262156
0.262154
0.262152
0.26215
0.262148
0.262147
0.262145
0.262143
0.262141
0.26214
0.262138
0.262137
0.262136
0.262135
0.262135
0.960936
0.889661
0.824519
0.764858
0.710142
0.65994
0.613924
0.571844
0.533513
0.498774
0.46748
0.439476
0.414586
0.392612
0.373336
0.35653
0.341958
0.329388
0.318598
0.309377
0.301531
0.294882
0.289271
0.284554
0.280604
0.27731
0.274573
0.272308
0.27044
0.268905
0.267649
0.266624
0.265791
0.265116
0.26457
0.26413
0.263776
0.263491
0.263263
0.26308
0.262933
0.262815
0.26272
0.262643
0.262581
0.26253
0.262488
0.262453
0.262424
0.262399
0.262378
0.262359
0.262343
0.262329
0.262316
0.262304
0.262293
0.262283
0.262274
0.262266
0.262258
0.26225
0.262243
0.262237
0.262231
0.262225
0.262219
0.262214
0.262209
0.262204
0.2622
0.262196
0.262192
0.262188
0.262185
0.262181
0.262178
0.262175
0.262172
0.26217
0.262167
0.262165
0.262162
0.26216
0.262158
0.262156
0.262154
0.262152
0.26215
0.262148
0.262146
0.262144
0.262142
0.262141
0.262139
0.262138
0.262137
0.262136
0.262135
0.262134
0.960937
0.889663
0.824522
0.764863
0.71015
0.659952
0.61394
0.571866
0.53354
0.498806
0.467517
0.439517
0.414631
0.392659
0.373385
0.356579
0.342006
0.329435
0.318643
0.30942
0.30157
0.294918
0.289304
0.284583
0.28063
0.277333
0.274592
0.272324
0.270453
0.268916
0.267658
0.266631
0.265796
0.265119
0.264572
0.264131
0.263776
0.263491
0.263262
0.263078
0.262931
0.262813
0.262718
0.262641
0.262578
0.262527
0.262485
0.262451
0.262421
0.262397
0.262376
0.262357
0.262341
0.262327
0.262314
0.262302
0.262291
0.262282
0.262273
0.262264
0.262256
0.262249
0.262242
0.262235
0.262229
0.262223
0.262218
0.262213
0.262208
0.262203
0.262199
0.262195
0.262191
0.262187
0.262184
0.26218
0.262177
0.262174
0.262171
0.262169
0.262166
0.262164
0.262161
0.262159
0.262157
0.262155
0.262153
0.262151
0.262149
0.262147
0.262145
0.262144
0.262142
0.26214
0.262139
0.262137
0.262136
0.262135
0.262134
0.262134
0.960937
0.889664
0.824524
0.764868
0.710157
0.659963
0.613955
0.571886
0.533565
0.498835
0.467551
0.439555
0.414671
0.392702
0.37343
0.356624
0.342051
0.329479
0.318685
0.309459
0.301607
0.294952
0.289334
0.28461
0.280654
0.277353
0.27461
0.272339
0.270465
0.268926
0.267665
0.266637
0.2658
0.265122
0.264573
0.264131
0.263775
0.26349
0.26326
0.263076
0.262929
0.262811
0.262715
0.262638
0.262576
0.262525
0.262483
0.262448
0.262419
0.262394
0.262373
0.262355
0.262339
0.262325
0.262312
0.2623
0.26229
0.26228
0.262271
0.262263
0.262255
0.262247
0.262241
0.262234
0.262228
0.262222
0.262217
0.262212
0.262207
0.262202
0.262198
0.262194
0.26219
0.262186
0.262182
0.262179
0.262176
0.262173
0.26217
0.262168
0.262165
0.262163
0.26216
0.262158
0.262156
0.262154
0.262152
0.26215
0.262148
0.262146
0.262145
0.262143
0.262141
0.26214
0.262138
0.262137
0.262136
0.262135
0.262134
0.262133
0.960937
0.889665
0.824527
0.764872
0.710164
0.659973
0.613969
0.571904
0.533587
0.498862
0.467582
0.439589
0.414709
0.392742
0.37347
0.356665
0.342092
0.329518
0.318723
0.309494
0.30164
0.294982
0.289362
0.284635
0.280676
0.277372
0.274626
0.272352
0.270477
0.268935
0.267672
0.266642
0.265804
0.265124
0.264575
0.264132
0.263775
0.263489
0.263259
0.263075
0.262927
0.262808
0.262713
0.262636
0.262573
0.262522
0.262481
0.262446
0.262417
0.262392
0.262371
0.262353
0.262337
0.262323
0.26231
0.262299
0.262288
0.262278
0.262269
0.262261
0.262253
0.262246
0.262239
0.262233
0.262227
0.262221
0.262215
0.26221
0.262205
0.262201
0.262197
0.262192
0.262189
0.262185
0.262181
0.262178
0.262175
0.262172
0.262169
0.262167
0.262164
0.262162
0.26216
0.262157
0.262155
0.262153
0.262151
0.262149
0.262148
0.262146
0.262144
0.262142
0.262141
0.262139
0.262138
0.262136
0.262135
0.262134
0.262133
0.262133
0.960937
0.889666
0.824529
0.764876
0.71017
0.659982
0.613982
0.57192
0.533607
0.498886
0.46761
0.439621
0.414743
0.392777
0.373507
0.356702
0.342129
0.329554
0.318757
0.309527
0.30167
0.29501
0.289387
0.284658
0.280696
0.277389
0.274641
0.272365
0.270487
0.268943
0.267679
0.266647
0.265807
0.265127
0.264576
0.264132
0.263775
0.263488
0.263258
0.263073
0.262925
0.262806
0.262711
0.262634
0.262571
0.26252
0.262478
0.262444
0.262415
0.26239
0.262369
0.262351
0.262335
0.262321
0.262308
0.262297
0.262286
0.262277
0.262268
0.26226
0.262252
0.262245
0.262238
0.262231
0.262225
0.26222
0.262214
0.262209
0.262204
0.2622
0.262196
0.262191
0.262188
0.262184
0.26218
0.262177
0.262174
0.262171
0.262168
0.262166
0.262163
0.262161
0.262159
0.262157
0.262154
0.262152
0.262151
0.262149
0.262147
0.262145
0.262143
0.262142
0.26214
0.262139
0.262137
0.262136
0.262135
0.262134
0.262133
0.262132
0.960938
0.889667
0.824531
0.764879
0.710176
0.65999
0.613993
0.571935
0.533625
0.498908
0.467635
0.439649
0.414773
0.39281
0.373541
0.356736
0.342162
0.329587
0.318788
0.309557
0.301698
0.295036
0.28941
0.284678
0.280714
0.277405
0.274654
0.272376
0.270496
0.268951
0.267685
0.266651
0.265811
0.265129
0.264577
0.264133
0.263775
0.263487
0.263257
0.263072
0.262923
0.262804
0.262709
0.262632
0.262569
0.262518
0.262476
0.262442
0.262413
0.262388
0.262367
0.262349
0.262333
0.262319
0.262307
0.262295
0.262285
0.262275
0.262267
0.262258
0.262251
0.262243
0.262237
0.26223
0.262224
0.262219
0.262213
0.262208
0.262203
0.262199
0.262195
0.262191
0.262187
0.262183
0.26218
0.262176
0.262173
0.26217
0.262168
0.262165
0.262163
0.26216
0.262158
0.262156
0.262154
0.262152
0.26215
0.262148
0.262146
0.262145
0.262143
0.262141
0.26214
0.262138
0.262137
0.262136
0.262134
0.262133
0.262133
0.262132
0.960938
0.889667
0.824532
0.764883
0.710181
0.659997
0.614003
0.571948
0.533642
0.498928
0.467658
0.439674
0.414801
0.392839
0.37357
0.356766
0.342192
0.329616
0.318817
0.309583
0.301723
0.295058
0.28943
0.284697
0.28073
0.277419
0.274666
0.272386
0.270505
0.268957
0.26769
0.266655
0.265813
0.265131
0.264578
0.264133
0.263775
0.263487
0.263256
0.26307
0.262922
0.262803
0.262707
0.26263
0.262567
0.262516
0.262474
0.26244
0.262411
0.262386
0.262365
0.262347
0.262332
0.262318
0.262305
0.262294
0.262284
0.262274
0.262265
0.262257
0.262249
0.262242
0.262236
0.262229
0.262223
0.262218
0.262212
0.262207
0.262202
0.262198
0.262194
0.26219
0.262186
0.262182
0.262179
0.262176
0.262172
0.26217
0.262167
0.262164
0.262162
0.262159
0.262157
0.262155
0.262153
0.262151
0.262149
0.262147
0.262146
0.262144
0.262142
0.262141
0.262139
0.262138
0.262136
0.262135
0.262134
0.262133
0.262132
0.262132
0.960938
0.889668
0.824534
0.764885
0.710185
0.660004
0.614012
0.571959
0.533656
0.498945
0.467678
0.439697
0.414825
0.392864
0.373597
0.356793
0.342219
0.329643
0.318842
0.309607
0.301745
0.295079
0.289449
0.284713
0.280745
0.277432
0.274677
0.272395
0.270512
0.268963
0.267695
0.266659
0.265816
0.265132
0.264579
0.264133
0.263774
0.263486
0.263255
0.263069
0.26292
0.262801
0.262705
0.262628
0.262565
0.262514
0.262473
0.262438
0.262409
0.262385
0.262364
0.262346
0.26233
0.262316
0.262304
0.262293
0.262282
0.262273
0.262264
0.262256
0.262248
0.262241
0.262235
0.262228
0.262222
0.262217
0.262211
0.262206
0.262202
0.262197
0.262193
0.262189
0.262185
0.262181
0.262178
0.262175
0.262172
0.262169
0.262166
0.262164
0.262161
0.262159
0.262157
0.262155
0.262152
0.262151
0.262149
0.262147
0.262145
0.262144
0.262142
0.26214
0.262139
0.262137
0.262136
0.262135
0.262134
0.262133
0.262132
0.262131
0.960938
0.889669
0.824535
0.764888
0.710189
0.66001
0.61402
0.57197
0.533669
0.498961
0.467696
0.439716
0.414847
0.392887
0.373621
0.356817
0.342243
0.329666
0.318864
0.309628
0.301765
0.295097
0.289465
0.284728
0.280758
0.277443
0.274687
0.272403
0.270519
0.268969
0.267699
0.266662
0.265818
0.265134
0.26458
0.264134
0.263774
0.263485
0.263254
0.263068
0.262919
0.2628
0.262704
0.262626
0.262564
0.262513
0.262471
0.262436
0.262408
0.262383
0.262362
0.262345
0.262329
0.262315
0.262303
0.262291
0.262281
0.262272
0.262263
0.262255
0.262247
0.26224
0.262234
0.262227
0.262221
0.262216
0.262211
0.262206
0.262201
0.262196
0.262192
0.262188
0.262184
0.262181
0.262177
0.262174
0.262171
0.262168
0.262166
0.262163
0.262161
0.262158
0.262156
0.262154
0.262152
0.26215
0.262148
0.262146
0.262145
0.262143
0.262141
0.26214
0.262138
0.262137
0.262136
0.262135
0.262133
0.262132
0.262132
0.262131
0.960938
0.889669
0.824537
0.76489
0.710192
0.660015
0.614027
0.571979
0.53368
0.498974
0.467711
0.439734
0.414866
0.392907
0.373642
0.356838
0.342264
0.329686
0.318884
0.309647
0.301782
0.295113
0.28948
0.284741
0.280769
0.277453
0.274695
0.272411
0.270525
0.268974
0.267703
0.266665
0.26582
0.265135
0.264581
0.264134
0.263774
0.263485
0.263253
0.263067
0.262918
0.262798
0.262702
0.262625
0.262562
0.262511
0.26247
0.262435
0.262406
0.262382
0.262361
0.262343
0.262328
0.262314
0.262301
0.26229
0.26228
0.262271
0.262262
0.262254
0.262247
0.262239
0.262233
0.262227
0.262221
0.262215
0.26221
0.262205
0.2622
0.262196
0.262191
0.262187
0.262184
0.26218
0.262177
0.262173
0.26217
0.262168
0.262165
0.262162
0.26216
0.262158
0.262155
0.262153
0.262151
0.26215
0.262148
0.262146
0.262144
0.262143
0.262141
0.26214
0.262138
0.262137
0.262135
0.262134
0.262133
0.262132
0.262131
0.262131
0.960938
0.88967
0.824538
0.764892
0.710195
0.660019
0.614033
0.571987
0.53369
0.498986
0.467724
0.439749
0.414882
0.392925
0.373659
0.356857
0.342282
0.329704
0.318901
0.309663
0.301797
0.295127
0.289492
0.284752
0.280779
0.277462
0.274703
0.272417
0.27053
0.268978
0.267706
0.266667
0.265822
0.265136
0.264582
0.264134
0.263774
0.263484
0.263252
0.263066
0.262917
0.262797
0.262701
0.262624
0.262561
0.26251
0.262468
0.262434
0.262405
0.262381
0.26236
0.262342
0.262327
0.262313
0.2623
0.262289
0.262279
0.26227
0.262261
0.262253
0.262246
0.262239
0.262232
0.262226
0.26222
0.262214
0.262209
0.262204
0.262199
0.262195
0.262191
0.262187
0.262183
0.262179
0.262176
0.262173
0.26217
0.262167
0.262164
0.262162
0.262159
0.262157
0.262155
0.262153
0.262151
0.262149
0.262147
0.262146
0.262144
0.262142
0.262141
0.262139
0.262138
0.262136
0.262135
0.262134
0.262133
0.262132
0.262131
0.262131
0.960939
0.88967
0.824538
0.764893
0.710198
0.660023
0.614038
0.571993
0.533698
0.498996
0.467736
0.439762
0.414896
0.392939
0.373675
0.356872
0.342297
0.329719
0.318915
0.309676
0.30181
0.295138
0.289503
0.284761
0.280787
0.277469
0.274709
0.272422
0.270534
0.268981
0.267709
0.266669
0.265823
0.265137
0.264582
0.264134
0.263774
0.263484
0.263252
0.263065
0.262916
0.262796
0.2627
0.262623
0.26256
0.262509
0.262467
0.262433
0.262404
0.26238
0.262359
0.262341
0.262326
0.262312
0.2623
0.262289
0.262278
0.262269
0.262261
0.262253
0.262245
0.262238
0.262231
0.262225
0.262219
0.262214
0.262209
0.262204
0.262199
0.262194
0.26219
0.262186
0.262183
0.262179
0.262176
0.262172
0.262169
0.262167
0.262164
0.262161
0.262159
0.262157
0.262155
0.262153
0.262151
0.262149
0.262147
0.262145
0.262144
0.262142
0.26214
0.262139
0.262138
0.262136
0.262135
0.262134
0.262133
0.262132
0.262131
0.262131
0.960939
0.889671
0.824539
0.764895
0.7102
0.660026
0.614042
0.571999
0.533705
0.499004
0.467745
0.439772
0.414907
0.392951
0.373687
0.356885
0.34231
0.329731
0.318927
0.309688
0.30182
0.295148
0.289512
0.284769
0.280794
0.277475
0.274714
0.272426
0.270538
0.268984
0.267711
0.266671
0.265825
0.265138
0.264582
0.264134
0.263773
0.263484
0.263251
0.263065
0.262915
0.262795
0.262699
0.262622
0.262559
0.262508
0.262466
0.262432
0.262403
0.262379
0.262358
0.26234
0.262325
0.262311
0.262299
0.262288
0.262278
0.262268
0.26226
0.262252
0.262244
0.262237
0.262231
0.262225
0.262219
0.262213
0.262208
0.262203
0.262198
0.262194
0.26219
0.262186
0.262182
0.262179
0.262175
0.262172
0.262169
0.262166
0.262164
0.262161
0.262159
0.262156
0.262154
0.262152
0.26215
0.262148
0.262147
0.262145
0.262143
0.262142
0.26214
0.262139
0.262137
0.262136
0.262135
0.262134
0.262132
0.262132
0.262131
0.26213
0.960939
0.889671
0.82454
0.764896
0.710201
0.660028
0.614045
0.572003
0.533711
0.49901
0.467753
0.43978
0.414916
0.392961
0.373697
0.356895
0.34232
0.329741
0.318936
0.309696
0.301828
0.295156
0.289519
0.284776
0.2808
0.27748
0.274718
0.27243
0.270541
0.268986
0.267713
0.266672
0.265826
0.265139
0.264583
0.264134
0.263773
0.263483
0.263251
0.263064
0.262915
0.262795
0.262699
0.262621
0.262558
0.262507
0.262465
0.262431
0.262402
0.262378
0.262358
0.26234
0.262324
0.262311
0.262298
0.262287
0.262277
0.262268
0.262259
0.262251
0.262244
0.262237
0.26223
0.262224
0.262218
0.262213
0.262208
0.262203
0.262198
0.262194
0.262189
0.262185
0.262182
0.262178
0.262175
0.262172
0.262169
0.262166
0.262163
0.262161
0.262158
0.262156
0.262154
0.262152
0.26215
0.262148
0.262146
0.262145
0.262143
0.262141
0.26214
0.262138
0.262137
0.262136
0.262135
0.262133
0.262132
0.262131
0.262131
0.26213
0.960939
0.889671
0.82454
0.764896
0.710203
0.66003
0.614048
0.572006
0.533715
0.499015
0.467758
0.439787
0.414923
0.392968
0.373704
0.356902
0.342327
0.329748
0.318943
0.309703
0.301835
0.295161
0.289524
0.28478
0.280804
0.277483
0.274721
0.272432
0.270543
0.268988
0.267714
0.266673
0.265826
0.265139
0.264583
0.264134
0.263773
0.263483
0.26325
0.263064
0.262914
0.262794
0.262698
0.26262
0.262558
0.262507
0.262465
0.26243
0.262402
0.262378
0.262357
0.262339
0.262324
0.26231
0.262298
0.262287
0.262277
0.262268
0.262259
0.262251
0.262244
0.262237
0.26223
0.262224
0.262218
0.262213
0.262207
0.262202
0.262198
0.262193
0.262189
0.262185
0.262181
0.262178
0.262175
0.262171
0.262168
0.262166
0.262163
0.262161
0.262158
0.262156
0.262154
0.262152
0.26215
0.262148
0.262146
0.262145
0.262143
0.262141
0.26214
0.262138
0.262137
0.262136
0.262134
0.262133
0.262132
0.262131
0.262131
0.26213
0.960939
0.889671
0.824541
0.764897
0.710204
0.660031
0.614049
0.572008
0.533717
0.499018
0.467762
0.439791
0.414927
0.392973
0.373709
0.356907
0.342332
0.329753
0.318948
0.309707
0.301839
0.295165
0.289527
0.284783
0.280806
0.277486
0.274723
0.272434
0.270544
0.268989
0.267715
0.266674
0.265827
0.265139
0.264583
0.264134
0.263773
0.263483
0.26325
0.263063
0.262914
0.262794
0.262698
0.26262
0.262557
0.262506
0.262465
0.26243
0.262401
0.262377
0.262357
0.262339
0.262323
0.26231
0.262298
0.262287
0.262276
0.262267
0.262259
0.262251
0.262243
0.262236
0.26223
0.262224
0.262218
0.262212
0.262207
0.262202
0.262198
0.262193
0.262189
0.262185
0.262181
0.262178
0.262174
0.262171
0.262168
0.262166
0.262163
0.26216
0.262158
0.262156
0.262154
0.262152
0.26215
0.262148
0.262146
0.262144
0.262143
0.262141
0.26214
0.262138
0.262137
0.262136
0.262134
0.262133
0.262132
0.262131
0.262131
0.26213
0.960939
0.889671
0.824541
0.764897
0.710204
0.660032
0.61405
0.572009
0.533719
0.49902
0.467764
0.439793
0.414929
0.392975
0.373712
0.356909
0.342334
0.329755
0.31895
0.30971
0.301841
0.295167
0.289529
0.284785
0.280808
0.277487
0.274724
0.272435
0.270545
0.26899
0.267715
0.266674
0.265827
0.265139
0.264583
0.264134
0.263773
0.263483
0.26325
0.263063
0.262914
0.262794
0.262697
0.26262
0.262557
0.262506
0.262464
0.26243
0.262401
0.262377
0.262356
0.262339
0.262323
0.26231
0.262297
0.262286
0.262276
0.262267
0.262259
0.262251
0.262243
0.262236
0.26223
0.262224
0.262218
0.262212
0.262207
0.262202
0.262197
0.262193
0.262189
0.262185
0.262181
0.262178
0.262174
0.262171
0.262168
0.262165
0.262163
0.26216
0.262158
0.262156
0.262154
0.262152
0.26215
0.262148
0.262146
0.262144
0.262143
0.262141
0.26214
0.262138
0.262137
0.262135
0.262134
0.262133
0.262132
0.262131
0.262131
0.26213
0.960939
0.889671
0.824541
0.764897
0.710204
0.660032
0.61405
0.572009
0.533719
0.49902
0.467764
0.439793
0.414929
0.392975
0.373712
0.356909
0.342334
0.329755
0.31895
0.30971
0.301841
0.295167
0.289529
0.284785
0.280808
0.277487
0.274724
0.272435
0.270545
0.26899
0.267715
0.266674
0.265827
0.265139
0.264583
0.264134
0.263773
0.263483
0.26325
0.263063
0.262914
0.262794
0.262697
0.26262
0.262557
0.262506
0.262464
0.26243
0.262401
0.262377
0.262356
0.262339
0.262323
0.26231
0.262297
0.262286
0.262276
0.262267
0.262259
0.262251
0.262243
0.262236
0.26223
0.262223
0.262218
0.262212
0.262207
0.262202
0.262197
0.262193
0.262189
0.262185
0.262181
0.262178
0.262174
0.262171
0.262168
0.262165
0.262163
0.26216
0.262158
0.262156
0.262154
0.262152
0.26215
0.262148
0.262146
0.262144
0.262143
0.262141
0.26214
0.262138
0.262137
0.262135
0.262134
0.262133
0.262132
0.262131
0.262131
0.26213
0.960939
0.889671
0.824541
0.764897
0.710204
0.660031
0.614049
0.572008
0.533717
0.499018
0.467762
0.439791
0.414927
0.392973
0.373709
0.356907
0.342332
0.329753
0.318948
0.309707
0.301839
0.295165
0.289527
0.284783
0.280806
0.277486
0.274723
0.272434
0.270544
0.268989
0.267715
0.266674
0.265827
0.265139
0.264583
0.264134
0.263773
0.263483
0.26325
0.263063
0.262914
0.262794
0.262697
0.26262
0.262557
0.262506
0.262464
0.26243
0.262401
0.262377
0.262357
0.262339
0.262323
0.26231
0.262297
0.262286
0.262276
0.262267
0.262259
0.262251
0.262243
0.262236
0.26223
0.262224
0.262218
0.262212
0.262207
0.262202
0.262197
0.262193
0.262189
0.262185
0.262181
0.262178
0.262174
0.262171
0.262168
0.262165
0.262163
0.26216
0.262158
0.262156
0.262154
0.262152
0.26215
0.262148
0.262146
0.262144
0.262143
0.262141
0.26214
0.262138
0.262137
0.262136
0.262134
0.262133
0.262132
0.262131
0.262131
0.26213
0.960939
0.889671
0.82454
0.764897
0.710203
0.66003
0.614048
0.572006
0.533715
0.499015
0.467758
0.439786
0.414923
0.392968
0.373704
0.356902
0.342327
0.329748
0.318943
0.309703
0.301834
0.295161
0.289524
0.28478
0.280804
0.277483
0.274721
0.272432
0.270542
0.268988
0.267714
0.266673
0.265826
0.265139
0.264583
0.264134
0.263773
0.263483
0.26325
0.263063
0.262914
0.262794
0.262698
0.26262
0.262557
0.262506
0.262465
0.26243
0.262402
0.262377
0.262357
0.262339
0.262324
0.26231
0.262298
0.262287
0.262277
0.262267
0.262259
0.262251
0.262243
0.262236
0.26223
0.262224
0.262218
0.262212
0.262207
0.262202
0.262198
0.262193
0.262189
0.262185
0.262181
0.262178
0.262174
0.262171
0.262168
0.262166
0.262163
0.26216
0.262158
0.262156
0.262154
0.262152
0.26215
0.262148
0.262146
0.262144
0.262143
0.262141
0.26214
0.262138
0.262137
0.262136
0.262134
0.262133
0.262132
0.262131
0.262131
0.26213
0.960939
0.889671
0.82454
0.764896
0.710201
0.660028
0.614045
0.572003
0.533711
0.49901
0.467753
0.43978
0.414916
0.392961
0.373697
0.356894
0.342319
0.329741
0.318936
0.309696
0.301828
0.295155
0.289518
0.284775
0.280799
0.27748
0.274718
0.272429
0.27054
0.268986
0.267712
0.266672
0.265825
0.265138
0.264582
0.264134
0.263773
0.263483
0.26325
0.263064
0.262914
0.262794
0.262698
0.262621
0.262558
0.262507
0.262465
0.262431
0.262402
0.262378
0.262357
0.262339
0.262324
0.26231
0.262298
0.262287
0.262277
0.262268
0.262259
0.262251
0.262244
0.262237
0.26223
0.262224
0.262218
0.262213
0.262207
0.262202
0.262198
0.262193
0.262189
0.262185
0.262182
0.262178
0.262175
0.262172
0.262169
0.262166
0.262163
0.262161
0.262158
0.262156
0.262154
0.262152
0.26215
0.262148
0.262146
0.262145
0.262143
0.262141
0.26214
0.262138
0.262137
0.262136
0.262134
0.262133
0.262132
0.262131
0.262131
0.26213
0.960939
0.889671
0.824539
0.764895
0.7102
0.660026
0.614042
0.571999
0.533705
0.499004
0.467745
0.439772
0.414907
0.392951
0.373687
0.356884
0.342309
0.329731
0.318926
0.309687
0.30182
0.295148
0.289511
0.284769
0.280794
0.277475
0.274714
0.272426
0.270537
0.268984
0.26771
0.266671
0.265824
0.265137
0.264582
0.264134
0.263773
0.263483
0.26325
0.263064
0.262915
0.262795
0.262699
0.262621
0.262558
0.262507
0.262466
0.262431
0.262403
0.262378
0.262358
0.26234
0.262324
0.262311
0.262298
0.262287
0.262277
0.262268
0.26226
0.262252
0.262244
0.262237
0.262231
0.262224
0.262219
0.262213
0.262208
0.262203
0.262198
0.262194
0.26219
0.262186
0.262182
0.262178
0.262175
0.262172
0.262169
0.262166
0.262163
0.262161
0.262159
0.262156
0.262154
0.262152
0.26215
0.262148
0.262147
0.262145
0.262143
0.262142
0.26214
0.262139
0.262137
0.262136
0.262135
0.262133
0.262132
0.262132
0.262131
0.26213
0.960939
0.88967
0.824538
0.764893
0.710198
0.660023
0.614038
0.571993
0.533698
0.498996
0.467736
0.439761
0.414896
0.392939
0.373674
0.356872
0.342297
0.329718
0.318915
0.309676
0.301809
0.295138
0.289502
0.284761
0.280787
0.277469
0.274708
0.272421
0.270533
0.268981
0.267708
0.266669
0.265823
0.265136
0.264581
0.264133
0.263773
0.263483
0.263251
0.263065
0.262915
0.262796
0.262699
0.262622
0.262559
0.262508
0.262467
0.262432
0.262403
0.262379
0.262358
0.262341
0.262325
0.262311
0.262299
0.262288
0.262278
0.262269
0.26226
0.262252
0.262245
0.262238
0.262231
0.262225
0.262219
0.262213
0.262208
0.262203
0.262199
0.262194
0.26219
0.262186
0.262182
0.262179
0.262175
0.262172
0.262169
0.262166
0.262164
0.262161
0.262159
0.262157
0.262154
0.262152
0.26215
0.262149
0.262147
0.262145
0.262143
0.262142
0.26214
0.262139
0.262137
0.262136
0.262135
0.262134
0.262133
0.262132
0.262131
0.26213
0.960938
0.88967
0.824538
0.764892
0.710195
0.660019
0.614033
0.571987
0.53369
0.498986
0.467724
0.439749
0.414882
0.392924
0.373659
0.356856
0.342281
0.329703
0.3189
0.309662
0.301796
0.295126
0.289492
0.284751
0.280778
0.277461
0.274702
0.272416
0.270529
0.268977
0.267705
0.266667
0.265821
0.265135
0.264581
0.264133
0.263773
0.263484
0.263251
0.263065
0.262916
0.262797
0.2627
0.262623
0.26256
0.262509
0.262468
0.262433
0.262404
0.26238
0.262359
0.262342
0.262326
0.262312
0.2623
0.262289
0.262279
0.262269
0.262261
0.262253
0.262245
0.262238
0.262232
0.262225
0.262219
0.262214
0.262209
0.262204
0.262199
0.262195
0.26219
0.262186
0.262183
0.262179
0.262176
0.262173
0.26217
0.262167
0.262164
0.262162
0.262159
0.262157
0.262155
0.262153
0.262151
0.262149
0.262147
0.262145
0.262144
0.262142
0.262141
0.262139
0.262138
0.262136
0.262135
0.262134
0.262133
0.262132
0.262131
0.262131
0.960938
0.889669
0.824537
0.76489
0.710192
0.660015
0.614027
0.571979
0.53368
0.498974
0.467711
0.439734
0.414865
0.392907
0.373641
0.356838
0.342263
0.329686
0.318883
0.309646
0.301781
0.295112
0.289479
0.28474
0.280768
0.277452
0.274695
0.27241
0.270524
0.268973
0.267702
0.266664
0.265819
0.265134
0.26458
0.264133
0.263773
0.263484
0.263252
0.263066
0.262917
0.262798
0.262701
0.262624
0.262561
0.26251
0.262469
0.262434
0.262405
0.262381
0.26236
0.262343
0.262327
0.262313
0.262301
0.26229
0.262279
0.26227
0.262261
0.262253
0.262246
0.262239
0.262232
0.262226
0.26222
0.262215
0.262209
0.262204
0.2622
0.262195
0.262191
0.262187
0.262183
0.26218
0.262176
0.262173
0.26217
0.262167
0.262165
0.262162
0.26216
0.262157
0.262155
0.262153
0.262151
0.262149
0.262148
0.262146
0.262144
0.262142
0.262141
0.262139
0.262138
0.262137
0.262135
0.262134
0.262133
0.262132
0.262131
0.262131
0.960938
0.889669
0.824535
0.764888
0.710189
0.66001
0.61402
0.57197
0.533669
0.498961
0.467695
0.439716
0.414846
0.392887
0.373621
0.356817
0.342242
0.329665
0.318864
0.309628
0.301764
0.295096
0.289465
0.284727
0.280757
0.277442
0.274686
0.272403
0.270518
0.268968
0.267698
0.266661
0.265817
0.265133
0.264579
0.264133
0.263773
0.263484
0.263253
0.263067
0.262918
0.262799
0.262703
0.262625
0.262563
0.262512
0.26247
0.262435
0.262407
0.262382
0.262362
0.262344
0.262328
0.262314
0.262302
0.262291
0.26228
0.262271
0.262262
0.262254
0.262247
0.26224
0.262233
0.262227
0.262221
0.262215
0.26221
0.262205
0.2622
0.262196
0.262192
0.262188
0.262184
0.26218
0.262177
0.262174
0.262171
0.262168
0.262165
0.262163
0.26216
0.262158
0.262156
0.262154
0.262152
0.26215
0.262148
0.262146
0.262145
0.262143
0.262141
0.26214
0.262138
0.262137
0.262136
0.262134
0.262133
0.262132
0.262132
0.262131
0.960938
0.889668
0.824534
0.764885
0.710185
0.660004
0.614012
0.571959
0.533656
0.498945
0.467678
0.439696
0.414825
0.392864
0.373597
0.356793
0.342219
0.329642
0.318841
0.309606
0.301744
0.295078
0.289448
0.284712
0.280744
0.277431
0.274676
0.272394
0.270511
0.268962
0.267694
0.266658
0.265815
0.265131
0.264578
0.264132
0.263773
0.263485
0.263253
0.263068
0.262919
0.2628
0.262704
0.262627
0.262564
0.262513
0.262471
0.262437
0.262408
0.262384
0.262363
0.262345
0.262329
0.262315
0.262303
0.262292
0.262281
0.262272
0.262263
0.262255
0.262248
0.262241
0.262234
0.262228
0.262222
0.262216
0.262211
0.262206
0.262201
0.262197
0.262192
0.262188
0.262185
0.262181
0.262178
0.262174
0.262171
0.262168
0.262166
0.262163
0.262161
0.262159
0.262156
0.262154
0.262152
0.26215
0.262148
0.262147
0.262145
0.262143
0.262142
0.26214
0.262139
0.262137
0.262136
0.262135
0.262134
0.262133
0.262132
0.262131
0.960938
0.889667
0.824532
0.764883
0.710181
0.659997
0.614003
0.571948
0.533642
0.498928
0.467657
0.439674
0.4148
0.392838
0.37357
0.356766
0.342192
0.329616
0.318816
0.309583
0.301722
0.295057
0.28943
0.284696
0.280729
0.277418
0.274665
0.272385
0.270503
0.268956
0.267689
0.266654
0.265812
0.265129
0.264577
0.264132
0.263773
0.263485
0.263254
0.263069
0.262921
0.262801
0.262706
0.262628
0.262566
0.262515
0.262473
0.262439
0.26241
0.262385
0.262364
0.262346
0.262331
0.262317
0.262304
0.262293
0.262283
0.262273
0.262264
0.262256
0.262249
0.262242
0.262235
0.262229
0.262223
0.262217
0.262212
0.262207
0.262202
0.262197
0.262193
0.262189
0.262185
0.262182
0.262178
0.262175
0.262172
0.262169
0.262166
0.262164
0.262161
0.262159
0.262157
0.262155
0.262153
0.262151
0.262149
0.262147
0.262145
0.262144
0.262142
0.262141
0.262139
0.262138
0.262136
0.262135
0.262134
0.262133
0.262132
0.262132
0.960938
0.889667
0.824531
0.764879
0.710176
0.65999
0.613993
0.571935
0.533625
0.498908
0.467635
0.439649
0.414773
0.392809
0.37354
0.356736
0.342162
0.329586
0.318788
0.309556
0.301697
0.295035
0.289409
0.284677
0.280713
0.277404
0.274653
0.272375
0.270495
0.268949
0.267683
0.26665
0.265809
0.265127
0.264576
0.264131
0.263773
0.263486
0.263255
0.26307
0.262922
0.262803
0.262707
0.26263
0.262568
0.262517
0.262475
0.26244
0.262411
0.262387
0.262366
0.262348
0.262332
0.262318
0.262306
0.262294
0.262284
0.262274
0.262266
0.262257
0.26225
0.262243
0.262236
0.26223
0.262224
0.262218
0.262213
0.262207
0.262203
0.262198
0.262194
0.26219
0.262186
0.262182
0.262179
0.262176
0.262173
0.26217
0.262167
0.262165
0.262162
0.26216
0.262158
0.262155
0.262153
0.262151
0.26215
0.262148
0.262146
0.262144
0.262143
0.262141
0.26214
0.262138
0.262137
0.262135
0.262134
0.262133
0.262133
0.262132
0.960937
0.889666
0.824529
0.764876
0.71017
0.659982
0.613982
0.57192
0.533607
0.498886
0.46761
0.43962
0.414742
0.392777
0.373507
0.356702
0.342128
0.329554
0.318756
0.309526
0.301669
0.295009
0.289386
0.284656
0.280694
0.277388
0.27464
0.272363
0.270485
0.268942
0.267677
0.266645
0.265806
0.265125
0.264575
0.264131
0.263773
0.263486
0.263256
0.263072
0.262924
0.262805
0.262709
0.262632
0.26257
0.262519
0.262477
0.262442
0.262413
0.262389
0.262368
0.26235
0.262334
0.26232
0.262307
0.262296
0.262285
0.262276
0.262267
0.262259
0.262251
0.262244
0.262237
0.262231
0.262225
0.262219
0.262214
0.262208
0.262204
0.262199
0.262195
0.262191
0.262187
0.262183
0.26218
0.262177
0.262174
0.262171
0.262168
0.262165
0.262163
0.262161
0.262158
0.262156
0.262154
0.262152
0.26215
0.262148
0.262147
0.262145
0.262143
0.262142
0.26214
0.262139
0.262137
0.262136
0.262135
0.262134
0.262133
0.262132
0.960937
0.889665
0.824527
0.764872
0.710164
0.659973
0.613969
0.571904
0.533587
0.498862
0.467582
0.439589
0.414709
0.392741
0.37347
0.356665
0.342091
0.329518
0.318722
0.309494
0.301639
0.294981
0.28936
0.284634
0.280674
0.277371
0.274625
0.272351
0.270475
0.268933
0.267671
0.26664
0.265802
0.265123
0.264573
0.26413
0.263774
0.263487
0.263257
0.263073
0.262925
0.262807
0.262711
0.262634
0.262572
0.262521
0.262479
0.262444
0.262415
0.262391
0.26237
0.262352
0.262336
0.262321
0.262309
0.262297
0.262287
0.262277
0.262268
0.26226
0.262252
0.262245
0.262238
0.262232
0.262226
0.26222
0.262215
0.26221
0.262205
0.2622
0.262196
0.262192
0.262188
0.262184
0.262181
0.262178
0.262175
0.262172
0.262169
0.262166
0.262164
0.262161
0.262159
0.262157
0.262155
0.262153
0.262151
0.262149
0.262147
0.262145
0.262144
0.262142
0.26214
0.262139
0.262138
0.262136
0.262135
0.262134
0.262133
0.262133
0.960937
0.889664
0.824524
0.764868
0.710157
0.659963
0.613955
0.571886
0.533565
0.498835
0.467551
0.439555
0.414671
0.392702
0.373429
0.356624
0.34205
0.329478
0.318684
0.309458
0.301606
0.294951
0.289333
0.284609
0.280653
0.277352
0.274608
0.272337
0.270464
0.268924
0.267663
0.266635
0.265798
0.26512
0.264572
0.264129
0.263774
0.263488
0.263259
0.263075
0.262927
0.262809
0.262713
0.262636
0.262574
0.262523
0.262481
0.262447
0.262417
0.262393
0.262372
0.262354
0.262337
0.262323
0.262311
0.262299
0.262288
0.262279
0.26227
0.262261
0.262254
0.262246
0.262239
0.262233
0.262227
0.262221
0.262216
0.262211
0.262206
0.262201
0.262197
0.262193
0.262189
0.262185
0.262182
0.262179
0.262175
0.262172
0.26217
0.262167
0.262165
0.262162
0.26216
0.262158
0.262156
0.262154
0.262152
0.26215
0.262148
0.262146
0.262144
0.262143
0.262141
0.262139
0.262138
0.262137
0.262135
0.262134
0.262134
0.262133
0.960937
0.889663
0.824522
0.764863
0.71015
0.659952
0.61394
0.571866
0.53354
0.498806
0.467517
0.439517
0.41463
0.392659
0.373385
0.356578
0.342006
0.329435
0.318642
0.309418
0.301569
0.294917
0.289302
0.284582
0.280629
0.277331
0.274591
0.272322
0.270451
0.268914
0.267656
0.266629
0.265794
0.265117
0.26457
0.264129
0.263774
0.263489
0.26326
0.263076
0.262929
0.262811
0.262716
0.262639
0.262577
0.262526
0.262484
0.262449
0.26242
0.262395
0.262374
0.262356
0.262339
0.262325
0.262312
0.262301
0.26229
0.26228
0.262271
0.262263
0.262255
0.262248
0.262241
0.262234
0.262228
0.262222
0.262217
0.262212
0.262207
0.262202
0.262198
0.262194
0.26219
0.262186
0.262183
0.26218
0.262176
0.262173
0.262171
0.262168
0.262165
0.262163
0.262161
0.262159
0.262156
0.262154
0.262152
0.26215
0.262149
0.262147
0.262145
0.262143
0.262142
0.26214
0.262139
0.262137
0.262136
0.262135
0.262134
0.262133
0.960936
0.889661
0.824519
0.764858
0.710142
0.65994
0.613924
0.571845
0.533513
0.498774
0.46748
0.439476
0.414585
0.392611
0.373336
0.356529
0.341957
0.329387
0.318597
0.309376
0.301529
0.294881
0.289269
0.284552
0.280603
0.277309
0.274571
0.272306
0.270438
0.268903
0.267647
0.266622
0.265789
0.265114
0.264568
0.264128
0.263774
0.263489
0.263261
0.263078
0.262931
0.262813
0.262718
0.262641
0.262579
0.262528
0.262486
0.262451
0.262422
0.262397
0.262376
0.262358
0.262342
0.262327
0.262314
0.262303
0.262292
0.262282
0.262273
0.262265
0.262257
0.262249
0.262242
0.262236
0.26223
0.262224
0.262218
0.262213
0.262208
0.262203
0.262199
0.262195
0.262191
0.262187
0.262184
0.262181
0.262177
0.262174
0.262172
0.262169
0.262166
0.262164
0.262162
0.262159
0.262157
0.262155
0.262153
0.262151
0.262149
0.262147
0.262146
0.262144
0.262142
0.262141
0.262139
0.262138
0.262136
0.262135
0.262134
0.262134
0.960936
0.88966
0.824516
0.764853
0.710133
0.659927
0.613906
0.571821
0.533484
0.498738
0.467439
0.43943
0.414536
0.392559
0.373282
0.356476
0.341904
0.329336
0.318547
0.309329
0.301486
0.294841
0.289234
0.284521
0.280575
0.277284
0.274551
0.272288
0.270424
0.268892
0.267638
0.266615
0.265784
0.26511
0.264566
0.264127
0.263774
0.26349
0.263262
0.26308
0.262933
0.262816
0.262721
0.262644
0.262582
0.262531
0.262489
0.262454
0.262425
0.2624
0.262379
0.26236
0.262344
0.262329
0.262316
0.262305
0.262294
0.262284
0.262275
0.262266
0.262258
0.262251
0.262244
0.262237
0.262231
0.262225
0.262219
0.262214
0.262209
0.262205
0.2622
0.262196
0.262192
0.262188
0.262185
0.262182
0.262178
0.262175
0.262173
0.26217
0.262167
0.262165
0.262163
0.26216
0.262158
0.262156
0.262154
0.262152
0.26215
0.262148
0.262146
0.262144
0.262143
0.262141
0.26214
0.262138
0.262137
0.262136
0.262135
0.262134
0.960936
0.889659
0.824513
0.764847
0.710123
0.659913
0.613886
0.571795
0.533451
0.4987
0.467395
0.439381
0.414483
0.392503
0.373225
0.356417
0.341846
0.32928
0.318494
0.309279
0.301439
0.294798
0.289195
0.284486
0.280544
0.277258
0.274528
0.27227
0.270408
0.268879
0.267628
0.266608
0.265778
0.265106
0.264563
0.264126
0.263774
0.263491
0.263264
0.263082
0.262936
0.262818
0.262723
0.262647
0.262585
0.262534
0.262492
0.262457
0.262427
0.262402
0.262381
0.262362
0.262346
0.262331
0.262318
0.262307
0.262296
0.262286
0.262276
0.262268
0.26226
0.262252
0.262245
0.262239
0.262232
0.262226
0.262221
0.262216
0.262211
0.262206
0.262201
0.262197
0.262193
0.26219
0.262186
0.262183
0.26218
0.262177
0.262174
0.262171
0.262168
0.262166
0.262163
0.262161
0.262159
0.262157
0.262155
0.262153
0.262151
0.262149
0.262147
0.262145
0.262143
0.262142
0.26214
0.262139
0.262137
0.262136
0.262135
0.262135
0.960935
0.889657
0.824509
0.76484
0.710113
0.659897
0.613864
0.571767
0.533416
0.498658
0.467347
0.439327
0.414425
0.392442
0.373162
0.356354
0.341784
0.329219
0.318436
0.309224
0.301389
0.294752
0.289153
0.284449
0.280512
0.27723
0.274504
0.272249
0.270391
0.268865
0.267617
0.2666
0.265772
0.265102
0.264561
0.264124
0.263773
0.263491
0.263265
0.263084
0.262938
0.262821
0.262726
0.26265
0.262587
0.262537
0.262495
0.26246
0.26243
0.262405
0.262384
0.262365
0.262348
0.262334
0.262321
0.262309
0.262298
0.262288
0.262278
0.26227
0.262261
0.262254
0.262247
0.26224
0.262234
0.262228
0.262222
0.262217
0.262212
0.262207
0.262203
0.262198
0.262195
0.262191
0.262187
0.262184
0.262181
0.262178
0.262175
0.262172
0.262169
0.262167
0.262164
0.262162
0.26216
0.262158
0.262156
0.262154
0.262151
0.26215
0.262148
0.262146
0.262144
0.262142
0.262141
0.262139
0.262138
0.262137
0.262136
0.262135
0.960935
0.889655
0.824505
0.764833
0.710101
0.65988
0.613841
0.571736
0.533378
0.498612
0.467294
0.439269
0.414362
0.392376
0.373094
0.356285
0.341716
0.329153
0.318374
0.309166
0.301335
0.294702
0.289109
0.284409
0.280477
0.277199
0.274478
0.272228
0.270373
0.268851
0.267606
0.266591
0.265766
0.265098
0.264558
0.264123
0.263773
0.263492
0.263267
0.263086
0.26294
0.262823
0.262729
0.262653
0.26259
0.26254
0.262498
0.262462
0.262433
0.262408
0.262386
0.262367
0.262351
0.262336
0.262323
0.262311
0.2623
0.262289
0.26228
0.262271
0.262263
0.262255
0.262248
0.262242
0.262235
0.262229
0.262224
0.262218
0.262213
0.262208
0.262204
0.2622
0.262196
0.262192
0.262188
0.262185
0.262182
0.262179
0.262176
0.262173
0.26217
0.262168
0.262165
0.262163
0.262161
0.262159
0.262156
0.262154
0.262152
0.26215
0.262148
0.262146
0.262145
0.262143
0.262141
0.26214
0.262138
0.262137
0.262136
0.262136
0.960935
0.889653
0.824501
0.764825
0.710089
0.659862
0.613816
0.571703
0.533337
0.498563
0.467237
0.439205
0.414293
0.392304
0.37302
0.356211
0.341643
0.329083
0.318306
0.309102
0.301276
0.294649
0.28906
0.284366
0.280439
0.277167
0.27445
0.272204
0.270354
0.268835
0.267593
0.266581
0.265759
0.265093
0.264555
0.264121
0.263773
0.263493
0.263268
0.263087
0.262943
0.262826
0.262732
0.262656
0.262594
0.262543
0.262501
0.262465
0.262436
0.262411
0.262389
0.26237
0.262353
0.262338
0.262325
0.262313
0.262302
0.262291
0.262282
0.262273
0.262265
0.262257
0.26225
0.262243
0.262237
0.262231
0.262225
0.26222
0.262214
0.26221
0.262205
0.262201
0.262197
0.262193
0.262189
0.262186
0.262183
0.26218
0.262177
0.262174
0.262171
0.262169
0.262166
0.262164
0.262162
0.262159
0.262157
0.262155
0.262153
0.262151
0.262149
0.262147
0.262145
0.262143
0.262142
0.26214
0.262139
0.262138
0.262137
0.262136
0.960934
0.889651
0.824496
0.764817
0.710075
0.659842
0.613788
0.571667
0.533292
0.498509
0.467175
0.439137
0.414219
0.392226
0.37294
0.356131
0.341565
0.329007
0.318234
0.309035
0.301213
0.294592
0.289009
0.284321
0.280399
0.277132
0.274421
0.272179
0.270333
0.268819
0.26758
0.266571
0.265752
0.265088
0.264552
0.26412
0.263772
0.263493
0.263269
0.263089
0.262945
0.262829
0.262735
0.262659
0.262597
0.262546
0.262504
0.262468
0.262439
0.262413
0.262392
0.262373
0.262356
0.262341
0.262327
0.262315
0.262304
0.262293
0.262284
0.262275
0.262267
0.262259
0.262251
0.262245
0.262238
0.262232
0.262226
0.262221
0.262216
0.262211
0.262206
0.262202
0.262198
0.262194
0.262191
0.262187
0.262184
0.262181
0.262178
0.262175
0.262172
0.26217
0.262167
0.262165
0.262163
0.26216
0.262158
0.262156
0.262154
0.262152
0.26215
0.262148
0.262146
0.262144
0.262142
0.262141
0.262139
0.262138
0.262137
0.262136
0.960934
0.889649
0.824492
0.764808
0.710061
0.65982
0.613758
0.571628
0.533243
0.498451
0.467108
0.439062
0.414139
0.392142
0.372854
0.356045
0.34148
0.328925
0.318156
0.308962
0.301146
0.294531
0.288954
0.284272
0.280356
0.277095
0.274389
0.272153
0.270312
0.268801
0.267566
0.26656
0.265743
0.265082
0.264548
0.264118
0.263772
0.263494
0.26327
0.263091
0.262947
0.262831
0.262738
0.262662
0.2626
0.262549
0.262507
0.262471
0.262442
0.262416
0.262394
0.262375
0.262358
0.262343
0.262329
0.262317
0.262306
0.262295
0.262286
0.262277
0.262268
0.26226
0.262253
0.262246
0.26224
0.262233
0.262228
0.262222
0.262217
0.262212
0.262208
0.262203
0.262199
0.262195
0.262192
0.262188
0.262185
0.262182
0.262179
0.262176
0.262173
0.262171
0.262168
0.262166
0.262163
0.262161
0.262159
0.262157
0.262154
0.262152
0.26215
0.262148
0.262146
0.262144
0.262143
0.262141
0.26214
0.262138
0.262137
0.262137
0.960933
0.889647
0.824486
0.764798
0.710045
0.659797
0.613726
0.571585
0.53319
0.498388
0.467036
0.438982
0.414053
0.392052
0.372762
0.355953
0.341389
0.328838
0.318073
0.308884
0.301074
0.294465
0.288895
0.28422
0.280311
0.277056
0.274356
0.272125
0.270288
0.268782
0.267551
0.266549
0.265735
0.265076
0.264544
0.264115
0.263771
0.263494
0.263272
0.263093
0.26295
0.262834
0.262741
0.262665
0.262603
0.262552
0.26251
0.262474
0.262445
0.262419
0.262397
0.262378
0.262361
0.262345
0.262332
0.262319
0.262308
0.262297
0.262287
0.262278
0.26227
0.262262
0.262254
0.262247
0.262241
0.262235
0.262229
0.262223
0.262218
0.262213
0.262209
0.262204
0.2622
0.262196
0.262193
0.262189
0.262186
0.262183
0.26218
0.262177
0.262174
0.262172
0.262169
0.262167
0.262164
0.262162
0.26216
0.262157
0.262155
0.262153
0.262151
0.262149
0.262147
0.262145
0.262143
0.262141
0.26214
0.262139
0.262138
0.262137
0.960933
0.889645
0.824481
0.764788
0.710028
0.659772
0.613691
0.571539
0.533133
0.49832
0.466958
0.438896
0.41396
0.391955
0.372663
0.355854
0.341292
0.328744
0.317984
0.308801
0.300998
0.294396
0.288833
0.284164
0.280262
0.277014
0.27432
0.272095
0.270264
0.268762
0.267535
0.266536
0.265726
0.265069
0.26454
0.264113
0.26377
0.263494
0.263273
0.263095
0.262952
0.262837
0.262743
0.262668
0.262606
0.262555
0.262513
0.262477
0.262447
0.262422
0.2624
0.26238
0.262363
0.262348
0.262334
0.262321
0.26231
0.262299
0.262289
0.26228
0.262271
0.262263
0.262256
0.262249
0.262242
0.262236
0.26223
0.262225
0.262219
0.262214
0.26221
0.262205
0.262201
0.262197
0.262194
0.26219
0.262187
0.262184
0.262181
0.262178
0.262175
0.262172
0.26217
0.262167
0.262165
0.262163
0.26216
0.262158
0.262156
0.262154
0.262151
0.262149
0.262147
0.262145
0.262144
0.262142
0.26214
0.262139
0.262138
0.262137
0.960932
0.889642
0.824475
0.764777
0.71001
0.659744
0.613653
0.57149
0.533071
0.498247
0.466874
0.438803
0.413861
0.391851
0.372557
0.355748
0.341188
0.328644
0.317889
0.308712
0.300916
0.294322
0.288766
0.284105
0.280211
0.276969
0.274282
0.272063
0.270237
0.268741
0.267518
0.266523
0.265716
0.265062
0.264535
0.26411
0.263768
0.263494
0.263273
0.263096
0.262954
0.262839
0.262746
0.262671
0.262609
0.262558
0.262516
0.26248
0.26245
0.262424
0.262402
0.262383
0.262365
0.26235
0.262336
0.262323
0.262311
0.262301
0.262291
0.262281
0.262273
0.262265
0.262257
0.26225
0.262243
0.262237
0.262231
0.262226
0.26222
0.262216
0.262211
0.262206
0.262202
0.262198
0.262195
0.262191
0.262188
0.262185
0.262182
0.262179
0.262176
0.262173
0.262171
0.262168
0.262166
0.262163
0.262161
0.262159
0.262156
0.262154
0.262152
0.26215
0.262148
0.262146
0.262144
0.262142
0.262141
0.262139
0.262138
0.262138
0.960932
0.889639
0.824468
0.764765
0.70999
0.659715
0.613612
0.571436
0.533005
0.498168
0.466784
0.438703
0.413753
0.391739
0.372443
0.355634
0.341077
0.328537
0.317788
0.308618
0.30083
0.294243
0.288696
0.284043
0.280156
0.276922
0.274242
0.27203
0.27021
0.268718
0.2675
0.266509
0.265705
0.265055
0.264529
0.264107
0.263767
0.263493
0.263274
0.263098
0.262956
0.262841
0.262749
0.262673
0.262612
0.262561
0.262519
0.262483
0.262453
0.262427
0.262404
0.262385
0.262367
0.262352
0.262338
0.262325
0.262313
0.262302
0.262292
0.262283
0.262274
0.262266
0.262258
0.262251
0.262245
0.262238
0.262232
0.262227
0.262221
0.262216
0.262212
0.262207
0.262203
0.262199
0.262196
0.262192
0.262189
0.262185
0.262182
0.262179
0.262177
0.262174
0.262171
0.262169
0.262166
0.262164
0.262162
0.262159
0.262157
0.262155
0.262152
0.26215
0.262148
0.262146
0.262144
0.262143
0.262141
0.26214
0.262139
0.262138
0.960931
0.889636
0.824461
0.764752
0.709969
0.659683
0.613568
0.571379
0.532933
0.498083
0.466687
0.438596
0.413639
0.391619
0.372321
0.355513
0.340959
0.328423
0.317681
0.308518
0.300738
0.29416
0.288621
0.283977
0.280099
0.276873
0.2742
0.271994
0.27018
0.268694
0.267481
0.266494
0.265694
0.265046
0.264524
0.264103
0.263764
0.263493
0.263274
0.263099
0.262958
0.262844
0.262751
0.262676
0.262614
0.262563
0.262521
0.262486
0.262455
0.262429
0.262407
0.262387
0.262369
0.262354
0.262339
0.262326
0.262315
0.262304
0.262293
0.262284
0.262275
0.262267
0.262259
0.262252
0.262246
0.262239
0.262233
0.262228
0.262222
0.262217
0.262213
0.262208
0.262204
0.2622
0.262196
0.262193
0.262189
0.262186
0.262183
0.26218
0.262177
0.262175
0.262172
0.262169
0.262167
0.262164
0.262162
0.26216
0.262157
0.262155
0.262153
0.262151
0.262149
0.262147
0.262145
0.262143
0.262141
0.26214
0.262139
0.262138
0.96093
0.889633
0.824454
0.764738
0.709946
0.659649
0.61352
0.571317
0.532856
0.497991
0.466583
0.438481
0.413516
0.391491
0.372191
0.355384
0.340833
0.328303
0.317567
0.308413
0.300641
0.294072
0.288543
0.283908
0.280038
0.276821
0.274156
0.271957
0.270149
0.268669
0.267461
0.266479
0.265682
0.265037
0.264517
0.264099
0.263762
0.263492
0.263274
0.2631
0.262959
0.262845
0.262753
0.262678
0.262617
0.262566
0.262524
0.262488
0.262457
0.262431
0.262409
0.262389
0.262371
0.262355
0.262341
0.262328
0.262316
0.262305
0.262295
0.262285
0.262276
0.262268
0.26226
0.262253
0.262246
0.26224
0.262234
0.262228
0.262223
0.262218
0.262213
0.262209
0.262205
0.262201
0.262197
0.262193
0.26219
0.262187
0.262184
0.262181
0.262178
0.262175
0.262172
0.26217
0.262167
0.262165
0.262163
0.26216
0.262158
0.262155
0.262153
0.262151
0.262149
0.262147
0.262145
0.262143
0.262141
0.26214
0.262139
0.262138
0.96093
0.88963
0.824446
0.764723
0.709921
0.659612
0.613469
0.57125
0.532774
0.497893
0.466471
0.438358
0.413385
0.391355
0.372053
0.355247
0.3407
0.328175
0.317447
0.308301
0.300539
0.29398
0.28846
0.283835
0.279975
0.276766
0.274109
0.271918
0.270117
0.268643
0.26744
0.266462
0.265669
0.265028
0.26451
0.264094
0.263759
0.26349
0.263274
0.2631
0.26296
0.262847
0.262755
0.26268
0.262619
0.262568
0.262526
0.26249
0.262459
0.262433
0.26241
0.26239
0.262373
0.262357
0.262342
0.262329
0.262317
0.262306
0.262296
0.262286
0.262277
0.262269
0.262261
0.262254
0.262247
0.262241
0.262235
0.262229
0.262224
0.262219
0.262214
0.262209
0.262205
0.262201
0.262197
0.262194
0.26219
0.262187
0.262184
0.262181
0.262178
0.262176
0.262173
0.26217
0.262168
0.262165
0.262163
0.26216
0.262158
0.262156
0.262153
0.262151
0.262149
0.262147
0.262145
0.262143
0.262141
0.26214
0.262139
0.262138
0.960929
0.889626
0.824437
0.764707
0.709895
0.659573
0.613415
0.571179
0.532685
0.497788
0.466351
0.438227
0.413245
0.39121
0.371906
0.355102
0.340559
0.328041
0.317321
0.308184
0.300432
0.293883
0.288374
0.283759
0.279908
0.276709
0.27406
0.271877
0.270083
0.268615
0.267417
0.266444
0.265655
0.265017
0.264503
0.264089
0.263756
0.263488
0.263273
0.2631
0.262961
0.262848
0.262757
0.262682
0.262621
0.26257
0.262527
0.262492
0.262461
0.262435
0.262412
0.262392
0.262374
0.262358
0.262343
0.26233
0.262318
0.262307
0.262296
0.262287
0.262278
0.262269
0.262262
0.262254
0.262247
0.262241
0.262235
0.262229
0.262224
0.262219
0.262214
0.26221
0.262205
0.262201
0.262198
0.262194
0.262191
0.262187
0.262184
0.262181
0.262179
0.262176
0.262173
0.262171
0.262168
0.262166
0.262163
0.262161
0.262158
0.262156
0.262154
0.262151
0.262149
0.262147
0.262145
0.262143
0.262141
0.26214
0.262139
0.262138
0.960928
0.889623
0.824428
0.76469
0.709867
0.65953
0.613356
0.571102
0.53259
0.497676
0.466224
0.438087
0.413096
0.391057
0.371751
0.354948
0.34041
0.327899
0.317188
0.308061
0.300319
0.293781
0.288283
0.283679
0.279839
0.276649
0.27401
0.271834
0.270047
0.268586
0.267394
0.266425
0.26564
0.265006
0.264494
0.264083
0.263752
0.263486
0.263272
0.2631
0.262961
0.262849
0.262758
0.262683
0.262622
0.262571
0.262529
0.262493
0.262462
0.262436
0.262413
0.262393
0.262375
0.262358
0.262344
0.262331
0.262318
0.262307
0.262297
0.262287
0.262278
0.26227
0.262262
0.262254
0.262248
0.262241
0.262235
0.262229
0.262224
0.262219
0.262214
0.26221
0.262206
0.262202
0.262198
0.262194
0.262191
0.262188
0.262185
0.262182
0.262179
0.262176
0.262173
0.262171
0.262168
0.262166
0.262163
0.262161
0.262158
0.262156
0.262154
0.262151
0.262149
0.262147
0.262145
0.262143
0.262141
0.26214
0.262139
0.262138
0.960928
0.889619
0.824419
0.764672
0.709836
0.659485
0.613293
0.57102
0.532489
0.497556
0.466088
0.437938
0.412939
0.390894
0.371588
0.354787
0.340254
0.32775
0.317048
0.307932
0.300202
0.293676
0.288189
0.283596
0.279767
0.276587
0.273957
0.271789
0.27001
0.268555
0.267369
0.266406
0.265625
0.264994
0.264485
0.264076
0.263747
0.263482
0.26327
0.263099
0.262961
0.262849
0.262758
0.262684
0.262623
0.262572
0.26253
0.262494
0.262463
0.262437
0.262414
0.262393
0.262375
0.262359
0.262344
0.262331
0.262318
0.262307
0.262297
0.262287
0.262278
0.26227
0.262262
0.262254
0.262247
0.262241
0.262235
0.262229
0.262224
0.262219
0.262214
0.26221
0.262205
0.262202
0.262198
0.262194
0.262191
0.262188
0.262184
0.262182
0.262179
0.262176
0.262173
0.262171
0.262168
0.262166
0.262163
0.262161
0.262158
0.262156
0.262153
0.262151
0.262149
0.262147
0.262145
0.262143
0.262141
0.26214
0.262139
0.262138
0.960927
0.889615
0.824409
0.764652
0.709804
0.659437
0.613225
0.570932
0.53238
0.497429
0.465944
0.437781
0.412772
0.390723
0.371415
0.354618
0.34009
0.327595
0.316903
0.307798
0.30008
0.293566
0.288092
0.28351
0.279692
0.276523
0.273902
0.271743
0.269972
0.268524
0.267344
0.266385
0.265609
0.264981
0.264476
0.264069
0.263742
0.263479
0.263267
0.263097
0.26296
0.262849
0.262758
0.262684
0.262623
0.262573
0.26253
0.262494
0.262464
0.262437
0.262414
0.262393
0.262375
0.262359
0.262344
0.262331
0.262318
0.262307
0.262296
0.262287
0.262278
0.262269
0.262261
0.262254
0.262247
0.262241
0.262235
0.262229
0.262224
0.262219
0.262214
0.262209
0.262205
0.262201
0.262197
0.262194
0.262191
0.262187
0.262184
0.262181
0.262178
0.262176
0.262173
0.26217
0.262168
0.262165
0.262163
0.26216
0.262158
0.262156
0.262153
0.262151
0.262149
0.262147
0.262144
0.262143
0.262141
0.26214
0.262138
0.262138
0.960926
0.889611
0.824398
0.764631
0.709769
0.659385
0.613153
0.570838
0.532265
0.497293
0.465791
0.437615
0.412597
0.390543
0.371235
0.354441
0.339919
0.327433
0.316752
0.307659
0.299954
0.293453
0.287991
0.283422
0.279615
0.276456
0.273845
0.271696
0.269932
0.268491
0.267317
0.266363
0.265591
0.264968
0.264465
0.264061
0.263736
0.263474
0.263264
0.263095
0.262958
0.262848
0.262757
0.262684
0.262623
0.262572
0.26253
0.262494
0.262463
0.262437
0.262414
0.262393
0.262375
0.262358
0.262344
0.26233
0.262318
0.262306
0.262296
0.262286
0.262277
0.262268
0.262261
0.262253
0.262246
0.26224
0.262234
0.262228
0.262223
0.262218
0.262213
0.262209
0.262205
0.262201
0.262197
0.262193
0.26219
0.262187
0.262184
0.262181
0.262178
0.262175
0.262173
0.26217
0.262167
0.262165
0.262162
0.26216
0.262158
0.262155
0.262153
0.262151
0.262148
0.262146
0.262144
0.262142
0.262141
0.262139
0.262138
0.262137
0.960925
0.889606
0.824387
0.764609
0.709732
0.659329
0.613076
0.570739
0.532143
0.49715
0.46563
0.43744
0.412413
0.390354
0.371047
0.354256
0.339743
0.327266
0.316597
0.307516
0.299824
0.293336
0.287888
0.283331
0.279536
0.276388
0.273787
0.271647
0.269891
0.268457
0.267289
0.266341
0.265573
0.264953
0.264454
0.264052
0.263729
0.263469
0.26326
0.263092
0.262956
0.262846
0.262756
0.262683
0.262622
0.262572
0.262529
0.262493
0.262463
0.262436
0.262413
0.262392
0.262374
0.262357
0.262343
0.262329
0.262317
0.262305
0.262295
0.262285
0.262276
0.262267
0.26226
0.262252
0.262245
0.262239
0.262233
0.262227
0.262222
0.262217
0.262212
0.262208
0.262204
0.2622
0.262196
0.262193
0.262189
0.262186
0.262183
0.26218
0.262177
0.262175
0.262172
0.262169
0.262167
0.262164
0.262162
0.262159
0.262157
0.262155
0.262152
0.26215
0.262148
0.262146
0.262144
0.262142
0.26214
0.262139
0.262138
0.262137
0.960925
0.889601
0.824375
0.764586
0.709693
0.65927
0.612995
0.570633
0.532013
0.496998
0.46546
0.437256
0.412221
0.390158
0.370852
0.354066
0.33956
0.327094
0.316437
0.30737
0.299691
0.293217
0.287782
0.283239
0.279456
0.276319
0.273728
0.271597
0.26985
0.268422
0.26726
0.266318
0.265554
0.264938
0.264442
0.264042
0.263721
0.263463
0.263256
0.263088
0.262953
0.262844
0.262754
0.262681
0.262621
0.26257
0.262528
0.262492
0.262461
0.262435
0.262411
0.262391
0.262373
0.262356
0.262341
0.262328
0.262315
0.262304
0.262293
0.262283
0.262274
0.262266
0.262258
0.262251
0.262244
0.262238
0.262232
0.262226
0.262221
0.262216
0.262211
0.262207
0.262203
0.262199
0.262195
0.262192
0.262188
0.262185
0.262182
0.262179
0.262177
0.262174
0.262171
0.262169
0.262166
0.262164
0.262161
0.262159
0.262156
0.262154
0.262152
0.262149
0.262147
0.262145
0.262143
0.262141
0.262139
0.262138
0.262137
0.262136
0.960924
0.889597
0.824362
0.764561
0.709651
0.659207
0.612907
0.57052
0.531876
0.496839
0.465283
0.437065
0.412021
0.389956
0.370651
0.35387
0.339373
0.326919
0.316274
0.307221
0.299556
0.293096
0.287675
0.283145
0.279374
0.276249
0.273669
0.271546
0.269807
0.268387
0.267231
0.266294
0.265535
0.264923
0.264429
0.264032
0.263713
0.263457
0.26325
0.263084
0.26295
0.262841
0.262752
0.262679
0.262618
0.262568
0.262526
0.26249
0.262459
0.262433
0.26241
0.262389
0.262371
0.262354
0.262339
0.262326
0.262313
0.262302
0.262291
0.262282
0.262273
0.262264
0.262256
0.262249
0.262242
0.262236
0.26223
0.262224
0.262219
0.262214
0.26221
0.262205
0.262201
0.262198
0.262194
0.262191
0.262187
0.262184
0.262181
0.262178
0.262176
0.262173
0.26217
0.262168
0.262165
0.262163
0.26216
0.262158
0.262156
0.262153
0.262151
0.262149
0.262146
0.262144
0.262142
0.26214
0.262139
0.262137
0.262136
0.262136
0.960923
0.889592
0.824349
0.764534
0.709606
0.659139
0.612815
0.570402
0.531732
0.496673
0.465098
0.436868
0.411816
0.389748
0.370445
0.353671
0.339183
0.326741
0.316109
0.30707
0.29942
0.292975
0.287568
0.283051
0.279293
0.276179
0.273609
0.271495
0.269764
0.268351
0.267202
0.266269
0.265515
0.264906
0.264416
0.264021
0.263704
0.263449
0.263244
0.263079
0.262945
0.262837
0.262748
0.262676
0.262616
0.262566
0.262523
0.262488
0.262457
0.26243
0.262407
0.262387
0.262368
0.262352
0.262337
0.262323
0.262311
0.2623
0.262289
0.262279
0.26227
0.262262
0.262254
0.262247
0.26224
0.262234
0.262228
0.262223
0.262218
0.262213
0.262208
0.262204
0.2622
0.262196
0.262192
0.262189
0.262186
0.262183
0.26218
0.262177
0.262174
0.262172
0.262169
0.262167
0.262164
0.262162
0.262159
0.262157
0.262155
0.262152
0.26215
0.262148
0.262145
0.262143
0.262141
0.26214
0.262138
0.262137
0.262136
0.262135
0.960922
0.889586
0.824334
0.764505
0.709558
0.659068
0.612718
0.570277
0.531582
0.496501
0.464908
0.436665
0.411606
0.389536
0.370237
0.35347
0.338993
0.326562
0.315944
0.30692
0.299285
0.292854
0.287461
0.282957
0.279211
0.276109
0.273549
0.271445
0.269721
0.268315
0.267172
0.266244
0.265494
0.264889
0.264402
0.26401
0.263695
0.263441
0.263237
0.263073
0.26294
0.262832
0.262744
0.262672
0.262612
0.262562
0.26252
0.262485
0.262454
0.262427
0.262404
0.262384
0.262365
0.262349
0.262334
0.262321
0.262308
0.262297
0.262286
0.262277
0.262268
0.26226
0.262252
0.262245
0.262238
0.262232
0.262226
0.262221
0.262215
0.262211
0.262206
0.262202
0.262198
0.262194
0.262191
0.262187
0.262184
0.262181
0.262178
0.262176
0.262173
0.26217
0.262168
0.262165
0.262163
0.26216
0.262158
0.262156
0.262153
0.262151
0.262149
0.262147
0.262145
0.262142
0.262141
0.262139
0.262137
0.262136
0.262135
0.262134
0.960922
0.889581
0.824319
0.764474
0.709507
0.658992
0.612615
0.570148
0.531427
0.496323
0.464713
0.436459
0.411394
0.389324
0.370028
0.353269
0.338803
0.326385
0.315781
0.306772
0.299151
0.292735
0.287356
0.282865
0.279132
0.27604
0.27349
0.271394
0.269679
0.26828
0.267142
0.26622
0.265474
0.264872
0.264388
0.263998
0.263685
0.263433
0.26323
0.263067
0.262935
0.262827
0.26274
0.262668
0.262608
0.262558
0.262516
0.262481
0.26245
0.262424
0.262401
0.26238
0.262362
0.262346
0.262331
0.262317
0.262305
0.262294
0.262283
0.262274
0.262265
0.262257
0.262249
0.262242
0.262236
0.262229
0.262224
0.262218
0.262213
0.262209
0.262204
0.2622
0.262196
0.262192
0.262189
0.262186
0.262183
0.26218
0.262177
0.262174
0.262171
0.262169
0.262166
0.262164
0.262161
0.262159
0.262157
0.262154
0.262152
0.26215
0.262148
0.262146
0.262143
0.262141
0.26214
0.262138
0.262136
0.262135
0.262134
0.262133
0.960921
0.889575
0.824302
0.764442
0.709453
0.658913
0.612508
0.570014
0.531268
0.496143
0.464517
0.436252
0.411183
0.389113
0.369822
0.353072
0.338617
0.326212
0.315623
0.306627
0.299022
0.29262
0.287254
0.282776
0.279054
0.275973
0.273433
0.271346
0.269638
0.268245
0.267113
0.266195
0.265453
0.264855
0.264373
0.263986
0.263674
0.263424
0.263222
0.26306
0.262928
0.262822
0.262734
0.262663
0.262603
0.262554
0.262512
0.262477
0.262446
0.26242
0.262397
0.262376
0.262358
0.262342
0.262327
0.262314
0.262302
0.26229
0.26228
0.262271
0.262262
0.262254
0.262246
0.262239
0.262233
0.262227
0.262221
0.262216
0.262211
0.262206
0.262202
0.262198
0.262194
0.26219
0.262187
0.262184
0.262181
0.262178
0.262175
0.262172
0.26217
0.262167
0.262165
0.262162
0.26216
0.262158
0.262155
0.262153
0.262151
0.262149
0.262146
0.262144
0.262142
0.26214
0.262138
0.262137
0.262135
0.262134
0.262133
0.262132
0.96092
0.889568
0.824284
0.764406
0.709395
0.65883
0.612398
0.569878
0.531108
0.495964
0.464323
0.436049
0.410976
0.388908
0.369623
0.352882
0.338438
0.326046
0.315471
0.30649
0.298898
0.29251
0.287157
0.282691
0.27898
0.275909
0.273378
0.271299
0.269598
0.268211
0.267084
0.266171
0.265433
0.264838
0.264359
0.263973
0.263664
0.263415
0.263214
0.263053
0.262922
0.262816
0.262729
0.262657
0.262598
0.262549
0.262508
0.262472
0.262442
0.262416
0.262393
0.262372
0.262354
0.262338
0.262323
0.26231
0.262298
0.262287
0.262277
0.262267
0.262259
0.262251
0.262243
0.262236
0.26223
0.262224
0.262218
0.262213
0.262208
0.262204
0.262199
0.262195
0.262192
0.262188
0.262185
0.262182
0.262179
0.262176
0.262173
0.26217
0.262168
0.262165
0.262163
0.262161
0.262158
0.262156
0.262154
0.262152
0.26215
0.262147
0.262145
0.262143
0.262141
0.262139
0.262137
0.262136
0.262134
0.262133
0.262132
0.262132
0.960919
0.889561
0.824265
0.764369
0.709335
0.658745
0.612288
0.569742
0.530951
0.495789
0.464136
0.435855
0.410779
0.388714
0.369435
0.352703
0.33827
0.325891
0.315328
0.306361
0.298783
0.292407
0.287066
0.282612
0.278911
0.27585
0.273327
0.271255
0.269561
0.26818
0.267057
0.266148
0.265414
0.264821
0.264345
0.263961
0.263653
0.263405
0.263206
0.263045
0.262915
0.262809
0.262723
0.262652
0.262593
0.262544
0.262503
0.262467
0.262437
0.262411
0.262388
0.262368
0.26235
0.262334
0.262319
0.262306
0.262294
0.262283
0.262273
0.262264
0.262255
0.262247
0.26224
0.262233
0.262227
0.262221
0.262216
0.26221
0.262206
0.262201
0.262197
0.262193
0.262189
0.262186
0.262183
0.26218
0.262177
0.262174
0.262171
0.262169
0.262166
0.262164
0.262161
0.262159
0.262157
0.262155
0.262152
0.26215
0.262148
0.262146
0.262144
0.262142
0.26214
0.262138
0.262136
0.262135
0.262133
0.262132
0.262131
0.262131
0.960919
0.889554
0.824244
0.76433
0.709274
0.65866
0.612179
0.569612
0.530801
0.495624
0.463961
0.435674
0.410598
0.388535
0.369262
0.352539
0.338117
0.32575
0.3152
0.306244
0.298678
0.292314
0.286984
0.28254
0.278849
0.275795
0.27328
0.271215
0.269527
0.26815
0.267033
0.266127
0.265396
0.264806
0.264331
0.26395
0.263643
0.263396
0.263198
0.263038
0.262908
0.262803
0.262717
0.262646
0.262588
0.262539
0.262498
0.262463
0.262433
0.262407
0.262384
0.262364
0.262346
0.26233
0.262315
0.262302
0.26229
0.26228
0.26227
0.26226
0.262252
0.262244
0.262237
0.26223
0.262224
0.262218
0.262213
0.262208
0.262203
0.262199
0.262195
0.262191
0.262187
0.262184
0.262181
0.262178
0.262175
0.262172
0.262169
0.262167
0.262164
0.262162
0.26216
0.262157
0.262155
0.262153
0.262151
0.262149
0.262147
0.262145
0.262143
0.262141
0.262139
0.262137
0.262135
0.262134
0.262132
0.262131
0.26213
0.26213
0.960918
0.889545
0.824223
0.764291
0.709215
0.658579
0.612078
0.569492
0.530665
0.495476
0.463805
0.435514
0.410437
0.388378
0.369112
0.352397
0.337984
0.325627
0.315088
0.306143
0.298587
0.292233
0.286913
0.282477
0.278794
0.275748
0.273239
0.27118
0.269496
0.268125
0.26701
0.266108
0.265379
0.264792
0.264319
0.263939
0.263633
0.263388
0.26319
0.263031
0.262902
0.262797
0.262711
0.262641
0.262583
0.262534
0.262493
0.262458
0.262428
0.262402
0.26238
0.26236
0.262342
0.262326
0.262312
0.262299
0.262287
0.262276
0.262266
0.262257
0.262249
0.262241
0.262234
0.262227
0.262221
0.262216
0.26221
0.262205
0.262201
0.262196
0.262192
0.262189
0.262185
0.262182
0.262179
0.262176
0.262173
0.26217
0.262168
0.262165
0.262163
0.26216
0.262158
0.262156
0.262154
0.262152
0.26215
0.262148
0.262145
0.262143
0.262142
0.26214
0.262138
0.262136
0.262134
0.262133
0.262132
0.26213
0.26213
0.262129
0.960918
0.889537
0.824201
0.764253
0.70916
0.658508
0.61199
0.56939
0.530551
0.495353
0.463675
0.435382
0.410306
0.38825
0.368989
0.352281
0.337876
0.325528
0.314997
0.306061
0.298513
0.292167
0.286854
0.282425
0.278748
0.275708
0.273205
0.27115
0.269471
0.268103
0.266992
0.266092
0.265365
0.26478
0.264308
0.26393
0.263625
0.26338
0.263183
0.263025
0.262896
0.262792
0.262706
0.262636
0.262578
0.262529
0.262489
0.262454
0.262424
0.262398
0.262376
0.262356
0.262338
0.262322
0.262308
0.262295
0.262284
0.262273
0.262263
0.262254
0.262246
0.262238
0.262231
0.262225
0.262219
0.262213
0.262208
0.262203
0.262199
0.262194
0.26219
0.262187
0.262183
0.26218
0.262177
0.262174
0.262171
0.262169
0.262166
0.262164
0.262161
0.262159
0.262157
0.262155
0.262153
0.26215
0.262148
0.262146
0.262144
0.262142
0.26214
0.262139
0.262137
0.262135
0.262134
0.262132
0.262131
0.26213
0.262129
0.262129
0.960918
0.889529
0.824181
0.764221
0.709116
0.658452
0.611923
0.569313
0.530467
0.495262
0.46358
0.435285
0.41021
0.388156
0.368899
0.352195
0.337797
0.325454
0.31493
0.306
0.298458
0.292116
0.286808
0.282385
0.278713
0.275678
0.273178
0.271127
0.269451
0.268085
0.266977
0.266079
0.265354
0.264769
0.264299
0.263921
0.263618
0.263374
0.263177
0.263019
0.262891
0.262787
0.262702
0.262632
0.262574
0.262525
0.262485
0.26245
0.262421
0.262395
0.262372
0.262353
0.262335
0.26232
0.262305
0.262293
0.262281
0.262271
0.262261
0.262252
0.262244
0.262236
0.262229
0.262223
0.262217
0.262211
0.262206
0.262201
0.262197
0.262193
0.262189
0.262185
0.262182
0.262179
0.262175
0.262173
0.26217
0.262167
0.262165
0.262162
0.26216
0.262158
0.262156
0.262154
0.262152
0.262149
0.262147
0.262145
0.262143
0.262142
0.26214
0.262138
0.262136
0.262134
0.262133
0.262131
0.26213
0.262129
0.262128
0.262128
0.960918
0.889523
0.824168
0.764201
0.70909
0.658419
0.611884
0.569268
0.530417
0.495208
0.463524
0.435228
0.410152
0.3881
0.368844
0.352144
0.337748
0.325409
0.314888
0.305962
0.298422
0.292082
0.286776
0.282356
0.278688
0.275656
0.273159
0.271111
0.269436
0.268072
0.266965
0.266068
0.265344
0.264761
0.264292
0.263915
0.263612
0.263368
0.263172
0.263014
0.262886
0.262782
0.262698
0.262628
0.26257
0.262522
0.262482
0.262447
0.262418
0.262392
0.26237
0.26235
0.262333
0.262317
0.262303
0.262291
0.262279
0.262269
0.262259
0.26225
0.262242
0.262235
0.262228
0.262221
0.262216
0.26221
0.262205
0.2622
0.262196
0.262192
0.262188
0.262184
0.262181
0.262178
0.262175
0.262172
0.262169
0.262166
0.262164
0.262162
0.262159
0.262157
0.262155
0.262153
0.262151
0.262149
0.262147
0.262145
0.262143
0.262141
0.262139
0.262137
0.262136
0.262134
0.262132
0.262131
0.26213
0.262129
0.262128
0.262128
)
;

boundaryField
{
    inlet
    {
        type            fixedValue;
        value           uniform 1;
    }
    outlet
    {
        type            inletOutlet;
        inletValue      uniform 1;
        value           nonuniform List<scalar> 
100
(
0.262134
0.262135
0.262135
0.262135
0.262135
0.262136
0.262136
0.262137
0.262137
0.262138
0.262138
0.262138
0.262139
0.262139
0.262139
0.262139
0.262139
0.262139
0.262139
0.262139
0.262139
0.262139
0.262139
0.262138
0.262138
0.262138
0.262137
0.262137
0.262136
0.262136
0.262135
0.262135
0.262135
0.262134
0.262134
0.262133
0.262133
0.262132
0.262132
0.262132
0.262131
0.262131
0.262131
0.262131
0.262131
0.26213
0.26213
0.26213
0.26213
0.26213
0.26213
0.26213
0.26213
0.26213
0.26213
0.26213
0.262131
0.262131
0.262131
0.262131
0.262132
0.262132
0.262132
0.262133
0.262133
0.262133
0.262134
0.262134
0.262135
0.262135
0.262136
0.262136
0.262136
0.262137
0.262137
0.262137
0.262138
0.262138
0.262138
0.262138
0.262138
0.262138
0.262138
0.262138
0.262138
0.262137
0.262137
0.262136
0.262136
0.262135
0.262134
0.262133
0.262132
0.262132
0.262131
0.26213
0.262129
0.262129
0.262128
0.262128
)
;
    }
    ground
    {
        type            empty;
    }
    top
    {
        type            empty;
    }
    front
    {
        type            inletOutlet;
        inletValue      uniform 1;
        value           nonuniform List<scalar> 
100
(
0.960917
0.889521
0.824165
0.764198
0.709087
0.658418
0.611887
0.569274
0.530427
0.495223
0.463543
0.43525
0.410177
0.388125
0.368871
0.35217
0.337774
0.325434
0.314912
0.305984
0.298443
0.292102
0.286795
0.282374
0.278705
0.275673
0.273175
0.271126
0.269451
0.268087
0.266979
0.266082
0.265358
0.264775
0.264305
0.263928
0.263625
0.263381
0.263185
0.263027
0.262899
0.262795
0.26271
0.262641
0.262583
0.262535
0.262494
0.26246
0.26243
0.262405
0.262382
0.262363
0.262345
0.262329
0.262315
0.262303
0.262291
0.262281
0.262271
0.262262
0.262254
0.262246
0.262239
0.262233
0.262227
0.262221
0.262216
0.262212
0.262207
0.262203
0.262199
0.262195
0.262192
0.262189
0.262186
0.262183
0.26218
0.262177
0.262175
0.262172
0.26217
0.262168
0.262165
0.262163
0.262161
0.262159
0.262157
0.262155
0.262153
0.26215
0.262148
0.262146
0.262144
0.262142
0.26214
0.262139
0.262137
0.262136
0.262135
0.262134
)
;
    }
    back
    {
        type            inletOutlet;
        inletValue      uniform 1;
        value           nonuniform List<scalar> 
100
(
0.960918
0.889523
0.824168
0.764201
0.70909
0.658419
0.611884
0.569268
0.530417
0.495208
0.463524
0.435228
0.410152
0.3881
0.368844
0.352144
0.337748
0.325409
0.314888
0.305962
0.298422
0.292082
0.286776
0.282356
0.278688
0.275656
0.273159
0.271111
0.269436
0.268072
0.266965
0.266068
0.265344
0.264761
0.264292
0.263915
0.263612
0.263368
0.263172
0.263014
0.262886
0.262782
0.262698
0.262628
0.26257
0.262522
0.262482
0.262447
0.262418
0.262392
0.26237
0.26235
0.262333
0.262317
0.262303
0.262291
0.262279
0.262269
0.262259
0.26225
0.262242
0.262235
0.262228
0.262221
0.262216
0.26221
0.262205
0.2622
0.262196
0.262192
0.262188
0.262184
0.262181
0.262178
0.262175
0.262172
0.262169
0.262166
0.262164
0.262162
0.262159
0.262157
0.262155
0.262153
0.262151
0.262149
0.262147
0.262145
0.262143
0.262141
0.262139
0.262137
0.262136
0.262134
0.262132
0.262131
0.26213
0.262129
0.262128
0.262128
)
;
    }
}


// ************************************************************************* //
