/*--------------------------------*- C++ -*----------------------------------*\
  =========                 |
  \\      /  F ield         | OpenFOAM: The Open Source CFD Toolbox
   \\    /   O peration     | Website:  https://openfoam.org
    \\  /    A nd           | Version:  11
     \\/     M anipulation  |
\*---------------------------------------------------------------------------*/
FoamFile
{
    format      ascii;
    class       volScalarField;
    location    "188";
    object      omega;
}
// * * * * * * * * * * * * * * * * * * * * * * * * * * * * * * * * * * * * * //

dimensions      [0 0 -1 0 0 0 0];

internalField   nonuniform List<scalar> 
10000
(
0.9617
0.892203
0.829107
0.771747
0.719532
0.671935
0.628488
0.588772
0.552416
0.519087
0.488488
0.460355
0.434449
0.410558
0.388492
0.36808
0.349167
0.331615
0.3153
0.300109
0.285939
0.2727
0.260306
0.248683
0.237761
0.227478
0.217777
0.208607
0.199923
0.191683
0.183852
0.176397
0.169292
0.162515
0.156048
0.149876
0.143988
0.138377
0.133037
0.127964
0.123156
0.118608
0.114319
0.110285
0.106499
0.102957
0.0996499
0.0965705
0.0937093
0.0910562
0.0886003
0.0863304
0.084235
0.0823027
0.0805224
0.0788832
0.0773751
0.0759885
0.074714
0.0735432
0.0724679
0.0714807
0.0705746
0.0697432
0.0689803
0.0682807
0.067639
0.0670507
0.0665114
0.0660172
0.0655643
0.0651495
0.0647695
0.0644216
0.0641031
0.0638116
0.0635449
0.0633009
0.0630778
0.0628739
0.0626874
0.0625172
0.0623617
0.0622197
0.0620903
0.0619723
0.061865
0.0617674
0.0616788
0.0615987
0.0615264
0.0614616
0.0614037
0.0613527
0.0613083
0.0612704
0.0612393
0.0612149
0.0611978
0.0611884
0.9617
0.892203
0.829108
0.771749
0.719534
0.671937
0.62849
0.588774
0.552418
0.519089
0.488491
0.460357
0.434451
0.410561
0.388495
0.368082
0.34917
0.331618
0.315303
0.300112
0.285943
0.272704
0.26031
0.248687
0.237766
0.227483
0.217783
0.208614
0.199931
0.191691
0.183861
0.176407
0.169303
0.162527
0.156061
0.149889
0.144003
0.138392
0.133053
0.127981
0.123173
0.118626
0.114337
0.110302
0.106517
0.102974
0.0996672
0.0965878
0.0937263
0.0910726
0.0886159
0.0863451
0.0842486
0.0823153
0.080534
0.078894
0.0773852
0.0759979
0.0747228
0.0735514
0.0724755
0.0714878
0.0705812
0.0697493
0.0689861
0.068286
0.0676439
0.0670553
0.0665157
0.0660211
0.065568
0.0651528
0.0647726
0.0644245
0.0641057
0.063814
0.0635471
0.063303
0.0630797
0.0628756
0.062689
0.0625186
0.062363
0.062221
0.0620914
0.0619734
0.0618659
0.0617682
0.0616796
0.0615994
0.061527
0.0614621
0.0614043
0.0613532
0.0613087
0.0612709
0.0612396
0.0612153
0.0611982
0.0611888
0.9617
0.892204
0.829109
0.771751
0.719536
0.67194
0.628493
0.588778
0.552422
0.519093
0.488495
0.460362
0.434456
0.410566
0.3885
0.368088
0.349175
0.331624
0.315309
0.300118
0.285949
0.27271
0.260317
0.248695
0.237774
0.227492
0.217793
0.208625
0.199942
0.191704
0.183875
0.176423
0.16932
0.162546
0.156081
0.149911
0.144026
0.138417
0.133079
0.128008
0.1232
0.118654
0.114365
0.11033
0.106545
0.103002
0.0996948
0.0966148
0.0937526
0.091098
0.0886402
0.0863681
0.0842703
0.0823356
0.080553
0.0789118
0.0774018
0.0760134
0.0747372
0.0735648
0.072488
0.0714994
0.070592
0.0697593
0.0689953
0.0682945
0.0676518
0.0670625
0.0665224
0.0660273
0.0655736
0.0651581
0.0647774
0.0644289
0.0641098
0.0638178
0.0635506
0.0633061
0.0630826
0.0628782
0.0626914
0.0625208
0.062365
0.0622228
0.0620931
0.0619749
0.0618673
0.0617695
0.0616807
0.0616004
0.061528
0.061463
0.0614051
0.061354
0.0613095
0.0612716
0.0612404
0.061216
0.0611989
0.0611895
0.9617
0.892205
0.829111
0.771753
0.719539
0.671944
0.628497
0.588783
0.552427
0.519099
0.488501
0.460368
0.434463
0.410572
0.388507
0.368095
0.349182
0.331631
0.315317
0.300126
0.285958
0.272719
0.260327
0.248705
0.237785
0.227504
0.217806
0.20864
0.199959
0.191722
0.183895
0.176444
0.169344
0.162572
0.156109
0.149942
0.144058
0.138451
0.133115
0.128045
0.123238
0.118692
0.114404
0.110369
0.106584
0.10304
0.0997325
0.0966516
0.0937882
0.0911323
0.088673
0.0863993
0.0842998
0.0823634
0.0805791
0.0789363
0.0774247
0.0760347
0.0747571
0.0735833
0.0725052
0.0715153
0.0706067
0.0697729
0.0690079
0.0683062
0.0676626
0.0670725
0.0665315
0.0660357
0.0655814
0.0651652
0.064784
0.0644349
0.0641153
0.0638228
0.0635551
0.0633103
0.0630864
0.0628817
0.0626946
0.0625237
0.0623676
0.0622252
0.0620953
0.0619769
0.0618691
0.0617711
0.0616823
0.0616019
0.0615294
0.0614643
0.0614063
0.0613551
0.0613106
0.0612727
0.0612414
0.0612171
0.0611999
0.0611905
0.9617
0.892205
0.829112
0.771755
0.719542
0.671947
0.628502
0.588788
0.552433
0.519105
0.488508
0.460375
0.43447
0.410581
0.388515
0.368104
0.349192
0.331641
0.315327
0.300137
0.285969
0.272731
0.26034
0.248719
0.2378
0.22752
0.217824
0.208659
0.19998
0.191745
0.18392
0.176472
0.169375
0.162605
0.156145
0.14998
0.144099
0.138494
0.13316
0.128091
0.123286
0.118741
0.114453
0.110419
0.106632
0.103088
0.0997796
0.0966975
0.0938327
0.0911751
0.088714
0.0864382
0.0843367
0.0823982
0.0806119
0.078967
0.0774534
0.0760615
0.0747821
0.0736066
0.0725268
0.0715354
0.0706254
0.0697902
0.0690239
0.0683209
0.0676762
0.067085
0.0665431
0.0660463
0.0655912
0.0651741
0.0647922
0.0644424
0.0641222
0.0638291
0.0635609
0.0633156
0.0630912
0.0628861
0.0626986
0.0625273
0.0623709
0.0622282
0.062098
0.0619794
0.0618714
0.0617733
0.0616842
0.0616037
0.0615311
0.0614659
0.0614078
0.0613566
0.061312
0.061274
0.0612428
0.0612184
0.0612013
0.0611918
0.9617
0.892205
0.829113
0.771756
0.719545
0.671951
0.628506
0.588793
0.552439
0.519112
0.488515
0.460383
0.434479
0.41059
0.388525
0.368114
0.349202
0.331652
0.315339
0.30015
0.285983
0.272746
0.260355
0.248736
0.237818
0.22754
0.217845
0.208682
0.200005
0.191773
0.183951
0.176506
0.169411
0.162644
0.156187
0.150025
0.144147
0.138545
0.133213
0.128147
0.123343
0.118799
0.114511
0.110477
0.10669
0.103145
0.0998353
0.0967517
0.0938851
0.0912255
0.0887622
0.0864842
0.0843802
0.0824394
0.0806506
0.0790033
0.0774875
0.0760934
0.0748118
0.0736342
0.0725526
0.0715593
0.0706475
0.0698107
0.0690428
0.0683384
0.0676924
0.0670999
0.0665568
0.066059
0.0656028
0.0651848
0.064802
0.0644514
0.0641304
0.0638366
0.0635678
0.0633218
0.0630969
0.0628913
0.0627034
0.0625317
0.0623749
0.0622318
0.0621013
0.0619824
0.0618742
0.0617758
0.0616866
0.0616059
0.0615331
0.0614678
0.0614097
0.0613583
0.0613137
0.0612757
0.0612444
0.06122
0.0612029
0.0611934
0.9617
0.892206
0.829113
0.771758
0.719547
0.671954
0.628511
0.588798
0.552446
0.519119
0.488523
0.460392
0.434488
0.4106
0.388536
0.368125
0.349214
0.331665
0.315352
0.300164
0.285998
0.272762
0.260373
0.248754
0.237838
0.227562
0.217869
0.208709
0.200034
0.191805
0.183986
0.176544
0.169453
0.16269
0.156236
0.150078
0.144203
0.138604
0.133274
0.12821
0.123408
0.118865
0.114578
0.110543
0.106756
0.10321
0.0998987
0.0968133
0.0939447
0.0912828
0.088817
0.0865363
0.0844297
0.0824861
0.0806946
0.0790447
0.0775263
0.0761297
0.0748457
0.0736658
0.0725819
0.0715866
0.0706728
0.0698341
0.0690645
0.0683585
0.0677109
0.067117
0.0665725
0.0660734
0.065616
0.065197
0.0648131
0.0644616
0.0641398
0.0638452
0.0635756
0.063329
0.0631034
0.0628972
0.0627088
0.0625366
0.0623794
0.0622359
0.0621051
0.0619858
0.0618773
0.0617787
0.0616893
0.0616084
0.0615355
0.0614701
0.0614118
0.0613604
0.0613157
0.0612776
0.0612463
0.0612219
0.0612047
0.0611952
0.9617
0.892206
0.829114
0.771759
0.719549
0.671957
0.628514
0.588803
0.552451
0.519126
0.488531
0.460401
0.434498
0.41061
0.388547
0.368137
0.349227
0.331679
0.315367
0.30018
0.286015
0.27278
0.260392
0.248776
0.237861
0.227587
0.217897
0.208739
0.200067
0.191842
0.184025
0.176587
0.1695
0.16274
0.156291
0.150136
0.144265
0.138669
0.133342
0.12828
0.123479
0.118937
0.114651
0.110616
0.106829
0.103282
0.0999688
0.0968815
0.0940105
0.0913461
0.0888776
0.0865941
0.0844845
0.0825379
0.0807435
0.0790906
0.0775693
0.0761699
0.0748833
0.0737008
0.0726145
0.0716169
0.0707009
0.0698602
0.0690886
0.0683807
0.0677314
0.067136
0.06659
0.0660895
0.0656308
0.0652105
0.0648256
0.064473
0.0641502
0.0638547
0.0635843
0.0633369
0.0631107
0.0629038
0.0627148
0.0625421
0.0623844
0.0622405
0.0621093
0.0619897
0.0618809
0.061782
0.0616923
0.0616112
0.0615381
0.0614726
0.0614142
0.0613627
0.0613179
0.0612798
0.0612485
0.061224
0.0612068
0.0611973
0.9617
0.892205
0.829114
0.771759
0.71955
0.671959
0.628517
0.588807
0.552457
0.519132
0.488538
0.460409
0.434507
0.41062
0.388558
0.368149
0.34924
0.331693
0.315383
0.300196
0.286033
0.2728
0.260413
0.248799
0.237887
0.227615
0.217927
0.208772
0.200103
0.191881
0.184069
0.176634
0.169551
0.162796
0.15635
0.150199
0.144332
0.138739
0.133415
0.128356
0.123557
0.119017
0.114731
0.110696
0.106908
0.10336
0.100045
0.0969554
0.094082
0.0914148
0.0889433
0.0866567
0.0845439
0.0825941
0.0807965
0.0791405
0.0776161
0.0762137
0.0749242
0.073739
0.0726501
0.0716499
0.0707316
0.0698886
0.0691149
0.068405
0.0677539
0.0671566
0.066609
0.066107
0.0656469
0.0652253
0.0648391
0.0644854
0.0641615
0.0638651
0.0635938
0.0633456
0.0631186
0.062911
0.0627214
0.0625481
0.0623899
0.0622455
0.0621138
0.0619939
0.0618847
0.0617856
0.0616956
0.0616143
0.061541
0.0614753
0.0614168
0.0613652
0.0613204
0.0612822
0.0612508
0.0612263
0.0612091
0.0611996
0.9617
0.892205
0.829114
0.77176
0.719551
0.671961
0.62852
0.588811
0.552461
0.519138
0.488545
0.460417
0.434516
0.410631
0.38857
0.368162
0.349254
0.331708
0.315399
0.300214
0.286052
0.27282
0.260436
0.248823
0.237914
0.227644
0.217959
0.208807
0.200142
0.191924
0.184115
0.176685
0.169606
0.162855
0.156414
0.150268
0.144404
0.138815
0.133494
0.128437
0.123641
0.119101
0.114816
0.110781
0.106992
0.103443
0.100126
0.0970343
0.0941583
0.0914882
0.0890135
0.0867236
0.0846075
0.0826543
0.0808532
0.0791938
0.0776662
0.0762606
0.074968
0.0737799
0.0726881
0.0716853
0.0707644
0.069919
0.0691431
0.0684311
0.0677779
0.0671789
0.0666295
0.0661259
0.0656642
0.0652412
0.0648537
0.0644988
0.0641738
0.0638762
0.063604
0.0633549
0.0631271
0.0629188
0.0627284
0.0625545
0.0623957
0.0622508
0.0621187
0.0619984
0.0618889
0.0617894
0.0616992
0.0616176
0.0615442
0.0614783
0.0614196
0.0613679
0.061323
0.0612848
0.0612533
0.0612288
0.0612116
0.061202
0.9617
0.892205
0.829114
0.77176
0.719552
0.671962
0.628522
0.588814
0.552466
0.519144
0.488552
0.460425
0.434525
0.410641
0.388581
0.368175
0.349268
0.331723
0.315415
0.300232
0.286072
0.272842
0.26046
0.24885
0.237942
0.227676
0.217994
0.208845
0.200184
0.191969
0.184165
0.176739
0.169665
0.162919
0.156482
0.15034
0.14448
0.138895
0.133578
0.128523
0.123729
0.119191
0.114906
0.110871
0.107081
0.10353
0.100212
0.0971176
0.0942388
0.0915656
0.0890876
0.0867942
0.0846746
0.0827177
0.0809131
0.0792502
0.0777191
0.0763102
0.0750144
0.0738231
0.0727284
0.0717228
0.0707992
0.0699513
0.069173
0.0684588
0.0678035
0.0672024
0.0666512
0.0661458
0.0656826
0.0652581
0.0648691
0.0645129
0.0641867
0.0638881
0.0636148
0.0633647
0.063136
0.062927
0.0627359
0.0625613
0.0624019
0.0622565
0.0621239
0.0620032
0.0618933
0.0617935
0.061703
0.0616212
0.0615475
0.0614814
0.0614226
0.0613708
0.0613258
0.0612875
0.061256
0.0612314
0.0612142
0.0612046
0.9617
0.892205
0.829113
0.77176
0.719552
0.671963
0.628524
0.588817
0.552469
0.519149
0.488558
0.460432
0.434534
0.410651
0.388592
0.368187
0.349282
0.331739
0.315432
0.300251
0.286092
0.272865
0.260485
0.248877
0.237972
0.227709
0.21803
0.208885
0.200227
0.192017
0.184217
0.176796
0.169726
0.162985
0.156553
0.150415
0.14456
0.138979
0.133665
0.128613
0.12382
0.119284
0.115
0.110965
0.107174
0.103622
0.100301
0.0972045
0.0943228
0.0916464
0.089165
0.086868
0.0847447
0.0827841
0.0809758
0.0793092
0.0777745
0.0763621
0.0750629
0.0738684
0.0727706
0.071762
0.0708357
0.0699851
0.0692043
0.0684877
0.0678303
0.0672271
0.066674
0.0661668
0.0657018
0.0652757
0.0648854
0.0645277
0.0642003
0.0639005
0.0636261
0.0633751
0.0631455
0.0629356
0.0627437
0.0625685
0.0624085
0.0622625
0.0621294
0.0620082
0.0618979
0.0617977
0.0617069
0.0616249
0.061551
0.0614847
0.0614258
0.0613738
0.0613287
0.0612903
0.0612588
0.0612342
0.0612169
0.0612072
0.9617
0.892204
0.829113
0.77176
0.719552
0.671964
0.628526
0.588819
0.552473
0.519153
0.488563
0.460439
0.434542
0.41066
0.388603
0.368199
0.349296
0.331754
0.31545
0.30027
0.286113
0.272888
0.26051
0.248905
0.238003
0.227743
0.218067
0.208926
0.200273
0.192066
0.184271
0.176854
0.16979
0.163053
0.156626
0.150493
0.144643
0.139065
0.133755
0.128706
0.123916
0.11938
0.115097
0.111062
0.10727
0.103716
0.100394
0.0972945
0.0944098
0.0917301
0.0892452
0.0869445
0.0848173
0.0828529
0.0810407
0.0793704
0.077832
0.0764159
0.0751133
0.0739155
0.0728145
0.0718028
0.0708736
0.0700203
0.0692369
0.0685179
0.0678581
0.0672528
0.0666976
0.0661886
0.0657219
0.0652941
0.0649022
0.0645432
0.0642144
0.0639134
0.0636379
0.0633858
0.0631553
0.0629445
0.0627519
0.0625759
0.0624153
0.0622687
0.0621351
0.0620134
0.0619027
0.0618022
0.061711
0.0616287
0.0615546
0.0614881
0.061429
0.061377
0.0613317
0.0612933
0.0612616
0.061237
0.0612196
0.06121
0.961699
0.892204
0.829113
0.771759
0.719552
0.671964
0.628527
0.588821
0.552475
0.519157
0.488568
0.460445
0.434549
0.410669
0.388613
0.368211
0.349309
0.331769
0.315467
0.300289
0.286134
0.272911
0.260536
0.248934
0.238035
0.227778
0.218106
0.208968
0.200319
0.192117
0.184327
0.176915
0.169855
0.163124
0.156702
0.150574
0.144728
0.139154
0.133847
0.128802
0.124013
0.119479
0.115197
0.111161
0.107369
0.103814
0.100489
0.097387
0.0944993
0.0918162
0.0893276
0.0870231
0.0848921
0.0829237
0.0811076
0.0794334
0.0778912
0.0764715
0.0751652
0.073964
0.0728597
0.0718449
0.0709127
0.0700566
0.0692705
0.068549
0.0678868
0.0672793
0.0667221
0.0662111
0.0657426
0.0653131
0.0649196
0.0645591
0.064229
0.0639267
0.0636501
0.063397
0.0631654
0.0629538
0.0627603
0.0625836
0.0624223
0.0622751
0.0621409
0.0620187
0.0619076
0.0618067
0.0617153
0.0616327
0.0615583
0.0614917
0.0614324
0.0613802
0.0613348
0.0612963
0.0612646
0.0612399
0.0612225
0.0612128
0.961699
0.892204
0.829112
0.771759
0.719552
0.671965
0.628527
0.588823
0.552478
0.51916
0.488573
0.460451
0.434556
0.410677
0.388623
0.368223
0.349322
0.331784
0.315483
0.300308
0.286156
0.272935
0.260562
0.248963
0.238067
0.227813
0.218145
0.209011
0.200367
0.192169
0.184383
0.176977
0.169922
0.163196
0.156779
0.150656
0.144815
0.139245
0.133942
0.128899
0.124113
0.119581
0.115298
0.111263
0.10747
0.103913
0.100586
0.0974814
0.0945906
0.0919041
0.0894119
0.0871035
0.0849685
0.0829962
0.081176
0.0794979
0.0779518
0.0765283
0.0752184
0.0740136
0.072906
0.071888
0.0709528
0.0700938
0.069305
0.0685809
0.0679163
0.0673065
0.0667472
0.0662342
0.0657638
0.0653326
0.0649375
0.0645755
0.064244
0.0639404
0.0636626
0.0634084
0.0631758
0.0629632
0.0627689
0.0625915
0.0624294
0.0622816
0.0621469
0.0620242
0.0619127
0.0618114
0.0617196
0.0616367
0.0615621
0.0614952
0.0614358
0.0613834
0.061338
0.0612993
0.0612675
0.0612428
0.0612253
0.0612156
0.961699
0.892203
0.829112
0.771758
0.719552
0.671965
0.628528
0.588824
0.55248
0.519163
0.488577
0.460456
0.434563
0.410685
0.388632
0.368234
0.349335
0.331799
0.3155
0.300327
0.286177
0.272958
0.260589
0.248992
0.238099
0.227849
0.218185
0.209055
0.200415
0.192222
0.184441
0.17704
0.16999
0.163269
0.156858
0.15074
0.144903
0.139338
0.134038
0.128998
0.124214
0.119683
0.115402
0.111366
0.107572
0.104014
0.100685
0.0975773
0.0946834
0.0919934
0.0894975
0.0871852
0.0850462
0.0830698
0.0812457
0.0795635
0.0780134
0.0765861
0.0752726
0.0740642
0.0729532
0.071932
0.0709936
0.0701317
0.0693402
0.0686134
0.0679464
0.0673343
0.0667728
0.0662577
0.0657854
0.0653525
0.0649557
0.0645922
0.0642592
0.0639544
0.0636753
0.06342
0.0631864
0.0629729
0.0627777
0.0625995
0.0624368
0.0622883
0.062153
0.0620298
0.0619178
0.0618162
0.061724
0.0616408
0.0615659
0.0614989
0.0614392
0.0613867
0.0613411
0.0613024
0.0612705
0.0612457
0.0612282
0.0612184
0.961699
0.892203
0.829111
0.771758
0.719551
0.671965
0.628528
0.588825
0.552482
0.519166
0.488581
0.460461
0.434569
0.410693
0.388641
0.368244
0.349348
0.331813
0.315516
0.300345
0.286198
0.272982
0.260615
0.249021
0.238132
0.227885
0.218225
0.209099
0.200463
0.192276
0.1845
0.177103
0.170059
0.163343
0.156937
0.150824
0.144992
0.139431
0.134135
0.129098
0.124316
0.119787
0.115506
0.11147
0.107675
0.104115
0.100784
0.0976742
0.0947772
0.0920837
0.089584
0.0872679
0.0851249
0.0831444
0.0813161
0.0796299
0.0780759
0.0766448
0.0753275
0.0741155
0.0730011
0.0719766
0.0710351
0.0701702
0.0693758
0.0686464
0.0679769
0.0673625
0.0667987
0.0662816
0.0658074
0.0653727
0.0649742
0.0646091
0.0642747
0.0639685
0.0636882
0.0634318
0.0631972
0.0629827
0.0627866
0.0626076
0.0624442
0.0622951
0.0621592
0.0620355
0.061923
0.061821
0.0617285
0.061645
0.0615698
0.0615025
0.0614427
0.06139
0.0613443
0.0613054
0.0612735
0.0612486
0.061231
0.0612213
0.961699
0.892203
0.829111
0.771757
0.719551
0.671964
0.628529
0.588826
0.552483
0.519168
0.488584
0.460465
0.434575
0.4107
0.38865
0.368255
0.34936
0.331827
0.315533
0.300363
0.286218
0.273005
0.260641
0.24905
0.238165
0.227922
0.218265
0.209144
0.200512
0.192329
0.184558
0.177167
0.170128
0.163418
0.157016
0.150908
0.145081
0.139524
0.134232
0.129198
0.124419
0.119891
0.115611
0.111575
0.107779
0.104218
0.100884
0.0977717
0.0948715
0.0921746
0.0896712
0.0873511
0.0852041
0.0832195
0.0813871
0.0796969
0.0781389
0.0767039
0.0753828
0.0741673
0.0730493
0.0720215
0.0710769
0.070209
0.0694118
0.0686798
0.0680077
0.0673909
0.0668249
0.0663057
0.0658296
0.065393
0.0649929
0.0646262
0.0642904
0.0639828
0.0637013
0.0634437
0.063208
0.0629925
0.0627956
0.0626158
0.0624516
0.0623019
0.0621654
0.0620412
0.0619283
0.0618258
0.061733
0.0616491
0.0615737
0.0615062
0.0614462
0.0613933
0.0613474
0.0613085
0.0612764
0.0612515
0.0612339
0.0612241
0.961699
0.892202
0.82911
0.771757
0.719551
0.671964
0.628529
0.588826
0.552484
0.51917
0.488587
0.460469
0.43458
0.410707
0.388658
0.368264
0.349371
0.331841
0.315548
0.300381
0.286239
0.273028
0.260667
0.249079
0.238197
0.227958
0.218305
0.209188
0.200561
0.192383
0.184617
0.177231
0.170197
0.163492
0.157096
0.150993
0.14517
0.139618
0.134329
0.129298
0.124521
0.119995
0.115715
0.11168
0.107883
0.10432
0.100984
0.0978693
0.094966
0.0922657
0.0897586
0.0874346
0.0852835
0.0832949
0.0814584
0.0797641
0.0782022
0.0767632
0.0754384
0.0742193
0.0730979
0.0720667
0.071119
0.070248
0.069448
0.0687133
0.0680387
0.0674195
0.0668513
0.06633
0.0658519
0.0654135
0.0650117
0.0646435
0.0643061
0.0639972
0.0637144
0.0634556
0.0632189
0.0630025
0.0628047
0.062624
0.0624591
0.0623087
0.0621717
0.0620469
0.0619335
0.0618306
0.0617374
0.0616533
0.0615776
0.0615098
0.0614496
0.0613966
0.0613506
0.0613115
0.0612793
0.0612543
0.0612367
0.0612268
0.961699
0.892202
0.82911
0.771756
0.71955
0.671964
0.628529
0.588827
0.552486
0.519172
0.48859
0.460473
0.434585
0.410713
0.388666
0.368274
0.349383
0.331854
0.315563
0.300399
0.286259
0.273051
0.260693
0.249108
0.238229
0.227993
0.218345
0.209232
0.200609
0.192436
0.184675
0.177294
0.170266
0.163566
0.157175
0.151077
0.145259
0.139711
0.134426
0.129398
0.124623
0.120098
0.11582
0.111784
0.107986
0.104422
0.101084
0.0979667
0.0950604
0.0923566
0.0898458
0.087518
0.0853629
0.0833702
0.0815297
0.0798313
0.0782654
0.0768227
0.0754941
0.0742713
0.0731464
0.072112
0.0711611
0.0702872
0.0694843
0.0687469
0.0680698
0.0674482
0.0668777
0.0663543
0.0658743
0.0654341
0.0650305
0.0646607
0.0643219
0.0640116
0.0637275
0.0634676
0.0632298
0.0630124
0.0628137
0.0626322
0.0624666
0.0623156
0.0621779
0.0620526
0.0619387
0.0618354
0.0617419
0.0616574
0.0615814
0.0615134
0.061453
0.0613998
0.0613536
0.0613144
0.0612822
0.0612571
0.0612394
0.0612296
0.961698
0.892202
0.829109
0.771756
0.71955
0.671964
0.628529
0.588827
0.552486
0.519174
0.488592
0.460477
0.43459
0.410719
0.388674
0.368283
0.349393
0.331867
0.315578
0.300416
0.286278
0.273073
0.260718
0.249136
0.238261
0.228029
0.218384
0.209275
0.200657
0.192488
0.184732
0.177357
0.170334
0.163639
0.157253
0.15116
0.145347
0.139803
0.134521
0.129497
0.124724
0.120201
0.115923
0.111887
0.108089
0.104523
0.101184
0.0980635
0.0951542
0.0924471
0.0899326
0.087601
0.0854419
0.0834452
0.0816007
0.0798983
0.0783285
0.0768819
0.0755496
0.0743232
0.0731949
0.0721572
0.0712031
0.0703262
0.0695205
0.0687804
0.0681007
0.0674768
0.0669041
0.0663786
0.0658966
0.0654546
0.0650493
0.0646779
0.0643376
0.064026
0.0637407
0.0634795
0.0632407
0.0630223
0.0628227
0.0626404
0.0624741
0.0623223
0.0621841
0.0620583
0.0619439
0.0618402
0.0617462
0.0616615
0.0615852
0.061517
0.0614563
0.061403
0.0613567
0.0613173
0.061285
0.0612598
0.0612421
0.0612322
0.961698
0.892201
0.829109
0.771755
0.719549
0.671963
0.628529
0.588828
0.552487
0.519175
0.488595
0.46048
0.434594
0.410725
0.388681
0.368292
0.349404
0.331879
0.315593
0.300432
0.286297
0.273095
0.260742
0.249164
0.238292
0.228063
0.218422
0.209318
0.200704
0.19254
0.184789
0.177419
0.170401
0.163711
0.157331
0.151243
0.145434
0.139894
0.134616
0.129595
0.124825
0.120303
0.116026
0.11199
0.108191
0.104624
0.101282
0.0981595
0.0952472
0.0925368
0.0900188
0.0876833
0.0855204
0.0835197
0.0816712
0.0799649
0.0783912
0.0769407
0.0756048
0.0743748
0.0732431
0.0722021
0.0712448
0.070365
0.0695565
0.0688137
0.0681316
0.0675053
0.0669304
0.0664028
0.0659188
0.0654749
0.065068
0.064695
0.0643533
0.0640403
0.0637537
0.0634914
0.0632515
0.0630321
0.0628317
0.0626486
0.0624815
0.0623291
0.0621902
0.0620639
0.061949
0.0618449
0.0617506
0.0616655
0.0615889
0.0615204
0.0614596
0.0614061
0.0613596
0.0613202
0.0612878
0.0612625
0.0612447
0.0612348
0.961698
0.892201
0.829108
0.771755
0.719549
0.671963
0.628529
0.588828
0.552488
0.519177
0.488597
0.460483
0.434598
0.41073
0.388688
0.3683
0.349414
0.331891
0.315606
0.300449
0.286316
0.273116
0.260766
0.249191
0.238322
0.228097
0.21846
0.20936
0.200751
0.192591
0.184845
0.177479
0.170467
0.163782
0.157407
0.151324
0.145519
0.139984
0.13471
0.129691
0.124923
0.120403
0.116127
0.112091
0.108292
0.104723
0.10138
0.0982542
0.0953391
0.0926254
0.0901039
0.0877648
0.085598
0.0835934
0.081741
0.0800308
0.0784532
0.076999
0.0756594
0.074426
0.0732908
0.0722465
0.0712863
0.0704035
0.0695922
0.0688468
0.0681621
0.0675335
0.0669564
0.0664267
0.0659408
0.0654952
0.0650865
0.064712
0.0643688
0.0640544
0.0637666
0.0635032
0.0632622
0.0630419
0.0628405
0.0626566
0.0624888
0.0623357
0.0621963
0.0620694
0.0619541
0.0618495
0.0617548
0.0616694
0.0615926
0.0615238
0.0614628
0.0614091
0.0613625
0.0613229
0.0612904
0.0612651
0.0612472
0.0612373
0.961698
0.892201
0.829108
0.771754
0.719548
0.671962
0.628528
0.588828
0.552489
0.519178
0.488599
0.460486
0.434602
0.410735
0.388694
0.368308
0.349423
0.331902
0.31562
0.300464
0.286334
0.273136
0.260789
0.249217
0.238352
0.22813
0.218497
0.209401
0.200796
0.192641
0.1849
0.177539
0.170531
0.163852
0.157482
0.151403
0.145603
0.140072
0.134801
0.129786
0.12502
0.120502
0.116226
0.112191
0.10839
0.104821
0.101475
0.0983476
0.0954296
0.0927128
0.0901878
0.0878451
0.0856745
0.0836661
0.0818098
0.0800958
0.0785144
0.0770565
0.0757133
0.0744764
0.073338
0.0722905
0.0713272
0.0704415
0.0696274
0.0688794
0.0681923
0.0675614
0.0669821
0.0664504
0.0659626
0.0655151
0.0651048
0.0647287
0.0643841
0.0640684
0.0637793
0.0635148
0.0632727
0.0630515
0.0628492
0.0626645
0.062496
0.0623423
0.0622022
0.0620748
0.061959
0.061854
0.061759
0.0616732
0.0615961
0.0615272
0.0614659
0.061412
0.0613653
0.0613256
0.061293
0.0612676
0.0612497
0.0612397
0.961698
0.8922
0.829107
0.771754
0.719548
0.671962
0.628528
0.588828
0.552489
0.519179
0.488601
0.460489
0.434606
0.41074
0.3887
0.368316
0.349433
0.331913
0.315633
0.300479
0.286351
0.273156
0.260812
0.249243
0.23838
0.228163
0.218533
0.209441
0.20084
0.19269
0.184953
0.177597
0.170595
0.16392
0.157555
0.151481
0.145685
0.140158
0.134891
0.129878
0.125115
0.120598
0.116324
0.112288
0.108487
0.104916
0.101569
0.0984391
0.0955185
0.0927986
0.0902703
0.087924
0.0857497
0.0837376
0.0818775
0.0801597
0.0785747
0.0771132
0.0757664
0.0745261
0.0733844
0.0723338
0.0713675
0.0704789
0.0696622
0.0689116
0.0682221
0.0675888
0.0670074
0.0664737
0.065984
0.0655348
0.0651229
0.0647452
0.0643992
0.0640821
0.0637919
0.0635262
0.0632831
0.0630609
0.0628578
0.0626723
0.062503
0.0623487
0.0622081
0.0620801
0.0619639
0.0618585
0.0617631
0.061677
0.0615996
0.0615304
0.0614689
0.0614148
0.061368
0.0613281
0.0612954
0.06127
0.061252
0.061242
0.961698
0.8922
0.829107
0.771753
0.719547
0.671962
0.628528
0.588828
0.55249
0.51918
0.488603
0.460491
0.43461
0.410745
0.388706
0.368323
0.349441
0.331924
0.315645
0.300494
0.286368
0.273176
0.260834
0.249268
0.238408
0.228194
0.218568
0.20948
0.200884
0.192738
0.185005
0.177654
0.170656
0.163987
0.157626
0.151557
0.145766
0.140242
0.134978
0.129969
0.125208
0.120692
0.116419
0.112383
0.108582
0.10501
0.101661
0.0985288
0.0956055
0.0928826
0.090351
0.0880013
0.0858235
0.0838076
0.0819439
0.0802224
0.0786338
0.0771687
0.0758186
0.0745749
0.07343
0.0723763
0.071407
0.0705157
0.0696963
0.0689432
0.0682513
0.0676158
0.0670323
0.0664966
0.0660051
0.0655541
0.0651406
0.0647614
0.064414
0.0640957
0.0638042
0.0635374
0.0632933
0.0630701
0.0628662
0.0626799
0.0625099
0.0623549
0.0622138
0.0620853
0.0619686
0.0618628
0.061767
0.0616806
0.0616029
0.0615335
0.0614718
0.0614176
0.0613705
0.0613306
0.0612978
0.0612723
0.0612542
0.0612442
0.961698
0.8922
0.829106
0.771753
0.719547
0.671961
0.628528
0.588828
0.55249
0.519181
0.488604
0.460494
0.434613
0.410749
0.388712
0.36833
0.34945
0.331934
0.315657
0.300508
0.286384
0.273194
0.260855
0.249292
0.238436
0.228224
0.218602
0.209518
0.200925
0.192784
0.185056
0.177709
0.170716
0.164051
0.157695
0.15163
0.145843
0.140324
0.135064
0.130057
0.125298
0.120784
0.116511
0.112476
0.108674
0.105101
0.101751
0.0986162
0.0956904
0.0929646
0.0904299
0.0880768
0.0858955
0.0838761
0.0820088
0.0802838
0.0786916
0.0772231
0.0758695
0.0746227
0.0734746
0.0724179
0.0714457
0.0705517
0.0697297
0.0689741
0.0682799
0.0676423
0.0670567
0.0665191
0.0660257
0.065573
0.0651579
0.0647773
0.0644284
0.0641089
0.0638162
0.0635483
0.0633033
0.0630792
0.0628744
0.0626874
0.0625167
0.0623611
0.0622193
0.0620903
0.0619732
0.0618669
0.0617708
0.0616841
0.0616062
0.0615365
0.0614746
0.0614202
0.061373
0.0613329
0.0613
0.0612744
0.0612564
0.0612463
0.961698
0.892199
0.829106
0.771752
0.719546
0.671961
0.628528
0.588828
0.552491
0.519182
0.488606
0.460496
0.434616
0.410753
0.388717
0.368336
0.349458
0.331944
0.315669
0.300521
0.286399
0.273212
0.260876
0.249315
0.238462
0.228254
0.218635
0.209554
0.200966
0.192828
0.185105
0.177763
0.170774
0.164114
0.157762
0.151702
0.145919
0.140403
0.135146
0.130142
0.125385
0.120873
0.116601
0.112566
0.108764
0.10519
0.101838
0.0987013
0.095773
0.0930444
0.0905067
0.0881503
0.0859657
0.0839429
0.0820721
0.0803436
0.0787479
0.0772761
0.0759193
0.0746692
0.0735181
0.0724585
0.0714835
0.0705868
0.0697623
0.0690043
0.0683079
0.067668
0.0670804
0.066541
0.0660458
0.0655915
0.0651748
0.0647927
0.0644426
0.0641218
0.0638279
0.063559
0.063313
0.063088
0.0628824
0.0626946
0.0625232
0.062367
0.0622247
0.0620952
0.0619776
0.061871
0.0617745
0.0616875
0.0616093
0.0615393
0.0614773
0.0614227
0.0613754
0.0613352
0.0613022
0.0612765
0.0612584
0.0612483
0.961698
0.892199
0.829106
0.771752
0.719546
0.67196
0.628527
0.588828
0.552491
0.519183
0.488607
0.460498
0.434619
0.410757
0.388722
0.368343
0.349466
0.331953
0.31568
0.300534
0.286414
0.273229
0.260895
0.249337
0.238487
0.228282
0.218667
0.209589
0.201005
0.192871
0.185152
0.177814
0.17083
0.164174
0.157827
0.151771
0.145992
0.14048
0.135226
0.130224
0.12547
0.120959
0.116688
0.112653
0.108851
0.105276
0.101922
0.0987838
0.0958531
0.0931219
0.0905812
0.0882218
0.0860338
0.0840077
0.0821335
0.0804017
0.0788027
0.0773276
0.0759676
0.0747145
0.0735604
0.072498
0.0715203
0.070621
0.069794
0.0690337
0.068335
0.0676931
0.0671036
0.0665623
0.0660654
0.0656095
0.0651913
0.0648078
0.0644563
0.0641343
0.0638394
0.0635694
0.0633224
0.0630965
0.0628901
0.0627016
0.0625296
0.0623727
0.0622299
0.0620999
0.0619819
0.0618749
0.061778
0.0616907
0.0616123
0.0615421
0.0614798
0.0614251
0.0613776
0.0613373
0.0613042
0.0612785
0.0612603
0.0612501
0.961698
0.892199
0.829105
0.771751
0.719545
0.67196
0.628527
0.588828
0.552492
0.519184
0.488609
0.4605
0.434622
0.410761
0.388727
0.368349
0.349473
0.331962
0.31569
0.300546
0.286429
0.273246
0.260914
0.249359
0.238511
0.228309
0.218697
0.209623
0.201042
0.192913
0.185197
0.177864
0.170884
0.164232
0.157889
0.151837
0.146062
0.140553
0.135303
0.130304
0.125552
0.121042
0.116772
0.112738
0.108935
0.105359
0.102004
0.0988635
0.0959306
0.0931968
0.0906533
0.0882909
0.0860998
0.0840705
0.082193
0.0804579
0.0788558
0.0773775
0.0760145
0.0747584
0.0736014
0.0725362
0.071556
0.0706541
0.0698247
0.0690622
0.0683614
0.0677175
0.067126
0.0665829
0.0660844
0.0656269
0.0652072
0.0648224
0.0644696
0.0641464
0.0638504
0.0635794
0.0633315
0.0631048
0.0628976
0.0627084
0.0625357
0.0623783
0.0622349
0.0621045
0.061986
0.0618786
0.0617814
0.0616938
0.0616151
0.0615447
0.0614822
0.0614273
0.0613797
0.0613393
0.0613061
0.0612803
0.0612621
0.0612519
0.961697
0.892199
0.829105
0.771751
0.719545
0.67196
0.628527
0.588828
0.552492
0.519185
0.48861
0.460502
0.434625
0.410765
0.388732
0.368355
0.34948
0.33197
0.3157
0.300558
0.286442
0.273261
0.260932
0.249379
0.238534
0.228335
0.218726
0.209656
0.201078
0.192952
0.185241
0.177911
0.170935
0.164288
0.157949
0.151901
0.14613
0.140624
0.135377
0.13038
0.12563
0.121122
0.116853
0.112819
0.109016
0.105439
0.102082
0.0989404
0.0960053
0.093269
0.0907229
0.0883575
0.0861635
0.084131
0.0822505
0.0805123
0.0789071
0.0774258
0.0760598
0.0748008
0.0736411
0.0725732
0.0715904
0.0706861
0.0698545
0.0690898
0.0683869
0.067741
0.0671477
0.0666029
0.0661027
0.0656437
0.0652226
0.0648365
0.0644825
0.0641581
0.0638611
0.0635891
0.0633403
0.0631127
0.0629048
0.0627149
0.0625416
0.0623836
0.0622397
0.0621088
0.0619899
0.0618822
0.0617847
0.0616968
0.0616178
0.0615472
0.0614845
0.0614295
0.0613817
0.0613412
0.0613079
0.061282
0.0612638
0.0612535
0.961697
0.892198
0.829105
0.771751
0.719544
0.671959
0.628527
0.588828
0.552492
0.519185
0.488611
0.460504
0.434627
0.410768
0.388736
0.36836
0.349487
0.331978
0.31571
0.300569
0.286455
0.273276
0.260949
0.249399
0.238556
0.22836
0.218754
0.209687
0.201113
0.19299
0.185282
0.177957
0.170985
0.164341
0.158006
0.151962
0.146194
0.140692
0.135448
0.130454
0.125705
0.121199
0.11693
0.112897
0.109093
0.105515
0.102158
0.0990141
0.096077
0.0933384
0.0907897
0.0884216
0.0862247
0.0841893
0.0823058
0.0805646
0.0789564
0.0774722
0.0761034
0.0748416
0.0736792
0.0726088
0.0716236
0.070717
0.0698831
0.0691163
0.0684114
0.0677636
0.0671686
0.0666221
0.0661204
0.0656599
0.0652374
0.06485
0.0644948
0.0641694
0.0638713
0.0635984
0.0633487
0.0631204
0.0629117
0.0627211
0.0625472
0.0623887
0.0622443
0.062113
0.0619937
0.0618856
0.0617878
0.0616996
0.0616204
0.0615496
0.0614867
0.0614315
0.0613836
0.061343
0.0613096
0.0612836
0.0612653
0.0612551
0.961697
0.892198
0.829104
0.77175
0.719544
0.671959
0.628526
0.588828
0.552492
0.519186
0.488612
0.460506
0.43463
0.410771
0.38874
0.368365
0.349493
0.331986
0.315719
0.30058
0.286468
0.273291
0.260965
0.249417
0.238577
0.228384
0.21878
0.209716
0.201145
0.193026
0.185322
0.178
0.171032
0.164392
0.158061
0.15202
0.146256
0.140757
0.135515
0.130523
0.125777
0.121272
0.117004
0.112971
0.109167
0.105589
0.10223
0.0990847
0.0961457
0.0934049
0.0908537
0.088483
0.0862833
0.0842451
0.0823587
0.0806147
0.0790037
0.0775167
0.0761451
0.0748808
0.0737159
0.072643
0.0716554
0.0707466
0.0699105
0.0691417
0.0684349
0.0677854
0.0671886
0.0666405
0.0661373
0.0656754
0.0652517
0.064863
0.0645067
0.0641802
0.0638811
0.0636073
0.0633568
0.0631277
0.0629183
0.0627271
0.0625526
0.0623936
0.0622487
0.0621169
0.0619973
0.0618888
0.0617907
0.0617023
0.0616228
0.0615518
0.0614888
0.0614334
0.0613853
0.0613446
0.0613112
0.0612851
0.0612668
0.0612565
0.961697
0.892198
0.829104
0.77175
0.719544
0.671959
0.628526
0.588828
0.552493
0.519187
0.488613
0.460508
0.434632
0.410774
0.388744
0.36837
0.349499
0.331993
0.315727
0.30059
0.286479
0.273304
0.260981
0.249435
0.238597
0.228406
0.218805
0.209744
0.201176
0.19306
0.185359
0.178041
0.171076
0.16444
0.158112
0.152075
0.146314
0.140818
0.135579
0.13059
0.125845
0.121342
0.117075
0.113042
0.109238
0.105658
0.102299
0.099152
0.0962111
0.0934682
0.0909147
0.0885415
0.0863393
0.0842984
0.0824093
0.0806625
0.0790488
0.0775592
0.0761851
0.0749182
0.0737508
0.0726757
0.0716858
0.0707748
0.0699368
0.069166
0.0684574
0.0678061
0.0672078
0.0666581
0.0661535
0.0656903
0.0652652
0.0648754
0.064518
0.0641905
0.0638905
0.0636158
0.0633645
0.0631347
0.0629246
0.0627328
0.0625578
0.0623982
0.0622529
0.0621207
0.0620007
0.0618919
0.0617935
0.0617048
0.0616251
0.0615539
0.0614907
0.0614351
0.061387
0.0613461
0.0613126
0.0612865
0.0612681
0.0612578
0.961697
0.892198
0.829104
0.771749
0.719543
0.671958
0.628526
0.588828
0.552493
0.519187
0.488614
0.460509
0.434634
0.410777
0.388748
0.368375
0.349505
0.332
0.315735
0.300599
0.28649
0.273317
0.260995
0.249451
0.238616
0.228427
0.218829
0.20977
0.201205
0.193093
0.185395
0.17808
0.171118
0.164486
0.158161
0.152127
0.146369
0.140877
0.13564
0.130653
0.12591
0.121408
0.117142
0.113109
0.109305
0.105725
0.102364
0.0992158
0.0962732
0.0935284
0.0909727
0.0885972
0.0863924
0.084349
0.0824574
0.080708
0.0790917
0.0775996
0.076223
0.0749538
0.0737841
0.0727067
0.0717147
0.0708017
0.0699617
0.0691892
0.0684788
0.0678259
0.067226
0.0666749
0.0661689
0.0657044
0.0652782
0.0648872
0.0645288
0.0642003
0.0638994
0.0636239
0.0633718
0.0631413
0.0629306
0.0627382
0.0625626
0.0624025
0.0622568
0.0621242
0.0620038
0.0618947
0.0617961
0.0617071
0.0616272
0.0615558
0.0614924
0.0614368
0.0613885
0.0613476
0.0613139
0.0612878
0.0612693
0.061259
0.961697
0.892198
0.829103
0.771749
0.719543
0.671958
0.628526
0.588828
0.552493
0.519188
0.488615
0.46051
0.434636
0.41078
0.388751
0.368379
0.34951
0.332006
0.315743
0.300608
0.286501
0.273329
0.261009
0.249467
0.238633
0.228447
0.218851
0.209795
0.201233
0.193123
0.185428
0.178116
0.171158
0.164529
0.158208
0.152177
0.146422
0.140931
0.135697
0.130712
0.125971
0.12147
0.117205
0.113172
0.109368
0.105787
0.102426
0.0992761
0.0963319
0.0935852
0.0910275
0.0886497
0.0864427
0.0843969
0.0825028
0.0807511
0.0791324
0.0776379
0.0762589
0.0749874
0.0738156
0.0727361
0.0717421
0.0708272
0.0699854
0.0692111
0.0684991
0.0678446
0.0672432
0.0666907
0.0661834
0.0657177
0.0652904
0.0648984
0.064539
0.0642096
0.0639078
0.0636315
0.0633787
0.0631475
0.0629362
0.0627433
0.0625672
0.0624067
0.0622605
0.0621275
0.0620068
0.0618974
0.0617985
0.0617093
0.0616292
0.0615576
0.0614941
0.0614383
0.0613899
0.0613489
0.0613152
0.0612889
0.0612704
0.06126
0.961697
0.892198
0.829103
0.771749
0.719543
0.671958
0.628526
0.588828
0.552493
0.519188
0.488616
0.460512
0.434638
0.410782
0.388754
0.368383
0.349515
0.332012
0.31575
0.300616
0.28651
0.27334
0.261022
0.249481
0.23865
0.228466
0.218872
0.209818
0.201259
0.193151
0.18546
0.178151
0.171195
0.164569
0.158251
0.152223
0.14647
0.140983
0.135751
0.130768
0.126028
0.121528
0.117264
0.113231
0.109427
0.105846
0.102483
0.0993327
0.0963871
0.0936387
0.091079
0.0886992
0.08649
0.084442
0.0825456
0.0807916
0.0791706
0.0776739
0.0762928
0.0750191
0.0738452
0.0727638
0.0717679
0.0708512
0.0700076
0.0692317
0.0685182
0.0678622
0.0672594
0.0667057
0.0661971
0.0657303
0.0653019
0.0649089
0.0645485
0.0642183
0.0639157
0.0636387
0.0633852
0.0631534
0.0629415
0.062748
0.0625714
0.0624105
0.0622639
0.0621306
0.0620096
0.0618999
0.0618007
0.0617113
0.061631
0.0615593
0.0614956
0.0614397
0.0613912
0.0613501
0.0613163
0.06129
0.0612714
0.061261
0.961697
0.892197
0.829103
0.771749
0.719542
0.671958
0.628526
0.588828
0.552494
0.519189
0.488617
0.460513
0.43464
0.410785
0.388757
0.368386
0.349519
0.332017
0.315756
0.300624
0.286519
0.27335
0.261034
0.249495
0.238665
0.228483
0.218891
0.20984
0.201283
0.193178
0.185489
0.178182
0.17123
0.164606
0.158291
0.152266
0.146516
0.141031
0.135801
0.13082
0.126081
0.121582
0.117319
0.113287
0.109482
0.105901
0.102537
0.0993857
0.0964387
0.0936886
0.0911272
0.0887455
0.0865343
0.0844841
0.0825857
0.0808295
0.0792064
0.0777076
0.0763244
0.0750488
0.073873
0.0727897
0.0717921
0.0708736
0.0700285
0.069251
0.068536
0.0678787
0.0672746
0.0667197
0.06621
0.065742
0.0653126
0.0649187
0.0645575
0.0642264
0.0639231
0.0636454
0.0633913
0.0631588
0.0629464
0.0627524
0.0625754
0.0624141
0.0622671
0.0621335
0.0620122
0.0619022
0.0618028
0.0617132
0.0616327
0.0615608
0.061497
0.0614409
0.0613924
0.0613511
0.0613173
0.0612909
0.0612723
0.0612619
0.961697
0.892197
0.829103
0.771748
0.719542
0.671957
0.628525
0.588828
0.552494
0.519189
0.488618
0.460514
0.434641
0.410787
0.38876
0.36839
0.349523
0.332022
0.315762
0.300631
0.286527
0.27336
0.261045
0.249507
0.238679
0.228499
0.218909
0.20986
0.201305
0.193202
0.185516
0.178212
0.171262
0.164641
0.158328
0.152305
0.146558
0.141075
0.135847
0.130868
0.126131
0.121633
0.11737
0.113338
0.109534
0.105952
0.102588
0.0994348
0.0964865
0.093735
0.0911719
0.0887884
0.0865754
0.0845233
0.0826229
0.0808647
0.0792397
0.0777389
0.0763539
0.0750764
0.0738988
0.0728138
0.0718145
0.0708945
0.0700479
0.069269
0.0685526
0.067894
0.0672888
0.0667326
0.0662219
0.065753
0.0653226
0.0649278
0.0645658
0.0642339
0.06393
0.0636516
0.0633969
0.0631639
0.062951
0.0627565
0.0625791
0.0624174
0.0622701
0.0621361
0.0620145
0.0619043
0.0618047
0.0617149
0.0616342
0.0615622
0.0614983
0.0614421
0.0613934
0.0613521
0.0613182
0.0612918
0.0612731
0.0612627
0.961697
0.892197
0.829103
0.771748
0.719542
0.671957
0.628525
0.588828
0.552494
0.519189
0.488618
0.460515
0.434643
0.410789
0.388762
0.368393
0.349527
0.332027
0.315768
0.300638
0.286535
0.273368
0.261055
0.249519
0.238692
0.228513
0.218926
0.209878
0.201325
0.193225
0.18554
0.178239
0.171291
0.164673
0.158362
0.152342
0.146597
0.141116
0.13589
0.130912
0.126176
0.121679
0.117417
0.113385
0.109581
0.105999
0.102634
0.0994801
0.0965307
0.0937778
0.0912132
0.0888281
0.0866133
0.0845594
0.0826572
0.0808972
0.0792704
0.0777678
0.076381
0.0751019
0.0739227
0.072836
0.0718352
0.0709138
0.0700658
0.0692855
0.0685679
0.0679082
0.0673018
0.0667446
0.0662329
0.065763
0.0653318
0.0649362
0.0645734
0.0642409
0.0639363
0.0636573
0.063402
0.0631685
0.0629552
0.0627603
0.0625825
0.0624204
0.0622728
0.0621386
0.0620167
0.0619063
0.0618064
0.0617164
0.0616356
0.0615634
0.0614994
0.0614431
0.0613944
0.061353
0.061319
0.0612926
0.0612739
0.0612633
0.961697
0.892197
0.829102
0.771748
0.719542
0.671957
0.628525
0.588828
0.552494
0.51919
0.488619
0.460516
0.434644
0.41079
0.388765
0.368396
0.349531
0.332031
0.315773
0.300644
0.286542
0.273376
0.261064
0.249529
0.238704
0.228527
0.218941
0.209895
0.201344
0.193245
0.185563
0.178264
0.171318
0.164702
0.158394
0.152375
0.146632
0.141153
0.135929
0.130952
0.126218
0.121722
0.11746
0.113429
0.109624
0.106042
0.102676
0.0995215
0.096571
0.0938169
0.0912509
0.0888643
0.0866479
0.0845925
0.0826886
0.0809269
0.0792984
0.0777943
0.0764059
0.0751252
0.0739444
0.0728564
0.0718542
0.0709314
0.0700821
0.0693007
0.068582
0.0679211
0.0673137
0.0667556
0.0662429
0.0657722
0.0653402
0.0649439
0.0645804
0.0642472
0.063942
0.0636625
0.0634067
0.0631728
0.0629589
0.0627637
0.0625855
0.0624231
0.0622752
0.0621407
0.0620186
0.061908
0.061808
0.0617178
0.0616369
0.0615646
0.0615004
0.0614441
0.0613952
0.0613538
0.0613197
0.0612932
0.0612745
0.0612639
0.961697
0.892197
0.829102
0.771748
0.719541
0.671957
0.628525
0.588828
0.552494
0.51919
0.488619
0.460517
0.434645
0.410792
0.388767
0.368398
0.349534
0.332035
0.315777
0.300649
0.286548
0.273384
0.261072
0.249539
0.238715
0.228539
0.218954
0.20991
0.20136
0.193264
0.185583
0.178286
0.171342
0.164728
0.158422
0.152405
0.146664
0.141187
0.135964
0.130988
0.126255
0.12176
0.117499
0.113468
0.109663
0.10608
0.102714
0.0995589
0.0966074
0.0938522
0.091285
0.088897
0.0866792
0.0846223
0.0827169
0.0809538
0.0793238
0.0778182
0.0764284
0.0751463
0.0739642
0.0728748
0.0718713
0.0709474
0.0700969
0.0693144
0.0685946
0.0679328
0.0673245
0.0667655
0.066252
0.0657806
0.0653478
0.0649508
0.0645867
0.064253
0.0639472
0.0636672
0.0634109
0.0631766
0.0629624
0.0627667
0.0625882
0.0624255
0.0622774
0.0621427
0.0620203
0.0619095
0.0618093
0.061719
0.061638
0.0615655
0.0615013
0.0614449
0.061396
0.0613545
0.0613204
0.0612938
0.0612751
0.0612644
0.961697
0.892197
0.829102
0.771747
0.719541
0.671957
0.628525
0.588828
0.552494
0.51919
0.48862
0.460518
0.434646
0.410793
0.388768
0.368401
0.349537
0.332038
0.315781
0.300654
0.286554
0.27339
0.26108
0.249547
0.238724
0.228549
0.218966
0.209923
0.201375
0.19328
0.185601
0.178306
0.171364
0.164751
0.158447
0.152432
0.146692
0.141216
0.135995
0.131021
0.126289
0.121794
0.117533
0.113502
0.109698
0.106115
0.102748
0.0995922
0.0966399
0.0938837
0.0913154
0.0889262
0.0867072
0.084649
0.0827423
0.0809778
0.0793465
0.0778395
0.0764484
0.0751651
0.0739817
0.0728912
0.0718866
0.0709616
0.0701101
0.0693266
0.0686059
0.0679432
0.0673341
0.0667743
0.0662601
0.065788
0.0653546
0.064957
0.0645923
0.064258
0.0639518
0.0636713
0.0634147
0.0631799
0.0629654
0.0627694
0.0625906
0.0624277
0.0622793
0.0621443
0.0620218
0.0619108
0.0618105
0.0617201
0.0616389
0.0615664
0.061502
0.0614455
0.0613966
0.061355
0.0613209
0.0612943
0.0612755
0.0612649
0.961697
0.892197
0.829102
0.771747
0.719541
0.671956
0.628525
0.588828
0.552494
0.519191
0.48862
0.460518
0.434647
0.410795
0.38877
0.368403
0.349539
0.332041
0.315785
0.300658
0.286559
0.273396
0.261086
0.249554
0.238733
0.228559
0.218977
0.209935
0.201388
0.193295
0.185617
0.178323
0.171383
0.164772
0.158469
0.152455
0.146717
0.141243
0.136022
0.131049
0.126318
0.121824
0.117563
0.113533
0.109728
0.106145
0.102778
0.0996215
0.0966684
0.0939114
0.0913421
0.0889519
0.0867318
0.0846724
0.0827645
0.0809989
0.0793664
0.0778583
0.0764661
0.0751816
0.0739972
0.0729056
0.0719001
0.0709741
0.0701217
0.0693373
0.0686158
0.0679524
0.0673425
0.066782
0.0662672
0.0657944
0.0653605
0.0649624
0.0645972
0.0642625
0.0639558
0.063675
0.0634179
0.0631828
0.062968
0.0627718
0.0625927
0.0624295
0.0622809
0.0621458
0.0620231
0.061912
0.0618115
0.061721
0.0616397
0.0615671
0.0615027
0.0614461
0.0613971
0.0613555
0.0613214
0.0612948
0.0612759
0.0612653
0.961697
0.892197
0.829102
0.771747
0.719541
0.671956
0.628525
0.588828
0.552494
0.519191
0.488621
0.460519
0.434648
0.410796
0.388771
0.368404
0.349541
0.332044
0.315788
0.300661
0.286563
0.2734
0.261091
0.249561
0.23874
0.228567
0.218986
0.209945
0.201399
0.193307
0.185631
0.178338
0.171399
0.164789
0.158487
0.152475
0.146739
0.141265
0.136046
0.131074
0.126343
0.12185
0.117589
0.113559
0.109754
0.106171
0.102804
0.0996466
0.0966929
0.0939351
0.091365
0.088974
0.0867529
0.0846925
0.0827837
0.081017
0.0793835
0.0778744
0.0764812
0.0751958
0.0740105
0.072918
0.0719116
0.0709848
0.0701316
0.0693465
0.0686243
0.0679602
0.0673497
0.0667886
0.0662733
0.0658
0.0653656
0.064967
0.0646014
0.0642663
0.0639592
0.063678
0.0634207
0.0631853
0.0629702
0.0627737
0.0625945
0.0624311
0.0622823
0.062147
0.0620242
0.0619129
0.0618123
0.0617217
0.0616403
0.0615676
0.0615032
0.0614466
0.0613975
0.0613559
0.0613217
0.0612951
0.0612763
0.0612655
0.961697
0.892197
0.829102
0.771747
0.719541
0.671956
0.628525
0.588828
0.552495
0.519191
0.488621
0.460519
0.434649
0.410796
0.388772
0.368406
0.349543
0.332046
0.315791
0.300664
0.286566
0.273404
0.261096
0.249566
0.238746
0.228574
0.218993
0.209954
0.201409
0.193317
0.185642
0.17835
0.171412
0.164804
0.158503
0.152492
0.146756
0.141284
0.136065
0.131094
0.126364
0.121871
0.117611
0.113581
0.109776
0.106193
0.102825
0.0996676
0.0967134
0.093955
0.0913842
0.0889924
0.0867705
0.0847094
0.0827996
0.0810321
0.0793978
0.0778879
0.0764939
0.0752076
0.0740216
0.0729284
0.0719212
0.0709937
0.0701399
0.0693542
0.0686314
0.0679667
0.0673557
0.0667942
0.0662783
0.0658046
0.0653698
0.0649708
0.0646049
0.0642694
0.063962
0.0636806
0.063423
0.0631874
0.062972
0.0627754
0.0625959
0.0624323
0.0622834
0.062148
0.062025
0.0619137
0.061813
0.0617222
0.0616408
0.0615681
0.0615036
0.0614469
0.0613978
0.0613562
0.061322
0.0612954
0.0612765
0.0612658
0.961697
0.892197
0.829102
0.771747
0.719541
0.671956
0.628525
0.588828
0.552495
0.519191
0.488621
0.46052
0.434649
0.410797
0.388773
0.368407
0.349544
0.332048
0.315793
0.300667
0.286569
0.273408
0.2611
0.24957
0.23875
0.228579
0.218999
0.20996
0.201416
0.193326
0.185651
0.17836
0.171423
0.164816
0.158516
0.152506
0.146771
0.141299
0.136081
0.13111
0.126381
0.121888
0.117629
0.113598
0.109794
0.10621
0.102842
0.0996845
0.0967299
0.0939709
0.0913996
0.0890072
0.0867847
0.0847228
0.0828125
0.0810443
0.0794093
0.0778987
0.076504
0.0752171
0.0740304
0.0729367
0.0719289
0.0710009
0.0701466
0.0693604
0.0686371
0.067972
0.0673605
0.0667985
0.0662823
0.0658083
0.0653731
0.0649738
0.0646076
0.0642719
0.0639643
0.0636826
0.0634248
0.0631889
0.0629734
0.0627766
0.062597
0.0624333
0.0622842
0.0621487
0.0620257
0.0619142
0.0618134
0.0617226
0.0616411
0.0615684
0.0615038
0.0614471
0.061398
0.0613564
0.0613222
0.0612955
0.0612767
0.0612659
0.961697
0.892196
0.829102
0.771747
0.719541
0.671956
0.628525
0.588828
0.552495
0.519191
0.488621
0.46052
0.43465
0.410798
0.388774
0.368408
0.349545
0.332049
0.315794
0.300668
0.286571
0.27341
0.261102
0.249573
0.238754
0.228583
0.219004
0.209965
0.201422
0.193332
0.185658
0.178368
0.171431
0.164824
0.158525
0.152516
0.146781
0.14131
0.136093
0.131123
0.126393
0.121901
0.117642
0.113612
0.109807
0.106223
0.102855
0.0996971
0.0967422
0.0939829
0.0914112
0.0890183
0.0867953
0.084733
0.0828221
0.0810534
0.0794179
0.0779067
0.0765116
0.0752243
0.0740371
0.0729428
0.0719347
0.0710062
0.0701515
0.0693649
0.0686413
0.0679758
0.067364
0.0668018
0.0662853
0.065811
0.0653756
0.064976
0.0646096
0.0642737
0.0639659
0.063684
0.063426
0.0631901
0.0629744
0.0627775
0.0625978
0.062434
0.0622848
0.0621492
0.0620261
0.0619145
0.0618137
0.0617229
0.0616413
0.0615685
0.0615039
0.0614472
0.0613981
0.0613565
0.0613222
0.0612956
0.0612767
0.0612659
0.961697
0.892196
0.829102
0.771747
0.719541
0.671956
0.628525
0.588828
0.552495
0.519191
0.488622
0.46052
0.43465
0.410798
0.388774
0.368408
0.349546
0.33205
0.315795
0.30067
0.286572
0.273412
0.261104
0.249575
0.238756
0.228586
0.219007
0.209969
0.201426
0.193336
0.185663
0.178373
0.171437
0.16483
0.158532
0.152522
0.146788
0.141318
0.136101
0.131131
0.126402
0.12191
0.11765
0.11362
0.109816
0.106232
0.102864
0.0997056
0.0967504
0.0939909
0.0914189
0.0890257
0.0868024
0.0847397
0.0828285
0.0810594
0.0794236
0.0779121
0.0765166
0.075229
0.0740415
0.0729469
0.0719385
0.0710098
0.0701548
0.0693679
0.0686441
0.0679784
0.0673663
0.0668039
0.0662872
0.0658127
0.0653771
0.0649774
0.0646109
0.0642748
0.0639669
0.0636849
0.0634268
0.0631908
0.062975
0.062778
0.0625982
0.0624343
0.0622851
0.0621494
0.0620263
0.0619147
0.0618138
0.061723
0.0616414
0.0615685
0.0615039
0.0614472
0.0613981
0.0613564
0.0613222
0.0612956
0.0612767
0.0612659
0.961697
0.892196
0.829102
0.771747
0.719541
0.671956
0.628525
0.588828
0.552495
0.519191
0.488622
0.46052
0.43465
0.410798
0.388775
0.368409
0.349547
0.33205
0.315796
0.30067
0.286573
0.273412
0.261105
0.249576
0.238758
0.228587
0.219008
0.20997
0.201427
0.193338
0.185665
0.178375
0.17144
0.164833
0.158535
0.152526
0.146792
0.141321
0.136105
0.131135
0.126406
0.121914
0.117655
0.113625
0.10982
0.106236
0.102868
0.0997098
0.0967546
0.0939949
0.0914227
0.0890294
0.0868059
0.0847431
0.0828317
0.0810624
0.0794264
0.0779148
0.0765191
0.0752313
0.0740436
0.0729489
0.0719403
0.0710115
0.0701563
0.0693694
0.0686454
0.0679795
0.0673674
0.0668049
0.0662881
0.0658135
0.0653778
0.064978
0.0646114
0.0642753
0.0639673
0.0636852
0.0634271
0.063191
0.0629752
0.0627781
0.0625983
0.0624344
0.0622851
0.0621494
0.0620263
0.0619146
0.0618138
0.0617229
0.0616413
0.0615684
0.0615038
0.0614471
0.061398
0.0613563
0.0613221
0.0612954
0.0612765
0.0612657
0.961697
0.892196
0.829102
0.771747
0.719541
0.671956
0.628525
0.588828
0.552495
0.519191
0.488622
0.46052
0.43465
0.410798
0.388775
0.368409
0.349547
0.33205
0.315796
0.30067
0.286573
0.273412
0.261105
0.249576
0.238758
0.228587
0.219008
0.20997
0.201427
0.193338
0.185665
0.178375
0.17144
0.164833
0.158535
0.152526
0.146792
0.141321
0.136105
0.131135
0.126406
0.121914
0.117655
0.113625
0.10982
0.106236
0.102868
0.0997098
0.0967546
0.0939949
0.0914227
0.0890294
0.0868059
0.084743
0.0828316
0.0810624
0.0794263
0.0779147
0.076519
0.0752312
0.0740435
0.0729488
0.0719402
0.0710113
0.0701562
0.0693692
0.0686452
0.0679794
0.0673672
0.0668047
0.0662879
0.0658133
0.0653776
0.0649778
0.0646112
0.064275
0.0639671
0.063685
0.0634269
0.0631908
0.062975
0.0627779
0.0625981
0.0624341
0.0622849
0.0621492
0.062026
0.0619144
0.0618135
0.0617226
0.0616411
0.0615682
0.0615036
0.0614469
0.0613977
0.0613561
0.0613219
0.0612952
0.0612763
0.0612655
0.961697
0.892196
0.829102
0.771747
0.719541
0.671956
0.628525
0.588828
0.552495
0.519191
0.488622
0.46052
0.43465
0.410798
0.388774
0.368408
0.349546
0.33205
0.315795
0.30067
0.286572
0.273412
0.261104
0.249575
0.238756
0.228586
0.219007
0.209969
0.201426
0.193336
0.185663
0.178373
0.171437
0.16483
0.158532
0.152523
0.146789
0.141318
0.136101
0.131131
0.126402
0.12191
0.117651
0.113621
0.109816
0.106232
0.102864
0.0997056
0.0967505
0.0939909
0.0914188
0.0890256
0.0868023
0.0847396
0.0828283
0.0810593
0.0794234
0.0779119
0.0765164
0.0752287
0.0740412
0.0729466
0.0719381
0.0710094
0.0701543
0.0693675
0.0686436
0.0679779
0.0673658
0.0668034
0.0662866
0.0658121
0.0653765
0.0649768
0.0646102
0.0642741
0.0639662
0.0636842
0.0634261
0.0631901
0.0629743
0.0627773
0.0625975
0.0624336
0.0622844
0.0621487
0.0620256
0.061914
0.0618131
0.0617222
0.0616407
0.0615678
0.0615032
0.0614465
0.0613974
0.0613557
0.0613215
0.0612949
0.061276
0.0612652
0.961697
0.892196
0.829102
0.771747
0.719541
0.671956
0.628525
0.588828
0.552495
0.519191
0.488621
0.46052
0.43465
0.410798
0.388774
0.368408
0.349545
0.332049
0.315794
0.300668
0.286571
0.27341
0.261102
0.249573
0.238754
0.228583
0.219004
0.209965
0.201422
0.193332
0.185658
0.178368
0.171431
0.164825
0.158525
0.152516
0.146781
0.14131
0.136093
0.131123
0.126394
0.121901
0.117642
0.113612
0.109807
0.106223
0.102855
0.0996972
0.0967422
0.0939829
0.0914111
0.0890182
0.0867952
0.0847328
0.0828219
0.0810531
0.0794176
0.0779064
0.0765112
0.0752238
0.0740366
0.0729423
0.0719341
0.0710056
0.0701508
0.0693642
0.0686405
0.067975
0.0673632
0.0668009
0.0662843
0.06581
0.0653745
0.064975
0.0646085
0.0642726
0.0639648
0.0636829
0.0634249
0.0631889
0.0629733
0.0627763
0.0625966
0.0624328
0.0622836
0.062148
0.0620249
0.0619133
0.0618125
0.0617217
0.0616401
0.0615673
0.0615028
0.061446
0.0613969
0.0613553
0.0613211
0.0612944
0.0612756
0.0612648
0.961697
0.892197
0.829102
0.771747
0.719541
0.671956
0.628525
0.588828
0.552495
0.519191
0.488621
0.46052
0.434649
0.410797
0.388773
0.368407
0.349544
0.332048
0.315793
0.300667
0.286569
0.273408
0.2611
0.24957
0.238751
0.228579
0.218999
0.20996
0.201416
0.193326
0.185651
0.17836
0.171423
0.164816
0.158516
0.152506
0.146771
0.141299
0.136081
0.13111
0.126381
0.121888
0.117629
0.113599
0.109794
0.10621
0.102842
0.0996846
0.0967299
0.093971
0.0913996
0.0890071
0.0867845
0.0847226
0.0828122
0.0810439
0.0794088
0.0778982
0.0765034
0.0752165
0.0740297
0.0729359
0.0719281
0.071
0.0701456
0.0693593
0.068636
0.0679708
0.0673593
0.0667973
0.066281
0.0658069
0.0653717
0.0649723
0.0646061
0.0642703
0.0639627
0.063681
0.0634232
0.0631873
0.0629718
0.062775
0.0625953
0.0624316
0.0622826
0.062147
0.062024
0.0619125
0.0618118
0.061721
0.0616395
0.0615667
0.0615021
0.0614455
0.0613964
0.0613548
0.0613206
0.0612939
0.061275
0.0612643
0.961697
0.892197
0.829102
0.771747
0.719541
0.671956
0.628525
0.588828
0.552495
0.519191
0.488621
0.460519
0.434649
0.410796
0.388772
0.368406
0.349543
0.332046
0.315791
0.300664
0.286566
0.273404
0.261096
0.249566
0.238746
0.228574
0.218993
0.209954
0.201409
0.193317
0.185642
0.17835
0.171413
0.164804
0.158503
0.152492
0.146757
0.141284
0.136066
0.131094
0.126364
0.121871
0.117611
0.113581
0.109776
0.106193
0.102825
0.0996678
0.0967135
0.093955
0.0913842
0.0889923
0.0867703
0.0847091
0.0827993
0.0810317
0.0793973
0.0778872
0.0764931
0.0752068
0.0740206
0.0729274
0.0719201
0.0709926
0.0701387
0.0693529
0.06863
0.0679652
0.0673541
0.0667925
0.0662766
0.0658028
0.0653679
0.0649689
0.0646029
0.0642674
0.06396
0.0636785
0.0634209
0.0631853
0.0629699
0.0627732
0.0625938
0.0624302
0.0622812
0.0621458
0.0620229
0.0619115
0.0618108
0.0617201
0.0616386
0.0615659
0.0615014
0.0614448
0.0613957
0.0613541
0.0613199
0.0612933
0.0612744
0.0612637
0.961697
0.892197
0.829102
0.771747
0.719541
0.671956
0.628525
0.588828
0.552494
0.519191
0.488621
0.460519
0.434648
0.410796
0.388771
0.368404
0.349541
0.332044
0.315788
0.300661
0.286563
0.2734
0.261091
0.249561
0.23874
0.228567
0.218986
0.209945
0.2014
0.193307
0.185631
0.178338
0.171399
0.16479
0.158488
0.152476
0.146739
0.141265
0.136046
0.131074
0.126343
0.12185
0.11759
0.113559
0.109755
0.106171
0.102804
0.0996468
0.096693
0.0939352
0.091365
0.0889738
0.0867526
0.0846922
0.0827832
0.0810164
0.0793828
0.0778736
0.0764803
0.0751948
0.0740094
0.0729168
0.0719102
0.0709833
0.0701301
0.0693449
0.0686226
0.0679584
0.0673477
0.0667866
0.0662712
0.0657978
0.0653633
0.0649647
0.064599
0.0642639
0.0639568
0.0636755
0.0634182
0.0631828
0.0629676
0.0627711
0.0625919
0.0624284
0.0622797
0.0621444
0.0620215
0.0619103
0.0618097
0.061719
0.0616377
0.061565
0.0615006
0.061444
0.0613949
0.0613533
0.0613192
0.0612926
0.0612737
0.061263
0.961697
0.892197
0.829102
0.771747
0.719541
0.671956
0.628525
0.588828
0.552494
0.519191
0.48862
0.460518
0.434647
0.410795
0.38877
0.368403
0.349539
0.332041
0.315785
0.300658
0.286559
0.273396
0.261086
0.249554
0.238733
0.228559
0.218977
0.209935
0.201388
0.193295
0.185617
0.178323
0.171383
0.164772
0.158469
0.152456
0.146718
0.141243
0.136023
0.13105
0.126318
0.121824
0.117564
0.113533
0.109729
0.106145
0.102778
0.0996217
0.0966685
0.0939114
0.091342
0.0889517
0.0867315
0.084672
0.082764
0.0809982
0.0793656
0.0778573
0.076465
0.0751804
0.0739959
0.0729042
0.0718985
0.0709723
0.0701198
0.0693354
0.0686137
0.0679502
0.0673402
0.0667796
0.0662647
0.0657919
0.0653578
0.0649596
0.0645944
0.0642596
0.0639529
0.063672
0.0634149
0.0631798
0.0629649
0.0627687
0.0625896
0.0624264
0.0622778
0.0621427
0.06202
0.0619088
0.0618084
0.0617178
0.0616365
0.061564
0.0614996
0.061443
0.061394
0.0613525
0.0613183
0.0612918
0.0612729
0.0612623
0.961697
0.892197
0.829102
0.771747
0.719541
0.671957
0.628525
0.588828
0.552494
0.51919
0.48862
0.460518
0.434646
0.410793
0.388768
0.368401
0.349537
0.332038
0.315781
0.300654
0.286554
0.27339
0.26108
0.249547
0.238724
0.22855
0.218966
0.209924
0.201375
0.19328
0.185602
0.178306
0.171364
0.164752
0.158447
0.152432
0.146693
0.141217
0.135995
0.131021
0.126289
0.121794
0.117534
0.113503
0.109698
0.106115
0.102748
0.0995924
0.09664
0.0938837
0.0913153
0.088926
0.0867069
0.0846485
0.0827417
0.080977
0.0793456
0.0778384
0.0764472
0.0751637
0.0739802
0.0728895
0.0718848
0.0709596
0.0701079
0.0693243
0.0686035
0.0679407
0.0673314
0.0667715
0.0662572
0.065785
0.0653515
0.0649538
0.0645891
0.0642547
0.0639484
0.0636679
0.0634112
0.0631764
0.0629618
0.0627659
0.0625871
0.0624241
0.0622757
0.0621407
0.0620182
0.0619072
0.0618069
0.0617164
0.0616353
0.0615628
0.0614985
0.061442
0.061393
0.0613515
0.0613174
0.0612908
0.0612721
0.0612614
0.961697
0.892197
0.829102
0.771748
0.719541
0.671957
0.628525
0.588828
0.552494
0.51919
0.488619
0.460517
0.434645
0.410792
0.388767
0.368398
0.349534
0.332035
0.315777
0.300649
0.286548
0.273384
0.261072
0.249539
0.238715
0.228539
0.218954
0.20991
0.201361
0.193264
0.185584
0.178286
0.171343
0.164728
0.158422
0.152406
0.146664
0.141187
0.135964
0.130989
0.126256
0.12176
0.117499
0.113468
0.109663
0.106081
0.102715
0.0995591
0.0966075
0.0938522
0.0912849
0.0888968
0.0866788
0.0846218
0.0827162
0.0809529
0.0793228
0.0778169
0.0764269
0.0751447
0.0739624
0.0728728
0.0718692
0.0709451
0.0700944
0.0693118
0.0685919
0.0679299
0.0673214
0.0667623
0.0662487
0.0657772
0.0653443
0.0649472
0.064583
0.0642492
0.0639433
0.0636633
0.063407
0.0631726
0.0629583
0.0627627
0.0625842
0.0624214
0.0622733
0.0621385
0.0620162
0.0619054
0.0618052
0.0617149
0.0616338
0.0615614
0.0614972
0.0614408
0.0613919
0.0613504
0.0613164
0.0612899
0.0612711
0.0612605
0.961697
0.892197
0.829102
0.771748
0.719542
0.671957
0.628525
0.588828
0.552494
0.51919
0.488619
0.460516
0.434644
0.41079
0.388765
0.368396
0.349531
0.332031
0.315773
0.300644
0.286542
0.273376
0.261064
0.249529
0.238704
0.228527
0.218941
0.209895
0.201344
0.193246
0.185563
0.178264
0.171319
0.164702
0.158394
0.152376
0.146633
0.141154
0.135929
0.130953
0.126218
0.121722
0.11746
0.113429
0.109624
0.106042
0.102676
0.0995217
0.0965711
0.0938169
0.0912508
0.088864
0.0866475
0.0845918
0.0826878
0.0809259
0.0792972
0.0777929
0.0764043
0.0751234
0.0739424
0.0728542
0.0718518
0.0709288
0.0700794
0.0692977
0.0685788
0.0679178
0.0673103
0.066752
0.0662392
0.0657684
0.0653363
0.0649398
0.0645763
0.064243
0.0639377
0.0636581
0.0634023
0.0631683
0.0629544
0.0627591
0.0625809
0.0624185
0.0622706
0.0621361
0.062014
0.0619033
0.0618033
0.0617132
0.0616323
0.06156
0.0614958
0.0614395
0.0613907
0.0613493
0.0613153
0.0612888
0.0612701
0.0612595
0.961697
0.892197
0.829103
0.771748
0.719542
0.671957
0.628525
0.588828
0.552494
0.519189
0.488618
0.460515
0.434643
0.410789
0.388762
0.368393
0.349527
0.332027
0.315768
0.300638
0.286535
0.273368
0.261055
0.249519
0.238692
0.228514
0.218926
0.209878
0.201325
0.193225
0.185541
0.178239
0.171292
0.164673
0.158363
0.152342
0.146597
0.141116
0.13589
0.130912
0.126177
0.12168
0.117418
0.113386
0.109581
0.105999
0.102634
0.0994804
0.0965308
0.0937778
0.091213
0.0888278
0.0866128
0.0845587
0.0826563
0.0808961
0.079269
0.0777663
0.0763793
0.0750999
0.0739204
0.0728336
0.0718326
0.0709109
0.0700627
0.0692823
0.0685645
0.0679046
0.067298
0.0667407
0.0662288
0.0657588
0.0653275
0.0649317
0.0645688
0.0642362
0.0639315
0.0636524
0.0633971
0.0631636
0.0629501
0.0627552
0.0625774
0.0624152
0.0622676
0.0621334
0.0620115
0.0619011
0.0618013
0.0617113
0.0616305
0.0615583
0.0614943
0.0614381
0.0613893
0.061348
0.061314
0.0612876
0.0612689
0.0612584
0.961697
0.892197
0.829103
0.771748
0.719542
0.671957
0.628525
0.588828
0.552494
0.519189
0.488618
0.460514
0.434641
0.410787
0.38876
0.36839
0.349523
0.332022
0.315762
0.300631
0.286527
0.27336
0.261045
0.249507
0.238679
0.228499
0.218909
0.20986
0.201305
0.193203
0.185516
0.178212
0.171262
0.164642
0.158329
0.152306
0.146559
0.141076
0.135848
0.130868
0.126132
0.121634
0.117371
0.113339
0.109534
0.105952
0.102588
0.0994352
0.0964867
0.093735
0.0911718
0.0887881
0.0865748
0.0845225
0.0826219
0.0808635
0.0792382
0.0777372
0.0763519
0.0750742
0.0738964
0.0728111
0.0718116
0.0708914
0.0700445
0.0692654
0.0685488
0.06789
0.0672846
0.0667283
0.0662174
0.0657483
0.0653178
0.0649229
0.0645607
0.0642288
0.0639247
0.0636462
0.0633914
0.0631584
0.0629454
0.0627509
0.0625735
0.0624117
0.0622644
0.0621305
0.0620089
0.0618987
0.061799
0.0617092
0.0616286
0.0615566
0.0614927
0.0614365
0.0613879
0.0613466
0.0613127
0.0612863
0.0612677
0.0612572
0.961697
0.892197
0.829103
0.771749
0.719542
0.671958
0.628526
0.588828
0.552494
0.519189
0.488617
0.460513
0.43464
0.410785
0.388757
0.368386
0.349519
0.332017
0.315756
0.300624
0.286519
0.27335
0.261034
0.249495
0.238665
0.228483
0.218892
0.20984
0.201283
0.193178
0.185489
0.178183
0.17123
0.164607
0.158292
0.152266
0.146517
0.141031
0.135802
0.13082
0.126082
0.121583
0.11732
0.113287
0.109483
0.105902
0.102538
0.099386
0.0964388
0.0936886
0.091127
0.0887451
0.0865336
0.0844833
0.0825846
0.0808281
0.0792048
0.0777057
0.0763223
0.0750464
0.0738703
0.0727868
0.0717888
0.0708702
0.0700248
0.0692471
0.0685319
0.0678743
0.0672701
0.0667149
0.066205
0.0657369
0.0653074
0.0649133
0.0645519
0.0642207
0.0639173
0.0636395
0.0633853
0.0631528
0.0629404
0.0627463
0.0625693
0.0624079
0.0622609
0.0621273
0.062006
0.061896
0.0617966
0.061707
0.0616265
0.0615546
0.0614909
0.0614348
0.0613863
0.0613451
0.0613113
0.0612849
0.0612664
0.0612559
0.961697
0.892198
0.829103
0.771749
0.719543
0.671958
0.628526
0.588828
0.552493
0.519188
0.488616
0.460512
0.434638
0.410782
0.388754
0.368383
0.349515
0.332012
0.31575
0.300616
0.28651
0.27334
0.261022
0.249481
0.23865
0.228466
0.218872
0.209819
0.201259
0.193152
0.18546
0.178151
0.171196
0.16457
0.158251
0.152223
0.146471
0.140984
0.135752
0.130769
0.126029
0.121529
0.117264
0.113232
0.109428
0.105847
0.102484
0.0993331
0.0963873
0.0936387
0.0910788
0.0886988
0.0864893
0.084441
0.0825444
0.0807901
0.0791688
0.0776718
0.0762904
0.0750165
0.0738423
0.0727606
0.0717644
0.0708474
0.0700036
0.0692274
0.0685136
0.0678575
0.0672545
0.0667005
0.0661918
0.0657247
0.0652961
0.064903
0.0645425
0.0642121
0.0639095
0.0636323
0.0633788
0.0631469
0.0629349
0.0627414
0.0625648
0.0624038
0.0622572
0.0621239
0.0620028
0.0618932
0.061794
0.0617046
0.0616243
0.0615526
0.0614889
0.061433
0.0613846
0.0613435
0.0613097
0.0612834
0.0612649
0.0612545
0.961697
0.892198
0.829103
0.771749
0.719543
0.671958
0.628526
0.588828
0.552493
0.519188
0.488615
0.46051
0.434636
0.41078
0.388751
0.368379
0.34951
0.332006
0.315743
0.300608
0.286501
0.273329
0.261009
0.249467
0.238634
0.228447
0.218851
0.209795
0.201233
0.193123
0.185429
0.178117
0.171159
0.164529
0.158208
0.152177
0.146422
0.140932
0.135698
0.130713
0.125972
0.121471
0.117205
0.113173
0.109368
0.105788
0.102426
0.0992765
0.0963321
0.0935852
0.0910272
0.0886493
0.086442
0.0843959
0.0825015
0.0807494
0.0791305
0.0776356
0.0762564
0.0749846
0.0738124
0.0727326
0.0717383
0.0708231
0.069981
0.0692064
0.0684942
0.0678394
0.0672378
0.0666851
0.0661776
0.0657117
0.0652842
0.064892
0.0645324
0.0642029
0.063901
0.0636246
0.0633717
0.0631405
0.0629291
0.0627361
0.0625599
0.0623994
0.0622532
0.0621202
0.0619995
0.0618901
0.0617912
0.061702
0.0616219
0.0615503
0.0614869
0.0614311
0.0613827
0.0613417
0.061308
0.0612818
0.0612634
0.061253
0.961697
0.892198
0.829104
0.771749
0.719543
0.671958
0.628526
0.588828
0.552493
0.519187
0.488614
0.460509
0.434634
0.410777
0.388748
0.368375
0.349505
0.332
0.315735
0.300599
0.28649
0.273317
0.260996
0.249451
0.238616
0.228427
0.218829
0.209771
0.201206
0.193093
0.185395
0.17808
0.171119
0.164487
0.158162
0.152128
0.14637
0.140878
0.135641
0.130654
0.125911
0.121409
0.117143
0.11311
0.109305
0.105725
0.102365
0.0992162
0.0962735
0.0935284
0.0909724
0.0885966
0.0863916
0.0843479
0.082456
0.0807063
0.0790897
0.0775972
0.0762203
0.0749507
0.0737807
0.0727029
0.0717106
0.0707973
0.069957
0.0691842
0.0684735
0.0678203
0.0672201
0.0666688
0.0661626
0.0656979
0.0652715
0.0648803
0.0645217
0.0641931
0.0638921
0.0636165
0.0633643
0.0631337
0.0629229
0.0627304
0.0625548
0.0623947
0.0622489
0.0621163
0.0619959
0.0618868
0.0617882
0.0616992
0.0616193
0.061548
0.0614846
0.061429
0.0613808
0.0613398
0.0613063
0.0612801
0.0612617
0.0612514
0.961697
0.892198
0.829104
0.77175
0.719544
0.671959
0.628526
0.588828
0.552493
0.519187
0.488613
0.460508
0.434632
0.410774
0.388744
0.36837
0.349499
0.331993
0.315727
0.30059
0.286479
0.273304
0.260981
0.249435
0.238597
0.228406
0.218806
0.209744
0.201176
0.193061
0.18536
0.178042
0.171077
0.164441
0.158113
0.152076
0.146315
0.140819
0.13558
0.130591
0.125847
0.121343
0.117076
0.113043
0.109239
0.105659
0.102299
0.0991524
0.0962113
0.0934682
0.0909144
0.088541
0.0863384
0.0842972
0.0824078
0.0806606
0.0790466
0.0775566
0.0761821
0.0749149
0.0737471
0.0726716
0.0716814
0.0707701
0.0699317
0.0691606
0.0684517
0.0678002
0.0672015
0.0666516
0.0661467
0.0656833
0.065258
0.064868
0.0645105
0.0641828
0.0638826
0.0636079
0.0633564
0.0631265
0.0629164
0.0627245
0.0625494
0.0623898
0.0622444
0.0621122
0.0619922
0.0618834
0.061785
0.0616963
0.0616166
0.0615454
0.0614823
0.0614267
0.0613787
0.0613378
0.0613043
0.0612783
0.0612599
0.0612496
0.961697
0.892198
0.829104
0.77175
0.719544
0.671959
0.628526
0.588828
0.552492
0.519186
0.488612
0.460506
0.43463
0.410771
0.38874
0.368365
0.349493
0.331986
0.315719
0.30058
0.286468
0.273291
0.260966
0.249417
0.238577
0.228384
0.218781
0.209716
0.201146
0.193027
0.185322
0.178001
0.171032
0.164393
0.158062
0.152021
0.146257
0.140758
0.135516
0.130525
0.125778
0.121273
0.117006
0.112972
0.109168
0.105589
0.102231
0.0990852
0.0961459
0.0934049
0.0908534
0.0884824
0.0862824
0.0842438
0.0823571
0.0806127
0.0790012
0.0775139
0.0761419
0.0748772
0.0737119
0.0726387
0.0716507
0.0707415
0.0699051
0.0691359
0.0684288
0.067779
0.0671819
0.0666335
0.06613
0.0656679
0.0652439
0.0648551
0.0644986
0.0641719
0.0638727
0.0635988
0.0633481
0.0631189
0.0629095
0.0627182
0.0625436
0.0623845
0.0622396
0.0621079
0.0619882
0.0618797
0.0617816
0.0616932
0.0616137
0.0615427
0.0614797
0.0614244
0.0613764
0.0613357
0.0613023
0.0612763
0.061258
0.0612477
0.961697
0.892198
0.829105
0.771751
0.719544
0.671959
0.628527
0.588828
0.552492
0.519185
0.488611
0.460504
0.434627
0.410768
0.388736
0.36836
0.349487
0.331978
0.31571
0.300569
0.286455
0.273276
0.260949
0.249399
0.238556
0.22836
0.218754
0.209687
0.201113
0.192991
0.185283
0.177957
0.170985
0.164342
0.158007
0.151963
0.146195
0.140693
0.135449
0.130455
0.125707
0.1212
0.116932
0.112898
0.109094
0.105516
0.102159
0.0990146
0.0960773
0.0933384
0.0907894
0.0884209
0.0862237
0.0841879
0.082304
0.0805624
0.0789538
0.0774692
0.0760999
0.0748378
0.073675
0.0726042
0.0716185
0.0707115
0.0698773
0.0691101
0.0684049
0.0677568
0.0671614
0.0666146
0.0661126
0.0656519
0.0652292
0.0648416
0.0644862
0.0641606
0.0638623
0.0635893
0.0633395
0.063111
0.0629022
0.0627116
0.0625376
0.062379
0.0622346
0.0621033
0.061984
0.0618758
0.0617781
0.0616899
0.0616107
0.0615399
0.0614771
0.0614219
0.061374
0.0613334
0.0613001
0.0612742
0.0612559
0.0612457
0.961697
0.892199
0.829105
0.771751
0.719545
0.67196
0.628527
0.588828
0.552492
0.519185
0.48861
0.460502
0.434625
0.410765
0.388732
0.368355
0.34948
0.33197
0.3157
0.300558
0.286442
0.273261
0.260932
0.249379
0.238534
0.228336
0.218726
0.209656
0.201079
0.192953
0.185241
0.177912
0.170936
0.164289
0.15795
0.151902
0.146131
0.140626
0.135378
0.130382
0.125632
0.121124
0.116854
0.11282
0.109017
0.10544
0.102083
0.0989409
0.0960055
0.093269
0.0907225
0.0883568
0.0861624
0.0841295
0.0822486
0.0805099
0.0789043
0.0774225
0.0760561
0.0747967
0.0736365
0.0725683
0.071585
0.0706803
0.0698482
0.0690832
0.0683799
0.0677337
0.06714
0.0665949
0.0660944
0.0656352
0.0652138
0.0648274
0.0644732
0.0641487
0.0638515
0.0635794
0.0633304
0.0631027
0.0628947
0.0627047
0.0625313
0.0623733
0.0622294
0.0620985
0.0619796
0.0618718
0.0617743
0.0616864
0.0616075
0.0615369
0.0614743
0.0614192
0.0613715
0.061331
0.0612978
0.0612719
0.0612537
0.0612435
0.961698
0.892199
0.829105
0.771751
0.719545
0.67196
0.628527
0.588828
0.552492
0.519184
0.488609
0.4605
0.434622
0.410761
0.388727
0.368349
0.349473
0.331962
0.31569
0.300546
0.286429
0.273246
0.260914
0.249359
0.238511
0.22831
0.218697
0.209624
0.201043
0.192913
0.185198
0.177865
0.170884
0.164233
0.15789
0.151838
0.146063
0.140555
0.135304
0.130305
0.125553
0.121044
0.116774
0.112739
0.108936
0.10536
0.102005
0.0988641
0.0959309
0.0931967
0.0906529
0.0882901
0.0860986
0.0840689
0.082191
0.0804554
0.0788528
0.0773741
0.0760106
0.074754
0.0735966
0.0725309
0.0715502
0.0706479
0.0698181
0.0690552
0.068354
0.0677097
0.0671179
0.0665744
0.0660756
0.0656178
0.0651978
0.0648128
0.0644598
0.0641364
0.0638402
0.063569
0.063321
0.0630941
0.0628868
0.0626975
0.0625248
0.0623673
0.0622239
0.0620934
0.0619749
0.0618675
0.0617704
0.0616828
0.0616041
0.0615337
0.0614713
0.0614164
0.0613688
0.0613285
0.0612953
0.0612695
0.0612514
0.0612412
0.961698
0.892199
0.829106
0.771752
0.719546
0.67196
0.628527
0.588828
0.552491
0.519183
0.488607
0.460498
0.434619
0.410757
0.388722
0.368343
0.349466
0.331953
0.31568
0.300534
0.286414
0.273229
0.260895
0.249337
0.238487
0.228282
0.218667
0.20959
0.201005
0.192872
0.185153
0.177815
0.170831
0.164175
0.157828
0.151772
0.145993
0.140481
0.135227
0.130226
0.125472
0.120961
0.11669
0.112655
0.108852
0.105277
0.101923
0.0987843
0.0958534
0.0931218
0.0905808
0.0882209
0.0860326
0.084006
0.0821313
0.080399
0.0787995
0.0773239
0.0759635
0.0747098
0.0735552
0.0724923
0.0715142
0.0706144
0.0697869
0.0690262
0.0683271
0.0676848
0.0670949
0.0665532
0.066056
0.0655998
0.0651813
0.0647976
0.0644459
0.0641236
0.0638285
0.0635583
0.0633112
0.0630852
0.0628787
0.0626901
0.062518
0.0623611
0.0622182
0.0620882
0.0619701
0.0618631
0.0617663
0.061679
0.0616005
0.0615304
0.0614681
0.0614134
0.061366
0.0613258
0.0612927
0.061267
0.0612489
0.0612388
0.961698
0.892199
0.829106
0.771752
0.719546
0.671961
0.628528
0.588828
0.552491
0.519182
0.488606
0.460496
0.434616
0.410753
0.388717
0.368336
0.349458
0.331944
0.315669
0.300521
0.2864
0.273212
0.260876
0.249315
0.238462
0.228254
0.218635
0.209555
0.200966
0.192829
0.185105
0.177764
0.170775
0.164115
0.157763
0.151703
0.14592
0.140405
0.135148
0.130143
0.125387
0.120875
0.116603
0.112568
0.108765
0.105191
0.101839
0.0987019
0.0957732
0.0930443
0.0905062
0.0881494
0.0859643
0.083941
0.0820697
0.0803407
0.0787445
0.0772722
0.0759148
0.0746642
0.0735126
0.0724525
0.071477
0.0705798
0.0697548
0.0689964
0.0682995
0.0676592
0.0670712
0.0665314
0.0660359
0.0655812
0.0651642
0.0647819
0.0644315
0.0641104
0.0638164
0.0635473
0.0633011
0.063076
0.0628702
0.0626823
0.0625109
0.0623546
0.0622122
0.0620827
0.0619651
0.0618585
0.061762
0.061675
0.0615968
0.0615269
0.0614649
0.0614103
0.061363
0.0613229
0.06129
0.0612643
0.0612463
0.0612362
0.961698
0.8922
0.829106
0.771753
0.719547
0.671961
0.628528
0.588828
0.55249
0.519181
0.488604
0.460494
0.434613
0.410749
0.388712
0.36833
0.34945
0.331934
0.315657
0.300508
0.286384
0.273194
0.260855
0.249292
0.238436
0.228225
0.218603
0.209518
0.200926
0.192784
0.185057
0.17771
0.170717
0.164053
0.157696
0.151632
0.145845
0.140325
0.135065
0.130058
0.1253
0.120786
0.116513
0.112478
0.108676
0.105102
0.101751
0.0986168
0.0956906
0.0929645
0.0904293
0.0880758
0.085894
0.0838741
0.0820063
0.0802807
0.078688
0.0772189
0.0758648
0.0746174
0.0734687
0.0724115
0.0714388
0.0705442
0.0697217
0.0689657
0.068271
0.0676329
0.0670469
0.0665089
0.0660152
0.0655622
0.0651467
0.0647658
0.0644167
0.0640968
0.063804
0.0635359
0.0632907
0.0630664
0.0628615
0.0626744
0.0625036
0.0623479
0.0622061
0.0620771
0.0619599
0.0618537
0.0617575
0.0616708
0.0615929
0.0615233
0.0614614
0.061407
0.0613599
0.0613199
0.0612871
0.0612615
0.0612435
0.0612334
0.961698
0.8922
0.829107
0.771753
0.719547
0.671962
0.628528
0.588828
0.55249
0.51918
0.488603
0.460491
0.43461
0.410745
0.388706
0.368323
0.349441
0.331924
0.315645
0.300494
0.286368
0.273176
0.260834
0.249268
0.238409
0.228194
0.218569
0.209481
0.200884
0.192738
0.185006
0.177655
0.170657
0.163988
0.157627
0.151558
0.145767
0.140244
0.13498
0.12997
0.12521
0.120694
0.11642
0.112385
0.108583
0.105011
0.101662
0.0985294
0.0956057
0.0928824
0.0903504
0.0880002
0.0858219
0.0838055
0.0819412
0.0802192
0.0786299
0.0771643
0.0758135
0.0745693
0.0734237
0.0723695
0.0713997
0.0705078
0.0696878
0.0689342
0.0682419
0.0676059
0.0670219
0.0664859
0.0659939
0.0655426
0.0651287
0.0647492
0.0644015
0.0640829
0.0637912
0.0635242
0.06328
0.0630566
0.0628525
0.0626661
0.0624961
0.062341
0.0621998
0.0620713
0.0619545
0.0618487
0.0617529
0.0616665
0.0615889
0.0615195
0.0614578
0.0614036
0.0613566
0.0613168
0.061284
0.0612585
0.0612406
0.0612305
0.961698
0.8922
0.829107
0.771754
0.719548
0.671962
0.628528
0.588828
0.552489
0.519179
0.488601
0.460489
0.434606
0.41074
0.3887
0.368316
0.349433
0.331913
0.315633
0.300479
0.286351
0.273156
0.260812
0.249243
0.238381
0.228163
0.218534
0.209442
0.200841
0.192691
0.184954
0.177598
0.170596
0.163922
0.157556
0.151482
0.145687
0.14016
0.134893
0.12988
0.125117
0.1206
0.116325
0.11229
0.108489
0.104918
0.10157
0.0984398
0.0955187
0.0927984
0.0902696
0.0879228
0.085748
0.0837353
0.0818746
0.0801562
0.0785706
0.0771084
0.0757611
0.0745202
0.0733778
0.0723266
0.0713597
0.0704705
0.0696532
0.0689021
0.0682121
0.0675783
0.0669964
0.0664623
0.0659722
0.0655226
0.0651103
0.0647323
0.0643859
0.0640686
0.0637781
0.0635122
0.063269
0.0630466
0.0628433
0.0626577
0.0624883
0.0623339
0.0621932
0.0620652
0.061949
0.0618435
0.0617481
0.061662
0.0615847
0.0615155
0.0614541
0.0614
0.0613532
0.0613134
0.0612808
0.0612554
0.0612375
0.0612275
0.961698
0.892201
0.829108
0.771754
0.719548
0.671962
0.628528
0.588828
0.552489
0.519178
0.488599
0.460486
0.434602
0.410735
0.388694
0.368308
0.349423
0.331902
0.31562
0.300464
0.286334
0.273137
0.26079
0.249218
0.238352
0.228131
0.218498
0.209402
0.200797
0.192642
0.184901
0.17754
0.170533
0.163854
0.157483
0.151405
0.145605
0.140074
0.134803
0.129788
0.125022
0.120504
0.116228
0.112192
0.108392
0.104822
0.101476
0.0983482
0.0954298
0.0927126
0.0901871
0.0878438
0.0856727
0.0836637
0.0818067
0.0800921
0.0785101
0.0770515
0.0757077
0.0744701
0.073331
0.0722829
0.0713189
0.0704326
0.0696179
0.0688694
0.0681817
0.0675502
0.0669705
0.0664383
0.0659501
0.0655022
0.0650915
0.064715
0.0643701
0.0640541
0.0637648
0.0635
0.0632577
0.0630363
0.0628339
0.0626491
0.0624804
0.0623266
0.0621865
0.062059
0.0619432
0.0618382
0.0617431
0.0616574
0.0615803
0.0615114
0.0614501
0.0613963
0.0613496
0.06131
0.0612774
0.0612521
0.0612343
0.0612243
0.961698
0.892201
0.829108
0.771755
0.719549
0.671963
0.628529
0.588828
0.552488
0.519177
0.488597
0.460483
0.434598
0.41073
0.388688
0.3683
0.349414
0.331891
0.315606
0.300449
0.286316
0.273116
0.260766
0.249191
0.238322
0.228098
0.218461
0.209361
0.200752
0.192592
0.184846
0.177481
0.170468
0.163784
0.157409
0.151325
0.145521
0.139986
0.134712
0.129693
0.124925
0.120405
0.116129
0.112093
0.108293
0.104724
0.101381
0.0982549
0.0953393
0.0926252
0.0901031
0.0877634
0.085596
0.0835908
0.0817377
0.0800268
0.0784485
0.0769937
0.0756534
0.0744192
0.0732834
0.0722384
0.0712775
0.070394
0.0695821
0.0688361
0.0681509
0.0675217
0.0669441
0.0664139
0.0659276
0.0654815
0.0650724
0.0646975
0.0643539
0.0640393
0.0637512
0.0634875
0.0632463
0.0630258
0.0628243
0.0626402
0.0624723
0.0623191
0.0621796
0.0620527
0.0619373
0.0618327
0.061738
0.0616526
0.0615758
0.0615071
0.0614461
0.0613924
0.0613459
0.0613064
0.0612739
0.0612487
0.0612309
0.0612209
0.961698
0.892201
0.829109
0.771755
0.719549
0.671963
0.628529
0.588828
0.552487
0.519175
0.488595
0.46048
0.434594
0.410725
0.388681
0.368292
0.349404
0.331879
0.315593
0.300433
0.286297
0.273095
0.260742
0.249164
0.238292
0.228064
0.218423
0.209319
0.200705
0.192541
0.18479
0.17742
0.170402
0.163713
0.157333
0.151244
0.145436
0.139896
0.134619
0.129597
0.124827
0.120305
0.116028
0.111992
0.108193
0.104625
0.101283
0.0981602
0.0952474
0.0925365
0.0900179
0.0876819
0.0855183
0.0835169
0.0816677
0.0799607
0.0783862
0.0769351
0.0755983
0.0743677
0.0732352
0.0721935
0.0712356
0.070355
0.0695458
0.0688024
0.0681197
0.0674928
0.0669173
0.0663892
0.0659048
0.0654604
0.0650531
0.0646797
0.0643376
0.0640242
0.0637374
0.0634748
0.0632347
0.0630151
0.0628144
0.0626312
0.062464
0.0623115
0.0621726
0.0620461
0.0619313
0.0618271
0.0617328
0.0616476
0.0615711
0.0615027
0.0614419
0.0613884
0.061342
0.0613026
0.0612702
0.0612451
0.0612273
0.0612174
0.961698
0.892202
0.829109
0.771756
0.71955
0.671964
0.628529
0.588827
0.552486
0.519174
0.488592
0.460477
0.43459
0.410719
0.388674
0.368283
0.349393
0.331867
0.315578
0.300416
0.286278
0.273073
0.260718
0.249137
0.238261
0.228029
0.218384
0.209276
0.200658
0.192489
0.184733
0.177358
0.170335
0.163641
0.157255
0.151162
0.145349
0.139805
0.134524
0.129499
0.124727
0.120203
0.115926
0.11189
0.108091
0.104525
0.101185
0.0980642
0.0951544
0.0924467
0.0899317
0.0875994
0.0854397
0.0834423
0.081597
0.0798939
0.0783233
0.0768759
0.0755428
0.0743157
0.0731866
0.0721481
0.0711932
0.0703156
0.0695092
0.0687684
0.0680882
0.0674636
0.0668903
0.0663643
0.0658817
0.0654392
0.0650335
0.0646617
0.064321
0.064009
0.0637234
0.063462
0.0632229
0.0630043
0.0628045
0.062622
0.0624555
0.0623037
0.0621654
0.0620395
0.0619251
0.0618213
0.0617273
0.0616425
0.0615663
0.0614981
0.0614375
0.0613842
0.0613379
0.0612987
0.0612664
0.0612413
0.0612236
0.0612138
0.961699
0.892202
0.82911
0.771756
0.71955
0.671964
0.628529
0.588827
0.552486
0.519172
0.48859
0.460473
0.434585
0.410713
0.388666
0.368274
0.349383
0.331854
0.315564
0.300399
0.286259
0.273051
0.260693
0.249108
0.23823
0.227994
0.218345
0.209233
0.20061
0.192437
0.184676
0.177295
0.170267
0.163568
0.157177
0.151079
0.145261
0.139713
0.134428
0.1294
0.124626
0.120101
0.115822
0.111786
0.107988
0.104424
0.101086
0.0979674
0.0950606
0.0923562
0.0898448
0.0875163
0.0853605
0.083367
0.0815257
0.0798266
0.0782599
0.0768163
0.0754869
0.0742633
0.0731376
0.0721024
0.0711506
0.070276
0.0694724
0.0687342
0.0680564
0.0674342
0.0668631
0.0663392
0.0658585
0.0654178
0.0650138
0.0646435
0.0643043
0.0639936
0.0637092
0.063449
0.0632109
0.0629933
0.0627944
0.0626127
0.062447
0.0622958
0.062158
0.0620327
0.0619187
0.0618154
0.0617218
0.0616373
0.0615614
0.0614934
0.061433
0.0613799
0.0613338
0.0612946
0.0612625
0.0612374
0.0612198
0.06121
0.961699
0.892202
0.82911
0.771757
0.719551
0.671964
0.628529
0.588826
0.552484
0.51917
0.488587
0.460469
0.43458
0.410707
0.388658
0.368264
0.349371
0.331841
0.315548
0.300381
0.286239
0.273029
0.260667
0.24908
0.238198
0.227958
0.218306
0.209189
0.200562
0.192384
0.184618
0.177232
0.170199
0.163494
0.157098
0.150995
0.145172
0.13962
0.134332
0.129301
0.124524
0.119997
0.115718
0.111682
0.107885
0.104322
0.100986
0.09787
0.0949662
0.0922652
0.0897574
0.0874328
0.0852809
0.0832915
0.0814542
0.079759
0.0781962
0.0767565
0.0754308
0.0742108
0.0730885
0.0720565
0.0711079
0.0702362
0.0694354
0.0686999
0.0680246
0.0674047
0.0668359
0.0663139
0.0658353
0.0653963
0.064994
0.0646253
0.0642875
0.0639782
0.063695
0.0634359
0.0631989
0.0629822
0.0627842
0.0626033
0.0624383
0.0622878
0.0621506
0.0620258
0.0619123
0.0618093
0.0617161
0.061632
0.0615563
0.0614885
0.0614283
0.0613754
0.0613294
0.0612904
0.0612583
0.0612334
0.0612158
0.061206
0.961699
0.892203
0.829111
0.771757
0.719551
0.671964
0.628529
0.588826
0.552483
0.519168
0.488584
0.460465
0.434575
0.4107
0.38865
0.368255
0.34936
0.331827
0.315533
0.300364
0.286219
0.273006
0.260642
0.249051
0.238165
0.227922
0.218266
0.209145
0.200513
0.19233
0.18456
0.177169
0.17013
0.16342
0.157019
0.150911
0.145083
0.139527
0.134235
0.129201
0.124422
0.119893
0.115613
0.111577
0.107781
0.104219
0.100885
0.0977724
0.0948716
0.0921741
0.08967
0.0873491
0.0852013
0.0832159
0.0813826
0.0796915
0.0781326
0.0766967
0.0753747
0.0741582
0.0730394
0.0720107
0.0710652
0.0701964
0.0693984
0.0686656
0.0679928
0.0673752
0.0668086
0.0662887
0.0658119
0.0653748
0.0649741
0.064607
0.0642707
0.0639627
0.0636807
0.0634228
0.0631868
0.0629711
0.0627739
0.0625939
0.0624295
0.0622796
0.0621431
0.0620187
0.0619057
0.0618032
0.0617103
0.0616265
0.0615511
0.0614836
0.0614236
0.0613708
0.061325
0.0612861
0.0612541
0.0612292
0.0612117
0.0612019
0.961699
0.892203
0.829111
0.771758
0.719551
0.671965
0.628528
0.588825
0.552482
0.519166
0.488581
0.460461
0.434569
0.410693
0.388642
0.368244
0.349348
0.331813
0.315517
0.300345
0.286198
0.272982
0.260615
0.249022
0.238133
0.227886
0.218226
0.209101
0.200465
0.192277
0.184501
0.177105
0.170061
0.163346
0.156939
0.150826
0.144994
0.139434
0.134138
0.129101
0.124319
0.11979
0.115509
0.111473
0.107677
0.104117
0.100785
0.0976749
0.0947773
0.0920831
0.0895827
0.0872658
0.0851219
0.0831405
0.0813113
0.0796242
0.0780692
0.0766371
0.0753188
0.0741059
0.0729905
0.0719651
0.0710227
0.0701569
0.0693616
0.0686314
0.0679611
0.0673459
0.0667814
0.0662636
0.0657887
0.0653533
0.0649543
0.0645887
0.0642538
0.0639472
0.0636665
0.0634096
0.0631747
0.0629599
0.0627636
0.0625843
0.0624207
0.0622714
0.0621354
0.0620116
0.0618991
0.0617969
0.0617044
0.0616209
0.0615457
0.0614785
0.0614187
0.061366
0.0613204
0.0612816
0.0612497
0.0612249
0.0612074
0.0611977
0.961699
0.892203
0.829112
0.771758
0.719552
0.671965
0.628528
0.588824
0.55248
0.519163
0.488577
0.460456
0.434563
0.410685
0.388632
0.368234
0.349335
0.331799
0.3155
0.300327
0.286177
0.272959
0.260589
0.248992
0.2381
0.22785
0.218186
0.209056
0.200416
0.192224
0.184443
0.177042
0.169992
0.163272
0.15686
0.150742
0.144906
0.139341
0.134041
0.129001
0.124217
0.119686
0.115405
0.111369
0.107574
0.104015
0.100686
0.0975781
0.0946835
0.0919927
0.089496
0.0871829
0.085043
0.0830657
0.0812405
0.0795574
0.0780063
0.076578
0.0752634
0.0740541
0.072942
0.0719198
0.0709805
0.0701176
0.0693251
0.0685975
0.0679296
0.0673167
0.0667544
0.0662386
0.0657656
0.065332
0.0649346
0.0645705
0.0642371
0.0639317
0.0636522
0.0633965
0.0631625
0.0629487
0.0627532
0.0625747
0.0624118
0.0622632
0.0621278
0.0620045
0.0618923
0.0617906
0.0616984
0.0616152
0.0615403
0.0614733
0.0614137
0.0613612
0.0613157
0.061277
0.0612452
0.0612204
0.061203
0.0611933
0.961699
0.892204
0.829112
0.771759
0.719552
0.671965
0.628528
0.588823
0.552478
0.51916
0.488573
0.460451
0.434556
0.410677
0.388623
0.368223
0.349322
0.331784
0.315484
0.300308
0.286156
0.272935
0.260563
0.248963
0.238068
0.227814
0.218146
0.209013
0.200368
0.192171
0.184385
0.176979
0.169925
0.163199
0.156782
0.150659
0.144818
0.139249
0.133945
0.128902
0.124116
0.119584
0.115301
0.111266
0.107472
0.103915
0.100587
0.0974822
0.0945906
0.0919033
0.0894103
0.087101
0.0849651
0.0829917
0.0811706
0.0794914
0.0779442
0.0765196
0.0752087
0.0740028
0.0728941
0.0718751
0.0709388
0.0700788
0.0692891
0.068564
0.0678985
0.0672879
0.0667277
0.0662139
0.0657427
0.0653109
0.0649151
0.0645525
0.0642204
0.0639163
0.063638
0.0633834
0.0631504
0.0629375
0.0627429
0.0625652
0.0624029
0.0622549
0.06212
0.0619972
0.0618856
0.0617842
0.0616924
0.0616094
0.0615348
0.061468
0.0614085
0.0613562
0.0613108
0.0612722
0.0612405
0.0612158
0.0611985
0.0611888
0.961699
0.892204
0.829113
0.771759
0.719552
0.671964
0.628527
0.588821
0.552475
0.519157
0.488568
0.460445
0.434549
0.410669
0.388613
0.368211
0.349309
0.331769
0.315467
0.300289
0.286135
0.272912
0.260537
0.248934
0.238036
0.227779
0.218107
0.208969
0.20032
0.192119
0.184328
0.176917
0.169858
0.163127
0.156705
0.150577
0.144731
0.139158
0.133851
0.128805
0.124017
0.119483
0.1152
0.111164
0.107371
0.103816
0.10049
0.0973877
0.0944992
0.0918153
0.0893259
0.0870205
0.0848884
0.082919
0.0811018
0.0794265
0.0778831
0.0764622
0.0751549
0.0739525
0.0728471
0.0718312
0.0708979
0.0700407
0.0692536
0.0685311
0.0678679
0.0672595
0.0667014
0.0661895
0.0657202
0.06529
0.0648958
0.0645347
0.064204
0.0639011
0.063624
0.0633704
0.0631384
0.0629264
0.0627326
0.0625556
0.062394
0.0622466
0.0621123
0.0619899
0.0618787
0.0617777
0.0616862
0.0616036
0.0615292
0.0614626
0.0614033
0.0613511
0.0613059
0.0612674
0.0612357
0.0612111
0.0611938
0.0611842
0.9617
0.892204
0.829113
0.77176
0.719552
0.671964
0.628526
0.588819
0.552473
0.519153
0.488563
0.460439
0.434542
0.41066
0.388603
0.368199
0.349296
0.331754
0.31545
0.30027
0.286114
0.272888
0.260511
0.248906
0.238004
0.227744
0.218068
0.208927
0.200274
0.192068
0.184273
0.176857
0.169792
0.163056
0.156629
0.150497
0.144646
0.139069
0.133758
0.12871
0.123919
0.119384
0.1151
0.111065
0.107273
0.103718
0.100395
0.0972953
0.0944098
0.0917292
0.0892433
0.0869416
0.0848134
0.0828479
0.0810345
0.079363
0.0778234
0.0764061
0.0751023
0.0739032
0.072801
0.0717882
0.0708578
0.0700034
0.0692189
0.0684988
0.067838
0.0672317
0.0666756
0.0661657
0.0656981
0.0652696
0.0648769
0.0645172
0.0641878
0.0638862
0.0636101
0.0633576
0.0631266
0.0629154
0.0627224
0.0625461
0.0623852
0.0622383
0.0621045
0.0619827
0.0618718
0.0617712
0.06168
0.0615976
0.0615235
0.0614571
0.061398
0.061346
0.0613008
0.0612624
0.0612309
0.0612063
0.061189
0.0611794
0.9617
0.892205
0.829113
0.77176
0.719552
0.671963
0.628524
0.588817
0.552469
0.519149
0.488558
0.460432
0.434534
0.410651
0.388592
0.368187
0.349282
0.331739
0.315433
0.300251
0.286093
0.272865
0.260485
0.248878
0.237973
0.22771
0.218031
0.208886
0.200229
0.192019
0.184219
0.176798
0.169729
0.162988
0.156556
0.150419
0.144564
0.138982
0.133668
0.128617
0.123824
0.119288
0.115003
0.110968
0.107177
0.103624
0.100303
0.0972053
0.0943227
0.0916453
0.089163
0.0868649
0.0847404
0.0827787
0.0809691
0.0793013
0.0777653
0.0763516
0.0750512
0.0738554
0.0727563
0.0717465
0.0708189
0.0699672
0.0691852
0.0684675
0.0678089
0.0672047
0.0666505
0.0661424
0.0656766
0.0652496
0.0648584
0.0645001
0.0641719
0.0638715
0.0635965
0.0633449
0.0631149
0.0629045
0.0627123
0.0625367
0.0623763
0.0622301
0.0620968
0.0619754
0.0618649
0.0617646
0.0616738
0.0615917
0.0615177
0.0614515
0.0613926
0.0613407
0.0612956
0.0612573
0.0612258
0.0612014
0.0611841
0.0611746
0.9617
0.892205
0.829114
0.77176
0.719552
0.671962
0.628522
0.588814
0.552466
0.519144
0.488552
0.460425
0.434525
0.410641
0.388581
0.368175
0.349268
0.331724
0.315416
0.300233
0.286072
0.272843
0.260461
0.24885
0.237943
0.227677
0.217995
0.208846
0.200186
0.191971
0.184167
0.176742
0.169667
0.162922
0.156485
0.150343
0.144484
0.138899
0.133582
0.128527
0.123733
0.119194
0.11491
0.110874
0.107084
0.103532
0.100213
0.0971183
0.0942386
0.0915644
0.0890854
0.0867909
0.08467
0.082712
0.080906
0.0792418
0.0777094
0.0762991
0.0750019
0.0738093
0.0727132
0.0717062
0.0707814
0.0699322
0.0691526
0.0684372
0.0677807
0.0671785
0.0666263
0.0661199
0.0656557
0.0652302
0.0648405
0.0644834
0.0641565
0.0638571
0.0635832
0.0633326
0.0631034
0.0628938
0.0627023
0.0625273
0.0623676
0.0622219
0.0620891
0.0619681
0.061858
0.0617581
0.0616675
0.0615856
0.0615119
0.0614458
0.0613871
0.0613353
0.0612904
0.0612522
0.0612208
0.0611963
0.0611791
0.0611696
0.9617
0.892205
0.829114
0.77176
0.719551
0.671961
0.62852
0.588811
0.552461
0.519138
0.488545
0.460417
0.434517
0.410631
0.38857
0.368162
0.349254
0.331708
0.315399
0.300214
0.286052
0.272821
0.260437
0.248824
0.237915
0.227646
0.217961
0.208809
0.200144
0.191926
0.184118
0.176688
0.169609
0.162859
0.156418
0.150271
0.144408
0.138819
0.133498
0.128441
0.123645
0.119105
0.11482
0.110785
0.106995
0.103445
0.100128
0.0970351
0.0941581
0.0914869
0.0890111
0.08672
0.0846026
0.0826481
0.0808456
0.0791849
0.0776558
0.0762488
0.0749547
0.0737651
0.0726719
0.0716677
0.0707454
0.0698987
0.0691214
0.0684081
0.0677537
0.0671534
0.0666029
0.0660982
0.0656355
0.0652116
0.0648231
0.0644673
0.0641415
0.0638432
0.0635703
0.0633205
0.0630921
0.0628833
0.0626925
0.0625182
0.062359
0.0622138
0.0620814
0.0619608
0.0618511
0.0617515
0.0616612
0.0615796
0.061506
0.0614402
0.0613815
0.0613299
0.061285
0.0612469
0.0612156
0.0611912
0.0611741
0.0611646
0.9617
0.892205
0.829114
0.771759
0.71955
0.671959
0.628518
0.588808
0.552457
0.519133
0.488538
0.460409
0.434507
0.410621
0.388558
0.36815
0.349241
0.331693
0.315383
0.300197
0.286033
0.2728
0.260414
0.2488
0.237888
0.227616
0.217928
0.208773
0.200105
0.191883
0.184071
0.176637
0.169554
0.162799
0.156354
0.150203
0.144336
0.138744
0.13342
0.12836
0.123562
0.119021
0.114735
0.1107
0.106911
0.103362
0.100046
0.0969561
0.0940817
0.0914134
0.0889407
0.0866528
0.0845387
0.0825875
0.0807884
0.0791309
0.077605
0.0762011
0.07491
0.0737233
0.0726328
0.0716312
0.0707113
0.0698669
0.0690918
0.0683806
0.067728
0.0671295
0.0665807
0.0660775
0.0656163
0.0651937
0.0648065
0.0644518
0.0641271
0.0638298
0.0635578
0.0633089
0.0630812
0.0628731
0.0626829
0.0625092
0.0623506
0.0622058
0.0620739
0.0619537
0.0618443
0.0617449
0.0616549
0.0615735
0.0615002
0.0614344
0.0613759
0.0613244
0.0612797
0.0612416
0.0612104
0.061186
0.0611689
0.0611595
0.9617
0.892206
0.829114
0.771759
0.719549
0.671957
0.628514
0.588803
0.552451
0.519126
0.488531
0.460401
0.434498
0.41061
0.388547
0.368137
0.349227
0.331679
0.315367
0.30018
0.286015
0.272781
0.260393
0.248777
0.237863
0.227589
0.217898
0.20874
0.200069
0.191844
0.184028
0.17659
0.169503
0.162744
0.156295
0.15014
0.144269
0.138673
0.133346
0.128284
0.123484
0.118942
0.114655
0.11062
0.106832
0.103284
0.0999705
0.0968822
0.0940102
0.0913446
0.0888748
0.0865899
0.0844789
0.0825309
0.0807349
0.0790804
0.0775575
0.0761565
0.0748682
0.0736841
0.0725962
0.0715969
0.0706794
0.0698371
0.069064
0.0683546
0.0677039
0.0671071
0.0665598
0.066058
0.0655982
0.0651768
0.0647907
0.0644371
0.0641134
0.063817
0.0635458
0.0632977
0.0630708
0.0628633
0.0626737
0.0625005
0.0623423
0.062198
0.0620665
0.0619466
0.0618375
0.0617385
0.0616487
0.0615675
0.0614943
0.0614287
0.0613704
0.0613189
0.0612743
0.0612363
0.0612051
0.0611809
0.0611638
0.0611544
0.9617
0.892206
0.829113
0.771758
0.719547
0.671954
0.628511
0.588799
0.552446
0.519119
0.488523
0.460392
0.434488
0.4106
0.388536
0.368125
0.349215
0.331665
0.315353
0.300164
0.285998
0.272763
0.260374
0.248756
0.23784
0.227564
0.217871
0.208711
0.200036
0.191808
0.183989
0.176547
0.169456
0.162694
0.15624
0.150082
0.144208
0.138608
0.133279
0.128215
0.123412
0.118869
0.114582
0.110547
0.106759
0.103213
0.0999004
0.096814
0.0939443
0.0912811
0.088814
0.0865319
0.0844238
0.0824786
0.0806855
0.0790339
0.0775137
0.0761154
0.0748296
0.073648
0.0725624
0.0715653
0.0706499
0.0698095
0.0690383
0.0683307
0.0676815
0.0670862
0.0665403
0.0660399
0.0655812
0.065161
0.0647759
0.0644233
0.0641005
0.0638049
0.0635345
0.0632871
0.0630608
0.0628539
0.0626648
0.0624921
0.0623344
0.0621905
0.0620593
0.0619397
0.061831
0.0617321
0.0616425
0.0615615
0.0614885
0.0614231
0.0613649
0.0613135
0.061269
0.0612311
0.0612
0.0611758
0.0611588
0.0611495
0.9617
0.892205
0.829113
0.771756
0.719545
0.671951
0.628506
0.588793
0.552439
0.519112
0.488516
0.460384
0.434479
0.41059
0.388525
0.368114
0.349203
0.331653
0.315339
0.30015
0.285983
0.272746
0.260356
0.248737
0.237819
0.227541
0.217847
0.208684
0.200007
0.191776
0.183954
0.176509
0.169415
0.162648
0.156192
0.15003
0.144152
0.13855
0.133218
0.128152
0.123348
0.118804
0.114516
0.110481
0.106694
0.103148
0.0998371
0.0967524
0.0938846
0.0912237
0.088759
0.0864795
0.0843739
0.0824314
0.0806409
0.0789918
0.0774742
0.0760782
0.0747948
0.0736153
0.0725318
0.0715367
0.0706231
0.0697845
0.0690149
0.0683089
0.0676612
0.0670672
0.0665225
0.0660233
0.0655657
0.0651464
0.0647624
0.0644106
0.0640885
0.0637937
0.063524
0.0632771
0.0630514
0.0628451
0.0626565
0.0624842
0.0623269
0.0621833
0.0620524
0.0619331
0.0618246
0.061726
0.0616366
0.0615557
0.0614829
0.0614176
0.0613595
0.0613083
0.0612638
0.061226
0.061195
0.0611708
0.061154
0.0611447
0.9617
0.892205
0.829112
0.771755
0.719542
0.671947
0.628502
0.588788
0.552433
0.519106
0.488508
0.460375
0.434471
0.410581
0.388516
0.368104
0.349192
0.331642
0.315328
0.300138
0.28597
0.272732
0.260341
0.24872
0.237802
0.227522
0.217826
0.208661
0.199982
0.191748
0.183923
0.176476
0.169378
0.162609
0.156149
0.149985
0.144104
0.138499
0.133165
0.128097
0.123291
0.118746
0.114458
0.110423
0.106636
0.103091
0.0997814
0.0966982
0.0938322
0.0911732
0.0887106
0.0864332
0.08433
0.0823898
0.0806016
0.0789548
0.0774393
0.0760455
0.0747641
0.0735866
0.0725049
0.0715115
0.0705995
0.0697625
0.0689943
0.0682896
0.0676431
0.0670503
0.0665067
0.0660085
0.0655518
0.0651334
0.0647501
0.0643991
0.0640777
0.0637836
0.0635144
0.0632681
0.0630428
0.0628369
0.0626487
0.0624768
0.0623198
0.0621766
0.0620459
0.0619269
0.0618186
0.0617202
0.061631
0.0615503
0.0614776
0.0614124
0.0613544
0.0613032
0.0612588
0.0612211
0.0611902
0.0611662
0.0611494
0.0611402
0.9617
0.892205
0.829111
0.771753
0.719539
0.671944
0.628497
0.588783
0.552427
0.519099
0.488501
0.460368
0.434463
0.410573
0.388507
0.368095
0.349183
0.331632
0.315318
0.300127
0.285959
0.27272
0.260328
0.248707
0.237787
0.227506
0.217808
0.208642
0.199961
0.191725
0.183898
0.176448
0.169348
0.162576
0.156114
0.149947
0.144063
0.138457
0.13312
0.12805
0.123244
0.118698
0.114409
0.110374
0.106587
0.103043
0.0997343
0.0966523
0.0937876
0.0911303
0.0886694
0.086394
0.0842928
0.0823545
0.0805683
0.0789234
0.0774098
0.0760178
0.0747381
0.0735622
0.072482
0.0714901
0.0705795
0.0697437
0.0689767
0.0682731
0.0676277
0.0670358
0.0664932
0.0659957
0.0655398
0.0651221
0.0647395
0.0643891
0.0640683
0.0637746
0.0635059
0.0632601
0.0630352
0.0628297
0.0626418
0.0624702
0.0623135
0.0621705
0.0620401
0.0619213
0.0618131
0.0617149
0.0616258
0.0615452
0.0614726
0.0614075
0.0613496
0.0612986
0.0612543
0.0612167
0.0611858
0.0611619
0.0611452
0.0611361
0.9617
0.892204
0.829109
0.771751
0.719536
0.67194
0.628493
0.588778
0.552422
0.519094
0.488495
0.460362
0.434456
0.410566
0.3885
0.368088
0.349175
0.331624
0.31531
0.300119
0.28595
0.272711
0.260318
0.248696
0.237775
0.227494
0.217795
0.208627
0.199945
0.191707
0.183878
0.176426
0.169325
0.16255
0.156086
0.149917
0.144031
0.138423
0.133085
0.128013
0.123206
0.118659
0.11437
0.110335
0.106549
0.103005
0.0996967
0.0966155
0.0937519
0.0910958
0.0886364
0.0863626
0.0842629
0.0823263
0.0805417
0.0788984
0.0773863
0.0759957
0.0747173
0.0735427
0.0724638
0.071473
0.0705635
0.0697286
0.0689626
0.0682598
0.0676152
0.0670241
0.0664821
0.0659853
0.06553
0.0651129
0.0647308
0.0643808
0.0640604
0.0637672
0.0634988
0.0632533
0.0630288
0.0628235
0.0626359
0.0624645
0.062308
0.0621652
0.062035
0.0619163
0.0618084
0.0617102
0.0616213
0.0615408
0.0614683
0.0614033
0.0613455
0.0612945
0.0612503
0.0612128
0.061182
0.0611582
0.0611416
0.0611326
0.9617
0.892203
0.829108
0.771749
0.719534
0.671937
0.62849
0.588774
0.552418
0.519089
0.488491
0.460357
0.434452
0.410561
0.388495
0.368083
0.34917
0.331619
0.315304
0.300113
0.285944
0.272705
0.260311
0.248689
0.237767
0.227485
0.217785
0.208616
0.199933
0.191695
0.183864
0.176411
0.169307
0.162532
0.156066
0.149895
0.144008
0.138398
0.133059
0.127987
0.123178
0.118631
0.114342
0.110307
0.10652
0.102977
0.0996692
0.0965885
0.0937256
0.0910704
0.088612
0.0863393
0.084241
0.0823056
0.0805222
0.0788801
0.0773691
0.0759795
0.0747022
0.0735285
0.0724504
0.0714604
0.0705516
0.0697175
0.0689521
0.06825
0.0676059
0.0670153
0.0664738
0.0659775
0.0655226
0.0651058
0.0647241
0.0643745
0.0640544
0.0637614
0.0634933
0.063248
0.0630237
0.0628186
0.0626312
0.06246
0.0623037
0.062161
0.0620309
0.0619123
0.0618045
0.0617064
0.0616176
0.0615372
0.0614648
0.0613998
0.0613421
0.0612912
0.0612471
0.0612097
0.061179
0.0611553
0.0611388
0.0611299
0.9617
0.892203
0.829107
0.771747
0.719532
0.671935
0.628488
0.588772
0.552416
0.519087
0.488488
0.460355
0.434449
0.410559
0.388493
0.36808
0.349167
0.331616
0.315301
0.30011
0.28594
0.272701
0.260307
0.248684
0.237762
0.22748
0.217779
0.20861
0.199926
0.191686
0.183855
0.176401
0.169297
0.16252
0.156053
0.149881
0.143994
0.138383
0.133043
0.12797
0.123161
0.118614
0.114325
0.110289
0.106503
0.10296
0.0996518
0.0965712
0.0937086
0.0910539
0.0885963
0.0863246
0.0842272
0.0822928
0.0805103
0.078869
0.0773586
0.0759697
0.0746929
0.0735197
0.0724421
0.0714526
0.0705442
0.0697105
0.0689455
0.0682437
0.0676
0.0670096
0.0664684
0.0659723
0.0655177
0.0651012
0.0647196
0.0643702
0.0640503
0.0637574
0.0634895
0.0632443
0.0630202
0.0628152
0.0626279
0.0624568
0.0623006
0.062158
0.0620279
0.0619095
0.0618017
0.0617037
0.0616149
0.0615346
0.0614622
0.0613974
0.0613397
0.0612889
0.0612449
0.0612075
0.0611769
0.0611533
0.0611369
0.0611281
)
;

boundaryField
{
    inlet
    {
        type            fixedValue;
        value           uniform 1;
    }
    outlet
    {
        type            inletOutlet;
        inletValue      uniform 1;
        value           nonuniform List<scalar> 
100
(
0.0611884
0.0611888
0.0611895
0.0611905
0.0611918
0.0611934
0.0611952
0.0611973
0.0611996
0.061202
0.0612046
0.0612072
0.06121
0.0612128
0.0612156
0.0612184
0.0612213
0.0612241
0.0612268
0.0612296
0.0612322
0.0612348
0.0612373
0.0612397
0.061242
0.0612442
0.0612463
0.0612483
0.0612501
0.0612519
0.0612535
0.0612551
0.0612565
0.0612578
0.061259
0.06126
0.061261
0.0612619
0.0612627
0.0612633
0.0612639
0.0612644
0.0612649
0.0612653
0.0612655
0.0612658
0.0612659
0.0612659
0.0612659
0.0612657
0.0612655
0.0612652
0.0612648
0.0612643
0.0612637
0.061263
0.0612623
0.0612614
0.0612605
0.0612595
0.0612584
0.0612572
0.0612559
0.0612545
0.061253
0.0612514
0.0612496
0.0612477
0.0612457
0.0612435
0.0612412
0.0612388
0.0612362
0.0612334
0.0612305
0.0612275
0.0612243
0.0612209
0.0612174
0.0612138
0.06121
0.061206
0.0612019
0.0611977
0.0611933
0.0611888
0.0611842
0.0611794
0.0611746
0.0611696
0.0611646
0.0611595
0.0611544
0.0611495
0.0611447
0.0611402
0.0611361
0.0611326
0.0611299
0.0611281
)
;
    }
    ground
    {
        type            empty;
    }
    top
    {
        type            empty;
    }
    front
    {
        type            inletOutlet;
        inletValue      uniform 1;
        value           nonuniform List<scalar> 
100
(
0.9617
0.892203
0.829107
0.771747
0.719532
0.671935
0.628488
0.588772
0.552416
0.519087
0.488488
0.460355
0.434449
0.410558
0.388492
0.36808
0.349167
0.331615
0.3153
0.300109
0.285939
0.2727
0.260306
0.248683
0.237761
0.227478
0.217777
0.208607
0.199923
0.191683
0.183852
0.176397
0.169292
0.162515
0.156048
0.149876
0.143988
0.138377
0.133037
0.127964
0.123156
0.118608
0.114319
0.110285
0.106499
0.102957
0.0996499
0.0965705
0.0937093
0.0910562
0.0886003
0.0863304
0.084235
0.0823027
0.0805224
0.0788832
0.0773751
0.0759885
0.074714
0.0735432
0.0724679
0.0714807
0.0705746
0.0697432
0.0689803
0.0682807
0.067639
0.0670507
0.0665114
0.0660172
0.0655643
0.0651495
0.0647695
0.0644216
0.0641031
0.0638116
0.0635449
0.0633009
0.0630778
0.0628739
0.0626874
0.0625172
0.0623617
0.0622197
0.0620903
0.0619723
0.061865
0.0617674
0.0616788
0.0615987
0.0615264
0.0614616
0.0614037
0.0613527
0.0613083
0.0612704
0.0612393
0.0612149
0.0611978
0.0611884
)
;
    }
    back
    {
        type            inletOutlet;
        inletValue      uniform 1;
        value           nonuniform List<scalar> 
100
(
0.9617
0.892203
0.829107
0.771747
0.719532
0.671935
0.628488
0.588772
0.552416
0.519087
0.488488
0.460355
0.434449
0.410559
0.388493
0.36808
0.349167
0.331616
0.315301
0.30011
0.28594
0.272701
0.260307
0.248684
0.237762
0.22748
0.217779
0.20861
0.199926
0.191686
0.183855
0.176401
0.169297
0.16252
0.156053
0.149881
0.143994
0.138383
0.133043
0.12797
0.123161
0.118614
0.114325
0.110289
0.106503
0.10296
0.0996518
0.0965712
0.0937086
0.0910539
0.0885963
0.0863246
0.0842272
0.0822928
0.0805103
0.078869
0.0773586
0.0759697
0.0746929
0.0735197
0.0724421
0.0714526
0.0705442
0.0697105
0.0689455
0.0682437
0.0676
0.0670096
0.0664684
0.0659723
0.0655177
0.0651012
0.0647196
0.0643702
0.0640503
0.0637574
0.0634895
0.0632443
0.0630202
0.0628152
0.0626279
0.0624568
0.0623006
0.062158
0.0620279
0.0619095
0.0618017
0.0617037
0.0616149
0.0615346
0.0614622
0.0613974
0.0613397
0.0612889
0.0612449
0.0612075
0.0611769
0.0611533
0.0611369
0.0611281
)
;
    }
}


// ************************************************************************* //
