/*--------------------------------*- C++ -*----------------------------------*\
  =========                 |
  \\      /  F ield         | OpenFOAM: The Open Source CFD Toolbox
   \\    /   O peration     | Website:  https://openfoam.org
    \\  /    A nd           | Version:  11
     \\/     M anipulation  |
\*---------------------------------------------------------------------------*/
FoamFile
{
    format      ascii;
    class       volScalarField;
    location    "194";
    object      omega;
}
// * * * * * * * * * * * * * * * * * * * * * * * * * * * * * * * * * * * * * //

dimensions      [0 0 -1 0 0 0 0];

internalField   nonuniform List<scalar> 
10000
(
0.9617
0.892202
0.829106
0.771747
0.719532
0.671937
0.628492
0.588779
0.552427
0.519103
0.48851
0.460383
0.434485
0.410604
0.388549
0.36815
0.349252
0.331717
0.315422
0.300253
0.28611
0.272899
0.260538
0.248952
0.238071
0.227832
0.21818
0.209063
0.200435
0.192253
0.18448
0.177085
0.170037
0.163313
0.156893
0.15076
0.144901
0.139307
0.13397
0.128887
0.124053
0.119466
0.115123
0.111023
0.107161
0.103534
0.100135
0.0969588
0.0939973
0.0912423
0.0886845
0.0863139
0.08412
0.0820922
0.08022
0.0784928
0.0769007
0.0754341
0.074084
0.0728416
0.0716988
0.0706481
0.0696822
0.0687946
0.067979
0.0672299
0.0665418
0.0659101
0.06533
0.0647976
0.064309
0.0638607
0.0634494
0.0630722
0.0627263
0.0624092
0.0621186
0.0618523
0.0616083
0.061385
0.0611805
0.0609933
0.0608222
0.0606658
0.0605229
0.0603926
0.0602738
0.0601657
0.0600676
0.0599787
0.0598985
0.0598265
0.0597623
0.0597056
0.0596563
0.0596143
0.0595798
0.0595528
0.0595339
0.0595235
0.9617
0.892202
0.829107
0.771748
0.719534
0.671939
0.628494
0.588781
0.552429
0.519105
0.488512
0.460385
0.434488
0.410607
0.388552
0.368152
0.349255
0.33172
0.315425
0.300257
0.286113
0.272903
0.260542
0.248956
0.238075
0.227837
0.218186
0.209069
0.200441
0.19226
0.184488
0.177093
0.170046
0.163324
0.156904
0.150772
0.144914
0.139321
0.133985
0.128902
0.124069
0.119482
0.11514
0.11104
0.107178
0.103551
0.100152
0.0969757
0.0940141
0.0912587
0.0887003
0.0863289
0.0841341
0.0821054
0.0802321
0.078504
0.0769112
0.0754439
0.0740931
0.0728501
0.0717068
0.0706555
0.0696891
0.068801
0.067985
0.0672354
0.066547
0.0659149
0.0653345
0.0648018
0.0643129
0.0638643
0.0634527
0.0630753
0.0627291
0.0624118
0.062121
0.0618545
0.0616104
0.0613868
0.0611822
0.0609949
0.0608236
0.0606671
0.0605241
0.0603937
0.0602748
0.0601666
0.0600684
0.0599794
0.0598992
0.0598271
0.0597629
0.0597062
0.0596568
0.0596148
0.0595802
0.0595532
0.0595343
0.0595239
0.9617
0.892203
0.829108
0.77175
0.719536
0.671942
0.628497
0.588785
0.552433
0.519109
0.488516
0.46039
0.434492
0.410611
0.388557
0.368157
0.349259
0.331725
0.31543
0.300262
0.286119
0.272909
0.260548
0.248963
0.238082
0.227845
0.218194
0.209078
0.200451
0.192271
0.184501
0.177107
0.170062
0.16334
0.156922
0.150792
0.144935
0.139343
0.134009
0.128927
0.124094
0.119508
0.115167
0.111067
0.107205
0.103578
0.100179
0.0970023
0.0940402
0.0912842
0.0887249
0.0863524
0.0841564
0.0821263
0.0802518
0.0785225
0.0769284
0.07546
0.0741082
0.0728641
0.0717199
0.0706676
0.0697004
0.0688115
0.0679947
0.0672444
0.0665553
0.0659226
0.0653416
0.0648083
0.0643189
0.0638698
0.0634579
0.06308
0.0627335
0.0624158
0.0621246
0.0618578
0.0616134
0.0613896
0.0611847
0.0609973
0.0608258
0.0606691
0.0605259
0.0603953
0.0602763
0.060168
0.0600696
0.0599806
0.0599002
0.0598281
0.0597638
0.059707
0.0596577
0.0596156
0.059581
0.059554
0.0595351
0.0595247
0.9617
0.892204
0.829109
0.771752
0.719539
0.671945
0.628501
0.588789
0.552438
0.519114
0.488522
0.460395
0.434498
0.410617
0.388563
0.368164
0.349266
0.331732
0.315438
0.30027
0.286127
0.272917
0.260557
0.248972
0.238092
0.227856
0.218206
0.209091
0.200466
0.192287
0.184518
0.177126
0.170083
0.163363
0.156947
0.150819
0.144964
0.139374
0.134042
0.128961
0.12413
0.119545
0.115204
0.111104
0.107243
0.103615
0.100216
0.0970386
0.0940757
0.0913186
0.0887581
0.0863841
0.0841866
0.0821549
0.0802787
0.0785478
0.0769522
0.0754822
0.0741289
0.0728835
0.0717378
0.0706844
0.0697159
0.0688259
0.0680081
0.0672568
0.0665668
0.0659331
0.0653514
0.0648173
0.0643272
0.0638775
0.0634649
0.0630864
0.0627394
0.0624212
0.0621296
0.0618624
0.0616176
0.0613934
0.0611882
0.0610004
0.0608287
0.0606717
0.0605284
0.0603975
0.0602783
0.0601699
0.0600714
0.0599822
0.0599017
0.0598295
0.0597651
0.0597083
0.0596589
0.0596168
0.0595821
0.0595551
0.0595362
0.0595258
0.9617
0.892204
0.82911
0.771754
0.719542
0.671948
0.628505
0.588794
0.552443
0.51912
0.488528
0.460402
0.434505
0.410625
0.388571
0.368172
0.349275
0.331741
0.315447
0.300279
0.286137
0.272928
0.260569
0.248984
0.238105
0.22787
0.218221
0.209108
0.200484
0.192307
0.18454
0.17715
0.170109
0.163392
0.156979
0.150853
0.145001
0.139413
0.134083
0.129004
0.124175
0.119591
0.115251
0.111152
0.10729
0.103662
0.100262
0.0970841
0.09412
0.0913615
0.0887994
0.0864237
0.0842242
0.0821906
0.0803125
0.0785796
0.076982
0.0755102
0.074155
0.0729079
0.0717606
0.0707055
0.0697356
0.0688441
0.0680249
0.0672724
0.0665812
0.0659465
0.0653637
0.0648287
0.0643377
0.0638871
0.0634737
0.0630946
0.0627468
0.0624281
0.0621359
0.0618681
0.0616228
0.0613982
0.0611926
0.0610044
0.0608324
0.0606751
0.0605314
0.0604003
0.0602809
0.0601722
0.0600736
0.0599842
0.0599036
0.0598313
0.0597668
0.0597099
0.0596604
0.0596183
0.0595836
0.0595566
0.0595376
0.0595272
0.9617
0.892204
0.829111
0.771755
0.719544
0.671952
0.628509
0.588799
0.552449
0.519126
0.488535
0.46041
0.434513
0.410634
0.38858
0.368181
0.349285
0.331752
0.315458
0.300291
0.286149
0.272941
0.260582
0.248999
0.238121
0.227887
0.21824
0.209129
0.200506
0.192331
0.184567
0.17718
0.170141
0.163427
0.157017
0.150894
0.145045
0.13946
0.134132
0.129056
0.124228
0.119645
0.115306
0.111207
0.107346
0.103718
0.100317
0.0971378
0.0941723
0.0914122
0.0888481
0.0864704
0.0842687
0.0822328
0.0803524
0.0786172
0.0770173
0.0755433
0.074186
0.0729368
0.0717875
0.0707306
0.0697589
0.0688657
0.068045
0.067291
0.0665984
0.0659623
0.0653783
0.0648422
0.0643501
0.0638985
0.0634842
0.0631042
0.0627557
0.0624362
0.0621433
0.0618749
0.0616291
0.0614039
0.0611978
0.0610092
0.0608367
0.060679
0.0605351
0.0604037
0.060284
0.0601751
0.0600762
0.0599866
0.0599059
0.0598334
0.0597688
0.0597119
0.0596623
0.0596201
0.0595854
0.0595584
0.0595394
0.059529
0.9617
0.892204
0.829112
0.771756
0.719546
0.671955
0.628513
0.588804
0.552454
0.519133
0.488542
0.460418
0.434522
0.410643
0.38859
0.368192
0.349296
0.331763
0.31547
0.300304
0.286163
0.272955
0.260598
0.249016
0.238139
0.227907
0.218262
0.209152
0.200532
0.19236
0.184598
0.177214
0.170178
0.163468
0.157061
0.150941
0.145095
0.139513
0.134188
0.129114
0.124288
0.119708
0.115369
0.111271
0.10741
0.103781
0.10038
0.0971989
0.0942318
0.0914697
0.0889035
0.0865234
0.0843192
0.0822808
0.0803977
0.07866
0.0770576
0.075581
0.0742213
0.0729698
0.0718183
0.0707593
0.0697855
0.0688905
0.068068
0.0673122
0.066618
0.0659805
0.0653951
0.0648576
0.0643643
0.0639116
0.0634963
0.0631153
0.0627658
0.0624455
0.0621518
0.0618827
0.0616362
0.0614104
0.0612038
0.0610146
0.0608417
0.0606836
0.0605392
0.0604075
0.0602875
0.0601783
0.0600792
0.0599895
0.0599085
0.0598359
0.0597712
0.0597141
0.0596645
0.0596223
0.0595875
0.0595605
0.0595415
0.059531
0.9617
0.892204
0.829112
0.771757
0.719548
0.671957
0.628517
0.588808
0.55246
0.519139
0.488549
0.460426
0.434531
0.410652
0.3886
0.368203
0.349307
0.331776
0.315483
0.300318
0.286178
0.272971
0.260616
0.249035
0.23816
0.227929
0.218286
0.209179
0.200561
0.192392
0.184633
0.177252
0.17022
0.163513
0.15711
0.150993
0.145151
0.139573
0.134251
0.12918
0.124356
0.119777
0.11544
0.111342
0.107481
0.103851
0.100449
0.0972666
0.0942976
0.0915334
0.0889648
0.086582
0.0843752
0.0823339
0.080448
0.0787074
0.0771022
0.0756229
0.0742606
0.0730065
0.0718525
0.0707911
0.0698152
0.068918
0.0680935
0.0673359
0.0666399
0.0660007
0.0654137
0.0648748
0.0643802
0.0639262
0.0635097
0.0631276
0.0627771
0.0624558
0.0621613
0.0618914
0.0616441
0.0614177
0.0612104
0.0610207
0.0608472
0.0606887
0.0605439
0.0604118
0.0602914
0.060182
0.0600826
0.0599926
0.0599115
0.0598387
0.0597739
0.0597167
0.059667
0.0596247
0.0595899
0.0595628
0.0595438
0.0595332
0.9617
0.892204
0.829112
0.771758
0.719549
0.671959
0.62852
0.588812
0.552465
0.519145
0.488556
0.460434
0.434539
0.410662
0.38861
0.368214
0.34932
0.331789
0.315497
0.300333
0.286194
0.272989
0.260635
0.249055
0.238182
0.227954
0.218312
0.209208
0.200593
0.192426
0.184671
0.177294
0.170266
0.163562
0.157163
0.151051
0.145212
0.139637
0.134319
0.12925
0.124429
0.119852
0.115516
0.111419
0.107557
0.103927
0.100524
0.09734
0.094369
0.0916024
0.0890312
0.0866457
0.0844359
0.0823916
0.0805026
0.0787589
0.0771507
0.0756685
0.0743032
0.0730464
0.0718897
0.0708258
0.0698474
0.068948
0.0681213
0.0673617
0.0666638
0.0660228
0.0654341
0.0648936
0.0643975
0.0639421
0.0635243
0.063141
0.0627895
0.0624671
0.0621716
0.0619009
0.0616528
0.0614256
0.0612176
0.0610273
0.0608533
0.0606942
0.060549
0.0604165
0.0602958
0.0601859
0.0600863
0.0599961
0.0599148
0.0598418
0.0597768
0.0597195
0.0596697
0.0596274
0.0595925
0.0595654
0.0595463
0.0595357
0.9617
0.892204
0.829112
0.771758
0.71955
0.671961
0.628522
0.588816
0.552469
0.519151
0.488563
0.460441
0.434548
0.410671
0.388621
0.368225
0.349332
0.331802
0.315512
0.300349
0.286211
0.273008
0.260655
0.249077
0.238206
0.22798
0.218341
0.209239
0.200627
0.192464
0.184712
0.177339
0.170315
0.163615
0.15722
0.151112
0.145278
0.139707
0.134391
0.129326
0.124507
0.119932
0.115597
0.111501
0.107639
0.104009
0.100604
0.0974184
0.0944453
0.0916762
0.0891022
0.0867137
0.0845007
0.0824532
0.080561
0.078814
0.0772026
0.0757172
0.0743489
0.0730891
0.0719297
0.070863
0.0698821
0.0689802
0.0681512
0.0673893
0.0666894
0.0660464
0.065456
0.0649138
0.0644161
0.0639592
0.06354
0.0631554
0.0628027
0.0624793
0.0621828
0.061911
0.0616621
0.0614341
0.0612254
0.0610344
0.0608598
0.0607002
0.0605545
0.0604215
0.0603004
0.0601902
0.0600903
0.0599998
0.0599183
0.0598451
0.05978
0.0597226
0.0596727
0.0596302
0.0595953
0.0595681
0.059549
0.0595384
0.961699
0.892204
0.829112
0.771758
0.719551
0.671962
0.628524
0.588819
0.552473
0.519156
0.488569
0.460448
0.434556
0.410681
0.388631
0.368237
0.349345
0.331816
0.315527
0.300365
0.286229
0.273027
0.260676
0.249101
0.238232
0.228008
0.218372
0.209273
0.200664
0.192504
0.184756
0.177387
0.170367
0.163672
0.157281
0.151178
0.145347
0.13978
0.134469
0.129406
0.12459
0.120017
0.115683
0.111587
0.107726
0.104094
0.100688
0.0975011
0.0945258
0.0917541
0.0891771
0.0867855
0.0845692
0.0825183
0.0806227
0.0788723
0.0772575
0.0757688
0.0743973
0.0731343
0.0719719
0.0709024
0.0699187
0.0690143
0.0681828
0.0674187
0.0667166
0.0660716
0.0654792
0.0649352
0.0644358
0.0639774
0.0635567
0.0631708
0.0628168
0.0624922
0.0621946
0.0619219
0.061672
0.0614432
0.0612337
0.061042
0.0608667
0.0607065
0.0605603
0.0604269
0.0603053
0.0601948
0.0600945
0.0600038
0.059922
0.0598487
0.0597834
0.0597258
0.0596758
0.0596333
0.0595983
0.059571
0.0595519
0.0595413
0.961699
0.892204
0.829112
0.771758
0.719551
0.671963
0.628526
0.588821
0.552477
0.51916
0.488574
0.460455
0.434564
0.41069
0.388641
0.368248
0.349357
0.33183
0.315543
0.300382
0.286248
0.273048
0.260698
0.249125
0.238258
0.228037
0.218404
0.209308
0.200703
0.192547
0.184802
0.177437
0.170422
0.163731
0.157345
0.151246
0.14542
0.139857
0.134549
0.12949
0.124677
0.120105
0.115773
0.111678
0.107816
0.104184
0.100777
0.0975875
0.0946098
0.0918354
0.0892554
0.0868605
0.0846408
0.0825864
0.0806872
0.0789332
0.0773149
0.0758228
0.0744479
0.0731817
0.0720162
0.0709437
0.0699572
0.06905
0.068216
0.0674494
0.0667451
0.0660979
0.0655035
0.0649576
0.0644565
0.0639964
0.0635742
0.0631869
0.0628315
0.0625057
0.062207
0.0619332
0.0616824
0.0614527
0.0612424
0.06105
0.060874
0.0607132
0.0605664
0.0604325
0.0603105
0.0601996
0.060099
0.060008
0.0599259
0.0598524
0.0597869
0.0597292
0.0596791
0.0596364
0.0596014
0.0595741
0.0595549
0.0595443
0.961699
0.892203
0.829112
0.771758
0.719551
0.671964
0.628527
0.588823
0.55248
0.519164
0.488579
0.460461
0.434571
0.410698
0.388651
0.368259
0.34937
0.331844
0.315558
0.300399
0.286267
0.273068
0.260721
0.24915
0.238286
0.228067
0.218437
0.209344
0.200743
0.192591
0.184851
0.177489
0.170479
0.163793
0.157412
0.151317
0.145496
0.139937
0.134633
0.129577
0.124766
0.120197
0.115866
0.111771
0.10791
0.104277
0.100868
0.097677
0.0946969
0.0919196
0.0893365
0.0869382
0.084715
0.082657
0.0807541
0.0789965
0.0773745
0.0758788
0.0745005
0.0732309
0.0720622
0.0709866
0.0699971
0.0690872
0.0682505
0.0674815
0.0667747
0.0661253
0.0655288
0.064981
0.064478
0.0640163
0.0635925
0.0632036
0.0628469
0.0625198
0.0622199
0.061945
0.0616932
0.0614626
0.0612514
0.0610582
0.0608816
0.0607202
0.0605728
0.0604384
0.0603159
0.0602046
0.0601037
0.0600123
0.05993
0.0598562
0.0597906
0.0597327
0.0596824
0.0596397
0.0596046
0.0595772
0.059558
0.0595474
0.961699
0.892203
0.829111
0.771758
0.719551
0.671964
0.628528
0.588825
0.552482
0.519168
0.488584
0.460467
0.434578
0.410706
0.388661
0.36827
0.349382
0.331858
0.315573
0.300416
0.286286
0.273089
0.260744
0.249175
0.238314
0.228098
0.218471
0.209382
0.200784
0.192636
0.1849
0.177544
0.170537
0.163856
0.15748
0.15139
0.145574
0.140019
0.134719
0.129667
0.124858
0.120291
0.115962
0.111868
0.108006
0.104372
0.100962
0.097769
0.0947864
0.0920062
0.0894199
0.0870182
0.0847914
0.0827296
0.0808229
0.0790616
0.0774359
0.0759365
0.0745546
0.0732817
0.0721096
0.0710309
0.0700384
0.0691255
0.0682861
0.0675145
0.0668053
0.0661537
0.065555
0.0650052
0.0645003
0.0640367
0.0636113
0.0632209
0.0628628
0.0625344
0.0622332
0.0619572
0.0617044
0.0614728
0.0612608
0.0610668
0.0608894
0.0607273
0.0605794
0.0604444
0.0603215
0.0602098
0.0601085
0.0600168
0.0599342
0.0598602
0.0597944
0.0597363
0.0596859
0.0596431
0.0596079
0.0595805
0.0595612
0.0595505
0.961699
0.892203
0.829111
0.771758
0.719551
0.671965
0.628529
0.588826
0.552485
0.519171
0.488588
0.460472
0.434585
0.410714
0.38867
0.368281
0.349394
0.331871
0.315589
0.300433
0.286305
0.27311
0.260768
0.249201
0.238343
0.22813
0.218506
0.20942
0.200826
0.192682
0.184951
0.177599
0.170597
0.163921
0.15755
0.151465
0.145653
0.140103
0.134807
0.129758
0.124953
0.120387
0.116059
0.111966
0.108104
0.10447
0.101058
0.0978629
0.0948778
0.0920947
0.0895052
0.0870999
0.0848695
0.0828039
0.0808934
0.0791282
0.0774987
0.0759956
0.0746101
0.0733336
0.0721582
0.0710762
0.0700806
0.0691648
0.0683227
0.0675484
0.0668367
0.0661827
0.0655818
0.0650299
0.0645231
0.0640578
0.0636306
0.0632387
0.0628791
0.0625493
0.0622469
0.0619698
0.0617158
0.0614833
0.0612704
0.0610756
0.0608974
0.0607347
0.0605861
0.0604506
0.0603273
0.0602151
0.0601134
0.0600214
0.0599386
0.0598643
0.0597982
0.05974
0.0596895
0.0596465
0.0596112
0.0595837
0.0595644
0.0595537
0.961699
0.892202
0.82911
0.771757
0.719551
0.671965
0.62853
0.588828
0.552486
0.519173
0.488592
0.460477
0.434591
0.410721
0.388678
0.368291
0.349406
0.331885
0.315604
0.30045
0.286324
0.273132
0.260791
0.249228
0.238372
0.228162
0.218542
0.209459
0.200869
0.192729
0.185002
0.177655
0.170659
0.163988
0.157621
0.151541
0.145734
0.140188
0.134896
0.129851
0.125048
0.120485
0.116158
0.112066
0.108204
0.104569
0.101155
0.0979583
0.0949707
0.0921847
0.0895918
0.0871831
0.0849488
0.0828795
0.0809651
0.079196
0.0775626
0.0760558
0.0746666
0.0733866
0.0722077
0.0711224
0.0701237
0.0692049
0.0683599
0.0675829
0.0668687
0.0662123
0.0656092
0.0650552
0.0645464
0.0640792
0.0636504
0.0632568
0.0628957
0.0625646
0.0622609
0.0619826
0.0617275
0.061494
0.0612801
0.0610845
0.0609056
0.0607422
0.060593
0.060457
0.0603331
0.0602205
0.0601184
0.0600261
0.059943
0.0598684
0.0598022
0.0597438
0.0596931
0.05965
0.0596146
0.059587
0.0595676
0.0595569
0.961699
0.892202
0.82911
0.771757
0.719551
0.671965
0.62853
0.588829
0.552488
0.519176
0.488595
0.460481
0.434596
0.410728
0.388686
0.3683
0.349417
0.331898
0.315618
0.300467
0.286342
0.273153
0.260815
0.249254
0.238401
0.228194
0.218577
0.209499
0.200913
0.192777
0.185055
0.177712
0.17072
0.164054
0.157693
0.151618
0.145815
0.140274
0.134986
0.129944
0.125144
0.120584
0.116258
0.112166
0.108304
0.104668
0.101254
0.0980547
0.0950645
0.0922756
0.0896794
0.0872671
0.0850292
0.0829559
0.0810377
0.0792646
0.0776274
0.0761168
0.0747239
0.0734402
0.0722579
0.0711693
0.0701674
0.0692456
0.0683977
0.067618
0.0669012
0.0662424
0.065637
0.0650809
0.0645701
0.064101
0.0636704
0.0632752
0.0629126
0.0625801
0.0622751
0.0619956
0.0617394
0.0615048
0.0612901
0.0610936
0.060914
0.0607498
0.0606
0.0604634
0.060339
0.060226
0.0601235
0.0600308
0.0599474
0.0598726
0.0598061
0.0597475
0.0596967
0.0596535
0.059618
0.0595903
0.0595709
0.0595601
0.961698
0.892202
0.829109
0.771756
0.71955
0.671964
0.62853
0.588829
0.552489
0.519178
0.488598
0.460485
0.434601
0.410735
0.388694
0.36831
0.349428
0.33191
0.315633
0.300484
0.286361
0.273174
0.260838
0.24928
0.23843
0.228227
0.218613
0.209538
0.200956
0.192825
0.185107
0.177769
0.170782
0.164121
0.157765
0.151695
0.145897
0.140361
0.135076
0.130038
0.125241
0.120683
0.116359
0.112268
0.108406
0.104769
0.101353
0.0981517
0.095159
0.0923671
0.0897676
0.0873518
0.0851101
0.083033
0.0811108
0.0793339
0.0776928
0.0761783
0.0747816
0.0734944
0.0723086
0.0712166
0.0702115
0.0692867
0.0684359
0.0676535
0.0669341
0.0662728
0.0656651
0.0651068
0.064594
0.064123
0.0636907
0.0632938
0.0629297
0.0625957
0.0622894
0.0620087
0.0617514
0.0615158
0.0613001
0.0611028
0.0609223
0.0607575
0.060607
0.0604699
0.060345
0.0602315
0.0601286
0.0600356
0.0599518
0.0598768
0.0598101
0.0597513
0.0597003
0.059657
0.0596214
0.0595936
0.0595741
0.0595633
0.961698
0.892201
0.829109
0.771756
0.71955
0.671964
0.62853
0.58883
0.552491
0.51918
0.488601
0.460489
0.434606
0.410741
0.388702
0.368319
0.349438
0.331922
0.315647
0.3005
0.286379
0.273194
0.260862
0.249306
0.238459
0.228259
0.218649
0.209578
0.201
0.192873
0.185159
0.177826
0.170844
0.164189
0.157837
0.151772
0.145979
0.140447
0.135167
0.130132
0.125338
0.120782
0.11646
0.112369
0.108507
0.104869
0.101452
0.0982488
0.0952536
0.0924588
0.0898561
0.0874367
0.0851913
0.0831103
0.0811842
0.0794034
0.0777584
0.0762401
0.0748397
0.0735488
0.0723595
0.0712642
0.0702559
0.069328
0.0684743
0.0676891
0.0669671
0.0663034
0.0656934
0.0651329
0.0646181
0.0641452
0.0637111
0.0633126
0.0629469
0.0626115
0.0623039
0.0620219
0.0617635
0.0615269
0.0613102
0.061112
0.0609308
0.0607652
0.0606141
0.0604764
0.060351
0.060237
0.0601337
0.0600404
0.0599563
0.059881
0.059814
0.0597551
0.0597039
0.0596604
0.0596247
0.0595969
0.0595773
0.0595665
0.961698
0.892201
0.829108
0.771755
0.719549
0.671964
0.62853
0.58883
0.552492
0.519182
0.488604
0.460492
0.434611
0.410746
0.388709
0.368327
0.349448
0.331934
0.315661
0.300515
0.286397
0.273214
0.260884
0.249331
0.238488
0.228291
0.218684
0.209617
0.201043
0.19292
0.185211
0.177883
0.170906
0.164255
0.157909
0.151849
0.146061
0.140533
0.135257
0.130226
0.125435
0.120881
0.11656
0.11247
0.108608
0.10497
0.101551
0.0983458
0.0953481
0.0925504
0.0899444
0.0875215
0.0852724
0.0831876
0.0812576
0.0794729
0.077824
0.0763019
0.0748978
0.0736033
0.0724105
0.0713118
0.0703003
0.0693693
0.0685127
0.0677248
0.0670002
0.066334
0.0657217
0.0651591
0.0646422
0.0641674
0.0637315
0.0633313
0.0629641
0.0626272
0.0623183
0.0620351
0.0617756
0.0615379
0.0613203
0.0611212
0.0609392
0.0607729
0.0606212
0.0604829
0.0603569
0.0602425
0.0601388
0.0600451
0.0599607
0.0598852
0.059818
0.0597588
0.0597075
0.0596638
0.059628
0.0596001
0.0595805
0.0595696
0.961698
0.892201
0.829108
0.771755
0.719549
0.671964
0.62853
0.588831
0.552492
0.519183
0.488606
0.460496
0.434615
0.410752
0.388716
0.368335
0.349458
0.331946
0.315674
0.300531
0.286415
0.273234
0.260907
0.249357
0.238516
0.228322
0.218719
0.209656
0.201086
0.192967
0.185263
0.17794
0.170968
0.164322
0.15798
0.151925
0.146142
0.140619
0.135346
0.130319
0.125531
0.120979
0.116659
0.11257
0.108708
0.105069
0.101649
0.0984422
0.0954421
0.0926415
0.0900323
0.0876059
0.0853532
0.0832646
0.0813308
0.0795421
0.0778894
0.0763635
0.0749557
0.0736576
0.0724613
0.0713593
0.0703446
0.0694106
0.0685511
0.0677604
0.0670333
0.0663646
0.06575
0.0651852
0.0646663
0.0641896
0.0637519
0.0633501
0.0629813
0.062643
0.0623327
0.0620483
0.0617877
0.0615489
0.0613304
0.0611304
0.0609476
0.0607806
0.0606282
0.0604893
0.0603629
0.060248
0.0601439
0.0600498
0.0599651
0.0598893
0.0598218
0.0597625
0.059711
0.0596672
0.0596313
0.0596033
0.0595836
0.0595726
0.961698
0.8922
0.829108
0.771754
0.719548
0.671963
0.62853
0.588831
0.552493
0.519185
0.488608
0.460499
0.434619
0.410757
0.388722
0.368343
0.349468
0.331957
0.315687
0.300546
0.286432
0.273254
0.260929
0.249381
0.238544
0.228353
0.218754
0.209694
0.201128
0.193014
0.185314
0.177995
0.171028
0.164387
0.158051
0.152001
0.146222
0.140703
0.135435
0.130411
0.125626
0.121076
0.116758
0.11267
0.108808
0.105168
0.101747
0.0985378
0.0955352
0.0927318
0.0901195
0.0876897
0.0854333
0.083341
0.0814034
0.0796109
0.0779544
0.0764247
0.0750133
0.0737116
0.0725119
0.0714066
0.0703887
0.0694517
0.0685893
0.0677959
0.0670661
0.0663951
0.0657782
0.0652112
0.0646902
0.0642117
0.0637722
0.0633687
0.0629984
0.0626587
0.0623471
0.0620615
0.0617997
0.0615599
0.0613404
0.0611396
0.060956
0.0607883
0.0606352
0.0604957
0.0603688
0.0602534
0.0601489
0.0600545
0.0599694
0.0598933
0.0598256
0.0597661
0.0597144
0.0596705
0.0596344
0.0596064
0.0595866
0.0595756
0.961698
0.8922
0.829107
0.771754
0.719548
0.671963
0.62853
0.588831
0.552494
0.519186
0.48861
0.460502
0.434623
0.410762
0.388728
0.368351
0.349477
0.331968
0.315699
0.30056
0.286448
0.273273
0.26095
0.249406
0.238571
0.228383
0.218787
0.209732
0.20117
0.19306
0.185364
0.17805
0.171088
0.164452
0.15812
0.152075
0.146301
0.140786
0.135522
0.130501
0.125719
0.121171
0.116855
0.112768
0.108906
0.105265
0.101843
0.0986321
0.0956273
0.0928211
0.0902058
0.0877726
0.0855126
0.0834167
0.0814753
0.079679
0.0780187
0.0764854
0.0750703
0.0737651
0.072562
0.0714534
0.0704324
0.0694924
0.0686272
0.0678311
0.0670987
0.0664253
0.0658061
0.065237
0.064714
0.0642336
0.0637923
0.0633872
0.0630154
0.0626742
0.0623613
0.0620745
0.0618116
0.0615708
0.0613503
0.0611487
0.0609643
0.0607958
0.0606421
0.0605021
0.0603746
0.0602588
0.0601538
0.060059
0.0599737
0.0598973
0.0598294
0.0597696
0.0597177
0.0596737
0.0596375
0.0596094
0.0595896
0.0595785
0.961698
0.8922
0.829107
0.771753
0.719547
0.671963
0.62853
0.588831
0.552494
0.519187
0.488612
0.460504
0.434626
0.410767
0.388734
0.368358
0.349485
0.331978
0.315711
0.300574
0.286465
0.273291
0.260971
0.249429
0.238597
0.228413
0.218821
0.209768
0.20121
0.193104
0.185414
0.178104
0.171146
0.164515
0.158188
0.152148
0.146378
0.140868
0.135608
0.13059
0.125811
0.121265
0.116951
0.112864
0.109002
0.105361
0.101937
0.098725
0.095718
0.0929091
0.0902907
0.0878543
0.0855909
0.0834913
0.0815462
0.0797462
0.0780823
0.0765453
0.0751266
0.073818
0.0726115
0.0714997
0.0704756
0.0695326
0.0686646
0.0678658
0.067131
0.0664551
0.0658337
0.0652625
0.0647375
0.0642552
0.0638122
0.0634055
0.0630322
0.0626896
0.0623754
0.0620873
0.0618233
0.0615815
0.0613601
0.0611576
0.0609724
0.0608033
0.060649
0.0605083
0.0603803
0.060264
0.0601587
0.0600635
0.0599778
0.0599012
0.059833
0.059773
0.059721
0.0596768
0.0596405
0.0596123
0.0595924
0.0595813
0.961698
0.8922
0.829106
0.771753
0.719547
0.671962
0.62853
0.588831
0.552495
0.519188
0.488614
0.460507
0.43463
0.410771
0.38874
0.368365
0.349494
0.331988
0.315723
0.300588
0.28648
0.273309
0.260992
0.249452
0.238623
0.228442
0.218853
0.209804
0.20125
0.193148
0.185462
0.178157
0.171204
0.164577
0.158255
0.152219
0.146454
0.140948
0.135691
0.130677
0.125901
0.121358
0.117044
0.112958
0.109097
0.105455
0.10203
0.0988163
0.095807
0.0929956
0.0903742
0.0879345
0.0856677
0.0835646
0.0816159
0.0798124
0.0781448
0.0766042
0.075182
0.07387
0.0726602
0.0715453
0.0705182
0.0695723
0.0687015
0.0679001
0.0671627
0.0664845
0.0658609
0.0652876
0.0647607
0.0642765
0.0638318
0.0634235
0.0630487
0.0627047
0.0623893
0.0621
0.0618349
0.0615921
0.0613698
0.0611664
0.0609804
0.0608106
0.0606556
0.0605144
0.0603859
0.0602692
0.0601634
0.0600679
0.0599819
0.0599049
0.0598366
0.0597764
0.0597242
0.0596799
0.0596434
0.0596151
0.0595952
0.0595841
0.961698
0.892199
0.829106
0.771752
0.719546
0.671962
0.628529
0.588831
0.552495
0.519189
0.488615
0.460509
0.434633
0.410775
0.388745
0.368371
0.349502
0.331997
0.315734
0.300601
0.286495
0.273326
0.261011
0.249475
0.238648
0.22847
0.218884
0.209839
0.201289
0.193191
0.185509
0.178208
0.171259
0.164638
0.15832
0.152289
0.146528
0.141026
0.135773
0.130763
0.125989
0.121448
0.117136
0.113051
0.109189
0.105547
0.102121
0.0989055
0.0958941
0.0930802
0.090456
0.0880132
0.0857431
0.0836365
0.0816843
0.0798772
0.0782061
0.076662
0.0752365
0.0739211
0.0727081
0.07159
0.0705599
0.0696112
0.0687377
0.0679337
0.0671939
0.0665134
0.0658876
0.0653122
0.0647834
0.0642975
0.0638511
0.0634412
0.0630649
0.0627196
0.0624029
0.0621124
0.0618463
0.0616024
0.0613792
0.061175
0.0609883
0.0608178
0.0606622
0.0605204
0.0603914
0.0602742
0.060168
0.0600721
0.0599858
0.0599086
0.05984
0.0597796
0.0597272
0.0596828
0.0596462
0.0596178
0.0595978
0.0595867
0.961698
0.892199
0.829106
0.771752
0.719546
0.671961
0.628529
0.588832
0.552496
0.51919
0.488617
0.460511
0.434636
0.410779
0.38875
0.368378
0.349509
0.332006
0.315745
0.300613
0.28651
0.273343
0.26103
0.249496
0.238673
0.228498
0.218915
0.209873
0.201326
0.193232
0.185554
0.178258
0.171314
0.164696
0.158383
0.152356
0.1466
0.141102
0.135853
0.130845
0.126074
0.121535
0.117225
0.113141
0.109279
0.105637
0.10221
0.0989926
0.0959792
0.0931628
0.0905358
0.0880901
0.0858167
0.0837068
0.0817512
0.0799406
0.0782661
0.0767186
0.0752897
0.0739711
0.072755
0.0716339
0.0706008
0.0696493
0.0687732
0.0679667
0.0672245
0.0665417
0.0659138
0.0653364
0.0648057
0.064318
0.06387
0.0634585
0.0630808
0.0627342
0.0624162
0.0621246
0.0618574
0.0616126
0.0613884
0.0611834
0.060996
0.0608248
0.0606686
0.0605262
0.0603967
0.0602791
0.0601725
0.0600763
0.0599897
0.0599122
0.0598433
0.0597827
0.0597302
0.0596856
0.0596489
0.0596204
0.0596004
0.0595892
0.961697
0.892199
0.829105
0.771751
0.719546
0.671961
0.628529
0.588832
0.552496
0.519191
0.488618
0.460513
0.434639
0.410783
0.388755
0.368384
0.349516
0.332015
0.315755
0.300625
0.286524
0.273359
0.261049
0.249517
0.238696
0.228524
0.218944
0.209906
0.201363
0.193273
0.185598
0.178306
0.171366
0.164753
0.158445
0.152422
0.14667
0.141176
0.13593
0.130926
0.126157
0.12162
0.117312
0.113228
0.109367
0.105724
0.102296
0.0990773
0.096062
0.0932432
0.0906136
0.0881649
0.0858885
0.0837753
0.0818164
0.0800025
0.0783246
0.0767738
0.0753416
0.0740199
0.0728007
0.0716766
0.0706407
0.0696865
0.0688078
0.0679988
0.0672543
0.0665694
0.0659393
0.06536
0.0648274
0.064338
0.0638884
0.0634754
0.0630963
0.0627483
0.0624292
0.0621365
0.0618682
0.0616224
0.0613974
0.0611916
0.0610034
0.0608316
0.0606748
0.0605319
0.0604019
0.0602838
0.0601768
0.0600802
0.0599933
0.0599156
0.0598465
0.0597857
0.059733
0.0596883
0.0596515
0.0596229
0.0596028
0.0595916
0.961697
0.892199
0.829105
0.771751
0.719545
0.671961
0.628529
0.588832
0.552497
0.519191
0.488619
0.460515
0.434642
0.410786
0.388759
0.368389
0.349523
0.332024
0.315765
0.300637
0.286537
0.273375
0.261066
0.249537
0.238719
0.228549
0.218973
0.209938
0.201398
0.193311
0.185641
0.178352
0.171417
0.164808
0.158504
0.152485
0.146737
0.141247
0.136005
0.131003
0.126238
0.121703
0.117395
0.113313
0.109452
0.105809
0.10238
0.0991595
0.0961423
0.0933213
0.0906891
0.0882376
0.0859581
0.0838419
0.0818797
0.0800626
0.0783814
0.0768274
0.0753921
0.0740673
0.0728451
0.0717182
0.0706796
0.0697227
0.0688415
0.0680301
0.0672834
0.0665962
0.0659642
0.065383
0.0648486
0.0643575
0.0639063
0.0634919
0.0631114
0.0627622
0.0624418
0.062148
0.0618787
0.061632
0.0614062
0.0611996
0.0610107
0.0608382
0.0606808
0.0605373
0.0604068
0.0602884
0.060181
0.0600841
0.0599969
0.0599189
0.0598495
0.0597886
0.0597357
0.0596908
0.0596539
0.0596253
0.0596051
0.0595938
0.961697
0.892198
0.829105
0.771751
0.719545
0.67196
0.628529
0.588832
0.552497
0.519192
0.488621
0.460517
0.434644
0.41079
0.388764
0.368395
0.34953
0.332032
0.315775
0.300648
0.28655
0.273389
0.261083
0.249556
0.23874
0.228574
0.219
0.209968
0.201431
0.193349
0.185682
0.178397
0.171466
0.164861
0.158561
0.152546
0.146802
0.141315
0.136077
0.131078
0.126315
0.121782
0.117476
0.113395
0.109534
0.10589
0.102461
0.0992389
0.0962199
0.0933968
0.0907621
0.0883079
0.0860256
0.0839063
0.0819411
0.0801208
0.0784365
0.0768794
0.0754411
0.0741133
0.0728882
0.0717585
0.0707172
0.0697578
0.0688741
0.0680605
0.0673115
0.0666223
0.0659883
0.0654052
0.0648691
0.0643764
0.0639237
0.0635078
0.063126
0.0627755
0.062454
0.0621592
0.0618889
0.0616413
0.0614146
0.0612073
0.0610177
0.0608445
0.0606866
0.0605426
0.0604117
0.0602928
0.060185
0.0600878
0.0600003
0.059922
0.0598525
0.0597913
0.0597383
0.0596932
0.0596563
0.0596275
0.0596073
0.059596
0.961697
0.892198
0.829104
0.77175
0.719544
0.67196
0.628528
0.588832
0.552497
0.519193
0.488622
0.460519
0.434647
0.410793
0.388768
0.3684
0.349536
0.332039
0.315784
0.300659
0.286562
0.273404
0.261099
0.249575
0.238761
0.228597
0.219026
0.209997
0.201464
0.193384
0.185721
0.17844
0.171513
0.164912
0.158616
0.152605
0.146864
0.141381
0.136146
0.131151
0.126389
0.121858
0.117554
0.113473
0.109613
0.105969
0.102538
0.0993155
0.0962947
0.0934695
0.0908325
0.0883757
0.0860907
0.0839685
0.0820003
0.080177
0.0784897
0.0769296
0.0754884
0.0741577
0.0729299
0.0717975
0.0707536
0.0697917
0.0689057
0.0680898
0.0673387
0.0666475
0.0660116
0.0654268
0.064889
0.0643947
0.0639405
0.0635232
0.0631401
0.0627885
0.0624658
0.0621699
0.0618987
0.0616503
0.0614228
0.0612147
0.0610244
0.0608507
0.0606921
0.0605477
0.0604163
0.060297
0.0601889
0.0600913
0.0600035
0.059925
0.0598553
0.0597939
0.0597407
0.0596955
0.0596585
0.0596296
0.0596093
0.059598
0.961697
0.892198
0.829104
0.77175
0.719544
0.67196
0.628528
0.588832
0.552497
0.519193
0.488623
0.46052
0.434649
0.410796
0.388772
0.368405
0.349542
0.332046
0.315792
0.300669
0.286574
0.273417
0.261115
0.249592
0.238781
0.228619
0.219051
0.210025
0.201495
0.193418
0.185759
0.178482
0.171557
0.16496
0.158668
0.152661
0.146924
0.141444
0.136212
0.13122
0.126461
0.121932
0.117629
0.113549
0.109688
0.106045
0.102613
0.0993889
0.0963666
0.0935395
0.0909002
0.088441
0.0861532
0.0840283
0.0820572
0.0802311
0.0785409
0.076978
0.0755339
0.0742005
0.07297
0.071835
0.0707887
0.0698244
0.0689361
0.0681181
0.067365
0.0666718
0.0660341
0.0654475
0.0649081
0.0644123
0.0639566
0.0635381
0.0631537
0.0628009
0.0624772
0.0621803
0.0619082
0.0616589
0.0614306
0.0612218
0.0610309
0.0608565
0.0606975
0.0605525
0.0604207
0.060301
0.0601926
0.0600947
0.0600066
0.0599279
0.0598579
0.0597964
0.059743
0.0596977
0.0596605
0.0596316
0.0596113
0.0595999
0.961697
0.892198
0.829104
0.771749
0.719544
0.671959
0.628528
0.588832
0.552498
0.519194
0.488624
0.460522
0.434651
0.410799
0.388775
0.36841
0.349548
0.332053
0.315801
0.300678
0.286585
0.27343
0.261129
0.249609
0.2388
0.228641
0.219075
0.210052
0.201524
0.193451
0.185794
0.178521
0.1716
0.165007
0.158718
0.152715
0.146981
0.141505
0.136275
0.131285
0.126529
0.122002
0.1177
0.113621
0.109761
0.106117
0.102684
0.0994592
0.0964354
0.0936064
0.090965
0.0885034
0.0862132
0.0840856
0.0821118
0.0802829
0.07859
0.0770243
0.0755775
0.0742415
0.0730084
0.071871
0.0708223
0.0698558
0.0689653
0.0681452
0.0673901
0.0666951
0.0660556
0.0654674
0.0649264
0.0644291
0.0639721
0.0635523
0.0631668
0.0628128
0.0624881
0.0621903
0.0619173
0.0616671
0.0614381
0.0612286
0.0610371
0.0608622
0.0607026
0.0605572
0.0604249
0.0603048
0.0601961
0.0600979
0.0600096
0.0599306
0.0598604
0.0597987
0.0597452
0.0596998
0.0596625
0.0596335
0.0596131
0.0596017
0.961697
0.892197
0.829103
0.771749
0.719543
0.671959
0.628528
0.588832
0.552498
0.519195
0.488625
0.460523
0.434653
0.410802
0.388779
0.368414
0.349554
0.33206
0.315808
0.300687
0.286596
0.273442
0.261143
0.249625
0.238818
0.228661
0.219097
0.210077
0.201552
0.193482
0.185828
0.178558
0.171641
0.165051
0.158765
0.152765
0.147035
0.141562
0.136335
0.131348
0.126594
0.122068
0.117768
0.113689
0.10983
0.106185
0.102752
0.0995262
0.096501
0.0936702
0.0910268
0.088563
0.0862704
0.0841403
0.0821639
0.0803324
0.0786368
0.0770686
0.0756192
0.0742807
0.0730452
0.0719054
0.0708545
0.0698857
0.0689932
0.0681711
0.0674142
0.0667174
0.0660762
0.0654864
0.064944
0.0644453
0.063987
0.0635659
0.0631792
0.0628242
0.0624985
0.0621998
0.0619259
0.061675
0.0614453
0.0612351
0.061043
0.0608675
0.0607074
0.0605616
0.0604289
0.0603085
0.0601994
0.0601009
0.0600123
0.0599331
0.0598627
0.0598009
0.0597472
0.0597017
0.0596643
0.0596352
0.0596147
0.0596033
0.961697
0.892197
0.829103
0.771749
0.719543
0.671959
0.628528
0.588832
0.552498
0.519195
0.488626
0.460525
0.434655
0.410804
0.388782
0.368418
0.349559
0.332066
0.315816
0.300696
0.286606
0.273453
0.261156
0.24964
0.238835
0.22868
0.219119
0.2101
0.201578
0.193511
0.185861
0.178593
0.171679
0.165092
0.15881
0.152813
0.147086
0.141616
0.136392
0.131407
0.126655
0.122131
0.117832
0.113754
0.109895
0.10625
0.102817
0.0995898
0.0965632
0.0937308
0.0910855
0.0886196
0.0863247
0.0841923
0.0822135
0.0803795
0.0786814
0.0771107
0.0756589
0.074318
0.0730802
0.0719382
0.070885
0.0699143
0.0690197
0.0681958
0.067437
0.0667386
0.0660958
0.0655045
0.0649606
0.0644606
0.0640011
0.0635788
0.0631911
0.0628351
0.0625084
0.0622088
0.0619341
0.0616825
0.0614521
0.0612413
0.0610485
0.0608726
0.060712
0.0605657
0.0604327
0.0603119
0.0602025
0.0601037
0.0600149
0.0599355
0.0598649
0.0598029
0.0597491
0.0597035
0.059666
0.0596368
0.0596163
0.0596048
0.961697
0.892197
0.829103
0.771749
0.719543
0.671959
0.628527
0.588832
0.552498
0.519196
0.488627
0.460526
0.434657
0.410807
0.388785
0.368422
0.349563
0.332071
0.315822
0.300704
0.286615
0.273464
0.261169
0.249654
0.238851
0.228698
0.219139
0.210123
0.201603
0.193539
0.185891
0.178626
0.171715
0.165131
0.158852
0.152859
0.147135
0.141667
0.136446
0.131463
0.126713
0.122191
0.117893
0.113816
0.109957
0.106312
0.102878
0.0996499
0.096622
0.0937881
0.091141
0.0886731
0.0863761
0.0842414
0.0822603
0.080424
0.0787236
0.0771505
0.0756964
0.0743533
0.0731133
0.0719691
0.070914
0.0699413
0.0690449
0.0682191
0.0674587
0.0667587
0.0661144
0.0655216
0.0649764
0.0644751
0.0640144
0.0635911
0.0632023
0.0628453
0.0625177
0.0622173
0.0619419
0.0616895
0.0614585
0.0612471
0.0610538
0.0608773
0.0607163
0.0605696
0.0604362
0.0603151
0.0602054
0.0601064
0.0600174
0.0599377
0.059867
0.0598048
0.0597509
0.0597051
0.0596675
0.0596383
0.0596177
0.0596062
0.961697
0.892197
0.829103
0.771748
0.719542
0.671958
0.628527
0.588831
0.552499
0.519196
0.488627
0.460527
0.434659
0.410809
0.388788
0.368426
0.349568
0.332077
0.315829
0.300711
0.286624
0.273474
0.26118
0.249667
0.238865
0.228714
0.219158
0.210144
0.201627
0.193564
0.185919
0.178657
0.171749
0.165168
0.158892
0.152901
0.14718
0.141715
0.136496
0.131516
0.126767
0.122246
0.117949
0.113873
0.110014
0.10637
0.102935
0.0997063
0.0966773
0.0938419
0.0911932
0.0887235
0.0864245
0.0842877
0.0823044
0.0804659
0.0787633
0.077188
0.0757318
0.0743865
0.0731444
0.0719983
0.0709412
0.0699667
0.0690686
0.0682411
0.0674791
0.0667775
0.0661318
0.0655377
0.0649913
0.0644888
0.064027
0.0636026
0.0632128
0.0628549
0.0625265
0.0622253
0.0619491
0.0616961
0.0614645
0.0612525
0.0610587
0.0608818
0.0607203
0.0605733
0.0604395
0.0603181
0.0602081
0.0601089
0.0600196
0.0599398
0.0598689
0.0598065
0.0597525
0.0597066
0.0596689
0.0596396
0.059619
0.0596075
0.961697
0.892197
0.829102
0.771748
0.719542
0.671958
0.628527
0.588831
0.552499
0.519196
0.488628
0.460528
0.43466
0.410811
0.388791
0.368429
0.349572
0.332082
0.315835
0.300718
0.286632
0.273484
0.261191
0.249679
0.238879
0.22873
0.219175
0.210163
0.201648
0.193588
0.185945
0.178686
0.171781
0.165202
0.158929
0.152941
0.147222
0.14176
0.136543
0.131565
0.126818
0.122299
0.118003
0.113927
0.110068
0.106424
0.102989
0.099759
0.0967289
0.0938923
0.091242
0.0887705
0.0864697
0.084331
0.0823457
0.0805051
0.0788004
0.0772231
0.0757649
0.0744176
0.0731736
0.0720257
0.0709668
0.0699905
0.0690907
0.0682617
0.0674982
0.0667952
0.0661482
0.0655528
0.0650052
0.0645016
0.0640387
0.0636134
0.0632227
0.0628639
0.0625347
0.0622328
0.0619559
0.0617023
0.0614701
0.0612576
0.0610633
0.0608859
0.0607241
0.0605767
0.0604426
0.0603209
0.0602106
0.0601111
0.0600217
0.0599417
0.0598706
0.0598081
0.059754
0.059708
0.0596703
0.0596409
0.0596202
0.0596086
0.961697
0.892197
0.829102
0.771748
0.719542
0.671958
0.628527
0.588831
0.552499
0.519197
0.488629
0.460529
0.434662
0.410813
0.388793
0.368432
0.349576
0.332086
0.31584
0.300725
0.286639
0.273492
0.261201
0.24969
0.238892
0.228744
0.219191
0.210181
0.201668
0.19361
0.18597
0.178713
0.17181
0.165234
0.158963
0.152977
0.147261
0.141801
0.136586
0.13161
0.126865
0.122347
0.118052
0.113977
0.110119
0.106474
0.103038
0.099808
0.0967769
0.093939
0.0912873
0.0888143
0.0865117
0.0843712
0.082384
0.0805415
0.078835
0.0772558
0.0757956
0.0744465
0.0732008
0.0720511
0.0709905
0.0700126
0.0691113
0.0682809
0.067516
0.0668117
0.0661634
0.0655669
0.0650181
0.0645135
0.0640496
0.0636234
0.0632318
0.0628723
0.0625424
0.0622397
0.0619623
0.061708
0.0614753
0.0612623
0.0610676
0.0608898
0.0607276
0.0605798
0.0604454
0.0603234
0.060213
0.0601132
0.0600236
0.0599434
0.0598722
0.0598096
0.0597553
0.0597093
0.0596715
0.059642
0.0596213
0.0596096
0.961697
0.892197
0.829102
0.771748
0.719542
0.671958
0.628527
0.588831
0.552499
0.519197
0.488629
0.46053
0.434663
0.410815
0.388796
0.368435
0.349579
0.332091
0.315845
0.300731
0.286646
0.2735
0.26121
0.249701
0.238904
0.228758
0.219206
0.210198
0.201687
0.193631
0.185992
0.178738
0.171837
0.165263
0.158994
0.153011
0.147297
0.141839
0.136626
0.131652
0.126908
0.122391
0.118097
0.114023
0.110165
0.10652
0.103084
0.0998531
0.0968211
0.0939821
0.0913291
0.0888546
0.0865505
0.0844083
0.0824194
0.0805752
0.0788668
0.0772859
0.075824
0.0744732
0.0732258
0.0720745
0.0710124
0.0700331
0.0691304
0.0682986
0.0675324
0.0668269
0.0661774
0.0655798
0.0650301
0.0645245
0.0640597
0.0636326
0.0632403
0.06288
0.0625494
0.0622461
0.0619681
0.0617133
0.06148
0.0612666
0.0610715
0.0608933
0.0607307
0.0605827
0.060448
0.0603257
0.0602151
0.0601151
0.0600253
0.059945
0.0598737
0.0598109
0.0597566
0.0597104
0.0596725
0.059643
0.0596222
0.0596105
0.961697
0.892196
0.829102
0.771747
0.719541
0.671957
0.628527
0.588831
0.552499
0.519198
0.48863
0.460531
0.434664
0.410816
0.388798
0.368437
0.349582
0.332094
0.31585
0.300736
0.286652
0.273507
0.261218
0.24971
0.238914
0.22877
0.21922
0.210213
0.201703
0.193649
0.186013
0.17876
0.171861
0.16529
0.159023
0.153042
0.14733
0.141873
0.136663
0.13169
0.126947
0.122432
0.118138
0.114065
0.110207
0.106562
0.103126
0.0998943
0.0968615
0.0940215
0.0913673
0.0888914
0.0865859
0.0844422
0.0824518
0.0806059
0.078896
0.0773134
0.07585
0.0744976
0.0732487
0.072096
0.0710325
0.0700518
0.0691478
0.0683147
0.0675474
0.0668408
0.0661903
0.0655917
0.065041
0.0645345
0.0640689
0.063641
0.063248
0.062887
0.0625558
0.0622519
0.0619734
0.0617181
0.0614844
0.0612705
0.061075
0.0608965
0.0607336
0.0605852
0.0604503
0.0603278
0.0602169
0.0601168
0.0600269
0.0599464
0.0598749
0.0598121
0.0597577
0.0597115
0.0596735
0.0596439
0.0596231
0.0596114
0.961697
0.892196
0.829102
0.771747
0.719541
0.671957
0.628527
0.588831
0.552499
0.519198
0.48863
0.460532
0.434665
0.410818
0.388799
0.36844
0.349585
0.332098
0.315854
0.300741
0.286658
0.273514
0.261226
0.249719
0.238924
0.228781
0.219232
0.210226
0.201719
0.193666
0.186031
0.17878
0.171883
0.165314
0.159049
0.153069
0.147359
0.141905
0.136696
0.131724
0.126983
0.122468
0.118176
0.114102
0.110245
0.1066
0.103164
0.0999315
0.096898
0.094057
0.0914018
0.0889248
0.0866179
0.0844729
0.082481
0.0806337
0.0789223
0.0773383
0.0758735
0.0745197
0.0732695
0.0721154
0.0710506
0.0700687
0.0691635
0.0683294
0.0675609
0.0668533
0.0662019
0.0656024
0.0650508
0.0645435
0.0640772
0.0636486
0.0632549
0.0628934
0.0625616
0.0622572
0.0619781
0.0617224
0.0614883
0.061274
0.0610782
0.0608993
0.0607362
0.0605875
0.0604524
0.0603297
0.0602186
0.0601184
0.0600282
0.0599476
0.0598761
0.0598132
0.0597586
0.0597124
0.0596743
0.0596447
0.0596239
0.0596121
0.961697
0.892196
0.829102
0.771747
0.719541
0.671957
0.628527
0.588831
0.552499
0.519198
0.488631
0.460533
0.434666
0.410819
0.388801
0.368442
0.349588
0.332101
0.315857
0.300745
0.286663
0.27352
0.261232
0.249726
0.238933
0.22879
0.219243
0.210239
0.201732
0.193681
0.186048
0.178798
0.171903
0.165335
0.159072
0.153094
0.147385
0.141933
0.136725
0.131754
0.127015
0.122501
0.118209
0.114136
0.110279
0.106634
0.103197
0.0999647
0.0969306
0.0940888
0.0914326
0.0889545
0.0866465
0.0845002
0.0825071
0.0806586
0.0789459
0.0773606
0.0758944
0.0745395
0.073288
0.0721327
0.0710668
0.0700838
0.0691775
0.0683424
0.067573
0.0668645
0.0662122
0.0656119
0.0650596
0.0645516
0.0640846
0.0636554
0.0632611
0.062899
0.0625667
0.0622619
0.0619823
0.0617262
0.0614917
0.0612771
0.061081
0.0609018
0.0607384
0.0605896
0.0604542
0.0603313
0.0602201
0.0601197
0.0600294
0.0599487
0.0598771
0.0598141
0.0597595
0.0597131
0.0596751
0.0596454
0.0596245
0.0596127
0.961697
0.892196
0.829101
0.771747
0.719541
0.671957
0.628526
0.588831
0.552499
0.519198
0.488631
0.460533
0.434667
0.41082
0.388803
0.368444
0.34959
0.332104
0.315861
0.300749
0.286667
0.273525
0.261238
0.249733
0.23894
0.228799
0.219252
0.210249
0.201744
0.193694
0.186062
0.178814
0.17192
0.165353
0.159092
0.153116
0.147408
0.141957
0.136751
0.131781
0.127043
0.122529
0.118238
0.114166
0.110309
0.106664
0.103227
0.0999939
0.0969591
0.0941167
0.0914597
0.0889806
0.0866716
0.0845243
0.0825301
0.0806804
0.0789665
0.0773801
0.0759129
0.0745568
0.0733042
0.0721479
0.071081
0.070097
0.0691899
0.0683539
0.0675837
0.0668743
0.0662213
0.0656203
0.0650673
0.0645587
0.0640911
0.0636613
0.0632665
0.062904
0.0625712
0.0622659
0.061986
0.0617296
0.0614947
0.0612798
0.0610834
0.060904
0.0607404
0.0605913
0.0604557
0.0603327
0.0602213
0.0601208
0.0600304
0.0599496
0.0598779
0.0598148
0.0597602
0.0597138
0.0596757
0.059646
0.0596251
0.0596132
0.961696
0.892196
0.829101
0.771747
0.719541
0.671957
0.628526
0.588831
0.552499
0.519198
0.488632
0.460534
0.434668
0.410821
0.388804
0.368445
0.349592
0.332106
0.315863
0.300752
0.286671
0.273529
0.261243
0.249738
0.238947
0.228806
0.21926
0.210258
0.201754
0.193705
0.186074
0.178827
0.171935
0.165369
0.159109
0.153134
0.147428
0.141978
0.136773
0.131804
0.127066
0.122554
0.118263
0.114191
0.110334
0.106689
0.103252
0.100019
0.0969837
0.0941406
0.0914829
0.0890031
0.0866932
0.0845449
0.0825498
0.0806991
0.0789843
0.0773969
0.0759287
0.0745717
0.0733182
0.072161
0.0710932
0.0701084
0.0692005
0.0683637
0.0675928
0.0668828
0.0662291
0.0656274
0.0650739
0.0645647
0.0640966
0.0636664
0.0632711
0.0629082
0.062575
0.0622694
0.0619892
0.0617324
0.0614973
0.0612821
0.0610855
0.0609059
0.060742
0.0605928
0.0604571
0.0603339
0.0602224
0.0601217
0.0600313
0.0599504
0.0598786
0.0598154
0.0597607
0.0597143
0.0596762
0.0596465
0.0596255
0.0596137
0.961696
0.892196
0.829101
0.771747
0.719541
0.671957
0.628526
0.588831
0.5525
0.519199
0.488632
0.460534
0.434668
0.410822
0.388805
0.368446
0.349593
0.332108
0.315866
0.300755
0.286674
0.273533
0.261247
0.249743
0.238952
0.228812
0.219267
0.210266
0.201762
0.193714
0.186084
0.178839
0.171947
0.165383
0.159124
0.15315
0.147445
0.141995
0.136791
0.131824
0.127086
0.122575
0.118284
0.114212
0.110356
0.106711
0.103274
0.10004
0.0970042
0.0941607
0.0915023
0.0890218
0.0867112
0.0845622
0.0825663
0.0807148
0.0789992
0.077411
0.0759419
0.0745841
0.0733299
0.0721719
0.0711034
0.0701179
0.0692093
0.0683719
0.0676004
0.0668898
0.0662356
0.0656334
0.0650794
0.0645698
0.0641012
0.0636706
0.063275
0.0629117
0.0625782
0.0622723
0.0619918
0.0617347
0.0614994
0.061284
0.0610871
0.0609073
0.0607433
0.060594
0.0604581
0.0603348
0.0602232
0.0601224
0.0600319
0.0599509
0.0598791
0.0598159
0.0597612
0.0597147
0.0596766
0.0596469
0.0596259
0.059614
0.961696
0.892196
0.829101
0.771747
0.719541
0.671957
0.628526
0.588831
0.5525
0.519199
0.488632
0.460534
0.434669
0.410822
0.388806
0.368447
0.349595
0.332109
0.315867
0.300757
0.286677
0.273536
0.261251
0.249747
0.238956
0.228817
0.219272
0.210272
0.201769
0.193722
0.186093
0.178848
0.171957
0.165394
0.159135
0.153162
0.147458
0.142009
0.136806
0.131839
0.127102
0.122591
0.118301
0.114229
0.110373
0.106728
0.103291
0.100057
0.0970207
0.0941767
0.0915179
0.0890369
0.0867257
0.0845761
0.0825795
0.0807274
0.0790111
0.0774222
0.0759525
0.0745941
0.0733392
0.0721807
0.0711116
0.0701255
0.0692164
0.0683785
0.0676064
0.0668954
0.0662407
0.0656382
0.0650837
0.0645738
0.0641049
0.0636739
0.063278
0.0629144
0.0625807
0.0622745
0.0619938
0.0617365
0.061501
0.0612855
0.0610884
0.0609085
0.0607444
0.0605949
0.0604589
0.0603355
0.0602238
0.060123
0.0600324
0.0599514
0.0598794
0.0598162
0.0597615
0.059715
0.0596769
0.0596471
0.0596261
0.0596142
0.961696
0.892196
0.829101
0.771747
0.719541
0.671957
0.628526
0.588831
0.5525
0.519199
0.488632
0.460535
0.434669
0.410823
0.388806
0.368448
0.349596
0.33211
0.315869
0.300758
0.286679
0.273538
0.261253
0.24975
0.23896
0.22882
0.219277
0.210276
0.201774
0.193728
0.186099
0.178854
0.171964
0.165402
0.159144
0.153171
0.147468
0.14202
0.136817
0.13185
0.127114
0.122603
0.118314
0.114242
0.110386
0.106741
0.103303
0.100069
0.0970331
0.0941888
0.0915296
0.0890482
0.0867365
0.0845865
0.0825894
0.0807368
0.07902
0.0774306
0.0759605
0.0746015
0.0733462
0.0721872
0.0711177
0.0701312
0.0692216
0.0683833
0.067611
0.0668996
0.0662446
0.0656417
0.065087
0.0645767
0.0641076
0.0636764
0.0632802
0.0629164
0.0625825
0.0622761
0.0619952
0.0617378
0.0615022
0.0612865
0.0610893
0.0609093
0.0607451
0.0605955
0.0604594
0.060336
0.0602242
0.0601233
0.0600327
0.0599516
0.0598797
0.0598164
0.0597616
0.0597152
0.059677
0.0596473
0.0596262
0.0596143
0.961696
0.892196
0.829101
0.771746
0.719541
0.671957
0.628526
0.588831
0.5525
0.519199
0.488632
0.460535
0.434669
0.410823
0.388807
0.368449
0.349596
0.332111
0.31587
0.30076
0.28668
0.273539
0.261255
0.249752
0.238962
0.228823
0.219279
0.21028
0.201777
0.193731
0.186103
0.178859
0.171969
0.165407
0.15915
0.153178
0.147474
0.142027
0.136824
0.131858
0.127122
0.122612
0.118322
0.114251
0.110394
0.106749
0.103312
0.100078
0.0970413
0.0941968
0.0915374
0.0890557
0.0867438
0.0845934
0.082596
0.0807431
0.079026
0.0774363
0.0759658
0.0746065
0.0733508
0.0721915
0.0711217
0.070135
0.0692251
0.0683866
0.0676139
0.0669023
0.0662471
0.065644
0.0650891
0.0645787
0.0641093
0.063678
0.0632817
0.0629177
0.0625836
0.0622772
0.0619961
0.0617386
0.0615029
0.0612871
0.0610899
0.0609097
0.0607454
0.0605958
0.0604597
0.0603362
0.0602244
0.0601235
0.0600328
0.0599517
0.0598797
0.0598165
0.0597617
0.0597152
0.059677
0.0596473
0.0596262
0.0596143
0.961696
0.892196
0.829101
0.771746
0.71954
0.671957
0.628526
0.588831
0.5525
0.519199
0.488632
0.460535
0.434669
0.410823
0.388807
0.368449
0.349597
0.332112
0.31587
0.30076
0.286681
0.27354
0.261256
0.249753
0.238963
0.228824
0.219281
0.210281
0.201779
0.193733
0.186105
0.178861
0.171972
0.16541
0.159153
0.153181
0.147478
0.14203
0.136828
0.131862
0.127126
0.122616
0.118326
0.114255
0.110399
0.106754
0.103316
0.100082
0.0970455
0.0942009
0.0915413
0.0890595
0.0867474
0.0845969
0.0825993
0.0807462
0.0790289
0.077439
0.0759684
0.0746089
0.0733531
0.0721936
0.0711237
0.0701368
0.0692268
0.0683881
0.0676153
0.0669036
0.0662483
0.0656451
0.06509
0.0645795
0.0641101
0.0636787
0.0632823
0.0629182
0.0625841
0.0622776
0.0619965
0.0617389
0.0615031
0.0612873
0.06109
0.0609099
0.0607455
0.0605958
0.0604597
0.0603362
0.0602243
0.0601234
0.0600327
0.0599516
0.0598796
0.0598164
0.0597616
0.0597151
0.0596769
0.0596472
0.0596261
0.0596142
0.961696
0.892196
0.829101
0.771746
0.71954
0.671957
0.628526
0.588831
0.5525
0.519199
0.488632
0.460535
0.434669
0.410823
0.388807
0.368449
0.349597
0.332112
0.31587
0.30076
0.286681
0.27354
0.261256
0.249753
0.238963
0.228824
0.219281
0.210281
0.201779
0.193733
0.186105
0.178861
0.171972
0.16541
0.159153
0.153181
0.147478
0.142031
0.136828
0.131862
0.127126
0.122616
0.118326
0.114255
0.110399
0.106754
0.103316
0.100082
0.0970455
0.0942009
0.0915413
0.0890595
0.0867474
0.0845968
0.0825993
0.0807461
0.0790288
0.077439
0.0759683
0.0746088
0.073353
0.0721935
0.0711236
0.0701366
0.0692267
0.068388
0.0676152
0.0669034
0.0662481
0.0656449
0.0650898
0.0645793
0.0641099
0.0636784
0.063282
0.062918
0.0625839
0.0622773
0.0619963
0.0617387
0.0615028
0.061287
0.0610898
0.0609096
0.0607453
0.0605956
0.0604595
0.0603359
0.0602241
0.0601232
0.0600324
0.0599514
0.0598794
0.0598161
0.0597613
0.0597148
0.0596766
0.0596469
0.0596259
0.0596139
0.961696
0.892196
0.829101
0.771746
0.719541
0.671957
0.628526
0.588831
0.5525
0.519199
0.488632
0.460535
0.434669
0.410823
0.388807
0.368449
0.349596
0.332111
0.31587
0.30076
0.28668
0.273539
0.261255
0.249752
0.238962
0.228823
0.219279
0.21028
0.201778
0.193731
0.186103
0.178859
0.171969
0.165407
0.15915
0.153178
0.147475
0.142027
0.136824
0.131858
0.127122
0.122612
0.118322
0.114251
0.110394
0.106749
0.103312
0.100078
0.0970414
0.0941969
0.0915374
0.0890557
0.0867438
0.0845933
0.0825959
0.0807429
0.0790258
0.0774361
0.0759655
0.0746062
0.0733506
0.0721912
0.0711214
0.0701346
0.0692247
0.0683861
0.0676135
0.0669018
0.0662466
0.0656435
0.0650885
0.0645781
0.0641087
0.0636773
0.063281
0.0629171
0.062583
0.0622765
0.0619955
0.0617379
0.0615021
0.0612864
0.0610891
0.060909
0.0607447
0.060595
0.0604589
0.0603354
0.0602236
0.0601227
0.060032
0.0599509
0.059879
0.0598157
0.0597609
0.0597145
0.0596763
0.0596466
0.0596255
0.0596136
0.961696
0.892196
0.829101
0.771747
0.719541
0.671957
0.628526
0.588831
0.5525
0.519199
0.488632
0.460535
0.434669
0.410823
0.388806
0.368448
0.349596
0.33211
0.315869
0.300758
0.286679
0.273538
0.261253
0.24975
0.23896
0.228821
0.219277
0.210277
0.201774
0.193728
0.186099
0.178855
0.171964
0.165402
0.159144
0.153171
0.147468
0.14202
0.136817
0.131851
0.127114
0.122603
0.118314
0.114242
0.110386
0.106741
0.103303
0.100069
0.0970331
0.0941888
0.0915296
0.0890482
0.0867365
0.0845864
0.0825893
0.0807366
0.0790198
0.0774303
0.0759601
0.0746011
0.0733457
0.0721867
0.0711171
0.0701306
0.069221
0.0683826
0.0676102
0.0668988
0.0662437
0.0656408
0.065086
0.0645758
0.0641066
0.0636754
0.0632792
0.0629153
0.0625814
0.062275
0.0619941
0.0617367
0.061501
0.0612853
0.0610881
0.0609081
0.0607438
0.0605942
0.0604582
0.0603347
0.0602229
0.0601221
0.0600314
0.0599504
0.0598784
0.0598152
0.0597604
0.0597139
0.0596758
0.0596461
0.059625
0.0596131
0.961696
0.892196
0.829101
0.771747
0.719541
0.671957
0.628526
0.588831
0.5525
0.519199
0.488632
0.460534
0.434669
0.410822
0.388806
0.368447
0.349595
0.332109
0.315867
0.300757
0.286677
0.273536
0.261251
0.249747
0.238956
0.228817
0.219272
0.210272
0.201769
0.193722
0.186093
0.178848
0.171957
0.165394
0.159135
0.153162
0.147458
0.14201
0.136806
0.131839
0.127102
0.122591
0.118301
0.11423
0.110373
0.106728
0.103291
0.100057
0.0970208
0.0941768
0.0915179
0.0890368
0.0867256
0.0845759
0.0825793
0.0807271
0.0790107
0.0774218
0.075952
0.0745935
0.0733385
0.0721799
0.0711108
0.0701247
0.0692154
0.0683774
0.0676054
0.0668943
0.0662395
0.0656369
0.0650824
0.0645724
0.0641035
0.0636725
0.0632765
0.0629129
0.0625791
0.0622729
0.0619922
0.0617349
0.0614993
0.0612838
0.0610867
0.0609068
0.0607426
0.0605931
0.0604572
0.0603338
0.060222
0.0601212
0.0600306
0.0599496
0.0598777
0.0598145
0.0597598
0.0597133
0.0596752
0.0596454
0.0596244
0.0596125
0.961696
0.892196
0.829101
0.771747
0.719541
0.671957
0.628526
0.588831
0.5525
0.519199
0.488632
0.460534
0.434668
0.410822
0.388805
0.368446
0.349593
0.332108
0.315866
0.300755
0.286674
0.273533
0.261247
0.249743
0.238952
0.228812
0.219267
0.210266
0.201762
0.193715
0.186085
0.178839
0.171947
0.165383
0.159124
0.15315
0.147445
0.141996
0.136791
0.131824
0.127087
0.122575
0.118285
0.114213
0.110356
0.106711
0.103274
0.10004
0.0970044
0.0941608
0.0915024
0.0890218
0.0867111
0.084562
0.082566
0.0807144
0.0789987
0.0774104
0.0759413
0.0745834
0.073329
0.072171
0.0711024
0.0701168
0.0692081
0.0683706
0.067599
0.0668883
0.066234
0.0656318
0.0650777
0.064568
0.0640994
0.0636687
0.0632731
0.0629097
0.0625762
0.0622702
0.0619897
0.0617326
0.0614972
0.0612818
0.061085
0.0609051
0.0607411
0.0605917
0.0604559
0.0603326
0.0602209
0.0601202
0.0600297
0.0599487
0.0598769
0.0598137
0.059759
0.0597125
0.0596744
0.0596447
0.0596237
0.0596118
0.961696
0.892196
0.829101
0.771747
0.719541
0.671957
0.628526
0.588831
0.552499
0.519198
0.488632
0.460534
0.434668
0.410821
0.388804
0.368445
0.349592
0.332106
0.315863
0.300752
0.286671
0.273529
0.261243
0.249738
0.238947
0.228806
0.21926
0.210258
0.201754
0.193705
0.186074
0.178828
0.171935
0.16537
0.159109
0.153134
0.147428
0.141978
0.136773
0.131805
0.127067
0.122554
0.118264
0.114192
0.110335
0.10669
0.103253
0.100019
0.0969839
0.0941407
0.0914829
0.089003
0.0866931
0.0845447
0.0825495
0.0806987
0.0789838
0.0773963
0.0759279
0.0745708
0.0733172
0.0721599
0.071092
0.0701071
0.069199
0.0683621
0.0675911
0.066881
0.0662272
0.0656255
0.0650718
0.0645626
0.0640944
0.0636641
0.0632688
0.0629058
0.0625726
0.0622669
0.0619866
0.0617298
0.0614946
0.0612795
0.0610828
0.0609032
0.0607393
0.0605901
0.0604543
0.0603311
0.0602196
0.060119
0.0600285
0.0599476
0.0598758
0.0598127
0.059758
0.0597116
0.0596735
0.0596439
0.0596229
0.059611
0.961697
0.892196
0.829101
0.771747
0.719541
0.671957
0.628526
0.588831
0.552499
0.519198
0.488631
0.460533
0.434667
0.41082
0.388803
0.368444
0.34959
0.332104
0.315861
0.300749
0.286667
0.273525
0.261238
0.249733
0.23894
0.228799
0.219252
0.210249
0.201744
0.193694
0.186062
0.178814
0.17192
0.165354
0.159092
0.153116
0.147409
0.141957
0.136751
0.131782
0.127043
0.12253
0.118239
0.114166
0.110309
0.106664
0.103227
0.0999941
0.0969593
0.0941168
0.0914597
0.0889806
0.0866714
0.084524
0.0825297
0.0806798
0.0789659
0.0773793
0.0759119
0.0745557
0.073303
0.0721466
0.0710795
0.0700954
0.0691881
0.068352
0.0675817
0.0668722
0.0662191
0.0656179
0.0650648
0.0645562
0.0640885
0.0636586
0.0632637
0.0629011
0.0625683
0.062263
0.061983
0.0617265
0.0614916
0.0612767
0.0610802
0.0609008
0.0607372
0.0605881
0.0604525
0.0603295
0.0602181
0.0601175
0.0600272
0.0599464
0.0598747
0.0598116
0.059757
0.0597106
0.0596725
0.0596429
0.0596219
0.0596101
0.961697
0.892196
0.829102
0.771747
0.719541
0.671957
0.628527
0.588831
0.552499
0.519198
0.488631
0.460533
0.434666
0.410819
0.388801
0.368442
0.349588
0.332101
0.315857
0.300745
0.286663
0.27352
0.261232
0.249726
0.238933
0.22879
0.219243
0.210239
0.201732
0.193681
0.186048
0.178798
0.171903
0.165335
0.159072
0.153094
0.147386
0.141933
0.136725
0.131755
0.127015
0.122501
0.11821
0.114137
0.110279
0.106634
0.103198
0.099965
0.0969308
0.0940889
0.0914326
0.0889544
0.0866463
0.0844999
0.0825067
0.0806579
0.0789451
0.0773597
0.0758934
0.0745382
0.0732866
0.0721311
0.0710651
0.0700819
0.0691755
0.0683402
0.0675707
0.0668621
0.0662096
0.0656092
0.0650568
0.0645487
0.0640816
0.0636523
0.0632579
0.0628957
0.0625633
0.0622584
0.0619788
0.0617227
0.0614881
0.0612735
0.0610773
0.0608981
0.0607347
0.0605858
0.0604504
0.0603276
0.0602163
0.0601159
0.0600257
0.059945
0.0598733
0.0598103
0.0597558
0.0597094
0.0596714
0.0596418
0.0596209
0.0596091
0.961697
0.892196
0.829102
0.771747
0.719541
0.671957
0.628527
0.588831
0.552499
0.519198
0.48863
0.460532
0.434665
0.410818
0.388799
0.36844
0.349585
0.332098
0.315854
0.300741
0.286658
0.273514
0.261226
0.249719
0.238924
0.228781
0.219232
0.210227
0.201719
0.193666
0.186031
0.17878
0.171883
0.165314
0.159049
0.15307
0.14736
0.141905
0.136696
0.131724
0.126984
0.122469
0.118176
0.114103
0.110246
0.106601
0.103164
0.0999319
0.0968983
0.0940572
0.0914018
0.0889247
0.0866177
0.0844725
0.0824805
0.080633
0.0789215
0.0773373
0.0758722
0.0745183
0.0732679
0.0721136
0.0710487
0.0700665
0.0691612
0.0683269
0.0675583
0.0668505
0.0661989
0.0655993
0.0650476
0.0645402
0.0640737
0.0636451
0.0632512
0.0628896
0.0625577
0.0622533
0.0619741
0.0617184
0.0614842
0.0612699
0.061074
0.0608951
0.0607319
0.0605833
0.0604481
0.0603254
0.0602143
0.0601141
0.060024
0.0599434
0.0598718
0.0598089
0.0597544
0.0597081
0.0596701
0.0596406
0.0596197
0.059608
0.961697
0.892196
0.829102
0.771747
0.719541
0.671957
0.628527
0.588831
0.552499
0.519198
0.48863
0.460531
0.434664
0.410816
0.388798
0.368437
0.349582
0.332094
0.31585
0.300736
0.286652
0.273507
0.261218
0.24971
0.238915
0.22877
0.21922
0.210213
0.201704
0.193649
0.186013
0.17876
0.171861
0.16529
0.159023
0.153042
0.14733
0.141874
0.136663
0.13169
0.126948
0.122432
0.118139
0.114065
0.110208
0.106563
0.103126
0.0998947
0.0968618
0.0940216
0.0913673
0.0888913
0.0865856
0.0844418
0.0824512
0.0806051
0.078895
0.0773122
0.0758486
0.074496
0.0732469
0.072094
0.0710303
0.0700494
0.0691452
0.0683119
0.0675444
0.0668376
0.066187
0.0655882
0.0650373
0.0645307
0.064065
0.063637
0.0632438
0.0628828
0.0625515
0.0622475
0.0619689
0.0617136
0.0614798
0.0612659
0.0610703
0.0608917
0.0607289
0.0605805
0.0604455
0.060323
0.0602121
0.060112
0.0600221
0.0599416
0.0598702
0.0598074
0.0597529
0.0597067
0.0596688
0.0596393
0.0596184
0.0596067
0.961697
0.892197
0.829102
0.771748
0.719542
0.671958
0.628527
0.588831
0.552499
0.519197
0.488629
0.46053
0.434663
0.410815
0.388796
0.368435
0.349579
0.332091
0.315845
0.300731
0.286646
0.2735
0.26121
0.249701
0.238904
0.228758
0.219206
0.210198
0.201687
0.193631
0.185993
0.178738
0.171837
0.165264
0.158995
0.153011
0.147297
0.141839
0.136627
0.131652
0.126909
0.122392
0.118098
0.114023
0.110165
0.106521
0.103085
0.0998535
0.0968214
0.0939823
0.0913292
0.0888545
0.0865502
0.0844078
0.0824188
0.0805743
0.0788657
0.0772846
0.0758225
0.0744714
0.0732238
0.0720723
0.07101
0.0700304
0.0691275
0.0682955
0.0675291
0.0668234
0.0661738
0.065576
0.065026
0.0645203
0.0640554
0.0636281
0.0632357
0.0628753
0.0625446
0.0622412
0.0619631
0.0617083
0.0614749
0.0612614
0.0610663
0.060888
0.0607255
0.0605774
0.0604427
0.0603204
0.0602097
0.0601098
0.06002
0.0599397
0.0598683
0.0598056
0.0597513
0.0597052
0.0596673
0.0596378
0.059617
0.0596054
0.961697
0.892197
0.829102
0.771748
0.719542
0.671958
0.628527
0.588831
0.552499
0.519197
0.488629
0.460529
0.434662
0.410813
0.388793
0.368432
0.349576
0.332086
0.31584
0.300725
0.286639
0.273492
0.261201
0.24969
0.238892
0.228745
0.219191
0.210181
0.201668
0.193611
0.18597
0.178713
0.17181
0.165234
0.158963
0.152978
0.147262
0.141801
0.136587
0.131611
0.126866
0.122348
0.118053
0.113978
0.110119
0.106474
0.103039
0.0998085
0.0967773
0.0939392
0.0912874
0.0888141
0.0865114
0.0843707
0.0823833
0.0805406
0.0788337
0.0772543
0.0757939
0.0744446
0.0731986
0.0720486
0.0709878
0.0700097
0.0691081
0.0682775
0.0675124
0.0668079
0.0661594
0.0655626
0.0650137
0.0645089
0.0640449
0.0636185
0.0632268
0.0628671
0.0625371
0.0622343
0.0619568
0.0617025
0.0614696
0.0612566
0.0610618
0.060884
0.0607218
0.060574
0.0604395
0.0603175
0.0602071
0.0601074
0.0600177
0.0599376
0.0598664
0.0598038
0.0597495
0.0597035
0.0596657
0.0596363
0.0596155
0.0596039
0.961697
0.892197
0.829102
0.771748
0.719542
0.671958
0.628527
0.588831
0.552499
0.519196
0.488628
0.460528
0.43466
0.410811
0.388791
0.368429
0.349572
0.332082
0.315835
0.300718
0.286632
0.273484
0.261191
0.249679
0.238879
0.22873
0.219175
0.210163
0.201648
0.193588
0.185946
0.178687
0.171781
0.165203
0.158929
0.152941
0.147223
0.14176
0.136544
0.131565
0.126819
0.122299
0.118003
0.113928
0.110069
0.106424
0.102989
0.0997596
0.0967293
0.0938925
0.0912421
0.0887704
0.0864693
0.0843304
0.0823449
0.080504
0.0787991
0.0772215
0.075763
0.0744154
0.0731712
0.072023
0.0709638
0.0699873
0.0690872
0.068258
0.0674942
0.066791
0.0661438
0.0655482
0.0650003
0.0644966
0.0640335
0.063608
0.0632171
0.0628583
0.062529
0.0622269
0.06195
0.0616962
0.0614639
0.0612514
0.0610571
0.0608796
0.0607177
0.0605703
0.0604362
0.0603144
0.0602042
0.0601047
0.0600153
0.0599353
0.0598642
0.0598018
0.0597476
0.0597017
0.0596639
0.0596346
0.0596139
0.0596024
0.961697
0.892197
0.829103
0.771748
0.719542
0.671958
0.628527
0.588831
0.552499
0.519196
0.488627
0.460527
0.434659
0.410809
0.388788
0.368426
0.349568
0.332077
0.315829
0.300711
0.286624
0.273474
0.26118
0.249667
0.238866
0.228715
0.219158
0.210144
0.201627
0.193565
0.185919
0.178658
0.17175
0.165169
0.158893
0.152902
0.147181
0.141716
0.136497
0.131517
0.126768
0.122247
0.11795
0.113874
0.110015
0.106371
0.102936
0.0997069
0.0966777
0.0938422
0.0911933
0.0887233
0.0864241
0.0842871
0.0823035
0.0804647
0.0787618
0.0771863
0.0757297
0.0743841
0.0731418
0.0719954
0.070938
0.0699632
0.0690647
0.0682371
0.0674748
0.066773
0.066127
0.0655327
0.064986
0.0644833
0.0640213
0.0635967
0.0632068
0.0628488
0.0625202
0.0622189
0.0619426
0.0616895
0.0614578
0.0612457
0.0610519
0.0608749
0.0607134
0.0605663
0.0604325
0.0603111
0.0602011
0.0601019
0.0600126
0.0599328
0.0598619
0.0597996
0.0597456
0.0596997
0.0596621
0.0596328
0.0596122
0.0596007
0.961697
0.892197
0.829103
0.771749
0.719543
0.671959
0.628527
0.588832
0.552498
0.519196
0.488627
0.460526
0.434657
0.410807
0.388785
0.368422
0.349563
0.332071
0.315822
0.300704
0.286615
0.273464
0.261169
0.249654
0.238851
0.228698
0.219139
0.210123
0.201604
0.193539
0.185891
0.178627
0.171716
0.165132
0.158853
0.152859
0.147135
0.141668
0.136447
0.131464
0.126714
0.122192
0.117894
0.113817
0.109957
0.106313
0.102879
0.0996505
0.0966225
0.0937884
0.0911411
0.0886729
0.0863757
0.0842407
0.0822593
0.0804227
0.078722
0.0771486
0.0756942
0.0743507
0.0731104
0.071966
0.0709105
0.0699374
0.0690408
0.0682147
0.067454
0.0667537
0.0661091
0.0655161
0.0649707
0.0644692
0.0640083
0.0635847
0.0631958
0.0628386
0.0625109
0.0622104
0.0619348
0.0616824
0.0614512
0.0612397
0.0610464
0.0608699
0.0607088
0.0605621
0.0604287
0.0603075
0.0601978
0.0600988
0.0600098
0.0599302
0.0598594
0.0597973
0.0597434
0.0596976
0.0596601
0.0596309
0.0596103
0.0595988
0.961697
0.892197
0.829103
0.771749
0.719543
0.671959
0.628528
0.588832
0.552498
0.519195
0.488626
0.460525
0.434655
0.410804
0.388782
0.368418
0.349559
0.332066
0.315816
0.300696
0.286606
0.273453
0.261157
0.24964
0.238835
0.22868
0.219119
0.210101
0.201579
0.193511
0.185861
0.178594
0.17168
0.165093
0.158811
0.152814
0.147087
0.141617
0.136393
0.131408
0.126656
0.122132
0.117833
0.113755
0.109896
0.106251
0.102818
0.0995905
0.0965637
0.0937311
0.0910856
0.0886194
0.0863242
0.0841915
0.0822124
0.0803781
0.0786797
0.0771086
0.0756565
0.0743152
0.0730771
0.0719347
0.0708812
0.0699101
0.0690153
0.068191
0.067432
0.0667332
0.0660902
0.0654986
0.0649545
0.0644542
0.0639944
0.063572
0.063184
0.0628279
0.0625011
0.0622013
0.0619265
0.0616747
0.0614442
0.0612334
0.0610406
0.0608645
0.0607039
0.0605576
0.0604245
0.0603037
0.0601943
0.0600956
0.0600068
0.0599273
0.0598568
0.0597948
0.059741
0.0596954
0.0596579
0.0596288
0.0596083
0.0595969
0.961697
0.892197
0.829103
0.771749
0.719543
0.671959
0.628528
0.588832
0.552498
0.519195
0.488625
0.460523
0.434653
0.410802
0.388779
0.368414
0.349554
0.33206
0.315808
0.300687
0.286596
0.273442
0.261143
0.249625
0.238818
0.228661
0.219098
0.210077
0.201552
0.193482
0.185829
0.178558
0.171641
0.165051
0.158766
0.152766
0.147036
0.141563
0.136337
0.131349
0.126595
0.122069
0.117769
0.11369
0.109831
0.106186
0.102753
0.0995269
0.0965015
0.0936705
0.0910269
0.0885628
0.0862699
0.0841395
0.0821628
0.0803309
0.078635
0.0770664
0.0756166
0.0742777
0.0730419
0.0719017
0.0708504
0.0698813
0.0689884
0.068166
0.0674087
0.0667116
0.0660702
0.06548
0.0649373
0.0644384
0.0639798
0.0635586
0.0631717
0.0628165
0.0624906
0.0621917
0.0619177
0.0616667
0.0614369
0.0612266
0.0610344
0.0608589
0.0606987
0.0605528
0.0604202
0.0602997
0.0601906
0.0600921
0.0600036
0.0599243
0.059854
0.0597921
0.0597385
0.059693
0.0596556
0.0596266
0.0596061
0.0595947
0.961697
0.892198
0.829104
0.771749
0.719544
0.671959
0.628528
0.588832
0.552498
0.519194
0.488624
0.460522
0.434651
0.410799
0.388775
0.36841
0.349548
0.332053
0.315801
0.300678
0.286585
0.27343
0.26113
0.249609
0.2388
0.228641
0.219075
0.210052
0.201525
0.193451
0.185795
0.178521
0.171601
0.165007
0.158719
0.152715
0.146982
0.141506
0.136277
0.131287
0.12653
0.122003
0.117701
0.113622
0.109762
0.106118
0.102685
0.09946
0.0964359
0.0936067
0.0909651
0.0885032
0.0862126
0.0840847
0.0821106
0.0802813
0.078588
0.0770219
0.0755747
0.0742383
0.0730049
0.071867
0.0708179
0.069851
0.0689602
0.0681397
0.0673843
0.0666889
0.0660491
0.0654606
0.0649193
0.0644218
0.0639645
0.0635444
0.0631587
0.0628046
0.0624796
0.0621817
0.0619085
0.0616582
0.0614291
0.0612195
0.0610279
0.0608529
0.0606933
0.0605478
0.0604155
0.0602954
0.0601867
0.0600885
0.0600002
0.0599212
0.059851
0.0597893
0.0597358
0.0596905
0.0596532
0.0596242
0.0596038
0.0595925
0.961697
0.892198
0.829104
0.77175
0.719544
0.67196
0.628528
0.588832
0.552497
0.519193
0.488623
0.46052
0.434649
0.410796
0.388772
0.368405
0.349542
0.332046
0.315792
0.300669
0.286574
0.273417
0.261115
0.249592
0.238781
0.22862
0.219051
0.210025
0.201495
0.193419
0.185759
0.178482
0.171558
0.164961
0.158669
0.152662
0.146925
0.141446
0.136213
0.131221
0.126462
0.121933
0.11763
0.11355
0.10969
0.106046
0.102614
0.0993897
0.0963672
0.0935398
0.0909003
0.0884407
0.0861526
0.0840273
0.0820559
0.0802293
0.0785387
0.0769754
0.0755309
0.074197
0.0729661
0.0718308
0.070784
0.0698193
0.0689306
0.0681122
0.0673587
0.0666652
0.0660271
0.0654402
0.0649005
0.0644044
0.0639485
0.0635297
0.0631451
0.0627921
0.0624682
0.0621711
0.0618988
0.0616494
0.061421
0.0612121
0.0610211
0.0608467
0.0606875
0.0605426
0.0604107
0.0602909
0.0601825
0.0600846
0.0599966
0.0599178
0.0598479
0.0597863
0.059733
0.0596878
0.0596506
0.0596217
0.0596014
0.0595901
0.961697
0.892198
0.829104
0.77175
0.719544
0.67196
0.628528
0.588832
0.552497
0.519193
0.488622
0.460519
0.434647
0.410793
0.388768
0.3684
0.349536
0.332039
0.315784
0.300659
0.286562
0.273404
0.261099
0.249575
0.238761
0.228597
0.219026
0.209997
0.201464
0.193385
0.185722
0.178441
0.171513
0.164913
0.158616
0.152606
0.146866
0.141383
0.136147
0.131152
0.126391
0.12186
0.117555
0.113475
0.109614
0.10597
0.102539
0.0993163
0.0962953
0.0934699
0.0908326
0.0883754
0.08609
0.0839674
0.0819988
0.0801751
0.0784874
0.0769269
0.0754852
0.074154
0.0729258
0.0717929
0.0707486
0.0697863
0.0688998
0.0680835
0.0673321
0.0666405
0.0660042
0.065419
0.0648809
0.0643863
0.0639318
0.0635143
0.0631309
0.062779
0.0624562
0.0621601
0.0618887
0.0616401
0.0614125
0.0612043
0.061014
0.0608401
0.0606815
0.060537
0.0604056
0.0602862
0.0601782
0.0600806
0.0599928
0.0599143
0.0598445
0.0597832
0.05973
0.0596849
0.0596479
0.0596191
0.0595988
0.0595875
0.961697
0.892198
0.829105
0.771751
0.719545
0.67196
0.628529
0.588832
0.552497
0.519192
0.488621
0.460517
0.434644
0.41079
0.388764
0.368395
0.34953
0.332032
0.315775
0.300648
0.28655
0.273389
0.261083
0.249556
0.238741
0.228574
0.219
0.209968
0.201432
0.193349
0.185682
0.178398
0.171467
0.164862
0.158562
0.152547
0.146803
0.141317
0.136078
0.13108
0.126317
0.121784
0.117478
0.113396
0.109535
0.105892
0.102462
0.0992398
0.0962205
0.0933971
0.0907621
0.0883076
0.0860249
0.0839052
0.0819395
0.0801188
0.078434
0.0768765
0.0754376
0.0741094
0.0728838
0.0717536
0.0707119
0.069752
0.0688679
0.0680538
0.0673044
0.0666148
0.0659804
0.0653969
0.0648605
0.0643674
0.0639144
0.0634983
0.0631162
0.0627655
0.0624438
0.0621487
0.0618783
0.0616305
0.0614037
0.0611962
0.0610065
0.0608333
0.0606753
0.0605313
0.0604003
0.0602813
0.0601736
0.0600763
0.0599889
0.0599106
0.0598411
0.0597799
0.0597269
0.0596819
0.059645
0.0596163
0.0595961
0.0595848
0.961697
0.892199
0.829105
0.771751
0.719545
0.671961
0.628529
0.588832
0.552497
0.519191
0.488619
0.460515
0.434642
0.410786
0.388759
0.368389
0.349523
0.332024
0.315765
0.300637
0.286537
0.273375
0.261066
0.249537
0.238719
0.22855
0.218973
0.209938
0.201398
0.193312
0.185641
0.178353
0.171418
0.164809
0.158505
0.152486
0.146738
0.141248
0.136006
0.131005
0.126239
0.121704
0.117397
0.113314
0.109453
0.10581
0.102381
0.0991604
0.0961429
0.0933216
0.0906891
0.0882372
0.0859573
0.0838407
0.081878
0.0800604
0.0783788
0.0768243
0.0753885
0.0740631
0.0728404
0.071713
0.0706739
0.0697165
0.0688348
0.068023
0.0672758
0.0665882
0.0659558
0.0653741
0.0648394
0.064348
0.0638964
0.0634817
0.063101
0.0627515
0.0624309
0.0621369
0.0618674
0.0616206
0.0613946
0.0611878
0.0609988
0.0608262
0.0606687
0.0605253
0.0603947
0.0602762
0.0601689
0.0600719
0.0599847
0.0599067
0.0598374
0.0597764
0.0597236
0.0596788
0.0596419
0.0596133
0.0595932
0.0595819
0.961697
0.892199
0.829105
0.771751
0.719546
0.671961
0.628529
0.588832
0.552496
0.519191
0.488618
0.460513
0.434639
0.410783
0.388755
0.368384
0.349517
0.332015
0.315755
0.300625
0.286524
0.273359
0.261049
0.249517
0.238696
0.228524
0.218945
0.209906
0.201363
0.193273
0.185599
0.178307
0.171367
0.164754
0.158446
0.152423
0.146671
0.141177
0.135932
0.130927
0.126159
0.121622
0.117313
0.11323
0.109368
0.105726
0.102297
0.0990783
0.0960626
0.0932436
0.0906136
0.0881645
0.0858876
0.083774
0.0818146
0.0800002
0.0783217
0.0767704
0.0753377
0.0740154
0.0727957
0.0716711
0.0706347
0.0696799
0.0688007
0.0679912
0.0672463
0.0665608
0.0659304
0.0653506
0.0648177
0.0643279
0.0638779
0.0634646
0.0630852
0.062737
0.0624176
0.0621246
0.0618562
0.0616103
0.0613851
0.0611791
0.0609909
0.0608189
0.060662
0.060519
0.060389
0.0602709
0.0601639
0.0600673
0.0599804
0.0599027
0.0598336
0.0597728
0.0597201
0.0596754
0.0596387
0.0596102
0.0595901
0.0595789
0.961698
0.892199
0.829106
0.771752
0.719546
0.671961
0.628529
0.588832
0.552496
0.51919
0.488617
0.460511
0.434636
0.410779
0.38875
0.368378
0.349509
0.332006
0.315745
0.300613
0.28651
0.273343
0.26103
0.249496
0.238673
0.228498
0.218915
0.209874
0.201327
0.193233
0.185555
0.178259
0.171315
0.164697
0.158385
0.152358
0.146601
0.141104
0.135855
0.130847
0.126076
0.121537
0.117227
0.113143
0.109281
0.105639
0.102211
0.0989936
0.0959799
0.0931632
0.0905358
0.0880896
0.0858158
0.0837054
0.0817493
0.0799382
0.078263
0.076715
0.0752855
0.0739664
0.0727496
0.071628
0.0705944
0.0696423
0.0687656
0.0679586
0.0672159
0.0665327
0.0659043
0.0653265
0.0647953
0.0643073
0.0638589
0.0634471
0.063069
0.0627221
0.0624039
0.0621121
0.0618446
0.0615996
0.0613754
0.0611702
0.0609826
0.0608113
0.060655
0.0605126
0.060383
0.0602654
0.0601588
0.0600625
0.0599759
0.0598984
0.0598296
0.059769
0.0597165
0.059672
0.0596354
0.0596069
0.0595869
0.0595758
0.961698
0.892199
0.829106
0.771752
0.719546
0.671962
0.628529
0.588831
0.552495
0.519189
0.488615
0.460509
0.434633
0.410775
0.388745
0.368371
0.349502
0.331997
0.315734
0.300601
0.286495
0.273326
0.261011
0.249475
0.238649
0.228471
0.218885
0.20984
0.201289
0.193192
0.185509
0.178209
0.17126
0.164639
0.158321
0.15229
0.14653
0.141028
0.135775
0.130764
0.125991
0.121449
0.117138
0.113053
0.109191
0.105549
0.102123
0.0989066
0.0958949
0.0930805
0.0904559
0.0880127
0.0857421
0.083635
0.0816823
0.0798746
0.0782028
0.0766582
0.075232
0.0739161
0.0727025
0.0715838
0.0705531
0.0696038
0.0687297
0.0679252
0.0671849
0.0665038
0.0658775
0.0653017
0.0647724
0.0642861
0.0638393
0.0634291
0.0630525
0.0627069
0.0623898
0.0620991
0.0618327
0.0615887
0.0613653
0.061161
0.0609741
0.0608035
0.0606478
0.0605059
0.0603769
0.0602597
0.0601535
0.0600575
0.0599713
0.059894
0.0598254
0.0597651
0.0597127
0.0596683
0.0596318
0.0596035
0.0595835
0.0595724
0.961698
0.8922
0.829106
0.771753
0.719547
0.671962
0.62853
0.588831
0.552495
0.519188
0.488614
0.460507
0.43463
0.410771
0.38874
0.368365
0.349494
0.331988
0.315723
0.300588
0.28648
0.273309
0.260992
0.249453
0.238623
0.228443
0.218853
0.209805
0.201251
0.193149
0.185462
0.178158
0.171205
0.164578
0.158257
0.152221
0.146456
0.14095
0.135693
0.130679
0.125903
0.12136
0.117046
0.11296
0.109099
0.105457
0.102032
0.0988174
0.0958077
0.0929959
0.0903741
0.087934
0.0856666
0.083563
0.0816137
0.0798095
0.0781413
0.0766001
0.0751773
0.0738647
0.0726542
0.0715386
0.0705109
0.0695644
0.068693
0.067891
0.0671531
0.0664744
0.0658502
0.0652764
0.064749
0.0642645
0.0638194
0.0634107
0.0630355
0.0626912
0.0623755
0.0620859
0.0618206
0.0615776
0.0613551
0.0611515
0.0609654
0.0607955
0.0606404
0.0604991
0.0603705
0.0602538
0.060148
0.0600524
0.0599664
0.0598895
0.0598211
0.059761
0.0597088
0.0596645
0.0596282
0.0595999
0.05958
0.0595689
0.961698
0.8922
0.829107
0.771753
0.719547
0.671963
0.62853
0.588831
0.552494
0.519187
0.488612
0.460504
0.434626
0.410767
0.388734
0.368358
0.349485
0.331978
0.315712
0.300574
0.286465
0.273291
0.260971
0.24943
0.238598
0.228414
0.218821
0.209769
0.201211
0.193105
0.185414
0.178105
0.171148
0.164517
0.15819
0.152149
0.14638
0.14087
0.13561
0.130592
0.125813
0.121268
0.116953
0.112866
0.109004
0.105363
0.101939
0.0987262
0.0957187
0.0929095
0.0902906
0.0878536
0.0855897
0.0834895
0.0815438
0.0797432
0.0780786
0.0765409
0.0751216
0.0738123
0.0726051
0.0714927
0.0704679
0.0695243
0.0686556
0.0678562
0.0671208
0.0664444
0.0658224
0.0652506
0.0647252
0.0642424
0.063799
0.0633919
0.0630182
0.0626753
0.0623608
0.0620724
0.0618082
0.0615661
0.0613446
0.0611418
0.0609565
0.0607873
0.0606328
0.0604921
0.060364
0.0602477
0.0601423
0.0600471
0.0599614
0.0598848
0.0598166
0.0597567
0.0597047
0.0596606
0.0596243
0.0595961
0.0595763
0.0595653
0.961698
0.8922
0.829107
0.771754
0.719548
0.671963
0.62853
0.588831
0.552494
0.519186
0.48861
0.460502
0.434623
0.410762
0.388728
0.368351
0.349477
0.331968
0.315699
0.30056
0.286449
0.273273
0.26095
0.249406
0.238571
0.228384
0.218788
0.209732
0.20117
0.19306
0.185365
0.178051
0.171089
0.164453
0.158122
0.152077
0.146303
0.140788
0.135524
0.130504
0.125721
0.121174
0.116857
0.11277
0.108908
0.105267
0.101844
0.0986333
0.0956281
0.0928215
0.0902056
0.0877719
0.0855114
0.0834148
0.0814727
0.0796758
0.0780148
0.0764808
0.0750649
0.0737591
0.0725552
0.071446
0.0704242
0.0694835
0.0686176
0.0678209
0.0670879
0.0664139
0.0657941
0.0652245
0.064701
0.06422
0.0637783
0.0633728
0.0630006
0.0626591
0.0623459
0.0620587
0.0617955
0.0615545
0.0613338
0.061132
0.0609474
0.0607789
0.0606251
0.0604849
0.0603573
0.0602415
0.0601365
0.0600416
0.0599563
0.0598799
0.059812
0.0597523
0.0597005
0.0596565
0.0596203
0.0595922
0.0595725
0.0595615
0.961698
0.8922
0.829108
0.771754
0.719548
0.671963
0.62853
0.588831
0.552493
0.519185
0.488608
0.460499
0.434619
0.410757
0.388722
0.368343
0.349468
0.331957
0.315687
0.300546
0.286432
0.273254
0.260929
0.249382
0.238544
0.228354
0.218754
0.209695
0.201129
0.193015
0.185315
0.177997
0.17103
0.164389
0.158053
0.152003
0.146224
0.140705
0.135437
0.130413
0.125628
0.121078
0.11676
0.112672
0.10881
0.10517
0.101748
0.098539
0.0955361
0.0927322
0.0901193
0.087689
0.085432
0.083339
0.0814007
0.0796075
0.0779502
0.0764198
0.0750076
0.0737052
0.0725047
0.0713987
0.0703801
0.0694423
0.0685792
0.0677851
0.0670547
0.066383
0.0657655
0.0651979
0.0646764
0.0641974
0.0637574
0.0633535
0.0629828
0.0626427
0.0623307
0.0620447
0.0617827
0.0615427
0.0613229
0.0611219
0.0609382
0.0607703
0.0606171
0.0604775
0.0603505
0.0602351
0.0601305
0.060036
0.059951
0.0598749
0.0598072
0.0597477
0.059696
0.0596522
0.0596162
0.0595882
0.0595685
0.0595575
0.961698
0.892201
0.829108
0.771755
0.719549
0.671964
0.62853
0.588831
0.552492
0.519183
0.488606
0.460496
0.434615
0.410752
0.388716
0.368335
0.349458
0.331946
0.315674
0.300531
0.286415
0.273235
0.260907
0.249357
0.238516
0.228323
0.21872
0.209656
0.201087
0.192968
0.185264
0.177941
0.170969
0.164323
0.157982
0.151927
0.146144
0.140621
0.135349
0.130321
0.125533
0.120981
0.116662
0.112573
0.10871
0.105071
0.101651
0.0984435
0.0954429
0.0926418
0.0900321
0.0876051
0.0853517
0.0832624
0.0813278
0.0795385
0.0778849
0.0763583
0.0749497
0.0736508
0.0724537
0.0713509
0.0703354
0.0694007
0.0685404
0.067749
0.0670211
0.0663519
0.0657366
0.0651712
0.0646517
0.0641744
0.0637362
0.0633339
0.0629647
0.062626
0.0623154
0.0620306
0.0617697
0.0615307
0.0613119
0.0611117
0.0609287
0.0607616
0.060609
0.06047
0.0603435
0.0602286
0.0601244
0.0600303
0.0599456
0.0598697
0.0598023
0.059743
0.0596915
0.0596478
0.0596119
0.059584
0.0595643
0.0595534
0.961698
0.892201
0.829109
0.771755
0.719549
0.671964
0.62853
0.58883
0.552492
0.519182
0.488604
0.460492
0.434611
0.410746
0.388709
0.368327
0.349449
0.331934
0.315661
0.300516
0.286397
0.273215
0.260885
0.249332
0.238488
0.228291
0.218685
0.209618
0.201044
0.192921
0.185213
0.177885
0.170908
0.164257
0.157911
0.151851
0.146063
0.140536
0.13526
0.130228
0.125438
0.120883
0.116563
0.112473
0.10861
0.104972
0.101553
0.0983471
0.095349
0.0925507
0.0899441
0.0875206
0.0852708
0.0831853
0.0812545
0.0794689
0.0778192
0.0762963
0.0748914
0.073596
0.0724024
0.0713029
0.0702906
0.0693588
0.0685014
0.0677127
0.0669874
0.0663205
0.0657075
0.0651442
0.0646267
0.0641514
0.0637149
0.0633143
0.0629466
0.0626093
0.0622999
0.0620164
0.0617565
0.0615186
0.0613007
0.0611014
0.0609192
0.0607527
0.0606008
0.0604624
0.0603364
0.0602219
0.0601181
0.0600244
0.05994
0.0598644
0.0597972
0.0597381
0.0596868
0.0596432
0.0596074
0.0595796
0.05956
0.0595492
0.961698
0.892201
0.829109
0.771756
0.71955
0.671964
0.62853
0.58883
0.552491
0.51918
0.488601
0.460489
0.434606
0.410741
0.388702
0.368319
0.349438
0.331923
0.315647
0.3005
0.286379
0.273194
0.260862
0.249306
0.238459
0.228259
0.218649
0.209579
0.201001
0.192874
0.185161
0.177828
0.170846
0.16419
0.157839
0.151774
0.145982
0.14045
0.135169
0.130135
0.125341
0.120785
0.116462
0.112372
0.108509
0.104872
0.101454
0.0982502
0.0952545
0.0924591
0.0898558
0.0874357
0.0851895
0.0831078
0.0811809
0.0793992
0.0777533
0.0762341
0.0748329
0.0735411
0.0723509
0.0712547
0.0702455
0.0693168
0.0684623
0.0676763
0.0669535
0.0662891
0.0656784
0.0651172
0.0646017
0.0641282
0.0636935
0.0632945
0.0629283
0.0625924
0.0622844
0.062002
0.0617433
0.0615064
0.0612894
0.061091
0.0609095
0.0607438
0.0605925
0.0604547
0.0603292
0.0602151
0.0601118
0.0600184
0.0599343
0.059859
0.059792
0.0597331
0.059682
0.0596385
0.0596029
0.0595751
0.0595556
0.0595448
0.961698
0.892202
0.829109
0.771756
0.71955
0.671964
0.62853
0.588829
0.552489
0.519178
0.488598
0.460485
0.434601
0.410735
0.388694
0.36831
0.349428
0.33191
0.315633
0.300484
0.286361
0.273174
0.260839
0.24928
0.238431
0.228227
0.218614
0.209539
0.200957
0.192826
0.185108
0.177771
0.170784
0.164123
0.157767
0.151697
0.1459
0.140363
0.135079
0.130041
0.125244
0.120686
0.116362
0.11227
0.108408
0.104771
0.101355
0.0981531
0.0951598
0.0923673
0.0897673
0.0873507
0.0851082
0.0830303
0.0811072
0.0793294
0.0776874
0.076172
0.0747744
0.0734862
0.0722995
0.0712066
0.0702006
0.0692748
0.0684232
0.0676399
0.0669197
0.0662576
0.0656492
0.0650902
0.0645767
0.0641051
0.0636721
0.0632747
0.06291
0.0625755
0.0622688
0.0619877
0.06173
0.0614941
0.0612781
0.0610805
0.0608998
0.0607348
0.0605841
0.0604468
0.0603218
0.0602083
0.0601053
0.0600122
0.0599284
0.0598534
0.0597867
0.059728
0.059677
0.0596337
0.0595981
0.0595705
0.059551
0.0595403
0.961699
0.892202
0.82911
0.771757
0.719551
0.671965
0.62853
0.588829
0.552488
0.519176
0.488595
0.460481
0.434596
0.410728
0.388686
0.368301
0.349417
0.331898
0.315619
0.300467
0.286343
0.273153
0.260815
0.249254
0.238402
0.228195
0.218578
0.2095
0.200914
0.192778
0.185056
0.177714
0.170722
0.164056
0.157695
0.15162
0.145818
0.140277
0.134989
0.129947
0.125148
0.120587
0.116262
0.112169
0.108307
0.104671
0.101256
0.0980561
0.0950654
0.0922758
0.089679
0.0872659
0.0850271
0.082953
0.0810338
0.0792599
0.0776217
0.0761101
0.0747162
0.0734316
0.0722482
0.0711587
0.0701558
0.069233
0.0683842
0.0676036
0.066886
0.0662263
0.0656202
0.0650632
0.0645517
0.064082
0.0636507
0.0632549
0.0628918
0.0625587
0.0622532
0.0619733
0.0617167
0.0614818
0.0612667
0.0610699
0.06089
0.0607257
0.0605757
0.0604389
0.0603144
0.0602013
0.0600987
0.060006
0.0599225
0.0598477
0.0597812
0.0597227
0.0596719
0.0596287
0.0595933
0.0595657
0.0595463
0.0595356
0.961699
0.892202
0.82911
0.771757
0.719551
0.671965
0.62853
0.588828
0.552486
0.519173
0.488592
0.460477
0.434591
0.410721
0.388678
0.368291
0.349406
0.331885
0.315604
0.300451
0.286324
0.273132
0.260792
0.249228
0.238372
0.228163
0.218542
0.20946
0.20087
0.192731
0.185004
0.177657
0.170661
0.16399
0.157623
0.151544
0.145737
0.140191
0.134899
0.129854
0.125051
0.120488
0.116162
0.112069
0.108207
0.104571
0.101157
0.0979598
0.0949715
0.0921849
0.0895913
0.0871817
0.0849466
0.0828763
0.080961
0.0791909
0.0775566
0.0760487
0.0746584
0.0733774
0.0721974
0.0711111
0.0701114
0.0691916
0.0683456
0.0675677
0.0668526
0.0661953
0.0655913
0.0650365
0.0645269
0.064059
0.0636295
0.0632353
0.0628736
0.0625419
0.0622377
0.0619589
0.0617035
0.0614695
0.0612553
0.0610594
0.0608802
0.0607166
0.0605672
0.060431
0.060307
0.0601943
0.0600921
0.0599997
0.0599165
0.059842
0.0597757
0.0597173
0.0596667
0.0596237
0.0595883
0.0595608
0.0595415
0.0595308
0.961699
0.892203
0.829111
0.771758
0.719551
0.671965
0.628529
0.588827
0.552485
0.519171
0.488588
0.460472
0.434585
0.410714
0.38867
0.368281
0.349394
0.331872
0.315589
0.300434
0.286305
0.273111
0.260768
0.249202
0.238344
0.228131
0.218507
0.209422
0.200828
0.192684
0.184952
0.177601
0.1706
0.163924
0.157552
0.151468
0.145656
0.140106
0.13481
0.129761
0.124956
0.120391
0.116063
0.111969
0.108107
0.104472
0.10106
0.0978644
0.0948787
0.0920949
0.0895046
0.0870985
0.0848671
0.0828005
0.080889
0.0791228
0.0774922
0.075988
0.0746014
0.0733238
0.0721473
0.0710642
0.0700676
0.0691507
0.0683075
0.0675322
0.0668196
0.0661646
0.0655629
0.0650101
0.0645024
0.0640363
0.0636085
0.0632158
0.0628556
0.0625252
0.0622223
0.0619446
0.0616902
0.0614573
0.061244
0.0610489
0.0608704
0.0607074
0.0605586
0.060423
0.0602994
0.0601872
0.0600854
0.0599933
0.0599104
0.0598361
0.05977
0.0597119
0.0596614
0.0596185
0.0595832
0.0595558
0.0595365
0.0595259
0.961699
0.892203
0.829111
0.771758
0.719551
0.671964
0.628528
0.588825
0.552482
0.519168
0.488584
0.460467
0.434578
0.410706
0.388661
0.36827
0.349382
0.331858
0.315574
0.300417
0.286286
0.27309
0.260745
0.249176
0.238315
0.228099
0.218472
0.209383
0.200785
0.192637
0.184902
0.177546
0.17054
0.163859
0.157483
0.151393
0.145577
0.140023
0.134722
0.12967
0.124862
0.120295
0.115965
0.111871
0.108009
0.104375
0.100964
0.0977706
0.0947873
0.0920064
0.0894192
0.0870166
0.0847888
0.082726
0.0808183
0.0790558
0.0774289
0.0759284
0.0745454
0.0732713
0.072098
0.0710181
0.0700245
0.0691105
0.06827
0.0674973
0.0667871
0.0661344
0.0655348
0.0649841
0.0644783
0.064014
0.0635878
0.0631966
0.0628378
0.0625088
0.0622071
0.0619305
0.0616772
0.0614451
0.0612327
0.0610384
0.0608607
0.0606983
0.0605501
0.060415
0.0602919
0.06018
0.0600786
0.0599869
0.0599042
0.0598302
0.0597643
0.0597063
0.0596559
0.0596132
0.059578
0.0595507
0.0595314
0.0595208
0.961699
0.892203
0.829112
0.771758
0.719551
0.671964
0.628527
0.588823
0.55248
0.519164
0.488579
0.460461
0.434571
0.410698
0.388651
0.36826
0.34937
0.331844
0.315558
0.3004
0.286267
0.273069
0.260722
0.249151
0.238287
0.228068
0.218438
0.209346
0.200744
0.192592
0.184852
0.177492
0.170481
0.163796
0.157414
0.15132
0.145499
0.139941
0.134637
0.129581
0.12477
0.120201
0.11587
0.111775
0.107913
0.10428
0.10087
0.0976786
0.0946978
0.0919197
0.0893358
0.0869365
0.0847123
0.0826531
0.0807491
0.0789903
0.0773671
0.0758702
0.0744906
0.0732199
0.0720499
0.0709731
0.0699824
0.0690712
0.0682334
0.0674632
0.0667553
0.0661049
0.0655074
0.0649586
0.0644547
0.0639921
0.0635674
0.0631778
0.0628204
0.0624926
0.062192
0.0619166
0.0616642
0.0614331
0.0612215
0.061028
0.060851
0.0606892
0.0605416
0.0604069
0.0602843
0.0601729
0.0600718
0.0599804
0.059898
0.0598242
0.0597585
0.0597007
0.0596504
0.0596078
0.0595727
0.0595454
0.0595263
0.0595157
0.961699
0.892204
0.829112
0.771758
0.719551
0.671963
0.628526
0.588821
0.552477
0.51916
0.488574
0.460455
0.434564
0.41069
0.388641
0.368248
0.349357
0.33183
0.315543
0.300383
0.286248
0.273048
0.260699
0.249126
0.238259
0.228038
0.218405
0.209309
0.200704
0.192548
0.184804
0.177439
0.170424
0.163734
0.157348
0.151249
0.145424
0.139861
0.134553
0.129494
0.124681
0.120109
0.115777
0.111681
0.10782
0.104187
0.100779
0.0975892
0.0946108
0.0918355
0.0892546
0.0868586
0.0846378
0.0825823
0.0806818
0.0789267
0.077307
0.0758136
0.0744374
0.0731699
0.0720031
0.0709293
0.0699415
0.069033
0.0681978
0.06743
0.0667245
0.0660762
0.0654807
0.0649338
0.0644317
0.0639707
0.0635476
0.0631594
0.0628033
0.0624767
0.0621773
0.0619029
0.0616515
0.0614213
0.0612105
0.0610177
0.0608413
0.0606802
0.0605331
0.060399
0.0602768
0.0601657
0.060065
0.0599738
0.0598917
0.0598181
0.0597526
0.0596949
0.0596448
0.0596023
0.0595673
0.0595401
0.059521
0.0595104
0.961699
0.892204
0.829112
0.771758
0.719551
0.671962
0.628524
0.588819
0.552473
0.519156
0.488569
0.460448
0.434556
0.410681
0.388631
0.368237
0.349345
0.331816
0.315527
0.300366
0.28623
0.273028
0.260677
0.249101
0.238233
0.228009
0.218373
0.209274
0.200666
0.192506
0.184758
0.177389
0.170369
0.163675
0.157284
0.151181
0.145351
0.139784
0.134473
0.129411
0.124594
0.120021
0.115687
0.111591
0.107729
0.104097
0.100691
0.0975029
0.0945267
0.0917541
0.0891762
0.0867834
0.084566
0.0825139
0.080617
0.0788653
0.0772491
0.075759
0.0743861
0.0731218
0.071958
0.0708871
0.069902
0.0689962
0.0681634
0.067398
0.0666947
0.0660485
0.0654549
0.0649098
0.0644093
0.0639499
0.0635283
0.0631415
0.0627867
0.0624613
0.062163
0.0618896
0.0616391
0.0614097
0.0611997
0.0610076
0.0608319
0.0606713
0.0605247
0.060391
0.0602693
0.0601586
0.0600581
0.0599673
0.0598854
0.059812
0.0597467
0.0596891
0.0596392
0.0595967
0.0595618
0.0595347
0.0595156
0.0595051
0.9617
0.892204
0.829112
0.771758
0.71955
0.671961
0.628522
0.588816
0.552469
0.519151
0.488563
0.460441
0.434548
0.410671
0.388621
0.368226
0.349332
0.331803
0.315512
0.300349
0.286212
0.273008
0.260656
0.249078
0.238207
0.227981
0.218343
0.209241
0.200629
0.192466
0.184715
0.177341
0.170317
0.163619
0.157224
0.151116
0.145282
0.139711
0.134396
0.129331
0.124512
0.119936
0.115601
0.111505
0.107643
0.104012
0.100606
0.0974202
0.0944462
0.0916762
0.0891011
0.0867115
0.0844973
0.0824485
0.0805549
0.0788065
0.0771937
0.0757068
0.074337
0.0730757
0.0719148
0.0708467
0.0698643
0.0689609
0.0681305
0.0673673
0.0666661
0.0660218
0.0654301
0.0648868
0.0643879
0.06393
0.0635098
0.0631242
0.0627706
0.0624463
0.062149
0.0618766
0.061627
0.0613984
0.0611891
0.0609976
0.0608225
0.0606625
0.0605164
0.0603832
0.0602618
0.0601514
0.0600513
0.0599607
0.0598791
0.0598059
0.0597407
0.0596833
0.0596334
0.0595911
0.0595563
0.0595292
0.0595102
0.0594997
0.9617
0.892204
0.829112
0.771758
0.719549
0.671959
0.62852
0.588812
0.552465
0.519145
0.488556
0.460434
0.43454
0.410662
0.38861
0.368214
0.34932
0.331789
0.315498
0.300333
0.286195
0.27299
0.260635
0.249056
0.238183
0.227955
0.218314
0.209209
0.200595
0.192429
0.184673
0.177296
0.170269
0.163565
0.157166
0.151055
0.145216
0.139642
0.134323
0.129255
0.124434
0.119856
0.11552
0.111423
0.107561
0.103931
0.100526
0.0973418
0.09437
0.0916024
0.08903
0.0866433
0.0844322
0.0823865
0.0804961
0.0787509
0.0771412
0.0756574
0.0742906
0.0730321
0.0718739
0.0708084
0.0698285
0.0689275
0.0680993
0.0673382
0.0666389
0.0659965
0.0654065
0.0648648
0.0643674
0.0639109
0.063492
0.0631077
0.0627552
0.0624319
0.0621356
0.061864
0.0616152
0.0613874
0.0611788
0.0609879
0.0608134
0.0606539
0.0605083
0.0603754
0.0602544
0.0601444
0.0600445
0.0599542
0.0598727
0.0597997
0.0597347
0.0596774
0.0596277
0.0595854
0.0595507
0.0595237
0.0595047
0.0594942
0.9617
0.892204
0.829112
0.771757
0.719548
0.671957
0.628517
0.588808
0.55246
0.519139
0.48855
0.460426
0.434531
0.410652
0.3886
0.368203
0.349308
0.331776
0.315484
0.300318
0.286178
0.272972
0.260616
0.249036
0.238161
0.22793
0.218287
0.20918
0.200563
0.192394
0.184635
0.177255
0.170223
0.163516
0.157113
0.150998
0.145156
0.139577
0.134255
0.129184
0.124361
0.119782
0.115444
0.111346
0.107485
0.103855
0.100451
0.0972685
0.0942986
0.0915333
0.0889635
0.0865794
0.0843712
0.0823285
0.0804411
0.0786988
0.077092
0.0756111
0.0742471
0.0729913
0.0718357
0.0707726
0.069795
0.0688962
0.0680701
0.0673109
0.0666134
0.0659727
0.0653843
0.0648441
0.0643481
0.0638929
0.0634752
0.063092
0.0627405
0.0624182
0.0621228
0.061852
0.061604
0.0613768
0.0611688
0.0609786
0.0608045
0.0606455
0.0605003
0.0603678
0.0602472
0.0601374
0.0600378
0.0599477
0.0598665
0.0597936
0.0597288
0.0596716
0.059622
0.0595798
0.0595451
0.0595182
0.0594993
0.0594889
0.9617
0.892204
0.829112
0.771756
0.719546
0.671955
0.628513
0.588804
0.552455
0.519133
0.488542
0.460418
0.434522
0.410643
0.38859
0.368192
0.349296
0.331763
0.31547
0.300304
0.286163
0.272956
0.260599
0.249017
0.238141
0.227908
0.218263
0.209154
0.200534
0.192362
0.184601
0.177217
0.170182
0.163471
0.157065
0.150945
0.1451
0.139518
0.134193
0.12912
0.124294
0.119713
0.115374
0.111276
0.107414
0.103785
0.100382
0.0972009
0.0942328
0.0914696
0.0889021
0.0865206
0.084315
0.082275
0.0803903
0.0786509
0.0770468
0.0755685
0.074207
0.0729537
0.0718004
0.0707395
0.069764
0.0688672
0.068043
0.0672856
0.0665898
0.0659507
0.0653638
0.0648249
0.0643302
0.0638761
0.0634595
0.0630773
0.0627268
0.0624053
0.0621107
0.0618407
0.0615933
0.0613667
0.0611593
0.0609696
0.060796
0.0606374
0.0604926
0.0603605
0.0602401
0.0601306
0.0600313
0.0599414
0.0598603
0.0597876
0.0597229
0.0596658
0.0596163
0.0595742
0.0595396
0.0595128
0.0594939
0.0594836
0.9617
0.892204
0.829111
0.771755
0.719544
0.671952
0.628509
0.588799
0.552449
0.519126
0.488535
0.46041
0.434514
0.410634
0.38858
0.368182
0.349285
0.331752
0.315458
0.300291
0.28615
0.272941
0.260583
0.249
0.238122
0.227889
0.218242
0.20913
0.200508
0.192334
0.18457
0.177183
0.170145
0.163431
0.157021
0.150898
0.14505
0.139465
0.134137
0.129061
0.124233
0.119651
0.115311
0.111212
0.10735
0.103721
0.10032
0.0971399
0.0941733
0.091412
0.0888466
0.0864674
0.0842642
0.0822267
0.0803445
0.0786075
0.0770058
0.07553
0.0741708
0.0729196
0.0717685
0.0707096
0.069736
0.068841
0.0680185
0.0672627
0.0665684
0.0659306
0.065345
0.0648073
0.0643137
0.0638607
0.0634451
0.0630638
0.0627141
0.0623934
0.0620995
0.0618301
0.0615833
0.0613573
0.0611504
0.0609611
0.060788
0.0606297
0.0604852
0.0603534
0.0602333
0.0601241
0.0600249
0.0599352
0.0598543
0.0597818
0.0597172
0.0596602
0.0596108
0.0595688
0.0595343
0.0595075
0.0594888
0.0594785
0.9617
0.892204
0.82911
0.771754
0.719542
0.671948
0.628505
0.588794
0.552443
0.51912
0.488528
0.460402
0.434505
0.410625
0.388571
0.368172
0.349275
0.331742
0.315447
0.30028
0.286137
0.272929
0.26057
0.248985
0.238107
0.227872
0.218223
0.20911
0.200486
0.19231
0.184543
0.177154
0.170113
0.163396
0.156983
0.150858
0.145006
0.139419
0.134088
0.12901
0.12418
0.119596
0.115256
0.111157
0.107295
0.103666
0.100265
0.0970862
0.094121
0.0913613
0.0887977
0.0864205
0.0842195
0.0821841
0.0803041
0.0785694
0.0769698
0.0754961
0.0741389
0.0728897
0.0717404
0.0706833
0.0697114
0.0688179
0.0679968
0.0672424
0.0665494
0.0659128
0.0653283
0.0647916
0.064299
0.0638469
0.0634321
0.0630516
0.0627026
0.0623826
0.0620893
0.0618204
0.0615742
0.0613486
0.0611422
0.0609532
0.0607805
0.0606226
0.0604784
0.0603468
0.0602269
0.0601179
0.0600189
0.0599294
0.0598486
0.0597762
0.0597117
0.0596549
0.0596056
0.0595636
0.0595293
0.0595026
0.0594839
0.0594738
0.9617
0.892204
0.829109
0.771752
0.719539
0.671945
0.628501
0.588789
0.552438
0.519114
0.488522
0.460395
0.434498
0.410618
0.388563
0.368164
0.349267
0.331733
0.315438
0.30027
0.286127
0.272918
0.260558
0.248973
0.238094
0.227858
0.218208
0.209094
0.200468
0.19229
0.184521
0.177129
0.170086
0.163367
0.156952
0.150824
0.14497
0.13938
0.134047
0.128967
0.124136
0.119551
0.11521
0.11111
0.107248
0.103619
0.100219
0.0970408
0.0940767
0.0913183
0.0887563
0.0863808
0.0841815
0.082148
0.08027
0.0785371
0.0769394
0.0754674
0.0741119
0.0728643
0.0717166
0.070661
0.0696904
0.0687983
0.0679784
0.0672251
0.0665331
0.0658976
0.065314
0.0647782
0.0642864
0.063835
0.0634209
0.063041
0.0626926
0.0623731
0.0620803
0.0618119
0.0615661
0.0613409
0.0611348
0.0609462
0.0607737
0.0606161
0.0604721
0.0603408
0.0602211
0.0601123
0.0600135
0.059924
0.0598434
0.0597711
0.0597067
0.05965
0.0596007
0.0595589
0.0595246
0.059498
0.0594795
0.0594695
0.9617
0.892203
0.829108
0.77175
0.719536
0.671942
0.628497
0.588785
0.552433
0.519109
0.488516
0.46039
0.434492
0.410611
0.388557
0.368157
0.34926
0.331726
0.315431
0.300263
0.28612
0.27291
0.26055
0.248964
0.238084
0.227847
0.218196
0.209081
0.200454
0.192274
0.184504
0.17711
0.170066
0.163345
0.156927
0.150797
0.144941
0.139349
0.134015
0.128933
0.124101
0.119514
0.115173
0.111072
0.10721
0.103582
0.100182
0.0970046
0.0940413
0.0912839
0.088723
0.0863489
0.0841511
0.0821191
0.0802426
0.0785112
0.076915
0.0754445
0.0740904
0.0728441
0.0716976
0.0706431
0.0696736
0.0687825
0.0679636
0.0672112
0.0665201
0.0658853
0.0653024
0.0647673
0.0642761
0.0638253
0.0634117
0.0630323
0.0626843
0.0623653
0.0620728
0.0618048
0.0615593
0.0613344
0.0611286
0.0609402
0.060768
0.0606105
0.0604667
0.0603356
0.0602161
0.0601073
0.0600086
0.0599193
0.0598388
0.0597666
0.0597023
0.0596457
0.0595965
0.0595548
0.0595206
0.0594941
0.0594757
0.0594657
0.9617
0.892202
0.829107
0.771748
0.719534
0.671939
0.628494
0.588781
0.552429
0.519105
0.488512
0.460386
0.434488
0.410607
0.388552
0.368153
0.349255
0.331721
0.315426
0.300257
0.286114
0.272904
0.260543
0.248957
0.238077
0.227839
0.218188
0.209071
0.200444
0.192263
0.184491
0.177097
0.170051
0.163328
0.156909
0.150777
0.14492
0.139327
0.133991
0.128908
0.124075
0.119488
0.115146
0.111045
0.107183
0.103555
0.100155
0.096978
0.0940152
0.0912584
0.0886984
0.0863253
0.0841286
0.0820979
0.0802226
0.0784924
0.0768973
0.0754278
0.0740746
0.0728293
0.0716837
0.07063
0.0696613
0.0687709
0.0679527
0.0672009
0.0665103
0.0658761
0.0652937
0.0647591
0.0642683
0.0638179
0.0634047
0.0630256
0.0626779
0.0623592
0.062067
0.0617992
0.0615539
0.0613293
0.0611236
0.0609354
0.0607633
0.0606061
0.0604624
0.0603314
0.0602119
0.0601033
0.0600047
0.0599155
0.0598351
0.0597629
0.0596987
0.0596422
0.0595931
0.0595515
0.0595174
0.059491
0.0594727
0.0594628
0.9617
0.892202
0.829106
0.771747
0.719532
0.671937
0.628492
0.588779
0.552427
0.519103
0.48851
0.460383
0.434486
0.410605
0.38855
0.36815
0.349252
0.331718
0.315423
0.300254
0.286111
0.2729
0.26054
0.248953
0.238072
0.227834
0.218182
0.209066
0.200437
0.192256
0.184484
0.177088
0.170041
0.163318
0.156898
0.150765
0.144907
0.139313
0.133977
0.128893
0.124059
0.119472
0.115129
0.111029
0.107166
0.103538
0.100139
0.0969612
0.0939984
0.0912419
0.0886825
0.0863101
0.0841144
0.0820846
0.0802102
0.0784809
0.0768865
0.0754176
0.0740651
0.0728203
0.0716751
0.070622
0.0696537
0.0687637
0.0679458
0.0671944
0.0665042
0.0658702
0.0652881
0.0647537
0.0642632
0.063813
0.0634
0.0630211
0.0626736
0.062355
0.062063
0.0617954
0.0615502
0.0613257
0.0611202
0.0609321
0.0607601
0.0606029
0.0604593
0.0603284
0.060209
0.0601005
0.060002
0.0599128
0.0598324
0.0597603
0.0596962
0.0596397
0.0595907
0.0595492
0.0595152
0.0594889
0.0594707
0.0594609
)
;

boundaryField
{
    inlet
    {
        type            fixedValue;
        value           uniform 1;
    }
    outlet
    {
        type            inletOutlet;
        inletValue      uniform 1;
        value           nonuniform List<scalar> 
100
(
0.0595235
0.0595239
0.0595247
0.0595258
0.0595272
0.059529
0.059531
0.0595332
0.0595357
0.0595384
0.0595413
0.0595443
0.0595474
0.0595505
0.0595537
0.0595569
0.0595601
0.0595633
0.0595665
0.0595696
0.0595726
0.0595756
0.0595785
0.0595813
0.0595841
0.0595867
0.0595892
0.0595916
0.0595938
0.059596
0.059598
0.0595999
0.0596017
0.0596033
0.0596048
0.0596062
0.0596075
0.0596086
0.0596096
0.0596105
0.0596114
0.0596121
0.0596127
0.0596132
0.0596137
0.059614
0.0596142
0.0596143
0.0596143
0.0596142
0.0596139
0.0596136
0.0596131
0.0596125
0.0596118
0.059611
0.0596101
0.0596091
0.059608
0.0596067
0.0596054
0.0596039
0.0596024
0.0596007
0.0595988
0.0595969
0.0595947
0.0595925
0.0595901
0.0595875
0.0595848
0.0595819
0.0595789
0.0595758
0.0595724
0.0595689
0.0595653
0.0595615
0.0595575
0.0595534
0.0595492
0.0595448
0.0595403
0.0595356
0.0595308
0.0595259
0.0595208
0.0595157
0.0595104
0.0595051
0.0594997
0.0594942
0.0594889
0.0594836
0.0594785
0.0594738
0.0594695
0.0594657
0.0594628
0.0594609
)
;
    }
    ground
    {
        type            empty;
    }
    top
    {
        type            empty;
    }
    front
    {
        type            inletOutlet;
        inletValue      uniform 1;
        value           nonuniform List<scalar> 
100
(
0.9617
0.892202
0.829106
0.771747
0.719532
0.671937
0.628492
0.588779
0.552427
0.519103
0.48851
0.460383
0.434485
0.410604
0.388549
0.36815
0.349252
0.331717
0.315422
0.300253
0.28611
0.272899
0.260538
0.248952
0.238071
0.227832
0.21818
0.209063
0.200435
0.192253
0.18448
0.177085
0.170037
0.163313
0.156893
0.15076
0.144901
0.139307
0.13397
0.128887
0.124053
0.119466
0.115123
0.111023
0.107161
0.103534
0.100135
0.0969588
0.0939973
0.0912423
0.0886845
0.0863139
0.08412
0.0820922
0.08022
0.0784928
0.0769007
0.0754341
0.074084
0.0728416
0.0716988
0.0706481
0.0696822
0.0687946
0.067979
0.0672299
0.0665418
0.0659101
0.06533
0.0647976
0.064309
0.0638607
0.0634494
0.0630722
0.0627263
0.0624092
0.0621186
0.0618523
0.0616083
0.061385
0.0611805
0.0609933
0.0608222
0.0606658
0.0605229
0.0603926
0.0602738
0.0601657
0.0600676
0.0599787
0.0598985
0.0598265
0.0597623
0.0597056
0.0596563
0.0596143
0.0595798
0.0595528
0.0595339
0.0595235
)
;
    }
    back
    {
        type            inletOutlet;
        inletValue      uniform 1;
        value           nonuniform List<scalar> 
100
(
0.9617
0.892202
0.829106
0.771747
0.719532
0.671937
0.628492
0.588779
0.552427
0.519103
0.48851
0.460383
0.434486
0.410605
0.38855
0.36815
0.349252
0.331718
0.315423
0.300254
0.286111
0.2729
0.26054
0.248953
0.238072
0.227834
0.218182
0.209066
0.200437
0.192256
0.184484
0.177088
0.170041
0.163318
0.156898
0.150765
0.144907
0.139313
0.133977
0.128893
0.124059
0.119472
0.115129
0.111029
0.107166
0.103538
0.100139
0.0969612
0.0939984
0.0912419
0.0886825
0.0863101
0.0841144
0.0820846
0.0802102
0.0784809
0.0768865
0.0754176
0.0740651
0.0728203
0.0716751
0.070622
0.0696537
0.0687637
0.0679458
0.0671944
0.0665042
0.0658702
0.0652881
0.0647537
0.0642632
0.063813
0.0634
0.0630211
0.0626736
0.062355
0.062063
0.0617954
0.0615502
0.0613257
0.0611202
0.0609321
0.0607601
0.0606029
0.0604593
0.0603284
0.060209
0.0601005
0.060002
0.0599128
0.0598324
0.0597603
0.0596962
0.0596397
0.0595907
0.0595492
0.0595152
0.0594889
0.0594707
0.0594609
)
;
    }
}


// ************************************************************************* //
