/*--------------------------------*- C++ -*----------------------------------*\
  =========                 |
  \\      /  F ield         | OpenFOAM: The Open Source CFD Toolbox
   \\    /   O peration     | Website:  https://openfoam.org
    \\  /    A nd           | Version:  11
     \\/     M anipulation  |
\*---------------------------------------------------------------------------*/
FoamFile
{
    format      ascii;
    class       volScalarField;
    location    "142";
    object      omega;
}
// * * * * * * * * * * * * * * * * * * * * * * * * * * * * * * * * * * * * * //

dimensions      [0 0 -1 0 0 0 0];

internalField   nonuniform List<scalar> 
10000
(
0.961704
0.89221
0.829111
0.771742
0.719509
0.671885
0.628401
0.588637
0.552219
0.518814
0.488122
0.459877
0.433837
0.409789
0.387537
0.366909
0.347748
0.329911
0.313272
0.297717
0.283144
0.26946
0.256585
0.244449
0.232991
0.22216
0.211913
0.202216
0.193043
0.184373
0.176191
0.168484
0.161242
0.154456
0.148116
0.14221
0.136725
0.131646
0.126955
0.122633
0.118661
0.115018
0.111683
0.108634
0.105851
0.103314
0.101002
0.0988984
0.0969845
0.0952445
0.0936634
0.0922276
0.0909243
0.0897418
0.0886695
0.0876976
0.0868169
0.0860194
0.0852976
0.0846446
0.0840541
0.0835204
0.0830384
0.0826033
0.0822106
0.0818566
0.0815374
0.0812499
0.080991
0.080758
0.0805483
0.0803596
0.0801899
0.0800373
0.0799001
0.0797766
0.0796656
0.0795656
0.0794756
0.0793944
0.0793212
0.0792552
0.0791955
0.0791414
0.0790925
0.0790481
0.0790078
0.0789712
0.0789379
0.0789076
0.0788801
0.0788552
0.0788327
0.0788126
0.0787949
0.0787795
0.0787666
0.0787564
0.078749
0.0787448
0.961704
0.892211
0.829113
0.771744
0.719512
0.671888
0.628404
0.588641
0.552223
0.518818
0.488127
0.459881
0.433842
0.409794
0.387543
0.366915
0.347754
0.329918
0.31328
0.297726
0.283153
0.26947
0.256596
0.244462
0.233005
0.222175
0.21193
0.202235
0.193063
0.184394
0.176213
0.168506
0.161265
0.15448
0.14814
0.142233
0.136748
0.131669
0.126977
0.122655
0.118683
0.115039
0.111703
0.108653
0.105869
0.103331
0.101018
0.0989125
0.0969974
0.0952564
0.0936745
0.0922378
0.0909338
0.0897506
0.0886777
0.0877051
0.0868239
0.0860259
0.0853036
0.0846501
0.0840592
0.0835251
0.0830428
0.0826073
0.0822144
0.08186
0.0815406
0.0812528
0.0809937
0.0807604
0.0805505
0.0803617
0.0801918
0.0800391
0.0799017
0.0797781
0.0796669
0.0795668
0.0794767
0.0793954
0.0793222
0.079256
0.0791962
0.0791421
0.0790931
0.0790487
0.0790083
0.0789716
0.0789383
0.078908
0.0788804
0.0788555
0.078833
0.0788129
0.0787951
0.0787797
0.0787669
0.0787566
0.0787492
0.078745
0.961704
0.892212
0.829115
0.771747
0.719516
0.671894
0.62841
0.588647
0.55223
0.518826
0.488135
0.45989
0.433851
0.409803
0.387553
0.366926
0.347765
0.32993
0.313293
0.29774
0.283169
0.269487
0.256615
0.244483
0.233028
0.222201
0.211957
0.202264
0.193095
0.184428
0.176248
0.168544
0.161303
0.154519
0.148179
0.142272
0.136787
0.131706
0.127014
0.122691
0.118717
0.115072
0.111735
0.108683
0.105897
0.103357
0.101042
0.0989353
0.0970185
0.0952759
0.0936924
0.0922544
0.0909491
0.0897647
0.0886907
0.087717
0.0868349
0.086036
0.0853128
0.0846585
0.0840669
0.0835322
0.0830493
0.0826132
0.0822198
0.0818649
0.0815451
0.0812569
0.0809974
0.0807638
0.0805536
0.0803645
0.0801943
0.0800413
0.0799037
0.07978
0.0796686
0.0795683
0.0794781
0.0793967
0.0793233
0.079257
0.0791972
0.079143
0.0790939
0.0790494
0.079009
0.0789722
0.0789388
0.0789085
0.0788809
0.0788559
0.0788334
0.0788133
0.0787955
0.0787801
0.0787672
0.078757
0.0787496
0.0787453
0.961705
0.892213
0.829118
0.771751
0.719521
0.6719
0.628418
0.588655
0.55224
0.518836
0.488146
0.459901
0.433863
0.409816
0.387567
0.366941
0.347781
0.329947
0.313312
0.29776
0.283191
0.269512
0.256642
0.244512
0.23306
0.222236
0.211996
0.202306
0.193139
0.184475
0.176298
0.168595
0.161356
0.154572
0.148233
0.142326
0.13684
0.131758
0.127065
0.12274
0.118764
0.115117
0.111778
0.108724
0.105936
0.103393
0.101076
0.0989664
0.0970474
0.0953025
0.0937171
0.0922771
0.09097
0.089784
0.0887083
0.0877333
0.0868498
0.0860496
0.0853253
0.08467
0.0840773
0.0835417
0.0830579
0.0826211
0.0822269
0.0818714
0.081551
0.0812622
0.0810022
0.0807682
0.0805575
0.080368
0.0801975
0.0800442
0.0799063
0.0797823
0.0796707
0.0795702
0.0794797
0.0793982
0.0793247
0.0792583
0.0791983
0.079144
0.0790948
0.0790502
0.0790097
0.0789729
0.0789395
0.0789091
0.0788815
0.0788565
0.0788339
0.0788138
0.078796
0.0787806
0.0787678
0.0787575
0.0787501
0.0787458
0.961705
0.892214
0.829119
0.771754
0.719526
0.671906
0.628426
0.588665
0.55225
0.518848
0.488158
0.459915
0.433878
0.409832
0.387584
0.366959
0.347801
0.329969
0.313335
0.297786
0.283219
0.269543
0.256676
0.244549
0.233101
0.222281
0.212044
0.202358
0.193195
0.184534
0.17636
0.16866
0.161423
0.15464
0.148301
0.142394
0.136907
0.131824
0.127128
0.122801
0.118823
0.115174
0.111831
0.108775
0.105984
0.103438
0.101118
0.0990053
0.0970834
0.095336
0.093748
0.0923057
0.0909963
0.0898082
0.0887306
0.0877537
0.0868685
0.0860667
0.0853409
0.0846843
0.0840904
0.0835536
0.0830687
0.0826309
0.0822358
0.0818795
0.0815583
0.0812688
0.0810082
0.0807735
0.0805623
0.0803723
0.0802014
0.0800477
0.0799095
0.0797851
0.0796732
0.0795725
0.0794817
0.0794
0.0793263
0.0792597
0.0791996
0.0791452
0.0790959
0.0790512
0.0790106
0.0789738
0.0789403
0.0789098
0.0788822
0.0788572
0.0788346
0.0788145
0.0787967
0.0787813
0.0787684
0.0787582
0.0787508
0.0787465
0.961704
0.892214
0.829121
0.771757
0.71953
0.671912
0.628433
0.588674
0.552261
0.51886
0.488172
0.459931
0.433895
0.409851
0.387604
0.366981
0.347825
0.329995
0.313363
0.297817
0.283253
0.26958
0.256717
0.244594
0.23315
0.222334
0.212102
0.202421
0.193262
0.184605
0.176434
0.168736
0.161501
0.154719
0.148381
0.142474
0.136986
0.131901
0.127203
0.122874
0.118893
0.11524
0.111894
0.108834
0.10604
0.10349
0.101167
0.0990511
0.097126
0.0953754
0.0937845
0.0923394
0.0910274
0.0898368
0.0887569
0.0877778
0.0868906
0.086087
0.0853595
0.0847012
0.0841058
0.0835676
0.0830815
0.0826425
0.0822463
0.081889
0.0815669
0.0812766
0.0810152
0.0807798
0.080568
0.0803774
0.080206
0.0800518
0.0799131
0.0797883
0.0796761
0.079575
0.079484
0.079402
0.0793281
0.0792614
0.079201
0.0791465
0.0790971
0.0790523
0.0790116
0.0789747
0.0789411
0.0789106
0.078883
0.0788579
0.0788354
0.0788152
0.0787975
0.0787821
0.0787692
0.078759
0.0787516
0.0787473
0.961704
0.892214
0.829122
0.771759
0.719534
0.671918
0.628441
0.588683
0.552272
0.518873
0.488187
0.459947
0.433913
0.409871
0.387626
0.367005
0.347851
0.330023
0.313395
0.297852
0.283291
0.269622
0.256763
0.244645
0.233206
0.222395
0.212168
0.202492
0.193338
0.184685
0.176518
0.168823
0.16159
0.15481
0.148472
0.142564
0.137075
0.131989
0.127288
0.122956
0.118972
0.115316
0.111966
0.108902
0.106103
0.10355
0.101223
0.0991032
0.0971744
0.0954203
0.093826
0.0923777
0.0910627
0.0898694
0.0887868
0.0878053
0.0869158
0.08611
0.0853805
0.0847204
0.0841233
0.0835836
0.083096
0.0826556
0.0822582
0.0818998
0.0815766
0.0812854
0.0810231
0.0807869
0.0805743
0.0803831
0.0802111
0.0800563
0.0799171
0.0797919
0.0796793
0.0795779
0.0794866
0.0794043
0.0793301
0.0792631
0.0792026
0.0791479
0.0790984
0.0790535
0.0790127
0.0789757
0.0789421
0.0789116
0.0788839
0.0788588
0.0788362
0.0788161
0.0787983
0.078783
0.0787701
0.0787599
0.0787525
0.0787482
0.961704
0.892214
0.829122
0.771761
0.719537
0.671923
0.628447
0.588692
0.552283
0.518885
0.488202
0.459964
0.433932
0.409892
0.387649
0.367031
0.34788
0.330055
0.31343
0.29789
0.283333
0.269669
0.256815
0.244702
0.233268
0.222463
0.212242
0.20257
0.193422
0.184774
0.176611
0.168919
0.161689
0.15491
0.148572
0.142665
0.137174
0.132085
0.127383
0.123047
0.119059
0.115399
0.112045
0.108977
0.106174
0.103616
0.101284
0.0991607
0.0972279
0.0954699
0.093872
0.0924202
0.0911019
0.0899054
0.08882
0.0878357
0.0869437
0.0861356
0.0854039
0.0847417
0.0841427
0.0836012
0.083112
0.0826702
0.0822714
0.0819116
0.0815873
0.081295
0.0810317
0.0807947
0.0805813
0.0803893
0.0802166
0.0800613
0.0799215
0.0797958
0.0796827
0.0795809
0.0794893
0.0794067
0.0793323
0.0792651
0.0792044
0.0791495
0.0790998
0.0790547
0.0790139
0.0789768
0.0789431
0.0789125
0.0788848
0.0788597
0.0788372
0.078817
0.0787993
0.0787839
0.0787711
0.0787609
0.0787535
0.0787492
0.961704
0.892214
0.829122
0.771762
0.719539
0.671927
0.628453
0.5887
0.552293
0.518897
0.488216
0.45998
0.433951
0.409913
0.387673
0.367058
0.34791
0.330088
0.313467
0.297931
0.283379
0.269719
0.256871
0.244763
0.233336
0.222536
0.212321
0.202656
0.193512
0.18487
0.176711
0.169023
0.161795
0.155018
0.148681
0.142773
0.137281
0.13219
0.127484
0.123145
0.119153
0.115489
0.11213
0.109058
0.10625
0.103687
0.101351
0.099223
0.0972858
0.0955237
0.0939218
0.0924662
0.0911444
0.0899446
0.088856
0.0878688
0.086974
0.0861633
0.0854292
0.0847648
0.0841638
0.0836204
0.0831294
0.0826859
0.0822856
0.0819245
0.0815989
0.0813054
0.0810411
0.0808031
0.0805888
0.080396
0.0802226
0.0800666
0.0799262
0.0798
0.0796864
0.0795842
0.0794922
0.0794093
0.0793345
0.0792671
0.0792061
0.0791511
0.0791012
0.079056
0.0790151
0.0789779
0.0789442
0.0789136
0.0788858
0.0788607
0.0788382
0.078818
0.0788003
0.0787849
0.0787721
0.0787619
0.0787546
0.0787503
0.961704
0.892213
0.829122
0.771762
0.719541
0.67193
0.628458
0.588707
0.552302
0.518909
0.488229
0.459996
0.43397
0.409935
0.387698
0.367085
0.347941
0.330123
0.313506
0.297975
0.283427
0.269773
0.25693
0.244828
0.233407
0.222614
0.212405
0.202746
0.193609
0.184972
0.176818
0.169134
0.161909
0.155133
0.148796
0.142888
0.137394
0.132301
0.127592
0.12325
0.119254
0.115584
0.112221
0.109144
0.106331
0.103763
0.101422
0.0992894
0.0973477
0.0955811
0.093975
0.0925154
0.0911898
0.0899864
0.0888945
0.0879041
0.0870064
0.086193
0.0854563
0.0847895
0.0841863
0.0836409
0.0831479
0.0827027
0.0823008
0.0819382
0.0816113
0.0813165
0.0810511
0.080812
0.0805968
0.0804031
0.0802289
0.0800721
0.0799312
0.0798044
0.0796903
0.0795876
0.0794952
0.0794119
0.0793368
0.0792691
0.079208
0.0791527
0.0791027
0.0790574
0.0790163
0.0789791
0.0789453
0.0789146
0.0788868
0.0788617
0.0788392
0.078819
0.0788013
0.078786
0.0787732
0.078763
0.0787557
0.0787514
0.961703
0.892213
0.829122
0.771763
0.719542
0.671932
0.628462
0.588713
0.55231
0.518919
0.488242
0.460012
0.433988
0.409956
0.387722
0.367113
0.347972
0.330159
0.313546
0.29802
0.283477
0.269828
0.256992
0.244897
0.233482
0.222696
0.212494
0.202842
0.193711
0.185079
0.17693
0.16925
0.162028
0.155254
0.148918
0.143009
0.137514
0.132418
0.127706
0.123359
0.119359
0.115685
0.112317
0.109234
0.106416
0.103844
0.101497
0.0993594
0.0974128
0.0956417
0.0940311
0.0925674
0.0912377
0.0900306
0.0889351
0.0879414
0.0870406
0.0862243
0.0854849
0.0848156
0.0842101
0.0836625
0.0831675
0.0827205
0.0823169
0.0819527
0.0816243
0.0813282
0.0810615
0.0808213
0.0806051
0.0804105
0.0802355
0.080078
0.0799363
0.0798089
0.0796943
0.0795911
0.0794983
0.0794146
0.0793392
0.0792712
0.0792098
0.0791543
0.0791042
0.0790587
0.0790176
0.0789802
0.0789464
0.0789157
0.0788879
0.0788627
0.0788402
0.0788201
0.0788023
0.0787871
0.0787743
0.0787641
0.0787568
0.0787524
0.961703
0.892212
0.829121
0.771762
0.719543
0.671934
0.628465
0.588718
0.552317
0.518929
0.488254
0.460027
0.434006
0.409977
0.387747
0.367141
0.348004
0.330195
0.313587
0.298066
0.283529
0.269886
0.257056
0.244968
0.23356
0.222781
0.212586
0.202941
0.193816
0.18519
0.177046
0.16937
0.162151
0.155379
0.149044
0.143134
0.137638
0.13254
0.127824
0.123474
0.119469
0.11579
0.112417
0.109328
0.106505
0.103927
0.101576
0.0994324
0.0974808
0.0957049
0.0940897
0.0926216
0.0912878
0.0900767
0.0889776
0.0879804
0.0870763
0.086257
0.0855148
0.0848429
0.0842349
0.083685
0.083188
0.082739
0.0823336
0.0819678
0.0816378
0.0813404
0.0810724
0.0808311
0.0806138
0.0804182
0.0802423
0.080084
0.0799416
0.0798136
0.0796984
0.0795947
0.0795014
0.0794174
0.0793416
0.0792733
0.0792117
0.079156
0.0791056
0.0790601
0.0790188
0.0789814
0.0789474
0.0789167
0.0788889
0.0788637
0.0788412
0.0788211
0.0788034
0.0787881
0.0787753
0.0787652
0.0787579
0.0787535
0.961703
0.892212
0.82912
0.771762
0.719543
0.671935
0.628468
0.588722
0.552323
0.518937
0.488266
0.460041
0.434023
0.409997
0.387771
0.367169
0.348036
0.330232
0.313629
0.298113
0.283582
0.269945
0.257121
0.24504
0.23364
0.222868
0.212681
0.203042
0.193924
0.185305
0.177166
0.169494
0.162278
0.155508
0.149173
0.143263
0.137765
0.132665
0.127946
0.123591
0.119582
0.115898
0.112519
0.109426
0.106597
0.104013
0.101656
0.0995079
0.0975512
0.0957702
0.0941503
0.0926777
0.0913396
0.0901245
0.0890215
0.0880208
0.0871134
0.0862909
0.0855458
0.0848712
0.0842606
0.0837084
0.0832092
0.0827582
0.0823509
0.0819834
0.0816518
0.081353
0.0810836
0.0808411
0.0806227
0.0804261
0.0802493
0.0800902
0.0799471
0.0798184
0.0797026
0.0795984
0.0795046
0.0794201
0.079344
0.0792754
0.0792135
0.0791576
0.0791071
0.0790614
0.07902
0.0789825
0.0789485
0.0789177
0.0788898
0.0788647
0.0788422
0.0788221
0.0788044
0.0787891
0.0787764
0.0787663
0.0787589
0.0787546
0.961703
0.892211
0.82912
0.771761
0.719543
0.671936
0.62847
0.588726
0.552329
0.518945
0.488276
0.460054
0.434039
0.410017
0.387794
0.367196
0.348068
0.330268
0.31367
0.29816
0.283635
0.270005
0.257188
0.245114
0.233721
0.222956
0.212777
0.203146
0.194035
0.185421
0.177288
0.16962
0.162408
0.15564
0.149306
0.143395
0.137896
0.132793
0.128071
0.123712
0.119698
0.116009
0.112625
0.109525
0.106691
0.104102
0.101739
0.0995854
0.0976234
0.0958374
0.0942126
0.0927353
0.0913929
0.0901736
0.0890668
0.0880624
0.0871515
0.0863258
0.0855777
0.0849002
0.0842871
0.0837324
0.083231
0.0827779
0.0823687
0.0819994
0.0816662
0.0813658
0.0810952
0.0808513
0.0806318
0.0804342
0.0802564
0.0800965
0.0799526
0.0798232
0.0797068
0.079602
0.0795078
0.0794229
0.0793464
0.0792775
0.0792154
0.0791592
0.0791085
0.0790626
0.0790211
0.0789835
0.0789495
0.0789187
0.0788908
0.0788657
0.0788431
0.078823
0.0788054
0.0787901
0.0787774
0.0787673
0.0787599
0.0787556
0.961702
0.89221
0.829119
0.77176
0.719542
0.671936
0.628472
0.588729
0.552334
0.518952
0.488286
0.460066
0.434055
0.410036
0.387817
0.367223
0.348099
0.330304
0.313711
0.298207
0.283688
0.270064
0.257255
0.245188
0.233803
0.223046
0.212874
0.203251
0.194147
0.185539
0.177411
0.169748
0.162539
0.155773
0.14944
0.143529
0.138028
0.132923
0.128197
0.123834
0.119816
0.116121
0.112732
0.109627
0.106787
0.104192
0.101824
0.0996645
0.0976971
0.0959059
0.0942762
0.0927942
0.0914474
0.0902238
0.089113
0.0881049
0.0871905
0.0863615
0.0856103
0.0849299
0.0843141
0.083757
0.0832532
0.082798
0.0823868
0.0820157
0.0816809
0.081379
0.0811069
0.0808618
0.080641
0.0804424
0.0802636
0.0801028
0.0799581
0.079828
0.079711
0.0796057
0.0795109
0.0794256
0.0793488
0.0792796
0.0792171
0.0791608
0.0791099
0.0790638
0.0790222
0.0789845
0.0789504
0.0789196
0.0788917
0.0788665
0.078844
0.0788239
0.0788063
0.0787911
0.0787784
0.0787683
0.0787609
0.0787566
0.961702
0.89221
0.829118
0.77176
0.719542
0.671936
0.628473
0.588731
0.552338
0.518959
0.488295
0.460078
0.43407
0.410054
0.387839
0.367249
0.34813
0.33034
0.313752
0.298254
0.283741
0.270124
0.257322
0.245262
0.233885
0.223136
0.212972
0.203356
0.194259
0.185658
0.177536
0.169877
0.162671
0.155908
0.149576
0.143665
0.138162
0.133054
0.128325
0.123958
0.119935
0.116236
0.112841
0.10973
0.106884
0.104283
0.10191
0.0997447
0.0977719
0.0959755
0.0943408
0.0928541
0.0915026
0.0902749
0.0891599
0.088148
0.08723
0.0863977
0.0856434
0.0849601
0.0843416
0.0837819
0.0832758
0.0828184
0.0824053
0.0820323
0.0816957
0.0813923
0.0811187
0.0808723
0.0806504
0.0804506
0.0802709
0.0801092
0.0799637
0.0798329
0.0797152
0.0796093
0.0795141
0.0794283
0.0793511
0.0792816
0.0792188
0.0791622
0.0791112
0.079065
0.0790232
0.0789855
0.0789513
0.0789204
0.0788925
0.0788674
0.0788448
0.0788248
0.0788071
0.078792
0.0787793
0.0787692
0.0787618
0.0787575
0.961702
0.892209
0.829117
0.771759
0.719541
0.671936
0.628474
0.588734
0.552342
0.518965
0.488303
0.460089
0.434084
0.410071
0.38786
0.367275
0.34816
0.330375
0.313793
0.2983
0.283794
0.270184
0.257388
0.245337
0.233967
0.223226
0.21307
0.203461
0.194372
0.185777
0.17766
0.170007
0.162804
0.156043
0.149712
0.1438
0.138296
0.133186
0.128454
0.124083
0.120055
0.11635
0.11295
0.109834
0.106982
0.104376
0.101996
0.0998256
0.0978474
0.0960458
0.0944061
0.0929145
0.0915585
0.0903264
0.0892074
0.0881917
0.0872701
0.0864343
0.0856769
0.0849907
0.0843694
0.0838071
0.0832987
0.0828391
0.0824239
0.082049
0.0817107
0.0814057
0.0811307
0.0808829
0.0806598
0.0804589
0.0802782
0.0801155
0.0799693
0.0798377
0.0797194
0.0796129
0.0795172
0.079431
0.0793534
0.0792835
0.0792205
0.0791637
0.0791124
0.079066
0.0790242
0.0789863
0.0789521
0.0789212
0.0788932
0.0788681
0.0788456
0.0788255
0.0788079
0.0787928
0.0787801
0.07877
0.0787627
0.0787584
0.961701
0.892208
0.829116
0.771758
0.719541
0.671936
0.628474
0.588736
0.552346
0.51897
0.488311
0.460099
0.434097
0.410088
0.38788
0.367299
0.348189
0.330409
0.313832
0.298345
0.283845
0.270242
0.257454
0.24541
0.234048
0.223315
0.213167
0.203566
0.194483
0.185896
0.177785
0.170136
0.162937
0.156177
0.149847
0.143936
0.138431
0.133318
0.128583
0.124208
0.120175
0.116465
0.11306
0.109938
0.10708
0.104468
0.102083
0.0999069
0.0979233
0.0961165
0.0944717
0.0929753
0.0916148
0.0903783
0.0892552
0.0882356
0.0873104
0.0864712
0.0857106
0.0850214
0.0843973
0.0838325
0.0833217
0.0828598
0.0824426
0.0820658
0.0817258
0.0814191
0.0811426
0.0808935
0.0806692
0.0804672
0.0802854
0.0801219
0.0799748
0.0798425
0.0797235
0.0796165
0.0795202
0.0794335
0.0793556
0.0792853
0.0792221
0.079165
0.0791135
0.079067
0.079025
0.0789871
0.0789528
0.0789218
0.0788939
0.0788687
0.0788462
0.0788262
0.0788086
0.0787935
0.0787808
0.0787708
0.0787635
0.0787591
0.961701
0.892207
0.829115
0.771757
0.71954
0.671936
0.628475
0.588737
0.552349
0.518975
0.488318
0.460109
0.434109
0.410104
0.3879
0.367323
0.348217
0.330442
0.313871
0.29839
0.283896
0.2703
0.257519
0.245482
0.234128
0.223403
0.213263
0.20367
0.194594
0.186013
0.177908
0.170263
0.163068
0.156311
0.149982
0.144071
0.138564
0.13345
0.128711
0.124332
0.120295
0.11658
0.113169
0.110042
0.107179
0.104561
0.10217
0.0999883
0.0979993
0.0961872
0.0945374
0.0930363
0.0916711
0.0904303
0.0893031
0.0882797
0.0873508
0.0865082
0.0857444
0.0850522
0.0844254
0.083858
0.0833447
0.0828806
0.0824613
0.0820826
0.0817409
0.0814326
0.0811546
0.0809041
0.0806785
0.0804754
0.0802926
0.0801282
0.0799802
0.0798472
0.0797275
0.0796199
0.0795231
0.079436
0.0793577
0.0792871
0.0792235
0.0791662
0.0791146
0.0790679
0.0790258
0.0789878
0.0789534
0.0789224
0.0788945
0.0788693
0.0788468
0.0788268
0.0788092
0.0787941
0.0787815
0.0787714
0.0787641
0.0787598
0.961701
0.892207
0.829114
0.771756
0.719539
0.671935
0.628475
0.588739
0.552352
0.51898
0.488324
0.460118
0.434121
0.410119
0.387918
0.367345
0.348244
0.330474
0.313908
0.298433
0.283946
0.270356
0.257583
0.245553
0.234207
0.22349
0.213357
0.203772
0.194704
0.186129
0.17803
0.17039
0.163198
0.156444
0.150116
0.144205
0.138697
0.13358
0.128838
0.124456
0.120414
0.116694
0.113278
0.110145
0.107277
0.104653
0.102257
0.100069
0.0980751
0.0962578
0.094603
0.0930971
0.0917274
0.0904823
0.089351
0.0883236
0.0873912
0.0865452
0.0857781
0.085083
0.0844533
0.0838834
0.0833677
0.0829014
0.08248
0.0820994
0.0817559
0.0814459
0.0811665
0.0809147
0.0806878
0.0804836
0.0802998
0.0801344
0.0799856
0.0798518
0.0797315
0.0796233
0.079526
0.0794384
0.0793597
0.0792888
0.0792249
0.0791674
0.0791155
0.0790687
0.0790265
0.0789884
0.078954
0.0789229
0.0788949
0.0788698
0.0788473
0.0788273
0.0788097
0.0787946
0.078782
0.078772
0.0787647
0.0787604
0.961701
0.892206
0.829113
0.771755
0.719538
0.671935
0.628475
0.58874
0.552354
0.518984
0.488331
0.460127
0.434133
0.410134
0.387936
0.367367
0.348271
0.330505
0.313945
0.298475
0.283994
0.270411
0.257645
0.245623
0.234284
0.223575
0.21345
0.203872
0.194811
0.186243
0.17815
0.170515
0.163327
0.156575
0.150248
0.144337
0.138828
0.133709
0.128964
0.124578
0.120532
0.116808
0.113386
0.110248
0.107374
0.104745
0.102343
0.10015
0.0981503
0.0963279
0.0946682
0.0931575
0.0917833
0.0905339
0.0893986
0.0883674
0.0874313
0.086582
0.0858117
0.0851136
0.0844812
0.0839086
0.0833905
0.082922
0.0824986
0.0821161
0.0817708
0.0814592
0.0811783
0.0809251
0.080697
0.0804916
0.0803068
0.0801405
0.0799909
0.0798563
0.0797353
0.0796266
0.0795287
0.0794407
0.0793616
0.0792904
0.0792262
0.0791685
0.0791164
0.0790694
0.0790271
0.0789889
0.0789544
0.0789233
0.0788953
0.0788702
0.0788477
0.0788277
0.0788102
0.0787951
0.0787825
0.0787725
0.0787652
0.0787608
0.9617
0.892205
0.829112
0.771754
0.719537
0.671934
0.628475
0.588741
0.552356
0.518988
0.488336
0.460135
0.434143
0.410147
0.387954
0.367388
0.348296
0.330535
0.31398
0.298516
0.284042
0.270465
0.257705
0.245691
0.23436
0.223658
0.213541
0.203971
0.194917
0.186355
0.178267
0.170637
0.163453
0.156703
0.150378
0.144467
0.138957
0.133836
0.129089
0.124699
0.120648
0.116919
0.113493
0.110349
0.10747
0.104835
0.102428
0.10023
0.0982249
0.0963974
0.0947328
0.0932175
0.0918388
0.0905852
0.0894458
0.0884108
0.0874711
0.0866184
0.085845
0.085144
0.0845088
0.0839337
0.0834132
0.0829424
0.0825169
0.0821325
0.0817855
0.0814723
0.0811899
0.0809354
0.0807061
0.0804996
0.0803137
0.0801465
0.079996
0.0798607
0.0797391
0.0796297
0.0795314
0.0794429
0.0793634
0.0792918
0.0792274
0.0791694
0.0791172
0.0790701
0.0790276
0.0789893
0.0789548
0.0789236
0.0788956
0.0788704
0.0788479
0.078828
0.0788105
0.0787954
0.0787828
0.0787728
0.0787656
0.0787612
0.9617
0.892205
0.829111
0.771753
0.719536
0.671934
0.628475
0.588742
0.552358
0.518991
0.488342
0.460142
0.434154
0.41016
0.38797
0.367409
0.34832
0.330564
0.314014
0.298556
0.284087
0.270517
0.257764
0.245757
0.234434
0.22374
0.21363
0.204067
0.19502
0.186465
0.178382
0.170757
0.163576
0.156829
0.150506
0.144594
0.139084
0.133961
0.129211
0.124817
0.120763
0.11703
0.113598
0.110449
0.107564
0.104925
0.102512
0.100309
0.0982985
0.096466
0.0947966
0.0932767
0.0918936
0.0906358
0.0894925
0.0884537
0.0875105
0.0866545
0.085878
0.085174
0.0845361
0.0839584
0.0834356
0.0829626
0.0825351
0.0821488
0.0818
0.0814853
0.0812014
0.0809455
0.080715
0.0805073
0.0803205
0.0801523
0.080001
0.079865
0.0797427
0.0796328
0.0795339
0.079445
0.0793651
0.0792932
0.0792285
0.0791703
0.0791178
0.0790706
0.079028
0.0789896
0.078955
0.0789238
0.0788958
0.0788706
0.0788481
0.0788282
0.0788107
0.0787957
0.0787831
0.0787731
0.0787659
0.0787615
0.9617
0.892204
0.82911
0.771752
0.719535
0.671933
0.628475
0.588742
0.55236
0.518995
0.488347
0.46015
0.434163
0.410173
0.387986
0.367428
0.348344
0.330592
0.314047
0.298594
0.284131
0.270568
0.257822
0.245822
0.234505
0.223819
0.213716
0.20416
0.19512
0.186572
0.178494
0.170874
0.163697
0.156952
0.15063
0.144719
0.139208
0.134083
0.129331
0.124934
0.120875
0.117138
0.113701
0.110548
0.107657
0.105012
0.102594
0.100386
0.098371
0.0965336
0.0948595
0.093335
0.0919476
0.0906857
0.0895384
0.088496
0.0875493
0.08669
0.0859104
0.0852036
0.084563
0.0839828
0.0834576
0.0829825
0.082553
0.0821648
0.0818143
0.081498
0.0812127
0.0809554
0.0807237
0.080515
0.0803271
0.080158
0.0800059
0.0798692
0.0797462
0.0796357
0.0795363
0.079447
0.0793667
0.0792945
0.0792295
0.079171
0.0791184
0.079071
0.0790283
0.0789898
0.0789551
0.0789239
0.0788959
0.0788707
0.0788482
0.0788283
0.0788108
0.0787958
0.0787833
0.0787733
0.0787661
0.0787617
0.9617
0.892204
0.829109
0.771751
0.719534
0.671933
0.628475
0.588743
0.552362
0.518998
0.488352
0.460156
0.434172
0.410185
0.388001
0.367447
0.348366
0.330619
0.314079
0.298631
0.284174
0.270616
0.257877
0.245884
0.234574
0.223895
0.2138
0.204251
0.195218
0.186675
0.178604
0.170987
0.163814
0.157072
0.150751
0.144841
0.139329
0.134203
0.129448
0.125047
0.120985
0.117243
0.113802
0.110644
0.107749
0.105099
0.102675
0.100462
0.098442
0.0965999
0.0949211
0.0933922
0.0920006
0.0907347
0.0895836
0.0885376
0.0875875
0.0867249
0.0859423
0.0852327
0.0845894
0.0840068
0.0834793
0.0830021
0.0825705
0.0821805
0.0818283
0.0815105
0.0812237
0.0809652
0.0807322
0.0805224
0.0803335
0.0801636
0.0800107
0.0798732
0.0797496
0.0796385
0.0795386
0.0794489
0.0793682
0.0792956
0.0792304
0.0791717
0.0791189
0.0790713
0.0790285
0.0789899
0.0789552
0.0789239
0.0788959
0.0788707
0.0788482
0.0788283
0.0788108
0.0787958
0.0787833
0.0787734
0.0787661
0.0787618
0.9617
0.892203
0.829109
0.77175
0.719533
0.671932
0.628475
0.588744
0.552364
0.519001
0.488356
0.460163
0.434181
0.410196
0.388015
0.367464
0.348388
0.330645
0.314109
0.298666
0.284215
0.270663
0.25793
0.245944
0.234641
0.223969
0.213881
0.204339
0.195312
0.186776
0.178709
0.171098
0.163928
0.157189
0.150869
0.144959
0.139447
0.134319
0.129562
0.125158
0.121093
0.117346
0.113901
0.110738
0.107838
0.105183
0.102755
0.100536
0.0985116
0.0966648
0.0949815
0.0934483
0.0920525
0.0907826
0.0896278
0.0885783
0.0876248
0.0867591
0.0859736
0.0852611
0.0846153
0.0840302
0.0835005
0.0830212
0.0825877
0.0821959
0.081842
0.0815226
0.0812345
0.0809746
0.0807405
0.0805296
0.0803398
0.0801689
0.0800153
0.0798771
0.0797528
0.0796412
0.0795408
0.0794506
0.0793696
0.0792967
0.0792312
0.0791722
0.0791192
0.0790715
0.0790286
0.0789899
0.0789552
0.0789239
0.0788958
0.0788706
0.0788481
0.0788282
0.0788108
0.0787958
0.0787833
0.0787734
0.0787662
0.0787618
0.961699
0.892202
0.829108
0.771749
0.719533
0.671931
0.628475
0.588744
0.552365
0.519003
0.48836
0.460169
0.434189
0.410207
0.388029
0.367481
0.348408
0.330669
0.314138
0.2987
0.284254
0.270708
0.257981
0.246001
0.234706
0.22404
0.213959
0.204424
0.195403
0.186873
0.178812
0.171204
0.164038
0.157301
0.150984
0.145074
0.139561
0.134432
0.129672
0.125266
0.121197
0.117447
0.113997
0.110829
0.107924
0.105265
0.102832
0.100609
0.0985794
0.0967281
0.0950404
0.093503
0.0921032
0.0908295
0.089671
0.088618
0.0876613
0.0867925
0.0860041
0.0852889
0.0846406
0.0840531
0.0835212
0.0830398
0.0826044
0.0822109
0.0818554
0.0815345
0.0812449
0.0809838
0.0807485
0.0805366
0.0803458
0.0801741
0.0800197
0.0798808
0.0797559
0.0796437
0.0795429
0.0794523
0.0793708
0.0792976
0.0792319
0.0791727
0.0791195
0.0790717
0.0790286
0.0789899
0.078955
0.0789237
0.0788956
0.0788704
0.0788479
0.078828
0.0788106
0.0787957
0.0787832
0.0787733
0.0787661
0.0787617
0.961699
0.892202
0.829107
0.771748
0.719532
0.671931
0.628475
0.588745
0.552366
0.519006
0.488364
0.460175
0.434197
0.410217
0.388042
0.367497
0.348428
0.330693
0.314166
0.298733
0.284292
0.270752
0.258031
0.246057
0.234767
0.224109
0.214034
0.204505
0.195491
0.186966
0.17891
0.171307
0.164145
0.15741
0.151094
0.145185
0.139672
0.134541
0.129779
0.125371
0.121298
0.117544
0.11409
0.110918
0.108009
0.105344
0.102907
0.100679
0.0986453
0.0967896
0.0950978
0.0935562
0.0921525
0.0908751
0.0897131
0.0886567
0.0876968
0.0868251
0.0860338
0.085316
0.0846652
0.0840754
0.0835413
0.0830579
0.0826207
0.0822255
0.0818684
0.081546
0.0812551
0.0809928
0.0807563
0.0805434
0.0803516
0.0801791
0.0800239
0.0798843
0.0797589
0.0796461
0.0795448
0.0794538
0.079372
0.0792985
0.0792325
0.0791731
0.0791197
0.0790717
0.0790286
0.0789898
0.0789549
0.0789235
0.0788953
0.0788701
0.0788477
0.0788278
0.0788104
0.0787955
0.078783
0.0787731
0.0787659
0.0787616
0.961699
0.892201
0.829106
0.771747
0.719531
0.67193
0.628475
0.588745
0.552368
0.519008
0.488368
0.46018
0.434204
0.410227
0.388054
0.367512
0.348446
0.330715
0.314192
0.298764
0.284328
0.270793
0.258078
0.24611
0.234827
0.224174
0.214106
0.204584
0.195575
0.187056
0.179005
0.171406
0.164247
0.157515
0.151201
0.145292
0.139778
0.134647
0.129883
0.125471
0.121396
0.117638
0.11418
0.111004
0.10809
0.105421
0.102979
0.100748
0.0987092
0.0968493
0.0951533
0.0936079
0.0922004
0.0909193
0.0897539
0.0886942
0.0877313
0.0868566
0.0860627
0.0853423
0.0846891
0.0840971
0.0835609
0.0830755
0.0826365
0.0822396
0.0818809
0.0815571
0.0812649
0.0810014
0.0807639
0.0805499
0.0803573
0.0801839
0.080028
0.0798877
0.0797617
0.0796484
0.0795466
0.0794552
0.0793731
0.0792993
0.079233
0.0791734
0.0791199
0.0790717
0.0790285
0.0789896
0.0789546
0.0789232
0.078895
0.0788698
0.0788474
0.0788275
0.0788101
0.0787952
0.0787828
0.0787729
0.0787657
0.0787614
0.961699
0.892201
0.829106
0.771746
0.71953
0.67193
0.628474
0.588746
0.552369
0.51901
0.488372
0.460185
0.434211
0.410236
0.388066
0.367527
0.348464
0.330737
0.314218
0.298794
0.284362
0.270833
0.258123
0.24616
0.234883
0.224237
0.214175
0.204659
0.195656
0.187142
0.179096
0.171501
0.164345
0.157616
0.151303
0.145395
0.139881
0.134748
0.129983
0.125569
0.12149
0.117729
0.114267
0.111087
0.108169
0.105496
0.10305
0.100813
0.098771
0.096907
0.0952071
0.0936578
0.0922467
0.0909621
0.0897934
0.0887306
0.0877646
0.0868872
0.0860906
0.0853677
0.0847122
0.084118
0.0835798
0.0830926
0.0826518
0.0822532
0.0818931
0.0815679
0.0812744
0.0810097
0.0807711
0.0805562
0.0803627
0.0801885
0.0800318
0.079891
0.0797643
0.0796506
0.0795483
0.0794565
0.079374
0.0793
0.0792334
0.0791736
0.0791199
0.0790716
0.0790283
0.0789893
0.0789543
0.0789228
0.0788947
0.0788694
0.078847
0.0788271
0.0788098
0.0787949
0.0787825
0.0787726
0.0787654
0.0787611
0.961699
0.892201
0.829105
0.771746
0.719529
0.671929
0.628474
0.588746
0.55237
0.519013
0.488375
0.46019
0.434218
0.410245
0.388077
0.367541
0.348481
0.330757
0.314242
0.298822
0.284395
0.27087
0.258165
0.246209
0.234937
0.224297
0.214241
0.20473
0.195733
0.187224
0.179183
0.171592
0.164439
0.157712
0.151401
0.145494
0.139979
0.134846
0.130078
0.125662
0.12158
0.117816
0.114351
0.111166
0.108245
0.105568
0.103117
0.100877
0.0988305
0.0969626
0.0952589
0.093706
0.0922913
0.0910034
0.0898315
0.0887656
0.0877968
0.0869167
0.0861175
0.0853922
0.0847344
0.0841382
0.083598
0.083109
0.0826665
0.0822664
0.0819048
0.0815782
0.0812835
0.0810177
0.0807781
0.0805622
0.0803678
0.0801929
0.0800355
0.079894
0.0797669
0.0796526
0.0795499
0.0794577
0.0793749
0.0793005
0.0792338
0.0791738
0.0791199
0.0790715
0.079028
0.078989
0.0789539
0.0789224
0.0788942
0.078869
0.0788466
0.0788267
0.0788094
0.0787945
0.0787821
0.0787722
0.0787651
0.0787607
0.961698
0.8922
0.829104
0.771745
0.719529
0.671929
0.628474
0.588746
0.552371
0.519014
0.488378
0.460194
0.434224
0.410253
0.388087
0.367554
0.348497
0.330776
0.314264
0.298849
0.284426
0.270906
0.258206
0.246255
0.234989
0.224354
0.214303
0.204798
0.195807
0.187303
0.179266
0.171679
0.164529
0.157804
0.151494
0.145588
0.140073
0.134939
0.13017
0.125751
0.121667
0.117899
0.114431
0.111243
0.108317
0.105636
0.103182
0.100938
0.0988876
0.097016
0.0953086
0.0937522
0.0923342
0.091043
0.089868
0.0887993
0.0878277
0.086945
0.0861433
0.0854158
0.0847558
0.0841576
0.0836155
0.0831247
0.0826806
0.082279
0.081916
0.0815882
0.0812923
0.0810254
0.0807847
0.0805679
0.0803727
0.0801971
0.080039
0.0798969
0.0797692
0.0796545
0.0795514
0.0794588
0.0793757
0.0793011
0.079234
0.0791739
0.0791198
0.0790713
0.0790277
0.0789886
0.0789535
0.078922
0.0788937
0.0788685
0.0788461
0.0788263
0.0788089
0.0787941
0.0787817
0.0787718
0.0787647
0.0787604
0.961698
0.8922
0.829104
0.771744
0.719528
0.671928
0.628474
0.588746
0.552372
0.519016
0.488381
0.460199
0.43423
0.41026
0.388097
0.367566
0.348512
0.330794
0.314286
0.298874
0.284455
0.270939
0.258244
0.246298
0.235037
0.224408
0.214362
0.204863
0.195876
0.187377
0.179344
0.171761
0.164614
0.157892
0.151583
0.145677
0.140163
0.135027
0.130257
0.125836
0.121749
0.117979
0.114507
0.111316
0.108387
0.105702
0.103244
0.100996
0.0989423
0.0970671
0.0953562
0.0937965
0.0923752
0.091081
0.0899031
0.0888315
0.0878573
0.0869721
0.0861681
0.0854384
0.0847763
0.0841761
0.0836323
0.0831398
0.0826941
0.082291
0.0819267
0.0815976
0.0813006
0.0810326
0.0807911
0.0805734
0.0803774
0.080201
0.0800423
0.0798997
0.0797714
0.0796562
0.0795527
0.0794598
0.0793764
0.0793015
0.0792343
0.0791739
0.0791197
0.0790711
0.0790274
0.0789882
0.078953
0.0789215
0.0788932
0.078868
0.0788456
0.0788257
0.0788084
0.0787936
0.0787812
0.0787714
0.0787642
0.0787599
0.961698
0.892199
0.829103
0.771743
0.719527
0.671928
0.628474
0.588747
0.552373
0.519018
0.488384
0.460203
0.434236
0.410268
0.388106
0.367578
0.348526
0.330811
0.314306
0.298898
0.284483
0.270971
0.258281
0.246339
0.235083
0.224459
0.214418
0.204924
0.195942
0.187447
0.179419
0.171839
0.164695
0.157975
0.151668
0.145762
0.140248
0.135112
0.13034
0.125917
0.121828
0.118055
0.11458
0.111385
0.108453
0.105765
0.103303
0.101052
0.0989943
0.0971157
0.0954016
0.0938387
0.0924144
0.0911172
0.0899365
0.0888623
0.0878856
0.086998
0.0861917
0.0854599
0.0847959
0.0841938
0.0836482
0.0831542
0.082707
0.0823025
0.0819369
0.0816067
0.0813085
0.0810396
0.0807971
0.0805786
0.0803818
0.0802048
0.0800455
0.0799022
0.0797735
0.0796579
0.079554
0.0794607
0.079377
0.0793019
0.0792344
0.0791739
0.0791195
0.0790708
0.079027
0.0789877
0.0789525
0.078921
0.0788927
0.0788675
0.078845
0.0788252
0.0788079
0.0787931
0.0787807
0.0787709
0.0787638
0.0787594
0.961698
0.892199
0.829103
0.771743
0.719527
0.671927
0.628473
0.588747
0.552374
0.51902
0.488386
0.460206
0.434241
0.410274
0.388115
0.367588
0.348539
0.330827
0.314325
0.29892
0.284509
0.271001
0.258315
0.246378
0.235126
0.224507
0.214471
0.204981
0.196004
0.187514
0.179489
0.171913
0.164771
0.158053
0.151747
0.145843
0.140328
0.135191
0.130418
0.125994
0.121902
0.118127
0.114649
0.111451
0.108515
0.105824
0.103359
0.101104
0.0990437
0.0971619
0.0954447
0.0938787
0.0924515
0.0911516
0.0899682
0.0888915
0.0879124
0.0870225
0.0862142
0.0854803
0.0848144
0.0842106
0.0836634
0.0831678
0.0827192
0.0823134
0.0819466
0.0816152
0.081316
0.0810461
0.0808028
0.0805835
0.080386
0.0802083
0.0800484
0.0799046
0.0797754
0.0796594
0.0795551
0.0794615
0.0793775
0.0793021
0.0792345
0.0791738
0.0791193
0.0790705
0.0790266
0.0789873
0.078952
0.0789204
0.0788921
0.0788669
0.0788444
0.0788246
0.0788074
0.0787925
0.0787802
0.0787704
0.0787633
0.0787589
0.961698
0.892199
0.829102
0.771742
0.719526
0.671927
0.628473
0.588747
0.552374
0.519021
0.488389
0.46021
0.434246
0.410281
0.388123
0.367599
0.348552
0.330842
0.314343
0.298941
0.284533
0.271029
0.258347
0.246414
0.235167
0.224551
0.214521
0.205035
0.196062
0.187576
0.179554
0.171982
0.164843
0.158127
0.151822
0.145918
0.140404
0.135266
0.130492
0.126066
0.121972
0.118194
0.114714
0.111513
0.108575
0.10588
0.103412
0.101154
0.0990904
0.0972056
0.0954854
0.0939165
0.0924866
0.0911841
0.0899982
0.0889191
0.0879377
0.0870457
0.0862354
0.0854996
0.084832
0.0842265
0.0836777
0.0831807
0.0827307
0.0823237
0.0819557
0.0816233
0.0813231
0.0810523
0.0808081
0.0805881
0.0803899
0.0802116
0.0800511
0.0799069
0.0797772
0.0796607
0.0795562
0.0794623
0.079378
0.0793024
0.0792345
0.0791737
0.0791191
0.0790701
0.0790262
0.0789868
0.0789515
0.0789198
0.0788915
0.0788663
0.0788439
0.0788241
0.0788068
0.078792
0.0787797
0.0787699
0.0787627
0.0787584
0.961698
0.892198
0.829102
0.771742
0.719526
0.671926
0.628473
0.588747
0.552375
0.519022
0.488391
0.460213
0.43425
0.410287
0.38813
0.367608
0.348563
0.330856
0.314359
0.29896
0.284556
0.271055
0.258376
0.246447
0.235204
0.224593
0.214567
0.205085
0.196116
0.187634
0.179616
0.172046
0.16491
0.158196
0.151892
0.145989
0.140474
0.135336
0.130561
0.126133
0.122038
0.118258
0.114775
0.111571
0.10863
0.105932
0.103462
0.101201
0.0991342
0.0972466
0.0955236
0.0939521
0.0925196
0.0912146
0.0900264
0.0889451
0.0879616
0.0870676
0.0862553
0.0855178
0.0848485
0.0842414
0.0836912
0.0831928
0.0827415
0.0823333
0.0819643
0.0816308
0.0813297
0.0810581
0.0808131
0.0805924
0.0803936
0.0802146
0.0800536
0.0799089
0.0797788
0.079662
0.0795571
0.0794629
0.0793784
0.0793026
0.0792345
0.0791735
0.0791188
0.0790697
0.0790257
0.0789863
0.0789509
0.0789193
0.0788909
0.0788657
0.0788433
0.0788235
0.0788062
0.0787914
0.0787791
0.0787693
0.0787622
0.0787579
0.961698
0.892198
0.829101
0.771741
0.719525
0.671926
0.628473
0.588748
0.552376
0.519024
0.488393
0.460216
0.434254
0.410292
0.388137
0.367617
0.348574
0.330869
0.314375
0.298978
0.284577
0.271079
0.258404
0.246478
0.235239
0.224632
0.214609
0.205132
0.196167
0.187688
0.179673
0.172106
0.164972
0.15826
0.151957
0.146055
0.14054
0.135402
0.130625
0.126196
0.122099
0.118317
0.114832
0.111626
0.108682
0.105982
0.103508
0.101245
0.0991752
0.0972849
0.0955594
0.0939854
0.0925505
0.0912432
0.0900527
0.0889693
0.0879839
0.087088
0.086274
0.0855348
0.0848639
0.0842554
0.0837038
0.0832041
0.0827517
0.0823423
0.0819723
0.0816379
0.0813359
0.0810635
0.0808178
0.0805964
0.0803969
0.0802175
0.080056
0.0799108
0.0797803
0.0796632
0.0795579
0.0794635
0.0793787
0.0793027
0.0792345
0.0791733
0.0791185
0.0790693
0.0790253
0.0789857
0.0789504
0.0789187
0.0788904
0.0788651
0.0788427
0.0788229
0.0788056
0.0787909
0.0787785
0.0787688
0.0787617
0.0787573
0.961698
0.892198
0.829101
0.771741
0.719525
0.671926
0.628473
0.588748
0.552376
0.519025
0.488395
0.460219
0.434258
0.410297
0.388144
0.367625
0.348584
0.33088
0.314389
0.298995
0.284596
0.271102
0.258429
0.246507
0.235272
0.224668
0.214649
0.205175
0.196213
0.187738
0.179726
0.172161
0.16503
0.158319
0.152018
0.146116
0.140601
0.135462
0.130685
0.126255
0.122156
0.118372
0.114884
0.111676
0.10873
0.106027
0.103551
0.101285
0.0992132
0.0973204
0.0955925
0.0940162
0.0925791
0.0912697
0.0900772
0.0889919
0.0880046
0.0871069
0.0862913
0.0855505
0.0848782
0.0842683
0.0837155
0.0832146
0.082761
0.0823507
0.0819797
0.0816444
0.0813416
0.0810684
0.0808221
0.0806
0.0804001
0.0802201
0.0800581
0.0799125
0.0797817
0.0796642
0.0795587
0.079464
0.079379
0.0793028
0.0792344
0.0791731
0.0791182
0.0790689
0.0790248
0.0789852
0.0789498
0.0789181
0.0788898
0.0788645
0.0788421
0.0788223
0.0788051
0.0787903
0.078778
0.0787682
0.0787611
0.0787568
0.961698
0.892198
0.829101
0.77174
0.719525
0.671925
0.628473
0.588748
0.552377
0.519026
0.488396
0.460221
0.434261
0.410302
0.38815
0.367632
0.348593
0.330891
0.314402
0.29901
0.284614
0.271122
0.258453
0.246533
0.235301
0.224701
0.214685
0.205215
0.196256
0.187783
0.179774
0.172212
0.165082
0.158373
0.152073
0.146172
0.140657
0.135518
0.13074
0.126309
0.122208
0.118422
0.114933
0.111723
0.108774
0.106069
0.103591
0.101322
0.0992482
0.0973532
0.0956231
0.0940447
0.0926055
0.0912941
0.0900998
0.0890126
0.0880236
0.0871244
0.0863072
0.0855651
0.0848914
0.0842803
0.0837262
0.0832242
0.0827697
0.0823584
0.0819865
0.0816504
0.0813469
0.081073
0.080826
0.0806034
0.0804029
0.0802224
0.0800601
0.0799141
0.0797829
0.0796651
0.0795593
0.0794644
0.0793792
0.0793028
0.0792343
0.0791729
0.0791179
0.0790685
0.0790243
0.0789847
0.0789493
0.0789175
0.0788892
0.0788639
0.0788415
0.0788217
0.0788045
0.0787897
0.0787775
0.0787677
0.0787606
0.0787563
0.961697
0.892197
0.8291
0.77174
0.719524
0.671925
0.628473
0.588748
0.552377
0.519027
0.488398
0.460224
0.434264
0.410306
0.388155
0.367638
0.348601
0.330901
0.314413
0.299024
0.28463
0.27114
0.258474
0.246557
0.235328
0.224731
0.214718
0.20525
0.196295
0.187825
0.179818
0.172258
0.16513
0.158423
0.152124
0.146223
0.140708
0.135569
0.13079
0.126357
0.122256
0.118468
0.114977
0.111765
0.108814
0.106107
0.103627
0.101356
0.0992802
0.0973831
0.095651
0.0940707
0.0926296
0.0913164
0.0901204
0.0890316
0.0880411
0.0871404
0.0863218
0.0855783
0.0849034
0.0842911
0.083736
0.083233
0.0827776
0.0823654
0.0819927
0.0816559
0.0813517
0.0810772
0.0808296
0.0806065
0.0804055
0.0802246
0.0800618
0.0799155
0.079784
0.0796659
0.0795599
0.0794647
0.0793794
0.0793028
0.0792342
0.0791727
0.0791175
0.0790681
0.0790239
0.0789842
0.0789487
0.078917
0.0788886
0.0788634
0.078841
0.0788212
0.078804
0.0787892
0.0787769
0.0787672
0.0787601
0.0787557
0.961697
0.892197
0.8291
0.77174
0.719524
0.671925
0.628472
0.588748
0.552378
0.519028
0.488399
0.460226
0.434267
0.410309
0.38816
0.367644
0.348608
0.33091
0.314424
0.299036
0.284644
0.271157
0.258493
0.246579
0.235352
0.224757
0.214748
0.205283
0.19633
0.187862
0.179858
0.1723
0.165174
0.158467
0.152169
0.146269
0.140754
0.135614
0.130835
0.126402
0.122299
0.11851
0.115017
0.111803
0.108851
0.106142
0.10366
0.101387
0.0993091
0.0974102
0.0956763
0.0940942
0.0926514
0.0913366
0.090139
0.0890488
0.0880568
0.0871548
0.086335
0.0855903
0.0849143
0.084301
0.0837449
0.083241
0.0827847
0.0823717
0.0819983
0.0816608
0.081356
0.0810809
0.0808328
0.0806092
0.0804078
0.0802265
0.0800634
0.0799167
0.079785
0.0796666
0.0795604
0.079465
0.0793795
0.0793028
0.079234
0.0791724
0.0791172
0.0790677
0.0790234
0.0789837
0.0789482
0.0789164
0.0788881
0.0788628
0.0788404
0.0788207
0.0788035
0.0787887
0.0787764
0.0787667
0.0787596
0.0787552
0.961697
0.892197
0.8291
0.771739
0.719524
0.671924
0.628472
0.588748
0.552378
0.519029
0.488401
0.460227
0.43427
0.410313
0.388164
0.36765
0.348614
0.330918
0.314433
0.299047
0.284657
0.271172
0.258509
0.246598
0.235374
0.224781
0.214774
0.205311
0.196361
0.187895
0.179893
0.172337
0.165212
0.158507
0.152209
0.146309
0.140795
0.135655
0.130875
0.126441
0.122337
0.118547
0.115053
0.111837
0.108883
0.106173
0.103689
0.101415
0.0993348
0.0974343
0.0956988
0.0941151
0.0926709
0.0913546
0.0901556
0.0890641
0.0880708
0.0871676
0.0863467
0.085601
0.084924
0.0843097
0.0837528
0.0832481
0.082791
0.0823773
0.0820033
0.0816652
0.0813598
0.0810842
0.0808356
0.0806116
0.0804098
0.0802282
0.0800647
0.0799178
0.0797858
0.0796672
0.0795608
0.0794653
0.0793796
0.0793028
0.0792339
0.0791722
0.0791169
0.0790673
0.079023
0.0789833
0.0789477
0.0789159
0.0788876
0.0788623
0.0788399
0.0788202
0.078803
0.0787882
0.078776
0.0787662
0.0787591
0.0787547
0.961697
0.892197
0.8291
0.771739
0.719523
0.671924
0.628472
0.588748
0.552379
0.519029
0.488402
0.460229
0.434272
0.410316
0.388168
0.367654
0.34862
0.330925
0.314441
0.299057
0.284668
0.271185
0.258524
0.246615
0.235392
0.224802
0.214797
0.205336
0.196388
0.187924
0.179924
0.172369
0.165246
0.158541
0.152245
0.146345
0.140831
0.135691
0.13091
0.126475
0.122371
0.118579
0.115084
0.111867
0.108912
0.1062
0.103714
0.101439
0.0993575
0.0974554
0.0957185
0.0941335
0.0926879
0.0913704
0.0901702
0.0890775
0.0880832
0.0871789
0.086357
0.0856103
0.0849325
0.0843174
0.0837597
0.0832542
0.0827965
0.0823823
0.0820076
0.081669
0.0813631
0.0810871
0.0808381
0.0806137
0.0804116
0.0802296
0.0800659
0.0799187
0.0797865
0.0796677
0.0795611
0.0794654
0.0793796
0.0793027
0.0792337
0.0791719
0.0791165
0.079067
0.0790226
0.0789828
0.0789473
0.0789155
0.0788871
0.0788618
0.0788394
0.0788197
0.0788025
0.0787878
0.0787755
0.0787658
0.0787586
0.0787543
0.961697
0.892197
0.829099
0.771739
0.719523
0.671924
0.628472
0.588748
0.552379
0.51903
0.488403
0.46023
0.434274
0.410318
0.388171
0.367658
0.348625
0.33093
0.314448
0.299065
0.284678
0.271196
0.258537
0.246629
0.235408
0.22482
0.214816
0.205358
0.196411
0.187949
0.17995
0.172397
0.165275
0.158571
0.152275
0.146376
0.140862
0.135721
0.13094
0.126505
0.122399
0.118607
0.115111
0.111893
0.108936
0.106223
0.103736
0.101459
0.0993769
0.0974736
0.0957355
0.0941493
0.0927026
0.0913839
0.0901827
0.089089
0.0880937
0.0871886
0.0863658
0.0856184
0.0849398
0.084324
0.0837656
0.0832596
0.0828012
0.0823865
0.0820113
0.0816722
0.081366
0.0810895
0.0808402
0.0806155
0.080413
0.0802308
0.0800669
0.0799195
0.0797871
0.0796681
0.0795613
0.0794655
0.0793796
0.0793026
0.0792335
0.0791717
0.0791162
0.0790666
0.0790222
0.0789824
0.0789468
0.078915
0.0788867
0.0788614
0.078839
0.0788193
0.0788021
0.0787874
0.0787751
0.0787654
0.0787582
0.0787538
0.961697
0.892197
0.829099
0.771739
0.719523
0.671924
0.628472
0.588748
0.552379
0.51903
0.488403
0.460232
0.434275
0.41032
0.388173
0.367662
0.348629
0.330935
0.314454
0.299072
0.284686
0.271205
0.258547
0.246641
0.235422
0.224835
0.214833
0.205376
0.196431
0.18797
0.179972
0.17242
0.165299
0.158596
0.1523
0.146401
0.140888
0.135747
0.130966
0.12653
0.122423
0.11863
0.115133
0.111914
0.108957
0.106242
0.103754
0.101477
0.0993931
0.0974888
0.0957496
0.0941624
0.0927148
0.0913952
0.0901931
0.0890986
0.0881025
0.0871966
0.0863732
0.0856251
0.0849458
0.0843295
0.0837705
0.083264
0.0828052
0.0823899
0.0820144
0.0816749
0.0813683
0.0810915
0.0808419
0.0806169
0.0804142
0.0802318
0.0800677
0.0799201
0.0797875
0.0796684
0.0795615
0.0794656
0.0793796
0.0793025
0.0792333
0.0791714
0.079116
0.0790663
0.0790218
0.078982
0.0789464
0.0789146
0.0788863
0.078861
0.0788386
0.0788189
0.0788017
0.078787
0.0787748
0.078765
0.0787579
0.0787535
0.961697
0.892197
0.829099
0.771739
0.719523
0.671924
0.628472
0.588749
0.552379
0.519031
0.488404
0.460232
0.434277
0.410322
0.388175
0.367664
0.348632
0.330939
0.314459
0.299077
0.284692
0.271212
0.258556
0.24665
0.235432
0.224847
0.214846
0.20539
0.196446
0.187987
0.17999
0.172439
0.165318
0.158616
0.152321
0.146422
0.140908
0.135767
0.130986
0.126549
0.122443
0.118649
0.115151
0.111932
0.108973
0.106258
0.103769
0.10149
0.0994061
0.0975009
0.095761
0.094173
0.0927246
0.0914043
0.0902015
0.0891063
0.0881096
0.0872031
0.086379
0.0856304
0.0849506
0.0843338
0.0837744
0.0832675
0.0828083
0.0823927
0.0820168
0.081677
0.0813701
0.0810931
0.0808433
0.080618
0.0804152
0.0802325
0.0800682
0.0799205
0.0797878
0.0796686
0.0795616
0.0794656
0.0793795
0.0793023
0.0792332
0.0791712
0.0791157
0.079066
0.0790215
0.0789817
0.0789461
0.0789143
0.0788859
0.0788606
0.0788383
0.0788186
0.0788014
0.0787867
0.0787745
0.0787647
0.0787576
0.0787532
0.961697
0.892197
0.829099
0.771739
0.719523
0.671924
0.628472
0.588749
0.552379
0.519031
0.488404
0.460233
0.434277
0.410323
0.388177
0.367666
0.348635
0.330942
0.314462
0.299081
0.284697
0.271218
0.258562
0.246657
0.23544
0.224856
0.214856
0.205401
0.196458
0.187999
0.180003
0.172453
0.165333
0.158631
0.152336
0.146437
0.140924
0.135783
0.131001
0.126564
0.122457
0.118663
0.115164
0.111944
0.108985
0.106269
0.10378
0.101501
0.0994158
0.09751
0.0957695
0.0941809
0.0927319
0.0914111
0.0902077
0.089112
0.0881148
0.0872079
0.0863834
0.0856344
0.0849542
0.084337
0.0837773
0.08327
0.0828106
0.0823947
0.0820186
0.0816786
0.0813715
0.0810942
0.0808442
0.0806188
0.0804158
0.080233
0.0800686
0.0799208
0.079788
0.0796687
0.0795616
0.0794656
0.0793794
0.0793022
0.079233
0.079171
0.0791154
0.0790657
0.0790212
0.0789814
0.0789458
0.078914
0.0788856
0.0788603
0.078838
0.0788183
0.0788011
0.0787864
0.0787742
0.0787645
0.0787573
0.0787529
0.961697
0.892196
0.829099
0.771738
0.719523
0.671924
0.628472
0.588749
0.55238
0.519031
0.488405
0.460234
0.434278
0.410324
0.388178
0.367667
0.348636
0.330944
0.314464
0.299084
0.2847
0.271221
0.258566
0.246662
0.235446
0.224862
0.214862
0.205408
0.196465
0.188007
0.180012
0.172462
0.165342
0.158641
0.152346
0.146448
0.140934
0.135793
0.131011
0.126574
0.122467
0.118672
0.115173
0.111953
0.108993
0.106277
0.103787
0.101508
0.0994223
0.0975161
0.0957751
0.0941861
0.0927367
0.0914155
0.0902118
0.0891158
0.0881183
0.087211
0.0863863
0.085637
0.0849566
0.0843391
0.0837792
0.0832717
0.082812
0.082396
0.0820197
0.0816795
0.0813723
0.0810949
0.0808448
0.0806193
0.0804162
0.0802333
0.0800688
0.0799209
0.079788
0.0796687
0.0795616
0.0794655
0.0793793
0.079302
0.0792328
0.0791708
0.0791152
0.0790655
0.079021
0.0789811
0.0789455
0.0789137
0.0788853
0.0788601
0.0788377
0.078818
0.0788009
0.0787862
0.078774
0.0787643
0.0787571
0.0787527
0.961697
0.892196
0.829099
0.771738
0.719523
0.671924
0.628472
0.588749
0.55238
0.519031
0.488405
0.460234
0.434278
0.410324
0.388179
0.367668
0.348637
0.330945
0.314466
0.299085
0.284702
0.271223
0.258568
0.246664
0.235448
0.224864
0.214866
0.205412
0.196469
0.188012
0.180017
0.172467
0.165347
0.158646
0.152351
0.146453
0.140939
0.135798
0.131016
0.126579
0.122472
0.118677
0.115178
0.111957
0.108997
0.106281
0.103791
0.101511
0.0994255
0.0975191
0.0957779
0.0941887
0.0927391
0.0914177
0.0902138
0.0891176
0.08812
0.0872125
0.0863876
0.0856382
0.0849577
0.0843401
0.08378
0.0832724
0.0828127
0.0823966
0.0820202
0.0816799
0.0813726
0.0810952
0.080845
0.0806194
0.0804163
0.0802334
0.0800688
0.0799209
0.079788
0.0796686
0.0795615
0.0794653
0.0793791
0.0793019
0.0792326
0.0791706
0.079115
0.0790653
0.0790208
0.0789809
0.0789453
0.0789135
0.0788851
0.0788599
0.0788375
0.0788178
0.0788007
0.078786
0.0787738
0.0787641
0.078757
0.0787525
0.961697
0.892196
0.829099
0.771738
0.719523
0.671924
0.628472
0.588749
0.55238
0.519031
0.488405
0.460234
0.434278
0.410324
0.388179
0.367668
0.348637
0.330945
0.314466
0.299085
0.284702
0.271223
0.258568
0.246665
0.235448
0.224865
0.214866
0.205412
0.196469
0.188012
0.180017
0.172467
0.165347
0.158646
0.152351
0.146453
0.140939
0.135798
0.131016
0.126579
0.122472
0.118677
0.115178
0.111957
0.108997
0.106281
0.103791
0.101511
0.0994254
0.097519
0.0957778
0.0941886
0.092739
0.0914176
0.0902137
0.0891175
0.0881198
0.0872124
0.0863875
0.085638
0.0849575
0.0843399
0.0837799
0.0832723
0.0828125
0.0823964
0.08202
0.0816797
0.0813724
0.081095
0.0808448
0.0806192
0.0804161
0.0802332
0.0800686
0.0799207
0.0797878
0.0796684
0.0795613
0.0794652
0.079379
0.0793017
0.0792324
0.0791704
0.0791149
0.0790651
0.0790206
0.0789808
0.0789452
0.0789133
0.078885
0.0788597
0.0788374
0.0788177
0.0788005
0.0787859
0.0787737
0.078764
0.0787568
0.0787523
0.961697
0.892196
0.829099
0.771738
0.719523
0.671924
0.628472
0.588749
0.55238
0.519031
0.488405
0.460234
0.434278
0.410324
0.388178
0.367667
0.348636
0.330944
0.314464
0.299084
0.2847
0.271221
0.258566
0.246662
0.235446
0.224862
0.214862
0.205408
0.196465
0.188008
0.180012
0.172462
0.165342
0.158641
0.152346
0.146448
0.140934
0.135793
0.131011
0.126574
0.122467
0.118672
0.115173
0.111953
0.108993
0.106277
0.103787
0.101508
0.0994221
0.0975159
0.0957749
0.0941858
0.0927365
0.0914152
0.0902115
0.0891154
0.0881179
0.0872106
0.0863858
0.0856365
0.0849561
0.0843386
0.0837787
0.0832712
0.0828115
0.0823955
0.0820191
0.081679
0.0813717
0.0810944
0.0808442
0.0806187
0.0804156
0.0802327
0.0800683
0.0799204
0.0797875
0.0796681
0.079561
0.0794649
0.0793788
0.0793015
0.0792323
0.0791703
0.0791147
0.079065
0.0790205
0.0789807
0.0789451
0.0789132
0.0788849
0.0788596
0.0788373
0.0788176
0.0788004
0.0787858
0.0787736
0.0787639
0.0787567
0.0787523
0.961697
0.892197
0.829099
0.771739
0.719523
0.671924
0.628472
0.588749
0.552379
0.519031
0.488404
0.460233
0.434277
0.410323
0.388177
0.367666
0.348635
0.330942
0.314462
0.299081
0.284697
0.271218
0.258562
0.246657
0.23544
0.224856
0.214856
0.205401
0.196458
0.187999
0.180003
0.172453
0.165333
0.158631
0.152336
0.146437
0.140924
0.135783
0.131001
0.126564
0.122457
0.118663
0.115164
0.111944
0.108985
0.106269
0.10378
0.101501
0.0994155
0.0975097
0.0957691
0.0941804
0.0927314
0.0914105
0.0902071
0.0891114
0.0881142
0.0872072
0.0863827
0.0856336
0.0849534
0.0843362
0.0837765
0.0832692
0.0828097
0.0823938
0.0820176
0.0816776
0.0813705
0.0810933
0.0808433
0.0806179
0.0804148
0.0802321
0.0800677
0.0799199
0.079787
0.0796678
0.0795607
0.0794647
0.0793785
0.0793013
0.0792321
0.0791701
0.0791146
0.0790649
0.0790204
0.0789806
0.078945
0.0789132
0.0788848
0.0788596
0.0788372
0.0788175
0.0788004
0.0787857
0.0787735
0.0787638
0.0787567
0.0787522
0.961697
0.892197
0.829099
0.771739
0.719523
0.671924
0.628472
0.588749
0.552379
0.519031
0.488404
0.460232
0.434277
0.410322
0.388175
0.367664
0.348632
0.330939
0.314459
0.299077
0.284692
0.271212
0.258556
0.24665
0.235432
0.224847
0.214846
0.20539
0.196446
0.187987
0.17999
0.172439
0.165318
0.158616
0.152321
0.146422
0.140908
0.135767
0.130986
0.126549
0.122443
0.118649
0.115151
0.111931
0.108973
0.106258
0.103769
0.10149
0.0994056
0.0975004
0.0957604
0.0941723
0.0927239
0.0914035
0.0902007
0.0891054
0.0881087
0.0872021
0.086378
0.0856293
0.0849495
0.0843327
0.0837732
0.0832662
0.082807
0.0823914
0.0820155
0.0816757
0.0813688
0.0810918
0.0808419
0.0806167
0.0804138
0.0802312
0.0800669
0.0799192
0.0797865
0.0796673
0.0795603
0.0794643
0.0793783
0.0793011
0.0792319
0.07917
0.0791145
0.0790648
0.0790204
0.0789806
0.078945
0.0789132
0.0788848
0.0788596
0.0788372
0.0788175
0.0788004
0.0787857
0.0787735
0.0787638
0.0787567
0.0787522
0.961697
0.892197
0.829099
0.771739
0.719523
0.671924
0.628472
0.588748
0.552379
0.51903
0.488403
0.460232
0.434275
0.41032
0.388173
0.367662
0.348629
0.330935
0.314454
0.299072
0.284686
0.271205
0.258547
0.246641
0.235422
0.224835
0.214833
0.205376
0.196431
0.18797
0.179973
0.17242
0.165299
0.158596
0.152301
0.146402
0.140888
0.135747
0.130966
0.12653
0.122423
0.11863
0.115133
0.111914
0.108956
0.106242
0.103754
0.101476
0.0993925
0.0974881
0.0957489
0.0941616
0.0927139
0.0913943
0.0901921
0.0890975
0.0881014
0.0871954
0.0863719
0.0856237
0.0849444
0.084328
0.083769
0.0832624
0.0828036
0.0823883
0.0820127
0.0816732
0.0813666
0.0810898
0.0808402
0.0806152
0.0804125
0.0802301
0.0800659
0.0799184
0.0797858
0.0796667
0.0795598
0.079464
0.079378
0.0793009
0.0792318
0.0791699
0.0791144
0.0790648
0.0790203
0.0789806
0.078945
0.0789132
0.0788849
0.0788596
0.0788373
0.0788176
0.0788004
0.0787858
0.0787735
0.0787638
0.0787567
0.0787523
0.961697
0.892197
0.829099
0.771739
0.719523
0.671924
0.628472
0.588748
0.552379
0.51903
0.488403
0.46023
0.434274
0.410318
0.388171
0.367658
0.348625
0.33093
0.314448
0.299065
0.284678
0.271196
0.258537
0.246629
0.235408
0.22482
0.214817
0.205358
0.196411
0.18795
0.179951
0.172397
0.165275
0.158571
0.152275
0.146376
0.140862
0.135721
0.130941
0.126505
0.122399
0.118607
0.11511
0.111893
0.108936
0.106223
0.103736
0.101459
0.0993762
0.0974728
0.0957346
0.0941483
0.0927015
0.0913827
0.0901814
0.0890876
0.0880923
0.087187
0.0863642
0.0856167
0.084938
0.0843222
0.0837637
0.0832576
0.0827993
0.0823845
0.0820093
0.0816702
0.0813639
0.0810874
0.0808381
0.0806134
0.0804109
0.0802287
0.0800648
0.0799174
0.079785
0.079666
0.0795593
0.0794635
0.0793776
0.0793006
0.0792316
0.0791698
0.0791144
0.0790648
0.0790204
0.0789806
0.0789451
0.0789133
0.078885
0.0788597
0.0788374
0.0788177
0.0788005
0.0787858
0.0787736
0.0787639
0.0787568
0.0787524
0.961697
0.892197
0.8291
0.771739
0.719523
0.671924
0.628472
0.588748
0.552379
0.519029
0.488402
0.460229
0.434272
0.410316
0.388168
0.367654
0.34862
0.330925
0.314441
0.299057
0.284668
0.271185
0.258524
0.246615
0.235392
0.224802
0.214797
0.205337
0.196388
0.187925
0.179924
0.17237
0.165246
0.158542
0.152245
0.146345
0.140831
0.135691
0.13091
0.126475
0.122371
0.118579
0.115084
0.111867
0.108911
0.106199
0.103714
0.101438
0.0993566
0.0974545
0.0957175
0.0941323
0.0926866
0.091369
0.0901687
0.0890758
0.0880814
0.0871771
0.0863551
0.0856084
0.0849304
0.0843153
0.0837575
0.083252
0.0827942
0.0823799
0.0820052
0.0816665
0.0813607
0.0810846
0.0808356
0.0806112
0.0804091
0.0802271
0.0800634
0.0799163
0.079784
0.0796653
0.0795587
0.079463
0.0793773
0.0793003
0.0792314
0.0791697
0.0791143
0.0790648
0.0790204
0.0789807
0.0789452
0.0789134
0.0788851
0.0788599
0.0788375
0.0788178
0.0788007
0.078786
0.0787737
0.078764
0.0787569
0.0787525
0.961697
0.892197
0.8291
0.771739
0.719524
0.671924
0.628472
0.588748
0.552378
0.519029
0.488401
0.460227
0.43427
0.410313
0.388164
0.36765
0.348614
0.330918
0.314433
0.299047
0.284657
0.271172
0.25851
0.246598
0.235374
0.224781
0.214774
0.205312
0.196361
0.187896
0.179894
0.172337
0.165213
0.158507
0.15221
0.14631
0.140796
0.135655
0.130875
0.126441
0.122337
0.118547
0.115052
0.111837
0.108883
0.106172
0.103688
0.101414
0.0993339
0.0974332
0.0956975
0.0941137
0.0926694
0.091353
0.0901538
0.0890622
0.0880689
0.0871655
0.0863445
0.0855987
0.0849216
0.0843073
0.0837502
0.0832454
0.0827883
0.0823746
0.0820005
0.0816623
0.081357
0.0810813
0.0808328
0.0806087
0.0804069
0.0802253
0.0800619
0.079915
0.0797829
0.0796644
0.079558
0.0794625
0.0793768
0.0793001
0.0792312
0.0791696
0.0791143
0.0790648
0.0790205
0.0789808
0.0789453
0.0789136
0.0788853
0.07886
0.0788377
0.078818
0.0788008
0.0787861
0.0787739
0.0787641
0.078757
0.0787527
0.961697
0.892197
0.8291
0.77174
0.719524
0.671925
0.628472
0.588748
0.552378
0.519028
0.488399
0.460226
0.434267
0.410309
0.38816
0.367644
0.348608
0.33091
0.314424
0.299036
0.284644
0.271157
0.258493
0.246579
0.235352
0.224758
0.214748
0.205283
0.19633
0.187862
0.179858
0.1723
0.165174
0.158467
0.152169
0.146269
0.140755
0.135614
0.130835
0.126402
0.122299
0.118509
0.115017
0.111803
0.10885
0.106141
0.103659
0.101386
0.099308
0.0974089
0.0956749
0.0940926
0.0926497
0.0913347
0.090137
0.0890466
0.0880545
0.0871524
0.0863325
0.0855877
0.0849116
0.0842982
0.083742
0.083238
0.0827816
0.0823686
0.0819951
0.0816576
0.0813528
0.0810776
0.0808295
0.0806059
0.0804045
0.0802232
0.0800601
0.0799135
0.0797817
0.0796634
0.0795572
0.0794619
0.0793764
0.0792997
0.079231
0.0791694
0.0791143
0.0790648
0.0790206
0.0789809
0.0789455
0.0789138
0.0788855
0.0788602
0.0788379
0.0788182
0.078801
0.0787863
0.078774
0.0787643
0.0787572
0.0787529
0.961697
0.892197
0.8291
0.77174
0.719524
0.671925
0.628473
0.588748
0.552377
0.519027
0.488398
0.460224
0.434264
0.410306
0.388155
0.367639
0.348601
0.330901
0.314413
0.299024
0.28463
0.27114
0.258474
0.246558
0.235328
0.224731
0.214718
0.205251
0.196295
0.187825
0.179819
0.172259
0.165131
0.158423
0.152124
0.146223
0.140709
0.135569
0.13079
0.126358
0.122256
0.118468
0.114977
0.111765
0.108814
0.106107
0.103626
0.101355
0.099279
0.0973817
0.0956495
0.0940689
0.0926277
0.0913143
0.0901181
0.0890292
0.0880385
0.0871377
0.086319
0.0855754
0.0849004
0.084288
0.0837328
0.0832297
0.0827741
0.0823619
0.0819891
0.0816523
0.0813481
0.0810735
0.0808259
0.0806028
0.0804018
0.0802209
0.0800581
0.0799118
0.0797804
0.0796623
0.0795563
0.0794612
0.0793759
0.0792994
0.0792308
0.0791693
0.0791142
0.0790649
0.0790207
0.0789811
0.0789457
0.078914
0.0788857
0.0788605
0.0788381
0.0788184
0.0788012
0.0787865
0.0787742
0.0787645
0.0787574
0.0787531
0.961698
0.892198
0.829101
0.77174
0.719525
0.671925
0.628473
0.588748
0.552377
0.519026
0.488397
0.460221
0.434261
0.410302
0.38815
0.367632
0.348593
0.330891
0.314402
0.29901
0.284614
0.271122
0.258453
0.246534
0.235302
0.224701
0.214685
0.205215
0.196257
0.187784
0.179775
0.172213
0.165083
0.158374
0.152074
0.146172
0.140658
0.135518
0.13074
0.126309
0.122208
0.118422
0.114932
0.111722
0.108773
0.106068
0.10359
0.101321
0.0992468
0.0973516
0.0956214
0.0940427
0.0926034
0.0912918
0.0900973
0.08901
0.0880208
0.0871214
0.0863041
0.0855618
0.084888
0.0842767
0.0837226
0.0832205
0.0827659
0.0823545
0.0819825
0.0816464
0.0813429
0.081069
0.0808219
0.0805993
0.0803988
0.0802183
0.080056
0.07991
0.0797789
0.0796611
0.0795554
0.0794605
0.0793753
0.079299
0.0792306
0.0791692
0.0791142
0.0790649
0.0790208
0.0789812
0.0789458
0.0789142
0.0788859
0.0788607
0.0788383
0.0788186
0.0788014
0.0787867
0.0787745
0.0787648
0.0787577
0.0787534
0.961698
0.892198
0.829101
0.771741
0.719525
0.671926
0.628473
0.588748
0.552376
0.519025
0.488395
0.460219
0.434258
0.410297
0.388144
0.367625
0.348584
0.330881
0.314389
0.298995
0.284596
0.271102
0.258429
0.246507
0.235272
0.224668
0.214649
0.205175
0.196214
0.187738
0.179726
0.172162
0.16503
0.158319
0.152018
0.146116
0.140602
0.135463
0.130685
0.126255
0.122156
0.118371
0.114884
0.111676
0.108729
0.106026
0.10355
0.101284
0.0992117
0.0973187
0.0955906
0.0940141
0.0925768
0.0912671
0.0900745
0.0889889
0.0880014
0.0871036
0.0862878
0.0855469
0.0848745
0.0842645
0.0837115
0.0832105
0.0827569
0.0823464
0.0819753
0.08164
0.0813372
0.081064
0.0808176
0.0805955
0.0803955
0.0802156
0.0800536
0.0799081
0.0797773
0.0796598
0.0795543
0.0794597
0.0793747
0.0792986
0.0792303
0.0791691
0.0791142
0.079065
0.0790209
0.0789814
0.078946
0.0789144
0.0788861
0.0788609
0.0788386
0.0788189
0.0788017
0.078787
0.0787747
0.078765
0.0787579
0.0787536
0.961698
0.892198
0.829101
0.771741
0.719525
0.671926
0.628473
0.588748
0.552376
0.519024
0.488393
0.460216
0.434254
0.410292
0.388137
0.367617
0.348574
0.330869
0.314375
0.298978
0.284577
0.271079
0.258404
0.246479
0.23524
0.224633
0.21461
0.205132
0.196167
0.187688
0.179674
0.172107
0.164973
0.15826
0.151958
0.146055
0.140541
0.135402
0.130626
0.126197
0.122099
0.118317
0.114831
0.111625
0.108681
0.105981
0.103507
0.101243
0.0991735
0.097283
0.0955572
0.093983
0.0925479
0.0912404
0.0900497
0.0889661
0.0879805
0.0870844
0.0862702
0.0855308
0.0848598
0.0842512
0.0836994
0.0831996
0.0827471
0.0823377
0.0819675
0.0816331
0.0813311
0.0810586
0.0808129
0.0805914
0.080392
0.0802125
0.0800511
0.0799059
0.0797755
0.0796583
0.0795532
0.0794588
0.0793741
0.0792981
0.07923
0.0791689
0.0791141
0.079065
0.079021
0.0789816
0.0789462
0.0789146
0.0788864
0.0788612
0.0788388
0.0788191
0.0788019
0.0787872
0.0787749
0.0787652
0.0787581
0.0787539
0.961698
0.892198
0.829102
0.771742
0.719526
0.671926
0.628473
0.588747
0.552375
0.519022
0.488391
0.460213
0.43425
0.410287
0.38813
0.367608
0.348563
0.330856
0.314359
0.29896
0.284556
0.271055
0.258377
0.246448
0.235205
0.224594
0.214567
0.205086
0.196117
0.187634
0.179617
0.172047
0.16491
0.158196
0.151893
0.14599
0.140475
0.135337
0.130561
0.126134
0.122038
0.118257
0.114774
0.111571
0.108629
0.105931
0.10346
0.101199
0.0991324
0.0972445
0.0955213
0.0939496
0.0925168
0.0912116
0.0900231
0.0889416
0.0879579
0.0870637
0.0862512
0.0855135
0.084844
0.0842368
0.0836865
0.0831879
0.0827366
0.0823283
0.0819591
0.0816256
0.0813245
0.0810528
0.0808078
0.080587
0.0803882
0.0802093
0.0800483
0.0799036
0.0797736
0.0796568
0.0795519
0.0794578
0.0793733
0.0792976
0.0792296
0.0791687
0.079114
0.079065
0.0790211
0.0789817
0.0789464
0.0789149
0.0788866
0.0788615
0.0788391
0.0788194
0.0788022
0.0787874
0.0787752
0.0787655
0.0787584
0.0787541
0.961698
0.892199
0.829102
0.771742
0.719526
0.671927
0.628473
0.588747
0.552374
0.519021
0.488389
0.46021
0.434246
0.410281
0.388123
0.367599
0.348552
0.330842
0.314343
0.298941
0.284533
0.271029
0.258347
0.246414
0.235167
0.224552
0.214521
0.205036
0.196063
0.187576
0.179555
0.171982
0.164844
0.158127
0.151823
0.145919
0.140404
0.135266
0.130492
0.126066
0.121972
0.118194
0.114713
0.111513
0.108574
0.105879
0.103411
0.101152
0.0990884
0.0972033
0.0954829
0.0939138
0.0924836
0.0911808
0.0899946
0.0889153
0.0879337
0.0870415
0.0862309
0.085495
0.0848272
0.0842215
0.0836726
0.0831754
0.0827253
0.0823182
0.0819501
0.0816176
0.0813174
0.0810466
0.0808024
0.0805823
0.0803841
0.0802058
0.0800453
0.0799011
0.0797715
0.0796551
0.0795506
0.0794567
0.0793725
0.079297
0.0792292
0.0791684
0.0791139
0.079065
0.0790212
0.0789819
0.0789466
0.0789151
0.0788869
0.0788617
0.0788393
0.0788196
0.0788024
0.0787877
0.0787754
0.0787657
0.0787586
0.0787543
0.961698
0.892199
0.829103
0.771743
0.719527
0.671927
0.628473
0.588747
0.552374
0.51902
0.488386
0.460206
0.434241
0.410275
0.388115
0.367588
0.348539
0.330827
0.314325
0.29892
0.284509
0.271001
0.258315
0.246378
0.235127
0.224507
0.214472
0.204982
0.196005
0.187514
0.179489
0.171913
0.164772
0.158054
0.151748
0.145843
0.140329
0.135192
0.130418
0.125994
0.121902
0.118126
0.114648
0.11145
0.108514
0.105823
0.103358
0.101103
0.0990416
0.0971595
0.095442
0.0938757
0.0924482
0.091148
0.0899644
0.0888874
0.0879081
0.087018
0.0862094
0.0854753
0.0848093
0.0842053
0.0836579
0.0831621
0.0827134
0.0823075
0.0819406
0.0816091
0.0813099
0.08104
0.0807966
0.0805773
0.0803798
0.080202
0.0800422
0.0798984
0.0797693
0.0796533
0.0795491
0.0794556
0.0793716
0.0792963
0.0792287
0.0791681
0.0791137
0.079065
0.0790212
0.078982
0.0789468
0.0789153
0.0788871
0.0788619
0.0788396
0.0788198
0.0788026
0.0787879
0.0787756
0.0787659
0.0787588
0.0787545
0.961698
0.892199
0.829103
0.771743
0.719527
0.671928
0.628474
0.588747
0.552373
0.519018
0.488384
0.460203
0.434236
0.410268
0.388106
0.367578
0.348526
0.330811
0.314306
0.298898
0.284483
0.270972
0.258281
0.246339
0.235084
0.224459
0.214419
0.204924
0.195943
0.187448
0.179419
0.17184
0.164696
0.157976
0.151668
0.145763
0.140248
0.135112
0.13034
0.125917
0.121828
0.118054
0.114579
0.111384
0.108452
0.105763
0.103301
0.10105
0.098992
0.0971131
0.0953987
0.0938354
0.0924108
0.0911134
0.0899324
0.0888579
0.0878809
0.0869931
0.0861866
0.0854545
0.0847903
0.0841881
0.0836423
0.0831481
0.0827008
0.0822962
0.0819305
0.0816001
0.081302
0.0810329
0.0807904
0.0805719
0.0803751
0.0801981
0.0800388
0.0798956
0.0797669
0.0796513
0.0795475
0.0794543
0.0793707
0.0792956
0.0792282
0.0791678
0.0791135
0.0790649
0.0790212
0.078982
0.0789469
0.0789154
0.0788873
0.0788621
0.0788398
0.07882
0.0788028
0.0787881
0.0787758
0.078766
0.0787589
0.0787546
0.961698
0.8922
0.829104
0.771744
0.719528
0.671928
0.628474
0.588746
0.552372
0.519016
0.488381
0.460199
0.43423
0.410261
0.388097
0.367566
0.348512
0.330794
0.314286
0.298874
0.284456
0.27094
0.258245
0.246298
0.235038
0.224408
0.214363
0.204863
0.195877
0.187378
0.179345
0.171762
0.164615
0.157893
0.151584
0.145678
0.140164
0.135028
0.130257
0.125836
0.121749
0.117979
0.114507
0.111315
0.108386
0.105701
0.103242
0.100994
0.0989398
0.0970643
0.0953531
0.093793
0.0923715
0.0910769
0.0898987
0.0888269
0.0878524
0.0869668
0.0861626
0.0854326
0.0847704
0.08417
0.0836259
0.0831333
0.0826875
0.0822843
0.0819198
0.0815907
0.0812936
0.0810256
0.0807839
0.0805663
0.0803703
0.0801939
0.0800352
0.0798926
0.0797644
0.0796492
0.0795458
0.0794529
0.0793696
0.0792948
0.0792276
0.0791674
0.0791133
0.0790647
0.0790212
0.0789821
0.078947
0.0789156
0.0788874
0.0788623
0.0788399
0.0788202
0.078803
0.0787882
0.0787759
0.0787661
0.078759
0.0787547
0.961698
0.8922
0.829104
0.771745
0.719529
0.671929
0.628474
0.588746
0.552371
0.519014
0.488378
0.460194
0.434224
0.410253
0.388087
0.367554
0.348497
0.330776
0.314265
0.298849
0.284426
0.270906
0.258206
0.246255
0.234989
0.224354
0.214304
0.204799
0.195807
0.187303
0.179266
0.17168
0.16453
0.157805
0.151495
0.145589
0.140074
0.134939
0.13017
0.125751
0.121667
0.117899
0.11443
0.111242
0.108316
0.105635
0.10318
0.100936
0.098885
0.097013
0.0953053
0.0937485
0.0923302
0.0910387
0.0898633
0.0887943
0.0878224
0.0869394
0.0861375
0.0854097
0.0847495
0.084151
0.0836088
0.0831178
0.0826735
0.0822717
0.0819087
0.0815807
0.0812848
0.0810178
0.0807771
0.0805603
0.0803651
0.0801894
0.0800314
0.0798893
0.0797617
0.079647
0.079544
0.0794515
0.0793684
0.0792939
0.079227
0.0791669
0.079113
0.0790645
0.0790211
0.0789821
0.078947
0.0789156
0.0788875
0.0788624
0.07884
0.0788203
0.0788031
0.0787883
0.078776
0.0787662
0.0787591
0.0787548
0.961699
0.892201
0.829105
0.771746
0.719529
0.671929
0.628474
0.588746
0.55237
0.519013
0.488375
0.46019
0.434218
0.410245
0.388077
0.367541
0.348481
0.330757
0.314242
0.298822
0.284395
0.27087
0.258166
0.246209
0.234938
0.224298
0.214241
0.204731
0.195734
0.187225
0.179184
0.171593
0.16444
0.157713
0.151402
0.145494
0.13998
0.134846
0.130078
0.125662
0.12158
0.117815
0.11435
0.111165
0.108243
0.105566
0.103115
0.100875
0.0988277
0.0969594
0.0952553
0.093702
0.092287
0.0909987
0.0898264
0.0887603
0.0877911
0.0869107
0.0861112
0.0853857
0.0847277
0.0841312
0.0835908
0.0831016
0.0826589
0.0822587
0.081897
0.0815703
0.0812755
0.0810096
0.08077
0.0805541
0.0803597
0.0801847
0.0800274
0.0798859
0.0797588
0.0796446
0.079542
0.0794499
0.0793671
0.0792929
0.0792262
0.0791663
0.0791126
0.0790643
0.0790209
0.078982
0.078947
0.0789156
0.0788875
0.0788624
0.0788401
0.0788203
0.0788031
0.0787883
0.078776
0.0787662
0.0787591
0.0787548
0.961699
0.892201
0.829106
0.771746
0.71953
0.67193
0.628474
0.588746
0.552369
0.51901
0.488372
0.460185
0.434211
0.410236
0.388066
0.367527
0.348464
0.330737
0.314218
0.298794
0.284363
0.270833
0.258123
0.246161
0.234884
0.224238
0.214176
0.204659
0.195657
0.187143
0.179097
0.171502
0.164346
0.157617
0.151304
0.145396
0.139882
0.134749
0.129983
0.125569
0.12149
0.117728
0.114266
0.111086
0.108168
0.105494
0.103047
0.100811
0.098768
0.0969036
0.0952033
0.0936536
0.0922421
0.0909571
0.089788
0.0887249
0.0877586
0.0868808
0.0860839
0.0853608
0.084705
0.0841106
0.0835721
0.0830847
0.0826437
0.082245
0.0818848
0.0815595
0.0812659
0.0810011
0.0807625
0.0805475
0.080354
0.0801798
0.0800232
0.0798824
0.0797558
0.0796421
0.0795399
0.0794482
0.0793658
0.0792918
0.0792253
0.0791657
0.0791121
0.0790639
0.0790207
0.0789818
0.0789469
0.0789156
0.0788875
0.0788624
0.0788401
0.0788203
0.0788031
0.0787882
0.0787759
0.0787661
0.078759
0.0787547
0.961699
0.892201
0.829106
0.771747
0.719531
0.67193
0.628475
0.588745
0.552368
0.519008
0.488368
0.46018
0.434204
0.410227
0.388054
0.367513
0.348447
0.330715
0.314193
0.298764
0.284328
0.270794
0.258078
0.24611
0.234827
0.224175
0.214107
0.204585
0.195576
0.187057
0.179006
0.171408
0.164248
0.157516
0.151202
0.145293
0.139779
0.134647
0.129883
0.125471
0.121395
0.117637
0.114179
0.111003
0.108089
0.105419
0.102977
0.100745
0.098706
0.0968457
0.0951493
0.0936034
0.0921955
0.090914
0.0897482
0.0886882
0.0877249
0.0868499
0.0860556
0.0853349
0.0846814
0.0840892
0.0835528
0.0830672
0.082628
0.0822309
0.0818721
0.0815482
0.0812559
0.0809923
0.0807547
0.0805407
0.0803481
0.0801747
0.0800188
0.0798786
0.0797526
0.0796394
0.0795377
0.0794463
0.0793643
0.0792906
0.0792244
0.0791649
0.0791115
0.0790635
0.0790203
0.0789816
0.0789467
0.0789155
0.0788874
0.0788623
0.07884
0.0788202
0.0788029
0.0787881
0.0787757
0.0787659
0.0787588
0.0787545
0.961699
0.892202
0.829107
0.771748
0.719532
0.671931
0.628475
0.588745
0.552366
0.519006
0.488364
0.460175
0.434197
0.410217
0.388042
0.367497
0.348428
0.330693
0.314166
0.298733
0.284292
0.270752
0.258031
0.246057
0.234768
0.224109
0.214035
0.204506
0.195492
0.186967
0.178911
0.171309
0.164146
0.157411
0.151095
0.145186
0.139673
0.134542
0.12978
0.125371
0.121298
0.117543
0.114089
0.110917
0.108007
0.105342
0.102904
0.100676
0.0986419
0.0967857
0.0950934
0.0935515
0.0921474
0.0908695
0.0897071
0.0886503
0.08769
0.0868179
0.0860263
0.0853082
0.0846571
0.0840671
0.0835327
0.0830491
0.0826117
0.0822163
0.081859
0.0815365
0.0812455
0.0809831
0.0807466
0.0805336
0.0803419
0.0801693
0.0800142
0.0798746
0.0797492
0.0796365
0.0795353
0.0794443
0.0793626
0.0792893
0.0792233
0.0791641
0.0791108
0.079063
0.0790199
0.0789812
0.0789465
0.0789152
0.0788872
0.0788621
0.0788398
0.07882
0.0788027
0.0787879
0.0787755
0.0787657
0.0787585
0.0787542
0.961699
0.892202
0.829108
0.771749
0.719533
0.671931
0.628475
0.588744
0.552365
0.519003
0.48836
0.460169
0.434189
0.410207
0.388029
0.367481
0.348408
0.33067
0.314138
0.298701
0.284255
0.270709
0.257982
0.246002
0.234706
0.224041
0.21396
0.204425
0.195404
0.186874
0.178813
0.171206
0.164039
0.157303
0.150985
0.145075
0.139562
0.134433
0.129673
0.125266
0.121197
0.117446
0.113996
0.110828
0.107923
0.105262
0.102829
0.100606
0.0985757
0.0967239
0.0950359
0.093498
0.0920977
0.0908235
0.0896646
0.0886112
0.0876541
0.086785
0.0859962
0.0852807
0.084632
0.0840443
0.0835121
0.0830305
0.0825949
0.0822011
0.0818455
0.0815244
0.0812348
0.0809736
0.0807383
0.0805263
0.0803355
0.0801638
0.0800093
0.0798705
0.0797457
0.0796335
0.0795328
0.0794422
0.0793609
0.0792878
0.0792221
0.0791631
0.07911
0.0790623
0.0790194
0.0789808
0.0789461
0.0789149
0.0788869
0.0788618
0.0788395
0.0788197
0.0788024
0.0787875
0.0787751
0.0787653
0.0787582
0.0787539
0.9617
0.892203
0.829109
0.77175
0.719533
0.671932
0.628475
0.588744
0.552364
0.519001
0.488356
0.460163
0.434181
0.410196
0.388015
0.367464
0.348388
0.330645
0.314109
0.298667
0.284215
0.270664
0.257931
0.245944
0.234642
0.22397
0.213882
0.20434
0.195313
0.186777
0.178711
0.171099
0.163929
0.15719
0.150871
0.14496
0.139448
0.13432
0.129562
0.125158
0.121092
0.117346
0.1139
0.110736
0.107836
0.10518
0.102752
0.100533
0.0985077
0.0966604
0.0949767
0.0934429
0.0920467
0.0907763
0.0896211
0.0885711
0.0876172
0.0867511
0.0859652
0.0852524
0.0846062
0.0840209
0.0834908
0.0830113
0.0825776
0.0821856
0.0818316
0.081512
0.0812237
0.0809638
0.0807296
0.0805187
0.0803288
0.0801579
0.0800043
0.0798661
0.079742
0.0796304
0.0795301
0.07944
0.079359
0.0792862
0.0792208
0.079162
0.0791091
0.0790616
0.0790188
0.0789803
0.0789456
0.0789144
0.0788865
0.0788614
0.0788391
0.0788193
0.078802
0.0787871
0.0787747
0.0787648
0.0787577
0.0787534
0.9617
0.892204
0.829109
0.771751
0.719534
0.671933
0.628475
0.588743
0.552362
0.518998
0.488352
0.460156
0.434172
0.410185
0.388001
0.367447
0.348366
0.330619
0.314079
0.298631
0.284174
0.270617
0.257877
0.245884
0.234575
0.223896
0.213801
0.204252
0.195219
0.186677
0.178605
0.170989
0.163815
0.157073
0.150753
0.144842
0.13933
0.134203
0.129448
0.125048
0.120985
0.117243
0.113801
0.110642
0.107747
0.105096
0.102672
0.100458
0.0984379
0.0965953
0.094916
0.0933866
0.0919944
0.090728
0.0895764
0.0885299
0.0875794
0.0867165
0.0859335
0.0852234
0.0845798
0.0839969
0.0834691
0.0829916
0.0825598
0.0821696
0.0818173
0.0814992
0.0812123
0.0809537
0.0807207
0.0805108
0.0803219
0.0801519
0.0799991
0.0798616
0.0797381
0.079627
0.0795272
0.0794376
0.079357
0.0792845
0.0792194
0.0791608
0.0791081
0.0790607
0.079018
0.0789796
0.078945
0.0789139
0.0788859
0.0788609
0.0788385
0.0788187
0.0788014
0.0787865
0.0787741
0.0787642
0.0787571
0.0787528
0.9617
0.892204
0.82911
0.771752
0.719535
0.671933
0.628475
0.588742
0.55236
0.518995
0.488347
0.46015
0.434163
0.410173
0.387986
0.367428
0.348344
0.330592
0.314047
0.298594
0.284132
0.270568
0.257822
0.245822
0.234506
0.22382
0.213717
0.204162
0.195122
0.186573
0.178496
0.170875
0.163698
0.156954
0.150631
0.14472
0.139209
0.134084
0.129331
0.124934
0.120875
0.117137
0.1137
0.110546
0.107655
0.10501
0.102591
0.100382
0.0983666
0.0965287
0.094854
0.093329
0.0919411
0.0906786
0.0895309
0.088488
0.0875408
0.086681
0.0859011
0.0851938
0.0845528
0.0839723
0.0834468
0.0829715
0.0825417
0.0821533
0.0818026
0.0814861
0.0812006
0.0809433
0.0807115
0.0805027
0.0803148
0.0801457
0.0799936
0.0798569
0.079734
0.0796235
0.0795242
0.079435
0.0793548
0.0792827
0.0792178
0.0791595
0.079107
0.0790597
0.0790171
0.0789788
0.0789443
0.0789132
0.0788853
0.0788602
0.0788379
0.0788181
0.0788007
0.0787858
0.0787734
0.0787635
0.0787563
0.078752
0.9617
0.892205
0.829111
0.771753
0.719536
0.671934
0.628476
0.588742
0.552358
0.518991
0.488342
0.460142
0.434154
0.410161
0.38797
0.367409
0.34832
0.330565
0.314014
0.298556
0.284088
0.270518
0.257765
0.245758
0.234435
0.223741
0.213631
0.204068
0.195021
0.186466
0.178384
0.170758
0.163578
0.156831
0.150507
0.144596
0.139085
0.133962
0.129211
0.124817
0.120763
0.117029
0.113597
0.110448
0.107562
0.104922
0.102508
0.100305
0.0982939
0.0964608
0.0947908
0.0932703
0.0918867
0.0906283
0.0894844
0.0884452
0.0875015
0.086645
0.085868
0.0851636
0.0845254
0.0839473
0.0834242
0.0829509
0.0825231
0.0821366
0.0817876
0.0814727
0.0811887
0.0809327
0.080702
0.0804944
0.0803074
0.0801393
0.079988
0.079852
0.0797298
0.0796199
0.0795211
0.0794323
0.0793525
0.0792807
0.0792161
0.079158
0.0791057
0.0790585
0.0790161
0.0789779
0.0789434
0.0789124
0.0788845
0.0788594
0.0788371
0.0788173
0.0787999
0.078785
0.0787725
0.0787626
0.0787555
0.0787512
0.9617
0.892205
0.829112
0.771754
0.719537
0.671934
0.628476
0.588741
0.552356
0.518988
0.488336
0.460135
0.434143
0.410147
0.387954
0.367389
0.348296
0.330536
0.31398
0.298517
0.284042
0.270466
0.257706
0.245692
0.234361
0.22366
0.213542
0.203972
0.194918
0.186357
0.178269
0.170639
0.163454
0.156705
0.15038
0.144468
0.138958
0.133837
0.129089
0.124699
0.120648
0.116919
0.113491
0.110347
0.107467
0.104832
0.102424
0.100226
0.09822
0.0963919
0.0947267
0.0932107
0.0918315
0.0905772
0.0894373
0.0884018
0.0874616
0.0866084
0.0858345
0.085133
0.0844975
0.083922
0.0834011
0.0829301
0.0825043
0.0821196
0.0817724
0.081459
0.0811765
0.0809218
0.0806924
0.0804858
0.0802999
0.0801327
0.0799822
0.079847
0.0797254
0.079616
0.0795178
0.0794294
0.07935
0.0792785
0.0792142
0.0791563
0.0791042
0.0790573
0.0790149
0.0789768
0.0789424
0.0789114
0.0788835
0.0788585
0.0788361
0.0788163
0.0787989
0.078784
0.0787715
0.0787616
0.0787544
0.0787502
0.961701
0.892206
0.829113
0.771755
0.719538
0.671935
0.628475
0.58874
0.552354
0.518984
0.488331
0.460127
0.434133
0.410134
0.387936
0.367368
0.348271
0.330505
0.313945
0.298476
0.283995
0.270412
0.257646
0.245624
0.234286
0.223576
0.213452
0.203874
0.194813
0.186245
0.178151
0.170516
0.163328
0.156576
0.15025
0.144338
0.138829
0.13371
0.128965
0.124578
0.120531
0.116807
0.113385
0.110246
0.107371
0.104741
0.102339
0.100146
0.0981452
0.0963221
0.0946617
0.0931504
0.0917756
0.0905256
0.0893896
0.0883579
0.0874212
0.0865714
0.0858006
0.085102
0.0844692
0.0838962
0.0833778
0.0829089
0.0824852
0.0821024
0.0817569
0.0814451
0.0811641
0.0809107
0.0806825
0.0804771
0.0802922
0.0801258
0.0799762
0.0798417
0.0797208
0.079612
0.0795143
0.0794264
0.0793473
0.0792762
0.0792122
0.0791545
0.0791026
0.0790558
0.0790136
0.0789755
0.0789412
0.0789103
0.0788824
0.0788574
0.0788351
0.0788152
0.0787978
0.0787829
0.0787704
0.0787605
0.0787533
0.078749
0.961701
0.892207
0.829114
0.771756
0.719539
0.671936
0.628475
0.588739
0.552352
0.51898
0.488324
0.460118
0.434121
0.410119
0.387919
0.367346
0.348245
0.330474
0.313909
0.298433
0.283947
0.270357
0.257583
0.245554
0.234208
0.223491
0.213359
0.203773
0.194705
0.186131
0.178031
0.170392
0.1632
0.156445
0.150118
0.144206
0.138698
0.133581
0.128839
0.124456
0.120413
0.116693
0.113277
0.110143
0.107274
0.10465
0.102252
0.100065
0.0980696
0.0962516
0.0945961
0.0930895
0.0917192
0.0904734
0.0893415
0.0883136
0.0873805
0.086534
0.0857664
0.0850708
0.0844407
0.0838703
0.0833542
0.0828875
0.0824658
0.082085
0.0817412
0.0814311
0.0811514
0.0808995
0.0806725
0.0804682
0.0802843
0.0801189
0.0799701
0.0798363
0.079716
0.0796079
0.0795106
0.0794232
0.0793445
0.0792737
0.07921
0.0791526
0.0791009
0.0790542
0.0790121
0.0789742
0.0789399
0.078909
0.0788812
0.0788562
0.0788338
0.078814
0.0787966
0.0787816
0.0787691
0.0787592
0.078752
0.0787477
0.961701
0.892207
0.829115
0.771757
0.71954
0.671936
0.628475
0.588737
0.552349
0.518975
0.488318
0.460109
0.43411
0.410104
0.3879
0.367323
0.348217
0.330442
0.313871
0.29839
0.283897
0.270301
0.25752
0.245483
0.234129
0.223405
0.213264
0.203671
0.194596
0.186015
0.17791
0.170265
0.16307
0.156313
0.149984
0.144072
0.138566
0.13345
0.128711
0.124332
0.120294
0.116579
0.113167
0.110039
0.107176
0.104557
0.102166
0.0999832
0.0979935
0.0961806
0.0945301
0.0930283
0.0916624
0.090421
0.0892931
0.088269
0.0873395
0.0864964
0.085732
0.0850393
0.0844119
0.0838441
0.0833304
0.082866
0.0824463
0.0820674
0.0817253
0.0814168
0.0811387
0.080888
0.0806623
0.0804591
0.0802762
0.0801117
0.0799638
0.0798307
0.0797111
0.0796035
0.0795068
0.0794198
0.0793415
0.0792711
0.0792076
0.0791505
0.0790989
0.0790524
0.0790105
0.0789726
0.0789384
0.0789075
0.0788797
0.0788547
0.0788324
0.0788125
0.0787951
0.0787801
0.0787676
0.0787577
0.0787505
0.0787462
0.961701
0.892208
0.829116
0.771758
0.719541
0.671936
0.628474
0.588736
0.552346
0.51897
0.488311
0.460099
0.434097
0.410088
0.38788
0.367299
0.348189
0.330409
0.313833
0.298346
0.283846
0.270243
0.257455
0.245411
0.234049
0.223316
0.213168
0.203568
0.194485
0.185898
0.177787
0.170137
0.162939
0.156179
0.149849
0.143937
0.138432
0.133319
0.128583
0.124208
0.120174
0.116464
0.113058
0.109935
0.107077
0.104464
0.102078
0.0999015
0.0979171
0.0961095
0.094464
0.0929669
0.0916056
0.0903684
0.0892446
0.0882243
0.0872984
0.0864587
0.0856974
0.0850077
0.0843831
0.0838179
0.0833066
0.0828443
0.0824267
0.0820496
0.0817094
0.0814024
0.0811257
0.0808765
0.080652
0.0804499
0.080268
0.0801044
0.0799573
0.079825
0.079706
0.079599
0.0795028
0.0794163
0.0793384
0.0792683
0.0792051
0.0791482
0.0790968
0.0790505
0.0790087
0.0789709
0.0789367
0.0789059
0.0788781
0.0788532
0.0788308
0.0788109
0.0787935
0.0787785
0.078766
0.078756
0.0787488
0.0787445
0.961702
0.892209
0.829117
0.771759
0.719541
0.671936
0.628474
0.588734
0.552342
0.518965
0.488303
0.460089
0.434084
0.410072
0.38786
0.367275
0.34816
0.330375
0.313793
0.2983
0.283794
0.270184
0.257389
0.245338
0.233968
0.223227
0.213071
0.203463
0.194373
0.185779
0.177663
0.170009
0.162806
0.156045
0.149713
0.143802
0.138298
0.133187
0.128454
0.124083
0.120054
0.116349
0.112948
0.109831
0.106979
0.104372
0.101991
0.0998198
0.0978408
0.0960384
0.0943979
0.0929055
0.0915488
0.0903159
0.0891962
0.0881797
0.0872574
0.086421
0.0856629
0.0849762
0.0843543
0.0837916
0.0832827
0.0828227
0.0824071
0.0820319
0.0816933
0.081388
0.0811127
0.0808648
0.0806415
0.0804405
0.0802597
0.080097
0.0799507
0.0798191
0.0797008
0.0795944
0.0794987
0.0794126
0.0793351
0.0792653
0.0792024
0.0791457
0.0790946
0.0790484
0.0790067
0.078969
0.0789349
0.0789041
0.0788764
0.0788514
0.078829
0.0788092
0.0787917
0.0787767
0.0787641
0.0787542
0.078747
0.0787427
0.961702
0.89221
0.829118
0.77176
0.719542
0.671936
0.628473
0.588732
0.552338
0.518959
0.488295
0.460078
0.43407
0.410054
0.387839
0.36725
0.34813
0.33034
0.313753
0.298254
0.283742
0.270125
0.257323
0.245264
0.233886
0.223138
0.212974
0.203358
0.194261
0.18566
0.177538
0.16988
0.162674
0.15591
0.149577
0.143666
0.138163
0.133055
0.128326
0.123958
0.119934
0.116234
0.112838
0.109727
0.10688
0.104279
0.101904
0.0997385
0.0977649
0.0959677
0.0943321
0.0928445
0.0914923
0.0902637
0.089148
0.0881353
0.0872166
0.0863836
0.0856286
0.0849448
0.0843257
0.0837655
0.0832589
0.082801
0.0823875
0.0820141
0.0816773
0.0813735
0.0810997
0.0808531
0.080631
0.0804311
0.0802512
0.0800894
0.0799439
0.0798131
0.0796954
0.0795896
0.0794944
0.0794087
0.0793316
0.0792621
0.0791995
0.0791431
0.0790921
0.0790461
0.0790045
0.0789669
0.0789329
0.0789021
0.0788744
0.0788494
0.0788271
0.0788072
0.0787897
0.0787747
0.0787621
0.0787522
0.078745
0.0787407
0.961702
0.89221
0.829119
0.77176
0.719542
0.671936
0.628472
0.588729
0.552334
0.518953
0.488286
0.460067
0.434055
0.410036
0.387817
0.367223
0.3481
0.330305
0.313712
0.298208
0.283689
0.270065
0.257256
0.245189
0.233804
0.223048
0.212876
0.203253
0.194149
0.185542
0.177414
0.169751
0.162541
0.155775
0.149442
0.143531
0.138029
0.132924
0.128198
0.123834
0.119815
0.11612
0.11273
0.109624
0.106783
0.104187
0.101818
0.0996579
0.0976897
0.0958976
0.094267
0.0927841
0.0914364
0.090212
0.0891003
0.0880914
0.0871762
0.0863465
0.0855946
0.0849136
0.0842972
0.0837395
0.0832352
0.0827795
0.0823679
0.0819964
0.0816612
0.081359
0.0810866
0.0808413
0.0806204
0.0804216
0.0802427
0.0800818
0.0799371
0.0798069
0.0796899
0.0795846
0.0794899
0.0794047
0.0793279
0.0792588
0.0791964
0.0791402
0.0790894
0.0790436
0.0790021
0.0789646
0.0789307
0.0789
0.0788723
0.0788473
0.0788249
0.0788051
0.0787876
0.0787725
0.07876
0.07875
0.0787428
0.0787385
0.961703
0.892211
0.82912
0.771761
0.719543
0.671936
0.62847
0.588726
0.552329
0.518945
0.488276
0.460054
0.434039
0.410017
0.387794
0.367197
0.348069
0.330269
0.313671
0.29816
0.283636
0.270006
0.257189
0.245115
0.233722
0.222958
0.212779
0.203148
0.194037
0.185424
0.17729
0.169623
0.16241
0.155642
0.149308
0.143397
0.137897
0.132794
0.128071
0.123712
0.119697
0.116007
0.112622
0.109522
0.106687
0.104097
0.101733
0.0995785
0.0976155
0.0958285
0.0942028
0.0927246
0.0913813
0.0901611
0.0890533
0.0880481
0.0871364
0.0863099
0.0855611
0.0848829
0.0842691
0.0837139
0.0832119
0.0827583
0.0823486
0.0819789
0.0816453
0.0813446
0.0810736
0.0808296
0.0806098
0.080412
0.0802341
0.0800741
0.0799301
0.0798007
0.0796842
0.0795795
0.0794853
0.0794005
0.0793241
0.0792553
0.0791932
0.0791372
0.0790866
0.0790409
0.0789995
0.0789621
0.0789282
0.0788976
0.0788699
0.078845
0.0788226
0.0788027
0.0787852
0.0787702
0.0787576
0.0787476
0.0787404
0.0787361
0.961703
0.892212
0.82912
0.771762
0.719543
0.671935
0.628468
0.588722
0.552323
0.518937
0.488266
0.460041
0.434023
0.409998
0.387771
0.367169
0.348037
0.330232
0.313629
0.298113
0.283583
0.269946
0.257123
0.245042
0.233641
0.22287
0.212683
0.203045
0.193927
0.185307
0.177168
0.169496
0.16228
0.15551
0.149175
0.143265
0.137767
0.132666
0.127946
0.123591
0.119581
0.115896
0.112517
0.109422
0.106592
0.104008
0.10165
0.0995005
0.0975428
0.0957608
0.0941399
0.0926662
0.0913272
0.0901111
0.0890072
0.0880057
0.0870974
0.086274
0.0855282
0.0848528
0.0842415
0.0836887
0.0831889
0.0827373
0.0823295
0.0819615
0.0816296
0.0813304
0.0810607
0.0808179
0.0805992
0.0804025
0.0802255
0.0800663
0.0799231
0.0797943
0.0796785
0.0795743
0.0794805
0.0793961
0.0793201
0.0792516
0.0791898
0.079134
0.0790836
0.079038
0.0789968
0.0789594
0.0789256
0.078895
0.0788674
0.0788425
0.0788201
0.0788002
0.0787827
0.0787676
0.0787551
0.0787451
0.0787379
0.0787336
0.961703
0.892212
0.829121
0.771762
0.719543
0.671934
0.628465
0.588718
0.552317
0.518929
0.488255
0.460027
0.434006
0.409977
0.387747
0.367142
0.348005
0.330196
0.313588
0.298067
0.28353
0.269887
0.257057
0.244969
0.233562
0.222783
0.212588
0.202943
0.193819
0.185193
0.177049
0.169373
0.162154
0.155381
0.149046
0.143136
0.137639
0.132541
0.127825
0.123473
0.119468
0.115788
0.112414
0.109325
0.1065
0.103921
0.101569
0.0994245
0.0974719
0.0956948
0.0940786
0.0926094
0.0912746
0.0900625
0.0889624
0.0879643
0.0870593
0.0862391
0.085496
0.0848233
0.0842146
0.083664
0.0831664
0.0827168
0.0823108
0.0819445
0.0816141
0.0813163
0.0810479
0.0808063
0.0805887
0.080393
0.0802168
0.0800584
0.079916
0.0797878
0.0796726
0.0795689
0.0794756
0.0793916
0.0793159
0.0792477
0.0791862
0.0791306
0.0790804
0.0790349
0.0789938
0.0789566
0.0789228
0.0788923
0.0788647
0.0788397
0.0788174
0.0787975
0.07878
0.0787649
0.0787523
0.0787424
0.0787351
0.0787309
0.961703
0.892213
0.829122
0.771763
0.719542
0.671932
0.628462
0.588713
0.55231
0.518919
0.488243
0.460012
0.433988
0.409956
0.387723
0.367114
0.347973
0.33016
0.313547
0.29802
0.283479
0.26983
0.256993
0.244898
0.233484
0.222698
0.212496
0.202844
0.193713
0.185082
0.176933
0.169252
0.16203
0.155256
0.14892
0.14301
0.137515
0.132419
0.127706
0.123359
0.119358
0.115683
0.112314
0.10923
0.106411
0.103837
0.10149
0.099351
0.0974033
0.095631
0.0940193
0.0925544
0.0912237
0.0900154
0.0889189
0.0879243
0.0870224
0.0862052
0.0854649
0.0847948
0.0841884
0.0836401
0.0831445
0.0826968
0.0822926
0.0819279
0.081599
0.0813025
0.0810354
0.0807949
0.0805784
0.0803835
0.0802083
0.0800506
0.0799088
0.0797813
0.0796666
0.0795634
0.0794706
0.079387
0.0793116
0.0792437
0.0791824
0.079127
0.079077
0.0790317
0.0789907
0.0789535
0.0789198
0.0788893
0.0788617
0.0788368
0.0788145
0.0787946
0.0787771
0.078762
0.0787495
0.0787395
0.0787323
0.0787281
0.961704
0.892213
0.829122
0.771762
0.719541
0.67193
0.628458
0.588707
0.552302
0.518909
0.48823
0.459997
0.43397
0.409935
0.387698
0.367086
0.347941
0.330124
0.313507
0.297976
0.283428
0.269774
0.256931
0.24483
0.233409
0.222616
0.212408
0.202749
0.193612
0.184975
0.176821
0.169136
0.161911
0.155136
0.148799
0.14289
0.137396
0.132302
0.127593
0.123249
0.119252
0.115582
0.112218
0.109139
0.106325
0.103757
0.101415
0.0992804
0.0973375
0.0955697
0.0939624
0.0925017
0.0911749
0.0899703
0.0888772
0.0878858
0.086987
0.0861726
0.085435
0.0847673
0.0841632
0.083617
0.0831233
0.0826774
0.0822749
0.0819117
0.0815842
0.081289
0.0810231
0.0807837
0.0805681
0.0803742
0.0801997
0.0800428
0.0799017
0.0797748
0.0796606
0.0795579
0.0794654
0.0793822
0.0793072
0.0792395
0.0791784
0.0791233
0.0790734
0.0790282
0.0789873
0.0789503
0.0789167
0.0788862
0.0788586
0.0788338
0.0788114
0.0787915
0.0787741
0.078759
0.0787464
0.0787365
0.0787293
0.0787251
0.961704
0.892214
0.829122
0.771762
0.719539
0.671927
0.628453
0.5887
0.552293
0.518898
0.488216
0.45998
0.433951
0.409913
0.387674
0.367058
0.34791
0.330089
0.313468
0.297932
0.28338
0.26972
0.256872
0.244765
0.233338
0.222538
0.212323
0.202658
0.193515
0.184873
0.176714
0.169026
0.161798
0.155021
0.148683
0.142775
0.137282
0.132191
0.127484
0.123145
0.119152
0.115486
0.112127
0.109053
0.106244
0.10368
0.101343
0.0992134
0.097275
0.0955116
0.0939084
0.0924516
0.0911285
0.0899274
0.0888376
0.0878493
0.0869534
0.0861416
0.0854065
0.0847411
0.0841392
0.0835949
0.0831031
0.0826589
0.0822579
0.0818962
0.08157
0.081276
0.0810112
0.0807728
0.0805582
0.0803651
0.0801914
0.0800351
0.0798946
0.0797683
0.0796546
0.0795523
0.0794602
0.0793773
0.0793026
0.0792352
0.0791744
0.0791194
0.0790697
0.0790246
0.0789838
0.0789469
0.0789133
0.0788829
0.0788554
0.0788305
0.0788082
0.0787883
0.0787709
0.0787558
0.0787433
0.0787333
0.0787262
0.078722
0.961704
0.892214
0.829122
0.771761
0.719537
0.671923
0.628447
0.588692
0.552283
0.518886
0.488202
0.459964
0.433932
0.409892
0.387649
0.367031
0.34788
0.330056
0.313431
0.297891
0.283335
0.26967
0.256817
0.244704
0.23327
0.222465
0.212244
0.202573
0.193425
0.184777
0.176614
0.168922
0.161692
0.154913
0.148575
0.142667
0.137175
0.132086
0.127383
0.123046
0.119058
0.115396
0.112041
0.108972
0.106167
0.103608
0.101275
0.0991505
0.0972163
0.095457
0.0938577
0.0924046
0.0910849
0.0898871
0.0888004
0.087815
0.0869217
0.0861125
0.0853797
0.0847164
0.0841165
0.0835741
0.083084
0.0826413
0.0822418
0.0818814
0.0815564
0.0812636
0.0809998
0.0807623
0.0805485
0.0803562
0.0801832
0.0800276
0.0798877
0.0797618
0.0796486
0.0795467
0.079455
0.0793724
0.079298
0.0792308
0.0791702
0.0791154
0.0790658
0.0790209
0.0789802
0.0789433
0.0789098
0.0788795
0.078852
0.0788272
0.0788049
0.078785
0.0787676
0.0787526
0.07874
0.0787301
0.078723
0.0787189
0.961704
0.892214
0.829122
0.771759
0.719534
0.671918
0.628441
0.588684
0.552272
0.518873
0.488187
0.459947
0.433914
0.409871
0.387626
0.367005
0.347852
0.330024
0.313396
0.297853
0.283292
0.269623
0.256765
0.244647
0.233209
0.222397
0.212171
0.202495
0.193341
0.184688
0.176521
0.168826
0.161594
0.154813
0.148474
0.142567
0.137077
0.13199
0.127289
0.122955
0.11897
0.115313
0.111962
0.108897
0.106097
0.103542
0.101213
0.0990923
0.0971621
0.0954066
0.0938108
0.0923611
0.0910447
0.0898499
0.088766
0.0877832
0.0868924
0.0860854
0.0853548
0.0846935
0.0840954
0.0835547
0.0830661
0.0826249
0.0822267
0.0818675
0.0815437
0.0812518
0.080989
0.0807523
0.0805393
0.0803477
0.0801753
0.0800203
0.0798809
0.0797555
0.0796427
0.0795412
0.0794498
0.0793675
0.0792933
0.0792264
0.079166
0.0791113
0.0790619
0.0790171
0.0789765
0.0789397
0.0789063
0.078876
0.0788485
0.0788238
0.0788015
0.0787817
0.0787643
0.0787493
0.0787367
0.0787269
0.0787198
0.0787157
0.961704
0.892214
0.829121
0.771757
0.71953
0.671913
0.628433
0.588674
0.552261
0.51886
0.488173
0.459931
0.433895
0.409851
0.387604
0.366981
0.347826
0.329996
0.313364
0.297818
0.283254
0.269581
0.256719
0.244596
0.233153
0.222337
0.212105
0.202424
0.193265
0.184608
0.176437
0.168739
0.161504
0.154722
0.148383
0.142476
0.136987
0.131902
0.127203
0.122873
0.118891
0.115237
0.11189
0.108829
0.106033
0.103482
0.101157
0.0990396
0.097113
0.0953609
0.0937684
0.0923217
0.0910082
0.0898162
0.0887348
0.0877544
0.0868658
0.0860609
0.0853321
0.0846726
0.0840761
0.0835369
0.0830497
0.0826098
0.0822128
0.0818547
0.0815318
0.0812409
0.0809789
0.080743
0.0805307
0.0803397
0.0801679
0.0800134
0.0798744
0.0797495
0.079637
0.0795359
0.0794448
0.0793627
0.0792888
0.079222
0.0791618
0.0791073
0.079058
0.0790133
0.0789728
0.0789361
0.0789027
0.0788725
0.0788451
0.0788204
0.0787981
0.0787783
0.0787609
0.078746
0.0787335
0.0787237
0.0787166
0.0787126
0.961705
0.892214
0.829119
0.771754
0.719526
0.671906
0.628426
0.588665
0.55225
0.518848
0.488159
0.459915
0.433879
0.409833
0.387585
0.36696
0.347802
0.32997
0.313337
0.297788
0.28322
0.269544
0.256678
0.244552
0.233104
0.222283
0.212047
0.202361
0.193199
0.184538
0.176364
0.168663
0.161426
0.154643
0.148303
0.142396
0.136908
0.131825
0.127128
0.1228
0.118821
0.11517
0.111827
0.108769
0.105976
0.103429
0.101107
0.0989931
0.0970697
0.0953206
0.0937309
0.092287
0.090976
0.0897864
0.0887072
0.0877289
0.0868422
0.0860391
0.085312
0.084654
0.084059
0.0835211
0.0830351
0.0825963
0.0822003
0.0818431
0.0815211
0.081231
0.0809697
0.0807344
0.0805227
0.0803323
0.080161
0.0800069
0.0798684
0.0797438
0.0796317
0.0795308
0.07944
0.0793581
0.0792844
0.0792178
0.0791577
0.0791034
0.0790542
0.0790096
0.0789692
0.0789325
0.0788993
0.0788691
0.0788417
0.078817
0.0787948
0.0787751
0.0787578
0.0787428
0.0787304
0.0787206
0.0787137
0.0787097
0.961705
0.892213
0.829118
0.771751
0.719521
0.6719
0.628418
0.588656
0.55224
0.518836
0.488146
0.459902
0.433864
0.409817
0.387567
0.366941
0.347782
0.329948
0.313313
0.297762
0.283192
0.269513
0.256644
0.244514
0.233063
0.222239
0.211999
0.202309
0.193143
0.184479
0.176301
0.168598
0.16136
0.154575
0.148235
0.142329
0.136842
0.131759
0.127065
0.122739
0.118762
0.115114
0.111773
0.108718
0.105928
0.103383
0.101065
0.0989536
0.0970329
0.0952864
0.0936992
0.0922575
0.0909487
0.089761
0.0886838
0.0877071
0.0868221
0.0860205
0.0852948
0.0846381
0.0840442
0.0835074
0.0830225
0.0825846
0.0821894
0.081833
0.0815118
0.0812223
0.0809616
0.0807269
0.0805157
0.0803257
0.0801548
0.0800011
0.0798629
0.0797386
0.0796267
0.0795261
0.0794355
0.0793539
0.0792803
0.0792139
0.0791539
0.0790997
0.0790506
0.0790061
0.0789658
0.0789292
0.078896
0.0788658
0.0788385
0.0788139
0.0787918
0.0787721
0.0787548
0.0787399
0.0787276
0.0787178
0.0787109
0.078707
0.961704
0.892212
0.829115
0.771747
0.719516
0.671894
0.62841
0.588647
0.55223
0.518826
0.488135
0.45989
0.433851
0.409804
0.387553
0.366927
0.347766
0.329931
0.313295
0.297742
0.28317
0.269489
0.256618
0.244485
0.233031
0.222203
0.21196
0.202268
0.193098
0.184432
0.176252
0.168547
0.161307
0.154522
0.148181
0.142275
0.136788
0.131707
0.127014
0.12269
0.118715
0.115068
0.111729
0.108677
0.105889
0.103347
0.101031
0.098922
0.0970034
0.095259
0.0936737
0.0922339
0.0909268
0.0897407
0.088665
0.0876897
0.0868059
0.0860055
0.0852809
0.0846252
0.0840323
0.0834963
0.0830121
0.082575
0.0821805
0.0818247
0.081504
0.081215
0.0809548
0.0807205
0.0805097
0.0803201
0.0801495
0.0799961
0.0798581
0.0797341
0.0796225
0.079522
0.0794316
0.0793501
0.0792767
0.0792104
0.0791505
0.0790964
0.0790474
0.079003
0.0789627
0.0789262
0.078893
0.0788629
0.0788357
0.0788111
0.078789
0.0787694
0.0787522
0.0787374
0.0787251
0.0787154
0.0787086
0.0787047
0.961704
0.892211
0.829113
0.771744
0.719512
0.671888
0.628404
0.588641
0.552223
0.518818
0.488127
0.459882
0.433843
0.409794
0.387544
0.366916
0.347755
0.329919
0.313281
0.297727
0.283155
0.269472
0.256599
0.244464
0.233008
0.222178
0.211933
0.202238
0.193066
0.184398
0.176216
0.16851
0.161269
0.154483
0.148142
0.142236
0.13675
0.131669
0.126977
0.122654
0.11868
0.115035
0.111697
0.108646
0.105861
0.10332
0.101006
0.0988987
0.0969818
0.0952389
0.0936551
0.0922166
0.0909107
0.0897258
0.0886511
0.0876768
0.0867939
0.0859943
0.0852704
0.0846155
0.0840232
0.0834878
0.0830042
0.0825676
0.0821736
0.0818182
0.0814979
0.0812093
0.0809494
0.0807154
0.0805049
0.0803155
0.0801452
0.079992
0.0798542
0.0797303
0.0796189
0.0795186
0.0794283
0.0793469
0.0792736
0.0792074
0.0791476
0.0790936
0.0790447
0.0790003
0.0789601
0.0789236
0.0788905
0.0788605
0.0788333
0.0788088
0.0787867
0.0787672
0.07875
0.0787353
0.078723
0.0787135
0.0787067
0.0787029
0.961704
0.89221
0.829111
0.771742
0.719509
0.671885
0.628401
0.588637
0.55222
0.518814
0.488123
0.459877
0.433838
0.409789
0.387538
0.36691
0.347748
0.329912
0.313274
0.297719
0.283145
0.269462
0.256587
0.244451
0.232994
0.222163
0.211916
0.20222
0.193047
0.184377
0.176195
0.168488
0.161246
0.15446
0.148119
0.142212
0.136727
0.131647
0.126955
0.122632
0.118659
0.115014
0.111677
0.108627
0.105842
0.103303
0.10099
0.0988843
0.0969685
0.0952265
0.0936436
0.0922058
0.0909007
0.0897164
0.0886423
0.0876685
0.0867862
0.085987
0.0852636
0.0846091
0.0840171
0.0834821
0.0829988
0.0825625
0.0821688
0.0818137
0.0814936
0.0812052
0.0809455
0.0807117
0.0805014
0.0803121
0.0801419
0.0799889
0.0798513
0.0797275
0.0796161
0.079516
0.0794258
0.0793445
0.0792712
0.0792051
0.0791454
0.0790914
0.0790426
0.0789983
0.0789581
0.0789217
0.0788886
0.0788587
0.0788315
0.078807
0.0787851
0.0787656
0.0787485
0.0787338
0.0787216
0.0787121
0.0787054
0.0787017
)
;

boundaryField
{
    inlet
    {
        type            fixedValue;
        value           uniform 1;
    }
    outlet
    {
        type            inletOutlet;
        inletValue      uniform 1;
        value           nonuniform List<scalar> 
100
(
0.0787448
0.078745
0.0787453
0.0787458
0.0787465
0.0787473
0.0787482
0.0787492
0.0787503
0.0787514
0.0787524
0.0787535
0.0787546
0.0787556
0.0787566
0.0787575
0.0787584
0.0787591
0.0787598
0.0787604
0.0787608
0.0787612
0.0787615
0.0787617
0.0787618
0.0787618
0.0787617
0.0787616
0.0787614
0.0787611
0.0787607
0.0787604
0.0787599
0.0787594
0.0787589
0.0787584
0.0787579
0.0787573
0.0787568
0.0787563
0.0787557
0.0787552
0.0787547
0.0787543
0.0787538
0.0787535
0.0787532
0.0787529
0.0787527
0.0787525
0.0787523
0.0787523
0.0787522
0.0787522
0.0787523
0.0787524
0.0787525
0.0787527
0.0787529
0.0787531
0.0787534
0.0787536
0.0787539
0.0787541
0.0787543
0.0787545
0.0787546
0.0787547
0.0787548
0.0787548
0.0787547
0.0787545
0.0787542
0.0787539
0.0787534
0.0787528
0.078752
0.0787512
0.0787502
0.078749
0.0787477
0.0787462
0.0787445
0.0787427
0.0787407
0.0787385
0.0787361
0.0787336
0.0787309
0.0787281
0.0787251
0.078722
0.0787189
0.0787157
0.0787126
0.0787097
0.078707
0.0787047
0.0787029
0.0787017
)
;
    }
    ground
    {
        type            empty;
    }
    top
    {
        type            empty;
    }
    front
    {
        type            inletOutlet;
        inletValue      uniform 1;
        value           nonuniform List<scalar> 
100
(
0.961704
0.89221
0.829111
0.771742
0.719509
0.671885
0.628401
0.588637
0.552219
0.518814
0.488122
0.459877
0.433837
0.409789
0.387537
0.366909
0.347748
0.329911
0.313272
0.297717
0.283144
0.26946
0.256585
0.244449
0.232991
0.22216
0.211913
0.202216
0.193043
0.184373
0.176191
0.168484
0.161242
0.154456
0.148116
0.14221
0.136725
0.131646
0.126955
0.122633
0.118661
0.115018
0.111683
0.108634
0.105851
0.103314
0.101002
0.0988984
0.0969845
0.0952445
0.0936634
0.0922276
0.0909243
0.0897418
0.0886695
0.0876976
0.0868169
0.0860194
0.0852976
0.0846446
0.0840541
0.0835204
0.0830384
0.0826033
0.0822106
0.0818566
0.0815374
0.0812499
0.080991
0.080758
0.0805483
0.0803596
0.0801899
0.0800373
0.0799001
0.0797766
0.0796656
0.0795656
0.0794756
0.0793944
0.0793212
0.0792552
0.0791955
0.0791414
0.0790925
0.0790481
0.0790078
0.0789712
0.0789379
0.0789076
0.0788801
0.0788552
0.0788327
0.0788126
0.0787949
0.0787795
0.0787666
0.0787564
0.078749
0.0787448
)
;
    }
    back
    {
        type            inletOutlet;
        inletValue      uniform 1;
        value           nonuniform List<scalar> 
100
(
0.961704
0.89221
0.829111
0.771742
0.719509
0.671885
0.628401
0.588637
0.55222
0.518814
0.488123
0.459877
0.433838
0.409789
0.387538
0.36691
0.347748
0.329912
0.313274
0.297719
0.283145
0.269462
0.256587
0.244451
0.232994
0.222163
0.211916
0.20222
0.193047
0.184377
0.176195
0.168488
0.161246
0.15446
0.148119
0.142212
0.136727
0.131647
0.126955
0.122632
0.118659
0.115014
0.111677
0.108627
0.105842
0.103303
0.10099
0.0988843
0.0969685
0.0952265
0.0936436
0.0922058
0.0909007
0.0897164
0.0886423
0.0876685
0.0867862
0.085987
0.0852636
0.0846091
0.0840171
0.0834821
0.0829988
0.0825625
0.0821688
0.0818137
0.0814936
0.0812052
0.0809455
0.0807117
0.0805014
0.0803121
0.0801419
0.0799889
0.0798513
0.0797275
0.0796161
0.079516
0.0794258
0.0793445
0.0792712
0.0792051
0.0791454
0.0790914
0.0790426
0.0789983
0.0789581
0.0789217
0.0788886
0.0788587
0.0788315
0.078807
0.0787851
0.0787656
0.0787485
0.0787338
0.0787216
0.0787121
0.0787054
0.0787017
)
;
    }
}


// ************************************************************************* //
