/*--------------------------------*- C++ -*----------------------------------*\
  =========                 |
  \\      /  F ield         | OpenFOAM: The Open Source CFD Toolbox
   \\    /   O peration     | Website:  https://openfoam.org
    \\  /    A nd           | Version:  11
     \\/     M anipulation  |
\*---------------------------------------------------------------------------*/
FoamFile
{
    format      ascii;
    class       volScalarField;
    location    "664";
    object      omega;
}
// * * * * * * * * * * * * * * * * * * * * * * * * * * * * * * * * * * * * * //

dimensions      [0 0 -1 0 0 0 0];

internalField   nonuniform List<scalar> 
10000
(
0.961692
0.892185
0.829085
0.771728
0.719523
0.671944
0.628523
0.588843
0.552532
0.519258
0.488724
0.460667
0.43485
0.41106
0.389109
0.368827
0.350062
0.332675
0.316546
0.301562
0.287625
0.274645
0.26254
0.251237
0.240671
0.230782
0.221515
0.21282
0.204654
0.196976
0.189748
0.182937
0.176512
0.170445
0.16471
0.159285
0.154146
0.149275
0.144654
0.140265
0.136093
0.132125
0.128347
0.124746
0.121313
0.118037
0.114908
0.111917
0.109056
0.106318
0.103695
0.101181
0.0987702
0.0964563
0.0942341
0.0920986
0.0900453
0.0880698
0.0861679
0.084336
0.0825703
0.0808676
0.0792246
0.0776385
0.0761063
0.0746255
0.0731935
0.071808
0.0704668
0.0691678
0.067909
0.0666884
0.0655043
0.0643549
0.0632387
0.0621541
0.0610995
0.0600737
0.0590753
0.058103
0.0571556
0.056232
0.0553313
0.0544523
0.0535944
0.0527568
0.0519391
0.051141
0.0503625
0.0496041
0.0488669
0.0481527
0.0474646
0.046807
0.0461866
0.0456129
0.0450994
0.0446653
0.0443371
0.0441511
0.961692
0.892185
0.829085
0.771728
0.719523
0.671944
0.628523
0.588843
0.552532
0.519258
0.488724
0.460667
0.43485
0.41106
0.389109
0.368827
0.350062
0.332675
0.316546
0.301562
0.287625
0.274645
0.26254
0.251237
0.240672
0.230782
0.221515
0.21282
0.204654
0.196976
0.189748
0.182937
0.176512
0.170445
0.164711
0.159285
0.154146
0.149275
0.144654
0.140265
0.136093
0.132125
0.128347
0.124747
0.121313
0.118037
0.114908
0.111917
0.109056
0.106318
0.103695
0.101181
0.0987704
0.0964565
0.0942343
0.0920989
0.0900456
0.08807
0.0861682
0.0843362
0.0825706
0.0808679
0.0792249
0.0776388
0.0761066
0.0746258
0.0731938
0.0718084
0.0704672
0.0691682
0.0679093
0.0666888
0.0655047
0.0643553
0.0632391
0.0621545
0.0611
0.0600742
0.0590758
0.0581035
0.0571562
0.0562326
0.0553318
0.0544529
0.053595
0.0527575
0.0519398
0.0511416
0.0503632
0.0496048
0.0488676
0.0481534
0.0474653
0.0468078
0.0461873
0.0456136
0.0451002
0.044666
0.0443378
0.0441518
0.961692
0.892185
0.829085
0.771728
0.719523
0.671944
0.628523
0.588843
0.552532
0.519258
0.488724
0.460667
0.43485
0.41106
0.389109
0.368827
0.350062
0.332675
0.316546
0.301562
0.287625
0.274645
0.26254
0.251238
0.240672
0.230782
0.221515
0.21282
0.204654
0.196976
0.189748
0.182937
0.176512
0.170445
0.164711
0.159285
0.154147
0.149276
0.144654
0.140265
0.136094
0.132125
0.128347
0.124747
0.121314
0.118037
0.114908
0.111917
0.109056
0.106318
0.103696
0.101182
0.0987708
0.0964569
0.0942347
0.0920993
0.090046
0.0880705
0.0861687
0.0843367
0.0825711
0.0808684
0.0792255
0.0776393
0.0761072
0.0746264
0.0731945
0.071809
0.0704679
0.0691689
0.0679101
0.0666895
0.0655055
0.0643562
0.06324
0.0621554
0.0611009
0.0600752
0.0590768
0.0581045
0.0571572
0.0562337
0.055333
0.0544541
0.0535962
0.0527587
0.051941
0.051143
0.0503645
0.0496062
0.048869
0.0481549
0.0474668
0.0468092
0.0461888
0.0456151
0.0451017
0.0446675
0.0443393
0.0441533
0.961692
0.892185
0.829085
0.771728
0.719523
0.671944
0.628523
0.588843
0.552532
0.519258
0.488724
0.460667
0.43485
0.41106
0.38911
0.368827
0.350062
0.332676
0.316546
0.301562
0.287625
0.274645
0.26254
0.251238
0.240672
0.230782
0.221515
0.212821
0.204655
0.196976
0.189748
0.182937
0.176512
0.170446
0.164711
0.159285
0.154147
0.149276
0.144654
0.140265
0.136094
0.132125
0.128347
0.124747
0.121314
0.118038
0.114908
0.111918
0.109057
0.106319
0.103696
0.101182
0.0987714
0.0964574
0.0942353
0.0920999
0.0900467
0.0880712
0.0861694
0.0843375
0.0825719
0.0808692
0.0792263
0.0776402
0.0761081
0.0746273
0.0731954
0.07181
0.0704689
0.06917
0.0679112
0.0666907
0.0655066
0.0643574
0.0632412
0.0621567
0.0611023
0.0600766
0.0590782
0.058106
0.0571587
0.0562353
0.0553346
0.0544558
0.053598
0.0527605
0.0519429
0.0511449
0.0503665
0.0496082
0.0488711
0.048157
0.0474689
0.0468114
0.046191
0.0456173
0.0451039
0.0446697
0.0443415
0.0441555
0.961692
0.892185
0.829085
0.771728
0.719523
0.671944
0.628523
0.588843
0.552532
0.519258
0.488724
0.460667
0.43485
0.41106
0.38911
0.368828
0.350062
0.332676
0.316546
0.301562
0.287625
0.274645
0.26254
0.251238
0.240672
0.230782
0.221515
0.212821
0.204655
0.196976
0.189749
0.182938
0.176513
0.170446
0.164711
0.159286
0.154147
0.149276
0.144655
0.140266
0.136094
0.132126
0.128348
0.124748
0.121315
0.118038
0.114909
0.111918
0.109058
0.106319
0.103697
0.101183
0.0987721
0.0964582
0.0942361
0.0921007
0.0900475
0.0880721
0.0861703
0.0843384
0.0825729
0.0808702
0.0792274
0.0776413
0.0761092
0.0746285
0.0731967
0.0718113
0.0704702
0.0691713
0.0679126
0.0666921
0.0655082
0.0643589
0.0632429
0.0621584
0.061104
0.0600784
0.0590801
0.058108
0.0571607
0.0562373
0.0553367
0.054458
0.0536003
0.0527629
0.0519453
0.0511474
0.050369
0.0496108
0.0488738
0.0481597
0.0474717
0.0468142
0.0461939
0.0456202
0.0451067
0.0446726
0.0443443
0.0441583
0.961692
0.892185
0.829085
0.771728
0.719523
0.671944
0.628523
0.588843
0.552532
0.519258
0.488724
0.460667
0.43485
0.41106
0.38911
0.368828
0.350062
0.332676
0.316546
0.301563
0.287626
0.274645
0.26254
0.251238
0.240672
0.230783
0.221515
0.212821
0.204655
0.196977
0.189749
0.182938
0.176513
0.170446
0.164712
0.159286
0.154148
0.149277
0.144655
0.140266
0.136095
0.132126
0.128348
0.124748
0.121315
0.118039
0.11491
0.111919
0.109058
0.10632
0.103698
0.101184
0.098773
0.0964592
0.0942371
0.0921018
0.0900486
0.0880732
0.0861714
0.0843396
0.0825741
0.0808715
0.0792287
0.0776427
0.0761106
0.07463
0.0731982
0.0718129
0.0704719
0.069173
0.0679143
0.0666939
0.06551
0.0643609
0.0632449
0.0621605
0.0611062
0.0600806
0.0590824
0.0581103
0.0571632
0.0562399
0.0553394
0.0544607
0.053603
0.0527658
0.0519483
0.0511504
0.0503722
0.049614
0.048877
0.0481631
0.0474751
0.0468177
0.0461973
0.0456237
0.0451102
0.0446761
0.0443478
0.0441618
0.961692
0.892185
0.829085
0.771728
0.719523
0.671944
0.628523
0.588843
0.552532
0.519258
0.488724
0.460667
0.43485
0.411061
0.38911
0.368828
0.350062
0.332676
0.316546
0.301563
0.287626
0.274645
0.26254
0.251238
0.240672
0.230783
0.221516
0.212821
0.204655
0.196977
0.189749
0.182938
0.176513
0.170447
0.164712
0.159286
0.154148
0.149277
0.144656
0.140267
0.136095
0.132127
0.128349
0.124749
0.121316
0.11804
0.114911
0.11192
0.109059
0.106321
0.103699
0.101185
0.098774
0.0964602
0.0942382
0.0921029
0.0900498
0.0880744
0.0861728
0.084341
0.0825755
0.080873
0.0792302
0.0776443
0.0761123
0.0746317
0.0731999
0.0718147
0.0704738
0.069175
0.0679164
0.0666961
0.0655122
0.0643631
0.0632472
0.0621629
0.0611087
0.0600832
0.0590851
0.0581131
0.0571661
0.0562428
0.0553424
0.0544639
0.0536063
0.0527691
0.0519518
0.051154
0.0503758
0.0496178
0.0488809
0.048167
0.0474791
0.0468217
0.0462014
0.0456278
0.0451143
0.0446802
0.0443519
0.0441658
0.961692
0.892185
0.829085
0.771728
0.719523
0.671944
0.628523
0.588843
0.552532
0.519258
0.488724
0.460667
0.43485
0.411061
0.38911
0.368828
0.350062
0.332676
0.316546
0.301563
0.287626
0.274645
0.262541
0.251238
0.240673
0.230783
0.221516
0.212822
0.204656
0.196977
0.18975
0.182939
0.176514
0.170447
0.164713
0.159287
0.154149
0.149278
0.144656
0.140268
0.136096
0.132128
0.12835
0.12475
0.121317
0.118041
0.114911
0.111921
0.10906
0.106322
0.1037
0.101186
0.0987752
0.0964615
0.0942395
0.0921043
0.0900512
0.0880759
0.0861743
0.0843426
0.0825771
0.0808747
0.079232
0.0776461
0.0761142
0.0746336
0.073202
0.0718168
0.0704759
0.0691772
0.0679187
0.0666984
0.0655147
0.0643657
0.0632499
0.0621656
0.0611115
0.0600861
0.0590881
0.0581162
0.0571693
0.0562462
0.0553459
0.0544674
0.05361
0.0527729
0.0519557
0.051158
0.05038
0.049622
0.0488852
0.0481714
0.0474836
0.0468263
0.046206
0.0456324
0.045119
0.0446848
0.0443566
0.0441705
0.961692
0.892185
0.829085
0.771728
0.719523
0.671944
0.628523
0.588843
0.552532
0.519258
0.488724
0.460667
0.43485
0.411061
0.38911
0.368828
0.350062
0.332676
0.316547
0.301563
0.287626
0.274646
0.262541
0.251239
0.240673
0.230783
0.221516
0.212822
0.204656
0.196978
0.18975
0.182939
0.176514
0.170448
0.164713
0.159288
0.154149
0.149278
0.144657
0.140268
0.136097
0.132129
0.128351
0.124751
0.121318
0.118042
0.114912
0.111922
0.109061
0.106323
0.103701
0.101187
0.0987765
0.0964629
0.0942409
0.0921058
0.0900527
0.0880775
0.0861759
0.0843443
0.0825789
0.0808765
0.0792339
0.0776481
0.0761162
0.0746358
0.0732042
0.0718191
0.0704783
0.0691797
0.0679212
0.0667011
0.0655174
0.0643685
0.0632528
0.0621687
0.0611146
0.0600894
0.0590915
0.0581197
0.0571729
0.0562499
0.0553497
0.0544714
0.0536141
0.0527772
0.0519601
0.0511625
0.0503846
0.0496268
0.0488901
0.0481764
0.0474886
0.0468313
0.0462111
0.0456376
0.0451242
0.04469
0.0443617
0.0441756
0.961692
0.892185
0.829085
0.771728
0.719523
0.671944
0.628523
0.588843
0.552532
0.519258
0.488724
0.460667
0.43485
0.411061
0.38911
0.368828
0.350062
0.332676
0.316547
0.301563
0.287626
0.274646
0.262541
0.251239
0.240673
0.230784
0.221517
0.212822
0.204657
0.196978
0.18975
0.18294
0.176515
0.170448
0.164714
0.159288
0.15415
0.149279
0.144658
0.140269
0.136098
0.13213
0.128352
0.124752
0.121319
0.118043
0.114914
0.111923
0.109063
0.106325
0.103702
0.101189
0.098778
0.0964644
0.0942425
0.0921074
0.0900544
0.0880792
0.0861778
0.0843462
0.0825809
0.0808785
0.079236
0.0776502
0.0761185
0.0746381
0.0732066
0.0718216
0.0704809
0.0691824
0.067924
0.066704
0.0655204
0.0643716
0.063256
0.062172
0.0611181
0.0600929
0.0590951
0.0581235
0.0571768
0.056254
0.0553539
0.0544757
0.0536186
0.0527818
0.0519648
0.0511674
0.0503896
0.0496319
0.0488953
0.0481817
0.0474941
0.0468369
0.0462167
0.0456432
0.0451298
0.0446957
0.0443674
0.0441812
0.961692
0.892185
0.829085
0.771728
0.719523
0.671944
0.628523
0.588843
0.552532
0.519258
0.488725
0.460667
0.43485
0.411061
0.38911
0.368828
0.350063
0.332676
0.316547
0.301564
0.287626
0.274646
0.262541
0.251239
0.240673
0.230784
0.221517
0.212823
0.204657
0.196979
0.189751
0.18294
0.176515
0.170449
0.164714
0.159289
0.154151
0.14928
0.144659
0.14027
0.136099
0.13213
0.128353
0.124753
0.12132
0.118044
0.114915
0.111924
0.109064
0.106326
0.103704
0.10119
0.0987795
0.096466
0.0942441
0.0921091
0.0900562
0.0880811
0.0861797
0.0843482
0.082583
0.0808807
0.0792383
0.0776526
0.0761209
0.0746406
0.0732092
0.0718243
0.0704837
0.0691853
0.067927
0.0667071
0.0655236
0.064375
0.0632594
0.0621755
0.0611218
0.0600967
0.0590991
0.0581276
0.057181
0.0562583
0.0553584
0.0544804
0.0536234
0.0527867
0.0519699
0.0511726
0.050395
0.0496374
0.048901
0.0481875
0.0474999
0.0468428
0.0462227
0.0456493
0.0451359
0.0447017
0.0443734
0.0441873
0.961692
0.892185
0.829085
0.771728
0.719523
0.671944
0.628523
0.588843
0.552532
0.519258
0.488725
0.460667
0.43485
0.411061
0.38911
0.368828
0.350063
0.332677
0.316547
0.301564
0.287627
0.274646
0.262542
0.25124
0.240674
0.230785
0.221517
0.212823
0.204657
0.196979
0.189752
0.182941
0.176516
0.170449
0.164715
0.15929
0.154151
0.149281
0.144659
0.140271
0.1361
0.132131
0.128354
0.124754
0.121321
0.118045
0.114916
0.111926
0.109065
0.106327
0.103705
0.101192
0.0987812
0.0964677
0.0942459
0.092111
0.0900581
0.0880831
0.0861818
0.0843503
0.0825852
0.080883
0.0792406
0.0776551
0.0761235
0.0746433
0.073212
0.0718272
0.0704867
0.0691884
0.0679302
0.0667104
0.065527
0.0643785
0.0632631
0.0621793
0.0611257
0.0601008
0.0591033
0.0581319
0.0571855
0.056263
0.0553632
0.0544853
0.0536285
0.052792
0.0519753
0.0511782
0.0504007
0.0496433
0.0489069
0.0481936
0.0475062
0.0468491
0.0462291
0.0456557
0.0451424
0.0447082
0.0443799
0.0441937
0.961692
0.892185
0.829085
0.771728
0.719523
0.671944
0.628523
0.588843
0.552532
0.519258
0.488725
0.460668
0.43485
0.411061
0.38911
0.368828
0.350063
0.332677
0.316547
0.301564
0.287627
0.274647
0.262542
0.25124
0.240674
0.230785
0.221518
0.212824
0.204658
0.19698
0.189752
0.182941
0.176517
0.17045
0.164716
0.15929
0.154152
0.149282
0.14466
0.140272
0.136101
0.132133
0.128355
0.124755
0.121322
0.118046
0.114917
0.111927
0.109067
0.106329
0.103707
0.101193
0.0987829
0.0964694
0.0942478
0.0921129
0.0900601
0.0880852
0.0861839
0.0843526
0.0825876
0.0808855
0.0792432
0.0776577
0.0761262
0.0746461
0.0732149
0.0718302
0.0704898
0.0691916
0.0679336
0.0667138
0.0655306
0.0643822
0.0632669
0.0621833
0.0611298
0.060105
0.0591076
0.0581364
0.0571902
0.0562678
0.0553682
0.0544905
0.0536338
0.0527975
0.051981
0.051184
0.0504067
0.0496494
0.0489132
0.0482
0.0475127
0.0468558
0.0462359
0.0456625
0.0451492
0.044715
0.0443867
0.0442005
0.961692
0.892185
0.829085
0.771728
0.719523
0.671944
0.628523
0.588843
0.552532
0.519258
0.488725
0.460668
0.43485
0.411061
0.38911
0.368828
0.350063
0.332677
0.316547
0.301564
0.287627
0.274647
0.262542
0.25124
0.240674
0.230785
0.221518
0.212824
0.204658
0.19698
0.189753
0.182942
0.176517
0.170451
0.164717
0.159291
0.154153
0.149282
0.144661
0.140273
0.136102
0.132134
0.128356
0.124756
0.121323
0.118048
0.114919
0.111928
0.109068
0.10633
0.103708
0.101195
0.0987846
0.0964713
0.0942497
0.0921149
0.0900622
0.0880874
0.0861862
0.0843549
0.08259
0.080888
0.0792458
0.0776604
0.076129
0.074649
0.0732179
0.0718333
0.070493
0.0691949
0.067937
0.0667174
0.0655343
0.064386
0.0632709
0.0621874
0.061134
0.0601094
0.0591122
0.0581412
0.0571951
0.0562728
0.0553734
0.0544959
0.0536393
0.0528032
0.0519869
0.0511901
0.0504129
0.0496558
0.0489198
0.0482067
0.0475195
0.0468627
0.0462429
0.0456695
0.0451563
0.0447222
0.0443938
0.0442076
0.961692
0.892185
0.829085
0.771728
0.719523
0.671944
0.628523
0.588843
0.552532
0.519258
0.488725
0.460668
0.43485
0.411061
0.389111
0.368829
0.350063
0.332677
0.316548
0.301564
0.287627
0.274647
0.262543
0.251241
0.240675
0.230786
0.221519
0.212825
0.204659
0.196981
0.189753
0.182943
0.176518
0.170451
0.164717
0.159292
0.154154
0.149283
0.144662
0.140274
0.136103
0.132135
0.128357
0.124757
0.121325
0.118049
0.11492
0.11193
0.10907
0.106332
0.10371
0.101197
0.0987865
0.0964732
0.0942517
0.092117
0.0900644
0.0880896
0.0861885
0.0843574
0.0825925
0.0808906
0.0792485
0.0776632
0.0761319
0.074652
0.073221
0.0718366
0.0704964
0.0691984
0.0679406
0.0667212
0.0655382
0.06439
0.063275
0.0621917
0.0611384
0.060114
0.0591169
0.058146
0.0572001
0.0562781
0.0553788
0.0545014
0.0536451
0.0528091
0.051993
0.0511964
0.0504194
0.0496624
0.0489266
0.0482136
0.0475266
0.0468699
0.0462501
0.0456769
0.0451637
0.0447296
0.0444012
0.044215
0.961692
0.892185
0.829085
0.771728
0.719523
0.671944
0.628523
0.588843
0.552532
0.519258
0.488725
0.460668
0.43485
0.411061
0.389111
0.368829
0.350063
0.332677
0.316548
0.301564
0.287628
0.274647
0.262543
0.251241
0.240675
0.230786
0.221519
0.212825
0.204659
0.196981
0.189754
0.182943
0.176519
0.170452
0.164718
0.159293
0.154155
0.149284
0.144663
0.140275
0.136104
0.132136
0.128358
0.124759
0.121326
0.11805
0.114922
0.111931
0.109071
0.106334
0.103712
0.101199
0.0987884
0.0964752
0.0942538
0.0921191
0.0900666
0.0880919
0.0861909
0.0843598
0.0825951
0.0808933
0.0792513
0.0776661
0.0761349
0.0746551
0.0732242
0.0718399
0.0704998
0.069202
0.0679443
0.066725
0.0655421
0.0643941
0.0632793
0.062196
0.061143
0.0601187
0.0591218
0.058151
0.0572053
0.0562834
0.0553843
0.0545071
0.053651
0.0528152
0.0519992
0.0512028
0.050426
0.0496692
0.0489335
0.0482208
0.0475338
0.0468773
0.0462576
0.0456844
0.0451712
0.0447372
0.0444088
0.0442225
0.961692
0.892185
0.829084
0.771728
0.719523
0.671944
0.628523
0.588843
0.552532
0.519258
0.488725
0.460668
0.43485
0.411061
0.389111
0.368829
0.350063
0.332677
0.316548
0.301565
0.287628
0.274648
0.262543
0.251241
0.240676
0.230786
0.221519
0.212826
0.20466
0.196982
0.189754
0.182944
0.176519
0.170453
0.164719
0.159294
0.154156
0.149285
0.144664
0.140276
0.136105
0.132137
0.128359
0.12476
0.121327
0.118052
0.114923
0.111933
0.109073
0.106335
0.103714
0.101201
0.0987903
0.0964772
0.0942558
0.0921213
0.0900689
0.0880943
0.0861934
0.0843624
0.0825977
0.080896
0.0792541
0.077669
0.076138
0.0746583
0.0732275
0.0718433
0.0705033
0.0692056
0.0679481
0.0667289
0.0655462
0.0643983
0.0632836
0.0622005
0.0611476
0.0601234
0.0591267
0.0581562
0.0572106
0.0562889
0.05539
0.0545129
0.053657
0.0528214
0.0520056
0.0512094
0.0504328
0.0496762
0.0489406
0.048228
0.0475412
0.0468848
0.0462652
0.0456921
0.045179
0.0447449
0.0444166
0.0442303
0.961692
0.892185
0.829084
0.771728
0.719523
0.671944
0.628523
0.588843
0.552532
0.519258
0.488725
0.460668
0.43485
0.411061
0.389111
0.368829
0.350063
0.332677
0.316548
0.301565
0.287628
0.274648
0.262543
0.251241
0.240676
0.230787
0.22152
0.212826
0.20466
0.196982
0.189755
0.182944
0.17652
0.170454
0.16472
0.159294
0.154157
0.149286
0.144665
0.140277
0.136106
0.132138
0.128361
0.124761
0.121329
0.118053
0.114925
0.111934
0.109075
0.106337
0.103715
0.101202
0.0987922
0.0964792
0.094258
0.0921235
0.0900712
0.0880966
0.0861958
0.084365
0.0826004
0.0808988
0.079257
0.077672
0.0761411
0.0746615
0.0732308
0.0718467
0.0705069
0.0692093
0.0679519
0.0667328
0.0655503
0.0644025
0.0632879
0.062205
0.0611523
0.0601283
0.0591317
0.0581613
0.0572159
0.0562944
0.0553957
0.0545189
0.0536631
0.0528277
0.0520121
0.0512161
0.0504396
0.0496832
0.0489479
0.0482354
0.0475488
0.0468925
0.046273
0.0457
0.0451869
0.0447529
0.0444245
0.0442382
0.961692
0.892185
0.829084
0.771728
0.719523
0.671944
0.628523
0.588843
0.552532
0.519258
0.488725
0.460668
0.43485
0.411061
0.389111
0.368829
0.350064
0.332678
0.316548
0.301565
0.287628
0.274648
0.262544
0.251242
0.240676
0.230787
0.22152
0.212826
0.204661
0.196983
0.189756
0.182945
0.176521
0.170454
0.16472
0.159295
0.154157
0.149287
0.144666
0.140278
0.136107
0.132139
0.128362
0.124762
0.12133
0.118055
0.114926
0.111936
0.109076
0.106339
0.103717
0.101204
0.0987942
0.0964813
0.0942601
0.0921257
0.0900735
0.0880991
0.0861983
0.0843676
0.0826031
0.0809016
0.0792599
0.077675
0.0761442
0.0746647
0.0732342
0.0718502
0.0705105
0.069213
0.0679557
0.0667368
0.0655544
0.0644068
0.0632924
0.0622096
0.061157
0.0601332
0.0591368
0.0581666
0.0572213
0.0563
0.0554014
0.0545248
0.0536692
0.052834
0.0520186
0.0512228
0.0504466
0.0496903
0.0489552
0.0482429
0.0475564
0.0469002
0.0462809
0.0457079
0.0451949
0.0447609
0.0444325
0.0442462
0.961692
0.892184
0.829084
0.771728
0.719523
0.671944
0.628523
0.588843
0.552532
0.519258
0.488725
0.460668
0.434851
0.411061
0.389111
0.368829
0.350064
0.332678
0.316548
0.301565
0.287628
0.274648
0.262544
0.251242
0.240677
0.230788
0.221521
0.212827
0.204661
0.196983
0.189756
0.182946
0.176521
0.170455
0.164721
0.159296
0.154158
0.149288
0.144667
0.140279
0.136108
0.132141
0.128363
0.124764
0.121332
0.118056
0.114928
0.111938
0.109078
0.106341
0.103719
0.101206
0.0987962
0.0964833
0.0942622
0.0921279
0.0900758
0.0881015
0.0862009
0.0843702
0.0826058
0.0809044
0.0792628
0.077678
0.0761473
0.074668
0.0732375
0.0718537
0.0705141
0.0692167
0.0679596
0.0667408
0.0655585
0.0644111
0.0632968
0.0622142
0.0611617
0.0601381
0.0591418
0.0581718
0.0572268
0.0563056
0.0554072
0.0545308
0.0536754
0.0528404
0.0520252
0.0512296
0.0504535
0.0496975
0.0489625
0.0482504
0.0475641
0.046908
0.0462888
0.0457159
0.045203
0.044769
0.0444406
0.0442542
0.961692
0.892184
0.829084
0.771727
0.719523
0.671944
0.628523
0.588843
0.552532
0.519258
0.488725
0.460668
0.434851
0.411061
0.389111
0.368829
0.350064
0.332678
0.316549
0.301565
0.287629
0.274649
0.262544
0.251242
0.240677
0.230788
0.221521
0.212827
0.204662
0.196984
0.189757
0.182946
0.176522
0.170456
0.164722
0.159297
0.154159
0.149289
0.144668
0.14028
0.136109
0.132142
0.128364
0.124765
0.121333
0.118057
0.114929
0.111939
0.10908
0.106342
0.103721
0.101208
0.0987982
0.0964854
0.0942644
0.0921302
0.0900781
0.0881039
0.0862034
0.0843728
0.0826085
0.0809072
0.0792657
0.0776811
0.0761505
0.0746712
0.0732409
0.0718571
0.0705177
0.0692205
0.0679635
0.0667448
0.0655627
0.0644153
0.0633012
0.0622188
0.0611665
0.060143
0.0591469
0.0581771
0.0572322
0.0563112
0.0554131
0.0545368
0.0536816
0.0528468
0.0520318
0.0512364
0.0504605
0.0497047
0.0489699
0.0482579
0.0475718
0.0469158
0.0462967
0.045724
0.0452111
0.0447771
0.0444487
0.0442623
0.961692
0.892184
0.829084
0.771727
0.719523
0.671944
0.628523
0.588843
0.552532
0.519258
0.488725
0.460668
0.434851
0.411061
0.389111
0.368829
0.350064
0.332678
0.316549
0.301566
0.287629
0.274649
0.262544
0.251243
0.240677
0.230788
0.221522
0.212828
0.204662
0.196984
0.189757
0.182947
0.176523
0.170457
0.164723
0.159298
0.15416
0.14929
0.144669
0.140281
0.13611
0.132143
0.128366
0.124766
0.121334
0.118059
0.114931
0.111941
0.109081
0.106344
0.103723
0.10121
0.0988001
0.0964874
0.0942665
0.0921324
0.0900804
0.0881063
0.0862059
0.0843754
0.0826112
0.08091
0.0792686
0.0776841
0.0761536
0.0746745
0.0732443
0.0718606
0.0705213
0.0692242
0.0679673
0.0667488
0.0655668
0.0644196
0.0633057
0.0622233
0.0611712
0.0601479
0.059152
0.0581823
0.0572376
0.0563168
0.0554188
0.0545428
0.0536878
0.0528531
0.0520384
0.0512431
0.0504675
0.0497118
0.0489772
0.0482654
0.0475794
0.0469237
0.0463047
0.045732
0.0452192
0.0447852
0.0444568
0.0442704
0.961692
0.892184
0.829084
0.771727
0.719523
0.671944
0.628523
0.588843
0.552532
0.519258
0.488725
0.460668
0.434851
0.411062
0.389111
0.368829
0.350064
0.332678
0.316549
0.301566
0.287629
0.274649
0.262545
0.251243
0.240678
0.230789
0.221522
0.212828
0.204663
0.196985
0.189758
0.182948
0.176523
0.170457
0.164723
0.159299
0.154161
0.149291
0.14467
0.140282
0.136111
0.132144
0.128367
0.124768
0.121336
0.11806
0.114932
0.111942
0.109083
0.106346
0.103724
0.101212
0.0988021
0.0964895
0.0942686
0.0921346
0.0900827
0.0881087
0.0862084
0.0843779
0.0826139
0.0809128
0.0792715
0.0776871
0.0761567
0.0746777
0.0732476
0.0718641
0.0705249
0.0692279
0.0679712
0.0667528
0.0655709
0.0644239
0.06331
0.0622279
0.0611759
0.0601527
0.059157
0.0581875
0.057243
0.0563224
0.0554246
0.0545487
0.0536939
0.0528595
0.0520449
0.0512499
0.0504744
0.0497189
0.0489845
0.0482729
0.0475871
0.0469314
0.0463126
0.04574
0.0452272
0.0447933
0.0444649
0.0442785
0.961692
0.892184
0.829084
0.771727
0.719523
0.671944
0.628523
0.588843
0.552532
0.519258
0.488725
0.460668
0.434851
0.411062
0.389111
0.368829
0.350064
0.332678
0.316549
0.301566
0.287629
0.274649
0.262545
0.251243
0.240678
0.230789
0.221522
0.212829
0.204663
0.196986
0.189758
0.182948
0.176524
0.170458
0.164724
0.159299
0.154162
0.149292
0.144671
0.140283
0.136113
0.132145
0.128368
0.124769
0.121337
0.118062
0.114934
0.111944
0.109084
0.106348
0.103726
0.101214
0.098804
0.0964915
0.0942707
0.0921368
0.090085
0.088111
0.0862108
0.0843805
0.0826165
0.0809155
0.0792744
0.07769
0.0761597
0.0746809
0.0732509
0.0718675
0.0705284
0.0692316
0.0679749
0.0667567
0.0655749
0.0644281
0.0633144
0.0622324
0.0611806
0.0601575
0.059162
0.0581926
0.0572483
0.0563278
0.0554303
0.0545546
0.0537
0.0528657
0.0520513
0.0512565
0.0504812
0.049726
0.0489917
0.0482803
0.0475946
0.0469392
0.0463204
0.0457479
0.0452352
0.0448013
0.044473
0.0442865
0.961692
0.892184
0.829084
0.771727
0.719523
0.671944
0.628523
0.588843
0.552532
0.519258
0.488725
0.460668
0.434851
0.411062
0.389111
0.368829
0.350064
0.332678
0.316549
0.301566
0.287629
0.274649
0.262545
0.251244
0.240678
0.230789
0.221523
0.212829
0.204664
0.196986
0.189759
0.182949
0.176525
0.170459
0.164725
0.1593
0.154163
0.149293
0.144672
0.140284
0.136114
0.132146
0.128369
0.12477
0.121338
0.118063
0.114935
0.111945
0.109086
0.106349
0.103728
0.101215
0.0988059
0.0964935
0.0942728
0.0921389
0.0900872
0.0881134
0.0862132
0.084383
0.0826191
0.0809182
0.0792772
0.0776929
0.0761628
0.074684
0.0732541
0.0718708
0.0705319
0.0692352
0.0679787
0.0667605
0.0655789
0.0644322
0.0633187
0.0622368
0.0611851
0.0601623
0.0591669
0.0581977
0.0572535
0.0563333
0.0554359
0.0545604
0.0537059
0.0528719
0.0520577
0.0512631
0.050488
0.0497329
0.0489989
0.0482876
0.0476021
0.0469468
0.0463281
0.0457557
0.0452431
0.0448093
0.0444809
0.0442944
0.961692
0.892184
0.829084
0.771727
0.719523
0.671944
0.628523
0.588843
0.552532
0.519258
0.488725
0.460668
0.434851
0.411062
0.389111
0.368829
0.350064
0.332678
0.316549
0.301566
0.28763
0.27465
0.262545
0.251244
0.240678
0.23079
0.221523
0.212829
0.204664
0.196987
0.189759
0.182949
0.176525
0.170459
0.164726
0.159301
0.154163
0.149293
0.144673
0.140285
0.136115
0.132147
0.12837
0.124771
0.12134
0.118064
0.114936
0.111947
0.109088
0.106351
0.10373
0.101217
0.0988078
0.0964954
0.0942748
0.0921411
0.0900894
0.0881157
0.0862156
0.0843855
0.0826217
0.0809209
0.0792799
0.0776958
0.0761657
0.0746871
0.0732573
0.0718741
0.0705353
0.0692387
0.0679823
0.0667643
0.0655829
0.0644362
0.0633229
0.0622411
0.0611896
0.0601669
0.0591717
0.0582027
0.0572587
0.0563386
0.0554414
0.0545661
0.0537118
0.052878
0.052064
0.0512695
0.0504947
0.0497398
0.0490059
0.0482948
0.0476095
0.0469543
0.0463358
0.0457635
0.0452509
0.0448171
0.0444887
0.0443022
0.961692
0.892184
0.829084
0.771727
0.719523
0.671944
0.628523
0.588843
0.552532
0.519258
0.488725
0.460668
0.434851
0.411062
0.389111
0.36883
0.350064
0.332679
0.316549
0.301566
0.28763
0.27465
0.262546
0.251244
0.240679
0.23079
0.221523
0.21283
0.204665
0.196987
0.18976
0.18295
0.176526
0.17046
0.164726
0.159302
0.154164
0.149294
0.144674
0.140286
0.136116
0.132148
0.128371
0.124773
0.121341
0.118066
0.114938
0.111948
0.109089
0.106352
0.103731
0.101219
0.0988096
0.0964973
0.0942768
0.0921431
0.0900916
0.0881179
0.0862179
0.0843879
0.0826242
0.0809235
0.0792826
0.0776986
0.0761686
0.0746901
0.0732604
0.0718774
0.0705386
0.0692422
0.0679859
0.066768
0.0655867
0.0644402
0.063327
0.0622454
0.061194
0.0601715
0.0591764
0.0582075
0.0572637
0.0563438
0.0554467
0.0545716
0.0537176
0.0528839
0.0520701
0.0512759
0.0505012
0.0497465
0.0490128
0.0483019
0.0476167
0.0469616
0.0463432
0.045771
0.0452585
0.0448247
0.0444964
0.0443099
0.961692
0.892184
0.829084
0.771727
0.719523
0.671944
0.628523
0.588843
0.552532
0.519258
0.488725
0.460668
0.434851
0.411062
0.389111
0.36883
0.350064
0.332679
0.31655
0.301567
0.28763
0.27465
0.262546
0.251244
0.240679
0.23079
0.221524
0.21283
0.204665
0.196987
0.18976
0.18295
0.176526
0.170461
0.164727
0.159302
0.154165
0.149295
0.144675
0.140287
0.136117
0.13215
0.128373
0.124774
0.121342
0.118067
0.114939
0.11195
0.109091
0.106354
0.103733
0.101221
0.0988114
0.0964992
0.0942787
0.0921451
0.0900937
0.0881201
0.0862202
0.0843902
0.0826267
0.080926
0.0792853
0.0777013
0.0761715
0.074693
0.0732635
0.0718805
0.0705419
0.0692455
0.0679894
0.0667716
0.0655904
0.0644441
0.063331
0.0622495
0.0611983
0.0601759
0.059181
0.0582123
0.0572686
0.0563489
0.055452
0.0545771
0.0537232
0.0528897
0.0520761
0.051282
0.0505075
0.049753
0.0490195
0.0483088
0.0476237
0.0469688
0.0463506
0.0457784
0.045266
0.0448322
0.0445039
0.0443174
0.961692
0.892184
0.829084
0.771727
0.719522
0.671944
0.628523
0.588843
0.552532
0.519258
0.488725
0.460668
0.434851
0.411062
0.389111
0.36883
0.350064
0.332679
0.31655
0.301567
0.28763
0.27465
0.262546
0.251245
0.240679
0.230791
0.221524
0.212831
0.204665
0.196988
0.189761
0.182951
0.176527
0.170461
0.164728
0.159303
0.154166
0.149296
0.144676
0.140288
0.136118
0.132151
0.128374
0.124775
0.121343
0.118068
0.114941
0.111951
0.109092
0.106355
0.103734
0.101222
0.0988131
0.096501
0.0942806
0.0921471
0.0900957
0.0881222
0.0862224
0.0843925
0.082629
0.0809285
0.0792878
0.077704
0.0761742
0.0746959
0.0732664
0.0718836
0.0705451
0.0692488
0.0679928
0.0667752
0.0655941
0.0644479
0.0633349
0.0622536
0.0612025
0.0601802
0.0591855
0.0582169
0.0572734
0.0563538
0.0554571
0.0545823
0.0537287
0.0528954
0.0520819
0.0512881
0.0505137
0.0497594
0.0490261
0.0483155
0.0476306
0.0469758
0.0463577
0.0457857
0.0452733
0.0448396
0.0445112
0.0443247
0.961692
0.892184
0.829084
0.771727
0.719522
0.671944
0.628523
0.588843
0.552532
0.519258
0.488725
0.460668
0.434851
0.411062
0.389111
0.36883
0.350064
0.332679
0.31655
0.301567
0.28763
0.27465
0.262546
0.251245
0.24068
0.230791
0.221524
0.212831
0.204666
0.196988
0.189761
0.182951
0.176528
0.170462
0.164728
0.159304
0.154166
0.149297
0.144676
0.140289
0.136119
0.132151
0.128375
0.124776
0.121344
0.118069
0.114942
0.111953
0.109093
0.106357
0.103736
0.101224
0.0988148
0.0965027
0.0942824
0.092149
0.0900977
0.0881242
0.0862245
0.0843948
0.0826313
0.0809309
0.0792903
0.0777066
0.0761769
0.0746986
0.0732693
0.0718865
0.0705481
0.069252
0.0679961
0.0667786
0.0655976
0.0644515
0.0633386
0.0622575
0.0612065
0.0601844
0.0591898
0.0582214
0.057278
0.0563586
0.0554621
0.0545875
0.053734
0.0529008
0.0520876
0.0512939
0.0505197
0.0497656
0.0490324
0.048322
0.0476373
0.0469826
0.0463646
0.0457927
0.0452803
0.0448467
0.0445183
0.0443318
0.961692
0.892184
0.829084
0.771727
0.719522
0.671944
0.628523
0.588843
0.552532
0.519258
0.488725
0.460668
0.434851
0.411062
0.389111
0.36883
0.350065
0.332679
0.31655
0.301567
0.28763
0.274651
0.262546
0.251245
0.24068
0.230791
0.221525
0.212831
0.204666
0.196989
0.189762
0.182952
0.176528
0.170462
0.164729
0.159304
0.154167
0.149297
0.144677
0.14029
0.136119
0.132152
0.128376
0.124777
0.121345
0.118071
0.114943
0.111954
0.109095
0.106358
0.103737
0.101226
0.0988164
0.0965044
0.0942842
0.0921508
0.0900996
0.0881262
0.0862266
0.0843969
0.0826335
0.0809332
0.0792927
0.077709
0.0761795
0.0747013
0.0732721
0.0718894
0.0705511
0.0692551
0.0679993
0.0667819
0.065601
0.064455
0.0633423
0.0622613
0.0612104
0.0601885
0.059194
0.0582257
0.0572825
0.0563632
0.0554669
0.0545924
0.0537391
0.0529061
0.052093
0.0512995
0.0505256
0.0497716
0.0490386
0.0483283
0.0476437
0.0469892
0.0463713
0.0457995
0.0452872
0.0448536
0.0445252
0.0443386
0.961692
0.892184
0.829084
0.771727
0.719522
0.671944
0.628523
0.588843
0.552532
0.519258
0.488725
0.460668
0.434851
0.411062
0.389111
0.36883
0.350065
0.332679
0.31655
0.301567
0.287631
0.274651
0.262547
0.251245
0.24068
0.230791
0.221525
0.212832
0.204667
0.196989
0.189762
0.182952
0.176529
0.170463
0.164729
0.159305
0.154168
0.149298
0.144678
0.14029
0.13612
0.132153
0.128377
0.124778
0.121347
0.118072
0.114944
0.111955
0.109096
0.10636
0.103739
0.101227
0.0988179
0.096506
0.0942859
0.0921526
0.0901014
0.0881281
0.0862286
0.0843989
0.0826357
0.0809354
0.079295
0.0777114
0.0761819
0.0747038
0.0732747
0.0718922
0.070554
0.069258
0.0680023
0.066785
0.0656043
0.0644584
0.0633458
0.0622649
0.0612142
0.0601923
0.059198
0.0582299
0.0572868
0.0563677
0.0554715
0.0545972
0.053744
0.0529112
0.0520983
0.0513049
0.0505312
0.0497773
0.0490445
0.0483344
0.04765
0.0469956
0.0463778
0.045806
0.0452938
0.0448602
0.0445319
0.0443453
0.961692
0.892184
0.829084
0.771727
0.719522
0.671944
0.628523
0.588843
0.552532
0.519258
0.488725
0.460668
0.434851
0.411062
0.389111
0.36883
0.350065
0.332679
0.31655
0.301567
0.287631
0.274651
0.262547
0.251245
0.24068
0.230792
0.221525
0.212832
0.204667
0.196989
0.189763
0.182953
0.176529
0.170463
0.16473
0.159306
0.154168
0.149299
0.144679
0.140291
0.136121
0.132154
0.128378
0.124779
0.121348
0.118073
0.114945
0.111956
0.109097
0.106361
0.10374
0.101228
0.0988194
0.0965076
0.0942875
0.0921542
0.0901032
0.0881299
0.0862305
0.0844009
0.0826377
0.0809375
0.0792972
0.0777137
0.0761843
0.0747063
0.0732773
0.0718948
0.0705567
0.0692608
0.0680053
0.066788
0.0656074
0.0644617
0.0633492
0.0622684
0.0612178
0.0601961
0.0592018
0.0582339
0.057291
0.056372
0.0554759
0.0546018
0.0537487
0.0529161
0.0521033
0.0513102
0.0505365
0.0497829
0.0490502
0.0483402
0.0476559
0.0470017
0.046384
0.0458123
0.0453002
0.0448666
0.0445383
0.0443516
0.961692
0.892184
0.829084
0.771727
0.719522
0.671944
0.628523
0.588843
0.552532
0.519258
0.488725
0.460668
0.434851
0.411062
0.389111
0.36883
0.350065
0.332679
0.31655
0.301567
0.287631
0.274651
0.262547
0.251246
0.24068
0.230792
0.221526
0.212832
0.204667
0.19699
0.189763
0.182953
0.17653
0.170464
0.164731
0.159306
0.154169
0.149299
0.144679
0.140292
0.136122
0.132155
0.128378
0.12478
0.121349
0.118074
0.114946
0.111957
0.109098
0.106362
0.103742
0.10123
0.0988208
0.096509
0.094289
0.0921559
0.0901048
0.0881317
0.0862323
0.0844028
0.0826397
0.0809396
0.0792993
0.0777159
0.0761866
0.0747086
0.0732797
0.0718973
0.0705593
0.0692635
0.068008
0.0667909
0.0656104
0.0644648
0.0633524
0.0622717
0.0612212
0.0601996
0.0592055
0.0582377
0.0572949
0.056376
0.0554801
0.0546061
0.0537532
0.0529208
0.0521082
0.0513151
0.0505417
0.0497882
0.0490556
0.0483458
0.0476617
0.0470075
0.0463899
0.0458183
0.0453062
0.0448727
0.0445444
0.0443577
0.961692
0.892184
0.829084
0.771727
0.719522
0.671944
0.628523
0.588843
0.552532
0.519258
0.488725
0.460668
0.434851
0.411062
0.389112
0.36883
0.350065
0.332679
0.31655
0.301567
0.287631
0.274651
0.262547
0.251246
0.240681
0.230792
0.221526
0.212833
0.204668
0.19699
0.189763
0.182954
0.17653
0.170464
0.164731
0.159307
0.15417
0.1493
0.14468
0.140293
0.136123
0.132156
0.128379
0.124781
0.121349
0.118075
0.114947
0.111958
0.1091
0.106363
0.103743
0.101231
0.0988222
0.0965104
0.0942905
0.0921574
0.0901064
0.0881333
0.086234
0.0844046
0.0826415
0.0809415
0.0793013
0.077718
0.0761887
0.0747109
0.073282
0.0718997
0.0705618
0.0692661
0.0680107
0.0667937
0.0656133
0.0644677
0.0633554
0.0622748
0.0612245
0.060203
0.059209
0.0582413
0.0572986
0.0563799
0.0554841
0.0546103
0.0537575
0.0529252
0.0521127
0.0513199
0.0505465
0.0497932
0.0490608
0.0483511
0.0476671
0.0470131
0.0463956
0.045824
0.045312
0.0448785
0.0445502
0.0443636
0.961692
0.892184
0.829084
0.771727
0.719522
0.671944
0.628523
0.588843
0.552532
0.519258
0.488725
0.460668
0.434851
0.411062
0.389112
0.36883
0.350065
0.332679
0.31655
0.301567
0.287631
0.274651
0.262547
0.251246
0.240681
0.230792
0.221526
0.212833
0.204668
0.19699
0.189764
0.182954
0.17653
0.170465
0.164732
0.159307
0.15417
0.149301
0.144681
0.140293
0.136123
0.132157
0.12838
0.124782
0.12135
0.118076
0.114948
0.111959
0.109101
0.106365
0.103744
0.101232
0.0988235
0.0965118
0.0942919
0.0921588
0.0901079
0.0881349
0.0862356
0.0844063
0.0826433
0.0809433
0.0793032
0.0777199
0.0761907
0.074713
0.0732842
0.0719019
0.0705641
0.0692685
0.0680132
0.0667963
0.0656159
0.0644705
0.0633583
0.0622778
0.0612276
0.0602062
0.0592123
0.0582447
0.0573022
0.0563836
0.0554879
0.0546142
0.0537616
0.0529294
0.0521171
0.0513243
0.0505512
0.0497979
0.0490657
0.0483562
0.0476722
0.0470183
0.0464009
0.0458295
0.0453175
0.044884
0.0445557
0.0443691
0.961692
0.892184
0.829084
0.771727
0.719522
0.671944
0.628523
0.588843
0.552532
0.519258
0.488725
0.460668
0.434851
0.411062
0.389112
0.36883
0.350065
0.332679
0.31655
0.301567
0.287631
0.274651
0.262547
0.251246
0.240681
0.230793
0.221526
0.212833
0.204668
0.196991
0.189764
0.182954
0.176531
0.170465
0.164732
0.159308
0.154171
0.149301
0.144681
0.140294
0.136124
0.132157
0.128381
0.124782
0.121351
0.118077
0.114949
0.11196
0.109102
0.106366
0.103745
0.101233
0.0988246
0.096513
0.0942932
0.0921602
0.0901093
0.0881364
0.0862371
0.0844078
0.0826449
0.080945
0.0793049
0.0777218
0.0761926
0.0747149
0.0732862
0.0719041
0.0705663
0.0692708
0.0680156
0.0667987
0.0656185
0.0644731
0.063361
0.0622806
0.0612305
0.0602092
0.0592154
0.0582479
0.0573055
0.056387
0.0554915
0.0546179
0.0537654
0.0529333
0.0521212
0.0513286
0.0505555
0.0498024
0.0490703
0.0483609
0.0476771
0.0470233
0.046406
0.0458346
0.0453227
0.0448892
0.0445609
0.0443743
0.961692
0.892184
0.829084
0.771727
0.719522
0.671944
0.628523
0.588843
0.552532
0.519258
0.488725
0.460668
0.434851
0.411062
0.389112
0.36883
0.350065
0.332679
0.31655
0.301568
0.287631
0.274652
0.262548
0.251246
0.240681
0.230793
0.221526
0.212833
0.204668
0.196991
0.189764
0.182955
0.176531
0.170466
0.164732
0.159308
0.154171
0.149302
0.144682
0.140294
0.136125
0.132158
0.128381
0.124783
0.121352
0.118077
0.11495
0.111961
0.109103
0.106367
0.103746
0.101234
0.0988258
0.0965142
0.0942944
0.0921614
0.0901107
0.0881377
0.0862385
0.0844093
0.0826465
0.0809466
0.0793066
0.0777235
0.0761944
0.0747168
0.0732881
0.071906
0.0705683
0.0692729
0.0680178
0.066801
0.0656208
0.0644755
0.0633635
0.0622832
0.0612332
0.060212
0.0592183
0.0582509
0.0573086
0.0563902
0.0554948
0.0546213
0.053769
0.052937
0.052125
0.0513325
0.0505596
0.0498066
0.0490746
0.0483653
0.0476816
0.0470279
0.0464107
0.0458394
0.0453275
0.0448941
0.0445658
0.0443791
0.961692
0.892184
0.829084
0.771727
0.719522
0.671944
0.628523
0.588843
0.552532
0.519258
0.488725
0.460668
0.434851
0.411062
0.389112
0.36883
0.350065
0.332679
0.31655
0.301568
0.287631
0.274652
0.262548
0.251246
0.240681
0.230793
0.221527
0.212833
0.204669
0.196991
0.189765
0.182955
0.176531
0.170466
0.164733
0.159309
0.154172
0.149302
0.144682
0.140295
0.136125
0.132158
0.128382
0.124784
0.121353
0.118078
0.114951
0.111962
0.109103
0.106367
0.103747
0.101235
0.0988268
0.0965152
0.0942955
0.0921626
0.0901119
0.088139
0.0862399
0.0844107
0.0826479
0.0809481
0.0793081
0.0777251
0.0761961
0.0747185
0.0732899
0.0719079
0.0705703
0.0692749
0.0680198
0.0668031
0.065623
0.0644778
0.0633659
0.0622856
0.0612357
0.0602146
0.059221
0.0582537
0.0573115
0.0563932
0.0554979
0.0546245
0.0537723
0.0529405
0.0521285
0.0513362
0.0505634
0.0498105
0.0490786
0.0483695
0.0476859
0.0470323
0.0464151
0.0458439
0.045332
0.0448987
0.0445704
0.0443837
0.961692
0.892184
0.829084
0.771727
0.719522
0.671944
0.628523
0.588843
0.552532
0.519258
0.488725
0.460668
0.434851
0.411062
0.389112
0.36883
0.350065
0.332679
0.316551
0.301568
0.287631
0.274652
0.262548
0.251246
0.240681
0.230793
0.221527
0.212834
0.204669
0.196992
0.189765
0.182955
0.176532
0.170466
0.164733
0.159309
0.154172
0.149303
0.144683
0.140295
0.136126
0.132159
0.128383
0.124784
0.121353
0.118079
0.114952
0.111963
0.109104
0.106368
0.103748
0.101236
0.0988277
0.0965162
0.0942965
0.0921637
0.090113
0.0881402
0.0862411
0.084412
0.0826492
0.0809495
0.0793096
0.0777265
0.0761976
0.0747201
0.0732915
0.0719096
0.070572
0.0692767
0.0680217
0.0668051
0.065625
0.0644799
0.063368
0.0622879
0.061238
0.060217
0.0592235
0.0582563
0.0573142
0.056396
0.0555008
0.0546275
0.0537754
0.0529436
0.0521318
0.0513396
0.0505669
0.0498141
0.0490824
0.0483733
0.0476898
0.0470362
0.0464192
0.045848
0.0453362
0.0449028
0.0445746
0.0443879
0.961692
0.892184
0.829084
0.771727
0.719522
0.671944
0.628523
0.588843
0.552532
0.519258
0.488725
0.460668
0.434851
0.411062
0.389112
0.36883
0.350065
0.332679
0.316551
0.301568
0.287631
0.274652
0.262548
0.251247
0.240682
0.230793
0.221527
0.212834
0.204669
0.196992
0.189765
0.182955
0.176532
0.170467
0.164733
0.159309
0.154172
0.149303
0.144683
0.140296
0.136126
0.13216
0.128383
0.124785
0.121354
0.118079
0.114952
0.111964
0.109105
0.106369
0.103749
0.101237
0.0988286
0.0965171
0.0942975
0.0921647
0.090114
0.0881412
0.0862422
0.0844131
0.0826504
0.0809507
0.0793108
0.0777279
0.076199
0.0747215
0.073293
0.0719111
0.0705736
0.0692784
0.0680234
0.0668068
0.0656269
0.0644818
0.06337
0.0622899
0.0612401
0.0602192
0.0592258
0.0582586
0.0573166
0.0563985
0.0555034
0.0546302
0.0537782
0.0529465
0.0521348
0.0513427
0.0505701
0.0498174
0.0490858
0.0483768
0.0476934
0.0470399
0.0464229
0.0458518
0.04534
0.0449067
0.0445784
0.0443917
0.961692
0.892184
0.829084
0.771727
0.719522
0.671944
0.628523
0.588843
0.552532
0.519258
0.488725
0.460668
0.434851
0.411062
0.389112
0.36883
0.350065
0.332679
0.316551
0.301568
0.287631
0.274652
0.262548
0.251247
0.240682
0.230793
0.221527
0.212834
0.204669
0.196992
0.189765
0.182956
0.176532
0.170467
0.164734
0.15931
0.154173
0.149303
0.144683
0.140296
0.136127
0.13216
0.128384
0.124786
0.121354
0.11808
0.114953
0.111964
0.109106
0.10637
0.103749
0.101238
0.0988294
0.096518
0.0942983
0.0921656
0.090115
0.0881422
0.0862432
0.0844142
0.0826515
0.0809518
0.079312
0.0777291
0.0762002
0.0747228
0.0732944
0.0719125
0.0705751
0.0692799
0.068025
0.0668084
0.0656285
0.0644835
0.0633718
0.0622918
0.061242
0.0602212
0.0592278
0.0582608
0.0573188
0.0564008
0.0555057
0.0546326
0.0537807
0.0529492
0.0521375
0.0513455
0.050573
0.0498204
0.0490888
0.0483799
0.0476966
0.0470432
0.0464263
0.0458552
0.0453435
0.0449102
0.0445819
0.0443952
0.961692
0.892184
0.829084
0.771727
0.719522
0.671944
0.628523
0.588843
0.552532
0.519258
0.488725
0.460668
0.434851
0.411062
0.389112
0.36883
0.350065
0.33268
0.316551
0.301568
0.287632
0.274652
0.262548
0.251247
0.240682
0.230793
0.221527
0.212834
0.204669
0.196992
0.189766
0.182956
0.176532
0.170467
0.164734
0.15931
0.154173
0.149304
0.144684
0.140297
0.136127
0.13216
0.128384
0.124786
0.121355
0.118081
0.114953
0.111965
0.109106
0.10637
0.10375
0.101239
0.0988301
0.0965187
0.0942991
0.0921664
0.0901158
0.0881431
0.0862441
0.0844151
0.0826524
0.0809528
0.0793131
0.0777302
0.0762014
0.074724
0.0732956
0.0719138
0.0705763
0.0692812
0.0680263
0.0668099
0.06563
0.0644851
0.0633734
0.0622934
0.0612437
0.0602229
0.0592297
0.0582627
0.0573208
0.0564028
0.0555078
0.0546348
0.0537829
0.0529515
0.0521399
0.051348
0.0505755
0.0498231
0.0490916
0.0483828
0.0476995
0.0470462
0.0464293
0.0458583
0.0453466
0.0449133
0.044585
0.0443983
0.961692
0.892184
0.829084
0.771727
0.719522
0.671944
0.628523
0.588843
0.552532
0.519258
0.488725
0.460668
0.434851
0.411062
0.389112
0.36883
0.350065
0.33268
0.316551
0.301568
0.287632
0.274652
0.262548
0.251247
0.240682
0.230794
0.221527
0.212834
0.204669
0.196992
0.189766
0.182956
0.176533
0.170467
0.164734
0.15931
0.154173
0.149304
0.144684
0.140297
0.136127
0.132161
0.128384
0.124786
0.121355
0.118081
0.114954
0.111965
0.109107
0.106371
0.103751
0.101239
0.0988307
0.0965193
0.0942998
0.092167
0.0901165
0.0881438
0.0862449
0.0844159
0.0826533
0.0809537
0.079314
0.0777311
0.0762023
0.074725
0.0732966
0.0719149
0.0705775
0.0692824
0.0680276
0.0668111
0.0656313
0.0644864
0.0633748
0.0622949
0.0612452
0.0602245
0.0592313
0.0582643
0.0573225
0.0564046
0.0555097
0.0546367
0.0537849
0.0529536
0.0521421
0.0513502
0.0505778
0.0498254
0.049094
0.0483853
0.0477021
0.0470488
0.046432
0.045861
0.0453493
0.044916
0.0445878
0.044401
0.961692
0.892184
0.829084
0.771727
0.719522
0.671944
0.628523
0.588843
0.552532
0.519258
0.488725
0.460668
0.434851
0.411062
0.389112
0.36883
0.350065
0.33268
0.316551
0.301568
0.287632
0.274652
0.262548
0.251247
0.240682
0.230794
0.221527
0.212834
0.20467
0.196992
0.189766
0.182956
0.176533
0.170467
0.164734
0.15931
0.154173
0.149304
0.144684
0.140297
0.136128
0.132161
0.128385
0.124787
0.121356
0.118081
0.114954
0.111966
0.109107
0.106371
0.103751
0.10124
0.0988312
0.0965199
0.0943003
0.0921676
0.0901171
0.0881445
0.0862455
0.0844166
0.082654
0.0809545
0.0793147
0.0777319
0.0762032
0.0747259
0.0732975
0.0719158
0.0705784
0.0692834
0.0680286
0.0668122
0.0656324
0.0644876
0.063376
0.0622961
0.0612465
0.0602258
0.0592326
0.0582658
0.057324
0.0564062
0.0555113
0.0546384
0.0537866
0.0529553
0.0521439
0.0513521
0.0505798
0.0498275
0.0490961
0.0483874
0.0477043
0.047051
0.0464343
0.0458633
0.0453517
0.0449184
0.0445902
0.0444034
0.961692
0.892184
0.829084
0.771727
0.719522
0.671944
0.628523
0.588843
0.552532
0.519258
0.488725
0.460668
0.434851
0.411062
0.389112
0.36883
0.350065
0.33268
0.316551
0.301568
0.287632
0.274652
0.262548
0.251247
0.240682
0.230794
0.221528
0.212834
0.20467
0.196992
0.189766
0.182956
0.176533
0.170468
0.164735
0.15931
0.154174
0.149304
0.144685
0.140297
0.136128
0.132161
0.128385
0.124787
0.121356
0.118082
0.114955
0.111966
0.109108
0.106372
0.103751
0.10124
0.0988317
0.0965203
0.0943008
0.0921681
0.0901176
0.088145
0.0862461
0.0844172
0.0826546
0.0809551
0.0793154
0.0777326
0.0762039
0.0747266
0.0732983
0.0719166
0.0705793
0.0692842
0.0680295
0.0668131
0.0656334
0.0644885
0.063377
0.0622971
0.0612476
0.0602269
0.0592338
0.058267
0.0573252
0.0564074
0.0555126
0.0546398
0.0537881
0.0529568
0.0521454
0.0513536
0.0505814
0.0498292
0.0490978
0.0483892
0.0477061
0.0470529
0.0464362
0.0458653
0.0453537
0.0449204
0.0445922
0.0444054
0.961692
0.892184
0.829084
0.771727
0.719522
0.671944
0.628523
0.588843
0.552532
0.519258
0.488725
0.460668
0.434851
0.411062
0.389112
0.36883
0.350065
0.33268
0.316551
0.301568
0.287632
0.274652
0.262548
0.251247
0.240682
0.230794
0.221528
0.212835
0.20467
0.196993
0.189766
0.182956
0.176533
0.170468
0.164735
0.159311
0.154174
0.149305
0.144685
0.140298
0.136128
0.132162
0.128385
0.124787
0.121356
0.118082
0.114955
0.111966
0.109108
0.106372
0.103752
0.10124
0.098832
0.0965207
0.0943012
0.0921685
0.0901181
0.0881454
0.0862466
0.0844176
0.0826551
0.0809556
0.0793159
0.0777331
0.0762044
0.0747272
0.0732989
0.0719172
0.0705799
0.0692849
0.0680302
0.0668138
0.0656341
0.0644893
0.0633778
0.062298
0.0612485
0.0602278
0.0592347
0.0582679
0.0573262
0.0564085
0.0555137
0.0546409
0.0537892
0.052958
0.0521467
0.0513549
0.0505827
0.0498305
0.0490992
0.0483906
0.0477076
0.0470545
0.0464377
0.0458668
0.0453553
0.044922
0.0445938
0.044407
0.961692
0.892184
0.829084
0.771727
0.719522
0.671944
0.628523
0.588843
0.552532
0.519258
0.488725
0.460668
0.434851
0.411062
0.389112
0.36883
0.350065
0.33268
0.316551
0.301568
0.287632
0.274652
0.262548
0.251247
0.240682
0.230794
0.221528
0.212835
0.20467
0.196993
0.189766
0.182957
0.176533
0.170468
0.164735
0.159311
0.154174
0.149305
0.144685
0.140298
0.136128
0.132162
0.128385
0.124787
0.121356
0.118082
0.114955
0.111966
0.109108
0.106372
0.103752
0.101241
0.0988323
0.096521
0.0943015
0.0921688
0.0901184
0.0881457
0.0862469
0.084418
0.0826555
0.080956
0.0793163
0.0777335
0.0762049
0.0747276
0.0732993
0.0719177
0.0705804
0.0692854
0.0680307
0.0668144
0.0656347
0.0644899
0.0633784
0.0622986
0.0612491
0.0602285
0.0592354
0.0582686
0.0573269
0.0564092
0.0555145
0.0546417
0.0537901
0.0529589
0.0521476
0.0513559
0.0505837
0.0498316
0.0491003
0.0483917
0.0477087
0.0470556
0.0464389
0.045868
0.0453565
0.0449232
0.044595
0.0444082
0.961692
0.892184
0.829084
0.771727
0.719522
0.671944
0.628523
0.588843
0.552532
0.519258
0.488725
0.460668
0.434851
0.411062
0.389112
0.36883
0.350065
0.33268
0.316551
0.301568
0.287632
0.274652
0.262548
0.251247
0.240682
0.230794
0.221528
0.212835
0.20467
0.196993
0.189766
0.182957
0.176533
0.170468
0.164735
0.159311
0.154174
0.149305
0.144685
0.140298
0.136128
0.132162
0.128386
0.124787
0.121356
0.118082
0.114955
0.111967
0.109108
0.106372
0.103752
0.101241
0.0988325
0.0965212
0.0943017
0.092169
0.0901186
0.088146
0.0862471
0.0844182
0.0826557
0.0809562
0.0793166
0.0777338
0.0762051
0.0747279
0.0732996
0.071918
0.0705807
0.0692857
0.068031
0.0668147
0.065635
0.0644903
0.0633788
0.062299
0.0612495
0.0602289
0.0592359
0.0582691
0.0573274
0.0564097
0.055515
0.0546423
0.0537907
0.0529595
0.0521482
0.0513565
0.0505844
0.0498322
0.049101
0.0483925
0.0477095
0.0470564
0.0464397
0.0458689
0.0453573
0.0449241
0.0445958
0.044409
0.961692
0.892184
0.829084
0.771727
0.719522
0.671944
0.628523
0.588843
0.552532
0.519258
0.488725
0.460668
0.434851
0.411062
0.389112
0.36883
0.350065
0.33268
0.316551
0.301568
0.287632
0.274652
0.262548
0.251247
0.240682
0.230794
0.221528
0.212835
0.20467
0.196993
0.189766
0.182957
0.176533
0.170468
0.164735
0.159311
0.154174
0.149305
0.144685
0.140298
0.136128
0.132162
0.128386
0.124788
0.121357
0.118082
0.114955
0.111967
0.109108
0.106372
0.103752
0.101241
0.0988325
0.0965212
0.0943018
0.0921691
0.0901187
0.0881461
0.0862472
0.0844183
0.0826558
0.0809563
0.0793167
0.0777339
0.0762053
0.074728
0.0732998
0.0719181
0.0705809
0.0692859
0.0680312
0.0668149
0.0656352
0.0644904
0.0633789
0.0622992
0.0612497
0.0602291
0.0592361
0.0582693
0.0573277
0.05641
0.0555153
0.0546425
0.0537909
0.0529598
0.0521485
0.0513569
0.0505848
0.0498326
0.0491014
0.0483929
0.0477099
0.0470568
0.0464401
0.0458693
0.0453577
0.0449245
0.0445962
0.0444095
0.961692
0.892184
0.829084
0.771727
0.719522
0.671944
0.628523
0.588843
0.552532
0.519258
0.488725
0.460668
0.434851
0.411062
0.389112
0.36883
0.350065
0.33268
0.316551
0.301568
0.287632
0.274652
0.262548
0.251247
0.240682
0.230794
0.221528
0.212835
0.20467
0.196993
0.189766
0.182957
0.176533
0.170468
0.164735
0.159311
0.154174
0.149305
0.144685
0.140298
0.136128
0.132162
0.128386
0.124788
0.121357
0.118082
0.114955
0.111967
0.109108
0.106372
0.103752
0.101241
0.0988325
0.0965212
0.0943018
0.0921691
0.0901187
0.088146
0.0862472
0.0844183
0.0826558
0.0809563
0.0793167
0.0777339
0.0762052
0.074728
0.0732998
0.0719181
0.0705808
0.0692859
0.0680312
0.0668149
0.0656352
0.0644904
0.0633789
0.0622992
0.0612497
0.0602291
0.0592361
0.0582693
0.0573277
0.05641
0.0555153
0.0546425
0.0537909
0.0529598
0.0521485
0.0513569
0.0505848
0.0498326
0.0491014
0.0483929
0.0477099
0.0470569
0.0464402
0.0458693
0.0453578
0.0449245
0.0445963
0.0444095
0.961692
0.892184
0.829084
0.771727
0.719522
0.671944
0.628523
0.588843
0.552532
0.519258
0.488725
0.460668
0.434851
0.411062
0.389112
0.36883
0.350065
0.33268
0.316551
0.301568
0.287632
0.274652
0.262548
0.251247
0.240682
0.230794
0.221528
0.212835
0.20467
0.196993
0.189766
0.182957
0.176533
0.170468
0.164735
0.159311
0.154174
0.149305
0.144685
0.140298
0.136128
0.132162
0.128386
0.124787
0.121356
0.118082
0.114955
0.111967
0.109108
0.106372
0.103752
0.101241
0.0988324
0.0965211
0.0943016
0.092169
0.0901185
0.0881459
0.0862471
0.0844182
0.0826557
0.0809562
0.0793165
0.0777338
0.0762051
0.0747279
0.0732996
0.0719179
0.0705807
0.0692857
0.068031
0.0668147
0.065635
0.0644902
0.0633787
0.062299
0.0612495
0.0602289
0.0592358
0.0582691
0.0573274
0.0564097
0.055515
0.0546423
0.0537907
0.0529595
0.0521483
0.0513566
0.0505845
0.0498323
0.0491011
0.0483926
0.0477096
0.0470565
0.0464399
0.045869
0.0453574
0.0449242
0.044596
0.0444092
0.961692
0.892184
0.829084
0.771727
0.719522
0.671944
0.628523
0.588843
0.552532
0.519258
0.488725
0.460668
0.434851
0.411062
0.389112
0.36883
0.350065
0.33268
0.316551
0.301568
0.287632
0.274652
0.262548
0.251247
0.240682
0.230794
0.221528
0.212835
0.20467
0.196993
0.189766
0.182957
0.176533
0.170468
0.164735
0.159311
0.154174
0.149305
0.144685
0.140298
0.136128
0.132162
0.128385
0.124787
0.121356
0.118082
0.114955
0.111966
0.109108
0.106372
0.103752
0.101241
0.0988322
0.0965209
0.0943014
0.0921688
0.0901183
0.0881457
0.0862468
0.0844179
0.0826554
0.0809559
0.0793162
0.0777335
0.0762048
0.0747276
0.0732993
0.0719176
0.0705803
0.0692853
0.0680306
0.0668143
0.0656346
0.0644898
0.0633783
0.0622985
0.061249
0.0602284
0.0592354
0.0582686
0.0573269
0.0564092
0.0555145
0.0546417
0.0537901
0.0529589
0.0521477
0.051356
0.0505838
0.0498317
0.0491005
0.0483919
0.0477089
0.0470558
0.0464391
0.0458683
0.0453567
0.0449235
0.0445952
0.0444085
0.961692
0.892184
0.829084
0.771727
0.719522
0.671944
0.628523
0.588843
0.552532
0.519258
0.488725
0.460668
0.434851
0.411062
0.389112
0.36883
0.350065
0.33268
0.316551
0.301568
0.287632
0.274652
0.262548
0.251247
0.240682
0.230794
0.221528
0.212835
0.20467
0.196993
0.189766
0.182956
0.176533
0.170468
0.164735
0.159311
0.154174
0.149305
0.144685
0.140298
0.136128
0.132162
0.128385
0.124787
0.121356
0.118082
0.114955
0.111966
0.109108
0.106372
0.103752
0.10124
0.098832
0.0965207
0.0943011
0.0921685
0.090118
0.0881454
0.0862465
0.0844176
0.082655
0.0809555
0.0793158
0.0777331
0.0762043
0.0747271
0.0732988
0.0719171
0.0705798
0.0692848
0.0680301
0.0668137
0.065634
0.0644892
0.0633777
0.0622979
0.0612484
0.0602277
0.0592347
0.0582679
0.0573262
0.0564084
0.0555137
0.0546409
0.0537893
0.0529581
0.0521468
0.051355
0.0505829
0.0498307
0.0490995
0.0483909
0.0477079
0.0470548
0.0464381
0.0458672
0.0453556
0.0449224
0.0445941
0.0444074
0.961692
0.892184
0.829084
0.771727
0.719522
0.671944
0.628523
0.588843
0.552532
0.519258
0.488725
0.460668
0.434851
0.411062
0.389112
0.36883
0.350065
0.33268
0.316551
0.301568
0.287632
0.274652
0.262548
0.251247
0.240682
0.230794
0.221528
0.212834
0.20467
0.196992
0.189766
0.182956
0.176533
0.170468
0.164735
0.15931
0.154174
0.149304
0.144685
0.140297
0.136128
0.132161
0.128385
0.124787
0.121356
0.118082
0.114955
0.111966
0.109107
0.106372
0.103751
0.10124
0.0988316
0.0965203
0.0943007
0.0921681
0.0901176
0.0881449
0.086246
0.0844171
0.0826545
0.080955
0.0793153
0.0777325
0.0762038
0.0747265
0.0732982
0.0719165
0.0705791
0.0692841
0.0680293
0.066813
0.0656333
0.0644884
0.0633769
0.062297
0.0612475
0.0602268
0.0592337
0.0582669
0.0573252
0.0564074
0.0555126
0.0546398
0.0537881
0.0529569
0.0521456
0.0513538
0.0505816
0.0498294
0.0490981
0.0483895
0.0477065
0.0470533
0.0464366
0.0458657
0.0453541
0.0449209
0.0445926
0.0444059
0.961692
0.892184
0.829084
0.771727
0.719522
0.671944
0.628523
0.588843
0.552532
0.519258
0.488725
0.460668
0.434851
0.411062
0.389112
0.36883
0.350065
0.33268
0.316551
0.301568
0.287632
0.274652
0.262548
0.251247
0.240682
0.230794
0.221527
0.212834
0.20467
0.196992
0.189766
0.182956
0.176533
0.170467
0.164734
0.15931
0.154173
0.149304
0.144684
0.140297
0.136128
0.132161
0.128385
0.124787
0.121356
0.118081
0.114954
0.111966
0.109107
0.106371
0.103751
0.10124
0.0988312
0.0965198
0.0943003
0.0921675
0.090117
0.0881444
0.0862454
0.0844165
0.0826539
0.0809543
0.0793146
0.0777318
0.076203
0.0747257
0.0732974
0.0719157
0.0705783
0.0692832
0.0680285
0.0668121
0.0656323
0.0644874
0.0633758
0.062296
0.0612464
0.0602257
0.0592326
0.0582657
0.0573239
0.0564061
0.0555113
0.0546384
0.0537867
0.0529554
0.0521441
0.0513523
0.05058
0.0498278
0.0490964
0.0483878
0.0477047
0.0470516
0.0464348
0.0458639
0.0453523
0.044919
0.0445908
0.044404
0.961692
0.892184
0.829084
0.771727
0.719522
0.671944
0.628523
0.588843
0.552532
0.519258
0.488725
0.460668
0.434851
0.411062
0.389112
0.36883
0.350065
0.33268
0.316551
0.301568
0.287632
0.274652
0.262548
0.251247
0.240682
0.230794
0.221527
0.212834
0.204669
0.196992
0.189766
0.182956
0.176533
0.170467
0.164734
0.15931
0.154173
0.149304
0.144684
0.140297
0.136127
0.132161
0.128384
0.124786
0.121355
0.118081
0.114954
0.111965
0.109107
0.106371
0.10375
0.101239
0.0988306
0.0965192
0.0942997
0.0921669
0.0901164
0.0881437
0.0862448
0.0844158
0.0826532
0.0809536
0.0793138
0.077731
0.0762022
0.0747248
0.0732965
0.0719147
0.0705773
0.0692822
0.0680274
0.066811
0.0656312
0.0644862
0.0633746
0.0622947
0.0612451
0.0602244
0.0592312
0.0582643
0.0573224
0.0564046
0.0555097
0.0546368
0.053785
0.0529537
0.0521423
0.0513504
0.0505781
0.0498258
0.0490944
0.0483857
0.0477026
0.0470494
0.0464326
0.0458617
0.04535
0.0449168
0.0445885
0.0444017
0.961692
0.892184
0.829084
0.771727
0.719522
0.671944
0.628523
0.588843
0.552532
0.519258
0.488725
0.460668
0.434851
0.411062
0.389112
0.36883
0.350065
0.33268
0.316551
0.301568
0.287632
0.274652
0.262548
0.251247
0.240682
0.230793
0.221527
0.212834
0.204669
0.196992
0.189766
0.182956
0.176532
0.170467
0.164734
0.15931
0.154173
0.149304
0.144684
0.140297
0.136127
0.13216
0.128384
0.124786
0.121355
0.11808
0.114953
0.111965
0.109106
0.10637
0.10375
0.101239
0.09883
0.0965186
0.094299
0.0921662
0.0901156
0.0881429
0.0862439
0.0844149
0.0826523
0.0809527
0.0793129
0.07773
0.0762012
0.0747238
0.0732954
0.0719136
0.0705762
0.069281
0.0680262
0.0668097
0.0656298
0.0644849
0.0633732
0.0622933
0.0612436
0.0602228
0.0592295
0.0582626
0.0573207
0.0564028
0.0555079
0.0546349
0.0537831
0.0529517
0.0521402
0.0513483
0.0505759
0.0498235
0.0490921
0.0483834
0.0477002
0.0470469
0.0464301
0.0458591
0.0453474
0.0449141
0.0445859
0.0443991
0.961692
0.892184
0.829084
0.771727
0.719522
0.671944
0.628523
0.588843
0.552532
0.519258
0.488725
0.460668
0.434851
0.411062
0.389112
0.36883
0.350065
0.33268
0.316551
0.301568
0.287631
0.274652
0.262548
0.251247
0.240682
0.230793
0.221527
0.212834
0.204669
0.196992
0.189765
0.182956
0.176532
0.170467
0.164734
0.15931
0.154173
0.149303
0.144683
0.140296
0.136126
0.13216
0.128384
0.124785
0.121354
0.11808
0.114953
0.111964
0.109106
0.10637
0.103749
0.101238
0.0988293
0.0965178
0.0942982
0.0921654
0.0901148
0.088142
0.086243
0.084414
0.0826513
0.0809516
0.0793118
0.0777289
0.0762
0.0747226
0.0732942
0.0719123
0.0705748
0.0692797
0.0680247
0.0668082
0.0656283
0.0644833
0.0633716
0.0622916
0.0612419
0.060221
0.0592277
0.0582607
0.0573188
0.0564008
0.0555058
0.0546327
0.0537808
0.0529494
0.0521378
0.0513458
0.0505734
0.0498209
0.0490894
0.0483806
0.0476974
0.0470441
0.0464272
0.0458562
0.0453445
0.0449112
0.0445829
0.0443962
0.961692
0.892184
0.829084
0.771727
0.719522
0.671944
0.628523
0.588843
0.552532
0.519258
0.488725
0.460668
0.434851
0.411062
0.389112
0.36883
0.350065
0.332679
0.316551
0.301568
0.287631
0.274652
0.262548
0.251247
0.240682
0.230793
0.221527
0.212834
0.204669
0.196992
0.189765
0.182955
0.176532
0.170467
0.164733
0.159309
0.154172
0.149303
0.144683
0.140296
0.136126
0.132159
0.128383
0.124785
0.121354
0.118079
0.114952
0.111963
0.109105
0.106369
0.103749
0.101237
0.0988285
0.096517
0.0942973
0.0921645
0.0901139
0.0881411
0.086242
0.0844129
0.0826502
0.0809505
0.0793106
0.0777277
0.0761988
0.0747213
0.0732928
0.0719109
0.0705734
0.0692781
0.0680232
0.0668066
0.0656267
0.0644816
0.0633698
0.0622897
0.06124
0.060219
0.0592257
0.0582586
0.0573166
0.0563985
0.0555034
0.0546303
0.0537783
0.0529468
0.0521351
0.0513431
0.0505706
0.049818
0.0490865
0.0483776
0.0476942
0.0470409
0.0464239
0.0458529
0.0453412
0.0449078
0.0445796
0.0443928
0.961692
0.892184
0.829084
0.771727
0.719522
0.671944
0.628523
0.588843
0.552532
0.519258
0.488725
0.460668
0.434851
0.411062
0.389112
0.36883
0.350065
0.332679
0.316551
0.301568
0.287631
0.274652
0.262548
0.251246
0.240681
0.230793
0.221527
0.212834
0.204669
0.196992
0.189765
0.182955
0.176532
0.170466
0.164733
0.159309
0.154172
0.149303
0.144683
0.140295
0.136126
0.132159
0.128383
0.124784
0.121353
0.118079
0.114952
0.111963
0.109104
0.106368
0.103748
0.101236
0.0988276
0.0965161
0.0942964
0.0921635
0.0901128
0.08814
0.0862409
0.0844117
0.082649
0.0809492
0.0793093
0.0777263
0.0761973
0.0747198
0.0732913
0.0719093
0.0705718
0.0692765
0.0680214
0.0668048
0.0656248
0.0644797
0.0633678
0.0622877
0.0612378
0.0602168
0.0592234
0.0582562
0.0573141
0.056396
0.0555008
0.0546276
0.0537756
0.0529439
0.0521322
0.05134
0.0505675
0.0498148
0.0490832
0.0483742
0.0476908
0.0470373
0.0464204
0.0458492
0.0453375
0.0449041
0.0445759
0.0443891
0.961692
0.892184
0.829084
0.771727
0.719522
0.671944
0.628523
0.588843
0.552532
0.519258
0.488725
0.460668
0.434851
0.411062
0.389112
0.36883
0.350065
0.332679
0.31655
0.301568
0.287631
0.274652
0.262548
0.251246
0.240681
0.230793
0.221527
0.212833
0.204669
0.196991
0.189765
0.182955
0.176531
0.170466
0.164733
0.159308
0.154172
0.149302
0.144682
0.140295
0.136125
0.132158
0.128382
0.124784
0.121353
0.118078
0.114951
0.111962
0.109103
0.106367
0.103747
0.101235
0.0988266
0.0965151
0.0942953
0.0921624
0.0901117
0.0881388
0.0862396
0.0844105
0.0826477
0.0809478
0.0793079
0.0777248
0.0761958
0.0747182
0.0732896
0.0719076
0.07057
0.0692746
0.0680195
0.0668028
0.0656228
0.0644776
0.0633656
0.0622854
0.0612355
0.0602144
0.0592209
0.0582537
0.0573115
0.0563933
0.055498
0.0546247
0.0537726
0.0529408
0.052129
0.0513367
0.050564
0.0498113
0.0490796
0.0483705
0.047687
0.0470335
0.0464164
0.0458453
0.0453335
0.0449001
0.0445718
0.0443851
0.961692
0.892184
0.829084
0.771727
0.719522
0.671944
0.628523
0.588843
0.552532
0.519258
0.488725
0.460668
0.434851
0.411062
0.389112
0.36883
0.350065
0.332679
0.31655
0.301568
0.287631
0.274652
0.262548
0.251246
0.240681
0.230793
0.221526
0.212833
0.204668
0.196991
0.189764
0.182955
0.176531
0.170466
0.164732
0.159308
0.154171
0.149302
0.144682
0.140294
0.136124
0.132158
0.128381
0.124783
0.121352
0.118077
0.11495
0.111961
0.109102
0.106366
0.103746
0.101234
0.0988256
0.096514
0.0942942
0.0921612
0.0901104
0.0881375
0.0862383
0.0844091
0.0826462
0.0809463
0.0793063
0.0777232
0.0761941
0.0747165
0.0732878
0.0719058
0.0705681
0.0692726
0.0680175
0.0668007
0.0656206
0.0644753
0.0633633
0.062283
0.061233
0.0602118
0.0592182
0.0582509
0.0573086
0.0563903
0.0554949
0.0546215
0.0537693
0.0529375
0.0521255
0.0513332
0.0505604
0.0498075
0.0490757
0.0483665
0.0476829
0.0470293
0.0464122
0.045841
0.0453292
0.0448958
0.0445675
0.0443808
0.961692
0.892184
0.829084
0.771727
0.719522
0.671944
0.628523
0.588843
0.552532
0.519258
0.488725
0.460668
0.434851
0.411062
0.389112
0.36883
0.350065
0.332679
0.31655
0.301567
0.287631
0.274651
0.262547
0.251246
0.240681
0.230793
0.221526
0.212833
0.204668
0.196991
0.189764
0.182954
0.176531
0.170465
0.164732
0.159308
0.154171
0.149301
0.144681
0.140294
0.136124
0.132157
0.128381
0.124782
0.121351
0.118076
0.114949
0.11196
0.109102
0.106365
0.103745
0.101233
0.0988244
0.0965128
0.094293
0.0921599
0.0901091
0.0881361
0.0862369
0.0844076
0.0826447
0.0809447
0.0793047
0.0777215
0.0761923
0.0747146
0.0732859
0.0719038
0.070566
0.0692705
0.0680153
0.0667984
0.0656182
0.0644728
0.0633607
0.0622804
0.0612303
0.060209
0.0592153
0.0582479
0.0573055
0.0563871
0.0554917
0.0546181
0.0537658
0.0529338
0.0521218
0.0513293
0.0505564
0.0498035
0.0490715
0.0483622
0.0476786
0.0470249
0.0464077
0.0458364
0.0453245
0.0448911
0.0445628
0.0443761
0.961692
0.892184
0.829084
0.771727
0.719522
0.671944
0.628523
0.588843
0.552532
0.519258
0.488725
0.460668
0.434851
0.411062
0.389112
0.36883
0.350065
0.332679
0.31655
0.301567
0.287631
0.274651
0.262547
0.251246
0.240681
0.230792
0.221526
0.212833
0.204668
0.19699
0.189764
0.182954
0.17653
0.170465
0.164731
0.159307
0.15417
0.149301
0.144681
0.140293
0.136123
0.132156
0.12838
0.124782
0.12135
0.118076
0.114948
0.111959
0.109101
0.106364
0.103744
0.101232
0.0988232
0.0965115
0.0942916
0.0921586
0.0901077
0.0881346
0.0862353
0.084406
0.082643
0.080943
0.0793029
0.0777196
0.0761904
0.0747127
0.0732838
0.0719016
0.0705638
0.0692682
0.0680129
0.066796
0.0656157
0.0644702
0.063358
0.0622776
0.0612274
0.0602061
0.0592122
0.0582447
0.0573022
0.0563837
0.0554881
0.0546145
0.053762
0.05293
0.0521178
0.0513252
0.0505522
0.0497991
0.049067
0.0483577
0.0476739
0.0470201
0.0464028
0.0458315
0.0453196
0.0448861
0.0445578
0.0443711
0.961692
0.892184
0.829084
0.771727
0.719522
0.671944
0.628523
0.588843
0.552532
0.519258
0.488725
0.460668
0.434851
0.411062
0.389112
0.36883
0.350065
0.332679
0.31655
0.301567
0.287631
0.274651
0.262547
0.251246
0.240681
0.230792
0.221526
0.212833
0.204667
0.19699
0.189763
0.182954
0.17653
0.170464
0.164731
0.159307
0.15417
0.1493
0.14468
0.140292
0.136122
0.132156
0.128379
0.124781
0.121349
0.118075
0.114947
0.111958
0.109099
0.106363
0.103743
0.101231
0.098822
0.0965102
0.0942902
0.0921571
0.0901062
0.088133
0.0862337
0.0844043
0.0826412
0.0809412
0.079301
0.0777176
0.0761884
0.0747105
0.0732816
0.0718994
0.0705614
0.0692658
0.0680104
0.0667934
0.065613
0.0644674
0.0633552
0.0622746
0.0612243
0.0602029
0.059209
0.0582413
0.0572987
0.0563801
0.0554844
0.0546107
0.0537581
0.0529259
0.0521136
0.0513208
0.0505477
0.0497945
0.0490623
0.0483528
0.0476689
0.0470151
0.0463977
0.0458263
0.0453143
0.0448808
0.0445525
0.0443658
0.961692
0.892184
0.829084
0.771727
0.719522
0.671944
0.628523
0.588843
0.552532
0.519258
0.488725
0.460668
0.434851
0.411062
0.389112
0.36883
0.350065
0.332679
0.31655
0.301567
0.287631
0.274651
0.262547
0.251246
0.24068
0.230792
0.221526
0.212832
0.204667
0.19699
0.189763
0.182953
0.176529
0.170464
0.164731
0.159306
0.154169
0.149299
0.144679
0.140292
0.136122
0.132155
0.128378
0.12478
0.121348
0.118074
0.114946
0.111957
0.109098
0.106362
0.103741
0.10123
0.0988206
0.0965088
0.0942888
0.0921556
0.0901046
0.0881314
0.086232
0.0844025
0.0826394
0.0809392
0.079299
0.0777155
0.0761862
0.0747083
0.0732793
0.071897
0.0705589
0.0692632
0.0680077
0.0667906
0.0656101
0.0644645
0.0633521
0.0622715
0.0612211
0.0601995
0.0592055
0.0582377
0.057295
0.0563763
0.0554805
0.0546066
0.0537539
0.0529215
0.0521091
0.0513163
0.050543
0.0497897
0.0490573
0.0483477
0.0476637
0.0470097
0.0463923
0.0458208
0.0453088
0.0448753
0.044547
0.0443603
0.961692
0.892184
0.829084
0.771727
0.719522
0.671944
0.628523
0.588843
0.552532
0.519258
0.488725
0.460668
0.434851
0.411062
0.389111
0.36883
0.350065
0.332679
0.31655
0.301567
0.287631
0.274651
0.262547
0.251245
0.24068
0.230792
0.221525
0.212832
0.204667
0.196989
0.189763
0.182953
0.176529
0.170463
0.16473
0.159306
0.154168
0.149299
0.144679
0.140291
0.136121
0.132154
0.128377
0.124779
0.121347
0.118073
0.114945
0.111956
0.109097
0.106361
0.10374
0.101228
0.0988192
0.0965073
0.0942872
0.092154
0.0901029
0.0881296
0.0862301
0.0844006
0.0826374
0.0809372
0.0792968
0.0777134
0.0761839
0.0747059
0.0732769
0.0718944
0.0705563
0.0692605
0.0680049
0.0667878
0.0656071
0.0644614
0.0633489
0.0622682
0.0612177
0.060196
0.0592019
0.058234
0.0572912
0.0563723
0.0554763
0.0546023
0.0537495
0.052917
0.0521044
0.0513114
0.050538
0.0497846
0.0490521
0.0483424
0.0476582
0.0470042
0.0463866
0.045815
0.045303
0.0448694
0.0445411
0.0443545
0.961692
0.892184
0.829084
0.771727
0.719522
0.671944
0.628523
0.588843
0.552532
0.519258
0.488725
0.460668
0.434851
0.411062
0.389111
0.36883
0.350065
0.332679
0.31655
0.301567
0.287631
0.274651
0.262547
0.251245
0.24068
0.230791
0.221525
0.212832
0.204667
0.196989
0.189762
0.182952
0.176529
0.170463
0.164729
0.159305
0.154168
0.149298
0.144678
0.14029
0.13612
0.132153
0.128376
0.124778
0.121346
0.118072
0.114944
0.111955
0.109096
0.106359
0.103739
0.101227
0.0988177
0.0965057
0.0942856
0.0921523
0.0901011
0.0881278
0.0862282
0.0843986
0.0826353
0.0809351
0.0792946
0.0777111
0.0761816
0.0747035
0.0732743
0.0718918
0.0705536
0.0692577
0.068002
0.0667847
0.065604
0.0644582
0.0633456
0.0622647
0.0612141
0.0601923
0.0591981
0.0582301
0.0572871
0.0563681
0.055472
0.0545979
0.0537449
0.0529123
0.0520995
0.0513064
0.0505328
0.0497792
0.0490466
0.0483368
0.0476525
0.0469983
0.0463807
0.045809
0.0452969
0.0448634
0.044535
0.0443484
0.961692
0.892184
0.829084
0.771727
0.719522
0.671944
0.628523
0.588843
0.552532
0.519258
0.488725
0.460668
0.434851
0.411062
0.389111
0.36883
0.350065
0.332679
0.31655
0.301567
0.28763
0.274651
0.262546
0.251245
0.24068
0.230791
0.221525
0.212831
0.204666
0.196989
0.189762
0.182952
0.176528
0.170462
0.164729
0.159304
0.154167
0.149297
0.144677
0.140289
0.136119
0.132152
0.128376
0.124777
0.121345
0.11807
0.114943
0.111954
0.109095
0.106358
0.103737
0.101225
0.0988161
0.0965041
0.0942839
0.0921505
0.0900993
0.0881259
0.0862262
0.0843965
0.0826332
0.0809328
0.0792923
0.0777087
0.0761791
0.0747009
0.0732717
0.071889
0.0705508
0.0692547
0.067999
0.0667816
0.0656008
0.0644548
0.0633421
0.0622611
0.0612104
0.0601885
0.0591941
0.058226
0.0572829
0.0563637
0.0554675
0.0545932
0.0537401
0.0529073
0.0520945
0.0513012
0.0505274
0.0497737
0.0490409
0.0483309
0.0476466
0.0469923
0.0463745
0.0458028
0.0452907
0.0448571
0.0445287
0.0443421
0.961692
0.892184
0.829084
0.771727
0.719522
0.671944
0.628523
0.588843
0.552532
0.519258
0.488725
0.460668
0.434851
0.411062
0.389111
0.36883
0.350064
0.332679
0.31655
0.301567
0.28763
0.27465
0.262546
0.251245
0.24068
0.230791
0.221524
0.212831
0.204666
0.196988
0.189761
0.182951
0.176527
0.170462
0.164728
0.159304
0.154166
0.149297
0.144676
0.140289
0.136118
0.132151
0.128374
0.124776
0.121344
0.118069
0.114942
0.111952
0.109093
0.106357
0.103736
0.101224
0.0988145
0.0965024
0.0942821
0.0921487
0.0900974
0.0881239
0.0862242
0.0843944
0.082631
0.0809305
0.0792899
0.0777062
0.0761765
0.0746982
0.0732689
0.0718862
0.0705478
0.0692517
0.0679958
0.0667783
0.0655974
0.0644513
0.0633385
0.0622574
0.0612065
0.0601845
0.05919
0.0582217
0.0572785
0.0563592
0.0554628
0.0545884
0.0537351
0.0529022
0.0520892
0.0512957
0.0505219
0.049768
0.0490351
0.0483249
0.0476404
0.046986
0.0463682
0.0457964
0.0452842
0.0448505
0.0445222
0.0443356
0.961692
0.892184
0.829084
0.771727
0.719522
0.671944
0.628523
0.588843
0.552532
0.519258
0.488725
0.460668
0.434851
0.411062
0.389111
0.36883
0.350064
0.332679
0.31655
0.301567
0.28763
0.27465
0.262546
0.251244
0.240679
0.230791
0.221524
0.212831
0.204665
0.196988
0.189761
0.182951
0.176527
0.170461
0.164728
0.159303
0.154166
0.149296
0.144675
0.140288
0.136117
0.13215
0.128373
0.124775
0.121343
0.118068
0.11494
0.111951
0.109092
0.106355
0.103734
0.101222
0.0988128
0.0965007
0.0942803
0.0921467
0.0900954
0.0881218
0.086222
0.0843922
0.0826287
0.0809281
0.0792874
0.0777036
0.0761738
0.0746955
0.0732661
0.0718832
0.0705447
0.0692485
0.0679925
0.0667749
0.0655939
0.0644477
0.0633348
0.0622536
0.0612026
0.0601804
0.0591857
0.0582173
0.057274
0.0563545
0.055458
0.0545834
0.05373
0.0528969
0.0520837
0.0512901
0.0505161
0.0497621
0.049029
0.0483187
0.0476341
0.0469796
0.0463616
0.0457898
0.0452775
0.0448438
0.0445155
0.0443289
0.961692
0.892184
0.829084
0.771727
0.719523
0.671944
0.628523
0.588843
0.552532
0.519258
0.488725
0.460668
0.434851
0.411062
0.389111
0.36883
0.350064
0.332679
0.31655
0.301567
0.28763
0.27465
0.262546
0.251244
0.240679
0.23079
0.221524
0.21283
0.204665
0.196987
0.18976
0.18295
0.176526
0.17046
0.164727
0.159302
0.154165
0.149295
0.144675
0.140287
0.136116
0.132149
0.128372
0.124774
0.121342
0.118067
0.114939
0.11195
0.10909
0.106354
0.103733
0.10122
0.0988111
0.0964988
0.0942784
0.0921448
0.0900933
0.0881197
0.0862198
0.0843899
0.0826263
0.0809257
0.0792849
0.077701
0.0761711
0.0746926
0.0732631
0.0718802
0.0705416
0.0692452
0.0679892
0.0667714
0.0655903
0.064444
0.0633309
0.0622496
0.0611985
0.0601762
0.0591814
0.0582128
0.0572693
0.0563497
0.0554531
0.0545783
0.0537247
0.0528915
0.0520781
0.0512844
0.0505102
0.049756
0.0490228
0.0483124
0.0476276
0.046973
0.0463549
0.045783
0.0452706
0.0448369
0.0445086
0.044322
0.961692
0.892184
0.829084
0.771727
0.719523
0.671944
0.628523
0.588843
0.552532
0.519258
0.488725
0.460668
0.434851
0.411062
0.389111
0.36883
0.350064
0.332679
0.316549
0.301566
0.28763
0.27465
0.262546
0.251244
0.240679
0.23079
0.221523
0.21283
0.204665
0.196987
0.18976
0.18295
0.176526
0.17046
0.164726
0.159301
0.154164
0.149294
0.144674
0.140286
0.136115
0.132148
0.128371
0.124772
0.121341
0.118065
0.114938
0.111948
0.109089
0.106352
0.103731
0.101219
0.0988093
0.096497
0.0942765
0.0921428
0.0900912
0.0881175
0.0862175
0.0843875
0.0826238
0.0809231
0.0792822
0.0776982
0.0761683
0.0746897
0.0732601
0.071877
0.0705383
0.0692419
0.0679857
0.0667679
0.0655866
0.0644402
0.063327
0.0622455
0.0611942
0.0601718
0.0591769
0.0582082
0.0572645
0.0563448
0.055448
0.0545731
0.0537193
0.0528859
0.0520724
0.0512785
0.0505041
0.0497498
0.0490164
0.0483059
0.047621
0.0469662
0.046348
0.045776
0.0452636
0.0448299
0.0445015
0.044315
0.961692
0.892184
0.829084
0.771727
0.719523
0.671944
0.628523
0.588843
0.552532
0.519258
0.488725
0.460668
0.434851
0.411062
0.389111
0.36883
0.350064
0.332678
0.316549
0.301566
0.28763
0.27465
0.262545
0.251244
0.240678
0.23079
0.221523
0.212829
0.204664
0.196986
0.189759
0.182949
0.176525
0.170459
0.164726
0.159301
0.154163
0.149293
0.144673
0.140285
0.136114
0.132147
0.12837
0.124771
0.121339
0.118064
0.114936
0.111947
0.109087
0.106351
0.103729
0.101217
0.0988074
0.0964951
0.0942745
0.0921407
0.0900891
0.0881153
0.0862152
0.0843851
0.0826213
0.0809205
0.0792795
0.0776954
0.0761654
0.0746867
0.073257
0.0718738
0.070535
0.0692385
0.0679821
0.0667642
0.0655828
0.0644363
0.063323
0.0622413
0.0611899
0.0601674
0.0591723
0.0582034
0.0572596
0.0563398
0.0554428
0.0545677
0.0537138
0.0528802
0.0520666
0.0512725
0.050498
0.0497434
0.0490099
0.0482992
0.0476142
0.0469593
0.0463411
0.045769
0.0452565
0.0448228
0.0444944
0.0443078
0.961692
0.892184
0.829084
0.771727
0.719523
0.671944
0.628523
0.588843
0.552532
0.519258
0.488725
0.460668
0.434851
0.411062
0.389111
0.368829
0.350064
0.332678
0.316549
0.301566
0.287629
0.274649
0.262545
0.251243
0.240678
0.230789
0.221523
0.212829
0.204664
0.196986
0.189759
0.182949
0.176525
0.170458
0.164725
0.1593
0.154162
0.149292
0.144672
0.140284
0.136113
0.132146
0.128369
0.12477
0.121338
0.118063
0.114935
0.111945
0.109086
0.106349
0.103728
0.101215
0.0988056
0.0964931
0.0942724
0.0921386
0.0900869
0.088113
0.0862128
0.0843826
0.0826187
0.0809179
0.0792768
0.0776926
0.0761624
0.0746837
0.0732538
0.0718706
0.0705316
0.069235
0.0679785
0.0667605
0.0655789
0.0644323
0.0633188
0.0622371
0.0611856
0.0601628
0.0591676
0.0581986
0.0572547
0.0563346
0.0554375
0.0545623
0.0537082
0.0528745
0.0520606
0.0512664
0.0504917
0.049737
0.0490034
0.0482925
0.0476073
0.0469523
0.046334
0.0457618
0.0452493
0.0448155
0.0444871
0.0443006
0.961692
0.892184
0.829084
0.771727
0.719523
0.671944
0.628523
0.588843
0.552532
0.519258
0.488725
0.460668
0.434851
0.411062
0.389111
0.368829
0.350064
0.332678
0.316549
0.301566
0.287629
0.274649
0.262545
0.251243
0.240678
0.230789
0.221522
0.212829
0.204663
0.196985
0.189758
0.182948
0.176524
0.170458
0.164724
0.159299
0.154162
0.149292
0.144671
0.140283
0.136112
0.132145
0.128368
0.124769
0.121337
0.118061
0.114933
0.111944
0.109084
0.106347
0.103726
0.101213
0.0988037
0.0964911
0.0942704
0.0921364
0.0900846
0.0881107
0.0862104
0.0843801
0.0826161
0.0809152
0.079274
0.0776897
0.0761594
0.0746805
0.0732506
0.0718672
0.0705282
0.0692314
0.0679749
0.0667567
0.065575
0.0644282
0.0633147
0.0622328
0.0611811
0.0601582
0.0591629
0.0581937
0.0572496
0.0563294
0.0554321
0.0545568
0.0537025
0.0528686
0.0520546
0.0512602
0.0504853
0.0497305
0.0489967
0.0482857
0.0476004
0.0469453
0.0463268
0.0457546
0.045242
0.0448082
0.0444798
0.0442933
0.961692
0.892184
0.829084
0.771727
0.719523
0.671944
0.628523
0.588843
0.552532
0.519258
0.488725
0.460668
0.434851
0.411062
0.389111
0.368829
0.350064
0.332678
0.316549
0.301566
0.287629
0.274649
0.262545
0.251243
0.240678
0.230789
0.221522
0.212828
0.204663
0.196985
0.189758
0.182947
0.176523
0.170457
0.164723
0.159298
0.154161
0.149291
0.14467
0.140282
0.136111
0.132144
0.128367
0.124767
0.121335
0.11806
0.114932
0.111942
0.109082
0.106345
0.103724
0.101211
0.0988017
0.0964891
0.0942683
0.0921342
0.0900824
0.0881083
0.086208
0.0843776
0.0826135
0.0809124
0.0792712
0.0776867
0.0761564
0.0746774
0.0732473
0.0718639
0.0705247
0.0692278
0.0679711
0.0667528
0.065571
0.0644241
0.0633104
0.0622284
0.0611766
0.0601536
0.0591581
0.0581888
0.0572445
0.0563242
0.0554267
0.0545512
0.0536968
0.0528627
0.0520485
0.051254
0.0504789
0.049724
0.04899
0.0482789
0.0475934
0.0469382
0.0463196
0.0457473
0.0452347
0.0448009
0.0444725
0.044286
0.961692
0.892184
0.829084
0.771727
0.719523
0.671944
0.628523
0.588843
0.552532
0.519258
0.488725
0.460668
0.434851
0.411061
0.389111
0.368829
0.350064
0.332678
0.316549
0.301566
0.287629
0.274649
0.262544
0.251243
0.240677
0.230788
0.221521
0.212828
0.204662
0.196984
0.189757
0.182947
0.176523
0.170456
0.164723
0.159298
0.15416
0.14929
0.144669
0.140281
0.13611
0.132143
0.128365
0.124766
0.121334
0.118059
0.11493
0.11194
0.109081
0.106344
0.103722
0.10121
0.0987998
0.0964871
0.0942661
0.092132
0.0900801
0.0881059
0.0862055
0.084375
0.0826108
0.0809097
0.0792683
0.0776838
0.0761533
0.0746742
0.0732441
0.0718605
0.0705212
0.0692242
0.0679674
0.0667489
0.065567
0.06442
0.0633062
0.062224
0.0611721
0.0601489
0.0591533
0.0581838
0.0572394
0.0563189
0.0554213
0.0545456
0.053691
0.0528568
0.0520425
0.0512477
0.0504725
0.0497174
0.0489833
0.048272
0.0475865
0.0469311
0.0463125
0.04574
0.0452274
0.0447935
0.0444651
0.0442787
0.961692
0.892184
0.829084
0.771727
0.719523
0.671944
0.628523
0.588843
0.552532
0.519258
0.488725
0.460668
0.434851
0.411061
0.389111
0.368829
0.350064
0.332678
0.316549
0.301565
0.287629
0.274649
0.262544
0.251242
0.240677
0.230788
0.221521
0.212827
0.204662
0.196984
0.189757
0.182946
0.176522
0.170456
0.164722
0.159297
0.154159
0.149289
0.144668
0.14028
0.136109
0.132141
0.128364
0.124765
0.121333
0.118057
0.114929
0.111939
0.109079
0.106342
0.10372
0.101208
0.0987978
0.096485
0.094264
0.0921298
0.0900778
0.0881035
0.086203
0.0843724
0.0826082
0.0809069
0.0792654
0.0776808
0.0761502
0.074671
0.0732408
0.0718571
0.0705177
0.0692205
0.0679636
0.0667451
0.065563
0.0644159
0.0633019
0.0622196
0.0611675
0.0601442
0.0591484
0.0581788
0.0572343
0.0563136
0.0554158
0.05454
0.0536852
0.0528509
0.0520364
0.0512415
0.0504661
0.0497108
0.0489766
0.0482652
0.0475795
0.046924
0.0463053
0.0457328
0.0452201
0.0447862
0.0444578
0.0442714
0.961692
0.892184
0.829084
0.771728
0.719523
0.671944
0.628523
0.588843
0.552532
0.519258
0.488725
0.460668
0.434851
0.411061
0.389111
0.368829
0.350064
0.332678
0.316548
0.301565
0.287628
0.274648
0.262544
0.251242
0.240677
0.230787
0.221521
0.212827
0.204661
0.196983
0.189756
0.182946
0.176521
0.170455
0.164721
0.159296
0.154158
0.149288
0.144667
0.140279
0.136108
0.13214
0.128363
0.124764
0.121331
0.118056
0.114927
0.111937
0.109078
0.10634
0.103719
0.101206
0.0987958
0.096483
0.0942619
0.0921276
0.0900754
0.0881011
0.0862005
0.0843698
0.0826055
0.0809041
0.0792625
0.0776778
0.0761471
0.0746678
0.0732375
0.0718536
0.0705141
0.0692169
0.0679599
0.0667412
0.065559
0.0644117
0.0632976
0.0622152
0.061163
0.0601396
0.0591436
0.0581739
0.0572292
0.0563084
0.0554104
0.0545344
0.0536795
0.052845
0.0520303
0.0512353
0.0504598
0.0497043
0.0489699
0.0482584
0.0475726
0.046917
0.0462982
0.0457256
0.0452129
0.044779
0.0444506
0.0442642
0.961692
0.892185
0.829084
0.771728
0.719523
0.671944
0.628523
0.588843
0.552532
0.519258
0.488725
0.460668
0.43485
0.411061
0.389111
0.368829
0.350063
0.332678
0.316548
0.301565
0.287628
0.274648
0.262544
0.251242
0.240676
0.230787
0.22152
0.212826
0.204661
0.196983
0.189755
0.182945
0.176521
0.170454
0.16472
0.159295
0.154157
0.149287
0.144666
0.140278
0.136107
0.132139
0.128362
0.124762
0.12133
0.118054
0.114926
0.111936
0.109076
0.106339
0.103717
0.101204
0.0987939
0.0964809
0.0942597
0.0921254
0.0900731
0.0880987
0.086198
0.0843672
0.0826028
0.0809013
0.0792597
0.0776748
0.076144
0.0746647
0.0732342
0.0718502
0.0705106
0.0692133
0.0679561
0.0667373
0.065555
0.0644076
0.0632934
0.0622108
0.0611585
0.0601349
0.0591388
0.0581689
0.0572241
0.0563031
0.055405
0.0545289
0.0536738
0.0528391
0.0520243
0.0512291
0.0504535
0.0496979
0.0489634
0.0482517
0.0475658
0.0469101
0.0462912
0.0457186
0.0452058
0.0447719
0.0444435
0.0442571
0.961692
0.892185
0.829084
0.771728
0.719523
0.671944
0.628523
0.588843
0.552532
0.519258
0.488725
0.460668
0.43485
0.411061
0.389111
0.368829
0.350063
0.332677
0.316548
0.301565
0.287628
0.274648
0.262543
0.251241
0.240676
0.230787
0.22152
0.212826
0.20466
0.196982
0.189755
0.182944
0.17652
0.170453
0.164719
0.159294
0.154156
0.149286
0.144665
0.140277
0.136106
0.132138
0.12836
0.124761
0.121328
0.118053
0.114924
0.111934
0.109074
0.106337
0.103715
0.101202
0.0987919
0.0964789
0.0942576
0.0921231
0.0900708
0.0880963
0.0861956
0.0843647
0.0826001
0.0808986
0.0792568
0.0776719
0.076141
0.0746615
0.0732309
0.0718469
0.0705072
0.0692097
0.0679524
0.0667335
0.0655511
0.0644035
0.0632892
0.0622065
0.061154
0.0601303
0.0591341
0.0581641
0.0572191
0.056298
0.0553997
0.0545234
0.0536682
0.0528334
0.0520184
0.0512231
0.0504473
0.0496916
0.0489569
0.0482451
0.0475591
0.0469034
0.0462844
0.0457117
0.0451989
0.0447649
0.0444366
0.0442502
0.961692
0.892185
0.829085
0.771728
0.719523
0.671944
0.628523
0.588843
0.552532
0.519258
0.488725
0.460668
0.43485
0.411061
0.389111
0.368829
0.350063
0.332677
0.316548
0.301565
0.287628
0.274648
0.262543
0.251241
0.240675
0.230786
0.221519
0.212825
0.20466
0.196982
0.189754
0.182944
0.176519
0.170453
0.164719
0.159293
0.154155
0.149285
0.144664
0.140276
0.136105
0.132137
0.128359
0.12476
0.121327
0.118051
0.114923
0.111933
0.109073
0.106335
0.103713
0.1012
0.09879
0.0964768
0.0942555
0.092121
0.0900686
0.088094
0.0861931
0.0843622
0.0825975
0.0808959
0.079254
0.077669
0.076138
0.0746584
0.0732277
0.0718436
0.0705037
0.0692061
0.0679488
0.0667297
0.0655472
0.0643995
0.0632851
0.0622023
0.0611496
0.0601258
0.0591295
0.0581593
0.0572142
0.0562929
0.0553946
0.0545181
0.0536627
0.0528278
0.0520127
0.0512172
0.0504413
0.0496855
0.0489507
0.0482388
0.0475527
0.0468968
0.0462778
0.045705
0.0451922
0.0447582
0.0444298
0.0442435
0.961692
0.892185
0.829085
0.771728
0.719523
0.671944
0.628523
0.588843
0.552532
0.519258
0.488725
0.460668
0.43485
0.411061
0.389111
0.368829
0.350063
0.332677
0.316548
0.301564
0.287628
0.274647
0.262543
0.251241
0.240675
0.230786
0.221519
0.212825
0.204659
0.196981
0.189754
0.182943
0.176518
0.170452
0.164718
0.159293
0.154155
0.149284
0.144663
0.140274
0.136103
0.132136
0.128358
0.124758
0.121326
0.11805
0.114921
0.111931
0.109071
0.106333
0.103711
0.101198
0.0987881
0.0964749
0.0942535
0.0921188
0.0900664
0.0880917
0.0861907
0.0843597
0.082595
0.0808932
0.0792513
0.0776661
0.0761351
0.0746554
0.0732246
0.0718403
0.0705004
0.0692027
0.0679452
0.066726
0.0655434
0.0643956
0.063281
0.0621981
0.0611454
0.0601214
0.0591249
0.0581547
0.0572094
0.056288
0.0553895
0.0545129
0.0536574
0.0528223
0.0520071
0.0512115
0.0504355
0.0496795
0.0489446
0.0482326
0.0475464
0.0468905
0.0462714
0.0456986
0.0451857
0.0447517
0.0444234
0.044237
0.961692
0.892185
0.829085
0.771728
0.719523
0.671944
0.628523
0.588843
0.552532
0.519258
0.488725
0.460668
0.43485
0.411061
0.38911
0.368829
0.350063
0.332677
0.316548
0.301564
0.287627
0.274647
0.262542
0.25124
0.240675
0.230786
0.221519
0.212824
0.204659
0.196981
0.189753
0.182942
0.176518
0.170451
0.164717
0.159292
0.154154
0.149283
0.144662
0.140273
0.136102
0.132134
0.128357
0.124757
0.121324
0.118049
0.11492
0.11193
0.109069
0.106332
0.10371
0.101197
0.0987862
0.0964729
0.0942514
0.0921167
0.0900642
0.0880894
0.0861884
0.0843573
0.0825925
0.0808906
0.0792486
0.0776634
0.0761322
0.0746524
0.0732215
0.0718372
0.0704971
0.0691993
0.0679417
0.0667225
0.0655397
0.0643918
0.0632771
0.0621941
0.0611412
0.0601172
0.0591206
0.0581502
0.0572048
0.0562833
0.0553847
0.0545079
0.0536523
0.0528171
0.0520018
0.051206
0.0504299
0.0496738
0.0489388
0.0482267
0.0475404
0.0468844
0.0462653
0.0456925
0.0451795
0.0447456
0.0444172
0.0442309
0.961692
0.892185
0.829085
0.771728
0.719523
0.671944
0.628523
0.588843
0.552532
0.519258
0.488725
0.460668
0.43485
0.411061
0.38911
0.368828
0.350063
0.332677
0.316547
0.301564
0.287627
0.274647
0.262542
0.25124
0.240674
0.230785
0.221518
0.212824
0.204658
0.19698
0.189752
0.182942
0.176517
0.170451
0.164716
0.159291
0.154153
0.149282
0.144661
0.140272
0.136101
0.132133
0.128355
0.124756
0.121323
0.118047
0.114918
0.111928
0.109068
0.10633
0.103708
0.101195
0.0987844
0.0964711
0.0942495
0.0921147
0.0900621
0.0880872
0.0861861
0.0843549
0.08259
0.0808881
0.079246
0.0776607
0.0761294
0.0746495
0.0732186
0.0718341
0.070494
0.0691961
0.0679384
0.066719
0.0655362
0.0643882
0.0632734
0.0621902
0.0611373
0.0601131
0.0591164
0.0581459
0.0572004
0.0562788
0.05538
0.0545032
0.0536475
0.0528121
0.0519967
0.0512008
0.0504246
0.0496684
0.0489333
0.0482212
0.0475348
0.0468787
0.0462595
0.0456867
0.0451738
0.0447398
0.0444114
0.0442251
0.961692
0.892185
0.829085
0.771728
0.719523
0.671944
0.628523
0.588843
0.552532
0.519258
0.488725
0.460668
0.43485
0.411061
0.38911
0.368828
0.350063
0.332677
0.316547
0.301564
0.287627
0.274647
0.262542
0.25124
0.240674
0.230785
0.221518
0.212824
0.204658
0.196979
0.189752
0.182941
0.176516
0.17045
0.164716
0.15929
0.154152
0.149281
0.14466
0.140271
0.1361
0.132132
0.128354
0.124755
0.121322
0.118046
0.114917
0.111927
0.109066
0.106329
0.103706
0.101193
0.0987827
0.0964693
0.0942476
0.0921128
0.0900601
0.0880852
0.086184
0.0843527
0.0825877
0.0808857
0.0792435
0.0776581
0.0761268
0.0746468
0.0732157
0.0718312
0.070491
0.069193
0.0679352
0.0667158
0.0655328
0.0643847
0.0632698
0.0621866
0.0611335
0.0601092
0.0591124
0.0581418
0.0571962
0.0562745
0.0553756
0.0544987
0.0536429
0.0528074
0.0519919
0.051196
0.0504196
0.0496634
0.0489282
0.048216
0.0475296
0.0468735
0.0462542
0.0456813
0.0451684
0.0447344
0.0444061
0.0442198
0.961692
0.892185
0.829085
0.771728
0.719523
0.671944
0.628523
0.588843
0.552532
0.519258
0.488725
0.460667
0.43485
0.411061
0.38911
0.368828
0.350063
0.332677
0.316547
0.301564
0.287627
0.274646
0.262542
0.251239
0.240674
0.230784
0.221517
0.212823
0.204657
0.196979
0.189751
0.182941
0.176516
0.170449
0.164715
0.159289
0.154151
0.14928
0.144659
0.140271
0.136099
0.132131
0.128353
0.124754
0.121321
0.118045
0.114916
0.111925
0.109065
0.106327
0.103705
0.101192
0.098781
0.0964675
0.0942458
0.0921109
0.0900582
0.0880832
0.0861819
0.0843506
0.0825855
0.0808834
0.0792412
0.0776557
0.0761243
0.0746442
0.0732131
0.0718285
0.0704882
0.0691901
0.0679322
0.0667127
0.0655297
0.0643815
0.0632665
0.0621831
0.06113
0.0601056
0.0591087
0.058138
0.0571923
0.0562705
0.0553716
0.0544945
0.0536386
0.0528031
0.0519875
0.0511915
0.0504151
0.0496587
0.0489235
0.0482112
0.0475248
0.0468686
0.0462494
0.0456765
0.0451635
0.0447295
0.0444012
0.0442149
0.961692
0.892185
0.829085
0.771728
0.719523
0.671944
0.628523
0.588843
0.552532
0.519258
0.488724
0.460667
0.43485
0.411061
0.38911
0.368828
0.350062
0.332676
0.316547
0.301563
0.287626
0.274646
0.262541
0.251239
0.240673
0.230784
0.221517
0.212823
0.204657
0.196978
0.189751
0.18294
0.176515
0.170449
0.164714
0.159289
0.15415
0.14928
0.144658
0.14027
0.136098
0.13213
0.128352
0.124752
0.12132
0.118043
0.114915
0.111924
0.109064
0.106326
0.103703
0.10119
0.0987794
0.0964659
0.0942442
0.0921092
0.0900564
0.0880813
0.08618
0.0843486
0.0825835
0.0808813
0.079239
0.0776534
0.0761219
0.0746418
0.0732106
0.0718259
0.0704855
0.0691874
0.0679294
0.0667098
0.0655267
0.0643785
0.0632634
0.06218
0.0611267
0.0601023
0.0591053
0.0581345
0.0571887
0.0562668
0.0553678
0.0544907
0.0536348
0.0527992
0.0519835
0.0511874
0.0504109
0.0496546
0.0489193
0.048207
0.0475205
0.0468643
0.046245
0.0456722
0.0451592
0.0447252
0.0443969
0.0442107
0.961692
0.892185
0.829085
0.771728
0.719523
0.671944
0.628523
0.588843
0.552532
0.519258
0.488724
0.460667
0.43485
0.411061
0.38911
0.368828
0.350062
0.332676
0.316547
0.301563
0.287626
0.274646
0.262541
0.251239
0.240673
0.230784
0.221516
0.212822
0.204656
0.196978
0.18975
0.182939
0.176515
0.170448
0.164714
0.159288
0.15415
0.149279
0.144658
0.140269
0.136097
0.132129
0.128351
0.124751
0.121319
0.118042
0.114913
0.111923
0.109062
0.106325
0.103702
0.101189
0.098778
0.0964644
0.0942426
0.0921076
0.0900547
0.0880796
0.0861782
0.0843467
0.0825816
0.0808794
0.0792369
0.0776514
0.0761198
0.0746396
0.0732083
0.0718236
0.0704831
0.0691849
0.0679269
0.0667072
0.0655241
0.0643757
0.0632606
0.0621771
0.0611238
0.0600993
0.0591022
0.0581314
0.0571855
0.0562636
0.0553645
0.0544874
0.0536313
0.0527957
0.0519799
0.0511838
0.0504073
0.0496509
0.0489156
0.0482033
0.0475168
0.0468606
0.0462413
0.0456684
0.0451555
0.0447215
0.0443932
0.044207
0.961692
0.892185
0.829085
0.771728
0.719523
0.671944
0.628523
0.588843
0.552532
0.519258
0.488724
0.460667
0.43485
0.411061
0.38911
0.368828
0.350062
0.332676
0.316547
0.301563
0.287626
0.274646
0.262541
0.251239
0.240673
0.230783
0.221516
0.212822
0.204656
0.196978
0.18975
0.182939
0.176514
0.170447
0.164713
0.159287
0.154149
0.149278
0.144657
0.140268
0.136097
0.132128
0.12835
0.124751
0.121318
0.118041
0.114912
0.111922
0.109061
0.106323
0.103701
0.101187
0.0987767
0.0964631
0.0942412
0.0921061
0.0900532
0.088078
0.0861766
0.0843451
0.0825798
0.0808776
0.0792351
0.0776495
0.0761179
0.0746376
0.0732063
0.0718215
0.070481
0.0691827
0.0679246
0.0667049
0.0655217
0.0643733
0.0632581
0.0621746
0.0611212
0.0600966
0.0590995
0.0581286
0.0571827
0.0562608
0.0553616
0.0544845
0.0536284
0.0527927
0.0519769
0.0511808
0.0504043
0.0496478
0.0489125
0.0482002
0.0475137
0.0468575
0.0462383
0.0456654
0.0451525
0.0447185
0.0443902
0.044204
0.961692
0.892185
0.829085
0.771728
0.719523
0.671944
0.628523
0.588843
0.552532
0.519258
0.488724
0.460667
0.43485
0.411061
0.38911
0.368828
0.350062
0.332676
0.316546
0.301563
0.287626
0.274645
0.262541
0.251238
0.240672
0.230783
0.221516
0.212822
0.204656
0.196977
0.189749
0.182938
0.176514
0.170447
0.164712
0.159287
0.154148
0.149278
0.144656
0.140267
0.136096
0.132128
0.12835
0.12475
0.121317
0.11804
0.114911
0.111921
0.10906
0.106322
0.1037
0.101186
0.0987755
0.0964619
0.09424
0.0921048
0.0900518
0.0880767
0.0861752
0.0843436
0.0825783
0.080876
0.0792335
0.0776478
0.0761162
0.0746359
0.0732045
0.0718197
0.0704791
0.0691808
0.0679227
0.0667029
0.0655197
0.0643712
0.063256
0.0621724
0.061119
0.0600944
0.0590973
0.0581263
0.0571804
0.0562584
0.0553593
0.0544821
0.053626
0.0527903
0.0519745
0.0511783
0.0504018
0.0496454
0.0489101
0.0481978
0.0475113
0.0468552
0.0462359
0.0456631
0.0451502
0.0447163
0.044388
0.0442018
0.961692
0.892185
0.829085
0.771728
0.719523
0.671944
0.628523
0.588843
0.552532
0.519258
0.488724
0.460667
0.43485
0.41106
0.38911
0.368828
0.350062
0.332676
0.316546
0.301563
0.287626
0.274645
0.26254
0.251238
0.240672
0.230783
0.221515
0.212821
0.204655
0.196977
0.189749
0.182938
0.176513
0.170446
0.164712
0.159286
0.154148
0.149277
0.144656
0.140267
0.136095
0.132127
0.128349
0.124749
0.121316
0.11804
0.114911
0.11192
0.109059
0.106321
0.103699
0.101185
0.0987745
0.0964608
0.0942389
0.0921037
0.0900507
0.0880755
0.086174
0.0843424
0.0825771
0.0808747
0.0792322
0.0776465
0.0761148
0.0746345
0.073203
0.0718182
0.0704776
0.0691792
0.0679211
0.0667013
0.065518
0.0643695
0.0632543
0.0621707
0.0611173
0.0600927
0.0590955
0.0581246
0.0571786
0.0562566
0.0553575
0.0544803
0.0536242
0.0527885
0.0519727
0.0511766
0.0504001
0.0496437
0.0489085
0.0481962
0.0475097
0.0468536
0.0462344
0.0456616
0.0451488
0.0447149
0.0443866
0.0442004
0.961692
0.892185
0.829085
0.771728
0.719523
0.671944
0.628523
0.588843
0.552532
0.519258
0.488724
0.460667
0.43485
0.41106
0.38911
0.368828
0.350062
0.332676
0.316546
0.301562
0.287625
0.274645
0.26254
0.251238
0.240672
0.230782
0.221515
0.212821
0.204655
0.196976
0.189749
0.182938
0.176513
0.170446
0.164712
0.159286
0.154147
0.149277
0.144655
0.140266
0.136095
0.132126
0.128348
0.124748
0.121315
0.118039
0.11491
0.111919
0.109059
0.106321
0.103698
0.101185
0.0987737
0.09646
0.094238
0.0921028
0.0900498
0.0880745
0.086173
0.0843414
0.0825761
0.0808737
0.0792311
0.0776454
0.0761137
0.0746333
0.0732019
0.071817
0.0704764
0.069178
0.0679199
0.0667001
0.0655168
0.0643683
0.063253
0.0621694
0.061116
0.0600914
0.0590942
0.0581233
0.0571774
0.0562554
0.0553563
0.0544791
0.053623
0.0527874
0.0519717
0.0511756
0.0503992
0.0496428
0.0489076
0.0481954
0.047509
0.046853
0.0462338
0.0456611
0.0451483
0.0447144
0.0443862
0.0442
0.961692
0.892185
0.829085
0.771728
0.719523
0.671944
0.628523
0.588843
0.552532
0.519258
0.488724
0.460667
0.43485
0.41106
0.389109
0.368827
0.350062
0.332675
0.316546
0.301562
0.287625
0.274645
0.26254
0.251238
0.240672
0.230782
0.221515
0.212821
0.204655
0.196976
0.189748
0.182937
0.176513
0.170446
0.164711
0.159286
0.154147
0.149276
0.144655
0.140266
0.136094
0.132126
0.128348
0.124748
0.121315
0.118039
0.114909
0.111919
0.109058
0.10632
0.103698
0.101184
0.0987731
0.0964594
0.0942374
0.0921022
0.0900491
0.0880739
0.0861723
0.0843407
0.0825753
0.080873
0.0792304
0.0776446
0.0761129
0.0746326
0.0732011
0.0718162
0.0704756
0.0691773
0.0679191
0.0666993
0.065516
0.0643675
0.0632523
0.0621687
0.0611153
0.0600907
0.0590936
0.0581227
0.0571768
0.0562548
0.0553558
0.0544786
0.0536226
0.0527871
0.0519714
0.0511754
0.0503991
0.0496428
0.0489077
0.0481956
0.0475093
0.0468533
0.0462343
0.0456616
0.0451488
0.044715
0.0443868
0.0442006
0.961692
0.892185
0.829085
0.771728
0.719523
0.671944
0.628523
0.588843
0.552532
0.519258
0.488724
0.460667
0.43485
0.41106
0.389109
0.368827
0.350062
0.332675
0.316546
0.301562
0.287625
0.274645
0.26254
0.251238
0.240672
0.230782
0.221515
0.212821
0.204654
0.196976
0.189748
0.182937
0.176512
0.170445
0.164711
0.159285
0.154147
0.149276
0.144654
0.140266
0.136094
0.132126
0.128348
0.124748
0.121315
0.118038
0.114909
0.111918
0.109058
0.10632
0.103697
0.101184
0.0987727
0.096459
0.094237
0.0921018
0.0900487
0.0880735
0.0861719
0.0843403
0.0825749
0.0808726
0.07923
0.0776442
0.0761125
0.0746322
0.0732007
0.0718159
0.0704753
0.0691769
0.0679188
0.066699
0.0655157
0.0643673
0.0632521
0.0621685
0.0611152
0.0600907
0.0590936
0.0581227
0.0571769
0.056255
0.055356
0.054479
0.0536231
0.0527876
0.0519721
0.0511762
0.0503999
0.0496438
0.0489088
0.0481968
0.0475106
0.0468548
0.0462358
0.0456632
0.0451505
0.0447167
0.0443885
0.0442024
0.961692
0.892185
0.829085
0.771728
0.719523
0.671944
0.628523
0.588843
0.552532
0.519257
0.488724
0.460667
0.434849
0.41106
0.389109
0.368827
0.350062
0.332675
0.316546
0.301562
0.287625
0.274645
0.26254
0.251237
0.240671
0.230782
0.221515
0.21282
0.204654
0.196976
0.189748
0.182937
0.176512
0.170445
0.164711
0.159285
0.154147
0.149276
0.144654
0.140265
0.136094
0.132126
0.128347
0.124747
0.121314
0.118038
0.114909
0.111918
0.109058
0.10632
0.103697
0.101183
0.0987726
0.0964589
0.0942369
0.0921017
0.0900486
0.0880734
0.0861718
0.0843402
0.0825749
0.0808725
0.07923
0.0776443
0.0761126
0.0746322
0.0732008
0.071816
0.0704754
0.0691771
0.067919
0.0666993
0.0655161
0.0643677
0.0632525
0.062169
0.0611158
0.0600913
0.0590943
0.0581235
0.0571778
0.056256
0.0553572
0.0544802
0.0536245
0.0527891
0.0519737
0.051178
0.0504019
0.0496459
0.0489111
0.0481992
0.0475132
0.0468575
0.0462386
0.0456661
0.0451534
0.0447197
0.0443916
0.0442054
0.961692
0.892185
0.829085
0.771728
0.719523
0.671944
0.628523
0.588843
0.552532
0.519257
0.488724
0.460667
0.434849
0.41106
0.389109
0.368827
0.350061
0.332675
0.316546
0.301562
0.287625
0.274644
0.26254
0.251237
0.240671
0.230782
0.221515
0.21282
0.204654
0.196976
0.189748
0.182937
0.176512
0.170445
0.164711
0.159285
0.154147
0.149276
0.144654
0.140265
0.136094
0.132126
0.128348
0.124748
0.121314
0.118038
0.114909
0.111918
0.109058
0.10632
0.103697
0.101184
0.0987728
0.0964591
0.0942371
0.0921019
0.0900489
0.0880737
0.0861722
0.0843406
0.0825753
0.0808729
0.0792304
0.0776447
0.0761131
0.0746328
0.0732015
0.0718166
0.0704762
0.0691779
0.0679199
0.0667002
0.065517
0.0643688
0.0632537
0.0621703
0.0611171
0.0600927
0.0590959
0.0581252
0.0571796
0.056258
0.0553593
0.0544825
0.0536269
0.0527917
0.0519765
0.0511809
0.050405
0.0496492
0.0489146
0.0482029
0.0475171
0.0468615
0.0462428
0.0456704
0.0451578
0.0447241
0.044396
0.04421
0.961692
0.892185
0.829085
0.771728
0.719523
0.671944
0.628523
0.588843
0.552532
0.519257
0.488724
0.460667
0.434849
0.41106
0.389109
0.368827
0.350061
0.332675
0.316546
0.301562
0.287625
0.274645
0.26254
0.251237
0.240671
0.230782
0.221515
0.21282
0.204654
0.196976
0.189748
0.182937
0.176512
0.170445
0.164711
0.159285
0.154147
0.149276
0.144654
0.140266
0.136094
0.132126
0.128348
0.124748
0.121315
0.118038
0.114909
0.111919
0.109058
0.10632
0.103698
0.101184
0.0987732
0.0964595
0.0942376
0.0921025
0.0900495
0.0880743
0.0861728
0.0843412
0.082576
0.0808737
0.0792313
0.0776456
0.076114
0.0746338
0.0732025
0.0718178
0.0704773
0.0691792
0.0679212
0.0667016
0.0655186
0.0643704
0.0632554
0.0621721
0.061119
0.0600948
0.0590981
0.0581276
0.0571821
0.0562606
0.0553621
0.0544855
0.0536301
0.0527951
0.0519801
0.0511847
0.050409
0.0496535
0.048919
0.0482075
0.0475219
0.0468665
0.0462479
0.0456757
0.0451632
0.0447295
0.0444015
0.0442149
)
;

boundaryField
{
    inlet
    {
        type            fixedValue;
        value           uniform 1;
    }
    outlet
    {
        type            inletOutlet;
        inletValue      uniform 1;
        value           nonuniform List<scalar> 
100
(
0.0441511
0.0441518
0.0441533
0.0441555
0.0441583
0.0441618
0.0441658
0.0441705
0.0441756
0.0441812
0.0441873
0.0441937
0.0442005
0.0442076
0.044215
0.0442225
0.0442303
0.0442382
0.0442462
0.0442542
0.0442623
0.0442704
0.0442785
0.0442865
0.0442944
0.0443022
0.0443099
0.0443174
0.0443247
0.0443318
0.0443386
0.0443453
0.0443516
0.0443577
0.0443636
0.0443691
0.0443743
0.0443791
0.0443837
0.0443879
0.0443917
0.0443952
0.0443983
0.044401
0.0444034
0.0444054
0.044407
0.0444082
0.044409
0.0444095
0.0444095
0.0444092
0.0444085
0.0444074
0.0444059
0.044404
0.0444017
0.0443991
0.0443962
0.0443928
0.0443891
0.0443851
0.0443808
0.0443761
0.0443711
0.0443658
0.0443603
0.0443545
0.0443484
0.0443421
0.0443356
0.0443289
0.044322
0.044315
0.0443078
0.0443006
0.0442933
0.044286
0.0442787
0.0442714
0.0442642
0.0442571
0.0442502
0.0442435
0.044237
0.0442309
0.0442251
0.0442198
0.0442149
0.0442107
0.044207
0.044204
0.0442018
0.0442004
0.0442
0.0442006
0.0442024
0.0442054
0.04421
0.0442149
)
;
    }
    ground
    {
        type            empty;
    }
    top
    {
        type            empty;
    }
    front
    {
        type            inletOutlet;
        inletValue      uniform 1;
        value           nonuniform List<scalar> 
100
(
0.961692
0.892185
0.829085
0.771728
0.719523
0.671944
0.628523
0.588843
0.552532
0.519258
0.488724
0.460667
0.43485
0.41106
0.389109
0.368827
0.350062
0.332675
0.316546
0.301562
0.287625
0.274645
0.26254
0.251237
0.240671
0.230782
0.221515
0.21282
0.204654
0.196976
0.189748
0.182937
0.176512
0.170445
0.16471
0.159285
0.154146
0.149275
0.144654
0.140265
0.136093
0.132125
0.128347
0.124746
0.121313
0.118037
0.114908
0.111917
0.109056
0.106318
0.103695
0.101181
0.0987702
0.0964563
0.0942341
0.0920986
0.0900453
0.0880698
0.0861679
0.084336
0.0825703
0.0808676
0.0792246
0.0776385
0.0761063
0.0746255
0.0731935
0.071808
0.0704668
0.0691678
0.067909
0.0666884
0.0655043
0.0643549
0.0632387
0.0621541
0.0610995
0.0600737
0.0590753
0.058103
0.0571556
0.056232
0.0553313
0.0544523
0.0535944
0.0527568
0.0519391
0.051141
0.0503625
0.0496041
0.0488669
0.0481527
0.0474646
0.046807
0.0461866
0.0456129
0.0450994
0.0446653
0.0443371
0.0441511
)
;
    }
    back
    {
        type            inletOutlet;
        inletValue      uniform 1;
        value           nonuniform List<scalar> 
100
(
0.961692
0.892185
0.829085
0.771728
0.719523
0.671944
0.628523
0.588843
0.552532
0.519257
0.488724
0.460667
0.434849
0.41106
0.389109
0.368827
0.350061
0.332675
0.316546
0.301562
0.287625
0.274645
0.26254
0.251237
0.240671
0.230782
0.221515
0.21282
0.204654
0.196976
0.189748
0.182937
0.176512
0.170445
0.164711
0.159285
0.154147
0.149276
0.144654
0.140266
0.136094
0.132126
0.128348
0.124748
0.121315
0.118038
0.114909
0.111919
0.109058
0.10632
0.103698
0.101184
0.0987732
0.0964595
0.0942376
0.0921025
0.0900495
0.0880743
0.0861728
0.0843412
0.082576
0.0808737
0.0792313
0.0776456
0.076114
0.0746338
0.0732025
0.0718178
0.0704773
0.0691792
0.0679212
0.0667016
0.0655186
0.0643704
0.0632554
0.0621721
0.061119
0.0600948
0.0590981
0.0581276
0.0571821
0.0562606
0.0553621
0.0544855
0.0536301
0.0527951
0.0519801
0.0511847
0.050409
0.0496535
0.048919
0.0482075
0.0475219
0.0468665
0.0462479
0.0456757
0.0451632
0.0447295
0.0444015
0.0442149
)
;
    }
}


// ************************************************************************* //
