/*--------------------------------*- C++ -*----------------------------------*\
  =========                 |
  \\      /  F ield         | OpenFOAM: The Open Source CFD Toolbox
   \\    /   O peration     | Website:  https://openfoam.org
    \\  /    A nd           | Version:  11
     \\/     M anipulation  |
\*---------------------------------------------------------------------------*/
FoamFile
{
    format      ascii;
    class       volScalarField;
    location    "554";
    object      omega;
}
// * * * * * * * * * * * * * * * * * * * * * * * * * * * * * * * * * * * * * //

dimensions      [0 0 -1 0 0 0 0];

internalField   nonuniform List<scalar> 
10000
(
0.961692
0.892185
0.829085
0.771728
0.719523
0.671944
0.628523
0.588842
0.55253
0.519255
0.488721
0.460663
0.434844
0.411054
0.389102
0.368818
0.350051
0.332663
0.316531
0.301546
0.287606
0.274623
0.262516
0.251211
0.240643
0.23075
0.22148
0.212782
0.204613
0.196931
0.189699
0.182884
0.176455
0.170384
0.164645
0.159214
0.154071
0.149194
0.144567
0.140173
0.135995
0.13202
0.128235
0.124628
0.121188
0.117904
0.114767
0.111768
0.108898
0.106151
0.103518
0.100995
0.098573
0.0962479
0.0940139
0.0918661
0.0897997
0.0878103
0.0858938
0.0840464
0.0822643
0.0805441
0.0788826
0.0772768
0.0757236
0.0742204
0.0727646
0.0713537
0.0699853
0.0686572
0.0673672
0.0661135
0.0648939
0.0637067
0.06255
0.0614224
0.0603221
0.0592477
0.0581979
0.0571715
0.0561672
0.0551841
0.0542214
0.0532786
0.0523552
0.0514511
0.0505666
0.0497022
0.0488591
0.0480389
0.047244
0.0464777
0.0457445
0.0450503
0.0444027
0.0438122
0.0432921
0.0428603
0.0425401
0.0423618
0.961692
0.892185
0.829085
0.771728
0.719523
0.671944
0.628523
0.588842
0.55253
0.519255
0.488721
0.460663
0.434844
0.411054
0.389102
0.368818
0.350051
0.332663
0.316531
0.301546
0.287606
0.274624
0.262516
0.251211
0.240643
0.23075
0.22148
0.212782
0.204613
0.196931
0.189699
0.182884
0.176455
0.170384
0.164645
0.159214
0.154071
0.149195
0.144567
0.140173
0.135995
0.13202
0.128236
0.124629
0.121188
0.117904
0.114767
0.111768
0.108898
0.106151
0.103519
0.100995
0.0985734
0.0962483
0.0940143
0.0918665
0.0898001
0.0878108
0.0858943
0.0840469
0.0822648
0.0805447
0.0788832
0.0772774
0.0757243
0.0742211
0.0727653
0.0713544
0.069986
0.068658
0.0673681
0.0661143
0.0648948
0.0637076
0.0625511
0.0614234
0.0603232
0.0592489
0.0581992
0.0571727
0.0561685
0.0551855
0.0542229
0.0532801
0.0523568
0.0514527
0.0505682
0.0497039
0.0488608
0.0480407
0.0472458
0.0464795
0.0457463
0.0450521
0.0444045
0.0438139
0.0432938
0.042862
0.0425418
0.0423634
0.961692
0.892185
0.829085
0.771728
0.719523
0.671944
0.628523
0.588842
0.55253
0.519255
0.488721
0.460663
0.434844
0.411054
0.389102
0.368818
0.350051
0.332663
0.316531
0.301546
0.287607
0.274624
0.262517
0.251212
0.240643
0.230751
0.22148
0.212783
0.204613
0.196931
0.189699
0.182885
0.176455
0.170384
0.164645
0.159215
0.154071
0.149195
0.144568
0.140173
0.135996
0.132021
0.128236
0.124629
0.121189
0.117905
0.114768
0.111769
0.108899
0.106152
0.10352
0.100996
0.0985741
0.0962491
0.0940151
0.0918674
0.089801
0.0878117
0.0858953
0.0840479
0.0822659
0.0805458
0.0788843
0.0772785
0.0757255
0.0742223
0.0727666
0.0713558
0.0699875
0.0686595
0.0673696
0.066116
0.0648965
0.0637094
0.0625529
0.0614254
0.0603252
0.059251
0.0582014
0.057175
0.0561709
0.055188
0.0542255
0.0532828
0.0523596
0.0514557
0.0505713
0.049707
0.048864
0.0480439
0.0472491
0.0464829
0.0457497
0.0450554
0.0444079
0.0438173
0.0432971
0.0428653
0.042545
0.0423667
0.961692
0.892185
0.829085
0.771728
0.719523
0.671944
0.628523
0.588842
0.55253
0.519255
0.488721
0.460663
0.434845
0.411054
0.389102
0.368818
0.350051
0.332663
0.316532
0.301546
0.287607
0.274624
0.262517
0.251212
0.240643
0.230751
0.221481
0.212783
0.204614
0.196932
0.1897
0.182885
0.176456
0.170385
0.164646
0.159215
0.154072
0.149196
0.144569
0.140174
0.135996
0.132022
0.128237
0.12463
0.12119
0.117906
0.114769
0.111769
0.1089
0.106153
0.103521
0.100997
0.0985752
0.0962502
0.0940163
0.0918686
0.0898023
0.087813
0.0858967
0.0840493
0.0822674
0.0805473
0.0788859
0.0772802
0.0757272
0.0742242
0.0727685
0.0713577
0.0699895
0.0686616
0.0673719
0.0661183
0.0648989
0.0637119
0.0625555
0.0614281
0.0603281
0.0592541
0.0582045
0.0571784
0.0561744
0.0551916
0.0542293
0.0532867
0.0523636
0.0514599
0.0505756
0.0497115
0.0488686
0.0480486
0.0472539
0.0464877
0.0457546
0.0450603
0.0444128
0.0438222
0.043302
0.0428701
0.0425498
0.0423714
0.961692
0.892185
0.829085
0.771728
0.719523
0.671944
0.628523
0.588842
0.552531
0.519256
0.488721
0.460663
0.434845
0.411054
0.389102
0.368819
0.350051
0.332663
0.316532
0.301546
0.287607
0.274624
0.262517
0.251212
0.240644
0.230751
0.221481
0.212784
0.204614
0.196932
0.189701
0.182886
0.176457
0.170385
0.164646
0.159216
0.154073
0.149196
0.144569
0.140175
0.135997
0.132023
0.128238
0.124631
0.121191
0.117907
0.11477
0.111771
0.108901
0.106154
0.103522
0.100998
0.0985767
0.0962517
0.0940179
0.0918702
0.089804
0.0878148
0.0858985
0.0840512
0.0822693
0.0805493
0.078888
0.0772824
0.0757295
0.0742265
0.0727709
0.0713603
0.0699922
0.0686644
0.0673748
0.0661213
0.0649021
0.0637152
0.062559
0.0614317
0.0603319
0.059258
0.0582087
0.0571827
0.0561789
0.0551963
0.0542341
0.0532918
0.0523689
0.0514653
0.0505812
0.0497173
0.0488745
0.0480547
0.0472601
0.046494
0.0457609
0.0450667
0.0444191
0.0438285
0.0433082
0.0428763
0.0425559
0.0423775
0.961692
0.892185
0.829085
0.771728
0.719523
0.671944
0.628523
0.588843
0.552531
0.519256
0.488722
0.460663
0.434845
0.411055
0.389102
0.368819
0.350052
0.332664
0.316532
0.301547
0.287608
0.274625
0.262518
0.251213
0.240644
0.230752
0.221482
0.212784
0.204615
0.196933
0.189701
0.182886
0.176457
0.170386
0.164647
0.159217
0.154073
0.149197
0.14457
0.140176
0.135998
0.132024
0.128239
0.124632
0.121192
0.117908
0.114771
0.111772
0.108903
0.106156
0.103524
0.101
0.0985784
0.0962535
0.0940198
0.0918722
0.089806
0.0878169
0.0859007
0.0840535
0.0822717
0.0805518
0.0788906
0.077285
0.0757322
0.0742294
0.0727739
0.0713634
0.0699954
0.0686677
0.0673783
0.066125
0.0649059
0.0637192
0.0625632
0.0614361
0.0603365
0.0592628
0.0582137
0.0571879
0.0561843
0.055202
0.0542401
0.053298
0.0523753
0.0514719
0.050588
0.0497243
0.0488817
0.048062
0.0472675
0.0465016
0.0457685
0.0450743
0.0444268
0.0438361
0.0433158
0.0428838
0.0425634
0.0423849
0.961692
0.892185
0.829085
0.771728
0.719523
0.671944
0.628523
0.588843
0.552531
0.519256
0.488722
0.460664
0.434845
0.411055
0.389103
0.368819
0.350052
0.332664
0.316533
0.301547
0.287608
0.274625
0.262518
0.251213
0.240645
0.230753
0.221482
0.212785
0.204616
0.196934
0.189702
0.182887
0.176458
0.170387
0.164648
0.159218
0.154075
0.149198
0.144572
0.140177
0.136
0.132025
0.12824
0.124634
0.121194
0.11791
0.114773
0.111774
0.108905
0.106157
0.103525
0.101002
0.0985805
0.0962556
0.094022
0.0918744
0.0898084
0.0878193
0.0859032
0.0840561
0.0822744
0.0805546
0.0788936
0.0772881
0.0757354
0.0742327
0.0727774
0.071367
0.0699992
0.0686717
0.0673824
0.0661293
0.0649104
0.0637239
0.0625681
0.0614412
0.0603418
0.0592683
0.0582195
0.0571939
0.0561906
0.0552086
0.0542469
0.0533051
0.0523827
0.0514796
0.050596
0.0497324
0.0488901
0.0480705
0.0472762
0.0465104
0.0457774
0.0450833
0.0444357
0.043845
0.0433247
0.0428926
0.0425721
0.0423935
0.961692
0.892185
0.829085
0.771728
0.719523
0.671944
0.628523
0.588843
0.552531
0.519256
0.488722
0.460664
0.434846
0.411055
0.389103
0.36882
0.350052
0.332665
0.316533
0.301548
0.287609
0.274626
0.262519
0.251214
0.240646
0.230753
0.221483
0.212786
0.204616
0.196934
0.189703
0.182888
0.176459
0.170388
0.164649
0.159219
0.154076
0.1492
0.144573
0.140178
0.136001
0.132027
0.128242
0.124635
0.121195
0.117912
0.114775
0.111776
0.108907
0.10616
0.103528
0.101004
0.0985828
0.096258
0.0940245
0.091877
0.0898111
0.0878221
0.0859061
0.0840591
0.0822775
0.0805579
0.0788969
0.0772916
0.0757391
0.0742365
0.0727814
0.0713711
0.0700035
0.0686761
0.067387
0.0661341
0.0649154
0.0637292
0.0625736
0.061447
0.0603478
0.0592746
0.058226
0.0572008
0.0561978
0.055216
0.0542547
0.0533131
0.052391
0.0514882
0.0506049
0.0497416
0.0488995
0.0480802
0.047286
0.0465203
0.0457874
0.0450933
0.0444458
0.043855
0.0433346
0.0429024
0.0425819
0.0424032
0.961692
0.892185
0.829085
0.771728
0.719523
0.671944
0.628523
0.588843
0.552531
0.519256
0.488722
0.460664
0.434846
0.411055
0.389103
0.36882
0.350053
0.332665
0.316534
0.301548
0.287609
0.274627
0.262519
0.251215
0.240646
0.230754
0.221484
0.212787
0.204617
0.196935
0.189704
0.182889
0.17646
0.170389
0.164651
0.15922
0.154077
0.149201
0.144574
0.14018
0.136003
0.132028
0.128244
0.124637
0.121197
0.117913
0.114777
0.111778
0.108909
0.106162
0.10353
0.101007
0.0985853
0.0962607
0.0940272
0.0918799
0.089814
0.0878252
0.0859093
0.0840625
0.082281
0.0805615
0.0789007
0.0772955
0.0757431
0.0742407
0.0727857
0.0713757
0.0700082
0.0686811
0.0673922
0.0661395
0.064921
0.063735
0.0625797
0.0614534
0.0603545
0.0592816
0.0582333
0.0572084
0.0562057
0.0552242
0.0542632
0.053322
0.0524002
0.0514977
0.0506147
0.0497517
0.0489099
0.0480908
0.0472968
0.0465312
0.0457984
0.0451044
0.0444569
0.0438661
0.0433456
0.0429134
0.0425927
0.042414
0.961692
0.892185
0.829085
0.771728
0.719523
0.671944
0.628523
0.588843
0.552531
0.519256
0.488722
0.460664
0.434846
0.411056
0.389104
0.36882
0.350053
0.332665
0.316534
0.301549
0.28761
0.274627
0.26252
0.251215
0.240647
0.230755
0.221485
0.212787
0.204618
0.196936
0.189705
0.18289
0.176462
0.170391
0.164652
0.159222
0.154079
0.149203
0.144576
0.140182
0.136004
0.13203
0.128246
0.124639
0.121199
0.117916
0.114779
0.11178
0.108911
0.106164
0.103533
0.101009
0.0985881
0.0962636
0.0940302
0.091883
0.0898173
0.0878286
0.0859128
0.0840661
0.0822848
0.0805654
0.0789047
0.0772998
0.0757475
0.0742453
0.0727905
0.0713806
0.0700134
0.0686865
0.0673978
0.0661453
0.0649271
0.0637414
0.0625863
0.0614603
0.0603617
0.0592891
0.0582411
0.0572166
0.0562142
0.0552331
0.0542725
0.0533316
0.0524102
0.051508
0.0506253
0.0497627
0.0489211
0.0481022
0.0473085
0.046543
0.0458104
0.0451164
0.0444689
0.0438781
0.0433576
0.0429252
0.0426044
0.0424256
0.961692
0.892185
0.829085
0.771728
0.719523
0.671944
0.628523
0.588843
0.552531
0.519257
0.488723
0.460665
0.434846
0.411056
0.389104
0.368821
0.350054
0.332666
0.316535
0.301549
0.28761
0.274628
0.262521
0.251216
0.240648
0.230756
0.221486
0.212788
0.204619
0.196938
0.189706
0.182892
0.176463
0.170392
0.164653
0.159223
0.15408
0.149204
0.144578
0.140183
0.136006
0.132032
0.128248
0.124641
0.121201
0.117918
0.114781
0.111783
0.108914
0.106167
0.103535
0.101012
0.0985911
0.0962667
0.0940334
0.0918864
0.0898207
0.0878322
0.0859165
0.08407
0.0822888
0.0805696
0.0789091
0.0773043
0.0757522
0.0742502
0.0727956
0.0713859
0.0700189
0.0686922
0.0674038
0.0661516
0.0649337
0.0637482
0.0625934
0.0614677
0.0603694
0.0592972
0.0582496
0.0572253
0.0562234
0.0552427
0.0542824
0.0533419
0.0524209
0.0515191
0.0506367
0.0497744
0.0489331
0.0481145
0.047321
0.0465557
0.0458232
0.0451293
0.0444818
0.043891
0.0433704
0.0429379
0.042617
0.0424381
0.961692
0.892185
0.829085
0.771728
0.719523
0.671944
0.628523
0.588843
0.552531
0.519257
0.488723
0.460665
0.434847
0.411056
0.389104
0.368821
0.350054
0.332666
0.316535
0.30155
0.287611
0.274629
0.262522
0.251217
0.240649
0.230757
0.221487
0.212789
0.20462
0.196939
0.189707
0.182893
0.176464
0.170393
0.164655
0.159225
0.154082
0.149206
0.144579
0.140185
0.136008
0.132034
0.12825
0.124643
0.121204
0.11792
0.114784
0.111785
0.108916
0.10617
0.103538
0.101015
0.0985942
0.09627
0.0940368
0.0918899
0.0898244
0.087836
0.0859205
0.0840741
0.0822931
0.080574
0.0789137
0.0773091
0.0757572
0.0742554
0.072801
0.0713916
0.0700247
0.0686983
0.0674101
0.0661582
0.0649406
0.0637554
0.0626009
0.0614755
0.0603776
0.0593057
0.0582585
0.0572346
0.056233
0.0552527
0.0542929
0.0533528
0.0524321
0.0515307
0.0506487
0.0497868
0.0489458
0.0481275
0.0473342
0.0465691
0.0458367
0.0451429
0.0444954
0.0439046
0.0433839
0.0429513
0.0426304
0.0424514
0.961692
0.892185
0.829085
0.771728
0.719523
0.671944
0.628523
0.588843
0.552532
0.519257
0.488723
0.460665
0.434847
0.411057
0.389105
0.368822
0.350055
0.332667
0.316536
0.301551
0.287612
0.274629
0.262522
0.251218
0.24065
0.230758
0.221488
0.21279
0.204621
0.19694
0.189709
0.182894
0.176466
0.170395
0.164656
0.159226
0.154083
0.149208
0.144581
0.140187
0.13601
0.132036
0.128252
0.124646
0.121206
0.117923
0.114786
0.111788
0.108919
0.106173
0.103541
0.101018
0.0985976
0.0962734
0.0940404
0.0918936
0.0898283
0.08784
0.0859247
0.0840784
0.0822976
0.0805787
0.0789186
0.0773141
0.0757625
0.0742608
0.0728067
0.0713975
0.0700309
0.0687047
0.0674168
0.0661651
0.0649478
0.0637629
0.0626088
0.0614838
0.0603862
0.0593147
0.0582678
0.0572444
0.0562432
0.0552633
0.0543038
0.0533642
0.0524439
0.0515429
0.0506613
0.0497997
0.0489591
0.048141
0.047348
0.0465831
0.0458509
0.0451572
0.0445097
0.0439188
0.0433981
0.0429655
0.0426444
0.0424653
0.961692
0.892185
0.829085
0.771728
0.719523
0.671944
0.628524
0.588843
0.552532
0.519257
0.488723
0.460665
0.434847
0.411057
0.389105
0.368822
0.350055
0.332667
0.316536
0.301551
0.287612
0.27463
0.262523
0.251219
0.24065
0.230758
0.221489
0.212792
0.204623
0.196941
0.18971
0.182896
0.176467
0.170396
0.164658
0.159228
0.154085
0.14921
0.144583
0.140189
0.136012
0.132038
0.128254
0.124648
0.121209
0.117925
0.114789
0.111791
0.108922
0.106176
0.103544
0.101022
0.098601
0.096277
0.0940441
0.0918975
0.0898323
0.0878442
0.085929
0.0840829
0.0823022
0.0805835
0.0789236
0.0773194
0.0757679
0.0742665
0.0728125
0.0714036
0.0700373
0.0687114
0.0674237
0.0661724
0.0649553
0.0637708
0.062617
0.0614923
0.0603951
0.059324
0.0582775
0.0572545
0.0562537
0.0552742
0.0543152
0.053376
0.0524562
0.0515556
0.0506744
0.0498131
0.0489728
0.0481551
0.0473623
0.0465977
0.0458656
0.045172
0.0445246
0.0439336
0.0434129
0.0429801
0.0426589
0.0424798
0.961692
0.892185
0.829085
0.771728
0.719523
0.671944
0.628524
0.588843
0.552532
0.519257
0.488723
0.460665
0.434847
0.411057
0.389105
0.368822
0.350055
0.332668
0.316537
0.301552
0.287613
0.274631
0.262524
0.251219
0.240651
0.230759
0.22149
0.212793
0.204624
0.196942
0.189711
0.182897
0.176469
0.170398
0.16466
0.15923
0.154087
0.149211
0.144585
0.140191
0.136014
0.132041
0.128257
0.124651
0.121211
0.117928
0.114792
0.111794
0.108925
0.106179
0.103548
0.101025
0.0986045
0.0962806
0.0940479
0.0919014
0.0898364
0.0878484
0.0859335
0.0840875
0.082307
0.0805885
0.0789288
0.0773248
0.0757735
0.0742723
0.0728186
0.0714099
0.0700439
0.0687182
0.0674309
0.0661798
0.0649631
0.0637789
0.0626255
0.0615011
0.0604043
0.0593336
0.0582875
0.0572649
0.0562646
0.0552855
0.054327
0.0533882
0.0524688
0.0515686
0.0506878
0.049827
0.048987
0.0481696
0.0473771
0.0466127
0.0458808
0.0451872
0.0445399
0.043949
0.0434281
0.0429953
0.042674
0.0424947
0.961692
0.892185
0.829085
0.771728
0.719523
0.671944
0.628524
0.588843
0.552532
0.519257
0.488723
0.460666
0.434847
0.411057
0.389106
0.368823
0.350056
0.332668
0.316537
0.301552
0.287614
0.274631
0.262525
0.25122
0.240652
0.23076
0.221491
0.212794
0.204625
0.196944
0.189713
0.182898
0.17647
0.1704
0.164661
0.159231
0.154089
0.149213
0.144587
0.140193
0.136017
0.132043
0.128259
0.124653
0.121214
0.117931
0.114795
0.111797
0.108928
0.106182
0.103551
0.101028
0.0986082
0.0962844
0.0940519
0.0919055
0.0898406
0.0878528
0.085938
0.0840923
0.082312
0.0805937
0.0789341
0.0773303
0.0757793
0.0742783
0.0728249
0.0714164
0.0700506
0.0687253
0.0674382
0.0661875
0.0649711
0.0637872
0.0626341
0.0615101
0.0604137
0.0593434
0.0582977
0.0572756
0.0562757
0.0552971
0.054339
0.0534007
0.0524817
0.051582
0.0507016
0.0498412
0.0490016
0.0481845
0.0473923
0.0466281
0.0458963
0.0452029
0.0445556
0.0439647
0.0434437
0.0430108
0.0426894
0.0425101
0.961692
0.892185
0.829085
0.771728
0.719523
0.671944
0.628524
0.588843
0.552532
0.519257
0.488723
0.460666
0.434848
0.411058
0.389106
0.368823
0.350056
0.332669
0.316538
0.301553
0.287614
0.274632
0.262525
0.251221
0.240653
0.230761
0.221492
0.212795
0.204626
0.196945
0.189714
0.1829
0.176472
0.170401
0.164663
0.159233
0.154091
0.149215
0.144589
0.140196
0.136019
0.132045
0.128262
0.124656
0.121216
0.117934
0.114798
0.1118
0.108931
0.106185
0.103555
0.101032
0.0986119
0.0962883
0.0940559
0.0919097
0.089845
0.0878573
0.0859427
0.0840971
0.082317
0.0805989
0.0789396
0.077336
0.0757852
0.0742845
0.0728312
0.071423
0.0700575
0.0687324
0.0674457
0.0661953
0.0649792
0.0637957
0.0626429
0.0615194
0.0604233
0.0593534
0.0583082
0.0572864
0.056287
0.0553089
0.0543512
0.0534133
0.0524949
0.0515956
0.0507157
0.0498556
0.0490164
0.0481997
0.0474077
0.0466438
0.0459122
0.0452189
0.0445716
0.0439807
0.0434597
0.0430267
0.0427052
0.0425257
0.961692
0.892185
0.829085
0.771728
0.719523
0.671944
0.628524
0.588843
0.552532
0.519257
0.488723
0.460666
0.434848
0.411058
0.389106
0.368823
0.350056
0.332669
0.316538
0.301553
0.287615
0.274633
0.262526
0.251222
0.240654
0.230762
0.221493
0.212796
0.204627
0.196946
0.189715
0.182901
0.176473
0.170403
0.164665
0.159235
0.154092
0.149217
0.144591
0.140198
0.136021
0.132048
0.128264
0.124658
0.121219
0.117936
0.114801
0.111803
0.108935
0.106189
0.103558
0.101036
0.0986156
0.0962922
0.0940599
0.0919139
0.0898493
0.0878619
0.0859474
0.084102
0.0823221
0.0806042
0.0789451
0.0773417
0.0757911
0.0742907
0.0728377
0.0714297
0.0700645
0.0687397
0.0674533
0.0662032
0.0649874
0.0638043
0.0626519
0.0615287
0.0604331
0.0593635
0.0583187
0.0572974
0.0562984
0.0553208
0.0543636
0.0534262
0.0525082
0.0516094
0.0507299
0.0498702
0.0490314
0.048215
0.0474234
0.0466597
0.0459283
0.0452351
0.0445879
0.0439969
0.0434759
0.0430428
0.0427212
0.0425416
0.961692
0.892185
0.829085
0.771728
0.719523
0.671944
0.628524
0.588843
0.552532
0.519257
0.488724
0.460666
0.434848
0.411058
0.389106
0.368824
0.350057
0.33267
0.316539
0.301554
0.287615
0.274633
0.262527
0.251223
0.240655
0.230763
0.221494
0.212797
0.204628
0.196947
0.189717
0.182903
0.176475
0.170404
0.164666
0.159237
0.154094
0.149219
0.144593
0.1402
0.136023
0.13205
0.128267
0.124661
0.121222
0.117939
0.114804
0.111806
0.108938
0.106192
0.103561
0.101039
0.0986194
0.0962961
0.094064
0.0919181
0.0898538
0.0878665
0.0859522
0.084107
0.0823273
0.0806096
0.0789507
0.0773475
0.0757971
0.0742969
0.0728442
0.0714365
0.0700716
0.0687471
0.0674609
0.0662111
0.0649957
0.0638129
0.0626609
0.0615381
0.0604429
0.0593738
0.0583294
0.0573085
0.05631
0.0553328
0.0543761
0.0534392
0.0525216
0.0516233
0.0507442
0.049885
0.0490466
0.0482305
0.0474392
0.0466757
0.0459445
0.0452515
0.0446043
0.0440134
0.0434923
0.0430591
0.0427373
0.0425577
0.961692
0.892185
0.829085
0.771728
0.719523
0.671944
0.628524
0.588843
0.552532
0.519257
0.488724
0.460666
0.434848
0.411058
0.389107
0.368824
0.350057
0.33267
0.316539
0.301554
0.287616
0.274634
0.262528
0.251224
0.240656
0.230764
0.221495
0.212798
0.20463
0.196949
0.189718
0.182904
0.176476
0.170406
0.164668
0.159239
0.154096
0.149221
0.144595
0.140202
0.136026
0.132052
0.128269
0.124663
0.121225
0.117942
0.114806
0.111809
0.108941
0.106196
0.103565
0.101043
0.0986232
0.0963
0.0940681
0.0919224
0.0898582
0.0878711
0.085957
0.084112
0.0823325
0.080615
0.0789563
0.0773533
0.0758032
0.0743032
0.0728507
0.0714433
0.0700786
0.0687544
0.0674686
0.0662191
0.0650041
0.0638216
0.06267
0.0615475
0.0604527
0.059384
0.0583401
0.0573197
0.0563216
0.0553449
0.0543886
0.0534522
0.0525351
0.0516372
0.0507586
0.0498998
0.0490618
0.0482461
0.047455
0.0466918
0.0459608
0.0452679
0.0446208
0.0440299
0.0435088
0.0430754
0.0427536
0.0425739
0.961692
0.892185
0.829085
0.771728
0.719523
0.671944
0.628524
0.588843
0.552532
0.519257
0.488724
0.460666
0.434848
0.411058
0.389107
0.368824
0.350058
0.33267
0.31654
0.301555
0.287617
0.274635
0.262528
0.251224
0.240657
0.230765
0.221496
0.212799
0.204631
0.19695
0.189719
0.182905
0.176478
0.170407
0.16467
0.15924
0.154098
0.149223
0.144597
0.140204
0.136028
0.132055
0.128272
0.124666
0.121227
0.117945
0.114809
0.111812
0.108944
0.106199
0.103568
0.101047
0.098627
0.096304
0.0940722
0.0919267
0.0898626
0.0878757
0.0859618
0.084117
0.0823376
0.0806203
0.0789619
0.0773591
0.0758092
0.0743095
0.0728573
0.0714501
0.0700857
0.0687618
0.0674763
0.0662271
0.0650124
0.0638303
0.062679
0.061557
0.0604626
0.0593943
0.0583508
0.0573308
0.0563332
0.0553569
0.0544012
0.0534652
0.0525486
0.0516512
0.050773
0.0499146
0.049077
0.0482616
0.0474709
0.046708
0.0459772
0.0452844
0.0446374
0.0440464
0.0435253
0.0430919
0.0427699
0.0425901
0.961692
0.892185
0.829085
0.771728
0.719523
0.671944
0.628524
0.588843
0.552532
0.519257
0.488724
0.460666
0.434848
0.411059
0.389107
0.368824
0.350058
0.332671
0.31654
0.301555
0.287617
0.274635
0.262529
0.251225
0.240657
0.230766
0.221497
0.2128
0.204632
0.196951
0.189721
0.182907
0.176479
0.170409
0.164671
0.159242
0.1541
0.149225
0.1446
0.140206
0.13603
0.132057
0.128274
0.124669
0.12123
0.117948
0.114812
0.111815
0.108948
0.106202
0.103572
0.10105
0.0986308
0.0963079
0.0940763
0.0919309
0.089867
0.0878803
0.0859665
0.0841219
0.0823428
0.0806257
0.0789674
0.0773649
0.0758153
0.0743158
0.0728638
0.0714569
0.0700928
0.0687692
0.0674839
0.0662351
0.0650207
0.063839
0.0626881
0.0615664
0.0604724
0.0594045
0.0583615
0.0573419
0.0563448
0.055369
0.0544137
0.0534782
0.052562
0.051665
0.0507873
0.0499294
0.0490921
0.0482772
0.0474867
0.0467241
0.0459935
0.0453008
0.0446539
0.044063
0.0435417
0.0431082
0.0427862
0.0426063
0.961692
0.892185
0.829085
0.771728
0.719523
0.671944
0.628524
0.588843
0.552532
0.519258
0.488724
0.460666
0.434849
0.411059
0.389107
0.368825
0.350058
0.332671
0.316541
0.301556
0.287618
0.274636
0.26253
0.251226
0.240658
0.230767
0.221498
0.212801
0.204633
0.196952
0.189722
0.182908
0.17648
0.170411
0.164673
0.159244
0.154102
0.149227
0.144602
0.140209
0.136033
0.13206
0.128276
0.124671
0.121233
0.117951
0.114815
0.111818
0.108951
0.106206
0.103575
0.101054
0.0986345
0.0963118
0.0940804
0.0919351
0.0898714
0.0878849
0.0859713
0.0841269
0.0823479
0.080631
0.078973
0.0773707
0.0758212
0.074322
0.0728703
0.0714637
0.0700998
0.0687765
0.0674916
0.066243
0.065029
0.0638476
0.062697
0.0615757
0.0604821
0.0594147
0.058372
0.057353
0.0563562
0.0553809
0.0544261
0.053491
0.0525754
0.0516788
0.0508016
0.049944
0.0491072
0.0482926
0.0475025
0.04674
0.0460097
0.0453171
0.0446703
0.0440794
0.0435581
0.0431245
0.0428024
0.0426224
0.961692
0.892185
0.829085
0.771728
0.719523
0.671944
0.628524
0.588843
0.552532
0.519258
0.488724
0.460667
0.434849
0.411059
0.389108
0.368825
0.350058
0.332671
0.316541
0.301556
0.287618
0.274636
0.26253
0.251226
0.240659
0.230768
0.221499
0.212802
0.204634
0.196953
0.189723
0.18291
0.176482
0.170412
0.164674
0.159245
0.154104
0.149229
0.144604
0.140211
0.136035
0.132062
0.128279
0.124674
0.121235
0.117953
0.114818
0.111821
0.108954
0.106209
0.103579
0.101057
0.0986382
0.0963157
0.0940844
0.0919393
0.0898758
0.0878894
0.085976
0.0841317
0.082353
0.0806363
0.0789784
0.0773764
0.0758272
0.0743281
0.0728767
0.0714703
0.0701067
0.0687837
0.0674991
0.0662509
0.0650371
0.0638561
0.0627059
0.061585
0.0604917
0.0594247
0.0583825
0.0573638
0.0563676
0.0553927
0.0544383
0.0535038
0.0525886
0.0516925
0.0508156
0.0499585
0.0491221
0.0483078
0.047518
0.0467559
0.0460257
0.0453333
0.0446865
0.0440957
0.0435743
0.0431407
0.0428184
0.0426383
0.961692
0.892185
0.829085
0.771728
0.719523
0.671944
0.628524
0.588843
0.552532
0.519258
0.488724
0.460667
0.434849
0.411059
0.389108
0.368825
0.350059
0.332672
0.316541
0.301557
0.287619
0.274637
0.262531
0.251227
0.24066
0.230769
0.2215
0.212803
0.204635
0.196955
0.189724
0.182911
0.176483
0.170414
0.164676
0.159247
0.154105
0.149231
0.144606
0.140213
0.136037
0.132064
0.128281
0.124676
0.121238
0.117956
0.114821
0.111824
0.108957
0.106212
0.103582
0.101061
0.0986419
0.0963195
0.0940883
0.0919434
0.08988
0.0878938
0.0859806
0.0841365
0.082358
0.0806415
0.0789838
0.077382
0.075833
0.0743342
0.072883
0.0714769
0.0701136
0.0687908
0.0675065
0.0662586
0.0650452
0.0638645
0.0627146
0.0615941
0.0605012
0.0594346
0.0583928
0.0573746
0.0563788
0.0554043
0.0544504
0.0535163
0.0526016
0.0517059
0.0508295
0.0499728
0.0491368
0.0483229
0.0475334
0.0467715
0.0460415
0.0453493
0.0447026
0.0441117
0.0435904
0.0431566
0.0428342
0.0426541
0.961692
0.892185
0.829085
0.771728
0.719523
0.671944
0.628524
0.588843
0.552532
0.519258
0.488724
0.460667
0.434849
0.411059
0.389108
0.368825
0.350059
0.332672
0.316542
0.301557
0.287619
0.274638
0.262532
0.251228
0.24066
0.230769
0.2215
0.212804
0.204636
0.196956
0.189726
0.182912
0.176485
0.170415
0.164678
0.159249
0.154107
0.149233
0.144607
0.140215
0.136039
0.132066
0.128284
0.124679
0.121241
0.117959
0.114824
0.111827
0.10896
0.106215
0.103586
0.101064
0.0986455
0.0963232
0.0940922
0.0919475
0.0898842
0.0878982
0.0859851
0.0841413
0.0823629
0.0806466
0.0789891
0.0773875
0.0758387
0.0743402
0.0728892
0.0714833
0.0701203
0.0687978
0.0675138
0.0662662
0.0650531
0.0638727
0.0627232
0.061603
0.0605106
0.0594443
0.0584029
0.0573851
0.0563898
0.0554158
0.0544623
0.0535286
0.0526143
0.0517191
0.0508432
0.0499869
0.0491512
0.0483377
0.0475485
0.0467869
0.0460571
0.045365
0.0447184
0.0441276
0.0436062
0.0431723
0.0428498
0.0426696
0.961692
0.892185
0.829085
0.771728
0.719523
0.671944
0.628524
0.588843
0.552532
0.519258
0.488724
0.460667
0.434849
0.411059
0.389108
0.368826
0.350059
0.332672
0.316542
0.301558
0.28762
0.274638
0.262532
0.251229
0.240661
0.23077
0.221501
0.212805
0.204637
0.196957
0.189727
0.182913
0.176486
0.170416
0.164679
0.15925
0.154109
0.149234
0.144609
0.140217
0.136041
0.132069
0.128286
0.124681
0.121243
0.117961
0.114827
0.11183
0.108963
0.106218
0.103589
0.101068
0.098649
0.0963269
0.094096
0.0919514
0.0898884
0.0879025
0.0859896
0.0841459
0.0823677
0.0806516
0.0789943
0.0773929
0.0758443
0.074346
0.0728953
0.0714897
0.0701269
0.0688046
0.0675209
0.0662736
0.0650608
0.0638808
0.0627316
0.0616118
0.0605197
0.0594539
0.0584129
0.0573955
0.0564005
0.0554269
0.0544739
0.0535407
0.0526268
0.0517321
0.0508566
0.0500007
0.0491654
0.0483522
0.0475633
0.0468019
0.0460724
0.0453804
0.0447339
0.0441431
0.0436217
0.0431878
0.0428652
0.0426848
0.961692
0.892185
0.829085
0.771728
0.719523
0.671944
0.628524
0.588843
0.552532
0.519258
0.488724
0.460667
0.434849
0.41106
0.389108
0.368826
0.35006
0.332673
0.316542
0.301558
0.28762
0.274639
0.262533
0.251229
0.240662
0.230771
0.221502
0.212806
0.204638
0.196958
0.189728
0.182915
0.176487
0.170418
0.164681
0.159252
0.15411
0.149236
0.144611
0.140219
0.136043
0.132071
0.128288
0.124683
0.121245
0.117964
0.114829
0.111833
0.108966
0.106221
0.103592
0.101071
0.0986524
0.0963304
0.0940997
0.0919553
0.0898924
0.0879066
0.0859939
0.0841504
0.0823724
0.0806564
0.0789994
0.0773981
0.0758498
0.0743517
0.0729012
0.0714958
0.0701333
0.0688113
0.0675279
0.0662809
0.0650684
0.0638886
0.0627398
0.0616204
0.0605286
0.0594631
0.0584225
0.0574056
0.056411
0.0554379
0.0544853
0.0535525
0.0526391
0.0517447
0.0508696
0.0500141
0.0491792
0.0483663
0.0475778
0.0468167
0.0460873
0.0453955
0.0447491
0.0441583
0.0436368
0.0432028
0.0428801
0.0426997
0.961692
0.892185
0.829085
0.771728
0.719523
0.671944
0.628524
0.588843
0.552532
0.519258
0.488724
0.460667
0.434849
0.41106
0.389109
0.368826
0.35006
0.332673
0.316543
0.301558
0.28762
0.274639
0.262533
0.25123
0.240663
0.230772
0.221503
0.212807
0.204639
0.196959
0.189729
0.182916
0.176489
0.170419
0.164682
0.159253
0.154112
0.149238
0.144613
0.14022
0.136045
0.132073
0.12829
0.124686
0.121248
0.117966
0.114832
0.111835
0.108969
0.106224
0.103595
0.101074
0.0986557
0.0963339
0.0941033
0.091959
0.0898963
0.0879107
0.0859981
0.0841548
0.0823769
0.0806612
0.0790043
0.0774033
0.0758552
0.0743572
0.072907
0.0715018
0.0701395
0.0688178
0.0675346
0.0662879
0.0650757
0.0638963
0.0627478
0.0616287
0.0605373
0.0594722
0.058432
0.0574154
0.0564212
0.0554485
0.0544963
0.053564
0.0526509
0.051757
0.0508823
0.0500272
0.0491927
0.0483801
0.0475919
0.046831
0.0461018
0.0454102
0.0447638
0.0441731
0.0436516
0.0432175
0.0428948
0.0427142
0.961692
0.892185
0.829085
0.771728
0.719523
0.671944
0.628524
0.588843
0.552532
0.519258
0.488724
0.460667
0.434849
0.41106
0.389109
0.368826
0.35006
0.332673
0.316543
0.301559
0.287621
0.27464
0.262534
0.25123
0.240663
0.230772
0.221504
0.212808
0.20464
0.19696
0.18973
0.182917
0.17649
0.17042
0.164683
0.159255
0.154113
0.149239
0.144615
0.140222
0.136047
0.132075
0.128292
0.124688
0.12125
0.117969
0.114834
0.111838
0.108971
0.106227
0.103598
0.101077
0.0986589
0.0963372
0.0941068
0.0919626
0.0899
0.0879146
0.0860022
0.084159
0.0823813
0.0806658
0.0790091
0.0774082
0.0758603
0.0743626
0.0729125
0.0715076
0.0701456
0.0688241
0.0675412
0.0662947
0.0650829
0.0639037
0.0627556
0.0616367
0.0605457
0.0594809
0.0584411
0.0574249
0.0564311
0.0554588
0.054507
0.0535751
0.0526625
0.051769
0.0508946
0.0500399
0.0492057
0.0483935
0.0476056
0.0468449
0.046116
0.0454245
0.0447782
0.0441874
0.0436659
0.0432318
0.0429089
0.0427283
0.961692
0.892185
0.829085
0.771728
0.719523
0.671944
0.628524
0.588843
0.552532
0.519258
0.488724
0.460667
0.434849
0.41106
0.389109
0.368826
0.35006
0.332674
0.316543
0.301559
0.287621
0.27464
0.262534
0.251231
0.240664
0.230773
0.221504
0.212809
0.204641
0.196961
0.189731
0.182918
0.176491
0.170422
0.164685
0.159256
0.154115
0.149241
0.144616
0.140224
0.136049
0.132077
0.128294
0.12469
0.121252
0.117971
0.114837
0.111841
0.108974
0.10623
0.103601
0.10108
0.098662
0.0963405
0.0941102
0.0919662
0.0899037
0.0879184
0.0860062
0.0841631
0.0823856
0.0806702
0.0790137
0.077413
0.0758653
0.0743678
0.0729179
0.0715133
0.0701514
0.0688302
0.0675475
0.0663013
0.0650897
0.0639109
0.062763
0.0616445
0.0605538
0.0594894
0.0584499
0.0574341
0.0564407
0.0554688
0.0545174
0.0535858
0.0526736
0.0517805
0.0509066
0.0500522
0.0492184
0.0484065
0.0476188
0.0468584
0.0461296
0.0454383
0.0447921
0.0442014
0.0436798
0.0432457
0.0429227
0.042742
0.961692
0.892185
0.829085
0.771728
0.719523
0.671944
0.628523
0.588843
0.552532
0.519258
0.488724
0.460667
0.43485
0.41106
0.389109
0.368827
0.35006
0.332674
0.316544
0.30156
0.287622
0.27464
0.262535
0.251231
0.240664
0.230774
0.221505
0.212809
0.204642
0.196962
0.189732
0.182919
0.176492
0.170423
0.164686
0.159258
0.154116
0.149243
0.144618
0.140226
0.136051
0.132078
0.128296
0.124692
0.121254
0.117973
0.114839
0.111843
0.108977
0.106233
0.103604
0.101083
0.098665
0.0963436
0.0941134
0.0919695
0.0899072
0.0879221
0.08601
0.0841671
0.0823897
0.0806745
0.0790181
0.0774176
0.0758701
0.0743728
0.0729231
0.0715187
0.0701571
0.0688361
0.0675536
0.0663077
0.0650964
0.0639178
0.0627702
0.061652
0.0605616
0.0594976
0.0584584
0.0574429
0.0564499
0.0554783
0.0545273
0.0535962
0.0526844
0.0517916
0.050918
0.0500641
0.0492305
0.048419
0.0476315
0.0468714
0.0461428
0.0454516
0.0448055
0.0442148
0.0436932
0.043259
0.0429359
0.0427552
0.961692
0.892185
0.829085
0.771728
0.719523
0.671944
0.628523
0.588843
0.552532
0.519258
0.488724
0.460667
0.43485
0.41106
0.389109
0.368827
0.350061
0.332674
0.316544
0.30156
0.287622
0.274641
0.262535
0.251232
0.240665
0.230774
0.221506
0.21281
0.204643
0.196962
0.189733
0.18292
0.176493
0.170424
0.164687
0.159259
0.154118
0.149244
0.144619
0.140227
0.136052
0.13208
0.128298
0.124694
0.121256
0.117975
0.114841
0.111845
0.108979
0.106235
0.103606
0.101086
0.0986679
0.0963466
0.0941165
0.0919728
0.0899106
0.0879256
0.0860136
0.0841708
0.0823936
0.0806786
0.0790224
0.0774221
0.0758747
0.0743776
0.0729281
0.0715239
0.0701625
0.0688417
0.0675595
0.0663138
0.0651027
0.0639244
0.0627771
0.0616592
0.0605691
0.0595054
0.0584666
0.0574514
0.0564587
0.0554875
0.0545369
0.0536061
0.0526947
0.0518023
0.0509291
0.0500754
0.0492422
0.0484309
0.0476438
0.0468839
0.0461555
0.0454644
0.0448184
0.0442277
0.0437061
0.0432718
0.0429487
0.0427679
0.961692
0.892185
0.829085
0.771728
0.719523
0.671944
0.628523
0.588843
0.552532
0.519258
0.488724
0.460667
0.43485
0.41106
0.389109
0.368827
0.350061
0.332674
0.316544
0.30156
0.287622
0.274641
0.262536
0.251232
0.240665
0.230775
0.221506
0.212811
0.204643
0.196963
0.189734
0.182921
0.176494
0.170425
0.164688
0.15926
0.154119
0.149245
0.144621
0.140229
0.136054
0.132082
0.1283
0.124696
0.121258
0.117977
0.114843
0.111847
0.108981
0.106237
0.103609
0.101088
0.0986706
0.0963494
0.0941195
0.0919758
0.0899138
0.0879289
0.0860171
0.0841745
0.0823974
0.0806825
0.0790265
0.0774263
0.0758791
0.0743822
0.0729329
0.0715288
0.0701676
0.0688471
0.0675651
0.0663196
0.0651088
0.0639307
0.0627837
0.0616661
0.0605763
0.0595128
0.0584743
0.0574595
0.0564672
0.0554963
0.054546
0.0536156
0.0527045
0.0518125
0.0509396
0.0500863
0.0492534
0.0484424
0.0476555
0.0468958
0.0461676
0.0454766
0.0448307
0.0442401
0.0437185
0.0432841
0.0429609
0.04278
0.961692
0.892185
0.829085
0.771728
0.719523
0.671944
0.628523
0.588843
0.552532
0.519258
0.488724
0.460667
0.43485
0.41106
0.389109
0.368827
0.350061
0.332674
0.316544
0.30156
0.287623
0.274642
0.262536
0.251233
0.240666
0.230775
0.221507
0.212811
0.204644
0.196964
0.189735
0.182922
0.176495
0.170426
0.164689
0.159261
0.15412
0.149247
0.144622
0.14023
0.136055
0.132083
0.128302
0.124698
0.12126
0.117979
0.114845
0.11185
0.108984
0.10624
0.103611
0.101091
0.0986732
0.0963521
0.0941223
0.0919788
0.0899168
0.0879321
0.0860204
0.0841779
0.082401
0.0806862
0.0790303
0.0774303
0.0758833
0.0743865
0.0729374
0.0715335
0.0701725
0.0688522
0.0675704
0.0663252
0.0651145
0.0639367
0.06279
0.0616726
0.0605831
0.0595199
0.0584817
0.0574672
0.0564752
0.0555047
0.0545547
0.0536246
0.0527139
0.0518222
0.0509496
0.0500966
0.049264
0.0484533
0.0476667
0.0469072
0.0461791
0.0454883
0.0448424
0.0442518
0.0437302
0.0432958
0.0429725
0.0427915
0.961692
0.892185
0.829085
0.771728
0.719523
0.671944
0.628523
0.588843
0.552532
0.519258
0.488725
0.460667
0.43485
0.41106
0.389109
0.368827
0.350061
0.332675
0.316545
0.301561
0.287623
0.274642
0.262536
0.251233
0.240666
0.230776
0.221508
0.212812
0.204645
0.196965
0.189735
0.182923
0.176496
0.170427
0.16469
0.159262
0.154121
0.149248
0.144623
0.140231
0.136057
0.132085
0.128303
0.124699
0.121262
0.117981
0.114847
0.111852
0.108986
0.106242
0.103613
0.101093
0.0986757
0.0963547
0.094125
0.0919816
0.0899197
0.0879351
0.0860235
0.0841811
0.0824044
0.0806897
0.079034
0.0774341
0.0758872
0.0743906
0.0729417
0.071538
0.0701771
0.068857
0.0675754
0.0663304
0.06512
0.0639424
0.0627959
0.0616788
0.0605895
0.0595267
0.0584887
0.0574745
0.0564828
0.0555126
0.0545629
0.0536332
0.0527227
0.0518314
0.0509591
0.0501064
0.0492741
0.0484637
0.0476772
0.046918
0.0461901
0.0454994
0.0448536
0.044263
0.0437414
0.0433069
0.0429836
0.0428025
0.961692
0.892185
0.829085
0.771728
0.719523
0.671944
0.628523
0.588843
0.552532
0.519258
0.488725
0.460667
0.43485
0.411061
0.38911
0.368827
0.350061
0.332675
0.316545
0.301561
0.287623
0.274642
0.262537
0.251234
0.240667
0.230776
0.221508
0.212813
0.204645
0.196965
0.189736
0.182923
0.176497
0.170428
0.164691
0.159263
0.154122
0.149249
0.144625
0.140233
0.136058
0.132086
0.128305
0.124701
0.121264
0.117983
0.114849
0.111853
0.108988
0.106244
0.103615
0.101096
0.098678
0.0963571
0.0941275
0.0919842
0.0899224
0.0879379
0.0860264
0.0841842
0.0824075
0.080693
0.0790374
0.0774377
0.075891
0.0743945
0.0729457
0.0715422
0.0701815
0.0688615
0.0675802
0.0663353
0.0651251
0.0639478
0.0628015
0.0616846
0.0605956
0.059533
0.0584953
0.0574814
0.05649
0.05552
0.0545707
0.0536412
0.0527311
0.05184
0.0509681
0.0501156
0.0492836
0.0484734
0.0476872
0.0469281
0.0462004
0.0455098
0.0448641
0.0442735
0.0437519
0.0433174
0.042994
0.0428129
0.961692
0.892185
0.829085
0.771728
0.719523
0.671944
0.628523
0.588843
0.552532
0.519258
0.488725
0.460667
0.43485
0.411061
0.38911
0.368827
0.350062
0.332675
0.316545
0.301561
0.287624
0.274643
0.262537
0.251234
0.240667
0.230777
0.221509
0.212813
0.204646
0.196966
0.189737
0.182924
0.176497
0.170429
0.164692
0.159264
0.154123
0.14925
0.144626
0.140234
0.136059
0.132088
0.128306
0.124702
0.121265
0.117985
0.114851
0.111855
0.108989
0.106246
0.103617
0.101098
0.0986802
0.0963593
0.0941298
0.0919866
0.089925
0.0879405
0.0860292
0.0841871
0.0824105
0.0806961
0.0790406
0.077441
0.0758944
0.0743981
0.0729495
0.0715461
0.0701856
0.0688658
0.0675846
0.0663399
0.0651299
0.0639528
0.0628067
0.0616901
0.0606013
0.0595389
0.0585015
0.0574878
0.0564967
0.055527
0.054578
0.0536488
0.0527389
0.0518481
0.0509765
0.0501243
0.0492925
0.0484825
0.0476966
0.0469376
0.0462101
0.0455196
0.0448739
0.0442834
0.0437618
0.0433272
0.0430037
0.0428226
0.961692
0.892185
0.829085
0.771728
0.719523
0.671944
0.628523
0.588843
0.552532
0.519258
0.488725
0.460667
0.43485
0.411061
0.38911
0.368828
0.350062
0.332675
0.316545
0.301561
0.287624
0.274643
0.262537
0.251234
0.240668
0.230777
0.221509
0.212814
0.204646
0.196967
0.189737
0.182925
0.176498
0.17043
0.164693
0.159265
0.154124
0.149251
0.144627
0.140235
0.13606
0.132089
0.128307
0.124704
0.121267
0.117986
0.114852
0.111857
0.108991
0.106248
0.103619
0.1011
0.0986822
0.0963614
0.094132
0.0919889
0.0899273
0.087943
0.0860317
0.0841897
0.0824133
0.080699
0.0790436
0.0774441
0.0758977
0.0744015
0.072953
0.0715497
0.0701894
0.0688697
0.0675887
0.0663442
0.0651344
0.0639574
0.0628116
0.0616951
0.0606066
0.0595444
0.0585072
0.0574938
0.0565029
0.0555335
0.0545847
0.0536558
0.0527462
0.0518557
0.0509843
0.0501324
0.0493008
0.0484911
0.0477053
0.0469465
0.0462191
0.0455287
0.0448831
0.0442926
0.043771
0.0433364
0.0430128
0.0428316
0.961692
0.892185
0.829085
0.771728
0.719523
0.671944
0.628523
0.588843
0.552532
0.519258
0.488725
0.460668
0.43485
0.411061
0.38911
0.368828
0.350062
0.332675
0.316545
0.301562
0.287624
0.274643
0.262538
0.251235
0.240668
0.230778
0.221509
0.212814
0.204647
0.196967
0.189738
0.182925
0.176499
0.17043
0.164694
0.159266
0.154125
0.149252
0.144628
0.140236
0.136062
0.13209
0.128308
0.124705
0.121268
0.117987
0.114854
0.111858
0.108993
0.106249
0.103621
0.101101
0.098684
0.0963634
0.094134
0.091991
0.0899295
0.0879453
0.0860341
0.0841922
0.0824158
0.0807016
0.0790464
0.077447
0.0759007
0.0744046
0.0729562
0.0715531
0.0701929
0.0688734
0.0675925
0.0663482
0.0651385
0.0639617
0.0628161
0.0616998
0.0606115
0.0595495
0.0585125
0.0574993
0.0565087
0.0555395
0.0545909
0.0536623
0.0527529
0.0518626
0.0509915
0.0501398
0.0493085
0.0484989
0.0477133
0.0469547
0.0462274
0.0455371
0.0448916
0.0443011
0.0437795
0.0433449
0.0430213
0.04284
0.961692
0.892185
0.829085
0.771728
0.719523
0.671944
0.628523
0.588843
0.552532
0.519258
0.488725
0.460668
0.43485
0.411061
0.38911
0.368828
0.350062
0.332675
0.316546
0.301562
0.287624
0.274643
0.262538
0.251235
0.240668
0.230778
0.22151
0.212815
0.204647
0.196968
0.189738
0.182926
0.176499
0.170431
0.164694
0.159267
0.154126
0.149253
0.144629
0.140237
0.136063
0.132091
0.12831
0.124706
0.121269
0.117989
0.114855
0.11186
0.108994
0.106251
0.103623
0.101103
0.0986857
0.0963651
0.0941359
0.0919929
0.0899315
0.0879473
0.0860362
0.0841944
0.0824181
0.0807041
0.0790489
0.0774496
0.0759034
0.0744074
0.0729592
0.0715562
0.0701961
0.0688767
0.067596
0.0663518
0.0651423
0.0639657
0.0628202
0.0617041
0.0606159
0.0595541
0.0585174
0.0575044
0.0565139
0.055545
0.0545966
0.0536682
0.0527591
0.051869
0.0509981
0.0501466
0.0493155
0.0485061
0.0477207
0.0469623
0.0462351
0.0455449
0.0448994
0.044309
0.0437873
0.0433526
0.043029
0.0428477
0.961692
0.892185
0.829085
0.771728
0.719523
0.671944
0.628523
0.588843
0.552532
0.519258
0.488725
0.460668
0.43485
0.411061
0.38911
0.368828
0.350062
0.332676
0.316546
0.301562
0.287624
0.274643
0.262538
0.251235
0.240669
0.230778
0.22151
0.212815
0.204648
0.196968
0.189739
0.182926
0.1765
0.170431
0.164695
0.159267
0.154127
0.149253
0.144629
0.140238
0.136063
0.132092
0.12831
0.124707
0.12127
0.11799
0.114856
0.111861
0.108995
0.106252
0.103624
0.101104
0.0986872
0.0963667
0.0941375
0.0919946
0.0899333
0.0879492
0.0860382
0.0841964
0.0824203
0.0807062
0.0790512
0.077452
0.0759059
0.07441
0.0729618
0.0715589
0.070199
0.0688797
0.0675991
0.0663551
0.0651457
0.0639692
0.0628239
0.061708
0.0606199
0.0595583
0.0585218
0.057509
0.0565187
0.05555
0.0546018
0.0536736
0.0527647
0.0518748
0.0510041
0.0501528
0.0493219
0.0485127
0.0477274
0.0469691
0.046242
0.0455519
0.0449065
0.0443161
0.0437944
0.0433597
0.043036
0.0428547
0.961692
0.892185
0.829085
0.771728
0.719523
0.671944
0.628523
0.588843
0.552532
0.519258
0.488725
0.460668
0.43485
0.411061
0.38911
0.368828
0.350062
0.332676
0.316546
0.301562
0.287625
0.274644
0.262538
0.251235
0.240669
0.230779
0.221511
0.212815
0.204648
0.196969
0.189739
0.182927
0.176501
0.170432
0.164696
0.159268
0.154127
0.149254
0.14463
0.140239
0.136064
0.132093
0.128311
0.124708
0.121271
0.117991
0.114857
0.111862
0.108997
0.106253
0.103625
0.101106
0.0986886
0.0963681
0.094139
0.0919961
0.0899349
0.0879509
0.0860399
0.0841982
0.0824221
0.0807082
0.0790532
0.0774541
0.0759081
0.0744123
0.0729642
0.0715614
0.0702016
0.0688824
0.0676019
0.066358
0.0651488
0.0639724
0.0628272
0.0617114
0.0606235
0.0595621
0.0585257
0.057513
0.056523
0.0555544
0.0546064
0.0536784
0.0527696
0.05188
0.0510094
0.0501583
0.0493276
0.0485185
0.0477334
0.0469752
0.0462482
0.0455582
0.0449128
0.0443224
0.0438007
0.043366
0.0430423
0.0428609
0.961692
0.892185
0.829085
0.771728
0.719523
0.671944
0.628523
0.588843
0.552532
0.519258
0.488725
0.460668
0.43485
0.411061
0.38911
0.368828
0.350062
0.332676
0.316546
0.301562
0.287625
0.274644
0.262539
0.251236
0.240669
0.230779
0.221511
0.212816
0.204648
0.196969
0.18974
0.182927
0.176501
0.170432
0.164696
0.159268
0.154128
0.149255
0.144631
0.140239
0.136065
0.132094
0.128312
0.124709
0.121272
0.117992
0.114858
0.111863
0.108998
0.106254
0.103626
0.101107
0.0986898
0.0963694
0.0941403
0.0919975
0.0899363
0.0879523
0.0860415
0.0841998
0.0824238
0.0807099
0.079055
0.077456
0.07591
0.0744143
0.0729663
0.0715636
0.0702038
0.0688848
0.0676044
0.0663606
0.0651514
0.0639752
0.0628301
0.0617144
0.0606267
0.0595654
0.0585292
0.0575166
0.0565267
0.0555583
0.0546105
0.0536826
0.052774
0.0518846
0.0510141
0.0501632
0.0493326
0.0485237
0.0477387
0.0469806
0.0462537
0.0455637
0.0449184
0.044328
0.0438064
0.0433716
0.0430479
0.0428664
0.961692
0.892185
0.829085
0.771728
0.719523
0.671944
0.628523
0.588843
0.552532
0.519258
0.488725
0.460668
0.43485
0.411061
0.38911
0.368828
0.350062
0.332676
0.316546
0.301562
0.287625
0.274644
0.262539
0.251236
0.240669
0.230779
0.221511
0.212816
0.204649
0.196969
0.18974
0.182928
0.176501
0.170433
0.164697
0.159269
0.154128
0.149255
0.144631
0.14024
0.136065
0.132094
0.128313
0.124709
0.121273
0.117992
0.114859
0.111864
0.108998
0.106255
0.103627
0.101108
0.0986908
0.0963705
0.0941414
0.0919986
0.0899375
0.0879536
0.0860428
0.0842012
0.0824252
0.0807114
0.0790565
0.0774576
0.0759117
0.074416
0.0729681
0.0715655
0.0702058
0.0688868
0.0676065
0.0663628
0.0651538
0.0639776
0.0628326
0.0617171
0.0606294
0.0595683
0.0585321
0.0575197
0.0565299
0.0555617
0.054614
0.0536863
0.0527778
0.0518885
0.0510182
0.0501674
0.0493369
0.0485282
0.0477432
0.0469853
0.0462584
0.0455685
0.0449232
0.0443329
0.0438112
0.0433765
0.0430527
0.0428712
0.961692
0.892185
0.829085
0.771728
0.719523
0.671944
0.628523
0.588843
0.552532
0.519258
0.488725
0.460668
0.43485
0.411061
0.38911
0.368828
0.350062
0.332676
0.316546
0.301562
0.287625
0.274644
0.262539
0.251236
0.240669
0.230779
0.221511
0.212816
0.204649
0.196969
0.18974
0.182928
0.176502
0.170433
0.164697
0.159269
0.154129
0.149256
0.144632
0.14024
0.136066
0.132095
0.128313
0.12471
0.121273
0.117993
0.11486
0.111864
0.108999
0.106256
0.103628
0.101109
0.0986917
0.0963714
0.0941423
0.0919996
0.0899385
0.0879546
0.0860439
0.0842023
0.0824264
0.0807126
0.0790578
0.0774589
0.075913
0.0744175
0.0729696
0.071567
0.0702074
0.0688885
0.0676083
0.0663646
0.0651557
0.0639796
0.0628347
0.0617193
0.0606317
0.0595706
0.0585346
0.0575223
0.0565327
0.0555645
0.054617
0.0536893
0.052781
0.0518918
0.0510216
0.050171
0.0493406
0.0485319
0.0477471
0.0469892
0.0462624
0.0455726
0.0449273
0.044337
0.0438153
0.0433805
0.0430567
0.0428752
0.961692
0.892185
0.829085
0.771728
0.719523
0.671944
0.628523
0.588843
0.552532
0.519258
0.488725
0.460668
0.43485
0.411061
0.38911
0.368828
0.350062
0.332676
0.316546
0.301562
0.287625
0.274644
0.262539
0.251236
0.24067
0.230779
0.221511
0.212816
0.204649
0.19697
0.189741
0.182928
0.176502
0.170433
0.164697
0.15927
0.154129
0.149256
0.144632
0.140241
0.136066
0.132095
0.128314
0.12471
0.121274
0.117993
0.11486
0.111865
0.109
0.106257
0.103629
0.101109
0.0986924
0.0963721
0.0941431
0.0920004
0.0899393
0.0879555
0.0860447
0.0842032
0.0824273
0.0807136
0.0790588
0.07746
0.0759142
0.0744186
0.0729708
0.0715683
0.0702087
0.0688899
0.0676097
0.0663661
0.0651572
0.0639812
0.0628364
0.061721
0.0606336
0.0595726
0.0585366
0.0575244
0.0565348
0.0555668
0.0546193
0.0536918
0.0527836
0.0518945
0.0510244
0.0501738
0.0493435
0.0485349
0.0477502
0.0469924
0.0462657
0.0455759
0.0449306
0.0443403
0.0438186
0.0433838
0.04306
0.0428785
0.961692
0.892185
0.829085
0.771728
0.719523
0.671944
0.628523
0.588843
0.552532
0.519258
0.488725
0.460668
0.43485
0.411061
0.38911
0.368828
0.350062
0.332676
0.316546
0.301562
0.287625
0.274644
0.262539
0.251236
0.24067
0.23078
0.221511
0.212816
0.204649
0.19697
0.189741
0.182928
0.176502
0.170434
0.164697
0.15927
0.154129
0.149256
0.144632
0.140241
0.136067
0.132095
0.128314
0.124711
0.121274
0.117994
0.114861
0.111865
0.109
0.106257
0.103629
0.10111
0.0986929
0.0963726
0.0941436
0.092001
0.0899399
0.0879561
0.0860454
0.0842039
0.082428
0.0807144
0.0790596
0.0774608
0.075915
0.0744195
0.0729717
0.0715692
0.0702097
0.0688909
0.0676108
0.0663672
0.0651584
0.0639824
0.0628376
0.0617223
0.060635
0.059574
0.0585381
0.057526
0.0565365
0.0555685
0.0546211
0.0536937
0.0527856
0.0518965
0.0510265
0.050176
0.0493458
0.0485373
0.0477526
0.0469948
0.0462682
0.0455784
0.0449332
0.0443428
0.0438212
0.0433864
0.0430625
0.042881
0.961692
0.892185
0.829085
0.771728
0.719523
0.671944
0.628523
0.588843
0.552532
0.519258
0.488725
0.460668
0.43485
0.411061
0.38911
0.368828
0.350062
0.332676
0.316546
0.301563
0.287625
0.274644
0.262539
0.251236
0.24067
0.23078
0.221512
0.212816
0.204649
0.19697
0.189741
0.182928
0.176502
0.170434
0.164698
0.15927
0.154129
0.149256
0.144632
0.140241
0.136067
0.132096
0.128314
0.124711
0.121274
0.117994
0.114861
0.111866
0.109
0.106257
0.103629
0.10111
0.0986932
0.096373
0.094144
0.0920014
0.0899403
0.0879565
0.0860458
0.0842044
0.0824285
0.0807148
0.0790601
0.0774613
0.0759155
0.0744201
0.0729723
0.0715699
0.0702104
0.0688916
0.0676115
0.066368
0.0651592
0.0639833
0.0628385
0.0617232
0.0606359
0.059575
0.0585392
0.0575271
0.0565376
0.0555697
0.0546224
0.0536949
0.0527869
0.0518979
0.051028
0.0501775
0.0493473
0.0485389
0.0477542
0.0469965
0.0462699
0.0455801
0.0449349
0.0443446
0.0438229
0.0433881
0.0430643
0.0428827
0.961692
0.892185
0.829085
0.771728
0.719523
0.671944
0.628523
0.588843
0.552532
0.519258
0.488725
0.460668
0.43485
0.411061
0.38911
0.368828
0.350062
0.332676
0.316546
0.301563
0.287625
0.274644
0.262539
0.251236
0.24067
0.23078
0.221512
0.212816
0.204649
0.19697
0.189741
0.182929
0.176502
0.170434
0.164698
0.15927
0.15413
0.149256
0.144633
0.140241
0.136067
0.132096
0.128314
0.124711
0.121274
0.117994
0.114861
0.111866
0.109001
0.106258
0.10363
0.10111
0.0986934
0.0963731
0.0941442
0.0920016
0.0899405
0.0879567
0.086046
0.0842046
0.0824288
0.0807151
0.0790604
0.0774616
0.0759158
0.0744204
0.0729726
0.0715702
0.0702107
0.068892
0.0676118
0.0663683
0.0651596
0.0639837
0.0628389
0.0617237
0.0606364
0.0595755
0.0585397
0.0575277
0.0565382
0.0555703
0.054623
0.0536956
0.0527876
0.0518986
0.0510288
0.0501783
0.0493482
0.0485397
0.0477551
0.0469974
0.0462708
0.0455811
0.0449359
0.0443456
0.0438239
0.0433891
0.0430652
0.0428837
0.961692
0.892185
0.829085
0.771728
0.719523
0.671944
0.628523
0.588843
0.552532
0.519258
0.488725
0.460668
0.43485
0.411061
0.38911
0.368828
0.350062
0.332676
0.316546
0.301563
0.287625
0.274644
0.262539
0.251236
0.24067
0.23078
0.221512
0.212816
0.204649
0.19697
0.189741
0.182929
0.176502
0.170434
0.164698
0.15927
0.15413
0.149256
0.144633
0.140241
0.136067
0.132096
0.128314
0.124711
0.121274
0.117994
0.114861
0.111866
0.109001
0.106258
0.10363
0.10111
0.0986934
0.0963731
0.0941442
0.0920016
0.0899405
0.0879567
0.086046
0.0842046
0.0824288
0.0807151
0.0790604
0.0774616
0.0759158
0.0744204
0.0729726
0.0715702
0.0702107
0.068892
0.0676118
0.0663684
0.0651596
0.0639837
0.062839
0.0617237
0.0606364
0.0595755
0.0585397
0.0575277
0.0565383
0.0555704
0.0546231
0.0536957
0.0527877
0.0518987
0.0510289
0.0501784
0.0493483
0.0485399
0.0477553
0.0469976
0.046271
0.0455812
0.0449361
0.0443458
0.0438241
0.0433893
0.0430654
0.0428839
0.961692
0.892185
0.829085
0.771728
0.719523
0.671944
0.628523
0.588843
0.552532
0.519258
0.488725
0.460668
0.43485
0.411061
0.38911
0.368828
0.350062
0.332676
0.316546
0.301563
0.287625
0.274644
0.262539
0.251236
0.24067
0.23078
0.221512
0.212816
0.204649
0.19697
0.189741
0.182928
0.176502
0.170434
0.164698
0.15927
0.154129
0.149256
0.144632
0.140241
0.136067
0.132096
0.128314
0.124711
0.121274
0.117994
0.114861
0.111866
0.109
0.106257
0.103629
0.10111
0.0986932
0.096373
0.094144
0.0920014
0.0899403
0.0879565
0.0860458
0.0842044
0.0824285
0.0807148
0.0790601
0.0774613
0.0759155
0.0744201
0.0729723
0.0715699
0.0702104
0.0688916
0.0676115
0.066368
0.0651592
0.0639833
0.0628386
0.0617233
0.060636
0.0595751
0.0585393
0.0575272
0.0565378
0.0555699
0.0546226
0.0536952
0.0527872
0.0518982
0.0510283
0.0501779
0.0493477
0.0485393
0.0477547
0.046997
0.0462704
0.0455807
0.0449355
0.0443452
0.0438235
0.0433887
0.0430648
0.0428833
0.961692
0.892185
0.829085
0.771728
0.719523
0.671944
0.628523
0.588843
0.552532
0.519258
0.488725
0.460668
0.43485
0.411061
0.38911
0.368828
0.350062
0.332676
0.316546
0.301562
0.287625
0.274644
0.262539
0.251236
0.24067
0.23078
0.221511
0.212816
0.204649
0.19697
0.189741
0.182928
0.176502
0.170434
0.164697
0.15927
0.154129
0.149256
0.144632
0.140241
0.136067
0.132095
0.128314
0.124711
0.121274
0.117994
0.114861
0.111865
0.109
0.106257
0.103629
0.10111
0.0986929
0.0963726
0.0941436
0.092001
0.0899399
0.0879561
0.0860454
0.0842039
0.082428
0.0807143
0.0790596
0.0774608
0.075915
0.0744195
0.0729717
0.0715693
0.0702097
0.068891
0.0676108
0.0663673
0.0651585
0.0639825
0.0628377
0.0617225
0.0606351
0.0595742
0.0585383
0.0575263
0.0565368
0.0555688
0.0546215
0.0536941
0.052786
0.051897
0.0510271
0.0501766
0.0493465
0.048538
0.0477534
0.0469957
0.046269
0.0455793
0.0449341
0.0443438
0.0438221
0.0433873
0.0430635
0.0428819
0.961692
0.892185
0.829085
0.771728
0.719523
0.671944
0.628523
0.588843
0.552532
0.519258
0.488725
0.460668
0.43485
0.411061
0.38911
0.368828
0.350062
0.332676
0.316546
0.301562
0.287625
0.274644
0.262539
0.251236
0.24067
0.230779
0.221511
0.212816
0.204649
0.19697
0.189741
0.182928
0.176502
0.170433
0.164697
0.15927
0.154129
0.149256
0.144632
0.140241
0.136066
0.132095
0.128314
0.12471
0.121274
0.117993
0.11486
0.111865
0.109
0.106257
0.103629
0.101109
0.0986924
0.0963721
0.0941431
0.0920004
0.0899393
0.0879555
0.0860447
0.0842032
0.0824273
0.0807136
0.0790588
0.07746
0.0759141
0.0744186
0.0729708
0.0715683
0.0702088
0.0688899
0.0676097
0.0663662
0.0651573
0.0639813
0.0628365
0.0617212
0.0606338
0.0595728
0.0585369
0.0575248
0.0565352
0.0555672
0.0546199
0.0536924
0.0527843
0.0518952
0.0510252
0.0501747
0.0493445
0.048536
0.0477513
0.0469936
0.0462669
0.0455772
0.044932
0.0443417
0.04382
0.0433852
0.0430613
0.0428798
0.961692
0.892185
0.829085
0.771728
0.719523
0.671944
0.628523
0.588843
0.552532
0.519258
0.488725
0.460668
0.43485
0.411061
0.38911
0.368828
0.350062
0.332676
0.316546
0.301562
0.287625
0.274644
0.262539
0.251236
0.240669
0.230779
0.221511
0.212816
0.204649
0.196969
0.18974
0.182928
0.176502
0.170433
0.164697
0.159269
0.154129
0.149256
0.144632
0.14024
0.136066
0.132095
0.128313
0.12471
0.121273
0.117993
0.11486
0.111864
0.108999
0.106256
0.103628
0.101109
0.0986917
0.0963713
0.0941423
0.0919996
0.0899385
0.0879546
0.0860438
0.0842023
0.0824264
0.0807126
0.0790578
0.0774589
0.075913
0.0744175
0.0729696
0.0715671
0.0702075
0.0688886
0.0676083
0.0663647
0.0651558
0.0639798
0.0628349
0.0617195
0.060632
0.059571
0.058535
0.0575228
0.0565332
0.0555651
0.0546176
0.0536901
0.0527819
0.0518927
0.0510227
0.0501721
0.0493418
0.0485333
0.0477485
0.0469907
0.0462641
0.0455743
0.044929
0.0443387
0.0438171
0.0433823
0.0430585
0.0428769
0.961692
0.892185
0.829085
0.771728
0.719523
0.671944
0.628523
0.588843
0.552532
0.519258
0.488725
0.460668
0.43485
0.411061
0.38911
0.368828
0.350062
0.332676
0.316546
0.301562
0.287625
0.274644
0.262539
0.251236
0.240669
0.230779
0.221511
0.212816
0.204649
0.196969
0.18974
0.182928
0.176501
0.170433
0.164697
0.159269
0.154128
0.149255
0.144631
0.14024
0.136065
0.132094
0.128313
0.124709
0.121273
0.117992
0.114859
0.111864
0.108998
0.106255
0.103627
0.101108
0.0986908
0.0963704
0.0941414
0.0919986
0.0899375
0.0879536
0.0860427
0.0842012
0.0824252
0.0807114
0.0790565
0.0774576
0.0759116
0.074416
0.0729681
0.0715655
0.0702058
0.0688869
0.0676066
0.0663629
0.0651539
0.0639778
0.0628328
0.0617173
0.0606298
0.0595687
0.0585326
0.0575203
0.0565306
0.0555624
0.0546148
0.0536872
0.0527789
0.0518897
0.0510195
0.0501688
0.0493385
0.0485298
0.047745
0.0469872
0.0462604
0.0455706
0.0449254
0.044335
0.0438134
0.0433786
0.0430548
0.0428733
0.961692
0.892185
0.829085
0.771728
0.719523
0.671944
0.628523
0.588843
0.552532
0.519258
0.488725
0.460668
0.43485
0.411061
0.38911
0.368828
0.350062
0.332676
0.316546
0.301562
0.287625
0.274644
0.262539
0.251236
0.240669
0.230779
0.221511
0.212816
0.204648
0.196969
0.18974
0.182927
0.176501
0.170432
0.164696
0.159268
0.154128
0.149255
0.144631
0.140239
0.136065
0.132094
0.128312
0.124709
0.121272
0.117992
0.114858
0.111863
0.108998
0.106254
0.103626
0.101107
0.0986898
0.0963694
0.0941403
0.0919975
0.0899363
0.0879523
0.0860414
0.0841998
0.0824238
0.0807099
0.079055
0.077456
0.07591
0.0744143
0.0729663
0.0715636
0.0702039
0.0688849
0.0676045
0.0663607
0.0651516
0.0639754
0.0628304
0.0617148
0.0606271
0.0595659
0.0585297
0.0575173
0.0565275
0.0555592
0.0546115
0.0536837
0.0527753
0.051886
0.0510157
0.0501649
0.0493344
0.0485257
0.0477408
0.0469829
0.0462561
0.0455662
0.0449209
0.0443306
0.0438089
0.0433742
0.0430504
0.0428689
0.961692
0.892185
0.829085
0.771728
0.719523
0.671944
0.628523
0.588843
0.552532
0.519258
0.488725
0.460668
0.43485
0.411061
0.38911
0.368828
0.350062
0.332676
0.316546
0.301562
0.287625
0.274644
0.262538
0.251235
0.240669
0.230779
0.221511
0.212815
0.204648
0.196969
0.189739
0.182927
0.176501
0.170432
0.164696
0.159268
0.154127
0.149254
0.14463
0.140239
0.136064
0.132093
0.128311
0.124708
0.121271
0.117991
0.114857
0.111862
0.108997
0.106253
0.103625
0.101106
0.0986886
0.0963681
0.094139
0.0919961
0.0899348
0.0879508
0.0860399
0.0841982
0.0824221
0.0807082
0.0790532
0.0774541
0.0759081
0.0744123
0.0729643
0.0715615
0.0702016
0.0688825
0.067602
0.0663582
0.065149
0.0639727
0.0628275
0.0617118
0.060624
0.0595627
0.0585264
0.0575138
0.0565238
0.0555554
0.0546076
0.0536797
0.0527711
0.0518816
0.0510112
0.0501603
0.0493297
0.0485209
0.0477359
0.0469778
0.046251
0.045561
0.0449157
0.0443254
0.0438037
0.043369
0.0430453
0.0428638
0.961692
0.892185
0.829085
0.771728
0.719523
0.671944
0.628523
0.588843
0.552532
0.519258
0.488725
0.460668
0.43485
0.411061
0.38911
0.368828
0.350062
0.332676
0.316546
0.301562
0.287624
0.274643
0.262538
0.251235
0.240669
0.230778
0.22151
0.212815
0.204648
0.196968
0.189739
0.182926
0.1765
0.170431
0.164695
0.159267
0.154127
0.149253
0.144629
0.140238
0.136063
0.132092
0.12831
0.124707
0.12127
0.11799
0.114856
0.111861
0.108995
0.106252
0.103624
0.101104
0.0986872
0.0963667
0.0941375
0.0919946
0.0899332
0.0879492
0.0860382
0.0841964
0.0824202
0.0807062
0.0790512
0.077452
0.0759059
0.07441
0.0729619
0.071559
0.0701991
0.0688799
0.0675993
0.0663553
0.065146
0.0639696
0.0628242
0.0617084
0.0606205
0.059559
0.0585225
0.0575098
0.0565197
0.0555511
0.0546031
0.0536751
0.0527663
0.0518767
0.0510061
0.0501551
0.0493243
0.0485153
0.0477302
0.0469721
0.0462452
0.0455552
0.0449098
0.0443195
0.0437978
0.0433631
0.0430394
0.042858
0.961692
0.892185
0.829085
0.771728
0.719523
0.671944
0.628523
0.588843
0.552532
0.519258
0.488725
0.460668
0.43485
0.411061
0.38911
0.368828
0.350062
0.332675
0.316546
0.301562
0.287624
0.274643
0.262538
0.251235
0.240668
0.230778
0.22151
0.212815
0.204647
0.196968
0.189738
0.182926
0.176499
0.170431
0.164694
0.159267
0.154126
0.149253
0.144629
0.140237
0.136063
0.132091
0.12831
0.124706
0.121269
0.117989
0.114855
0.11186
0.108994
0.106251
0.103623
0.101103
0.0986857
0.0963651
0.0941358
0.0919928
0.0899314
0.0879473
0.0860362
0.0841944
0.0824181
0.080704
0.0790489
0.0774496
0.0759034
0.0744075
0.0729592
0.0715562
0.0701962
0.0688769
0.0675962
0.066352
0.0651426
0.063966
0.0628206
0.0617046
0.0606165
0.0595549
0.0585183
0.0575054
0.0565151
0.0555463
0.0545982
0.0536699
0.052761
0.0518712
0.0510004
0.0501492
0.0493183
0.0485091
0.0477239
0.0469657
0.0462386
0.0455486
0.0449032
0.0443128
0.0437912
0.0433565
0.0430328
0.0428515
0.961692
0.892185
0.829085
0.771728
0.719523
0.671944
0.628523
0.588843
0.552532
0.519258
0.488725
0.460668
0.43485
0.411061
0.38911
0.368828
0.350062
0.332675
0.316545
0.301562
0.287624
0.274643
0.262538
0.251235
0.240668
0.230778
0.221509
0.212814
0.204647
0.196967
0.189738
0.182925
0.176499
0.17043
0.164694
0.159266
0.154125
0.149252
0.144628
0.140236
0.136062
0.13209
0.128308
0.124705
0.121268
0.117987
0.114854
0.111858
0.108993
0.106249
0.103621
0.101101
0.098684
0.0963633
0.094134
0.0919909
0.0899295
0.0879452
0.0860341
0.0841921
0.0824158
0.0807016
0.0790464
0.077447
0.0759007
0.0744046
0.0729563
0.0715532
0.070193
0.0688736
0.0675927
0.0663485
0.0651389
0.0639622
0.0628166
0.0617004
0.0606122
0.0595503
0.0585135
0.0575005
0.05651
0.055541
0.0545926
0.0536642
0.0527551
0.051865
0.0509941
0.0501427
0.0493116
0.0485023
0.0477169
0.0469585
0.0462314
0.0455413
0.0448958
0.0443054
0.0437838
0.0433492
0.0430255
0.0428442
0.961692
0.892185
0.829085
0.771728
0.719523
0.671944
0.628523
0.588843
0.552532
0.519258
0.488725
0.460667
0.43485
0.411061
0.38911
0.368828
0.350062
0.332675
0.316545
0.301561
0.287624
0.274643
0.262537
0.251234
0.240668
0.230777
0.221509
0.212814
0.204646
0.196967
0.189737
0.182925
0.176498
0.17043
0.164693
0.159265
0.154124
0.149251
0.144627
0.140235
0.13606
0.132089
0.128307
0.124703
0.121266
0.117986
0.114852
0.111857
0.108991
0.106248
0.103619
0.1011
0.0986821
0.0963614
0.094132
0.0919888
0.0899273
0.0879429
0.0860317
0.0841897
0.0824132
0.080699
0.0790436
0.0774442
0.0758977
0.0744015
0.0729531
0.0715498
0.0701895
0.06887
0.067589
0.0663446
0.0651348
0.0639579
0.0628122
0.0616958
0.0606074
0.0595454
0.0585084
0.0574951
0.0565044
0.0555352
0.0545866
0.0536579
0.0527486
0.0518583
0.0509872
0.0501356
0.0493043
0.0484948
0.0477093
0.0469508
0.0462235
0.0455333
0.0448878
0.0442974
0.0437758
0.0433412
0.0430176
0.0428363
0.961692
0.892185
0.829085
0.771728
0.719523
0.671944
0.628523
0.588843
0.552532
0.519258
0.488725
0.460667
0.43485
0.411061
0.38911
0.368827
0.350062
0.332675
0.316545
0.301561
0.287624
0.274643
0.262537
0.251234
0.240667
0.230777
0.221509
0.212813
0.204646
0.196966
0.189737
0.182924
0.176497
0.170429
0.164692
0.159264
0.154123
0.14925
0.144626
0.140234
0.136059
0.132088
0.128306
0.124702
0.121265
0.117984
0.114851
0.111855
0.108989
0.106246
0.103617
0.101098
0.0986801
0.0963593
0.0941298
0.0919866
0.0899249
0.0879405
0.0860291
0.084187
0.0824105
0.0806961
0.0790406
0.0774411
0.0758945
0.0743982
0.0729496
0.0715462
0.0701858
0.068866
0.0675849
0.0663403
0.0651304
0.0639533
0.0628074
0.0616909
0.0606022
0.05954
0.0585028
0.0574893
0.0564983
0.0555289
0.0545801
0.0536511
0.0527416
0.0518511
0.0509797
0.0501279
0.0492964
0.0484867
0.047701
0.0469423
0.0462149
0.0455246
0.0448791
0.0442887
0.043767
0.0433325
0.0430089
0.0428277
0.961692
0.892185
0.829085
0.771728
0.719523
0.671944
0.628523
0.588843
0.552532
0.519258
0.488725
0.460667
0.43485
0.411061
0.38911
0.368827
0.350061
0.332675
0.316545
0.301561
0.287623
0.274642
0.262537
0.251234
0.240667
0.230776
0.221508
0.212813
0.204645
0.196965
0.189736
0.182923
0.176497
0.170428
0.164691
0.159263
0.154122
0.149249
0.144625
0.140233
0.136058
0.132086
0.128305
0.124701
0.121264
0.117983
0.114849
0.111853
0.108988
0.106244
0.103615
0.101096
0.098678
0.0963571
0.0941274
0.0919841
0.0899224
0.0879379
0.0860264
0.0841842
0.0824075
0.080693
0.0790374
0.0774377
0.075891
0.0743946
0.0729458
0.0715423
0.0701817
0.0688618
0.0675805
0.0663358
0.0651257
0.0639484
0.0628022
0.0616855
0.0605966
0.0595342
0.0584967
0.057483
0.0564918
0.0555221
0.0545731
0.0536439
0.052734
0.0518433
0.0509717
0.0501196
0.0492879
0.048478
0.0476921
0.0469332
0.0462057
0.0455153
0.0448697
0.0442793
0.0437577
0.0433231
0.0429997
0.0428185
0.961692
0.892185
0.829085
0.771728
0.719523
0.671944
0.628523
0.588843
0.552532
0.519258
0.488725
0.460667
0.43485
0.41106
0.38911
0.368827
0.350061
0.332675
0.316545
0.301561
0.287623
0.274642
0.262536
0.251233
0.240666
0.230776
0.221508
0.212812
0.204645
0.196965
0.189735
0.182923
0.176496
0.170427
0.16469
0.159262
0.154121
0.149248
0.144623
0.140231
0.136057
0.132085
0.128303
0.124699
0.121262
0.117981
0.114847
0.111852
0.108986
0.106242
0.103613
0.101093
0.0986756
0.0963546
0.0941249
0.0919815
0.0899197
0.087935
0.0860235
0.0841811
0.0824043
0.0806897
0.079034
0.0774342
0.0758873
0.0743907
0.0729418
0.0715382
0.0701774
0.0688573
0.0675758
0.0663309
0.0651206
0.0639431
0.0627967
0.0616798
0.0605907
0.059528
0.0584903
0.0574763
0.0564848
0.0555149
0.0545655
0.0536361
0.052726
0.051835
0.0509631
0.0501107
0.0492788
0.0484687
0.0476826
0.0469236
0.0461959
0.0455054
0.0448598
0.0442693
0.0437477
0.0433132
0.0429898
0.0428087
0.961692
0.892185
0.829085
0.771728
0.719523
0.671944
0.628523
0.588843
0.552532
0.519258
0.488725
0.460667
0.43485
0.41106
0.389109
0.368827
0.350061
0.332675
0.316545
0.30156
0.287623
0.274642
0.262536
0.251233
0.240666
0.230775
0.221507
0.212811
0.204644
0.196964
0.189735
0.182922
0.176495
0.170426
0.164689
0.159261
0.15412
0.149247
0.144622
0.14023
0.136055
0.132083
0.128302
0.124697
0.12126
0.117979
0.114845
0.11185
0.108984
0.10624
0.103611
0.101091
0.0986732
0.0963521
0.0941223
0.0919787
0.0899168
0.087932
0.0860204
0.0841779
0.082401
0.0806862
0.0790304
0.0774304
0.0758834
0.0743867
0.0729376
0.0715338
0.0701728
0.0688525
0.0675708
0.0663257
0.0651152
0.0639375
0.0627909
0.0616737
0.0605844
0.0595214
0.0584835
0.0574692
0.0564775
0.0555072
0.0545576
0.0536278
0.0527174
0.0518261
0.0509539
0.0501013
0.0492691
0.0484588
0.0476725
0.0469133
0.0461855
0.0454949
0.0448492
0.0442587
0.0437371
0.0433026
0.0429793
0.0427982
0.961692
0.892185
0.829085
0.771728
0.719523
0.671944
0.628523
0.588843
0.552532
0.519258
0.488724
0.460667
0.43485
0.41106
0.389109
0.368827
0.350061
0.332674
0.316544
0.30156
0.287622
0.274641
0.262536
0.251232
0.240665
0.230775
0.221506
0.212811
0.204643
0.196963
0.189734
0.182921
0.176494
0.170425
0.164688
0.15926
0.154119
0.149245
0.144621
0.140229
0.136054
0.132082
0.1283
0.124696
0.121258
0.117977
0.114843
0.111847
0.108981
0.106237
0.103609
0.101088
0.0986706
0.0963494
0.0941195
0.0919758
0.0899137
0.0879289
0.0860171
0.0841745
0.0823974
0.0806825
0.0790265
0.0774264
0.0758792
0.0743823
0.0729331
0.0715291
0.070168
0.0688475
0.0675656
0.0663202
0.0651095
0.0639316
0.0627848
0.0616673
0.0605777
0.0595145
0.0584762
0.0574617
0.0564697
0.0554991
0.0545492
0.0536191
0.0527084
0.0518168
0.0509443
0.0500914
0.0492589
0.0484483
0.0476618
0.0469024
0.0461745
0.0454838
0.044838
0.0442475
0.0437259
0.0432915
0.0429682
0.0427872
0.961692
0.892185
0.829085
0.771728
0.719523
0.671944
0.628523
0.588843
0.552532
0.519258
0.488724
0.460667
0.43485
0.41106
0.389109
0.368827
0.350061
0.332674
0.316544
0.30156
0.287622
0.274641
0.262535
0.251232
0.240665
0.230774
0.221506
0.21281
0.204643
0.196962
0.189733
0.18292
0.176493
0.170424
0.164687
0.159259
0.154118
0.149244
0.144619
0.140227
0.136052
0.13208
0.128298
0.124694
0.121256
0.117975
0.114841
0.111845
0.108979
0.106235
0.103606
0.101086
0.0986679
0.0963465
0.0941165
0.0919727
0.0899105
0.0879255
0.0860136
0.0841709
0.0823937
0.0806786
0.0790225
0.0774222
0.0758749
0.0743778
0.0729284
0.0715242
0.0701629
0.0688422
0.0675601
0.0663145
0.0651036
0.0639254
0.0627783
0.0616606
0.0605707
0.0595072
0.0584686
0.0574538
0.0564615
0.0554906
0.0545403
0.0536099
0.0526989
0.051807
0.0509342
0.050081
0.0492482
0.0484374
0.0476506
0.0468911
0.046163
0.0454721
0.0448263
0.0442357
0.0437142
0.0432798
0.0429566
0.0427757
0.961692
0.892185
0.829085
0.771728
0.719523
0.671944
0.628524
0.588843
0.552532
0.519258
0.488724
0.460667
0.43485
0.41106
0.389109
0.368827
0.35006
0.332674
0.316544
0.30156
0.287622
0.27464
0.262535
0.251231
0.240664
0.230774
0.221505
0.212809
0.204642
0.196962
0.189732
0.182919
0.176492
0.170423
0.164686
0.159258
0.154116
0.149242
0.144618
0.140226
0.136051
0.132078
0.128296
0.124692
0.121254
0.117973
0.114839
0.111843
0.108977
0.106232
0.103604
0.101083
0.098665
0.0963436
0.0941134
0.0919695
0.0899072
0.087922
0.08601
0.0841671
0.0823898
0.0806746
0.0790182
0.0774178
0.0758703
0.074373
0.0729234
0.071519
0.0701575
0.0688366
0.0675543
0.0663085
0.0650973
0.0639189
0.0627715
0.0616535
0.0605634
0.0594996
0.0584607
0.0574455
0.0564529
0.0554817
0.0545311
0.0536003
0.052689
0.0517967
0.0509236
0.0500701
0.0492371
0.0484259
0.0476389
0.0468792
0.0461509
0.04546
0.044814
0.0442234
0.0437019
0.0432676
0.0429445
0.0427636
0.961692
0.892185
0.829085
0.771728
0.719523
0.671944
0.628524
0.588843
0.552532
0.519258
0.488724
0.460667
0.43485
0.41106
0.389109
0.368826
0.35006
0.332674
0.316543
0.301559
0.287621
0.27464
0.262534
0.251231
0.240664
0.230773
0.221504
0.212809
0.204641
0.196961
0.189731
0.182918
0.176491
0.170422
0.164685
0.159256
0.154115
0.149241
0.144616
0.140224
0.136049
0.132077
0.128294
0.12469
0.121252
0.117971
0.114837
0.11184
0.108974
0.10623
0.103601
0.10108
0.098662
0.0963404
0.0941102
0.0919661
0.0899037
0.0879184
0.0860062
0.0841632
0.0823857
0.0806703
0.0790138
0.0774132
0.0758655
0.0743681
0.0729183
0.0715137
0.070152
0.0688309
0.0675483
0.0663022
0.0650908
0.0639121
0.0627645
0.0616462
0.0605557
0.0594916
0.0584524
0.0574369
0.0564439
0.0554724
0.0545215
0.0535904
0.0526787
0.051786
0.0509126
0.0500588
0.0492254
0.048414
0.0476268
0.0468668
0.0461384
0.0454473
0.0448013
0.0442107
0.0436892
0.0432549
0.0429319
0.0427511
0.961692
0.892185
0.829085
0.771728
0.719523
0.671944
0.628524
0.588843
0.552532
0.519258
0.488724
0.460667
0.434849
0.41106
0.389109
0.368826
0.35006
0.332673
0.316543
0.301559
0.287621
0.27464
0.262534
0.25123
0.240663
0.230772
0.221504
0.212808
0.20464
0.19696
0.18973
0.182917
0.17649
0.17042
0.164683
0.159255
0.154113
0.149239
0.144615
0.140222
0.136047
0.132075
0.128292
0.124688
0.12125
0.117969
0.114834
0.111838
0.108971
0.106227
0.103598
0.101077
0.0986589
0.0963372
0.0941068
0.0919626
0.0899
0.0879146
0.0860023
0.0841591
0.0823814
0.0806659
0.0790093
0.0774084
0.0758606
0.074363
0.072913
0.0715081
0.0701462
0.0688249
0.067542
0.0662957
0.065084
0.0639051
0.0627572
0.0616386
0.0605478
0.0594834
0.0584439
0.057428
0.0564347
0.0554628
0.0545115
0.05358
0.0526679
0.051775
0.0509012
0.050047
0.0492134
0.0484017
0.0476142
0.046854
0.0461254
0.0454342
0.0447881
0.0441975
0.043676
0.0432418
0.0429188
0.0427381
0.961692
0.892185
0.829085
0.771728
0.719523
0.671944
0.628524
0.588843
0.552532
0.519258
0.488724
0.460667
0.434849
0.41106
0.389109
0.368826
0.35006
0.332673
0.316543
0.301558
0.287621
0.274639
0.262533
0.25123
0.240663
0.230772
0.221503
0.212807
0.204639
0.196959
0.189729
0.182916
0.176489
0.170419
0.164682
0.159253
0.154112
0.149238
0.144613
0.14022
0.136045
0.132073
0.12829
0.124686
0.121248
0.117966
0.114832
0.111835
0.108969
0.106224
0.103595
0.101074
0.0986557
0.0963339
0.0941033
0.091959
0.0898963
0.0879107
0.0859982
0.0841548
0.082377
0.0806613
0.0790045
0.0774035
0.0758555
0.0743576
0.0729074
0.0715024
0.0701402
0.0688186
0.0675356
0.066289
0.065077
0.0638978
0.0627496
0.0616307
0.0605396
0.0594749
0.058435
0.0574188
0.0564251
0.0554528
0.0545012
0.0535693
0.0526569
0.0517635
0.0508894
0.0500349
0.0492009
0.0483889
0.0476012
0.0468408
0.046112
0.0454206
0.0447745
0.0441838
0.0436623
0.0432282
0.0429053
0.0427247
0.961692
0.892185
0.829085
0.771728
0.719523
0.671944
0.628524
0.588843
0.552532
0.519258
0.488724
0.460667
0.434849
0.41106
0.389108
0.368826
0.35006
0.332673
0.316542
0.301558
0.28762
0.274639
0.262533
0.251229
0.240662
0.230771
0.221502
0.212806
0.204638
0.196958
0.189728
0.182915
0.176487
0.170418
0.164681
0.159252
0.15411
0.149236
0.144611
0.140219
0.136043
0.132071
0.128288
0.124683
0.121245
0.117964
0.114829
0.111833
0.108966
0.106221
0.103592
0.101071
0.0986524
0.0963304
0.0940997
0.0919553
0.0898924
0.0879067
0.085994
0.0841505
0.0823725
0.0806566
0.0789996
0.0773984
0.0758502
0.0743522
0.0729017
0.0714965
0.0701341
0.0688122
0.0675289
0.0662821
0.0650699
0.0638903
0.0627418
0.0616226
0.0605312
0.0594661
0.0584259
0.0574093
0.0564152
0.0554426
0.0544905
0.0535583
0.0526455
0.0517518
0.0508773
0.0500224
0.0491881
0.0483758
0.0475878
0.0468271
0.0460982
0.0454067
0.0447605
0.0441698
0.0436484
0.0432143
0.0428915
0.0427109
0.961692
0.892185
0.829085
0.771728
0.719523
0.671944
0.628524
0.588843
0.552532
0.519258
0.488724
0.460667
0.434849
0.411059
0.389108
0.368826
0.350059
0.332672
0.316542
0.301558
0.28762
0.274638
0.262532
0.251229
0.240661
0.23077
0.221501
0.212805
0.204637
0.196957
0.189727
0.182913
0.176486
0.170416
0.164679
0.15925
0.154109
0.149234
0.144609
0.140217
0.136041
0.132068
0.128286
0.124681
0.121243
0.117961
0.114827
0.11183
0.108963
0.106218
0.103589
0.101068
0.098649
0.0963269
0.094096
0.0919514
0.0898884
0.0879025
0.0859897
0.084146
0.0823679
0.0806518
0.0789946
0.0773932
0.0758448
0.0743465
0.0728959
0.0714904
0.0701277
0.0688057
0.0675221
0.066275
0.0650625
0.0638826
0.0627338
0.0616143
0.0605225
0.0594571
0.0584165
0.0573996
0.0564051
0.0554321
0.0544796
0.053547
0.0526338
0.0517397
0.0508648
0.0500096
0.049175
0.0483624
0.0475741
0.0468132
0.0460841
0.0453925
0.0447462
0.0441554
0.043634
0.0432001
0.0428773
0.0426968
0.961692
0.892185
0.829085
0.771728
0.719523
0.671944
0.628524
0.588843
0.552532
0.519258
0.488724
0.460667
0.434849
0.411059
0.389108
0.368825
0.350059
0.332672
0.316542
0.301557
0.287619
0.274638
0.262532
0.251228
0.24066
0.230769
0.2215
0.212804
0.204636
0.196956
0.189726
0.182912
0.176485
0.170415
0.164678
0.159249
0.154107
0.149233
0.144607
0.140215
0.136039
0.132066
0.128284
0.124679
0.12124
0.117959
0.114824
0.111827
0.10896
0.106215
0.103585
0.101064
0.0986455
0.0963232
0.0940922
0.0919475
0.0898843
0.0878983
0.0859853
0.0841414
0.0823631
0.0806468
0.0789895
0.0773879
0.0758392
0.0743408
0.0728899
0.0714842
0.0701213
0.068799
0.0675151
0.0662677
0.0650549
0.0638748
0.0627256
0.0616058
0.0605137
0.0594479
0.0584069
0.0573896
0.0563948
0.0554214
0.0544685
0.0535355
0.0526219
0.0517274
0.0508521
0.0499965
0.0491615
0.0483486
0.0475601
0.046799
0.0460697
0.0453779
0.0447315
0.0441408
0.0436194
0.0431855
0.0428629
0.0426825
0.961692
0.892185
0.829085
0.771728
0.719523
0.671944
0.628524
0.588843
0.552532
0.519258
0.488724
0.460667
0.434849
0.411059
0.389108
0.368825
0.350059
0.332672
0.316541
0.301557
0.287619
0.274637
0.262531
0.251227
0.24066
0.230769
0.2215
0.212803
0.204635
0.196955
0.189724
0.182911
0.176483
0.170414
0.164676
0.159247
0.154105
0.149231
0.144605
0.140213
0.136037
0.132064
0.128281
0.124676
0.121238
0.117956
0.114821
0.111824
0.108957
0.106212
0.103582
0.101061
0.0986419
0.0963195
0.0940884
0.0919435
0.0898801
0.0878939
0.0859808
0.0841367
0.0823582
0.0806418
0.0789842
0.0773824
0.0758336
0.0743349
0.0728838
0.0714778
0.0701147
0.0687921
0.067508
0.0662603
0.0650472
0.0638668
0.0627173
0.0615971
0.0605047
0.0594385
0.0583972
0.0573795
0.0563842
0.0554104
0.0544571
0.0535237
0.0526097
0.0517148
0.0508392
0.0499832
0.0491479
0.0483347
0.0475458
0.0467845
0.046055
0.0453631
0.0447167
0.0441259
0.0436046
0.0431707
0.0428482
0.0426679
0.961692
0.892185
0.829085
0.771728
0.719523
0.671944
0.628524
0.588843
0.552532
0.519258
0.488724
0.460667
0.434849
0.411059
0.389108
0.368825
0.350059
0.332672
0.316541
0.301556
0.287618
0.274636
0.26253
0.251226
0.240659
0.230768
0.221499
0.212802
0.204634
0.196953
0.189723
0.18291
0.176482
0.170412
0.164674
0.159245
0.154104
0.149229
0.144604
0.140211
0.136035
0.132062
0.128279
0.124674
0.121235
0.117953
0.114818
0.111821
0.108954
0.106209
0.103579
0.101057
0.0986382
0.0963157
0.0940844
0.0919394
0.0898759
0.0878895
0.0859762
0.084132
0.0823533
0.0806367
0.0789789
0.0773769
0.0758278
0.0743289
0.0728776
0.0714714
0.070108
0.0687851
0.0675008
0.0662528
0.0650394
0.0638586
0.0627088
0.0615883
0.0604955
0.0594289
0.0583873
0.0573692
0.0563735
0.0553993
0.0544456
0.0535118
0.0525974
0.0517021
0.050826
0.0499697
0.049134
0.0483205
0.0475314
0.0467698
0.0460401
0.0453482
0.0447016
0.0441109
0.0435895
0.0431558
0.0428333
0.0426531
0.961692
0.892185
0.829085
0.771728
0.719523
0.671944
0.628524
0.588843
0.552532
0.519258
0.488724
0.460666
0.434849
0.411059
0.389107
0.368825
0.350058
0.332671
0.316541
0.301556
0.287618
0.274636
0.26253
0.251226
0.240658
0.230767
0.221498
0.212801
0.204633
0.196952
0.189722
0.182908
0.17648
0.170411
0.164673
0.159244
0.154102
0.149227
0.144602
0.140208
0.136032
0.132059
0.128276
0.124671
0.121233
0.117951
0.114815
0.111818
0.108951
0.106206
0.103575
0.101054
0.0986346
0.0963119
0.0940805
0.0919352
0.0898716
0.087885
0.0859715
0.0841272
0.0823483
0.0806315
0.0789735
0.0773713
0.075822
0.0743229
0.0728713
0.0714649
0.0701012
0.0687781
0.0674934
0.0662452
0.0650314
0.0638504
0.0627002
0.0615794
0.0604862
0.0594193
0.0583772
0.0573588
0.0563627
0.0553881
0.054434
0.0534998
0.0525849
0.0516892
0.0508128
0.0499561
0.0491201
0.0483062
0.0475168
0.046755
0.0460252
0.045333
0.0446864
0.0440956
0.0435744
0.0431407
0.0428183
0.0426381
0.961692
0.892185
0.829085
0.771728
0.719523
0.671944
0.628524
0.588843
0.552532
0.519257
0.488724
0.460666
0.434848
0.411059
0.389107
0.368824
0.350058
0.332671
0.31654
0.301555
0.287617
0.274635
0.262529
0.251225
0.240657
0.230766
0.221497
0.2128
0.204632
0.196951
0.189721
0.182907
0.176479
0.170409
0.164671
0.159242
0.1541
0.149225
0.144599
0.140206
0.13603
0.132057
0.128274
0.124669
0.12123
0.117948
0.114812
0.111815
0.108948
0.106202
0.103572
0.10105
0.0986308
0.096308
0.0940764
0.0919311
0.0898672
0.0878805
0.0859668
0.0841223
0.0823432
0.0806262
0.078968
0.0773656
0.0758161
0.0743168
0.072865
0.0714583
0.0700944
0.068771
0.067486
0.0662375
0.0650235
0.0638421
0.0626916
0.0615704
0.0604769
0.0594096
0.0583671
0.0573483
0.0563518
0.0553768
0.0544223
0.0534876
0.0525723
0.0516762
0.0507994
0.0499424
0.049106
0.0482918
0.0475022
0.0467401
0.0460101
0.0453178
0.0446712
0.0440804
0.0435591
0.0431255
0.0428032
0.0426231
0.961692
0.892185
0.829085
0.771728
0.719523
0.671944
0.628524
0.588843
0.552532
0.519257
0.488724
0.460666
0.434848
0.411058
0.389107
0.368824
0.350058
0.33267
0.31654
0.301555
0.287617
0.274635
0.262528
0.251224
0.240657
0.230765
0.221496
0.212799
0.204631
0.19695
0.189719
0.182905
0.176477
0.170407
0.16467
0.15924
0.154098
0.149223
0.144597
0.140204
0.136028
0.132055
0.128271
0.124666
0.121227
0.117945
0.114809
0.111812
0.108944
0.106199
0.103569
0.101047
0.0986271
0.0963041
0.0940724
0.0919268
0.0898629
0.087876
0.0859621
0.0841174
0.0823381
0.0806209
0.0789626
0.07736
0.0758102
0.0743106
0.0728586
0.0714517
0.0700875
0.0687638
0.0674786
0.0662298
0.0650154
0.0638337
0.0626829
0.0615614
0.0604675
0.0593998
0.058357
0.0573377
0.0563409
0.0553654
0.0544105
0.0534754
0.0525598
0.0516633
0.050786
0.0499286
0.0490919
0.0482774
0.0474875
0.0467252
0.045995
0.0453026
0.0446559
0.0440651
0.0435439
0.0431103
0.0427881
0.0426081
0.961692
0.892185
0.829085
0.771728
0.719523
0.671944
0.628524
0.588843
0.552532
0.519257
0.488724
0.460666
0.434848
0.411058
0.389107
0.368824
0.350057
0.33267
0.316539
0.301554
0.287616
0.274634
0.262528
0.251223
0.240656
0.230764
0.221495
0.212798
0.20463
0.196949
0.189718
0.182904
0.176476
0.170406
0.164668
0.159238
0.154096
0.149221
0.144595
0.140202
0.136026
0.132052
0.128269
0.124663
0.121225
0.117942
0.114806
0.111809
0.108941
0.106196
0.103565
0.101043
0.0986233
0.0963002
0.0940683
0.0919226
0.0898585
0.0878714
0.0859574
0.0841125
0.082333
0.0806157
0.0789571
0.0773543
0.0758043
0.0743045
0.0728522
0.071445
0.0700806
0.0687567
0.0674712
0.0662221
0.0650074
0.0638254
0.0626743
0.0615524
0.0604581
0.0593901
0.0583469
0.0573272
0.05633
0.0553541
0.0543987
0.0534633
0.0525472
0.0516503
0.0507727
0.0499149
0.0490778
0.0482631
0.0474728
0.0467104
0.04598
0.0452875
0.0446407
0.0440499
0.0435287
0.0430952
0.0427731
0.0425932
0.961692
0.892185
0.829085
0.771728
0.719523
0.671944
0.628524
0.588843
0.552532
0.519257
0.488724
0.460666
0.434848
0.411058
0.389106
0.368824
0.350057
0.33267
0.316539
0.301554
0.287615
0.274633
0.262527
0.251223
0.240655
0.230763
0.221494
0.212797
0.204628
0.196947
0.189717
0.182903
0.176474
0.170404
0.164666
0.159237
0.154094
0.149219
0.144593
0.1402
0.136023
0.13205
0.128266
0.124661
0.121222
0.117939
0.114803
0.111806
0.108938
0.106192
0.103562
0.101039
0.0986195
0.0962963
0.0940642
0.0919184
0.0898541
0.0878669
0.0859527
0.0841076
0.082328
0.0806104
0.0789516
0.0773486
0.0757984
0.0742984
0.0728459
0.0714384
0.0700738
0.0687496
0.0674638
0.0662144
0.0649994
0.0638171
0.0626656
0.0615434
0.0604488
0.0593804
0.0583368
0.0573167
0.0563191
0.0553428
0.0543871
0.0534512
0.0525347
0.0516374
0.0507594
0.0499012
0.0490639
0.0482488
0.0474583
0.0466956
0.045965
0.0452724
0.0446256
0.0440348
0.0435136
0.0430802
0.0427582
0.0425784
0.961692
0.892185
0.829085
0.771728
0.719523
0.671944
0.628524
0.588843
0.552532
0.519257
0.488723
0.460666
0.434848
0.411058
0.389106
0.368823
0.350056
0.332669
0.316538
0.301553
0.287615
0.274633
0.262526
0.251222
0.240654
0.230762
0.221493
0.212796
0.204627
0.196946
0.189715
0.182901
0.176473
0.170403
0.164664
0.159235
0.154092
0.149217
0.144591
0.140198
0.136021
0.132048
0.128264
0.124658
0.121219
0.117936
0.114801
0.111803
0.108935
0.106189
0.103558
0.101036
0.0986158
0.0962924
0.0940602
0.0919142
0.0898497
0.0878624
0.085948
0.0841027
0.0823229
0.0806051
0.0789462
0.0773429
0.0757926
0.0742923
0.0728396
0.0714319
0.070067
0.0687425
0.0674565
0.0662068
0.0649915
0.0638089
0.0626571
0.0615345
0.0604395
0.0593708
0.0583268
0.0573064
0.0563083
0.0553316
0.0543755
0.0534392
0.0525223
0.0516246
0.0507463
0.0498878
0.04905
0.0482347
0.047444
0.0466811
0.0459503
0.0452576
0.0446107
0.0440199
0.0434988
0.0430654
0.0427435
0.0425638
0.961692
0.892185
0.829085
0.771728
0.719523
0.671944
0.628524
0.588843
0.552532
0.519257
0.488723
0.460666
0.434848
0.411058
0.389106
0.368823
0.350056
0.332669
0.316538
0.301553
0.287614
0.274632
0.262525
0.251221
0.240653
0.230761
0.221492
0.212795
0.204626
0.196945
0.189714
0.1829
0.176471
0.170401
0.164663
0.159233
0.154091
0.149215
0.144589
0.140195
0.136019
0.132045
0.128261
0.124656
0.121216
0.117934
0.114798
0.1118
0.108932
0.106186
0.103555
0.101032
0.0986121
0.0962885
0.0940562
0.0919101
0.0898454
0.0878579
0.0859434
0.0840979
0.0823179
0.0806
0.0789408
0.0773374
0.0757868
0.0742863
0.0728334
0.0714255
0.0700603
0.0687356
0.0674492
0.0661993
0.0649837
0.0638008
0.0626486
0.0615257
0.0604304
0.0593613
0.058317
0.0572962
0.0562977
0.0553207
0.0543641
0.0534274
0.0525102
0.0516121
0.0507334
0.0498745
0.0490365
0.0482208
0.0474299
0.0466668
0.0459359
0.0452431
0.0445961
0.0440053
0.0434842
0.043051
0.0427291
0.0425495
0.961692
0.892185
0.829085
0.771728
0.719523
0.671944
0.628524
0.588843
0.552532
0.519257
0.488723
0.460666
0.434847
0.411057
0.389106
0.368823
0.350056
0.332668
0.316537
0.301552
0.287613
0.274631
0.262525
0.25122
0.240652
0.23076
0.221491
0.212794
0.204625
0.196943
0.189713
0.182898
0.17647
0.170399
0.164661
0.159231
0.154089
0.149213
0.144587
0.140193
0.136017
0.132043
0.128259
0.124653
0.121214
0.117931
0.114795
0.111797
0.108928
0.106182
0.103551
0.101029
0.0986084
0.0962847
0.0940523
0.091906
0.0898412
0.0878535
0.0859388
0.0840932
0.082313
0.0805949
0.0789355
0.0773319
0.0757811
0.0742804
0.0728273
0.0714191
0.0700537
0.0687287
0.0674422
0.0661919
0.0649761
0.0637928
0.0626404
0.0615172
0.0604215
0.0593521
0.0583074
0.0572862
0.0562874
0.0553099
0.054353
0.0534159
0.0524983
0.0515999
0.0507208
0.0498616
0.0490233
0.0482073
0.0474161
0.0466528
0.0459218
0.0452289
0.0445819
0.043991
0.04347
0.0430369
0.0427151
0.0425355
0.961692
0.892185
0.829085
0.771728
0.719523
0.671944
0.628524
0.588843
0.552532
0.519257
0.488723
0.460665
0.434847
0.411057
0.389105
0.368822
0.350055
0.332668
0.316537
0.301552
0.287613
0.274631
0.262524
0.251219
0.240651
0.230759
0.22149
0.212793
0.204624
0.196942
0.189711
0.182897
0.176468
0.170398
0.164659
0.15923
0.154087
0.149211
0.144585
0.140191
0.136014
0.132041
0.128257
0.124651
0.121211
0.117928
0.114792
0.111794
0.108925
0.106179
0.103548
0.101025
0.0986049
0.096281
0.0940484
0.091902
0.0898371
0.0878492
0.0859344
0.0840886
0.0823083
0.0805899
0.0789304
0.0773266
0.0757756
0.0742747
0.0728213
0.071413
0.0700473
0.0687221
0.0674353
0.0661847
0.0649686
0.0637851
0.0626324
0.0615088
0.0604129
0.0593431
0.058298
0.0572765
0.0562773
0.0552995
0.0543422
0.0534048
0.0524868
0.051588
0.0507086
0.0498491
0.0490104
0.0481942
0.0474028
0.0466393
0.0459082
0.0452152
0.0445681
0.0439773
0.0434563
0.0430232
0.0427016
0.042522
0.961692
0.892185
0.829085
0.771728
0.719523
0.671944
0.628524
0.588843
0.552532
0.519257
0.488723
0.460665
0.434847
0.411057
0.389105
0.368822
0.350055
0.332667
0.316536
0.301551
0.287612
0.27463
0.262523
0.251219
0.24065
0.230758
0.221489
0.212791
0.204622
0.196941
0.18971
0.182895
0.176467
0.170396
0.164658
0.159228
0.154085
0.14921
0.144583
0.140189
0.136012
0.132038
0.128254
0.124648
0.121209
0.117925
0.114789
0.111791
0.108922
0.106176
0.103545
0.101022
0.0986014
0.0962774
0.0940447
0.0918981
0.089833
0.0878451
0.08593
0.0840841
0.0823036
0.0805851
0.0789254
0.0773214
0.0757702
0.0742692
0.0728156
0.071407
0.0700411
0.0687157
0.0674286
0.0661778
0.0649614
0.0637776
0.0626246
0.0615008
0.0604045
0.0593344
0.058289
0.0572671
0.0562676
0.0552895
0.0543318
0.053394
0.0524757
0.0515765
0.0506968
0.049837
0.0489981
0.0481817
0.04739
0.0466264
0.0458951
0.045202
0.0445549
0.0439641
0.0434432
0.0430101
0.0426886
0.0425091
0.961692
0.892185
0.829085
0.771728
0.719523
0.671944
0.628523
0.588843
0.552531
0.519257
0.488723
0.460665
0.434847
0.411057
0.389105
0.368821
0.350054
0.332667
0.316536
0.30155
0.287612
0.274629
0.262522
0.251218
0.240649
0.230757
0.221488
0.21279
0.204621
0.19694
0.189709
0.182894
0.176466
0.170395
0.164656
0.159226
0.154083
0.149208
0.144581
0.140187
0.13601
0.132036
0.128252
0.124646
0.121206
0.117923
0.114786
0.111788
0.108919
0.106173
0.103542
0.101019
0.098598
0.096274
0.0940411
0.0918944
0.0898292
0.0878411
0.0859259
0.0840798
0.0822992
0.0805805
0.0789206
0.0773165
0.0757651
0.0742638
0.07281
0.0714013
0.0700352
0.0687095
0.0674222
0.0661712
0.0649546
0.0637705
0.0626172
0.0614931
0.0603965
0.0593261
0.0582804
0.0572582
0.0562584
0.0552799
0.0543219
0.0533838
0.0524651
0.0515656
0.0506856
0.0498255
0.0489864
0.0481697
0.0473779
0.046614
0.0458826
0.0451895
0.0445424
0.0439516
0.0434307
0.0429977
0.0426762
0.0424968
0.961692
0.892185
0.829085
0.771728
0.719523
0.671944
0.628523
0.588843
0.552531
0.519257
0.488723
0.460665
0.434847
0.411056
0.389104
0.368821
0.350054
0.332666
0.316535
0.30155
0.287611
0.274628
0.262521
0.251217
0.240649
0.230757
0.221487
0.212789
0.20462
0.196939
0.189707
0.182893
0.176464
0.170393
0.164655
0.159225
0.154082
0.149206
0.144579
0.140185
0.136008
0.132034
0.12825
0.124643
0.121204
0.11792
0.114784
0.111785
0.108917
0.10617
0.103539
0.101016
0.0985948
0.0962707
0.0940377
0.0918908
0.0898255
0.0878372
0.0859219
0.0840757
0.0822949
0.0805761
0.0789161
0.0773117
0.0757602
0.0742588
0.0728048
0.0713958
0.0700295
0.0687037
0.0674161
0.0661649
0.064948
0.0637637
0.0626102
0.0614858
0.060389
0.0593182
0.0582723
0.0572498
0.0562496
0.0552708
0.0543125
0.0533741
0.0524551
0.0515554
0.0506751
0.0498147
0.0489753
0.0481584
0.0473664
0.0466025
0.045871
0.0451778
0.0445306
0.0439398
0.043419
0.0429861
0.0426647
0.0424853
0.961692
0.892185
0.829085
0.771728
0.719523
0.671944
0.628523
0.588843
0.552531
0.519257
0.488722
0.460665
0.434846
0.411056
0.389104
0.368821
0.350054
0.332666
0.316535
0.301549
0.28761
0.274628
0.262521
0.251216
0.240648
0.230756
0.221486
0.212788
0.204619
0.196937
0.189706
0.182891
0.176463
0.170392
0.164653
0.159223
0.15408
0.149204
0.144578
0.140183
0.136006
0.132032
0.128248
0.124641
0.121201
0.117918
0.114781
0.111783
0.108914
0.106167
0.103536
0.101013
0.0985918
0.0962675
0.0940344
0.0918875
0.089822
0.0878336
0.0859182
0.0840718
0.0822909
0.080572
0.0789118
0.0773073
0.0757556
0.074254
0.0727999
0.0713907
0.0700242
0.0686982
0.0674105
0.066159
0.0649419
0.0637574
0.0626036
0.061479
0.0603819
0.0593109
0.0582647
0.0572419
0.0562415
0.0552624
0.0543038
0.0533651
0.0524459
0.0515459
0.0506653
0.0498047
0.0489651
0.048148
0.0473558
0.0465918
0.0458602
0.0451669
0.0445198
0.043929
0.0434082
0.0429753
0.042654
0.0424747
0.961692
0.892185
0.829085
0.771728
0.719523
0.671944
0.628523
0.588843
0.552531
0.519256
0.488722
0.460664
0.434846
0.411056
0.389104
0.36882
0.350053
0.332665
0.316534
0.301549
0.28761
0.274627
0.26252
0.251215
0.240647
0.230755
0.221485
0.212787
0.204618
0.196936
0.189705
0.18289
0.176462
0.170391
0.164652
0.159222
0.154078
0.149203
0.144576
0.140182
0.136004
0.13203
0.128246
0.124639
0.121199
0.117916
0.114779
0.111781
0.108912
0.106165
0.103533
0.10101
0.098589
0.0962646
0.0940314
0.0918843
0.0898188
0.0878303
0.0859147
0.0840682
0.0822872
0.0805681
0.0789078
0.0773032
0.0757514
0.0742496
0.0727953
0.071386
0.0700194
0.0686932
0.0674052
0.0661536
0.0649363
0.0637516
0.0625976
0.0614727
0.0603754
0.0593042
0.0582577
0.0572347
0.056234
0.0552547
0.0542959
0.0533569
0.0524374
0.0515372
0.0506564
0.0497956
0.0489558
0.0481385
0.0473462
0.046582
0.0458504
0.0451571
0.0445099
0.0439192
0.0433984
0.0429656
0.0426443
0.042465
0.961692
0.892185
0.829085
0.771728
0.719523
0.671944
0.628523
0.588843
0.552531
0.519256
0.488722
0.460664
0.434846
0.411055
0.389103
0.36882
0.350053
0.332665
0.316534
0.301548
0.287609
0.274626
0.262519
0.251215
0.240646
0.230754
0.221484
0.212786
0.204617
0.196935
0.189704
0.182889
0.17646
0.170389
0.164651
0.15922
0.154077
0.149201
0.144574
0.14018
0.136003
0.132028
0.128244
0.124637
0.121197
0.117914
0.114777
0.111778
0.108909
0.106163
0.103531
0.101007
0.0985864
0.0962619
0.0940286
0.0918815
0.0898158
0.0878272
0.0859115
0.084065
0.0822838
0.0805646
0.0789042
0.0772994
0.0757475
0.0742456
0.0727912
0.0713817
0.0700149
0.0686886
0.0674005
0.0661487
0.0649313
0.0637463
0.0625922
0.0614671
0.0603696
0.0592982
0.0582515
0.0572283
0.0562274
0.0552478
0.0542888
0.0533496
0.0524299
0.0515294
0.0506484
0.0497874
0.0489475
0.0481301
0.0473377
0.0465734
0.0458417
0.0451484
0.0445012
0.0439105
0.0433897
0.042957
0.0426357
0.0424565
0.961692
0.892185
0.829085
0.771728
0.719523
0.671944
0.628523
0.588843
0.552531
0.519256
0.488722
0.460664
0.434845
0.411055
0.389103
0.36882
0.350052
0.332664
0.316533
0.301548
0.287608
0.274626
0.262519
0.251214
0.240645
0.230753
0.221483
0.212786
0.204616
0.196934
0.189703
0.182888
0.176459
0.170388
0.164649
0.159219
0.154076
0.1492
0.144573
0.140179
0.136001
0.132027
0.128242
0.124636
0.121196
0.117912
0.114775
0.111776
0.108907
0.10616
0.103529
0.101005
0.0985841
0.0962595
0.0940261
0.0918789
0.0898131
0.0878244
0.0859087
0.084062
0.0822808
0.0805615
0.078901
0.0772961
0.0757441
0.074242
0.0727875
0.0713779
0.070011
0.0686845
0.0673963
0.0661444
0.0649268
0.0637417
0.0625874
0.0614622
0.0603645
0.0592929
0.0582461
0.0572227
0.0562216
0.0552418
0.0542826
0.0533432
0.0524233
0.0515227
0.0506416
0.0497805
0.0489404
0.0481229
0.0473304
0.046566
0.0458343
0.0451409
0.0444937
0.043903
0.0433823
0.0429496
0.0426284
0.0424493
0.961692
0.892185
0.829085
0.771728
0.719523
0.671944
0.628523
0.588843
0.552531
0.519256
0.488722
0.460664
0.434845
0.411055
0.389103
0.368819
0.350052
0.332664
0.316533
0.301547
0.287608
0.274625
0.262518
0.251213
0.240645
0.230752
0.221482
0.212785
0.204615
0.196934
0.189702
0.182887
0.176458
0.170387
0.164648
0.159218
0.154075
0.149199
0.144572
0.140177
0.136
0.132025
0.128241
0.124634
0.121194
0.11791
0.114774
0.111775
0.108906
0.106159
0.103527
0.101003
0.098582
0.0962574
0.0940239
0.0918766
0.0898108
0.087822
0.0859062
0.0840595
0.0822781
0.0805588
0.0788982
0.0772932
0.0757411
0.074239
0.0727843
0.0713747
0.0700077
0.0686811
0.0673928
0.0661407
0.064923
0.0637378
0.0625834
0.061458
0.0603602
0.0592885
0.0582415
0.057218
0.0562167
0.0552369
0.0542775
0.053338
0.0524179
0.0515172
0.050636
0.0497747
0.0489345
0.048117
0.0473244
0.04656
0.0458282
0.0451349
0.0444877
0.043897
0.0433763
0.0429437
0.0426225
0.0424434
0.961692
0.892185
0.829085
0.771728
0.719523
0.671944
0.628523
0.588842
0.552531
0.519256
0.488721
0.460663
0.434845
0.411054
0.389102
0.368819
0.350052
0.332664
0.316532
0.301547
0.287607
0.274625
0.262518
0.251213
0.240644
0.230752
0.221482
0.212784
0.204615
0.196933
0.189701
0.182886
0.176457
0.170386
0.164647
0.159217
0.154074
0.149198
0.144571
0.140176
0.135999
0.132024
0.12824
0.124633
0.121193
0.117909
0.114772
0.111773
0.108904
0.106157
0.103525
0.101002
0.0985803
0.0962556
0.0940221
0.0918747
0.0898088
0.08782
0.0859042
0.0840573
0.082276
0.0805565
0.0788959
0.0772909
0.0757386
0.0742365
0.0727818
0.071372
0.070005
0.0686783
0.0673899
0.0661378
0.06492
0.0637347
0.0625802
0.0614547
0.0603569
0.0592851
0.0582379
0.0572143
0.056213
0.055233
0.0542735
0.0533339
0.0524138
0.051513
0.0506317
0.0497704
0.0489301
0.0481125
0.0473199
0.0465555
0.0458237
0.0451304
0.0444832
0.0438925
0.0433719
0.0429392
0.0426181
0.0424389
0.961692
0.892185
0.829085
0.771728
0.719523
0.671944
0.628523
0.588842
0.55253
0.519256
0.488721
0.460663
0.434845
0.411054
0.389102
0.368819
0.350051
0.332663
0.316532
0.301546
0.287607
0.274624
0.262517
0.251212
0.240644
0.230751
0.221481
0.212784
0.204614
0.196932
0.189701
0.182886
0.176457
0.170386
0.164647
0.159216
0.154073
0.149197
0.14457
0.140175
0.135998
0.132023
0.128239
0.124632
0.121192
0.117908
0.114771
0.111772
0.108903
0.106156
0.103524
0.101
0.0985789
0.0962542
0.0940206
0.0918732
0.0898073
0.0878185
0.0859026
0.0840557
0.0822743
0.0805548
0.0788941
0.077289
0.0757368
0.0742346
0.0727798
0.0713701
0.0700029
0.0686762
0.0673878
0.0661356
0.0649178
0.0637325
0.0625779
0.0614524
0.0603545
0.0592826
0.0582355
0.0572118
0.0562104
0.0552304
0.0542709
0.0533312
0.0524111
0.0515102
0.0506289
0.0497676
0.0489273
0.0481097
0.0473171
0.0465527
0.0458209
0.0451276
0.0444804
0.0438898
0.0433691
0.0429365
0.0426153
0.0424362
0.961692
0.892185
0.829085
0.771728
0.719523
0.671944
0.628523
0.588842
0.55253
0.519255
0.488721
0.460663
0.434845
0.411054
0.389102
0.368818
0.350051
0.332663
0.316532
0.301546
0.287607
0.274624
0.262517
0.251212
0.240643
0.230751
0.221481
0.212783
0.204614
0.196932
0.1897
0.182885
0.176456
0.170385
0.164646
0.159216
0.154072
0.149196
0.144569
0.140175
0.135997
0.132023
0.128238
0.124631
0.121191
0.117907
0.11477
0.111771
0.108902
0.106155
0.103523
0.100999
0.0985779
0.0962532
0.0940196
0.0918722
0.0898063
0.0878174
0.0859015
0.0840546
0.0822731
0.0805537
0.0788929
0.0772879
0.0757356
0.0742334
0.0727786
0.0713688
0.0700017
0.068675
0.0673865
0.0661343
0.0649165
0.0637312
0.0625766
0.0614511
0.0603532
0.0592814
0.0582342
0.0572105
0.0562092
0.0552292
0.0542697
0.0533301
0.0524099
0.0515091
0.0506278
0.0497665
0.0489263
0.0481088
0.0473162
0.0465518
0.0458201
0.0451268
0.0444796
0.043889
0.0433683
0.0429356
0.0426145
0.0424355
0.961692
0.892185
0.829085
0.771728
0.719523
0.671944
0.628523
0.588842
0.55253
0.519255
0.488721
0.460663
0.434844
0.411054
0.389102
0.368818
0.350051
0.332663
0.316531
0.301546
0.287606
0.274624
0.262516
0.251212
0.240643
0.230751
0.22148
0.212783
0.204613
0.196931
0.1897
0.182885
0.176456
0.170385
0.164646
0.159215
0.154072
0.149196
0.144569
0.140174
0.135997
0.132022
0.128237
0.124631
0.12119
0.117907
0.11477
0.111771
0.108901
0.106154
0.103522
0.100999
0.0985774
0.0962527
0.0940191
0.0918717
0.0898057
0.0878169
0.0859009
0.0840541
0.0822726
0.0805531
0.0788924
0.0772874
0.0757351
0.0742329
0.0727782
0.0713684
0.0700013
0.0686746
0.0673862
0.0661341
0.0649163
0.063731
0.0625765
0.0614511
0.0603532
0.0592814
0.0582343
0.0572107
0.0562095
0.0552295
0.0542701
0.0533306
0.0524106
0.0515099
0.0506287
0.0497675
0.0489274
0.0481099
0.0473174
0.0465532
0.0458215
0.0451282
0.0444811
0.0438904
0.0433697
0.0429371
0.0426159
0.0424367
0.961692
0.892185
0.829085
0.771728
0.719523
0.671944
0.628523
0.588842
0.55253
0.519255
0.488721
0.460663
0.434844
0.411054
0.389102
0.368818
0.350051
0.332663
0.316531
0.301546
0.287606
0.274624
0.262516
0.251211
0.240643
0.23075
0.22148
0.212783
0.204613
0.196931
0.1897
0.182885
0.176456
0.170384
0.164645
0.159215
0.154072
0.149195
0.144569
0.140174
0.135996
0.132022
0.128237
0.12463
0.12119
0.117906
0.114769
0.11177
0.108901
0.106154
0.103522
0.100999
0.0985773
0.0962526
0.094019
0.0918716
0.0898057
0.0878168
0.0859009
0.0840541
0.0822727
0.0805532
0.0788925
0.0772875
0.0757353
0.0742332
0.0727785
0.0713688
0.0700017
0.0686751
0.0673867
0.0661347
0.064917
0.0637318
0.0625774
0.061452
0.0603543
0.0592826
0.0582357
0.0572122
0.0562111
0.0552313
0.0542721
0.0533327
0.0524128
0.0515123
0.0506312
0.0497702
0.0489302
0.0481129
0.0473205
0.0465563
0.0458247
0.0451315
0.0444845
0.0438938
0.0433731
0.0429404
0.042619
0.0424394
0.961692
0.892185
0.829085
0.771728
0.719523
0.671944
0.628523
0.588842
0.55253
0.519255
0.488721
0.460663
0.434844
0.411054
0.389101
0.368818
0.350051
0.332663
0.316531
0.301546
0.287606
0.274624
0.262516
0.251211
0.240643
0.23075
0.22148
0.212783
0.204613
0.196931
0.1897
0.182885
0.176456
0.170384
0.164645
0.159215
0.154072
0.149196
0.144569
0.140174
0.135997
0.132022
0.128237
0.124631
0.12119
0.117907
0.11477
0.111771
0.108901
0.106154
0.103522
0.100999
0.0985776
0.0962528
0.0940193
0.0918719
0.089806
0.0878172
0.0859013
0.0840545
0.0822731
0.0805537
0.0788931
0.0772881
0.0757359
0.0742338
0.0727792
0.0713696
0.0700026
0.068676
0.0673878
0.0661358
0.0649182
0.0637331
0.0625788
0.0614536
0.0603559
0.0592844
0.0582376
0.0572143
0.0562133
0.0552337
0.0542746
0.0533354
0.0524157
0.0515153
0.0506344
0.0497735
0.0489337
0.0481165
0.0473243
0.0465603
0.0458287
0.0451356
0.0444886
0.0438979
0.0433772
0.0429444
0.0426227
0.0424425
)
;

boundaryField
{
    inlet
    {
        type            fixedValue;
        value           uniform 1;
    }
    outlet
    {
        type            inletOutlet;
        inletValue      uniform 1;
        value           nonuniform List<scalar> 
100
(
0.0423618
0.0423634
0.0423667
0.0423714
0.0423775
0.0423849
0.0423935
0.0424032
0.042414
0.0424256
0.0424381
0.0424514
0.0424653
0.0424798
0.0424947
0.0425101
0.0425257
0.0425416
0.0425577
0.0425739
0.0425901
0.0426063
0.0426224
0.0426383
0.0426541
0.0426696
0.0426848
0.0426997
0.0427142
0.0427283
0.042742
0.0427552
0.0427679
0.04278
0.0427915
0.0428025
0.0428129
0.0428226
0.0428316
0.04284
0.0428477
0.0428547
0.0428609
0.0428664
0.0428712
0.0428752
0.0428785
0.042881
0.0428827
0.0428837
0.0428839
0.0428833
0.0428819
0.0428798
0.0428769
0.0428733
0.0428689
0.0428638
0.042858
0.0428515
0.0428442
0.0428363
0.0428277
0.0428185
0.0428087
0.0427982
0.0427872
0.0427757
0.0427636
0.0427511
0.0427381
0.0427247
0.0427109
0.0426968
0.0426825
0.0426679
0.0426531
0.0426381
0.0426231
0.0426081
0.0425932
0.0425784
0.0425638
0.0425495
0.0425355
0.042522
0.0425091
0.0424968
0.0424853
0.0424747
0.042465
0.0424565
0.0424493
0.0424434
0.0424389
0.0424362
0.0424355
0.0424367
0.0424394
0.0424425
)
;
    }
    ground
    {
        type            empty;
    }
    top
    {
        type            empty;
    }
    front
    {
        type            inletOutlet;
        inletValue      uniform 1;
        value           nonuniform List<scalar> 
100
(
0.961692
0.892185
0.829085
0.771728
0.719523
0.671944
0.628523
0.588842
0.55253
0.519255
0.488721
0.460663
0.434844
0.411054
0.389102
0.368818
0.350051
0.332663
0.316531
0.301546
0.287606
0.274623
0.262516
0.251211
0.240643
0.23075
0.22148
0.212782
0.204613
0.196931
0.189699
0.182884
0.176455
0.170384
0.164645
0.159214
0.154071
0.149194
0.144567
0.140173
0.135995
0.13202
0.128235
0.124628
0.121188
0.117904
0.114767
0.111768
0.108898
0.106151
0.103518
0.100995
0.098573
0.0962479
0.0940139
0.0918661
0.0897997
0.0878103
0.0858938
0.0840464
0.0822643
0.0805441
0.0788826
0.0772768
0.0757236
0.0742204
0.0727646
0.0713537
0.0699853
0.0686572
0.0673672
0.0661135
0.0648939
0.0637067
0.06255
0.0614224
0.0603221
0.0592477
0.0581979
0.0571715
0.0561672
0.0551841
0.0542214
0.0532786
0.0523552
0.0514511
0.0505666
0.0497022
0.0488591
0.0480389
0.047244
0.0464777
0.0457445
0.0450503
0.0444027
0.0438122
0.0432921
0.0428603
0.0425401
0.0423618
)
;
    }
    back
    {
        type            inletOutlet;
        inletValue      uniform 1;
        value           nonuniform List<scalar> 
100
(
0.961692
0.892185
0.829085
0.771728
0.719523
0.671944
0.628523
0.588842
0.55253
0.519255
0.488721
0.460663
0.434844
0.411054
0.389101
0.368818
0.350051
0.332663
0.316531
0.301546
0.287606
0.274624
0.262516
0.251211
0.240643
0.23075
0.22148
0.212783
0.204613
0.196931
0.1897
0.182885
0.176456
0.170384
0.164645
0.159215
0.154072
0.149196
0.144569
0.140174
0.135997
0.132022
0.128237
0.124631
0.12119
0.117907
0.11477
0.111771
0.108901
0.106154
0.103522
0.100999
0.0985776
0.0962528
0.0940193
0.0918719
0.089806
0.0878172
0.0859013
0.0840545
0.0822731
0.0805537
0.0788931
0.0772881
0.0757359
0.0742338
0.0727792
0.0713696
0.0700026
0.068676
0.0673878
0.0661358
0.0649182
0.0637331
0.0625788
0.0614536
0.0603559
0.0592844
0.0582376
0.0572143
0.0562133
0.0552337
0.0542746
0.0533354
0.0524157
0.0515153
0.0506344
0.0497735
0.0489337
0.0481165
0.0473243
0.0465603
0.0458287
0.0451356
0.0444886
0.0438979
0.0433772
0.0429444
0.0426227
0.0424425
)
;
    }
}


// ************************************************************************* //
