/*--------------------------------*- C++ -*----------------------------------*\
  =========                 |
  \\      /  F ield         | OpenFOAM: The Open Source CFD Toolbox
   \\    /   O peration     | Website:  https://openfoam.org
    \\  /    A nd           | Version:  11
     \\/     M anipulation  |
\*---------------------------------------------------------------------------*/
FoamFile
{
    format      ascii;
    class       volScalarField;
    location    "404";
    object      omega;
}
// * * * * * * * * * * * * * * * * * * * * * * * * * * * * * * * * * * * * * //

dimensions      [0 0 -1 0 0 0 0];

internalField   nonuniform List<scalar> 
10000
(
0.961693
0.892186
0.829087
0.77173
0.719524
0.671944
0.62852
0.588837
0.552522
0.519243
0.488704
0.46064
0.434816
0.411018
0.389059
0.368767
0.34999
0.332593
0.316451
0.301454
0.287502
0.274506
0.262385
0.251066
0.240482
0.230573
0.221285
0.212569
0.204381
0.196678
0.189425
0.182588
0.176135
0.170038
0.164272
0.158814
0.15364
0.148733
0.144072
0.139642
0.135427
0.131412
0.127585
0.123932
0.120443
0.117107
0.113914
0.110855
0.107921
0.105104
0.102397
0.0997925
0.097284
0.0948653
0.0925304
0.0902738
0.0880904
0.0859752
0.0839237
0.0819317
0.0799953
0.0781109
0.0762755
0.0744861
0.0727403
0.0710361
0.0693718
0.0677463
0.0661588
0.0646088
0.0630964
0.0616219
0.0601859
0.0587894
0.0574332
0.0561187
0.0548472
0.0536201
0.0524385
0.0513036
0.0502162
0.0491769
0.0481861
0.0472442
0.0463513
0.0455074
0.0447124
0.0439662
0.0432684
0.0426191
0.0420182
0.041466
0.0409629
0.0405099
0.0401086
0.0397611
0.0394707
0.0392418
0.0390802
0.0389941
0.961693
0.892187
0.829087
0.77173
0.719524
0.671944
0.628521
0.588837
0.552522
0.519243
0.488704
0.460641
0.434816
0.411019
0.389059
0.368767
0.349991
0.332593
0.316451
0.301454
0.287503
0.274507
0.262386
0.251066
0.240482
0.230573
0.221286
0.21257
0.204381
0.196679
0.189426
0.182588
0.176135
0.170039
0.164273
0.158814
0.153641
0.148733
0.144073
0.139643
0.135428
0.131413
0.127585
0.123933
0.120444
0.117108
0.113915
0.110856
0.107922
0.105105
0.102398
0.0997938
0.0972855
0.0948669
0.0925321
0.0902756
0.0880923
0.0859773
0.0839259
0.0819341
0.0799979
0.0781138
0.0762785
0.0744893
0.0727438
0.0710398
0.0693757
0.0677504
0.0661631
0.0646133
0.063101
0.0616267
0.0601909
0.0587944
0.0574384
0.0561241
0.0548528
0.0536257
0.0524441
0.0513091
0.0502214
0.0491819
0.0481909
0.0472488
0.0463557
0.0455116
0.0447164
0.0439699
0.0432719
0.0426224
0.0420214
0.0414689
0.0409656
0.0405125
0.0401111
0.0397635
0.039473
0.0392439
0.0390823
0.0389962
0.961693
0.892187
0.829087
0.77173
0.719524
0.671944
0.628521
0.588838
0.552523
0.519244
0.488705
0.460641
0.434817
0.411019
0.389059
0.368768
0.349991
0.332593
0.316451
0.301455
0.287503
0.274507
0.262386
0.251067
0.240483
0.230574
0.221286
0.212571
0.204382
0.196679
0.189426
0.182589
0.176136
0.170039
0.164274
0.158815
0.153642
0.148734
0.144074
0.139644
0.135429
0.131414
0.127587
0.123934
0.120445
0.117109
0.113916
0.110857
0.107923
0.105107
0.1024
0.099796
0.0972878
0.0948693
0.0925347
0.0902785
0.0880954
0.0859806
0.0839295
0.081938
0.0800021
0.0781183
0.0762833
0.0744945
0.0727493
0.0710456
0.069382
0.067757
0.06617
0.0646206
0.0631087
0.0616346
0.060199
0.0588028
0.057447
0.0561329
0.0548617
0.0536347
0.0524531
0.0513179
0.0502301
0.0491904
0.0481991
0.0472567
0.0463633
0.0455189
0.0447234
0.0439766
0.0432783
0.0426285
0.0420271
0.0414743
0.0409708
0.0405174
0.0401157
0.0397679
0.0394772
0.0392481
0.0390864
0.0390002
0.961693
0.892187
0.829087
0.77173
0.719525
0.671945
0.628521
0.588838
0.552523
0.519244
0.488705
0.460642
0.434817
0.41102
0.38906
0.368768
0.349992
0.332594
0.316452
0.301455
0.287504
0.274508
0.262387
0.251068
0.240484
0.230575
0.221287
0.212572
0.204383
0.196681
0.189428
0.18259
0.176137
0.170041
0.164275
0.158816
0.153643
0.148736
0.144075
0.139645
0.13543
0.131416
0.127588
0.123936
0.120447
0.117111
0.113919
0.11086
0.107926
0.10511
0.102403
0.099799
0.097291
0.0948728
0.0925385
0.0902825
0.0880997
0.0859852
0.0839345
0.0819433
0.0800078
0.0781245
0.07629
0.0745017
0.0727569
0.0710538
0.0693906
0.0677662
0.0661797
0.0646307
0.0631192
0.0616456
0.0602103
0.0588145
0.057459
0.056145
0.054874
0.0536471
0.0524655
0.0513302
0.0502422
0.0492022
0.0482107
0.0472679
0.0463741
0.0455293
0.0447333
0.0439861
0.0432874
0.0426371
0.0420353
0.0414821
0.0409782
0.0405245
0.0401224
0.0397744
0.0394835
0.0392541
0.0390923
0.039006
0.961693
0.892187
0.829087
0.771731
0.719525
0.671945
0.628522
0.588839
0.552524
0.519245
0.488706
0.460643
0.434818
0.411021
0.389061
0.368769
0.349993
0.332595
0.316453
0.301457
0.287505
0.27451
0.262389
0.251069
0.240485
0.230576
0.221289
0.212573
0.204384
0.196682
0.189429
0.182591
0.176139
0.170042
0.164277
0.158818
0.153645
0.148738
0.144077
0.139647
0.135432
0.131418
0.127591
0.123938
0.12045
0.117114
0.113921
0.110863
0.107929
0.105113
0.102407
0.0998029
0.0972952
0.0948773
0.0925433
0.0902876
0.0881052
0.0859912
0.0839409
0.0819502
0.0800153
0.0781324
0.0762986
0.0745108
0.0727667
0.0710642
0.0694017
0.0677779
0.066192
0.0646436
0.0631327
0.0616596
0.0602248
0.0588293
0.0574741
0.0561605
0.0548896
0.0536628
0.0524811
0.0513458
0.0502576
0.0492172
0.0482253
0.0472822
0.0463879
0.0455426
0.0447461
0.0439983
0.0432991
0.0426483
0.0420459
0.0414922
0.0409878
0.0405336
0.0401312
0.0397828
0.0394916
0.039262
0.0391
0.0390135
0.961693
0.892187
0.829088
0.771731
0.719525
0.671945
0.628522
0.58884
0.552525
0.519246
0.488707
0.460644
0.434819
0.411022
0.389062
0.368771
0.349994
0.332597
0.316455
0.301458
0.287507
0.274511
0.26239
0.251071
0.240487
0.230578
0.22129
0.212575
0.204386
0.196684
0.189431
0.182593
0.176141
0.170044
0.164279
0.15882
0.153647
0.14874
0.14408
0.13965
0.135435
0.131421
0.127594
0.123941
0.120453
0.117117
0.113925
0.110866
0.107933
0.105117
0.102411
0.0998076
0.0973003
0.0948827
0.0925491
0.0902939
0.0881119
0.0859984
0.0839487
0.0819586
0.0800242
0.0781421
0.0763089
0.0745218
0.0727785
0.0710767
0.069415
0.0677919
0.0662068
0.0646591
0.0631489
0.0616763
0.0602421
0.0588471
0.0574923
0.0561789
0.0549083
0.0536815
0.0524998
0.0513643
0.0502759
0.0492352
0.0482429
0.0472992
0.0464044
0.0455585
0.0447614
0.044013
0.0433131
0.0426617
0.0420587
0.0415044
0.0409994
0.0405447
0.0401418
0.039793
0.0395014
0.0392715
0.0391093
0.0390227
0.961693
0.892187
0.829088
0.771731
0.719526
0.671946
0.628523
0.58884
0.552525
0.519247
0.488708
0.460645
0.43482
0.411023
0.389063
0.368772
0.349996
0.332598
0.316456
0.301459
0.287508
0.274512
0.262392
0.251072
0.240488
0.23058
0.221292
0.212576
0.204388
0.196686
0.189433
0.182595
0.176143
0.170047
0.164281
0.158823
0.15365
0.148743
0.144082
0.139653
0.135438
0.131424
0.127597
0.123945
0.120457
0.117121
0.113929
0.110871
0.107938
0.105122
0.102416
0.0998132
0.0973062
0.094889
0.0925559
0.0903012
0.0881198
0.0860068
0.0839577
0.0819683
0.0800346
0.0781532
0.0763208
0.0745346
0.0727921
0.0710912
0.0694303
0.0678081
0.0662238
0.064677
0.0631675
0.0616956
0.060262
0.0588675
0.0575132
0.0562001
0.0549297
0.053703
0.0525213
0.0513856
0.0502969
0.0492559
0.0482631
0.0473189
0.0464235
0.0455769
0.0447791
0.04403
0.0433294
0.0426772
0.0420736
0.0415186
0.041013
0.0405576
0.0401542
0.0398048
0.0395128
0.0392826
0.0391201
0.0390334
0.961693
0.892187
0.829088
0.771731
0.719526
0.671946
0.628523
0.588841
0.552526
0.519247
0.488709
0.460646
0.434821
0.411024
0.389065
0.368773
0.349997
0.332599
0.316458
0.301461
0.28751
0.274514
0.262393
0.251074
0.24049
0.230582
0.221294
0.212579
0.20439
0.196688
0.189435
0.182598
0.176145
0.170049
0.164284
0.158825
0.153653
0.148745
0.144086
0.139656
0.135441
0.131427
0.127601
0.123949
0.120461
0.117126
0.113934
0.110876
0.107943
0.105128
0.102422
0.0998195
0.0973129
0.0948962
0.0925636
0.0903094
0.0881286
0.0860163
0.0839679
0.0819792
0.0800464
0.0781658
0.0763343
0.074549
0.0728074
0.0711075
0.0694475
0.0678263
0.0662429
0.064697
0.0631883
0.0617172
0.0602843
0.0588904
0.0575365
0.0562238
0.0549536
0.053727
0.0525453
0.0514094
0.0503204
0.049279
0.0482857
0.0473409
0.0464448
0.0455976
0.044799
0.0440491
0.0433477
0.0426947
0.0420903
0.0415345
0.0410282
0.0405722
0.0401681
0.0398182
0.0395257
0.0392951
0.0391324
0.0390454
0.961693
0.892187
0.829088
0.771731
0.719526
0.671946
0.628524
0.588841
0.552527
0.519248
0.48871
0.460647
0.434822
0.411025
0.389066
0.368774
0.349998
0.332601
0.316459
0.301463
0.287511
0.274516
0.262395
0.251076
0.240492
0.230584
0.221296
0.212581
0.204392
0.19669
0.189438
0.1826
0.176148
0.170052
0.164287
0.158829
0.153656
0.148749
0.144089
0.13966
0.135445
0.131431
0.127605
0.123953
0.120465
0.11713
0.113939
0.110881
0.107949
0.105134
0.102429
0.0998265
0.0973204
0.0949042
0.0925721
0.0903186
0.0881384
0.0860268
0.0839792
0.0819913
0.0800593
0.0781797
0.0763491
0.0745648
0.0728243
0.0711254
0.0694665
0.0678463
0.0662639
0.0647189
0.0632112
0.0617409
0.0603087
0.0589155
0.0575621
0.0562498
0.0549798
0.0537533
0.0525715
0.0514355
0.0503462
0.0493043
0.0483105
0.047365
0.0464683
0.0456202
0.0448208
0.0440701
0.0433678
0.042714
0.0421087
0.0415521
0.041045
0.0405883
0.0401835
0.039833
0.03954
0.039309
0.0391459
0.0390588
0.961693
0.892187
0.829088
0.771731
0.719526
0.671947
0.628524
0.588842
0.552527
0.519249
0.48871
0.460647
0.434823
0.411026
0.389067
0.368776
0.35
0.332602
0.316461
0.301464
0.287513
0.274518
0.262397
0.251078
0.240494
0.230586
0.221299
0.212583
0.204395
0.196693
0.18944
0.182603
0.176151
0.170055
0.16429
0.158832
0.153659
0.148752
0.144093
0.139664
0.135449
0.131436
0.127609
0.123958
0.12047
0.117136
0.113944
0.110887
0.107955
0.105141
0.102436
0.0998342
0.0973286
0.094913
0.0925815
0.0903286
0.0881491
0.0860383
0.0839915
0.0820045
0.0800734
0.0781947
0.0763652
0.074582
0.0728425
0.0711447
0.069487
0.0678679
0.0662866
0.0647426
0.0632358
0.0617665
0.0603351
0.0589425
0.0575897
0.0562778
0.055008
0.0537816
0.0525998
0.0514636
0.0503739
0.0493316
0.0483372
0.0473911
0.0464935
0.0456447
0.0448444
0.0440928
0.0433896
0.0427348
0.0421286
0.0415712
0.0410632
0.0406057
0.0402002
0.0398491
0.0395556
0.0393241
0.0391607
0.0390733
0.961693
0.892187
0.829088
0.771731
0.719526
0.671947
0.628524
0.588842
0.552528
0.519249
0.488711
0.460648
0.434824
0.411028
0.389068
0.368777
0.350001
0.332604
0.316462
0.301466
0.287515
0.27452
0.262399
0.25108
0.240497
0.230588
0.221301
0.212586
0.204398
0.196696
0.189443
0.182606
0.176154
0.170058
0.164293
0.158835
0.153663
0.148756
0.144097
0.139668
0.135454
0.13144
0.127614
0.123963
0.120476
0.117142
0.113951
0.110894
0.107962
0.105148
0.102444
0.0998424
0.0973374
0.0949224
0.0925915
0.0903393
0.0881607
0.0860506
0.0840047
0.0820186
0.0800885
0.0782109
0.0763824
0.0746003
0.072862
0.0711654
0.0695088
0.0678909
0.0663108
0.0647679
0.0632621
0.0617937
0.0603631
0.0589712
0.057619
0.0563075
0.055038
0.0538118
0.0526299
0.0514935
0.0504035
0.0493607
0.0483656
0.0474188
0.0465205
0.0456707
0.0448696
0.044117
0.0434128
0.0427571
0.0421499
0.0415916
0.0410827
0.0406244
0.0402182
0.0398663
0.0395722
0.0393403
0.0391765
0.039089
0.961693
0.892187
0.829088
0.771731
0.719526
0.671947
0.628525
0.588842
0.552528
0.51925
0.488712
0.460649
0.434825
0.411029
0.38907
0.368778
0.350003
0.332606
0.316464
0.301468
0.287517
0.274522
0.262401
0.251082
0.240499
0.230591
0.221304
0.212588
0.2044
0.196699
0.189446
0.182609
0.176157
0.170062
0.164297
0.158839
0.153667
0.14876
0.144101
0.139672
0.135459
0.131445
0.12762
0.123969
0.120482
0.117148
0.113957
0.1109
0.107969
0.105156
0.102452
0.0998512
0.0973468
0.0949324
0.0926022
0.0903508
0.0881729
0.0860637
0.0840187
0.0820336
0.0801046
0.078228
0.0764007
0.0746197
0.0728827
0.0711873
0.0695319
0.0679152
0.0663363
0.0647945
0.0632898
0.0618224
0.0603927
0.0590015
0.0576499
0.0563388
0.0550696
0.0538435
0.0526616
0.0515249
0.0504346
0.0493912
0.0483956
0.047448
0.0465489
0.0456982
0.0448961
0.0441425
0.0434374
0.0427807
0.0421725
0.0416132
0.0411034
0.0406442
0.0402371
0.0398846
0.0395899
0.0393574
0.0391933
0.0391055
0.961693
0.892187
0.829088
0.771731
0.719526
0.671947
0.628525
0.588843
0.552528
0.51925
0.488712
0.46065
0.434826
0.41103
0.389071
0.36878
0.350004
0.332607
0.316466
0.30147
0.287519
0.274524
0.262403
0.251085
0.240501
0.230593
0.221306
0.212591
0.204403
0.196702
0.189449
0.182613
0.176161
0.170065
0.164301
0.158843
0.153671
0.148765
0.144106
0.139677
0.135464
0.131451
0.127625
0.123975
0.120488
0.117154
0.113964
0.110908
0.107977
0.105164
0.102461
0.0998605
0.0973567
0.094943
0.0926135
0.0903628
0.0881858
0.0860775
0.0840334
0.0820493
0.0801214
0.078246
0.0764198
0.0746401
0.0729043
0.0712102
0.0695561
0.0679407
0.0663629
0.0648224
0.0633188
0.0618523
0.0604235
0.0590331
0.0576821
0.0563715
0.0551026
0.0538766
0.0526946
0.0515577
0.050467
0.0494232
0.0484269
0.0474786
0.0465786
0.045727
0.0449239
0.0441693
0.0434631
0.0428053
0.0421961
0.0416358
0.041125
0.0406649
0.040257
0.0399038
0.0396084
0.0393754
0.0392109
0.0391229
0.961693
0.892187
0.829088
0.771731
0.719526
0.671947
0.628525
0.588843
0.552529
0.519251
0.488713
0.460651
0.434827
0.411031
0.389072
0.368781
0.350005
0.332609
0.316467
0.301471
0.287521
0.274526
0.262406
0.251087
0.240504
0.230596
0.221309
0.212594
0.204406
0.196705
0.189452
0.182616
0.176164
0.170069
0.164304
0.158847
0.153675
0.148769
0.14411
0.139682
0.135469
0.131456
0.127631
0.123981
0.120494
0.117161
0.113971
0.110915
0.107985
0.105172
0.10247
0.0998702
0.097367
0.094954
0.0926253
0.0903755
0.0881993
0.0860919
0.0840488
0.0820658
0.0801389
0.0782647
0.0764397
0.0746613
0.0729267
0.0712339
0.0695812
0.067967
0.0663906
0.0648512
0.0633487
0.0618833
0.0604555
0.0590658
0.0577154
0.0564053
0.0551367
0.0539108
0.0527288
0.0515917
0.0505006
0.0494562
0.0484593
0.0475102
0.0466093
0.0457568
0.0449527
0.044197
0.0434898
0.0428309
0.0422206
0.0416593
0.0411476
0.0406865
0.0402778
0.0399237
0.0396277
0.0393941
0.0392292
0.039141
0.961693
0.892187
0.829088
0.771731
0.719526
0.671947
0.628525
0.588843
0.552529
0.519251
0.488714
0.460651
0.434828
0.411031
0.389073
0.368782
0.350007
0.33261
0.316469
0.301473
0.287523
0.274528
0.262408
0.251089
0.240506
0.230598
0.221311
0.212597
0.204409
0.196708
0.189456
0.182619
0.176168
0.170073
0.164308
0.158851
0.15368
0.148774
0.144115
0.139687
0.135474
0.131462
0.127637
0.123987
0.120501
0.117168
0.113979
0.110923
0.107994
0.105181
0.102479
0.0998804
0.0973778
0.0949655
0.0926376
0.0903885
0.0882132
0.0861068
0.0840647
0.0820828
0.0801571
0.078284
0.0764603
0.0746831
0.0729499
0.0712585
0.069607
0.0679942
0.066419
0.0648809
0.0633796
0.0619152
0.0604883
0.0590995
0.0577497
0.0564401
0.0551718
0.053946
0.0527639
0.0516266
0.0505351
0.0494902
0.0484926
0.0475428
0.046641
0.0457875
0.0449824
0.0442256
0.0435173
0.0428573
0.042246
0.0416836
0.0411708
0.0407088
0.0402992
0.0399443
0.0396476
0.0394135
0.0392482
0.0391598
0.961693
0.892187
0.829088
0.771731
0.719526
0.671947
0.628525
0.588843
0.552529
0.519252
0.488714
0.460652
0.434828
0.411032
0.389074
0.368783
0.350008
0.332611
0.31647
0.301475
0.287524
0.27453
0.26241
0.251091
0.240508
0.230601
0.221314
0.2126
0.204412
0.196711
0.189459
0.182623
0.176171
0.170077
0.164312
0.158856
0.153684
0.148779
0.14412
0.139692
0.13548
0.131468
0.127643
0.123994
0.120508
0.117175
0.113986
0.110931
0.108002
0.105191
0.102489
0.0998908
0.0973889
0.0949773
0.0926502
0.090402
0.0882276
0.0861221
0.0840811
0.0821002
0.0801757
0.0783038
0.0764814
0.0747056
0.0729737
0.0712836
0.0696335
0.068022
0.0664482
0.0649113
0.0634111
0.0619479
0.0605219
0.0591339
0.0577848
0.0564756
0.0552076
0.053982
0.0527999
0.0516624
0.0505705
0.049525
0.0485267
0.0475761
0.0466734
0.0458189
0.0450128
0.0442549
0.0435455
0.0428844
0.0422719
0.0417085
0.0411947
0.0407317
0.0403211
0.0399655
0.0396681
0.0394334
0.0392677
0.039179
0.961693
0.892187
0.829088
0.771731
0.719526
0.671947
0.628525
0.588843
0.55253
0.519252
0.488714
0.460652
0.434829
0.411033
0.389075
0.368784
0.350009
0.332613
0.316472
0.301476
0.287526
0.274532
0.262412
0.251094
0.240511
0.230603
0.221317
0.212602
0.204415
0.196714
0.189462
0.182626
0.176175
0.17008
0.164317
0.15886
0.153689
0.148783
0.144125
0.139698
0.135485
0.131474
0.127649
0.124
0.120515
0.117183
0.113994
0.11094
0.108011
0.1052
0.102499
0.0999015
0.0974003
0.0949895
0.0926631
0.0904158
0.0882423
0.0861379
0.0840979
0.0821181
0.0801947
0.0783241
0.076503
0.0747284
0.0729979
0.0713092
0.0696605
0.0680504
0.0664778
0.0649422
0.0634433
0.0619811
0.060556
0.0591689
0.0578204
0.0565118
0.0552441
0.0540186
0.0528364
0.0516987
0.0506064
0.0495604
0.0485615
0.04761
0.0467064
0.045851
0.0450437
0.0442848
0.0435742
0.042912
0.0422984
0.0417339
0.041219
0.040755
0.0403436
0.0399871
0.039689
0.0394537
0.0392876
0.0391986
0.961693
0.892187
0.829087
0.771731
0.719526
0.671947
0.628525
0.588843
0.55253
0.519252
0.488715
0.460653
0.43483
0.411034
0.389076
0.368785
0.35001
0.332614
0.316473
0.301478
0.287528
0.274533
0.262414
0.251096
0.240513
0.230606
0.22132
0.212605
0.204418
0.196717
0.189466
0.18263
0.176179
0.170084
0.164321
0.158864
0.153693
0.148788
0.14413
0.139703
0.135491
0.13148
0.127656
0.124007
0.120522
0.117191
0.114002
0.110948
0.10802
0.10521
0.102509
0.0999124
0.0974119
0.0950019
0.0926763
0.0904299
0.0882573
0.0861539
0.0841149
0.0821363
0.0802141
0.0783447
0.0765249
0.0747517
0.0730225
0.0713352
0.0696878
0.0680791
0.0665079
0.0649735
0.0634758
0.0620147
0.0605906
0.0592043
0.0578565
0.0565484
0.055281
0.0540556
0.0528734
0.0517355
0.0506428
0.0495963
0.0485966
0.0476444
0.0467399
0.0458834
0.0450751
0.0443151
0.0436034
0.04294
0.0423253
0.0417596
0.0412437
0.0407788
0.0403664
0.0400091
0.0397102
0.0394744
0.0393078
0.0392186
0.961693
0.892186
0.829087
0.771731
0.719526
0.671947
0.628525
0.588844
0.55253
0.519252
0.488715
0.460653
0.43483
0.411035
0.389076
0.368786
0.350011
0.332615
0.316475
0.301479
0.287529
0.274535
0.262416
0.251098
0.240515
0.230608
0.221322
0.212608
0.204421
0.19672
0.189469
0.182634
0.176183
0.170088
0.164325
0.158869
0.153698
0.148793
0.144136
0.139709
0.135497
0.131486
0.127662
0.124014
0.120529
0.117198
0.114011
0.110957
0.108029
0.10522
0.10252
0.0999235
0.0974237
0.0950144
0.0926897
0.0904441
0.0882725
0.0861701
0.0841322
0.0821547
0.0802337
0.0783656
0.076547
0.0747751
0.0730473
0.0713614
0.0697154
0.0681081
0.0665382
0.0650051
0.0635085
0.0620485
0.0606254
0.0592399
0.0578928
0.0565852
0.0553182
0.054093
0.0529107
0.0517726
0.0506795
0.0496325
0.0486321
0.047679
0.0467736
0.0459162
0.0451068
0.0443457
0.0436328
0.0429684
0.0423525
0.0417857
0.0412687
0.0408027
0.0403894
0.0400313
0.0397317
0.0394952
0.0393282
0.0392388
0.961693
0.892186
0.829087
0.771731
0.719526
0.671947
0.628525
0.588844
0.55253
0.519253
0.488715
0.460654
0.434831
0.411035
0.389077
0.368787
0.350012
0.332616
0.316476
0.301481
0.287531
0.274537
0.262418
0.2511
0.240518
0.230611
0.221325
0.212611
0.204424
0.196724
0.189473
0.182637
0.176186
0.170092
0.164329
0.158873
0.153703
0.148798
0.144141
0.139714
0.135503
0.131492
0.127669
0.124021
0.120537
0.117206
0.114019
0.110966
0.108039
0.105229
0.10253
0.0999347
0.0974357
0.0950271
0.0927032
0.0904585
0.0882879
0.0861864
0.0841496
0.0821733
0.0802534
0.0783865
0.0765693
0.0747987
0.0730723
0.0713877
0.0697432
0.0681372
0.0665686
0.0650368
0.0635414
0.0620825
0.0606604
0.0592757
0.0579293
0.0566222
0.0553555
0.0541304
0.0529481
0.0518098
0.0507163
0.0496688
0.0486677
0.0477139
0.0468076
0.0459491
0.0451387
0.0443765
0.0436625
0.0429968
0.0423799
0.041812
0.0412939
0.0408269
0.0404127
0.0400537
0.0397533
0.0395163
0.0393488
0.0392591
0.961693
0.892186
0.829087
0.771731
0.719526
0.671947
0.628525
0.588844
0.55253
0.519253
0.488716
0.460654
0.434831
0.411036
0.389078
0.368788
0.350013
0.332617
0.316477
0.301482
0.287533
0.274539
0.26242
0.251102
0.24052
0.230613
0.221327
0.212614
0.204427
0.196727
0.189476
0.182641
0.17619
0.170096
0.164333
0.158878
0.153708
0.148803
0.144146
0.13972
0.135509
0.131498
0.127676
0.124028
0.120544
0.117214
0.114027
0.110975
0.108048
0.105239
0.102541
0.099946
0.0974477
0.0950399
0.0927168
0.090473
0.0883033
0.0862029
0.0841671
0.0821919
0.0802733
0.0784076
0.0765916
0.0748224
0.0730973
0.0714141
0.0697709
0.0681663
0.066599
0.0650685
0.0635743
0.0621165
0.0606954
0.0593115
0.0579658
0.0566591
0.0553928
0.0541679
0.0529856
0.051847
0.0507532
0.0497051
0.0487034
0.0477487
0.0468415
0.0459821
0.0451706
0.0444073
0.0436921
0.0430254
0.0424073
0.0418383
0.0413191
0.0408511
0.0404359
0.0400761
0.039775
0.0395374
0.0393694
0.0392795
0.961693
0.892186
0.829087
0.771731
0.719526
0.671947
0.628525
0.588844
0.55253
0.519253
0.488716
0.460654
0.434832
0.411036
0.389079
0.368789
0.350014
0.332619
0.316479
0.301484
0.287534
0.27454
0.262421
0.251104
0.240522
0.230615
0.22133
0.212616
0.20443
0.19673
0.189479
0.182644
0.176194
0.1701
0.164338
0.158882
0.153712
0.148808
0.144152
0.139726
0.135515
0.131505
0.127682
0.124035
0.120552
0.117222
0.114036
0.110984
0.108058
0.105249
0.102552
0.0999573
0.0974597
0.0950527
0.0927305
0.0904875
0.0883188
0.0862193
0.0841846
0.0822105
0.080293
0.0784286
0.0766139
0.074846
0.0731223
0.0714404
0.0697986
0.0681953
0.0666294
0.0651001
0.0636071
0.0621504
0.0607302
0.0593471
0.0580021
0.056696
0.0554299
0.0542052
0.0530228
0.0518841
0.0507899
0.0497413
0.0487389
0.0477835
0.0468754
0.046015
0.0452025
0.044438
0.0437218
0.0430539
0.0424347
0.0418645
0.0413444
0.0408753
0.0404592
0.0400985
0.0397967
0.0395584
0.0393901
0.0392999
0.961693
0.892186
0.829087
0.771731
0.719526
0.671947
0.628525
0.588844
0.55253
0.519253
0.488716
0.460655
0.434832
0.411037
0.389079
0.368789
0.350015
0.33262
0.31648
0.301485
0.287536
0.274542
0.262423
0.251106
0.240524
0.230618
0.221332
0.212619
0.204433
0.196733
0.189482
0.182648
0.176198
0.170104
0.164342
0.158887
0.153717
0.148813
0.144157
0.139731
0.135521
0.131511
0.127689
0.124042
0.120559
0.11723
0.114044
0.110993
0.108067
0.105259
0.102562
0.0999686
0.0974717
0.0950655
0.0927441
0.090502
0.0883341
0.0862357
0.0842021
0.0822291
0.0803128
0.0784495
0.0766361
0.0748695
0.0731471
0.0714666
0.0698261
0.0682241
0.0666595
0.0651315
0.0636396
0.062184
0.0607647
0.0593825
0.0580381
0.0567325
0.0554668
0.0542422
0.0530599
0.0519209
0.0508264
0.0497772
0.0487742
0.047818
0.046909
0.0460477
0.0452341
0.0444686
0.0437513
0.0430823
0.0424619
0.0418907
0.0413695
0.0408994
0.0404824
0.0401208
0.0398183
0.0395794
0.0394106
0.0393202
0.961693
0.892186
0.829087
0.771731
0.719526
0.671947
0.628525
0.588844
0.55253
0.519253
0.488716
0.460655
0.434833
0.411037
0.38908
0.36879
0.350016
0.332621
0.316481
0.301486
0.287537
0.274544
0.262425
0.251108
0.240526
0.23062
0.221335
0.212622
0.204435
0.196736
0.189486
0.182651
0.176201
0.170108
0.164346
0.158891
0.153722
0.148818
0.144162
0.139737
0.135527
0.131517
0.127695
0.124049
0.120567
0.117238
0.114052
0.111001
0.108076
0.105269
0.102573
0.0999798
0.0974836
0.0950782
0.0927576
0.0905164
0.0883494
0.0862519
0.0842194
0.0822475
0.0803323
0.0784703
0.0766581
0.0748928
0.0731717
0.0714925
0.0698534
0.0682527
0.0666893
0.0651625
0.0636718
0.0622172
0.0607989
0.0594175
0.0580738
0.0567687
0.0555033
0.0542789
0.0530965
0.0519573
0.0508625
0.0498128
0.0488092
0.0478522
0.0469424
0.0460801
0.0452655
0.0444989
0.0437805
0.0431104
0.0424889
0.0419166
0.0413944
0.0409233
0.0405054
0.040143
0.0398397
0.0396002
0.039431
0.0393403
0.961693
0.892186
0.829087
0.771731
0.719526
0.671947
0.628525
0.588844
0.552531
0.519254
0.488717
0.460655
0.434833
0.411038
0.38908
0.368791
0.350017
0.332621
0.316482
0.301487
0.287538
0.274545
0.262427
0.25111
0.240528
0.230622
0.221337
0.212624
0.204438
0.196739
0.189489
0.182654
0.176205
0.170112
0.16435
0.158895
0.153726
0.148823
0.144167
0.139742
0.135532
0.131523
0.127702
0.124056
0.120574
0.117245
0.114061
0.11101
0.108086
0.105279
0.102583
0.099991
0.0974955
0.0950907
0.0927709
0.0905306
0.0883646
0.086268
0.0842365
0.0822656
0.0803516
0.0784908
0.0766798
0.0749158
0.0731959
0.0715181
0.0698802
0.0682808
0.0667187
0.0651931
0.0637036
0.06225
0.0608326
0.059452
0.0581089
0.0568043
0.0555393
0.054315
0.0531326
0.0519933
0.0508981
0.049848
0.0488437
0.047886
0.0469753
0.0461121
0.0452965
0.0445289
0.0438094
0.0431382
0.0425156
0.0419423
0.041419
0.040947
0.0405281
0.0401649
0.0398608
0.0396208
0.0394511
0.0393602
0.961693
0.892186
0.829087
0.771731
0.719526
0.671947
0.628525
0.588844
0.552531
0.519254
0.488717
0.460656
0.434833
0.411038
0.389081
0.368791
0.350018
0.332622
0.316483
0.301488
0.28754
0.274547
0.262428
0.251111
0.24053
0.230624
0.221339
0.212626
0.204441
0.196742
0.189492
0.182658
0.176208
0.170116
0.164354
0.1589
0.153731
0.148828
0.144172
0.139748
0.135538
0.131529
0.127708
0.124063
0.120581
0.117253
0.114069
0.111019
0.108095
0.105289
0.102594
0.100002
0.0975071
0.0951031
0.0927841
0.0905446
0.0883795
0.0862839
0.0842534
0.0822836
0.0803707
0.078511
0.0767012
0.0749384
0.0732198
0.0715432
0.0699067
0.0683085
0.0667477
0.0652232
0.0637348
0.0622822
0.0608658
0.0594859
0.0581435
0.0568394
0.0555747
0.0543505
0.0531682
0.0520287
0.0509332
0.0498826
0.0488777
0.0479192
0.0470077
0.0461436
0.0453271
0.0445584
0.0438378
0.0431656
0.0425419
0.0419675
0.0414432
0.0409703
0.0405505
0.0401864
0.0398817
0.0396411
0.0394709
0.0393797
0.961693
0.892186
0.829087
0.771731
0.719526
0.671947
0.628525
0.588844
0.552531
0.519254
0.488717
0.460656
0.434834
0.411039
0.389081
0.368792
0.350018
0.332623
0.316484
0.30149
0.287541
0.274548
0.26243
0.251113
0.240532
0.230626
0.221342
0.212629
0.204443
0.196744
0.189495
0.182661
0.176212
0.170119
0.164358
0.158904
0.153735
0.148833
0.144177
0.139753
0.135544
0.131535
0.127715
0.124069
0.120588
0.117261
0.114077
0.111027
0.108104
0.105299
0.102604
0.100013
0.0975186
0.0951154
0.0927971
0.0905584
0.0883942
0.0862995
0.0842699
0.0823012
0.0803894
0.0785308
0.0767222
0.0749606
0.0732433
0.0715679
0.0699326
0.0683357
0.066776
0.0652527
0.0637654
0.0623138
0.0608982
0.0595192
0.0581774
0.0568737
0.0556093
0.0543854
0.053203
0.0520634
0.0509675
0.0499165
0.048911
0.0479519
0.0470395
0.0461745
0.045357
0.0445874
0.0438658
0.0431924
0.0425678
0.0419924
0.0414671
0.0409931
0.0405725
0.0402076
0.0399022
0.039661
0.0394904
0.039399
0.961693
0.892186
0.829087
0.771731
0.719526
0.671947
0.628525
0.588844
0.552531
0.519254
0.488717
0.460656
0.434834
0.411039
0.389082
0.368793
0.350019
0.332624
0.316485
0.301491
0.287542
0.274549
0.262431
0.251115
0.240534
0.230628
0.221344
0.212631
0.204446
0.196747
0.189498
0.182664
0.176215
0.170123
0.164362
0.158908
0.15374
0.148837
0.144182
0.139758
0.135549
0.131541
0.127721
0.124076
0.120595
0.117268
0.114085
0.111036
0.108113
0.105308
0.102614
0.100023
0.0975299
0.0951273
0.0928098
0.090572
0.0884086
0.0863148
0.0842862
0.0823184
0.0804076
0.0785502
0.0767427
0.0749823
0.0732662
0.071592
0.0699579
0.0683622
0.0668037
0.0652815
0.0637952
0.0623446
0.0609299
0.0595516
0.0582104
0.0569073
0.0556432
0.0544194
0.053237
0.0520972
0.0510011
0.0499496
0.0489436
0.0479837
0.0470707
0.0462047
0.0453863
0.0446157
0.0438931
0.0432188
0.0425931
0.0420167
0.0414904
0.0410155
0.040594
0.0402284
0.0399223
0.0396805
0.0395095
0.0394178
0.961693
0.892186
0.829087
0.771731
0.719526
0.671947
0.628525
0.588844
0.552531
0.519254
0.488717
0.460656
0.434834
0.411039
0.389082
0.368793
0.35002
0.332625
0.316486
0.301492
0.287543
0.27455
0.262433
0.251116
0.240535
0.23063
0.221346
0.212633
0.204448
0.19675
0.189501
0.182667
0.176218
0.170126
0.164365
0.158912
0.153744
0.148842
0.144187
0.139763
0.135555
0.131547
0.127727
0.124082
0.120602
0.117275
0.114092
0.111044
0.108121
0.105317
0.102624
0.100034
0.0975409
0.095139
0.0928222
0.0905852
0.0884226
0.0863297
0.084302
0.0823352
0.0804255
0.0785691
0.0767627
0.0750034
0.0732885
0.0716155
0.0699826
0.068388
0.0668307
0.0653096
0.0638243
0.0623746
0.0609608
0.0595832
0.0582426
0.0569399
0.0556762
0.0544526
0.0532702
0.0521302
0.0510338
0.0499819
0.0489753
0.0480148
0.047101
0.0462342
0.0454149
0.0446434
0.0439198
0.0432444
0.0426178
0.0420404
0.0415131
0.0410374
0.040615
0.0402486
0.0399418
0.0396995
0.0395281
0.0394362
0.961693
0.892186
0.829087
0.771731
0.719526
0.671947
0.628525
0.588844
0.552531
0.519254
0.488717
0.460656
0.434834
0.41104
0.389083
0.368794
0.35002
0.332625
0.316486
0.301493
0.287544
0.274552
0.262434
0.251118
0.240537
0.230632
0.221348
0.212636
0.204451
0.196752
0.189503
0.18267
0.176222
0.17013
0.164369
0.158916
0.153748
0.148846
0.144192
0.139768
0.13556
0.131552
0.127733
0.124089
0.120609
0.117282
0.1141
0.111052
0.10813
0.105326
0.102633
0.100044
0.0975516
0.0951504
0.0928343
0.090598
0.0884362
0.0863442
0.0843174
0.0823516
0.0804428
0.0785875
0.0767822
0.075024
0.0733101
0.0716383
0.0700065
0.0684131
0.0668568
0.0653368
0.0638525
0.0624038
0.0609907
0.0596139
0.0582739
0.0569716
0.0557082
0.0544847
0.0533024
0.0521623
0.0510656
0.0500133
0.0490062
0.048045
0.0471304
0.0462629
0.0454427
0.0446702
0.0439457
0.0432694
0.0426418
0.0420634
0.0415353
0.0410587
0.0406355
0.0402683
0.0399609
0.039718
0.0395462
0.039454
0.961693
0.892186
0.829087
0.771731
0.719526
0.671947
0.628525
0.588844
0.552531
0.519254
0.488718
0.460657
0.434835
0.41104
0.389083
0.368794
0.350021
0.332626
0.316487
0.301493
0.287545
0.274553
0.262435
0.251119
0.240539
0.230633
0.22135
0.212638
0.204453
0.196755
0.189506
0.182673
0.176225
0.170133
0.164372
0.158919
0.153752
0.14885
0.144196
0.139773
0.135565
0.131558
0.127739
0.124095
0.120615
0.117289
0.114107
0.111059
0.108138
0.105335
0.102642
0.100054
0.097562
0.0951614
0.092846
0.0906104
0.0884494
0.0863582
0.0843323
0.0823674
0.0804596
0.0786052
0.076801
0.0750438
0.0733311
0.0716604
0.0700297
0.0684373
0.0668821
0.0653631
0.0638798
0.0624319
0.0610197
0.0596435
0.0583041
0.0570023
0.0557392
0.0545158
0.0533335
0.0521933
0.0510963
0.0500436
0.049036
0.0480743
0.047159
0.0462906
0.0454696
0.0446963
0.0439708
0.0432936
0.042665
0.0420858
0.0415567
0.0410793
0.0406553
0.0402874
0.0399793
0.0397359
0.0395637
0.0394714
0.961693
0.892186
0.829087
0.771731
0.719526
0.671947
0.628525
0.588844
0.552531
0.519254
0.488718
0.460657
0.434835
0.41104
0.389083
0.368795
0.350021
0.332627
0.316488
0.301494
0.287546
0.274554
0.262436
0.251121
0.24054
0.230635
0.221351
0.21264
0.204455
0.196757
0.189508
0.182675
0.176227
0.170136
0.164376
0.158923
0.153756
0.148854
0.1442
0.139777
0.13557
0.131563
0.127744
0.124101
0.120621
0.117296
0.114114
0.111067
0.108146
0.105343
0.102651
0.100063
0.097572
0.095172
0.0928574
0.0906225
0.0884622
0.0863718
0.0843467
0.0823827
0.0804758
0.0786224
0.0768191
0.075063
0.0733513
0.0716816
0.070052
0.0684607
0.0669065
0.0653885
0.0639061
0.0624591
0.0610476
0.0596721
0.0583332
0.0570318
0.055769
0.0545458
0.0533635
0.0522232
0.051126
0.0500729
0.0490648
0.0481025
0.0471865
0.0463174
0.0454956
0.0447214
0.043995
0.0433169
0.0426875
0.0421073
0.0415775
0.0410992
0.0406744
0.0403059
0.0399972
0.0397532
0.0395807
0.0394881
0.961693
0.892186
0.829087
0.771731
0.719526
0.671947
0.628525
0.588844
0.552531
0.519254
0.488718
0.460657
0.434835
0.411041
0.389084
0.368795
0.350022
0.332627
0.316489
0.301495
0.287547
0.274555
0.262438
0.251122
0.240542
0.230637
0.221353
0.212641
0.204457
0.196759
0.189511
0.182678
0.17623
0.170139
0.164379
0.158926
0.153759
0.148858
0.144205
0.139782
0.135574
0.131568
0.127749
0.124106
0.120627
0.117302
0.114121
0.111074
0.108153
0.105351
0.10266
0.100072
0.0975816
0.0951823
0.0928682
0.090634
0.0884745
0.0863848
0.0843605
0.0823973
0.0804913
0.0786388
0.0768365
0.0750814
0.0733707
0.071702
0.0700734
0.0684831
0.0669299
0.0654128
0.0639313
0.0624851
0.0610744
0.0596995
0.0583612
0.0570602
0.0557976
0.0545746
0.0533923
0.0522519
0.0511545
0.050101
0.0490925
0.0481296
0.047213
0.0463432
0.0455206
0.0447455
0.0440184
0.0433394
0.0427091
0.0421281
0.0415974
0.0411183
0.0406928
0.0403236
0.0400143
0.0397699
0.0395969
0.0395041
0.961693
0.892186
0.829087
0.77173
0.719526
0.671947
0.628525
0.588844
0.552531
0.519254
0.488718
0.460657
0.434835
0.411041
0.389084
0.368795
0.350022
0.332628
0.316489
0.301496
0.287548
0.274556
0.262439
0.251123
0.240543
0.230638
0.221355
0.212643
0.204459
0.196761
0.189513
0.18268
0.176233
0.170142
0.164382
0.158929
0.153763
0.148862
0.144208
0.139786
0.135579
0.131573
0.127754
0.124112
0.120633
0.117308
0.114127
0.111081
0.108161
0.105359
0.102668
0.100081
0.0975909
0.0951921
0.0928787
0.0906451
0.0884862
0.0863973
0.0843738
0.0824114
0.0805062
0.0786546
0.0768532
0.075099
0.0733892
0.0717215
0.0700939
0.0685045
0.0669523
0.0654361
0.0639554
0.06251
0.0611
0.0597257
0.0583879
0.0570873
0.055825
0.0546022
0.0534199
0.0522794
0.0511817
0.0501279
0.0491189
0.0481555
0.0472383
0.0463678
0.0455445
0.0447687
0.0440407
0.0433609
0.0427298
0.042148
0.0416165
0.0411366
0.0407104
0.0403406
0.0400307
0.0397858
0.0396125
0.0395195
0.961693
0.892186
0.829087
0.77173
0.719526
0.671947
0.628525
0.588844
0.552531
0.519254
0.488718
0.460657
0.434835
0.411041
0.389084
0.368796
0.350023
0.332628
0.31649
0.301497
0.287549
0.274557
0.26244
0.251124
0.240544
0.23064
0.221356
0.212645
0.204461
0.196763
0.189515
0.182683
0.176235
0.170145
0.164385
0.158933
0.153766
0.148865
0.144212
0.13979
0.135583
0.131577
0.127759
0.124117
0.120638
0.117314
0.114133
0.111087
0.108168
0.105366
0.102676
0.100089
0.0975997
0.0952014
0.0928886
0.0906556
0.0884974
0.0864092
0.0843864
0.0824247
0.0805204
0.0786696
0.0768691
0.0751157
0.0734069
0.0717401
0.0701134
0.0685249
0.0669736
0.0654582
0.0639784
0.0625337
0.0611244
0.0597507
0.0584133
0.0571131
0.0558511
0.0546284
0.0534462
0.0523055
0.0512077
0.0501536
0.0491442
0.0481802
0.0472624
0.0463913
0.0455673
0.0447907
0.044062
0.0433814
0.0427495
0.0421669
0.0416347
0.0411541
0.0407273
0.0403568
0.0400464
0.039801
0.0396274
0.0395342
0.961693
0.892186
0.829087
0.77173
0.719526
0.671947
0.628525
0.588844
0.552531
0.519254
0.488718
0.460657
0.434836
0.411041
0.389085
0.368796
0.350023
0.332629
0.316491
0.301497
0.28755
0.274558
0.262441
0.251125
0.240545
0.230641
0.221358
0.212647
0.204463
0.196765
0.189517
0.182685
0.176238
0.170147
0.164388
0.158935
0.153769
0.148869
0.144216
0.139794
0.135587
0.131582
0.127764
0.124122
0.120644
0.117319
0.114139
0.111093
0.108174
0.105373
0.102683
0.100097
0.097608
0.0952103
0.092898
0.0906656
0.088508
0.0864205
0.0843983
0.0824374
0.0805338
0.0786838
0.0768841
0.0751316
0.0734236
0.0717577
0.0701318
0.0685443
0.0669937
0.0654792
0.0640001
0.0625562
0.0611474
0.0597743
0.0584374
0.0571376
0.0558758
0.0546533
0.053471
0.0523303
0.0512323
0.0501779
0.0491681
0.0482037
0.0472853
0.0464136
0.0455889
0.0448116
0.0440822
0.0434009
0.0427682
0.0421849
0.0416519
0.0411707
0.0407432
0.0403721
0.0400612
0.0398155
0.0396415
0.0395481
0.961693
0.892186
0.829087
0.77173
0.719526
0.671947
0.628525
0.588844
0.552531
0.519255
0.488718
0.460657
0.434836
0.411042
0.389085
0.368797
0.350024
0.332629
0.316491
0.301498
0.28755
0.274559
0.262442
0.251126
0.240547
0.230642
0.221359
0.212648
0.204464
0.196767
0.189519
0.182687
0.17624
0.17015
0.16439
0.158938
0.153772
0.148872
0.144219
0.139797
0.135591
0.131586
0.127768
0.124126
0.120649
0.117325
0.114145
0.111099
0.10818
0.10538
0.10269
0.100104
0.0976159
0.0952187
0.0929069
0.0906751
0.0885181
0.0864311
0.0844096
0.0824494
0.0805465
0.0786972
0.0768983
0.0751466
0.0734394
0.0717743
0.0701492
0.0685625
0.0670127
0.065499
0.0640206
0.0625773
0.0611692
0.0597966
0.0584601
0.0571606
0.0558991
0.0546767
0.0534945
0.0523537
0.0512555
0.0502008
0.0491906
0.0482258
0.0473069
0.0464346
0.0456093
0.0448314
0.0441012
0.0434192
0.0427859
0.0422019
0.0416682
0.0411864
0.0407583
0.0403867
0.0400753
0.0398291
0.0396548
0.0395612
0.961693
0.892186
0.829087
0.77173
0.719526
0.671947
0.628525
0.588844
0.552531
0.519255
0.488718
0.460658
0.434836
0.411042
0.389085
0.368797
0.350024
0.33263
0.316492
0.301498
0.287551
0.274559
0.262443
0.251127
0.240548
0.230643
0.22136
0.212649
0.204466
0.196769
0.189521
0.182689
0.176242
0.170152
0.164393
0.158941
0.153775
0.148875
0.144222
0.139801
0.135595
0.131589
0.127772
0.124131
0.120653
0.117329
0.11415
0.111105
0.108186
0.105386
0.102697
0.100111
0.0976233
0.0952265
0.0929152
0.0906839
0.0885274
0.086441
0.0844202
0.0824606
0.0805583
0.0787098
0.0769116
0.0751606
0.0734542
0.0717898
0.0701655
0.0685795
0.0670305
0.0655175
0.0640398
0.0625971
0.0611896
0.0598175
0.0584814
0.0571822
0.055921
0.0546987
0.0535165
0.0523756
0.0512772
0.0502223
0.0492118
0.0482465
0.0473272
0.0464543
0.0456284
0.0448499
0.0441191
0.0434364
0.0428024
0.0422178
0.0416835
0.0412011
0.0407724
0.0404003
0.0400884
0.0398419
0.0396673
0.0395735
0.961693
0.892186
0.829087
0.77173
0.719526
0.671947
0.628525
0.588844
0.552531
0.519255
0.488718
0.460658
0.434836
0.411042
0.389086
0.368797
0.350024
0.33263
0.316492
0.301499
0.287552
0.27456
0.262443
0.251128
0.240549
0.230644
0.221362
0.212651
0.204467
0.19677
0.189523
0.182691
0.176244
0.170154
0.164395
0.158943
0.153777
0.148877
0.144225
0.139804
0.135598
0.131593
0.127776
0.124135
0.120657
0.117334
0.114155
0.11111
0.108192
0.105392
0.102703
0.100118
0.0976302
0.0952339
0.092923
0.0906921
0.0885362
0.0864503
0.08443
0.082471
0.0805694
0.0787215
0.0769239
0.0751736
0.0734679
0.0718043
0.0701807
0.0685954
0.0670471
0.0655347
0.0640576
0.0626156
0.0612085
0.0598369
0.0585012
0.0572024
0.0559413
0.0547191
0.053537
0.0523961
0.0512975
0.0502423
0.0492315
0.0482659
0.0473461
0.0464727
0.0456463
0.0448672
0.0441358
0.0434525
0.0428179
0.0422326
0.0416978
0.0412148
0.0407856
0.040413
0.0401007
0.0398538
0.0396789
0.039585
0.961693
0.892186
0.829087
0.77173
0.719526
0.671947
0.628525
0.588844
0.552531
0.519255
0.488718
0.460658
0.434836
0.411042
0.389086
0.368797
0.350025
0.332631
0.316492
0.3015
0.287552
0.274561
0.262444
0.251129
0.240549
0.230645
0.221363
0.212652
0.204468
0.196772
0.189524
0.182693
0.176246
0.170156
0.164397
0.158945
0.15378
0.14888
0.144228
0.139807
0.135601
0.131596
0.127779
0.124138
0.120661
0.117338
0.114159
0.111115
0.108197
0.105397
0.102708
0.100124
0.0976366
0.0952406
0.0929302
0.0906998
0.0885443
0.0864589
0.0844391
0.0824807
0.0805796
0.0787323
0.0769353
0.0751857
0.0734806
0.0718176
0.0701947
0.0686101
0.0670624
0.0655506
0.0640741
0.0626326
0.0612261
0.0598548
0.0585195
0.0572209
0.0559601
0.054738
0.0535559
0.0524149
0.0513162
0.0502608
0.0492497
0.0482837
0.0473635
0.0464897
0.0456628
0.0448831
0.0441512
0.0434674
0.0428322
0.0422464
0.041711
0.0412274
0.0407977
0.0404247
0.040112
0.0398648
0.0396897
0.0395956
0.961693
0.892186
0.829087
0.77173
0.719526
0.671947
0.628525
0.588844
0.552531
0.519255
0.488718
0.460658
0.434836
0.411042
0.389086
0.368798
0.350025
0.332631
0.316493
0.3015
0.287553
0.274561
0.262445
0.25113
0.24055
0.230646
0.221364
0.212653
0.20447
0.196773
0.189526
0.182694
0.176247
0.170158
0.164399
0.158947
0.153782
0.148882
0.14423
0.139809
0.135604
0.131599
0.127783
0.124142
0.120665
0.117342
0.114163
0.111119
0.108201
0.105402
0.102714
0.100129
0.0976424
0.0952468
0.0929367
0.0907067
0.0885517
0.0864667
0.0844474
0.0824895
0.080589
0.0787422
0.0769458
0.0751967
0.0734922
0.0718299
0.0702075
0.0686235
0.0670764
0.0655652
0.0640892
0.0626482
0.0612421
0.0598713
0.0585363
0.057238
0.0559773
0.0547553
0.0535732
0.0524322
0.0513334
0.0502778
0.0492664
0.0483001
0.0473795
0.0465053
0.0456779
0.0448978
0.0441653
0.043481
0.0428453
0.0422589
0.0417231
0.041239
0.0408089
0.0404354
0.0401224
0.0398749
0.0396995
0.0396053
0.961693
0.892186
0.829087
0.77173
0.719526
0.671947
0.628525
0.588844
0.552531
0.519255
0.488719
0.460658
0.434836
0.411042
0.389086
0.368798
0.350025
0.332631
0.316493
0.3015
0.287553
0.274562
0.262445
0.25113
0.240551
0.230647
0.221365
0.212654
0.204471
0.196774
0.189527
0.182695
0.176249
0.170159
0.164401
0.158949
0.153784
0.148884
0.144233
0.139812
0.135606
0.131602
0.127786
0.124145
0.120668
0.117345
0.114167
0.111123
0.108205
0.105406
0.102718
0.100134
0.0976477
0.0952524
0.0929427
0.090713
0.0885584
0.0864739
0.084455
0.0824975
0.0805974
0.0787511
0.0769553
0.0752067
0.0735028
0.0718409
0.0702191
0.0686357
0.0670891
0.0655784
0.0641029
0.0626623
0.0612566
0.0598861
0.0585515
0.0572534
0.0559929
0.054771
0.0535889
0.0524479
0.0513489
0.0502932
0.0492816
0.0483149
0.047394
0.0465194
0.0456916
0.044911
0.0441781
0.0434933
0.0428571
0.0422704
0.041734
0.0412496
0.040819
0.0404452
0.0401318
0.039884
0.0397085
0.0396141
0.961693
0.892186
0.829087
0.77173
0.719526
0.671947
0.628525
0.588844
0.552531
0.519255
0.488719
0.460658
0.434837
0.411042
0.389086
0.368798
0.350025
0.332632
0.316494
0.301501
0.287554
0.274562
0.262446
0.251131
0.240552
0.230648
0.221365
0.212655
0.204472
0.196775
0.189528
0.182697
0.17625
0.170161
0.164402
0.158951
0.153786
0.148886
0.144235
0.139814
0.135609
0.131604
0.127788
0.124147
0.120671
0.117349
0.11417
0.111126
0.108209
0.10541
0.102722
0.100139
0.0976524
0.0952574
0.092948
0.0907187
0.0885644
0.0864802
0.0844617
0.0825046
0.080605
0.0787592
0.0769637
0.0752157
0.0735122
0.0718508
0.0702295
0.0686465
0.0671004
0.0655902
0.0641151
0.062675
0.0612696
0.0598995
0.0585651
0.0572672
0.0560068
0.054785
0.053603
0.0524619
0.0513629
0.0503069
0.0492951
0.0483282
0.047407
0.046532
0.0457039
0.0449229
0.0441896
0.0435044
0.0428678
0.0422806
0.0417438
0.041259
0.0408281
0.0404539
0.0401402
0.0398922
0.0397165
0.0396219
0.961693
0.892186
0.829087
0.77173
0.719526
0.671947
0.628525
0.588844
0.552531
0.519255
0.488719
0.460658
0.434837
0.411043
0.389086
0.368798
0.350026
0.332632
0.316494
0.301501
0.287554
0.274563
0.262446
0.251132
0.240552
0.230649
0.221366
0.212656
0.204473
0.196776
0.189529
0.182698
0.176251
0.170162
0.164403
0.158952
0.153787
0.148888
0.144236
0.139816
0.135611
0.131607
0.12779
0.12415
0.120674
0.117351
0.114173
0.111129
0.108212
0.105414
0.102726
0.100143
0.0976565
0.0952618
0.0929527
0.0907237
0.0885696
0.0864858
0.0844676
0.0825109
0.0806117
0.0787662
0.0769712
0.0752235
0.0735205
0.0718595
0.0702387
0.0686561
0.0671104
0.0656006
0.0641259
0.0626861
0.0612811
0.0599112
0.058577
0.0572793
0.0560191
0.0547974
0.0536154
0.0524743
0.0513751
0.0503191
0.0493071
0.0483399
0.0474184
0.0465432
0.0457147
0.0449334
0.0441997
0.0435141
0.0428771
0.0422896
0.0417524
0.0412673
0.040836
0.0404616
0.0401476
0.0398994
0.0397235
0.0396289
0.961693
0.892186
0.829087
0.77173
0.719526
0.671947
0.628525
0.588844
0.552531
0.519255
0.488719
0.460658
0.434837
0.411043
0.389087
0.368798
0.350026
0.332632
0.316494
0.301501
0.287554
0.274563
0.262447
0.251132
0.240553
0.230649
0.221367
0.212656
0.204473
0.196777
0.18953
0.182699
0.176252
0.170163
0.164405
0.158954
0.153789
0.148889
0.144238
0.139817
0.135612
0.131608
0.127792
0.124152
0.120676
0.117354
0.114175
0.111132
0.108215
0.105417
0.102729
0.100146
0.0976601
0.0952656
0.0929567
0.0907279
0.0885742
0.0864906
0.0844728
0.0825163
0.0806174
0.0787723
0.0769776
0.0752303
0.0735276
0.071867
0.0702466
0.0686643
0.067119
0.0656095
0.0641352
0.0626957
0.0612909
0.0599213
0.0585873
0.0572898
0.0560297
0.0548081
0.0536261
0.0524849
0.0513857
0.0503295
0.0493174
0.04835
0.0474283
0.0465528
0.045724
0.0449424
0.0442084
0.0435225
0.0428852
0.0422973
0.0417599
0.0412744
0.0408429
0.0404682
0.040154
0.0399056
0.0397295
0.0396348
0.961693
0.892186
0.829087
0.77173
0.719526
0.671947
0.628525
0.588844
0.552531
0.519255
0.488719
0.460658
0.434837
0.411043
0.389087
0.368798
0.350026
0.332632
0.316494
0.301502
0.287555
0.274563
0.262447
0.251132
0.240553
0.23065
0.221367
0.212657
0.204474
0.196777
0.189531
0.182699
0.176253
0.170164
0.164406
0.158955
0.15379
0.148891
0.144239
0.139819
0.135614
0.13161
0.127794
0.124154
0.120678
0.117356
0.114178
0.111134
0.108218
0.105419
0.102732
0.100149
0.0976631
0.0952688
0.0929601
0.0907315
0.088578
0.0864947
0.084477
0.0825209
0.0806222
0.0787774
0.076983
0.075236
0.0735336
0.0718733
0.0702532
0.0686713
0.0671262
0.065617
0.064143
0.0627037
0.0612992
0.0599298
0.058596
0.0572986
0.0560386
0.054817
0.0536351
0.0524939
0.0513946
0.0503383
0.049326
0.0483585
0.0474366
0.0465609
0.0457318
0.04495
0.0442157
0.0435295
0.042892
0.0423038
0.0417661
0.0412804
0.0408486
0.0404737
0.0401594
0.0399107
0.0397346
0.0396398
0.961693
0.892186
0.829087
0.77173
0.719526
0.671947
0.628525
0.588844
0.552531
0.519255
0.488719
0.460658
0.434837
0.411043
0.389087
0.368799
0.350026
0.332632
0.316494
0.301502
0.287555
0.274564
0.262447
0.251133
0.240554
0.23065
0.221368
0.212657
0.204474
0.196778
0.189531
0.1827
0.176254
0.170165
0.164406
0.158956
0.153791
0.148892
0.14424
0.13982
0.135615
0.131611
0.127795
0.124155
0.120679
0.117357
0.114179
0.111136
0.108219
0.105421
0.102734
0.100151
0.0976655
0.0952714
0.0929628
0.0907344
0.088581
0.0864979
0.0844805
0.0825245
0.0806261
0.0787814
0.0769873
0.0752405
0.0735384
0.0718784
0.0702585
0.0686768
0.067132
0.0656231
0.0641492
0.0627102
0.0613059
0.0599366
0.058603
0.0573057
0.0560457
0.0548242
0.0536423
0.0525011
0.0514018
0.0503454
0.049333
0.0483654
0.0474433
0.0465674
0.0457381
0.0449561
0.0442216
0.0435352
0.0428974
0.042309
0.0417711
0.0412852
0.0408532
0.0404781
0.0401636
0.0399149
0.0397386
0.0396438
0.961693
0.892186
0.829087
0.77173
0.719526
0.671947
0.628525
0.588844
0.552531
0.519255
0.488719
0.460658
0.434837
0.411043
0.389087
0.368799
0.350026
0.332632
0.316495
0.301502
0.287555
0.274564
0.262448
0.251133
0.240554
0.23065
0.221368
0.212658
0.204475
0.196778
0.189532
0.182701
0.176254
0.170165
0.164407
0.158956
0.153791
0.148892
0.144241
0.139821
0.135616
0.131612
0.127796
0.124156
0.12068
0.117358
0.11418
0.111137
0.108221
0.105423
0.102736
0.100153
0.0976673
0.0952733
0.0929648
0.0907366
0.0885833
0.0865003
0.0844831
0.0825273
0.080629
0.0787845
0.0769906
0.075244
0.073542
0.0718822
0.0702625
0.068681
0.0671364
0.0656277
0.064154
0.0627151
0.0613109
0.0599418
0.0586083
0.0573111
0.0560512
0.0548297
0.0536478
0.0525066
0.0514072
0.0503508
0.0493383
0.0483706
0.0474484
0.0465723
0.0457429
0.0449607
0.044226
0.0435395
0.0429015
0.042313
0.0417749
0.0412888
0.0408567
0.0404815
0.0401669
0.039918
0.0397417
0.0396468
0.961693
0.892186
0.829087
0.77173
0.719526
0.671947
0.628525
0.588844
0.552531
0.519255
0.488719
0.460658
0.434837
0.411043
0.389087
0.368799
0.350026
0.332632
0.316495
0.301502
0.287555
0.274564
0.262448
0.251133
0.240554
0.23065
0.221368
0.212658
0.204475
0.196779
0.189532
0.182701
0.176255
0.170166
0.164407
0.158957
0.153792
0.148893
0.144242
0.139821
0.135616
0.131613
0.127797
0.124157
0.120681
0.117359
0.114181
0.111138
0.108222
0.105424
0.102737
0.100154
0.0976685
0.0952746
0.0929662
0.090738
0.0885849
0.086502
0.0844848
0.0825291
0.0806309
0.0787866
0.0769928
0.0752463
0.0735445
0.0718848
0.0702652
0.0686839
0.0671394
0.0656308
0.0641572
0.0627184
0.0613144
0.0599453
0.0586118
0.0573147
0.0560549
0.0548334
0.0536515
0.0525103
0.0514109
0.0503544
0.0493419
0.0483741
0.0474518
0.0465756
0.0457462
0.0449638
0.044229
0.0435423
0.0429043
0.0423156
0.0417774
0.0412912
0.040859
0.0404837
0.040169
0.0399201
0.0397437
0.0396487
0.961693
0.892186
0.829087
0.77173
0.719526
0.671947
0.628525
0.588844
0.552531
0.519255
0.488719
0.460658
0.434837
0.411043
0.389087
0.368799
0.350026
0.332633
0.316495
0.301502
0.287555
0.274564
0.262448
0.251133
0.240554
0.230651
0.221368
0.212658
0.204475
0.196779
0.189532
0.182701
0.176255
0.170166
0.164407
0.158957
0.153792
0.148893
0.144242
0.139822
0.135617
0.131613
0.127797
0.124157
0.120681
0.11736
0.114182
0.111139
0.108222
0.105424
0.102737
0.100154
0.0976691
0.0952752
0.0929669
0.0907388
0.0885857
0.0865028
0.0844857
0.08253
0.0806319
0.0787877
0.0769939
0.0752475
0.0735457
0.0718861
0.0702666
0.0686853
0.067141
0.0656324
0.0641589
0.0627202
0.0613162
0.0599472
0.0586137
0.0573166
0.0560568
0.0548354
0.0536535
0.0525123
0.0514129
0.0503564
0.0493438
0.0483759
0.0474536
0.0465774
0.0457479
0.0449654
0.0442306
0.0435438
0.0429057
0.042317
0.0417787
0.0412924
0.0408602
0.0404848
0.0401701
0.0399211
0.0397447
0.0396497
0.961693
0.892186
0.829087
0.77173
0.719526
0.671947
0.628525
0.588844
0.552531
0.519255
0.488719
0.460658
0.434837
0.411043
0.389087
0.368799
0.350026
0.332633
0.316495
0.301502
0.287555
0.274564
0.262448
0.251133
0.240554
0.230651
0.221368
0.212658
0.204475
0.196779
0.189532
0.182701
0.176255
0.170166
0.164407
0.158957
0.153792
0.148893
0.144242
0.139822
0.135617
0.131613
0.127797
0.124157
0.120681
0.11736
0.114182
0.111139
0.108222
0.105424
0.102737
0.100154
0.0976692
0.0952752
0.0929669
0.0907388
0.0885857
0.0865028
0.0844857
0.0825301
0.080632
0.0787877
0.0769939
0.0752476
0.0735458
0.0718862
0.0702667
0.0686855
0.0671411
0.0656325
0.064159
0.0627203
0.0613163
0.0599474
0.0586139
0.0573168
0.056057
0.0548356
0.0536537
0.0525125
0.0514131
0.0503566
0.049344
0.0483761
0.0474538
0.0465776
0.045748
0.0449656
0.0442307
0.0435439
0.0429058
0.042317
0.0417788
0.0412925
0.0408602
0.0404848
0.04017
0.0399211
0.0397446
0.0396496
0.961693
0.892186
0.829087
0.77173
0.719526
0.671947
0.628525
0.588844
0.552531
0.519255
0.488719
0.460658
0.434837
0.411043
0.389087
0.368799
0.350026
0.332632
0.316495
0.301502
0.287555
0.274564
0.262448
0.251133
0.240554
0.23065
0.221368
0.212658
0.204475
0.196779
0.189532
0.182701
0.176255
0.170166
0.164407
0.158957
0.153792
0.148893
0.144242
0.139821
0.135616
0.131613
0.127797
0.124157
0.120681
0.117359
0.114181
0.111138
0.108222
0.105424
0.102737
0.100154
0.0976686
0.0952746
0.0929663
0.0907381
0.088585
0.0865021
0.0844849
0.0825292
0.0806311
0.0787868
0.0769929
0.0752465
0.0735447
0.0718851
0.0702655
0.0686842
0.0671398
0.0656312
0.0641577
0.0627189
0.0613149
0.0599459
0.0586124
0.0573153
0.0560555
0.0548341
0.0536521
0.0525109
0.0514115
0.0503551
0.0493425
0.0483747
0.0474523
0.0465761
0.0457466
0.0449642
0.0442294
0.0435426
0.0429045
0.0423158
0.0417775
0.0412913
0.040859
0.0404837
0.0401689
0.03992
0.0397436
0.0396486
0.961693
0.892186
0.829087
0.77173
0.719526
0.671947
0.628525
0.588844
0.552531
0.519255
0.488719
0.460658
0.434837
0.411043
0.389087
0.368799
0.350026
0.332632
0.316495
0.301502
0.287555
0.274564
0.262448
0.251133
0.240554
0.23065
0.221368
0.212658
0.204475
0.196778
0.189532
0.182701
0.176254
0.170165
0.164407
0.158956
0.153791
0.148892
0.144241
0.139821
0.135616
0.131612
0.127796
0.124156
0.12068
0.117358
0.11418
0.111137
0.108221
0.105423
0.102736
0.100153
0.0976674
0.0952733
0.0929649
0.0907367
0.0885835
0.0865005
0.0844832
0.0825275
0.0806292
0.0787848
0.0769909
0.0752443
0.0735424
0.0718827
0.070263
0.0686816
0.0671371
0.0656283
0.0641547
0.0627159
0.0613118
0.0599427
0.0586092
0.0573121
0.0560522
0.0548308
0.0536488
0.0525076
0.0514083
0.0503518
0.0493393
0.0483715
0.0474492
0.0465731
0.0457437
0.0449613
0.0442266
0.0435399
0.0429019
0.0423133
0.0417751
0.0412889
0.0408567
0.0404814
0.0401667
0.0399178
0.0397415
0.0396465
0.961693
0.892186
0.829087
0.77173
0.719526
0.671947
0.628525
0.588844
0.552531
0.519255
0.488719
0.460658
0.434837
0.411043
0.389087
0.368799
0.350026
0.332632
0.316494
0.301502
0.287555
0.274564
0.262447
0.251133
0.240554
0.23065
0.221368
0.212657
0.204474
0.196778
0.189531
0.1827
0.176254
0.170165
0.164406
0.158956
0.153791
0.148892
0.14424
0.13982
0.135615
0.131611
0.127795
0.124155
0.120679
0.117357
0.114179
0.111136
0.108219
0.105421
0.102734
0.100151
0.0976656
0.0952714
0.0929629
0.0907345
0.0885812
0.0864981
0.0844807
0.0825248
0.0806264
0.0787818
0.0769877
0.075241
0.0735389
0.071879
0.0702592
0.0686776
0.0671329
0.065624
0.0641503
0.0627113
0.0613071
0.0599379
0.0586043
0.0573071
0.0560472
0.0548257
0.0536438
0.0525026
0.0514032
0.0503469
0.0493344
0.0483667
0.0474445
0.0465685
0.0457392
0.044957
0.0442224
0.0435359
0.0428979
0.0423094
0.0417714
0.0412853
0.0408533
0.0404781
0.0401635
0.0399146
0.0397383
0.0396434
0.961693
0.892186
0.829087
0.77173
0.719526
0.671947
0.628525
0.588844
0.552531
0.519255
0.488719
0.460658
0.434837
0.411043
0.389087
0.368798
0.350026
0.332632
0.316494
0.301502
0.287555
0.274563
0.262447
0.251132
0.240553
0.23065
0.221367
0.212657
0.204474
0.196777
0.189531
0.182699
0.176253
0.170164
0.164406
0.158955
0.15379
0.148891
0.144239
0.139819
0.135614
0.13161
0.127794
0.124154
0.120678
0.117356
0.114178
0.111134
0.108218
0.105419
0.102732
0.100149
0.0976632
0.0952689
0.0929602
0.0907317
0.0885782
0.0864949
0.0844773
0.0825212
0.0806226
0.0787778
0.0769835
0.0752366
0.0735343
0.0718742
0.0702541
0.0686723
0.0671274
0.0656183
0.0641443
0.0627052
0.0613008
0.0599314
0.0585977
0.0573004
0.0560404
0.0548189
0.053637
0.0524958
0.0513965
0.0503402
0.0493278
0.0483602
0.0474382
0.0465623
0.0457332
0.0449512
0.0442167
0.0435304
0.0428927
0.0423043
0.0417665
0.0412806
0.0408487
0.0404736
0.0401591
0.0399104
0.0397342
0.0396394
0.961693
0.892186
0.829087
0.77173
0.719526
0.671947
0.628525
0.588844
0.552531
0.519255
0.488719
0.460658
0.434837
0.411043
0.389087
0.368798
0.350026
0.332632
0.316494
0.301501
0.287554
0.274563
0.262447
0.251132
0.240553
0.230649
0.221367
0.212656
0.204473
0.196777
0.18953
0.182699
0.176252
0.170163
0.164405
0.158954
0.153789
0.148889
0.144238
0.139817
0.135612
0.131608
0.127792
0.124152
0.120676
0.117354
0.114175
0.111132
0.108215
0.105417
0.102729
0.100146
0.0976602
0.0952658
0.0929569
0.0907282
0.0885745
0.086491
0.0844731
0.0825168
0.0806179
0.0787729
0.0769783
0.0752311
0.0735285
0.0718681
0.0702477
0.0686656
0.0671204
0.0656111
0.0641369
0.0626975
0.0612928
0.0599233
0.0585895
0.057292
0.056032
0.0548104
0.0536284
0.0524873
0.051388
0.0503318
0.0493196
0.0483521
0.0474303
0.0465546
0.0457256
0.0449439
0.0442097
0.0435235
0.0428861
0.042298
0.0417603
0.0412746
0.0408429
0.0404681
0.0401538
0.0399052
0.039729
0.0396343
0.961693
0.892186
0.829087
0.77173
0.719526
0.671947
0.628525
0.588844
0.552531
0.519255
0.488719
0.460658
0.434837
0.411043
0.389086
0.368798
0.350026
0.332632
0.316494
0.301501
0.287554
0.274563
0.262446
0.251132
0.240552
0.230649
0.221366
0.212656
0.204473
0.196776
0.189529
0.182698
0.176251
0.170162
0.164403
0.158952
0.153787
0.148888
0.144236
0.139816
0.135611
0.131607
0.12779
0.12415
0.120674
0.117351
0.114173
0.11113
0.108212
0.105414
0.102726
0.100143
0.0976567
0.095262
0.0929529
0.0907239
0.08857
0.0864862
0.0844681
0.0825114
0.0806123
0.0787669
0.076972
0.0752245
0.0735215
0.0718608
0.07024
0.0686576
0.0671121
0.0656024
0.0641279
0.0626882
0.0612833
0.0599136
0.0585795
0.0572819
0.0560218
0.0548001
0.0536182
0.052477
0.0513779
0.0503218
0.0493097
0.0483424
0.0474208
0.0465453
0.0457166
0.0449351
0.0442012
0.0435153
0.0428781
0.0422903
0.041753
0.0412675
0.0408361
0.0404614
0.0401473
0.0398989
0.0397229
0.0396282
0.961693
0.892186
0.829087
0.77173
0.719526
0.671947
0.628525
0.588844
0.552531
0.519255
0.488719
0.460658
0.434837
0.411042
0.389086
0.368798
0.350025
0.332632
0.316494
0.301501
0.287554
0.274562
0.262446
0.251131
0.240552
0.230648
0.221365
0.212655
0.204472
0.196775
0.189528
0.182697
0.17625
0.170161
0.164402
0.158951
0.153786
0.148886
0.144235
0.139814
0.135609
0.131604
0.127788
0.124147
0.120671
0.117349
0.11417
0.111126
0.108209
0.10541
0.102723
0.100139
0.0976526
0.0952576
0.0929483
0.090719
0.0885647
0.0864807
0.0844623
0.0825053
0.0806057
0.07876
0.0769647
0.0752168
0.0735134
0.0718522
0.0702311
0.0686483
0.0671024
0.0655923
0.0641174
0.0626774
0.0612723
0.0599023
0.058568
0.0572702
0.0560099
0.0547882
0.0536062
0.0524651
0.051366
0.0503101
0.0492981
0.0483311
0.0474097
0.0465345
0.0457061
0.0449249
0.0441913
0.0435058
0.0428689
0.0422814
0.0417444
0.0412593
0.0408281
0.0404537
0.0401398
0.0398916
0.0397158
0.0396212
0.961693
0.892186
0.829087
0.77173
0.719526
0.671947
0.628525
0.588844
0.552531
0.519255
0.488719
0.460658
0.434836
0.411042
0.389086
0.368798
0.350025
0.332631
0.316493
0.3015
0.287553
0.274562
0.262445
0.25113
0.240551
0.230647
0.221365
0.212654
0.204471
0.196774
0.189527
0.182695
0.176249
0.170159
0.164401
0.158949
0.153784
0.148884
0.144233
0.139812
0.135606
0.131602
0.127786
0.124145
0.120668
0.117345
0.114167
0.111123
0.108205
0.105406
0.102718
0.100134
0.0976479
0.0952527
0.092943
0.0907134
0.0885588
0.0864744
0.0844556
0.0824982
0.0805983
0.0787521
0.0769564
0.075208
0.0735042
0.0718426
0.070221
0.0686377
0.0670913
0.0655808
0.0641055
0.0626651
0.0612596
0.0598893
0.0585548
0.0572568
0.0559964
0.0547746
0.0535926
0.0524515
0.0513526
0.0502967
0.049285
0.0483182
0.0473971
0.0465222
0.0456941
0.0449133
0.0441801
0.0434949
0.0428585
0.0422713
0.0417347
0.0412499
0.0408191
0.040445
0.0401314
0.0398834
0.0397077
0.0396132
0.961693
0.892186
0.829087
0.77173
0.719526
0.671947
0.628525
0.588844
0.552531
0.519255
0.488718
0.460658
0.434836
0.411042
0.389086
0.368798
0.350025
0.332631
0.316493
0.3015
0.287553
0.274561
0.262445
0.25113
0.24055
0.230646
0.221364
0.212653
0.20447
0.196773
0.189526
0.182694
0.176247
0.170158
0.164399
0.158947
0.153782
0.148882
0.14423
0.139809
0.135604
0.131599
0.127783
0.124142
0.120665
0.117342
0.114163
0.111119
0.108201
0.105402
0.102714
0.100129
0.0976426
0.0952471
0.0929371
0.0907071
0.0885522
0.0864673
0.0844481
0.0824903
0.0805899
0.0787433
0.0769471
0.0751982
0.0734939
0.0718317
0.0702096
0.0686258
0.0670789
0.0655679
0.0640922
0.0626514
0.0612455
0.0598748
0.05854
0.0572419
0.0559813
0.0547594
0.0535773
0.0524363
0.0513374
0.0502818
0.0492702
0.0483037
0.0473829
0.0465084
0.0456807
0.0449003
0.0441675
0.0434828
0.0428467
0.04226
0.0417238
0.0412394
0.0408089
0.0404352
0.0401219
0.0398741
0.0396986
0.0396043
0.961693
0.892186
0.829087
0.77173
0.719526
0.671947
0.628525
0.588844
0.552531
0.519255
0.488718
0.460658
0.434836
0.411042
0.389086
0.368797
0.350025
0.332631
0.316493
0.3015
0.287552
0.274561
0.262444
0.251129
0.240549
0.230645
0.221363
0.212652
0.204468
0.196772
0.189524
0.182693
0.176246
0.170156
0.164397
0.158945
0.15378
0.14888
0.144228
0.139807
0.135601
0.131596
0.127779
0.124138
0.120661
0.117338
0.114159
0.111115
0.108197
0.105397
0.102709
0.100124
0.0976368
0.0952409
0.0929306
0.0907002
0.0885448
0.0864596
0.0844399
0.0824816
0.0805807
0.0787335
0.0769368
0.0751873
0.0734824
0.0718197
0.070197
0.0686126
0.0670652
0.0655537
0.0640774
0.0626361
0.0612298
0.0598588
0.0585237
0.0572253
0.0559645
0.0547425
0.0535605
0.0524195
0.0513207
0.0502652
0.049254
0.0482877
0.0473673
0.0464932
0.0456659
0.0448859
0.0441536
0.0434694
0.0428338
0.0422476
0.0417118
0.0412278
0.0407978
0.0404244
0.0401114
0.0398639
0.0396887
0.0395944
0.961693
0.892186
0.829087
0.77173
0.719526
0.671947
0.628525
0.588844
0.552531
0.519255
0.488718
0.460658
0.434836
0.411042
0.389086
0.368797
0.350024
0.33263
0.316492
0.301499
0.287552
0.27456
0.262443
0.251128
0.240549
0.230644
0.221362
0.212651
0.204467
0.19677
0.189523
0.182691
0.176244
0.170154
0.164395
0.158943
0.153777
0.148877
0.144225
0.139804
0.135598
0.131593
0.127776
0.124135
0.120657
0.117334
0.114155
0.11111
0.108192
0.105392
0.102703
0.100118
0.0976305
0.0952342
0.0929234
0.0906927
0.0885368
0.0864511
0.0844309
0.0824721
0.0805706
0.0787229
0.0769255
0.0751755
0.0734699
0.0718066
0.0701833
0.0685983
0.0670502
0.0655381
0.0640613
0.0626195
0.0612127
0.0598413
0.0585058
0.0572071
0.0559462
0.0547241
0.053542
0.0524011
0.0513024
0.0502472
0.0492362
0.0482703
0.0473502
0.0464765
0.0456497
0.0448702
0.0441384
0.0434547
0.0428196
0.0422339
0.0416986
0.0412152
0.0407856
0.0404126
0.0401
0.0398528
0.0396778
0.0395837
0.961693
0.892186
0.829087
0.77173
0.719526
0.671947
0.628525
0.588844
0.552531
0.519255
0.488718
0.460658
0.434836
0.411042
0.389085
0.368797
0.350024
0.33263
0.316492
0.301499
0.287551
0.274559
0.262443
0.251127
0.240548
0.230643
0.22136
0.212649
0.204466
0.196769
0.189521
0.182689
0.176242
0.170152
0.164393
0.158941
0.153775
0.148875
0.144222
0.139801
0.135595
0.131589
0.127772
0.124131
0.120653
0.11733
0.11415
0.111105
0.108186
0.105386
0.102697
0.100112
0.0976236
0.095227
0.0929157
0.0906845
0.0885282
0.0864419
0.0844212
0.0824617
0.0805597
0.0787113
0.0769133
0.0751626
0.0734564
0.0717924
0.0701683
0.0685827
0.067034
0.0655212
0.0640438
0.0626014
0.0611942
0.0598223
0.0584865
0.0571875
0.0559263
0.0547041
0.053522
0.0523811
0.0512826
0.0502276
0.0492169
0.0482513
0.0473317
0.0464585
0.0456322
0.0448532
0.044122
0.0434388
0.0428043
0.0422192
0.0416844
0.0412015
0.0407724
0.0403998
0.0400876
0.0398408
0.039666
0.0395721
0.961693
0.892186
0.829087
0.77173
0.719526
0.671947
0.628525
0.588844
0.552531
0.519255
0.488718
0.460657
0.434836
0.411042
0.389085
0.368797
0.350024
0.332629
0.316491
0.301498
0.28755
0.274559
0.262442
0.251126
0.240547
0.230642
0.221359
0.212648
0.204464
0.196767
0.189519
0.182687
0.17624
0.17015
0.16439
0.158938
0.153772
0.148872
0.144219
0.139797
0.135591
0.131586
0.127768
0.124126
0.120649
0.117325
0.114145
0.111099
0.108181
0.10538
0.10269
0.100105
0.0976163
0.0952192
0.0929075
0.0906757
0.0885189
0.086432
0.0844107
0.0824507
0.080548
0.0786989
0.0769002
0.0751488
0.0734419
0.0717771
0.0701523
0.0685659
0.0670165
0.0655031
0.064025
0.062582
0.0611742
0.0598019
0.0584657
0.0571664
0.055905
0.0546827
0.0535005
0.0523597
0.0512614
0.0502065
0.0491961
0.048231
0.0473118
0.0464391
0.0456134
0.044835
0.0441043
0.0434218
0.0427879
0.0422033
0.0416692
0.0411868
0.0407582
0.0403862
0.0400744
0.0398279
0.0396534
0.0395596
0.961693
0.892186
0.829087
0.77173
0.719526
0.671947
0.628525
0.588844
0.552531
0.519254
0.488718
0.460657
0.434836
0.411041
0.389085
0.368796
0.350023
0.332629
0.316491
0.301497
0.28755
0.274558
0.262441
0.251125
0.240545
0.230641
0.221358
0.212647
0.204463
0.196765
0.189517
0.182685
0.176238
0.170147
0.164388
0.158935
0.153769
0.148869
0.144216
0.139794
0.135587
0.131582
0.127764
0.124122
0.120644
0.117319
0.114139
0.111094
0.108174
0.105373
0.102683
0.100097
0.0976085
0.0952108
0.0928986
0.0906664
0.0885089
0.0864215
0.0843995
0.0824388
0.0805354
0.0786857
0.0768862
0.075134
0.0734263
0.0717607
0.0701352
0.068548
0.0669978
0.0654837
0.0640049
0.0625613
0.0611529
0.0597801
0.0584434
0.0571438
0.0558822
0.0546597
0.0534775
0.0523368
0.0512386
0.0501841
0.049174
0.0482093
0.0472906
0.0464184
0.0455933
0.0448155
0.0440855
0.0434036
0.0427703
0.0421865
0.0416529
0.0411711
0.0407431
0.0403716
0.0400602
0.0398141
0.0396399
0.0395463
0.961693
0.892186
0.829087
0.77173
0.719526
0.671947
0.628525
0.588844
0.552531
0.519254
0.488718
0.460657
0.434835
0.411041
0.389084
0.368796
0.350023
0.332628
0.31649
0.301497
0.287549
0.274557
0.26244
0.251124
0.240544
0.23064
0.221356
0.212645
0.204461
0.196763
0.189515
0.182683
0.176235
0.170145
0.164385
0.158933
0.153766
0.148865
0.144212
0.13979
0.135583
0.131577
0.127759
0.124117
0.120639
0.117314
0.114133
0.111087
0.108168
0.105367
0.102676
0.100089
0.0976002
0.095202
0.0928893
0.0906564
0.0884984
0.0864103
0.0843877
0.0824263
0.0805222
0.0786717
0.0768714
0.0751184
0.0734099
0.0717434
0.070117
0.068529
0.066978
0.0654631
0.0639836
0.0625393
0.0611303
0.0597569
0.0584198
0.0571198
0.055858
0.0546354
0.0534532
0.0523125
0.0512145
0.0501602
0.0491505
0.0481863
0.0472681
0.0463965
0.0455719
0.0447948
0.0440655
0.0433843
0.0427518
0.0421685
0.0416357
0.0411545
0.0407271
0.0403561
0.0400453
0.0397996
0.0396256
0.0395323
0.961693
0.892186
0.829087
0.771731
0.719526
0.671947
0.628525
0.588844
0.552531
0.519254
0.488718
0.460657
0.434835
0.411041
0.389084
0.368795
0.350022
0.332628
0.316489
0.301496
0.287548
0.274556
0.262439
0.251123
0.240543
0.230638
0.221355
0.212643
0.204459
0.196761
0.189513
0.182681
0.176233
0.170142
0.164382
0.158929
0.153763
0.148862
0.144208
0.139786
0.135579
0.131573
0.127754
0.124112
0.120633
0.117308
0.114127
0.111081
0.108161
0.105359
0.102668
0.100081
0.0975914
0.0951928
0.0928794
0.090646
0.0884873
0.0863986
0.0843752
0.0824131
0.0805082
0.0786568
0.0768558
0.0751019
0.0733925
0.0717251
0.0700979
0.068509
0.0669571
0.0654413
0.0639611
0.062516
0.0611064
0.0597325
0.0583949
0.0570946
0.0558324
0.0546097
0.0534274
0.0522869
0.0511891
0.0501351
0.0491258
0.048162
0.0472443
0.0463733
0.0455495
0.044773
0.0440444
0.043364
0.0427322
0.0421497
0.0416175
0.041137
0.0407102
0.0403398
0.0400295
0.0397842
0.0396106
0.0395174
0.961693
0.892186
0.829087
0.771731
0.719526
0.671947
0.628525
0.588844
0.552531
0.519254
0.488718
0.460657
0.434835
0.411041
0.389084
0.368795
0.350022
0.332627
0.316489
0.301495
0.287547
0.274555
0.262438
0.251122
0.240542
0.230637
0.221353
0.212641
0.204457
0.196759
0.189511
0.182678
0.17623
0.170139
0.164379
0.158926
0.153759
0.148858
0.144205
0.139782
0.135574
0.131568
0.127749
0.124106
0.120627
0.117302
0.114121
0.111074
0.108154
0.105352
0.10266
0.100073
0.0975822
0.095183
0.0928691
0.090635
0.0884757
0.0863862
0.0843621
0.0823992
0.0804935
0.0786413
0.0768393
0.0750845
0.0733742
0.0717059
0.0700777
0.0684879
0.0669351
0.0654185
0.0639374
0.0624916
0.0610813
0.0597068
0.0583687
0.057068
0.0558056
0.0545827
0.0534004
0.0522599
0.0511623
0.0501086
0.0490998
0.0481365
0.0472194
0.0463491
0.0455259
0.0447502
0.0440223
0.0433426
0.0427116
0.0421299
0.0415984
0.0411187
0.0406925
0.0403227
0.0400129
0.0397681
0.0395948
0.0395018
0.961693
0.892186
0.829087
0.771731
0.719526
0.671947
0.628525
0.588844
0.552531
0.519254
0.488718
0.460657
0.434835
0.41104
0.389083
0.368795
0.350021
0.332627
0.316488
0.301494
0.287546
0.274554
0.262436
0.251121
0.24054
0.230635
0.221351
0.21264
0.204455
0.196757
0.189508
0.182675
0.176227
0.170136
0.164376
0.158923
0.153756
0.148854
0.1442
0.139777
0.13557
0.131563
0.127744
0.124101
0.120621
0.117296
0.114114
0.111067
0.108146
0.105344
0.102652
0.100064
0.0975727
0.0951729
0.0928583
0.0906236
0.0884635
0.0863733
0.0843485
0.0823847
0.0804781
0.078625
0.0768221
0.0750664
0.0733551
0.0716858
0.0700567
0.0684659
0.0669121
0.0653946
0.0639126
0.0624661
0.061055
0.0596799
0.0583413
0.0570402
0.0557775
0.0545545
0.0533721
0.0522318
0.0511344
0.050081
0.0490726
0.0481098
0.0471933
0.0463237
0.0455012
0.0447263
0.0439992
0.0433203
0.0426901
0.0421092
0.0415785
0.0410995
0.040674
0.0403049
0.0399956
0.0397512
0.0395783
0.0394856
0.961693
0.892186
0.829087
0.771731
0.719526
0.671947
0.628525
0.588844
0.552531
0.519254
0.488718
0.460657
0.434835
0.41104
0.389083
0.368794
0.350021
0.332626
0.316487
0.301493
0.287545
0.274553
0.262435
0.251119
0.240539
0.230633
0.22135
0.212638
0.204453
0.196755
0.189506
0.182673
0.176225
0.170133
0.164372
0.158919
0.153752
0.14885
0.144196
0.139773
0.135565
0.131558
0.127739
0.124095
0.120615
0.117289
0.114107
0.11106
0.108138
0.105335
0.102643
0.100054
0.0975627
0.0951623
0.0928471
0.0906117
0.0884509
0.0863599
0.0843342
0.0823696
0.0804621
0.0786081
0.0768043
0.0750475
0.0733352
0.0716649
0.0700347
0.0684429
0.0668882
0.0653697
0.0638868
0.0624394
0.0610276
0.0596519
0.0583127
0.0570112
0.0557483
0.054525
0.0533427
0.0522024
0.0511053
0.0500523
0.0490443
0.0480821
0.0471662
0.0462973
0.0454756
0.0447014
0.0439752
0.0432971
0.0426678
0.0420877
0.0415578
0.0410795
0.0406548
0.0402863
0.0399776
0.0397337
0.0395612
0.0394686
0.961693
0.892186
0.829087
0.771731
0.719526
0.671947
0.628525
0.588844
0.552531
0.519254
0.488717
0.460656
0.434834
0.41104
0.389083
0.368794
0.35002
0.332625
0.316486
0.301493
0.287544
0.274552
0.262434
0.251118
0.240537
0.230632
0.221348
0.212636
0.204451
0.196752
0.189503
0.18267
0.176222
0.17013
0.164369
0.158916
0.153748
0.148846
0.144192
0.139768
0.13556
0.131553
0.127733
0.124089
0.120609
0.117283
0.1141
0.111052
0.10813
0.105327
0.102634
0.100044
0.0975524
0.0951514
0.0928355
0.0905994
0.0884378
0.086346
0.0843195
0.082354
0.0804456
0.0785906
0.0767857
0.0750279
0.0733146
0.0716432
0.070012
0.0684191
0.0668633
0.0653438
0.0638601
0.0624118
0.0609992
0.0596228
0.0582831
0.0569811
0.0557179
0.0544945
0.0533122
0.052172
0.0510751
0.0500224
0.0490149
0.0480533
0.0471381
0.0462699
0.045449
0.0446757
0.0439503
0.0432731
0.0426446
0.0420654
0.0415363
0.0410589
0.0406349
0.0402671
0.039959
0.0397156
0.0395434
0.0394511
0.961693
0.892186
0.829087
0.771731
0.719526
0.671947
0.628525
0.588844
0.552531
0.519254
0.488717
0.460656
0.434834
0.411039
0.389082
0.368793
0.35002
0.332625
0.316486
0.301492
0.287543
0.274551
0.262433
0.251116
0.240535
0.23063
0.221346
0.212633
0.204448
0.19675
0.189501
0.182667
0.176218
0.170126
0.164365
0.158912
0.153744
0.148842
0.144187
0.139763
0.135555
0.131547
0.127727
0.124083
0.120602
0.117276
0.114093
0.111044
0.108122
0.105318
0.102624
0.100034
0.0975418
0.0951401
0.0928235
0.0905866
0.0884243
0.0863317
0.0843043
0.0823379
0.0804285
0.0785725
0.0767666
0.0750077
0.0732933
0.0716208
0.0699884
0.0683945
0.0668377
0.0653171
0.0638324
0.0623833
0.0609699
0.0595927
0.0582525
0.0569501
0.0556865
0.054463
0.0532806
0.0521405
0.0510439
0.0499916
0.0489846
0.0480235
0.0471091
0.0462416
0.0454215
0.0446491
0.0439246
0.0432483
0.0426207
0.0420423
0.0415142
0.0410376
0.0406144
0.0402472
0.0399398
0.0396969
0.0395251
0.039433
0.961693
0.892186
0.829087
0.771731
0.719526
0.671947
0.628525
0.588844
0.552531
0.519254
0.488717
0.460656
0.434834
0.411039
0.389082
0.368793
0.350019
0.332624
0.316485
0.301491
0.287542
0.274549
0.262431
0.251115
0.240534
0.230628
0.221344
0.212631
0.204446
0.196747
0.189498
0.182664
0.176215
0.170123
0.164362
0.158908
0.15374
0.148837
0.144182
0.139758
0.135549
0.131541
0.127721
0.124076
0.120596
0.117268
0.114085
0.111036
0.108113
0.105309
0.102615
0.100024
0.0975309
0.0951285
0.0928112
0.0905736
0.0884104
0.086317
0.0842887
0.0823213
0.0804109
0.0785539
0.0767469
0.0749869
0.0732713
0.0715977
0.0699642
0.0683691
0.0668112
0.0652896
0.0638039
0.0623538
0.0609396
0.0595618
0.0582209
0.0569181
0.0556542
0.0544305
0.0532481
0.0521081
0.0510118
0.0499599
0.0489534
0.0479929
0.0470792
0.0462125
0.0453932
0.0446217
0.0438981
0.0432228
0.0425961
0.0420187
0.0414914
0.0410156
0.0405932
0.0402268
0.03992
0.0396776
0.0395062
0.0394143
0.961693
0.892186
0.829087
0.771731
0.719526
0.671947
0.628525
0.588844
0.552531
0.519254
0.488717
0.460656
0.434834
0.411039
0.389081
0.368792
0.350018
0.332623
0.316484
0.30149
0.287541
0.274548
0.26243
0.251113
0.240532
0.230626
0.221342
0.212629
0.204443
0.196744
0.189495
0.182661
0.176212
0.170119
0.164358
0.158904
0.153735
0.148833
0.144177
0.139753
0.135544
0.131536
0.127715
0.12407
0.120589
0.117261
0.114077
0.111028
0.108105
0.105299
0.102605
0.100014
0.0975198
0.0951167
0.0927987
0.0905602
0.0883962
0.0863019
0.0842727
0.0823043
0.0803929
0.0785348
0.0767267
0.0749656
0.0732488
0.0715741
0.0699394
0.0683431
0.066784
0.0652614
0.0637746
0.0623236
0.0609086
0.05953
0.0581885
0.0568852
0.055621
0.0543971
0.0532147
0.0520749
0.0509788
0.0499273
0.0489213
0.0479616
0.0470485
0.0461826
0.0453642
0.0445936
0.043871
0.0431966
0.0425709
0.0419944
0.041468
0.0409931
0.0405715
0.0402058
0.0398997
0.0396579
0.0394869
0.0393952
0.961693
0.892186
0.829087
0.771731
0.719526
0.671947
0.628525
0.588844
0.552531
0.519254
0.488717
0.460656
0.434833
0.411038
0.389081
0.368791
0.350018
0.332622
0.316483
0.301488
0.28754
0.274547
0.262428
0.251111
0.24053
0.230624
0.221339
0.212627
0.204441
0.196742
0.189492
0.182658
0.176208
0.170116
0.164354
0.1589
0.153731
0.148828
0.144172
0.139748
0.135538
0.13153
0.127709
0.124063
0.120582
0.117253
0.114069
0.111019
0.108096
0.10529
0.102595
0.100003
0.0975084
0.0951046
0.0927858
0.0905466
0.0883818
0.0862865
0.0842563
0.0822869
0.0803745
0.0785153
0.076706
0.0749438
0.0732258
0.0715499
0.0699139
0.0683165
0.0667563
0.0652325
0.0637447
0.0622927
0.0608768
0.0594974
0.0581554
0.0568516
0.0555871
0.054363
0.0531806
0.0520409
0.0509451
0.049894
0.0488886
0.0479295
0.0470172
0.0461521
0.0453346
0.0445649
0.0438433
0.0431699
0.0425451
0.0419696
0.0414442
0.0409702
0.0405494
0.0401845
0.0398789
0.0396377
0.0394671
0.0393757
0.961693
0.892186
0.829087
0.771731
0.719526
0.671947
0.628525
0.588844
0.552531
0.519254
0.488717
0.460655
0.434833
0.411038
0.38908
0.368791
0.350017
0.332621
0.316482
0.301487
0.287538
0.274545
0.262427
0.25111
0.240528
0.230622
0.221337
0.212624
0.204438
0.196739
0.189489
0.182654
0.176205
0.170112
0.16435
0.158895
0.153726
0.148823
0.144167
0.139742
0.135533
0.131524
0.127702
0.124056
0.120574
0.117246
0.114061
0.111011
0.108086
0.10528
0.102584
0.0999921
0.0974969
0.0950923
0.0927728
0.0905327
0.088367
0.0862709
0.0842397
0.0822693
0.0803558
0.0784954
0.076685
0.0749216
0.0732024
0.0715252
0.069888
0.0682893
0.0667279
0.065203
0.0637141
0.0622612
0.0608444
0.0594642
0.0581216
0.0568173
0.0555524
0.0543282
0.0531458
0.0520062
0.0509107
0.0498601
0.0488552
0.0478967
0.0469852
0.046121
0.0453044
0.0445357
0.043815
0.0431426
0.0425189
0.0419443
0.0414199
0.0409468
0.0405268
0.0401627
0.0398578
0.0396171
0.0394469
0.0393558
0.961693
0.892186
0.829087
0.771731
0.719526
0.671947
0.628525
0.588844
0.55253
0.519253
0.488716
0.460655
0.434833
0.411037
0.38908
0.36879
0.350016
0.332621
0.316481
0.301486
0.287537
0.274544
0.262425
0.251108
0.240526
0.23062
0.221335
0.212622
0.204435
0.196736
0.189486
0.182651
0.176201
0.170108
0.164346
0.158891
0.153722
0.148818
0.144162
0.139737
0.135527
0.131517
0.127696
0.124049
0.120567
0.117238
0.114053
0.111002
0.108077
0.10527
0.102574
0.0999811
0.0974852
0.0950799
0.0927596
0.0905187
0.0883521
0.086255
0.0842228
0.0822514
0.0803368
0.0784753
0.0766637
0.074899
0.0731786
0.0715001
0.0698617
0.0682618
0.0666992
0.0651731
0.0636831
0.0622291
0.0608114
0.0594305
0.0580872
0.0567824
0.0555172
0.0542928
0.0531104
0.051971
0.0508758
0.0498256
0.0488213
0.0478635
0.0469528
0.0460895
0.0452738
0.044506
0.0437864
0.043115
0.0424923
0.0419187
0.0413952
0.040923
0.0405039
0.0401405
0.0398364
0.0395962
0.0394265
0.0393355
0.961693
0.892186
0.829087
0.771731
0.719526
0.671947
0.628525
0.588844
0.55253
0.519253
0.488716
0.460655
0.434832
0.411037
0.389079
0.368789
0.350015
0.33262
0.31648
0.301485
0.287536
0.274542
0.262423
0.251106
0.240524
0.230618
0.221332
0.212619
0.204433
0.196733
0.189482
0.182648
0.176198
0.170104
0.164342
0.158887
0.153717
0.148813
0.144157
0.139731
0.135521
0.131511
0.127689
0.124042
0.12056
0.11723
0.114045
0.110993
0.108068
0.105261
0.102564
0.0999701
0.0974734
0.0950674
0.0927463
0.0905046
0.0883371
0.086239
0.0842058
0.0822333
0.0803176
0.078455
0.0766422
0.0748762
0.0731545
0.0714748
0.0698351
0.0682339
0.06667
0.0651427
0.0636516
0.0621966
0.060778
0.0593964
0.0580524
0.0567471
0.0554816
0.054257
0.0530746
0.0519353
0.0508404
0.0497907
0.048787
0.0478299
0.04692
0.0460575
0.0452428
0.044476
0.0437574
0.043087
0.0424653
0.0418928
0.0413702
0.040899
0.0404808
0.0401182
0.0398147
0.0395751
0.0394057
0.0393151
0.961693
0.892186
0.829087
0.771731
0.719526
0.671947
0.628525
0.588844
0.55253
0.519253
0.488716
0.460654
0.434832
0.411036
0.389079
0.368789
0.350014
0.332619
0.316479
0.301484
0.287534
0.27454
0.262421
0.251104
0.240522
0.230615
0.22133
0.212616
0.20443
0.19673
0.189479
0.182644
0.176194
0.1701
0.164338
0.158882
0.153713
0.148808
0.144152
0.139726
0.135515
0.131505
0.127683
0.124035
0.120552
0.117223
0.114036
0.110985
0.108059
0.105251
0.102553
0.0999589
0.0974615
0.0950548
0.0927329
0.0904903
0.0883219
0.0862229
0.0841887
0.0822151
0.0802983
0.0784345
0.0766205
0.0748533
0.0731303
0.0714492
0.0698082
0.0682057
0.0666406
0.0651121
0.0636199
0.0621639
0.0607443
0.0593619
0.0580172
0.0567114
0.0554456
0.0542209
0.0530384
0.0518993
0.0508047
0.0497555
0.0487523
0.047796
0.0468868
0.0460253
0.0452115
0.0444458
0.0437281
0.0430588
0.0424382
0.0418666
0.0413451
0.0408747
0.0404574
0.0400956
0.0397928
0.0395538
0.0393848
0.0392944
0.961693
0.892186
0.829087
0.771731
0.719526
0.671947
0.628525
0.588844
0.55253
0.519253
0.488716
0.460654
0.434831
0.411036
0.389078
0.368788
0.350013
0.332617
0.316477
0.301482
0.287533
0.274539
0.26242
0.251102
0.24052
0.230613
0.221327
0.212614
0.204427
0.196727
0.189476
0.182641
0.17619
0.170097
0.164334
0.158878
0.153708
0.148803
0.144147
0.13972
0.135509
0.131499
0.127676
0.124029
0.120545
0.117215
0.114028
0.110976
0.108049
0.105241
0.102543
0.0999478
0.0974497
0.0950422
0.0927195
0.0904761
0.0883068
0.0862068
0.0841716
0.0821969
0.0802789
0.0784139
0.0765987
0.0748302
0.0731059
0.0714236
0.0697812
0.0681774
0.0666111
0.0650814
0.063588
0.0621309
0.0607104
0.0593272
0.0579819
0.0566756
0.0554094
0.0541845
0.053002
0.0518631
0.0507688
0.04972
0.0487175
0.0477619
0.0468536
0.0459929
0.0451801
0.0444153
0.0436988
0.0430305
0.0424109
0.0418404
0.0413198
0.0408504
0.0404339
0.0400729
0.0397708
0.0395323
0.0393638
0.0392736
0.961693
0.892186
0.829087
0.771731
0.719526
0.671947
0.628525
0.588844
0.55253
0.519253
0.488715
0.460654
0.434831
0.411035
0.389077
0.368787
0.350012
0.332616
0.316476
0.301481
0.287531
0.274537
0.262418
0.2511
0.240518
0.230611
0.221325
0.212611
0.204424
0.196724
0.189473
0.182637
0.176187
0.170093
0.164329
0.158873
0.153703
0.148798
0.144141
0.139715
0.135503
0.131493
0.127669
0.124022
0.120538
0.117207
0.11402
0.110967
0.10804
0.105231
0.102532
0.0999367
0.0974379
0.0950297
0.0927062
0.0904619
0.0882917
0.0861907
0.0841545
0.0821787
0.0802596
0.0783934
0.0765769
0.0748071
0.0730816
0.0713979
0.0697542
0.0681491
0.0665815
0.0650506
0.063556
0.0620979
0.0606765
0.0592924
0.0579464
0.0566396
0.0553731
0.054148
0.0529656
0.0518268
0.0507329
0.0496845
0.0486826
0.0477277
0.0468202
0.0459605
0.0451486
0.0443849
0.0436693
0.0430021
0.0423836
0.0418141
0.0412945
0.040826
0.0404104
0.0400502
0.0397488
0.0395109
0.0393428
0.0392528
0.961693
0.892186
0.829087
0.771731
0.719526
0.671947
0.628525
0.588844
0.55253
0.519252
0.488715
0.460653
0.43483
0.411035
0.389076
0.368786
0.350011
0.332615
0.316475
0.301479
0.287529
0.274535
0.262416
0.251098
0.240515
0.230608
0.221322
0.212608
0.204421
0.19672
0.189469
0.182634
0.176183
0.170089
0.164325
0.158869
0.153698
0.148794
0.144136
0.139709
0.135497
0.131486
0.127663
0.124015
0.12053
0.117199
0.114012
0.110958
0.108031
0.105221
0.102522
0.0999257
0.0974262
0.0950172
0.0926929
0.0904478
0.0882767
0.0861747
0.0841375
0.0821606
0.0802403
0.0783729
0.0765552
0.0747842
0.0730573
0.0713723
0.0697273
0.0681209
0.0665519
0.0650198
0.0635241
0.0620649
0.0606426
0.0592577
0.057911
0.0566037
0.0553369
0.0541116
0.0529292
0.0517906
0.050697
0.0496491
0.0486478
0.0476936
0.046787
0.0459281
0.0451173
0.0443545
0.04364
0.0429739
0.0423563
0.0417879
0.0412693
0.0408017
0.040387
0.0400275
0.0397268
0.0394894
0.0393218
0.039232
0.961693
0.892187
0.829087
0.771731
0.719526
0.671947
0.628525
0.588843
0.55253
0.519252
0.488715
0.460653
0.43483
0.411034
0.389076
0.368785
0.35001
0.332614
0.316473
0.301478
0.287528
0.274533
0.262414
0.251096
0.240513
0.230606
0.22132
0.212605
0.204418
0.196717
0.189466
0.18263
0.176179
0.170085
0.164321
0.158865
0.153694
0.148789
0.144131
0.139704
0.135492
0.13148
0.127656
0.124008
0.120523
0.117192
0.114004
0.11095
0.108022
0.105212
0.102512
0.0999148
0.0974146
0.0950049
0.0926798
0.0904338
0.0882618
0.0861589
0.0841206
0.0821427
0.0802213
0.0783527
0.0765337
0.0747614
0.0730332
0.0713469
0.0697006
0.0680928
0.0665226
0.0649893
0.0634924
0.0620322
0.0606089
0.0592232
0.0578759
0.0565681
0.0553009
0.0540754
0.052893
0.0517546
0.0506613
0.0496139
0.0486132
0.0476598
0.0467539
0.045896
0.0450861
0.0443244
0.0436109
0.0429458
0.0423293
0.0417618
0.0412442
0.0407776
0.0403637
0.040005
0.0397049
0.0394681
0.0393009
0.0392114
0.961693
0.892187
0.829088
0.771731
0.719526
0.671947
0.628525
0.588843
0.55253
0.519252
0.488714
0.460652
0.434829
0.411033
0.389075
0.368784
0.350009
0.332613
0.316472
0.301476
0.287526
0.274532
0.262412
0.251094
0.240511
0.230603
0.221317
0.212602
0.204415
0.196714
0.189463
0.182627
0.176175
0.170081
0.164317
0.15886
0.153689
0.148784
0.144126
0.139698
0.135486
0.131474
0.12765
0.124001
0.120516
0.117184
0.113996
0.110941
0.108013
0.105202
0.102502
0.0999041
0.0974033
0.0949929
0.092667
0.0904201
0.0882472
0.0861434
0.0841041
0.0821251
0.0802025
0.0783327
0.0765125
0.074739
0.0730094
0.0713218
0.0696742
0.0680651
0.0664936
0.0649591
0.0634611
0.0619998
0.0605755
0.059189
0.0578411
0.0565328
0.0552652
0.0540396
0.0528572
0.051719
0.050626
0.0495791
0.048579
0.0476263
0.0467212
0.0458642
0.0450553
0.0442945
0.0435821
0.042918
0.0423025
0.0417361
0.0412194
0.0407537
0.0403406
0.0399827
0.0396833
0.0394471
0.0392802
0.0391909
0.961693
0.892187
0.829088
0.771731
0.719526
0.671947
0.628525
0.588843
0.552529
0.519252
0.488714
0.460652
0.434828
0.411032
0.389074
0.368783
0.350008
0.332611
0.31647
0.301475
0.287524
0.27453
0.26241
0.251091
0.240508
0.230601
0.221314
0.2126
0.204412
0.196711
0.189459
0.182623
0.176172
0.170077
0.164313
0.158856
0.153685
0.148779
0.144121
0.139693
0.13548
0.131468
0.127644
0.123995
0.120509
0.117177
0.113988
0.110933
0.108004
0.105193
0.102492
0.0998937
0.0973922
0.094981
0.0926544
0.0904068
0.088233
0.0861282
0.0840879
0.0821078
0.0801841
0.0783132
0.0764918
0.0747169
0.0729861
0.0712972
0.0696482
0.0680379
0.0664652
0.0649294
0.0634302
0.0619679
0.0605427
0.0591554
0.0578068
0.056498
0.0552301
0.0540044
0.0528219
0.0516839
0.0505912
0.0495448
0.0485453
0.0475933
0.0466891
0.0458329
0.0450249
0.0442652
0.0435537
0.0428906
0.0422762
0.0417107
0.041195
0.0407302
0.040318
0.0399608
0.039662
0.0394263
0.0392598
0.0391707
0.961693
0.892187
0.829088
0.771731
0.719526
0.671947
0.628525
0.588843
0.552529
0.519251
0.488714
0.460651
0.434828
0.411031
0.389073
0.368782
0.350007
0.33261
0.316469
0.301473
0.287523
0.274528
0.262408
0.251089
0.240506
0.230598
0.221312
0.212597
0.204409
0.196708
0.189456
0.18262
0.176168
0.170073
0.164309
0.158852
0.15368
0.148774
0.144116
0.139688
0.135475
0.131463
0.127638
0.123988
0.120502
0.11717
0.11398
0.110925
0.107996
0.105184
0.102482
0.0998835
0.0973814
0.0949696
0.0926422
0.0903937
0.0882191
0.0861134
0.0840721
0.082091
0.0801662
0.0782941
0.0764715
0.0746954
0.0729634
0.0712731
0.0696229
0.0680113
0.0664373
0.0649003
0.0634001
0.0619367
0.0605106
0.0591225
0.0577733
0.056464
0.0551958
0.0539699
0.0527874
0.0516495
0.0505572
0.0495112
0.0485123
0.047561
0.0466576
0.0458023
0.0449952
0.0442364
0.043526
0.0428639
0.0422504
0.0416859
0.0411711
0.0407072
0.0402957
0.0399393
0.0396412
0.0394059
0.0392398
0.039151
0.961693
0.892187
0.829088
0.771731
0.719526
0.671947
0.628525
0.588843
0.552529
0.519251
0.488713
0.460651
0.434827
0.411031
0.389072
0.368781
0.350005
0.332609
0.316467
0.301471
0.287521
0.274526
0.262406
0.251087
0.240504
0.230596
0.221309
0.212594
0.204406
0.196705
0.189453
0.182616
0.176164
0.170069
0.164305
0.158847
0.153676
0.14877
0.144111
0.139683
0.13547
0.131457
0.127632
0.123982
0.120496
0.117163
0.113973
0.110917
0.107988
0.105175
0.102473
0.0998738
0.097371
0.0949585
0.0926304
0.0903812
0.0882057
0.0860991
0.0840568
0.0820747
0.0801489
0.0782757
0.0764519
0.0746746
0.0729413
0.0712498
0.0695983
0.0679854
0.0664102
0.0648721
0.0633707
0.0619064
0.0604794
0.0590905
0.0577406
0.0564308
0.0551623
0.0539363
0.0527538
0.0516161
0.0505241
0.0494786
0.0484802
0.0475296
0.0466269
0.0457725
0.0449663
0.0442085
0.043499
0.0428379
0.0422253
0.0416617
0.0411478
0.0406847
0.0402741
0.0399183
0.0396208
0.0393861
0.0392203
0.0391317
0.961693
0.892187
0.829088
0.771731
0.719526
0.671947
0.628525
0.588843
0.552528
0.51925
0.488712
0.46065
0.434826
0.41103
0.389071
0.36878
0.350004
0.332607
0.316466
0.30147
0.287519
0.274524
0.262403
0.251085
0.240501
0.230593
0.221306
0.212591
0.204403
0.196702
0.189449
0.182613
0.176161
0.170065
0.164301
0.158843
0.153672
0.148765
0.144106
0.139678
0.135464
0.131452
0.127626
0.123976
0.120489
0.117156
0.113966
0.11091
0.10798
0.105167
0.102464
0.0998644
0.0973611
0.0949479
0.0926191
0.0903691
0.0881928
0.0860854
0.0840422
0.0820591
0.0801322
0.0782579
0.076433
0.0746546
0.07292
0.0712273
0.0695746
0.0679605
0.0663841
0.0648448
0.0633424
0.0618771
0.0604492
0.0590596
0.0577091
0.0563988
0.05513
0.0539038
0.0527214
0.0515838
0.0504921
0.049447
0.0484492
0.0474992
0.0465973
0.0457437
0.0449384
0.0441814
0.0434729
0.0428127
0.0422011
0.0416384
0.0411254
0.0406631
0.0402532
0.0398981
0.0396011
0.0393669
0.0392015
0.039113
0.961693
0.892187
0.829088
0.771731
0.719526
0.671947
0.628525
0.588842
0.552528
0.51925
0.488712
0.460649
0.434825
0.411029
0.38907
0.368778
0.350003
0.332606
0.316464
0.301468
0.287517
0.274522
0.262401
0.251082
0.240499
0.230591
0.221304
0.212589
0.2044
0.196699
0.189446
0.18261
0.176158
0.170062
0.164297
0.15884
0.153668
0.148761
0.144102
0.139673
0.13546
0.131447
0.127621
0.12397
0.120484
0.11715
0.113959
0.110903
0.107972
0.105159
0.102456
0.0998556
0.0973517
0.0949379
0.0926084
0.0903577
0.0881806
0.0860723
0.0840283
0.0820443
0.0801164
0.0782411
0.076415
0.0746354
0.0728998
0.0712059
0.069552
0.0679367
0.0663592
0.0648188
0.0633154
0.061849
0.0604203
0.05903
0.0576789
0.0563682
0.055099
0.0538727
0.0526902
0.0515528
0.0504614
0.0494167
0.0484195
0.0474701
0.0465689
0.0457161
0.0449116
0.0441555
0.0434478
0.0427886
0.0421778
0.041616
0.0411038
0.0406422
0.0402331
0.0398786
0.0395822
0.0393484
0.0391833
0.0390951
0.961693
0.892187
0.829088
0.771731
0.719526
0.671947
0.628524
0.588842
0.552528
0.519249
0.488711
0.460648
0.434824
0.411028
0.389068
0.368777
0.350001
0.332604
0.316462
0.301466
0.287515
0.27452
0.262399
0.25108
0.240497
0.230588
0.221301
0.212586
0.204398
0.196696
0.189443
0.182607
0.176154
0.170059
0.164294
0.158836
0.153664
0.148757
0.144098
0.139669
0.135455
0.131442
0.127616
0.123965
0.120478
0.117144
0.113953
0.110897
0.107965
0.105152
0.102448
0.0998473
0.0973428
0.0949285
0.0925983
0.090347
0.0881692
0.0860601
0.0840152
0.0820303
0.0801015
0.0782251
0.0763981
0.0746174
0.0728806
0.0711856
0.0695306
0.0679142
0.0663356
0.0647941
0.0632897
0.0618225
0.060393
0.0590019
0.0576502
0.0563391
0.0550696
0.0538431
0.0526607
0.0515234
0.0504322
0.049388
0.0483912
0.0474425
0.0465419
0.0456898
0.0448862
0.0441309
0.0434241
0.0427656
0.0421557
0.0415947
0.0410832
0.0406224
0.0402139
0.03986
0.0395641
0.0393308
0.039166
0.0390779
0.961693
0.892187
0.829088
0.771731
0.719526
0.671947
0.628524
0.588842
0.552527
0.519249
0.48871
0.460647
0.434823
0.411026
0.389067
0.368776
0.35
0.332602
0.316461
0.301464
0.287513
0.274518
0.262397
0.251078
0.240494
0.230586
0.221299
0.212583
0.204395
0.196693
0.189441
0.182604
0.176151
0.170055
0.16429
0.158833
0.15366
0.148753
0.144094
0.139665
0.135451
0.131437
0.127611
0.12396
0.120473
0.117138
0.113947
0.11089
0.107959
0.105145
0.102441
0.0998395
0.0973346
0.0949197
0.092589
0.090337
0.0881586
0.0860488
0.0840031
0.0820173
0.0800876
0.0782103
0.0763823
0.0746006
0.0728628
0.0711667
0.0695106
0.0678932
0.0663135
0.0647711
0.0632657
0.0617976
0.0603673
0.0589756
0.0576234
0.0563118
0.0550421
0.0538154
0.052633
0.0514958
0.0504049
0.049361
0.0483647
0.0474165
0.0465166
0.0456652
0.0448623
0.0441078
0.0434017
0.042744
0.0421349
0.0415746
0.0410639
0.0406037
0.0401958
0.0398425
0.0395471
0.0393141
0.0391496
0.0390617
0.961693
0.892187
0.829088
0.771731
0.719526
0.671946
0.628524
0.588841
0.552526
0.519248
0.48871
0.460646
0.434822
0.411025
0.389066
0.368774
0.349998
0.332601
0.316459
0.301463
0.287511
0.274516
0.262395
0.251076
0.240492
0.230584
0.221297
0.212581
0.204393
0.196691
0.189438
0.182601
0.176148
0.170053
0.164287
0.158829
0.153657
0.14875
0.14409
0.139661
0.135447
0.131433
0.127607
0.123956
0.120468
0.117133
0.113942
0.110885
0.107953
0.105139
0.102434
0.0998325
0.0973271
0.0949118
0.0925805
0.090328
0.0881489
0.0860384
0.083992
0.0820055
0.0800749
0.0781968
0.0763679
0.0745852
0.0728464
0.0711493
0.0694922
0.0678738
0.0662932
0.0647498
0.0632436
0.0617747
0.0603437
0.0589513
0.0575986
0.0562866
0.0550166
0.0537898
0.0526073
0.0514703
0.0503796
0.049336
0.0483402
0.0473925
0.0464932
0.0456424
0.0448401
0.0440864
0.043381
0.042724
0.0421156
0.041556
0.0410459
0.0405864
0.040179
0.0398262
0.0395312
0.0392985
0.0391343
0.0390466
0.961693
0.892187
0.829088
0.771731
0.719526
0.671946
0.628523
0.588841
0.552526
0.519247
0.488709
0.460646
0.434821
0.411024
0.389065
0.368773
0.349997
0.332599
0.316458
0.301461
0.28751
0.274514
0.262393
0.251074
0.24049
0.230582
0.221294
0.212579
0.20439
0.196688
0.189436
0.182598
0.176146
0.17005
0.164285
0.158827
0.153654
0.148747
0.144087
0.139658
0.135443
0.13143
0.127603
0.123952
0.120464
0.117129
0.113937
0.11088
0.107948
0.105133
0.102428
0.0998263
0.0973205
0.0949047
0.092573
0.0903199
0.0881402
0.0860291
0.0839821
0.0819949
0.0800636
0.0781846
0.0763549
0.0745714
0.0728317
0.0711337
0.0694757
0.0678564
0.0662749
0.0647306
0.0632236
0.061754
0.0603223
0.0589293
0.0575761
0.0562638
0.0549935
0.0537666
0.0525841
0.0514471
0.0503566
0.0493134
0.0483179
0.0473706
0.0464719
0.0456216
0.04482
0.0440668
0.0433621
0.0427058
0.0420979
0.041539
0.0410294
0.0405704
0.0401635
0.0398112
0.0395165
0.0392842
0.0391202
0.0390326
0.961693
0.892187
0.829088
0.771731
0.719526
0.671946
0.628523
0.58884
0.552525
0.519246
0.488708
0.460645
0.43482
0.411023
0.389063
0.368772
0.349996
0.332598
0.316456
0.301459
0.287508
0.274513
0.262392
0.251072
0.240488
0.23058
0.221292
0.212577
0.204388
0.196686
0.189433
0.182596
0.176144
0.170047
0.164282
0.158824
0.153651
0.148744
0.144084
0.139655
0.13544
0.131426
0.1276
0.123948
0.12046
0.117125
0.113933
0.110876
0.107943
0.105128
0.102423
0.0998208
0.0973147
0.0948985
0.0925664
0.0903128
0.0881327
0.086021
0.0839734
0.0819856
0.0800537
0.078174
0.0763436
0.0745593
0.0728188
0.07112
0.0694612
0.0678411
0.0662588
0.0647138
0.063206
0.0617357
0.0603034
0.0589099
0.0575563
0.0562436
0.0549731
0.053746
0.0525635
0.0514266
0.0503363
0.0492932
0.0482981
0.0473513
0.0464529
0.0456032
0.044802
0.0440494
0.0433452
0.0426895
0.0420822
0.0415237
0.0410146
0.0405561
0.0401496
0.0397976
0.0395033
0.0392712
0.0391074
0.03902
0.961693
0.892187
0.829088
0.771731
0.719525
0.671945
0.628522
0.588839
0.552524
0.519246
0.488707
0.460644
0.434819
0.411022
0.389062
0.368771
0.349994
0.332597
0.316455
0.301458
0.287507
0.274511
0.26239
0.251071
0.240487
0.230578
0.221291
0.212575
0.204387
0.196684
0.189432
0.182594
0.176142
0.170045
0.16428
0.158822
0.153649
0.148742
0.144082
0.139652
0.135438
0.131424
0.127597
0.123945
0.120457
0.117122
0.11393
0.110872
0.107939
0.105124
0.102419
0.0998163
0.0973098
0.0948933
0.0925609
0.0903069
0.0881264
0.0860143
0.0839662
0.0819779
0.0800454
0.0781652
0.076334
0.0745492
0.072808
0.0711085
0.069449
0.0678282
0.0662452
0.0646995
0.0631911
0.0617203
0.0602874
0.0588935
0.0575394
0.0562265
0.0549557
0.0537285
0.0525459
0.0514091
0.0503188
0.049276
0.0482812
0.0473346
0.0464366
0.0455873
0.0447866
0.0440344
0.0433307
0.0426753
0.0420685
0.0415104
0.0410017
0.0405435
0.0401374
0.0397857
0.0394916
0.0392597
0.0390961
0.0390088
0.961693
0.892187
0.829087
0.771731
0.719525
0.671945
0.628522
0.588839
0.552524
0.519245
0.488706
0.460643
0.434818
0.411021
0.389061
0.368769
0.349993
0.332595
0.316454
0.301457
0.287505
0.27451
0.262389
0.251069
0.240485
0.230577
0.221289
0.212574
0.204385
0.196683
0.18943
0.182593
0.17614
0.170044
0.164278
0.15882
0.153647
0.14874
0.14408
0.13965
0.135436
0.131421
0.127595
0.123943
0.120454
0.117119
0.113927
0.110869
0.107936
0.105121
0.102415
0.0998127
0.097306
0.0948893
0.0925566
0.0903023
0.0881215
0.086009
0.0839606
0.0819718
0.0800388
0.0781582
0.0763266
0.0745411
0.0727994
0.0710994
0.0694393
0.0678179
0.0662344
0.0646882
0.0631793
0.0617079
0.0602746
0.0588803
0.0575259
0.0562126
0.0549417
0.0537143
0.0525317
0.0513948
0.0503047
0.049262
0.0482673
0.047321
0.0464233
0.0455743
0.0447739
0.044022
0.0433186
0.0426636
0.042057
0.0414992
0.0409909
0.0405329
0.040127
0.0397755
0.0394816
0.0392498
0.0390863
0.0389991
0.961693
0.892187
0.829087
0.77173
0.719525
0.671945
0.628521
0.588838
0.552523
0.519244
0.488705
0.460642
0.434817
0.41102
0.38906
0.368768
0.349992
0.332594
0.316452
0.301456
0.287504
0.274509
0.262388
0.251068
0.240484
0.230576
0.221288
0.212572
0.204384
0.196682
0.189429
0.182591
0.176139
0.170042
0.164277
0.158819
0.153646
0.148738
0.144078
0.139649
0.135434
0.13142
0.127593
0.123941
0.120453
0.117117
0.113925
0.110867
0.107934
0.105119
0.102413
0.0998102
0.0973034
0.0948864
0.0925535
0.0902991
0.088118
0.0860053
0.0839565
0.0819675
0.0800342
0.0781532
0.0763212
0.0745354
0.0727933
0.0710928
0.0694323
0.0678105
0.0662265
0.0646799
0.0631706
0.0616989
0.0602652
0.0588706
0.0575159
0.0562024
0.0549313
0.0537037
0.052521
0.0513842
0.0502941
0.0492514
0.0482569
0.0473107
0.0464132
0.0455643
0.0447641
0.0440124
0.0433092
0.0426544
0.042048
0.0414904
0.0409822
0.0405244
0.0401186
0.0397672
0.0394733
0.0392417
0.0390782
0.038991
0.961693
0.892187
0.829087
0.77173
0.719524
0.671944
0.628521
0.588838
0.552523
0.519244
0.488705
0.460641
0.434817
0.411019
0.389059
0.368768
0.349991
0.332594
0.316452
0.301455
0.287503
0.274508
0.262387
0.251068
0.240483
0.230575
0.221287
0.212572
0.204383
0.196681
0.189428
0.18259
0.176138
0.170042
0.164276
0.158818
0.153645
0.148737
0.144077
0.139648
0.135433
0.131419
0.127592
0.12394
0.120452
0.117116
0.113924
0.110866
0.107933
0.105117
0.102412
0.0998086
0.0973017
0.0948847
0.0925517
0.0902971
0.0881159
0.0860031
0.0839541
0.0819649
0.0800314
0.0781502
0.0763179
0.0745319
0.0727895
0.0710888
0.069428
0.0678059
0.0662216
0.0646747
0.0631652
0.0616932
0.0602593
0.0588644
0.0575095
0.0561958
0.0549245
0.0536968
0.052514
0.0513771
0.050287
0.0492444
0.0482499
0.0473038
0.0464064
0.0455576
0.0447574
0.0440058
0.0433027
0.0426479
0.0420416
0.041484
0.0409758
0.040518
0.0401123
0.0397609
0.039467
0.0392354
0.0390719
0.0389848
0.961693
0.892187
0.829087
0.77173
0.719524
0.671944
0.628521
0.588837
0.552522
0.519243
0.488704
0.460641
0.434816
0.411019
0.389059
0.368767
0.349991
0.332593
0.316451
0.301454
0.287503
0.274507
0.262386
0.251067
0.240483
0.230574
0.221287
0.212571
0.204382
0.19668
0.189427
0.18259
0.176137
0.170041
0.164276
0.158817
0.153644
0.148737
0.144077
0.139647
0.135432
0.131418
0.127591
0.123939
0.120451
0.117116
0.113923
0.110865
0.107932
0.105117
0.102411
0.0998079
0.097301
0.0948839
0.0925509
0.0902963
0.0881149
0.086002
0.083953
0.0819637
0.0800301
0.0781488
0.0763164
0.0745302
0.0727877
0.0710869
0.0694259
0.0678037
0.0662192
0.0646722
0.0631625
0.0616904
0.0602564
0.0588614
0.0575063
0.0561924
0.0549209
0.0536931
0.0525102
0.0513733
0.0502832
0.0492406
0.0482461
0.0473
0.0464026
0.0455538
0.0447536
0.044002
0.0432988
0.042644
0.0420376
0.04148
0.0409718
0.0405139
0.0401081
0.0397566
0.0394628
0.0392311
0.0390676
0.0389805
0.961693
0.892186
0.829087
0.77173
0.719524
0.671944
0.62852
0.588837
0.552522
0.519243
0.488704
0.46064
0.434816
0.411018
0.389059
0.368767
0.349991
0.332593
0.316451
0.301454
0.287503
0.274507
0.262386
0.251067
0.240483
0.230574
0.221287
0.212571
0.204382
0.19668
0.189427
0.18259
0.176137
0.170041
0.164275
0.158817
0.153644
0.148737
0.144077
0.139647
0.135432
0.131418
0.127591
0.123939
0.120451
0.117115
0.113923
0.110865
0.107932
0.105117
0.102411
0.0998078
0.0973008
0.0948837
0.0925506
0.090296
0.0881147
0.0860018
0.0839527
0.0819634
0.0800298
0.0781484
0.076316
0.0745298
0.0727872
0.0710863
0.0694253
0.067803
0.0662186
0.0646715
0.0631618
0.0616896
0.0602556
0.0588605
0.0575053
0.0561913
0.0549197
0.0536918
0.0525088
0.0513719
0.0502818
0.0492394
0.048245
0.0472989
0.0464014
0.0455526
0.0447524
0.0440007
0.0432974
0.0426425
0.042036
0.0414783
0.0409699
0.040512
0.0401061
0.0397545
0.0394606
0.0392289
0.0390654
0.0389783
)
;

boundaryField
{
    inlet
    {
        type            fixedValue;
        value           uniform 1;
    }
    outlet
    {
        type            inletOutlet;
        inletValue      uniform 1;
        value           nonuniform List<scalar> 
100
(
0.0389941
0.0389962
0.0390002
0.039006
0.0390135
0.0390227
0.0390334
0.0390454
0.0390588
0.0390733
0.039089
0.0391055
0.0391229
0.039141
0.0391598
0.039179
0.0391986
0.0392186
0.0392388
0.0392591
0.0392795
0.0392999
0.0393202
0.0393403
0.0393602
0.0393797
0.039399
0.0394178
0.0394362
0.039454
0.0394714
0.0394881
0.0395041
0.0395195
0.0395342
0.0395481
0.0395612
0.0395735
0.039585
0.0395956
0.0396053
0.0396141
0.0396219
0.0396289
0.0396348
0.0396398
0.0396438
0.0396468
0.0396487
0.0396497
0.0396496
0.0396486
0.0396465
0.0396434
0.0396394
0.0396343
0.0396282
0.0396212
0.0396132
0.0396043
0.0395944
0.0395837
0.0395721
0.0395596
0.0395463
0.0395323
0.0395174
0.0395018
0.0394856
0.0394686
0.0394511
0.039433
0.0394143
0.0393952
0.0393757
0.0393558
0.0393355
0.0393151
0.0392944
0.0392736
0.0392528
0.039232
0.0392114
0.0391909
0.0391707
0.039151
0.0391317
0.039113
0.0390951
0.0390779
0.0390617
0.0390466
0.0390326
0.03902
0.0390088
0.0389991
0.038991
0.0389848
0.0389805
0.0389783
)
;
    }
    ground
    {
        type            empty;
    }
    top
    {
        type            empty;
    }
    front
    {
        type            inletOutlet;
        inletValue      uniform 1;
        value           nonuniform List<scalar> 
100
(
0.961693
0.892186
0.829087
0.77173
0.719524
0.671944
0.62852
0.588837
0.552522
0.519243
0.488704
0.46064
0.434816
0.411018
0.389059
0.368767
0.34999
0.332593
0.316451
0.301454
0.287502
0.274506
0.262385
0.251066
0.240482
0.230573
0.221285
0.212569
0.204381
0.196678
0.189425
0.182588
0.176135
0.170038
0.164272
0.158814
0.15364
0.148733
0.144072
0.139642
0.135427
0.131412
0.127585
0.123932
0.120443
0.117107
0.113914
0.110855
0.107921
0.105104
0.102397
0.0997925
0.097284
0.0948653
0.0925304
0.0902738
0.0880904
0.0859752
0.0839237
0.0819317
0.0799953
0.0781109
0.0762755
0.0744861
0.0727403
0.0710361
0.0693718
0.0677463
0.0661588
0.0646088
0.0630964
0.0616219
0.0601859
0.0587894
0.0574332
0.0561187
0.0548472
0.0536201
0.0524385
0.0513036
0.0502162
0.0491769
0.0481861
0.0472442
0.0463513
0.0455074
0.0447124
0.0439662
0.0432684
0.0426191
0.0420182
0.041466
0.0409629
0.0405099
0.0401086
0.0397611
0.0394707
0.0392418
0.0390802
0.0389941
)
;
    }
    back
    {
        type            inletOutlet;
        inletValue      uniform 1;
        value           nonuniform List<scalar> 
100
(
0.961693
0.892186
0.829087
0.77173
0.719524
0.671944
0.62852
0.588837
0.552522
0.519243
0.488704
0.46064
0.434816
0.411018
0.389059
0.368767
0.349991
0.332593
0.316451
0.301454
0.287503
0.274507
0.262386
0.251067
0.240483
0.230574
0.221287
0.212571
0.204382
0.19668
0.189427
0.18259
0.176137
0.170041
0.164275
0.158817
0.153644
0.148737
0.144077
0.139647
0.135432
0.131418
0.127591
0.123939
0.120451
0.117115
0.113923
0.110865
0.107932
0.105117
0.102411
0.0998078
0.0973008
0.0948837
0.0925506
0.090296
0.0881147
0.0860018
0.0839527
0.0819634
0.0800298
0.0781484
0.076316
0.0745298
0.0727872
0.0710863
0.0694253
0.067803
0.0662186
0.0646715
0.0631618
0.0616896
0.0602556
0.0588605
0.0575053
0.0561913
0.0549197
0.0536918
0.0525088
0.0513719
0.0502818
0.0492394
0.048245
0.0472989
0.0464014
0.0455526
0.0447524
0.0440007
0.0432974
0.0426425
0.042036
0.0414783
0.0409699
0.040512
0.0401061
0.0397545
0.0394606
0.0392289
0.0390654
0.0389783
)
;
    }
}


// ************************************************************************* //
