/*--------------------------------*- C++ -*----------------------------------*\
  =========                 |
  \\      /  F ield         | OpenFOAM: The Open Source CFD Toolbox
   \\    /   O peration     | Website:  https://openfoam.org
    \\  /    A nd           | Version:  11
     \\/     M anipulation  |
\*---------------------------------------------------------------------------*/
FoamFile
{
    format      ascii;
    class       volScalarField;
    location    "460";
    object      omega;
}
// * * * * * * * * * * * * * * * * * * * * * * * * * * * * * * * * * * * * * //

dimensions      [0 0 -1 0 0 0 0];

internalField   nonuniform List<scalar> 
10000
(
0.961693
0.892186
0.829086
0.771729
0.719523
0.671944
0.628522
0.58884
0.552526
0.51925
0.488713
0.460653
0.434831
0.411038
0.389082
0.368795
0.350024
0.332631
0.316495
0.301505
0.28756
0.274571
0.262458
0.251147
0.240571
0.230671
0.221393
0.212688
0.20451
0.196819
0.189578
0.182753
0.176313
0.170231
0.164481
0.159038
0.153882
0.148992
0.144351
0.139942
0.135749
0.131758
0.127955
0.12433
0.12087
0.117566
0.114407
0.111385
0.108491
0.105717
0.103057
0.100503
0.0980498
0.0956905
0.0934199
0.0912327
0.089124
0.0870892
0.0851237
0.0832236
0.0813847
0.0796035
0.0778763
0.0761999
0.074571
0.0729867
0.0714441
0.0699408
0.0684743
0.0670424
0.0656431
0.0642747
0.0629357
0.0616248
0.0603411
0.0590839
0.0578529
0.0566479
0.0554691
0.0543171
0.0531925
0.0520964
0.0510299
0.0499944
0.0489916
0.0480233
0.0470913
0.0461976
0.0453442
0.0445335
0.0437678
0.0430501
0.0423835
0.0417719
0.0412199
0.0407333
0.0403195
0.0399877
0.0397499
0.0396216
0.961693
0.892186
0.829086
0.771729
0.719523
0.671944
0.628522
0.58884
0.552527
0.51925
0.488713
0.460653
0.434832
0.411038
0.389083
0.368795
0.350024
0.332632
0.316495
0.301505
0.28756
0.274572
0.262458
0.251147
0.240571
0.230672
0.221394
0.212688
0.20451
0.196819
0.189578
0.182753
0.176314
0.170232
0.164481
0.159038
0.153882
0.148993
0.144352
0.139942
0.135749
0.131758
0.127956
0.124331
0.120871
0.117566
0.114408
0.111385
0.108491
0.105718
0.103058
0.100504
0.0980505
0.0956913
0.0934208
0.0912336
0.089125
0.0870902
0.0851248
0.0832248
0.081386
0.0796048
0.0778778
0.0762014
0.0745726
0.0729884
0.071446
0.0699428
0.0684764
0.0670446
0.0656455
0.0642772
0.0629383
0.0616275
0.060344
0.0590869
0.057856
0.0566512
0.0554725
0.0543206
0.0531961
0.0521
0.0510336
0.0499982
0.0489955
0.0480272
0.0470951
0.0462013
0.0453478
0.0445369
0.0437711
0.0430532
0.0423865
0.0417747
0.0412226
0.040736
0.040322
0.0399901
0.0397523
0.0396239
0.961693
0.892186
0.829086
0.771729
0.719524
0.671944
0.628522
0.58884
0.552527
0.51925
0.488714
0.460653
0.434832
0.411038
0.389083
0.368796
0.350024
0.332632
0.316496
0.301505
0.28756
0.274572
0.262459
0.251147
0.240572
0.230672
0.221394
0.212689
0.204511
0.19682
0.189579
0.182754
0.176314
0.170232
0.164482
0.159039
0.153883
0.148993
0.144352
0.139943
0.13575
0.131759
0.127957
0.124331
0.120872
0.117567
0.114409
0.111386
0.108492
0.105719
0.103059
0.100505
0.0980519
0.0956928
0.0934223
0.0912352
0.0891267
0.087092
0.0851267
0.0832267
0.0813881
0.0796071
0.0778801
0.0762039
0.0745753
0.0729913
0.0714491
0.0699461
0.0684799
0.0670483
0.0656494
0.0642813
0.0629427
0.0616322
0.0603489
0.0590921
0.0578614
0.0566567
0.0554783
0.0543265
0.0532022
0.0521063
0.05104
0.0500047
0.049002
0.0480337
0.0471016
0.0462077
0.0453541
0.0445431
0.0437771
0.043059
0.0423921
0.0417801
0.0412278
0.0407409
0.0403268
0.0399948
0.0397569
0.0396285
0.961693
0.892186
0.829086
0.771729
0.719524
0.671944
0.628522
0.58884
0.552527
0.51925
0.488714
0.460654
0.434832
0.411039
0.389083
0.368796
0.350025
0.332632
0.316496
0.301506
0.287561
0.274573
0.262459
0.251148
0.240572
0.230673
0.221395
0.212689
0.204511
0.19682
0.189579
0.182755
0.176315
0.170233
0.164483
0.15904
0.153884
0.148994
0.144353
0.139944
0.135751
0.13176
0.127958
0.124333
0.120873
0.117569
0.11441
0.111388
0.108494
0.105721
0.103061
0.100507
0.0980539
0.0956948
0.0934244
0.0912375
0.0891291
0.0870945
0.0851294
0.0832296
0.0813911
0.0796103
0.0778835
0.0762075
0.0745791
0.0729953
0.0714534
0.0699507
0.0684848
0.0670535
0.0656549
0.0642872
0.0629489
0.0616387
0.0603557
0.0590993
0.0578689
0.0566645
0.0554864
0.0543349
0.0532108
0.0521151
0.0510489
0.0500138
0.0490112
0.0480429
0.0471108
0.0462168
0.045363
0.0445518
0.0437856
0.0430673
0.0424001
0.0417879
0.0412353
0.0407482
0.0403338
0.0400017
0.0397636
0.0396351
0.961693
0.892186
0.829086
0.771729
0.719524
0.671944
0.628522
0.588841
0.552528
0.519251
0.488715
0.460654
0.434833
0.411039
0.389084
0.368797
0.350025
0.332633
0.316497
0.301506
0.287562
0.274573
0.26246
0.251149
0.240573
0.230674
0.221396
0.21269
0.204512
0.196821
0.18958
0.182756
0.176316
0.170234
0.164484
0.159041
0.153885
0.148996
0.144355
0.139946
0.135753
0.131762
0.12796
0.124335
0.120875
0.117571
0.114412
0.11139
0.108496
0.105723
0.103063
0.10051
0.0980564
0.0956975
0.0934272
0.0912405
0.0891322
0.0870978
0.0851329
0.0832332
0.081395
0.0796144
0.0778879
0.0762122
0.074584
0.0730006
0.071459
0.0699566
0.0684911
0.0670602
0.065662
0.0642947
0.0629568
0.0616471
0.0603645
0.0591085
0.0578785
0.0566746
0.0554968
0.0543456
0.0532218
0.0521263
0.0510604
0.0500254
0.0490229
0.0480547
0.0471225
0.0462284
0.0453745
0.044563
0.0437966
0.0430779
0.0424104
0.0417978
0.0412449
0.0407575
0.0403429
0.0400105
0.0397722
0.0396436
0.961693
0.892186
0.829086
0.771729
0.719524
0.671945
0.628523
0.588841
0.552528
0.519251
0.488715
0.460655
0.434833
0.41104
0.389085
0.368797
0.350026
0.332634
0.316498
0.301507
0.287563
0.274574
0.262461
0.25115
0.240574
0.230675
0.221397
0.212691
0.204513
0.196823
0.189582
0.182757
0.176318
0.170236
0.164485
0.159043
0.153887
0.148997
0.144357
0.139947
0.135754
0.131764
0.127962
0.124337
0.120877
0.117573
0.114414
0.111392
0.108499
0.105726
0.103066
0.100513
0.0980595
0.0957007
0.0934306
0.091244
0.089136
0.0871018
0.0851371
0.0832377
0.0813997
0.0796194
0.0778932
0.0762178
0.07459
0.0730069
0.0714657
0.0699638
0.0684987
0.0670683
0.0656706
0.0643038
0.0629664
0.0616572
0.0603751
0.0591196
0.0578901
0.0566866
0.0555093
0.0543585
0.0532351
0.0521399
0.0510742
0.0500394
0.049037
0.0480688
0.0471365
0.0462423
0.0453882
0.0445765
0.0438097
0.0430907
0.0424228
0.0418099
0.0412566
0.0407688
0.0403539
0.0400212
0.0397827
0.0396539
0.961693
0.892186
0.829086
0.771729
0.719524
0.671945
0.628523
0.588841
0.552528
0.519252
0.488716
0.460655
0.434834
0.411041
0.389085
0.368798
0.350027
0.332635
0.316499
0.301508
0.287564
0.274575
0.262462
0.251151
0.240575
0.230676
0.221398
0.212693
0.204515
0.196824
0.189583
0.182759
0.176319
0.170237
0.164487
0.159045
0.153889
0.148999
0.144359
0.139949
0.135757
0.131766
0.127964
0.124339
0.12088
0.117576
0.114417
0.111395
0.108502
0.105729
0.103069
0.100516
0.0980631
0.0957045
0.0934346
0.0912482
0.0891404
0.0871064
0.085142
0.0832429
0.0814052
0.0796252
0.0778994
0.0762243
0.074597
0.0730143
0.0714735
0.0699721
0.0685075
0.0670776
0.0656805
0.0643143
0.0629775
0.0616688
0.0603874
0.0591324
0.0579036
0.0567006
0.0555237
0.0543734
0.0532504
0.0521555
0.0510901
0.0500555
0.0490532
0.048085
0.0471527
0.0462583
0.045404
0.044592
0.0438249
0.0431056
0.0424373
0.0418239
0.0412702
0.040782
0.0403667
0.0400336
0.0397949
0.0396659
0.961693
0.892186
0.829086
0.771729
0.719524
0.671945
0.628523
0.588842
0.552529
0.519252
0.488716
0.460656
0.434835
0.411041
0.389086
0.368799
0.350028
0.332636
0.3165
0.301509
0.287565
0.274576
0.262463
0.251152
0.240577
0.230677
0.2214
0.212694
0.204516
0.196826
0.189585
0.18276
0.176321
0.170239
0.164489
0.159047
0.153891
0.149002
0.144361
0.139952
0.135759
0.131768
0.127967
0.124342
0.120883
0.117579
0.11442
0.111399
0.108505
0.105732
0.103073
0.10052
0.0980672
0.0957088
0.0934392
0.091253
0.0891454
0.0871117
0.0851476
0.0832488
0.0814114
0.0796318
0.0779063
0.0762317
0.0746048
0.0730226
0.0714824
0.0699815
0.0685175
0.0670882
0.0656917
0.0643261
0.0629899
0.061682
0.0604012
0.0591469
0.0579186
0.0567162
0.0555399
0.0543901
0.0532675
0.0521731
0.0511079
0.0500735
0.0490714
0.0481032
0.0471709
0.0462763
0.0454218
0.0446095
0.043842
0.0431222
0.0424535
0.0418396
0.0412854
0.0407968
0.0403811
0.0400476
0.0398086
0.0396795
0.961693
0.892186
0.829086
0.771729
0.719524
0.671945
0.628523
0.588842
0.552529
0.519253
0.488717
0.460656
0.434835
0.411042
0.389087
0.3688
0.350029
0.332637
0.316501
0.30151
0.287566
0.274578
0.262465
0.251153
0.240578
0.230679
0.221401
0.212696
0.204518
0.196827
0.189587
0.182762
0.176323
0.170241
0.164491
0.159049
0.153893
0.149004
0.144363
0.139954
0.135762
0.131771
0.12797
0.124345
0.120886
0.117582
0.114424
0.111402
0.108509
0.105736
0.103077
0.100524
0.0980717
0.0957136
0.0934442
0.0912583
0.0891509
0.0871176
0.0851537
0.0832553
0.0814183
0.0796391
0.0779141
0.0762399
0.0746135
0.0730319
0.0714922
0.0699918
0.0685285
0.0670999
0.065704
0.0643391
0.0630037
0.0616964
0.0604164
0.0591627
0.0579352
0.0567334
0.0555577
0.0544085
0.0532864
0.0521923
0.0511275
0.0500933
0.0490913
0.0481232
0.0471908
0.0462961
0.0454413
0.0446287
0.0438608
0.0431406
0.0424713
0.041857
0.0413023
0.0408131
0.0403969
0.0400631
0.0398238
0.0396944
0.961693
0.892186
0.829086
0.771729
0.719524
0.671945
0.628524
0.588842
0.552529
0.519253
0.488717
0.460657
0.434836
0.411043
0.389088
0.368801
0.35003
0.332638
0.316502
0.301512
0.287567
0.274579
0.262466
0.251155
0.24058
0.23068
0.221403
0.212697
0.20452
0.196829
0.189589
0.182764
0.176325
0.170243
0.164493
0.159051
0.153895
0.149006
0.144366
0.139957
0.135765
0.131774
0.127973
0.124348
0.120889
0.117585
0.114427
0.111406
0.108513
0.105741
0.103081
0.100529
0.0980767
0.0957188
0.0934496
0.091264
0.089157
0.0871239
0.0851605
0.0832624
0.0814258
0.079647
0.0779225
0.0762488
0.074623
0.0730419
0.0715028
0.0700031
0.0685404
0.0671125
0.0657173
0.0643532
0.0630185
0.0617121
0.0604328
0.0591799
0.0579531
0.056752
0.055577
0.0544283
0.0533067
0.0522131
0.0511486
0.0501147
0.0491128
0.0481447
0.0472123
0.0463174
0.0454624
0.0446494
0.0438811
0.0431604
0.0424907
0.0418758
0.0413205
0.0408308
0.0404142
0.0400799
0.0398402
0.0397107
0.961693
0.892186
0.829086
0.771729
0.719525
0.671945
0.628524
0.588843
0.55253
0.519253
0.488718
0.460657
0.434837
0.411043
0.389088
0.368802
0.350031
0.332639
0.316503
0.301513
0.287568
0.27458
0.262467
0.251156
0.240581
0.230682
0.221404
0.212699
0.204522
0.196831
0.189591
0.182766
0.176327
0.170246
0.164496
0.159054
0.153898
0.149009
0.144369
0.13996
0.135768
0.131777
0.127976
0.124352
0.120893
0.117589
0.114431
0.11141
0.108517
0.105745
0.103086
0.100534
0.098082
0.0957244
0.0934555
0.0912702
0.0891635
0.0871308
0.0851677
0.08327
0.0814339
0.0796556
0.0779315
0.0762584
0.0746331
0.0730526
0.0715142
0.0700152
0.0685532
0.067126
0.0657316
0.0643683
0.0630344
0.0617288
0.0604503
0.0591982
0.0579721
0.0567719
0.0555975
0.0544494
0.0533284
0.0522352
0.0511711
0.0501375
0.0491358
0.0481677
0.0472352
0.0463402
0.0454848
0.0446715
0.0439028
0.0431816
0.0425113
0.0418958
0.04134
0.0408498
0.0404326
0.0400979
0.0398579
0.0397281
0.961693
0.892186
0.829086
0.771729
0.719525
0.671946
0.628524
0.588843
0.55253
0.519254
0.488718
0.460658
0.434837
0.411044
0.389089
0.368802
0.350032
0.33264
0.316504
0.301514
0.28757
0.274582
0.262469
0.251158
0.240583
0.230684
0.221406
0.212701
0.204524
0.196833
0.189593
0.182768
0.17633
0.170248
0.164498
0.159056
0.153901
0.149012
0.144372
0.139963
0.135771
0.131781
0.12798
0.124355
0.120897
0.117593
0.114436
0.111415
0.108522
0.10575
0.103091
0.100539
0.0980877
0.0957303
0.0934617
0.0912767
0.0891704
0.0871381
0.0851754
0.0832782
0.0814425
0.0796646
0.0779411
0.0762686
0.0746439
0.073064
0.0715262
0.0700279
0.0685667
0.0671403
0.0657467
0.0643842
0.0630512
0.0617464
0.0604688
0.0592176
0.0579923
0.0567928
0.0556191
0.0544717
0.0533512
0.0522586
0.0511949
0.0501615
0.0491599
0.0481919
0.0472593
0.0463642
0.0455085
0.0446949
0.0439257
0.043204
0.0425331
0.0419171
0.0413606
0.0408698
0.0404521
0.0401169
0.0398765
0.0397465
0.961693
0.892186
0.829086
0.771729
0.719525
0.671946
0.628524
0.588843
0.55253
0.519254
0.488718
0.460658
0.434838
0.411045
0.38909
0.368803
0.350032
0.332641
0.316505
0.301515
0.287571
0.274583
0.26247
0.251159
0.240584
0.230685
0.221408
0.212703
0.204526
0.196835
0.189595
0.182771
0.176332
0.170251
0.164501
0.159059
0.153904
0.149015
0.144375
0.139967
0.135774
0.131784
0.127983
0.124359
0.120901
0.117598
0.11444
0.111419
0.108527
0.105755
0.103097
0.100545
0.0980936
0.0957365
0.0934683
0.0912837
0.0891777
0.0871457
0.0851835
0.0832867
0.0814515
0.0796742
0.0779512
0.0762792
0.0746551
0.073076
0.0715389
0.0700413
0.0685809
0.0671553
0.0657626
0.0644009
0.0630688
0.0617649
0.0604881
0.0592378
0.0580133
0.0568146
0.0556417
0.054495
0.0533751
0.052283
0.0512197
0.0501866
0.0491852
0.0482172
0.0472846
0.0463892
0.0455333
0.0447193
0.0439496
0.0432274
0.042556
0.0419393
0.0413823
0.0408908
0.0404725
0.0401369
0.0398961
0.0397659
0.961693
0.892186
0.829086
0.771729
0.719525
0.671946
0.628524
0.588843
0.55253
0.519254
0.488719
0.460659
0.434838
0.411045
0.389091
0.368804
0.350033
0.332642
0.316506
0.301516
0.287572
0.274584
0.262472
0.251161
0.240586
0.230687
0.22141
0.212705
0.204528
0.196837
0.189597
0.182773
0.176335
0.170253
0.164504
0.159062
0.153907
0.149018
0.144378
0.13997
0.135778
0.131788
0.127987
0.124363
0.120905
0.117602
0.114445
0.111424
0.108532
0.105761
0.103102
0.100551
0.0980998
0.0957431
0.0934751
0.0912909
0.0891853
0.0871537
0.0851919
0.0832956
0.0814609
0.0796841
0.0779617
0.0762903
0.0746669
0.0730884
0.0715521
0.0700553
0.0685956
0.0671709
0.065779
0.0644183
0.063087
0.061784
0.0605082
0.0592587
0.0580352
0.0568373
0.0556651
0.0545191
0.0533999
0.0523082
0.0512453
0.0502125
0.0492113
0.0482435
0.0473107
0.0464152
0.045559
0.0447446
0.0439745
0.0432517
0.0425797
0.0419624
0.0414047
0.0409126
0.0404938
0.0401576
0.0399165
0.039786
0.961693
0.892186
0.829086
0.771729
0.719525
0.671946
0.628524
0.588843
0.552531
0.519255
0.488719
0.460659
0.434839
0.411046
0.389091
0.368805
0.350034
0.332643
0.316507
0.301517
0.287573
0.274586
0.262473
0.251162
0.240588
0.230689
0.221412
0.212707
0.20453
0.19684
0.1896
0.182776
0.176337
0.170256
0.164506
0.159065
0.15391
0.149022
0.144382
0.139974
0.135782
0.131792
0.127991
0.124368
0.12091
0.117607
0.11445
0.111429
0.108537
0.105766
0.103108
0.100557
0.0981062
0.0957498
0.0934822
0.0912983
0.0891931
0.087162
0.0852006
0.0833048
0.0814706
0.0796944
0.0779726
0.0763018
0.0746791
0.0731013
0.0715657
0.0700697
0.0686109
0.067187
0.065796
0.0644361
0.0631058
0.0618038
0.0605288
0.0592803
0.0580576
0.0568606
0.0556892
0.0545439
0.0534253
0.0523342
0.0512718
0.0502393
0.0492383
0.0482705
0.0473377
0.046442
0.0455855
0.0447707
0.0440001
0.0432768
0.0426041
0.0419862
0.0414279
0.0409352
0.0405157
0.040179
0.0399375
0.0398068
0.961693
0.892186
0.829086
0.771729
0.719525
0.671946
0.628524
0.588843
0.552531
0.519255
0.488719
0.46066
0.434839
0.411047
0.389092
0.368806
0.350035
0.332644
0.316508
0.301519
0.287575
0.274587
0.262475
0.251164
0.240589
0.230691
0.221414
0.212709
0.204532
0.196842
0.189602
0.182778
0.17634
0.170259
0.164509
0.159068
0.153913
0.149025
0.144385
0.139977
0.135785
0.131796
0.127996
0.124372
0.120914
0.117612
0.114455
0.111435
0.108543
0.105772
0.103114
0.100563
0.0981129
0.0957568
0.0934895
0.091306
0.0892012
0.0871705
0.0852096
0.0833143
0.0814806
0.0797049
0.0779837
0.0763136
0.0746916
0.0731145
0.0715797
0.0700845
0.0686265
0.0672035
0.0658134
0.0644545
0.0631251
0.061824
0.06055
0.0593024
0.0580806
0.0568844
0.0557139
0.0545693
0.0534514
0.0523608
0.0512988
0.0502666
0.0492658
0.0482981
0.0473652
0.0464694
0.0456126
0.0447974
0.0440263
0.0433024
0.0426292
0.0420106
0.0414516
0.0409583
0.0405382
0.040201
0.039959
0.0398281
0.961693
0.892186
0.829086
0.771729
0.719525
0.671946
0.628524
0.588843
0.552531
0.519255
0.48872
0.46066
0.43484
0.411047
0.389093
0.368806
0.350036
0.332644
0.316509
0.30152
0.287576
0.274588
0.262476
0.251166
0.240591
0.230692
0.221415
0.212711
0.204534
0.196844
0.189604
0.182781
0.176342
0.170261
0.164512
0.159071
0.153916
0.149028
0.144389
0.139981
0.135789
0.1318
0.128
0.124376
0.120919
0.117616
0.11446
0.11144
0.108549
0.105778
0.10312
0.10057
0.0981196
0.0957639
0.093497
0.0913139
0.0892095
0.0871793
0.0852188
0.083324
0.0814908
0.0797157
0.0779951
0.0763257
0.0747043
0.073128
0.0715939
0.0700995
0.0686424
0.0672203
0.0658311
0.0644731
0.0631447
0.0618446
0.0605716
0.0593249
0.058104
0.0569087
0.055739
0.0545952
0.0534778
0.0523878
0.0513263
0.0502944
0.0492938
0.0483262
0.0473933
0.0464972
0.0456402
0.0448246
0.0440531
0.0433286
0.0426547
0.0420355
0.0414758
0.0409819
0.0405612
0.0402235
0.0399811
0.0398499
0.961693
0.892186
0.829086
0.771729
0.719525
0.671946
0.628524
0.588843
0.552531
0.519255
0.48872
0.46066
0.43484
0.411048
0.389093
0.368807
0.350037
0.332645
0.31651
0.301521
0.287577
0.27459
0.262477
0.251167
0.240593
0.230694
0.221417
0.212713
0.204536
0.196846
0.189607
0.182783
0.176345
0.170264
0.164515
0.159074
0.153919
0.149032
0.144392
0.139985
0.135793
0.131804
0.128004
0.124381
0.120923
0.117621
0.114465
0.111445
0.108554
0.105784
0.103127
0.100576
0.0981265
0.0957711
0.0935046
0.0913219
0.0892179
0.0871881
0.0852281
0.0833338
0.0815012
0.0797267
0.0780067
0.076338
0.0747173
0.0731417
0.0716084
0.0701149
0.0686586
0.0672373
0.0658491
0.0644921
0.0631646
0.0618654
0.0605934
0.0593477
0.0581277
0.0569333
0.0557644
0.0546213
0.0535047
0.0524152
0.0513541
0.0503226
0.0493222
0.0483546
0.0474217
0.0465255
0.0456682
0.0448522
0.0440802
0.0433552
0.0426807
0.0420608
0.0415004
0.0410058
0.0405845
0.0402462
0.0400034
0.0398719
0.961693
0.892186
0.829086
0.771729
0.719525
0.671946
0.628524
0.588844
0.552531
0.519255
0.48872
0.460661
0.43484
0.411048
0.389094
0.368808
0.350037
0.332646
0.316511
0.301522
0.287578
0.274591
0.262479
0.251169
0.240594
0.230696
0.221419
0.212715
0.204538
0.196849
0.189609
0.182786
0.176348
0.170267
0.164518
0.159077
0.153923
0.149035
0.144396
0.139988
0.135797
0.131808
0.128008
0.124385
0.120928
0.117626
0.11447
0.111451
0.10856
0.10579
0.103133
0.100583
0.0981335
0.0957784
0.0935123
0.0913299
0.0892264
0.0871971
0.0852376
0.0833438
0.0815118
0.0797378
0.0780185
0.0763504
0.0747304
0.0731556
0.0716231
0.0701303
0.0686749
0.0672546
0.0658673
0.0645112
0.0631847
0.0618865
0.0606154
0.0593706
0.0581516
0.0569581
0.05579
0.0546477
0.0535317
0.0524428
0.0513822
0.050351
0.0493508
0.0483833
0.0474504
0.046554
0.0456964
0.04488
0.0441075
0.043382
0.0427068
0.0420863
0.0415253
0.04103
0.040608
0.0402692
0.040026
0.0398943
0.961692
0.892185
0.829086
0.771729
0.719525
0.671946
0.628524
0.588844
0.552531
0.519255
0.48872
0.460661
0.434841
0.411048
0.389094
0.368808
0.350038
0.332647
0.316512
0.301523
0.287579
0.274592
0.26248
0.25117
0.240596
0.230698
0.221421
0.212717
0.20454
0.196851
0.189611
0.182788
0.17635
0.17027
0.164521
0.15908
0.153926
0.149038
0.144399
0.139992
0.135801
0.131812
0.128013
0.12439
0.120933
0.117631
0.114475
0.111456
0.108566
0.105796
0.103139
0.10059
0.0981405
0.0957858
0.0935201
0.0913381
0.089235
0.0872061
0.0852471
0.0833539
0.0815224
0.0797491
0.0780303
0.0763629
0.0747436
0.0731695
0.0716378
0.0701459
0.0686913
0.0672719
0.0658855
0.0645304
0.0632049
0.0619076
0.0606375
0.0593937
0.0581756
0.056983
0.0558157
0.0546741
0.0535588
0.0524705
0.0514103
0.0503795
0.0493795
0.0484121
0.0474792
0.0465826
0.0457247
0.044908
0.044135
0.0434089
0.0427332
0.042112
0.0415503
0.0410543
0.0406317
0.0402924
0.0400487
0.0399167
0.961692
0.892185
0.829086
0.771729
0.719525
0.671946
0.628524
0.588844
0.552531
0.519256
0.48872
0.460661
0.434841
0.411049
0.389095
0.368809
0.350039
0.332648
0.316513
0.301524
0.28758
0.274593
0.262481
0.251171
0.240597
0.230699
0.221423
0.212719
0.204542
0.196853
0.189614
0.182791
0.176353
0.170273
0.164524
0.159083
0.153929
0.149042
0.144403
0.139996
0.135805
0.131817
0.128017
0.124395
0.120938
0.117636
0.114481
0.111462
0.108572
0.105802
0.103146
0.100596
0.0981475
0.0957932
0.0935279
0.0913463
0.0892436
0.0872152
0.0852567
0.083364
0.081533
0.0797603
0.0780422
0.0763754
0.0747568
0.0731835
0.0716526
0.0701615
0.0687078
0.0672892
0.0659038
0.0645496
0.063225
0.0619288
0.0606596
0.0594168
0.0581996
0.0570078
0.0558414
0.0547006
0.0535859
0.0524982
0.0514385
0.050408
0.0494083
0.048441
0.047508
0.0466113
0.0457531
0.044936
0.0441625
0.0434359
0.0427595
0.0421377
0.0415753
0.0410787
0.0406555
0.0403156
0.0400715
0.0399392
0.961692
0.892185
0.829086
0.771729
0.719524
0.671946
0.628524
0.588844
0.552531
0.519256
0.488721
0.460661
0.434841
0.411049
0.389095
0.368809
0.350039
0.332649
0.316514
0.301525
0.287581
0.274594
0.262483
0.251173
0.240599
0.230701
0.221425
0.212721
0.204544
0.196855
0.189616
0.182793
0.176355
0.170275
0.164527
0.159086
0.153932
0.149045
0.144406
0.14
0.135809
0.131821
0.128021
0.124399
0.120943
0.117641
0.114486
0.111467
0.108577
0.105808
0.103152
0.100603
0.0981546
0.0958006
0.0935356
0.0913545
0.0892523
0.0872243
0.0852663
0.083374
0.0815437
0.0797715
0.078054
0.0763879
0.0747701
0.0731975
0.0716673
0.0701771
0.0687242
0.0673065
0.065922
0.0645688
0.0632452
0.0619499
0.0606817
0.0594398
0.0582235
0.0570326
0.055867
0.0547269
0.0536129
0.0525258
0.0514665
0.0504364
0.0494369
0.0484697
0.0475367
0.0466398
0.0457814
0.0449639
0.04419
0.0434628
0.0427859
0.0421634
0.0416003
0.041103
0.0406792
0.0403388
0.0400942
0.0399617
0.961692
0.892185
0.829086
0.771729
0.719524
0.671946
0.628524
0.588844
0.552531
0.519256
0.488721
0.460662
0.434842
0.41105
0.389096
0.36881
0.35004
0.332649
0.316515
0.301526
0.287583
0.274596
0.262484
0.251174
0.2406
0.230702
0.221426
0.212722
0.204546
0.196857
0.189618
0.182795
0.176358
0.170278
0.16453
0.159089
0.153936
0.149049
0.14441
0.140003
0.135813
0.131825
0.128026
0.124404
0.120947
0.117646
0.114491
0.111473
0.108583
0.105814
0.103159
0.10061
0.0981616
0.095808
0.0935434
0.0913627
0.0892609
0.0872334
0.0852758
0.0833841
0.0815543
0.0797827
0.0780659
0.0764004
0.0747832
0.0732113
0.071682
0.0701925
0.0687405
0.0673237
0.0659401
0.0645878
0.0632651
0.0619708
0.0607036
0.0594626
0.0582472
0.0570572
0.0558924
0.0547531
0.0536397
0.0525532
0.0514944
0.0504646
0.0494653
0.0484982
0.0475652
0.0466682
0.0458095
0.0449917
0.0442173
0.0434896
0.042812
0.0421889
0.0416252
0.0411272
0.0407028
0.0403618
0.0401168
0.0399841
0.961692
0.892185
0.829086
0.771729
0.719524
0.671946
0.628524
0.588844
0.552531
0.519256
0.488721
0.460662
0.434842
0.41105
0.389096
0.36881
0.350041
0.33265
0.316515
0.301526
0.287583
0.274597
0.262485
0.251176
0.240602
0.230704
0.221428
0.212724
0.204548
0.196859
0.18962
0.182798
0.176361
0.170281
0.164532
0.159092
0.153939
0.149052
0.144413
0.140007
0.135817
0.131829
0.12803
0.124408
0.120952
0.117651
0.114496
0.111478
0.108589
0.10582
0.103165
0.100616
0.0981686
0.0958153
0.0935511
0.0913708
0.0892694
0.0872424
0.0852853
0.0833941
0.0815648
0.0797938
0.0780776
0.0764128
0.0747963
0.0732251
0.0716965
0.0702079
0.0687567
0.0673408
0.065958
0.0646066
0.0632849
0.0619915
0.0607252
0.0594852
0.0582707
0.0570815
0.0559175
0.054779
0.0536663
0.0525803
0.0515219
0.0504925
0.0494935
0.0485265
0.0475934
0.0466963
0.0458374
0.0450192
0.0442444
0.0435161
0.042838
0.0422142
0.0416499
0.0411513
0.0407262
0.0403847
0.0401393
0.0400062
0.961692
0.892185
0.829086
0.771729
0.719524
0.671946
0.628524
0.588844
0.552532
0.519256
0.488721
0.460662
0.434842
0.41105
0.389096
0.368811
0.350041
0.332651
0.316516
0.301527
0.287584
0.274598
0.262486
0.251177
0.240603
0.230706
0.22143
0.212726
0.20455
0.196861
0.189623
0.1828
0.176363
0.170283
0.164535
0.159095
0.153942
0.149055
0.144417
0.140011
0.135821
0.131833
0.128034
0.124413
0.120957
0.117656
0.114502
0.111484
0.108594
0.105826
0.103171
0.100623
0.0981755
0.0958225
0.0935587
0.0913788
0.0892778
0.0872512
0.0852946
0.0834039
0.0815752
0.0798048
0.0780891
0.076425
0.0748092
0.0732387
0.0717109
0.070223
0.0687727
0.0673576
0.0659757
0.0646252
0.0633044
0.062012
0.0607466
0.0595074
0.0582939
0.0571055
0.0559423
0.0548045
0.0536924
0.052607
0.0515491
0.05052
0.0495212
0.0485543
0.0476213
0.046724
0.0458649
0.0450463
0.0442711
0.0435423
0.0428636
0.0422392
0.0416743
0.041175
0.0407493
0.0404073
0.0401614
0.0400281
0.961692
0.892185
0.829086
0.771729
0.719524
0.671946
0.628524
0.588844
0.552532
0.519256
0.488721
0.460662
0.434843
0.411051
0.389097
0.368811
0.350042
0.332651
0.316517
0.301528
0.287585
0.274599
0.262487
0.251178
0.240605
0.230707
0.221431
0.212728
0.204552
0.196863
0.189625
0.182802
0.176365
0.170286
0.164538
0.159098
0.153945
0.149058
0.14442
0.140014
0.135824
0.131837
0.128038
0.124417
0.120961
0.117661
0.114507
0.111489
0.1086
0.105832
0.103177
0.100629
0.0981822
0.0958297
0.0935662
0.0913867
0.0892861
0.08726
0.0853039
0.0834137
0.0815855
0.0798156
0.0781005
0.076437
0.0748219
0.0732521
0.071725
0.0702379
0.0687884
0.0673741
0.0659932
0.0646435
0.0633236
0.0620321
0.0607676
0.0595293
0.0583166
0.0571291
0.0559667
0.0548296
0.0537182
0.0526332
0.0515758
0.0505471
0.0495485
0.0485817
0.0476487
0.0467513
0.045892
0.0450731
0.0442974
0.0435681
0.0428889
0.0422639
0.0416983
0.0411984
0.0407721
0.0404295
0.0401833
0.0400497
0.961692
0.892185
0.829086
0.771729
0.719524
0.671946
0.628524
0.588844
0.552532
0.519256
0.488721
0.460662
0.434843
0.411051
0.389097
0.368812
0.350042
0.332652
0.316518
0.301529
0.287586
0.2746
0.262488
0.251179
0.240606
0.230708
0.221433
0.212729
0.204554
0.196865
0.189627
0.182804
0.176368
0.170288
0.164541
0.159101
0.153948
0.149061
0.144424
0.140018
0.135828
0.131841
0.128042
0.124421
0.120966
0.117666
0.114512
0.111494
0.108605
0.105838
0.103183
0.100636
0.0981889
0.0958367
0.0935736
0.0913944
0.0892943
0.0872686
0.0853129
0.0834232
0.0815955
0.0798262
0.0781117
0.0764488
0.0748343
0.0732653
0.0717389
0.0702525
0.0688038
0.0673904
0.0660102
0.0646615
0.0633425
0.0620517
0.0607882
0.0595508
0.0583389
0.0571522
0.0559906
0.0548541
0.0537434
0.052659
0.051602
0.0505736
0.0495753
0.0486086
0.0476756
0.0467781
0.0459185
0.0450993
0.0443232
0.0435935
0.0429137
0.0422881
0.0417218
0.0412213
0.0407945
0.0404514
0.0402047
0.0400709
0.961692
0.892185
0.829086
0.771729
0.719524
0.671946
0.628524
0.588844
0.552532
0.519256
0.488721
0.460663
0.434843
0.411051
0.389097
0.368812
0.350043
0.332652
0.316518
0.30153
0.287587
0.274601
0.262489
0.25118
0.240607
0.23071
0.221434
0.212731
0.204556
0.196867
0.189629
0.182807
0.17637
0.170291
0.164543
0.159104
0.153951
0.149064
0.144427
0.140021
0.135832
0.131844
0.128046
0.124425
0.12097
0.11767
0.114516
0.111499
0.108611
0.105843
0.103189
0.100642
0.0981954
0.0958436
0.0935808
0.091402
0.0893023
0.087277
0.0853218
0.0834325
0.0816054
0.0798366
0.0781227
0.0764604
0.0748465
0.0732781
0.0717524
0.0702668
0.0688188
0.0674062
0.0660269
0.064679
0.0633608
0.062071
0.0608083
0.0595717
0.0583607
0.0571748
0.0560139
0.0548781
0.053768
0.0526841
0.0516276
0.0505995
0.0496014
0.0486349
0.0477018
0.0468043
0.0459445
0.0451249
0.0443485
0.0436183
0.0429379
0.0423117
0.0417449
0.0412438
0.0408164
0.0404728
0.0402257
0.0400916
0.961692
0.892185
0.829086
0.771729
0.719524
0.671946
0.628524
0.588844
0.552532
0.519256
0.488722
0.460663
0.434843
0.411051
0.389098
0.368812
0.350043
0.332653
0.316519
0.30153
0.287588
0.274602
0.26249
0.251181
0.240608
0.230711
0.221436
0.212733
0.204557
0.196869
0.189631
0.182809
0.176372
0.170293
0.164546
0.159106
0.153953
0.149067
0.14443
0.140024
0.135835
0.131848
0.12805
0.124429
0.120974
0.117675
0.114521
0.111504
0.108616
0.105849
0.103195
0.100648
0.0982018
0.0958503
0.0935879
0.0914094
0.0893101
0.0872852
0.0853304
0.0834417
0.081615
0.0798467
0.0781334
0.0764716
0.0748584
0.0732906
0.0717656
0.0702807
0.0688335
0.0674217
0.0660431
0.0646961
0.0633787
0.0620897
0.0608278
0.0595921
0.0583819
0.0571968
0.0560366
0.0549015
0.0537919
0.0527086
0.0516525
0.0506248
0.0496269
0.0486605
0.0477274
0.0468298
0.0459698
0.04515
0.0443731
0.0436424
0.0429616
0.0423348
0.0417674
0.0412657
0.0408378
0.0404936
0.0402461
0.0401118
0.961692
0.892185
0.829086
0.771729
0.719524
0.671946
0.628524
0.588844
0.552532
0.519256
0.488722
0.460663
0.434843
0.411052
0.389098
0.368813
0.350043
0.332653
0.316519
0.301531
0.287589
0.274602
0.262491
0.251182
0.240609
0.230712
0.221437
0.212734
0.204559
0.196871
0.189632
0.182811
0.176374
0.170295
0.164548
0.159109
0.153956
0.14907
0.144433
0.140027
0.135838
0.131852
0.128054
0.124433
0.120979
0.117679
0.114526
0.111509
0.108621
0.105854
0.103201
0.100654
0.098208
0.0958568
0.0935947
0.0914167
0.0893177
0.0872932
0.0853388
0.0834505
0.0816243
0.0798565
0.0781437
0.0764826
0.0748699
0.0733028
0.0717785
0.0702943
0.0688478
0.0674367
0.0660589
0.0647126
0.0633961
0.0621079
0.0608468
0.0596119
0.0584025
0.0572181
0.0560586
0.0549241
0.0538152
0.0527324
0.0516767
0.0506493
0.0496516
0.0486853
0.0477523
0.0468545
0.0459943
0.0451742
0.044397
0.0436659
0.0429846
0.0423573
0.0417893
0.0412871
0.0408585
0.0405139
0.040266
0.0401315
0.961692
0.892185
0.829086
0.771729
0.719524
0.671946
0.628524
0.588844
0.552532
0.519257
0.488722
0.460663
0.434844
0.411052
0.389098
0.368813
0.350044
0.332654
0.31652
0.301532
0.287589
0.274603
0.262492
0.251183
0.240611
0.230714
0.221438
0.212735
0.20456
0.196872
0.189634
0.182813
0.176376
0.170297
0.16455
0.159111
0.153959
0.149073
0.144436
0.140031
0.135842
0.131855
0.128058
0.124437
0.120983
0.117683
0.11453
0.111514
0.108626
0.105859
0.103206
0.10066
0.098214
0.0958631
0.0936013
0.0914236
0.089325
0.0873009
0.085347
0.0834591
0.0816333
0.0798661
0.0781538
0.0764932
0.0748811
0.0733146
0.0717909
0.0703074
0.0688615
0.0674512
0.0660742
0.0647286
0.0634129
0.0621255
0.0608652
0.059631
0.0584224
0.0572387
0.0560799
0.0549461
0.0538377
0.0527553
0.0517
0.050673
0.0496755
0.0487094
0.0477763
0.0468785
0.0460181
0.0451978
0.0444202
0.0436887
0.0430068
0.042379
0.0418105
0.0413077
0.0408787
0.0405336
0.0402853
0.0401505
0.961692
0.892185
0.829086
0.771729
0.719524
0.671945
0.628524
0.588844
0.552532
0.519257
0.488722
0.460663
0.434844
0.411052
0.389099
0.368813
0.350044
0.332654
0.31652
0.301532
0.28759
0.274604
0.262493
0.251184
0.240612
0.230715
0.22144
0.212737
0.204562
0.196874
0.189636
0.182814
0.176378
0.1703
0.164552
0.159114
0.153961
0.149076
0.144439
0.140033
0.135845
0.131858
0.128061
0.124441
0.120986
0.117687
0.114534
0.111518
0.108631
0.105864
0.103211
0.100665
0.0982198
0.0958691
0.0936077
0.0914304
0.0893321
0.0873084
0.0853548
0.0834674
0.0816421
0.0798753
0.0781635
0.0765034
0.0748918
0.0733259
0.0718029
0.07032
0.0688748
0.0674652
0.0660889
0.0647441
0.0634291
0.0621424
0.0608829
0.0596495
0.0584415
0.0572585
0.0561004
0.0549672
0.0538593
0.0527775
0.0517226
0.0506958
0.0496986
0.0487325
0.0477995
0.0469016
0.0460411
0.0452205
0.0444426
0.0437106
0.0430283
0.0424
0.041831
0.0413276
0.0408981
0.0405525
0.0403039
0.0401689
0.961692
0.892185
0.829086
0.771729
0.719524
0.671945
0.628524
0.588844
0.552532
0.519257
0.488722
0.460663
0.434844
0.411052
0.389099
0.368814
0.350045
0.332655
0.316521
0.301533
0.287591
0.274605
0.262494
0.251185
0.240613
0.230716
0.221441
0.212738
0.204563
0.196875
0.189638
0.182816
0.17638
0.170302
0.164555
0.159116
0.153964
0.149078
0.144441
0.140036
0.135848
0.131861
0.128064
0.124444
0.12099
0.117691
0.114538
0.111523
0.108635
0.105869
0.103216
0.10067
0.0982253
0.095875
0.0936139
0.0914368
0.0893389
0.0873155
0.0853624
0.0834753
0.0816504
0.0798841
0.0781728
0.0765132
0.0749022
0.0733368
0.0718144
0.0703321
0.0688876
0.0674786
0.066103
0.0647589
0.0634446
0.0621587
0.0608999
0.0596672
0.0584599
0.0572776
0.0561201
0.0549875
0.0538801
0.0527987
0.0517442
0.0507177
0.0497207
0.0487548
0.0478218
0.0469238
0.0460632
0.0452423
0.0444641
0.0437317
0.043049
0.0424202
0.0418507
0.0413468
0.0409168
0.0405708
0.0403218
0.0401866
0.961692
0.892185
0.829086
0.771729
0.719524
0.671945
0.628524
0.588844
0.552532
0.519257
0.488722
0.460663
0.434844
0.411052
0.389099
0.368814
0.350045
0.332655
0.316521
0.301533
0.287591
0.274605
0.262495
0.251186
0.240614
0.230717
0.221442
0.212739
0.204565
0.196877
0.189639
0.182818
0.176382
0.170303
0.164557
0.159118
0.153966
0.149081
0.144444
0.140039
0.135851
0.131864
0.128068
0.124448
0.120994
0.117695
0.114542
0.111527
0.10864
0.105873
0.103221
0.100675
0.0982306
0.0958806
0.0936198
0.091443
0.0893454
0.0873224
0.0853696
0.0834829
0.0816585
0.0798925
0.0781817
0.0765226
0.0749121
0.0733473
0.0718253
0.0703437
0.0688998
0.0674914
0.0661165
0.064773
0.0634594
0.0621742
0.0609161
0.0596841
0.0584775
0.0572958
0.0561389
0.0550068
0.0539
0.0528191
0.0517649
0.0507387
0.0497419
0.0487761
0.0478431
0.0469451
0.0460843
0.0452632
0.0444847
0.0437519
0.0430688
0.0424395
0.0418695
0.0413652
0.0409347
0.0405883
0.040339
0.0402035
0.961692
0.892185
0.829086
0.771729
0.719524
0.671945
0.628524
0.588844
0.552532
0.519257
0.488722
0.460663
0.434844
0.411053
0.389099
0.368814
0.350045
0.332655
0.316522
0.301534
0.287592
0.274606
0.262495
0.251187
0.240614
0.230718
0.221443
0.21274
0.204566
0.196878
0.189641
0.182819
0.176384
0.170305
0.164559
0.15912
0.153968
0.149083
0.144446
0.140042
0.135853
0.131867
0.128071
0.124451
0.120997
0.117699
0.114546
0.111531
0.108644
0.105878
0.103226
0.10068
0.0982357
0.0958859
0.0936254
0.0914489
0.0893516
0.0873289
0.0853765
0.0834902
0.0816661
0.0799006
0.0781902
0.0765315
0.0749215
0.0733572
0.0718358
0.0703547
0.0689114
0.0675036
0.0661293
0.0647865
0.0634736
0.062189
0.0609315
0.0597002
0.0584942
0.0573132
0.0561568
0.0550253
0.0539189
0.0528384
0.0517846
0.0507587
0.0497621
0.0487964
0.0478635
0.0469654
0.0461044
0.0452831
0.0445043
0.0437712
0.0430877
0.042458
0.0418875
0.0413827
0.0409518
0.0406049
0.0403553
0.0402196
0.961692
0.892185
0.829086
0.771729
0.719524
0.671945
0.628524
0.588844
0.552532
0.519257
0.488722
0.460664
0.434844
0.411053
0.3891
0.368815
0.350046
0.332656
0.316522
0.301534
0.287592
0.274607
0.262496
0.251188
0.240615
0.230719
0.221444
0.212742
0.204567
0.196879
0.189642
0.182821
0.176385
0.170307
0.16456
0.159122
0.15397
0.149085
0.144449
0.140044
0.135856
0.13187
0.128073
0.124454
0.121
0.117702
0.11455
0.111534
0.108648
0.105882
0.10323
0.100685
0.0982405
0.095891
0.0936307
0.0914545
0.0893575
0.0873351
0.085383
0.083497
0.0816733
0.0799082
0.0781982
0.07654
0.0749304
0.0733666
0.0718457
0.0703651
0.0689224
0.0675152
0.0661415
0.0647993
0.063487
0.062203
0.0609462
0.0597154
0.0585101
0.0573296
0.0561738
0.0550428
0.0539369
0.0528567
0.0518033
0.0507776
0.0497812
0.0488156
0.0478827
0.0469846
0.0461235
0.0453019
0.0445229
0.0437895
0.0431056
0.0424755
0.0419046
0.0413993
0.040968
0.0406208
0.0403708
0.040235
0.961692
0.892185
0.829086
0.771729
0.719524
0.671945
0.628524
0.588844
0.552532
0.519257
0.488722
0.460664
0.434844
0.411053
0.3891
0.368815
0.350046
0.332656
0.316523
0.301535
0.287593
0.274607
0.262497
0.251188
0.240616
0.23072
0.221445
0.212743
0.204568
0.196881
0.189643
0.182822
0.176387
0.170308
0.164562
0.159124
0.153972
0.149087
0.144451
0.140046
0.135858
0.131873
0.128076
0.124457
0.121003
0.117705
0.114553
0.111538
0.108651
0.105886
0.103234
0.100689
0.098245
0.0958957
0.0936357
0.0914598
0.0893631
0.087341
0.0853892
0.0835035
0.0816802
0.0799154
0.0782058
0.076548
0.0749389
0.0733755
0.0718551
0.070375
0.0689328
0.0675261
0.0661529
0.0648113
0.0634996
0.0622162
0.06096
0.0597298
0.058525
0.0573451
0.0561898
0.0550592
0.0539538
0.052874
0.0518209
0.0507955
0.0497992
0.0488338
0.0479009
0.0470027
0.0461415
0.0453198
0.0445404
0.0438068
0.0431225
0.042492
0.0419207
0.041415
0.0409833
0.0406357
0.0403855
0.0402494
0.961692
0.892185
0.829086
0.771729
0.719524
0.671945
0.628524
0.588844
0.552532
0.519257
0.488722
0.460664
0.434845
0.411053
0.3891
0.368815
0.350046
0.332657
0.316523
0.301535
0.287593
0.274608
0.262497
0.251189
0.240617
0.23072
0.221446
0.212744
0.204569
0.196882
0.189644
0.182823
0.176388
0.17031
0.164564
0.159125
0.153974
0.149089
0.144453
0.140048
0.135861
0.131875
0.128079
0.124459
0.121006
0.117708
0.114556
0.111541
0.108655
0.105889
0.103238
0.100693
0.0982493
0.0959002
0.0936404
0.0914647
0.0893683
0.0873465
0.0853949
0.0835096
0.0816865
0.0799221
0.0782129
0.0765555
0.0749468
0.0733838
0.0718638
0.0703842
0.0689425
0.0675363
0.0661637
0.0648226
0.0635114
0.0622286
0.0609729
0.0597433
0.058539
0.0573596
0.0562048
0.0550747
0.0539696
0.0528902
0.0518374
0.0508122
0.0498162
0.0488508
0.0479179
0.0470197
0.0461584
0.0453365
0.0445569
0.043823
0.0431383
0.0425075
0.0419358
0.0414298
0.0409976
0.0406497
0.0403992
0.040263
0.961692
0.892185
0.829086
0.771729
0.719524
0.671945
0.628524
0.588844
0.552532
0.519257
0.488722
0.460664
0.434845
0.411053
0.3891
0.368815
0.350046
0.332657
0.316523
0.301536
0.287594
0.274608
0.262498
0.25119
0.240617
0.230721
0.221447
0.212744
0.20457
0.196883
0.189646
0.182825
0.176389
0.170311
0.164565
0.159127
0.153975
0.149091
0.144455
0.14005
0.135863
0.131877
0.128081
0.124462
0.121009
0.117711
0.114559
0.111544
0.108658
0.105893
0.103241
0.100697
0.0982532
0.0959043
0.0936448
0.0914693
0.0893731
0.0873516
0.0854003
0.0835152
0.0816925
0.0799284
0.0782195
0.0765624
0.0749541
0.0733916
0.071872
0.0703928
0.0689515
0.0675458
0.0661737
0.0648331
0.0635224
0.0622401
0.0609849
0.0597558
0.058552
0.0573731
0.0562187
0.0550891
0.0539844
0.0529053
0.0518528
0.0508278
0.0498319
0.0488666
0.0479338
0.0470355
0.0461741
0.0453521
0.0445723
0.043838
0.0431531
0.0425219
0.0419499
0.0414435
0.041011
0.0406628
0.0404121
0.0402757
0.961692
0.892185
0.829086
0.771729
0.719524
0.671945
0.628524
0.588844
0.552532
0.519257
0.488722
0.460664
0.434845
0.411053
0.3891
0.368815
0.350047
0.332657
0.316524
0.301536
0.287594
0.274609
0.262498
0.25119
0.240618
0.230722
0.221447
0.212745
0.204571
0.196884
0.189647
0.182826
0.176391
0.170313
0.164566
0.159128
0.153977
0.149092
0.144456
0.140052
0.135865
0.131879
0.128083
0.124464
0.121011
0.117713
0.114562
0.111547
0.108661
0.105896
0.103245
0.1007
0.0982569
0.0959082
0.0936488
0.0914736
0.0893776
0.0873563
0.0854053
0.0835205
0.081698
0.0799342
0.0782256
0.0765689
0.0749609
0.0733987
0.0718795
0.0704007
0.0689599
0.0675546
0.0661829
0.0648428
0.0635326
0.0622507
0.060996
0.0597674
0.0585641
0.0573855
0.0562316
0.0551023
0.053998
0.0529193
0.051867
0.0508422
0.0498465
0.0488813
0.0479485
0.0470502
0.0461887
0.0453665
0.0445865
0.043852
0.0431668
0.0425353
0.0419629
0.0414562
0.0410234
0.0406749
0.0404239
0.0402874
0.961692
0.892185
0.829086
0.771729
0.719524
0.671945
0.628524
0.588844
0.552532
0.519257
0.488722
0.460664
0.434845
0.411053
0.3891
0.368816
0.350047
0.332657
0.316524
0.301536
0.287595
0.274609
0.262499
0.251191
0.240619
0.230722
0.221448
0.212746
0.204572
0.196885
0.189648
0.182827
0.176392
0.170314
0.164568
0.15913
0.153978
0.149094
0.144458
0.140054
0.135866
0.131881
0.128085
0.124466
0.121013
0.117716
0.114564
0.11155
0.108664
0.105899
0.103248
0.100704
0.0982602
0.0959117
0.0936525
0.0914775
0.0893817
0.0873606
0.0854098
0.0835252
0.081703
0.0799395
0.0782312
0.0765748
0.0749671
0.0734053
0.0718864
0.070408
0.0689675
0.0675627
0.0661913
0.0648517
0.0635419
0.0622605
0.0610062
0.059778
0.0585751
0.057397
0.0562434
0.0551145
0.0540105
0.052932
0.05188
0.0508554
0.0498598
0.0488947
0.047962
0.0470636
0.046202
0.0453797
0.0445995
0.0438648
0.0431794
0.0425476
0.0419749
0.0414679
0.0410348
0.040686
0.0404348
0.0402982
0.961692
0.892185
0.829086
0.771729
0.719524
0.671945
0.628524
0.588844
0.552532
0.519257
0.488722
0.460664
0.434845
0.411054
0.3891
0.368816
0.350047
0.332658
0.316524
0.301537
0.287595
0.274609
0.262499
0.251191
0.240619
0.230723
0.221449
0.212747
0.204573
0.196885
0.189648
0.182828
0.176393
0.170315
0.164569
0.159131
0.15398
0.149095
0.144459
0.140055
0.135868
0.131883
0.128087
0.124468
0.121015
0.117718
0.114566
0.111552
0.108666
0.105901
0.10325
0.100706
0.0982632
0.0959149
0.0936558
0.091481
0.0893854
0.0873645
0.0854139
0.0835296
0.0817076
0.0799443
0.0782363
0.0765801
0.0749727
0.0734112
0.0718927
0.0704146
0.0689744
0.0675699
0.066199
0.0648597
0.0635503
0.0622693
0.0610154
0.0597876
0.0585851
0.0574073
0.0562541
0.0551255
0.0540218
0.0529436
0.0518918
0.0508674
0.0498719
0.0489069
0.0479742
0.0470758
0.0462141
0.0453917
0.0446114
0.0438764
0.0431907
0.0425587
0.0419858
0.0414785
0.0410451
0.0406961
0.0404447
0.0403079
0.961692
0.892185
0.829086
0.771729
0.719524
0.671945
0.628524
0.588844
0.552532
0.519257
0.488723
0.460664
0.434845
0.411054
0.389101
0.368816
0.350047
0.332658
0.316524
0.301537
0.287595
0.27461
0.2625
0.251192
0.24062
0.230723
0.221449
0.212747
0.204573
0.196886
0.189649
0.182829
0.176393
0.170316
0.16457
0.159132
0.153981
0.149096
0.144461
0.140057
0.135869
0.131884
0.128089
0.12447
0.121017
0.11772
0.114568
0.111554
0.108668
0.105904
0.103253
0.100709
0.0982659
0.0959177
0.0936588
0.0914841
0.0893887
0.087368
0.0854176
0.0835334
0.0817117
0.0799486
0.0782408
0.0765849
0.0749778
0.0734165
0.0718983
0.0704205
0.0689806
0.0675765
0.0662059
0.0648669
0.0635578
0.0622772
0.0610236
0.0597962
0.058594
0.0574166
0.0562637
0.0551354
0.054032
0.052954
0.0519023
0.0508781
0.0498828
0.0489178
0.0479851
0.0470867
0.046225
0.0454024
0.044622
0.0438869
0.043201
0.0425687
0.0419955
0.041488
0.0410544
0.0407052
0.0404536
0.0403167
0.961692
0.892185
0.829086
0.771729
0.719524
0.671945
0.628524
0.588844
0.552532
0.519257
0.488723
0.460664
0.434845
0.411054
0.389101
0.368816
0.350047
0.332658
0.316525
0.301537
0.287595
0.27461
0.2625
0.251192
0.24062
0.230724
0.22145
0.212748
0.204574
0.196887
0.18965
0.182829
0.176394
0.170317
0.164571
0.159133
0.153982
0.149098
0.144462
0.140058
0.135871
0.131886
0.12809
0.124471
0.121019
0.117721
0.11457
0.111556
0.10867
0.105906
0.103255
0.100711
0.0982683
0.0959202
0.0936615
0.0914869
0.0893916
0.087371
0.0854208
0.0835368
0.0817153
0.0799524
0.0782448
0.0765891
0.0749822
0.0734211
0.0719032
0.0704256
0.0689861
0.0675822
0.0662119
0.0648732
0.0635644
0.0622841
0.0610309
0.0598037
0.0586018
0.0574247
0.0562721
0.0551441
0.0540409
0.0529631
0.0519116
0.0508876
0.0498923
0.0489274
0.0479947
0.0470963
0.0462345
0.0454119
0.0446313
0.0438961
0.04321
0.0425775
0.0420041
0.0414963
0.0410625
0.0407131
0.0404614
0.0403244
0.961692
0.892185
0.829086
0.771729
0.719524
0.671945
0.628524
0.588844
0.552532
0.519257
0.488723
0.460664
0.434845
0.411054
0.389101
0.368816
0.350047
0.332658
0.316525
0.301537
0.287596
0.27461
0.2625
0.251192
0.24062
0.230724
0.22145
0.212748
0.204574
0.196887
0.18965
0.18283
0.176395
0.170317
0.164571
0.159134
0.153983
0.149098
0.144463
0.140059
0.135872
0.131887
0.128091
0.124473
0.12102
0.117723
0.114572
0.111557
0.108672
0.105908
0.103257
0.100713
0.0982703
0.0959224
0.0936637
0.0914893
0.0893941
0.0873737
0.0854236
0.0835398
0.0817184
0.0799556
0.0782482
0.0765927
0.074986
0.0734252
0.0719074
0.0704301
0.0689908
0.0675871
0.0662171
0.0648787
0.0635702
0.0622901
0.0610371
0.0598102
0.0586086
0.0574318
0.0562794
0.0551516
0.0540486
0.052971
0.0519197
0.0508957
0.0499006
0.0489357
0.0480031
0.0471047
0.0462428
0.0454201
0.0446394
0.043904
0.0432177
0.0425851
0.0420115
0.0415036
0.0410696
0.04072
0.0404681
0.040331
0.961692
0.892185
0.829086
0.771729
0.719524
0.671945
0.628524
0.588844
0.552532
0.519257
0.488723
0.460664
0.434845
0.411054
0.389101
0.368816
0.350048
0.332658
0.316525
0.301537
0.287596
0.274611
0.262501
0.251193
0.240621
0.230725
0.22145
0.212749
0.204575
0.196888
0.189651
0.18283
0.176395
0.170318
0.164572
0.159134
0.153983
0.149099
0.144464
0.14006
0.135873
0.131888
0.128092
0.124474
0.121021
0.117724
0.114573
0.111559
0.108673
0.105909
0.103258
0.100715
0.0982721
0.0959242
0.0936656
0.0914913
0.0893962
0.0873759
0.0854259
0.0835422
0.0817209
0.0799584
0.0782511
0.0765957
0.0749892
0.0734285
0.0719109
0.0704338
0.0689947
0.0675913
0.0662214
0.0648832
0.063575
0.0622951
0.0610424
0.0598157
0.0586143
0.0574377
0.0562855
0.0551579
0.0540551
0.0529776
0.0519264
0.0509026
0.0499075
0.0489427
0.0480101
0.0471117
0.0462498
0.045427
0.0446462
0.0439107
0.0432243
0.0425915
0.0420178
0.0415097
0.0410755
0.0407258
0.0404738
0.0403366
0.961692
0.892185
0.829086
0.771729
0.719524
0.671945
0.628524
0.588844
0.552532
0.519257
0.488723
0.460664
0.434845
0.411054
0.389101
0.368816
0.350048
0.332658
0.316525
0.301537
0.287596
0.274611
0.262501
0.251193
0.240621
0.230725
0.221451
0.212749
0.204575
0.196888
0.189651
0.182831
0.176396
0.170318
0.164573
0.159135
0.153984
0.1491
0.144464
0.140061
0.135873
0.131889
0.128093
0.124475
0.121022
0.117725
0.114574
0.11156
0.108675
0.10591
0.10326
0.100716
0.0982734
0.0959256
0.0936671
0.0914929
0.0893979
0.0873777
0.0854278
0.0835442
0.081723
0.0799606
0.0782534
0.0765981
0.0749917
0.0734312
0.0719138
0.0704368
0.0689979
0.0675946
0.0662249
0.0648869
0.0635788
0.0622991
0.0610466
0.0598201
0.0586189
0.0574424
0.0562905
0.055163
0.0540603
0.052983
0.0519319
0.0509082
0.0499131
0.0489484
0.0480157
0.0471173
0.0462554
0.0454325
0.0446517
0.0439161
0.0432296
0.0425967
0.0420228
0.0415146
0.0410803
0.0407305
0.0404784
0.0403411
0.961692
0.892185
0.829086
0.771729
0.719524
0.671945
0.628524
0.588844
0.552532
0.519257
0.488723
0.460664
0.434845
0.411054
0.389101
0.368816
0.350048
0.332658
0.316525
0.301538
0.287596
0.274611
0.262501
0.251193
0.240621
0.230725
0.221451
0.212749
0.204575
0.196888
0.189652
0.182831
0.176396
0.170319
0.164573
0.159135
0.153984
0.1491
0.144465
0.140061
0.135874
0.131889
0.128094
0.124475
0.121023
0.117726
0.114575
0.111561
0.108675
0.105911
0.103261
0.100717
0.0982745
0.0959267
0.0936683
0.0914941
0.0893992
0.087379
0.0854292
0.0835457
0.0817246
0.0799622
0.0782551
0.0766
0.0749937
0.0734333
0.071916
0.0704391
0.0690003
0.0675971
0.0662276
0.0648897
0.0635817
0.0623022
0.0610498
0.0598235
0.0586224
0.0574461
0.0562942
0.0551668
0.0540643
0.0529871
0.0519361
0.0509124
0.0499174
0.0489527
0.0480201
0.0471216
0.0462597
0.0454368
0.0446559
0.0439202
0.0432336
0.0426006
0.0420266
0.0415183
0.041084
0.040734
0.0404819
0.0403446
0.961692
0.892185
0.829086
0.771729
0.719524
0.671945
0.628524
0.588844
0.552532
0.519257
0.488723
0.460664
0.434845
0.411054
0.389101
0.368816
0.350048
0.332658
0.316525
0.301538
0.287596
0.274611
0.262501
0.251193
0.240621
0.230725
0.221451
0.212749
0.204575
0.196889
0.189652
0.182831
0.176396
0.170319
0.164573
0.159136
0.153985
0.149101
0.144465
0.140061
0.135874
0.13189
0.128094
0.124476
0.121023
0.117726
0.114575
0.111561
0.108676
0.105912
0.103261
0.100718
0.0982751
0.0959274
0.093669
0.0914949
0.0894
0.0873799
0.0854301
0.0835467
0.0817256
0.0799633
0.0782563
0.0766012
0.074995
0.0734346
0.0719174
0.0704406
0.0690019
0.0675988
0.0662294
0.0648916
0.0635837
0.0623043
0.061052
0.0598257
0.0586248
0.0574485
0.0562968
0.0551695
0.054067
0.0529898
0.0519389
0.0509153
0.0499203
0.0489556
0.048023
0.0471246
0.0462626
0.0454397
0.0446587
0.043923
0.0432364
0.0426033
0.0420293
0.0415209
0.0410865
0.0407365
0.0404843
0.0403469
0.961692
0.892185
0.829086
0.771729
0.719524
0.671945
0.628524
0.588844
0.552532
0.519257
0.488723
0.460664
0.434845
0.411054
0.389101
0.368816
0.350048
0.332658
0.316525
0.301538
0.287596
0.274611
0.262501
0.251193
0.240621
0.230725
0.221451
0.212749
0.204575
0.196889
0.189652
0.182831
0.176397
0.170319
0.164573
0.159136
0.153985
0.149101
0.144465
0.140062
0.135875
0.13189
0.128094
0.124476
0.121023
0.117726
0.114575
0.111561
0.108676
0.105912
0.103261
0.100718
0.0982755
0.0959278
0.0936694
0.0914953
0.0894004
0.0873803
0.0854306
0.0835472
0.0817262
0.0799639
0.0782569
0.0766018
0.0749956
0.0734353
0.0719181
0.0704414
0.0690027
0.0675997
0.0662303
0.0648926
0.0635848
0.0623054
0.0610531
0.0598269
0.058626
0.0574498
0.0562981
0.0551709
0.0540684
0.0529913
0.0519404
0.0509168
0.0499219
0.0489572
0.0480246
0.0471262
0.0462642
0.0454413
0.0446603
0.0439246
0.0432379
0.0426048
0.0420307
0.0415223
0.0410878
0.0407378
0.0404855
0.0403482
0.961692
0.892185
0.829086
0.771729
0.719524
0.671945
0.628524
0.588844
0.552532
0.519257
0.488723
0.460664
0.434845
0.411054
0.389101
0.368816
0.350048
0.332658
0.316525
0.301538
0.287596
0.274611
0.262501
0.251193
0.240621
0.230725
0.221451
0.212749
0.204575
0.196889
0.189652
0.182831
0.176397
0.170319
0.164573
0.159136
0.153985
0.149101
0.144465
0.140062
0.135875
0.13189
0.128094
0.124476
0.121023
0.117726
0.114575
0.111561
0.108676
0.105912
0.103262
0.100718
0.0982755
0.0959278
0.0936694
0.0914953
0.0894005
0.0873803
0.0854306
0.0835472
0.0817262
0.0799639
0.0782569
0.0766019
0.0749957
0.0734354
0.0719182
0.0704415
0.0690028
0.0675998
0.0662304
0.0648926
0.0635849
0.0623055
0.0610532
0.0598271
0.0586262
0.05745
0.0562983
0.0551711
0.0540686
0.0529915
0.0519407
0.0509171
0.0499221
0.0489575
0.0480249
0.0471264
0.0462645
0.0454415
0.0446605
0.0439248
0.0432381
0.042605
0.0420309
0.0415225
0.041088
0.0407379
0.0404857
0.0403483
0.961692
0.892185
0.829086
0.771729
0.719524
0.671945
0.628524
0.588844
0.552532
0.519257
0.488723
0.460664
0.434845
0.411054
0.389101
0.368816
0.350048
0.332658
0.316525
0.301538
0.287596
0.274611
0.262501
0.251193
0.240621
0.230725
0.221451
0.212749
0.204575
0.196889
0.189652
0.182831
0.176396
0.170319
0.164573
0.159136
0.153985
0.149101
0.144465
0.140061
0.135874
0.13189
0.128094
0.124476
0.121023
0.117726
0.114575
0.111561
0.108676
0.105912
0.103261
0.100718
0.0982752
0.0959274
0.0936691
0.0914949
0.0894
0.0873799
0.0854302
0.0835467
0.0817257
0.0799634
0.0782563
0.0766013
0.0749951
0.0734347
0.0719175
0.0704408
0.069002
0.067599
0.0662296
0.0648918
0.063584
0.0623046
0.0610523
0.0598261
0.0586252
0.057449
0.0562973
0.05517
0.0540676
0.0529905
0.0519396
0.050916
0.049921
0.0489563
0.0480238
0.0471253
0.0462634
0.0454404
0.0446595
0.0439237
0.0432371
0.042604
0.0420299
0.0415215
0.041087
0.040737
0.0404848
0.0403474
0.961692
0.892185
0.829086
0.771729
0.719524
0.671945
0.628524
0.588844
0.552532
0.519257
0.488723
0.460664
0.434845
0.411054
0.389101
0.368816
0.350048
0.332658
0.316525
0.301538
0.287596
0.274611
0.262501
0.251193
0.240621
0.230725
0.221451
0.212749
0.204575
0.196888
0.189652
0.182831
0.176396
0.170319
0.164573
0.159135
0.153984
0.1491
0.144465
0.140061
0.135874
0.131889
0.128094
0.124475
0.121023
0.117726
0.114575
0.111561
0.108675
0.105911
0.103261
0.100717
0.0982745
0.0959267
0.0936683
0.0914941
0.0893992
0.087379
0.0854292
0.0835457
0.0817246
0.0799623
0.0782552
0.0766001
0.0749938
0.0734334
0.0719162
0.0704393
0.0690005
0.0675974
0.0662279
0.0648901
0.0635822
0.0623027
0.0610504
0.0598241
0.0586231
0.0574469
0.0562951
0.0551678
0.0540652
0.0529881
0.0519371
0.0509135
0.0499186
0.0489539
0.0480213
0.0471229
0.0462609
0.045438
0.0446571
0.0439214
0.0432347
0.0426017
0.0420277
0.0415193
0.0410849
0.0407349
0.0404827
0.0403454
0.961692
0.892185
0.829086
0.771729
0.719524
0.671945
0.628524
0.588844
0.552532
0.519257
0.488723
0.460664
0.434845
0.411054
0.389101
0.368816
0.350048
0.332658
0.316525
0.301537
0.287596
0.274611
0.262501
0.251193
0.240621
0.230725
0.221451
0.212749
0.204575
0.196888
0.189651
0.182831
0.176396
0.170318
0.164573
0.159135
0.153984
0.1491
0.144464
0.140061
0.135873
0.131889
0.128093
0.124475
0.121022
0.117725
0.114574
0.11156
0.108675
0.10591
0.10326
0.100716
0.0982734
0.0959256
0.0936672
0.0914929
0.089398
0.0873777
0.0854279
0.0835443
0.0817231
0.0799607
0.0782535
0.0765983
0.074992
0.0734315
0.0719141
0.0704372
0.0689983
0.067595
0.0662254
0.0648875
0.0635795
0.0622999
0.0610474
0.059821
0.0586199
0.0574435
0.0562917
0.0551643
0.0540617
0.0529844
0.0519334
0.0509097
0.0499148
0.0489501
0.0480175
0.047119
0.0462571
0.0454343
0.0446534
0.0439177
0.0432312
0.0425982
0.0420242
0.0415159
0.0410816
0.0407317
0.0404795
0.0403422
0.961692
0.892185
0.829086
0.771729
0.719524
0.671945
0.628524
0.588844
0.552532
0.519257
0.488723
0.460664
0.434845
0.411054
0.389101
0.368816
0.350048
0.332658
0.316525
0.301537
0.287596
0.274611
0.262501
0.251193
0.240621
0.230725
0.22145
0.212749
0.204575
0.196888
0.189651
0.18283
0.176395
0.170318
0.164572
0.159134
0.153983
0.149099
0.144464
0.14006
0.135873
0.131888
0.128092
0.124474
0.121021
0.117724
0.114573
0.111559
0.108673
0.105909
0.103258
0.100715
0.0982721
0.0959242
0.0936657
0.0914913
0.0893963
0.087376
0.085426
0.0835423
0.0817211
0.0799585
0.0782513
0.0765959
0.0749894
0.0734288
0.0719113
0.0704343
0.0689952
0.0675919
0.0662221
0.064884
0.0635758
0.0622961
0.0610434
0.0598169
0.0586156
0.0574391
0.0562871
0.0551595
0.0540568
0.0529795
0.0519284
0.0509047
0.0499096
0.0489449
0.0480123
0.0471139
0.046252
0.0454292
0.0446483
0.0439128
0.0432263
0.0425934
0.0420196
0.0415114
0.0410771
0.0407273
0.0404753
0.040338
0.961692
0.892185
0.829086
0.771729
0.719524
0.671945
0.628524
0.588844
0.552532
0.519257
0.488723
0.460664
0.434845
0.411054
0.389101
0.368816
0.350047
0.332658
0.316525
0.301537
0.287596
0.27461
0.2625
0.251192
0.24062
0.230724
0.22145
0.212748
0.204574
0.196887
0.18965
0.18283
0.176395
0.170317
0.164571
0.159134
0.153983
0.149098
0.144463
0.140059
0.135872
0.131887
0.128091
0.124473
0.12102
0.117723
0.114572
0.111557
0.108672
0.105908
0.103257
0.100713
0.0982704
0.0959224
0.0936638
0.0914893
0.0893942
0.0873738
0.0854237
0.0835399
0.0817185
0.0799559
0.0782484
0.076593
0.0749863
0.0734256
0.0719079
0.0704306
0.0689914
0.0675878
0.0662179
0.0648796
0.0635712
0.0622913
0.0610384
0.0598117
0.0586102
0.0574335
0.0562813
0.0551536
0.0540508
0.0529733
0.0519221
0.0508983
0.0499032
0.0489384
0.0480058
0.0471074
0.0462455
0.0454228
0.044642
0.0439066
0.0432202
0.0425875
0.0420138
0.0415057
0.0410716
0.0407219
0.0404699
0.0403327
0.961692
0.892185
0.829086
0.771729
0.719524
0.671945
0.628524
0.588844
0.552532
0.519257
0.488723
0.460664
0.434845
0.411054
0.389101
0.368816
0.350047
0.332658
0.316525
0.301537
0.287595
0.27461
0.2625
0.251192
0.24062
0.230724
0.22145
0.212748
0.204574
0.196887
0.18965
0.182829
0.176394
0.170317
0.164571
0.159133
0.153982
0.149098
0.144462
0.140058
0.135871
0.131886
0.12809
0.124471
0.121019
0.117721
0.11457
0.111556
0.10867
0.105906
0.103255
0.100711
0.0982683
0.0959202
0.0936615
0.091487
0.0893917
0.0873711
0.0854209
0.083537
0.0817155
0.0799526
0.0782451
0.0765894
0.0749826
0.0734216
0.0719037
0.0704263
0.0689868
0.0675831
0.0662129
0.0648743
0.0635657
0.0622855
0.0610324
0.0598054
0.0586037
0.0574268
0.0562744
0.0551465
0.0540435
0.0529658
0.0519145
0.0508906
0.0498954
0.0489306
0.047998
0.0470996
0.0462378
0.0454151
0.0446344
0.0438991
0.0432129
0.0425803
0.0420067
0.0414988
0.0410649
0.0407153
0.0404635
0.0403264
0.961692
0.892185
0.829086
0.771729
0.719524
0.671945
0.628524
0.588844
0.552532
0.519257
0.488723
0.460664
0.434845
0.411054
0.389101
0.368816
0.350047
0.332658
0.316524
0.301537
0.287595
0.27461
0.2625
0.251192
0.24062
0.230724
0.221449
0.212747
0.204573
0.196886
0.189649
0.182829
0.176393
0.170316
0.16457
0.159132
0.153981
0.149096
0.144461
0.140057
0.135869
0.131884
0.128089
0.12447
0.121017
0.11772
0.114568
0.111554
0.108668
0.105904
0.103253
0.100709
0.098266
0.0959178
0.0936589
0.0914842
0.0893888
0.0873681
0.0854177
0.0835336
0.0817119
0.0799489
0.0782411
0.0765853
0.0749782
0.073417
0.0718989
0.0704212
0.0689815
0.0675775
0.066207
0.0648682
0.0635593
0.0622788
0.0610254
0.0597982
0.0585962
0.057419
0.0562663
0.0551382
0.0540349
0.0529572
0.0519057
0.0508816
0.0498863
0.0489215
0.0479888
0.0470905
0.0462287
0.0454061
0.0446256
0.0438904
0.0432044
0.0425719
0.0419986
0.0414909
0.0410571
0.0407077
0.040456
0.040319
0.961692
0.892185
0.829086
0.771729
0.719524
0.671945
0.628524
0.588844
0.552532
0.519257
0.488722
0.460664
0.434845
0.411054
0.3891
0.368816
0.350047
0.332658
0.316524
0.301537
0.287595
0.274609
0.262499
0.251191
0.240619
0.230723
0.221449
0.212747
0.204573
0.196885
0.189648
0.182828
0.176393
0.170315
0.164569
0.159131
0.15398
0.149095
0.144459
0.140055
0.135868
0.131883
0.128087
0.124468
0.121015
0.117718
0.114566
0.111552
0.108666
0.105901
0.10325
0.100706
0.0982633
0.0959149
0.0936559
0.0914811
0.0893855
0.0873646
0.0854141
0.0835298
0.0817079
0.0799447
0.0782367
0.0765806
0.0749733
0.0734118
0.0718934
0.0704155
0.0689754
0.0675711
0.0662003
0.0648612
0.063552
0.0622711
0.0610175
0.0597899
0.0585876
0.0574101
0.0562571
0.0551287
0.0540252
0.0529472
0.0518956
0.0508714
0.049876
0.0489111
0.0479784
0.0470801
0.0462184
0.0453959
0.0446155
0.0438805
0.0431946
0.0425624
0.0419893
0.0414818
0.0410482
0.040699
0.0404475
0.0403106
0.961692
0.892185
0.829086
0.771729
0.719524
0.671945
0.628524
0.588844
0.552532
0.519257
0.488722
0.460664
0.434845
0.411053
0.3891
0.368816
0.350047
0.332657
0.316524
0.301536
0.287595
0.274609
0.262499
0.251191
0.240619
0.230722
0.221448
0.212746
0.204572
0.196885
0.189648
0.182827
0.176392
0.170314
0.164568
0.15913
0.153978
0.149094
0.144458
0.140054
0.135866
0.131881
0.128085
0.124466
0.121013
0.117716
0.114564
0.11155
0.108664
0.105899
0.103248
0.100704
0.0982603
0.0959118
0.0936526
0.0914776
0.0893818
0.0873608
0.08541
0.0835255
0.0817034
0.0799399
0.0782316
0.0765753
0.0749677
0.073406
0.0718873
0.070409
0.0689687
0.067564
0.0661928
0.0648533
0.0635438
0.0622626
0.0610085
0.0597806
0.0585779
0.0574001
0.0562468
0.0551181
0.0540144
0.0529361
0.0518843
0.0508599
0.0498644
0.0488994
0.0479667
0.0470684
0.0462068
0.0453844
0.0446042
0.0438693
0.0431837
0.0425517
0.0419788
0.0414716
0.0410383
0.0406893
0.0404379
0.0403012
0.961692
0.892185
0.829086
0.771729
0.719524
0.671945
0.628524
0.588844
0.552532
0.519257
0.488722
0.460664
0.434845
0.411053
0.3891
0.368815
0.350047
0.332657
0.316524
0.301536
0.287594
0.274609
0.262498
0.25119
0.240618
0.230722
0.221447
0.212745
0.204571
0.196884
0.189647
0.182826
0.176391
0.170313
0.164566
0.159128
0.153977
0.149092
0.144456
0.140052
0.135865
0.131879
0.128083
0.124464
0.121011
0.117713
0.114562
0.111547
0.108661
0.105896
0.103245
0.1007
0.0982569
0.0959083
0.0936489
0.0914737
0.0893778
0.0873565
0.0854055
0.0835208
0.0816984
0.0799346
0.0782261
0.0765695
0.0749616
0.0733995
0.0718805
0.0704019
0.0689612
0.0675561
0.0661846
0.0648447
0.0635347
0.0622531
0.0609986
0.0597703
0.0585672
0.057389
0.0562354
0.0551064
0.0540023
0.0529238
0.0518717
0.0508472
0.0498516
0.0488865
0.0479538
0.0470555
0.046194
0.0453717
0.0445916
0.043857
0.0431716
0.0425399
0.0419673
0.0414603
0.0410273
0.0406785
0.0404274
0.0402907
0.961692
0.892185
0.829086
0.771729
0.719524
0.671945
0.628524
0.588844
0.552532
0.519257
0.488722
0.460664
0.434845
0.411053
0.3891
0.368815
0.350046
0.332657
0.316523
0.301536
0.287594
0.274608
0.262498
0.25119
0.240617
0.230721
0.221447
0.212744
0.20457
0.196883
0.189646
0.182825
0.176389
0.170311
0.164565
0.159127
0.153976
0.149091
0.144455
0.14005
0.135863
0.131877
0.128081
0.124462
0.121009
0.117711
0.114559
0.111544
0.108658
0.105893
0.103241
0.100697
0.0982533
0.0959044
0.0936449
0.0914695
0.0893733
0.0873518
0.0854006
0.0835156
0.0816929
0.0799289
0.0782201
0.0765631
0.0749549
0.0733925
0.0718731
0.0703941
0.068953
0.0675475
0.0661755
0.0648352
0.0635248
0.0622427
0.0609878
0.059759
0.0585556
0.0573769
0.0562229
0.0550935
0.0539891
0.0529104
0.051858
0.0508333
0.0498376
0.0488724
0.0479397
0.0470414
0.04618
0.0453579
0.044578
0.0438435
0.0431584
0.042527
0.0419546
0.041448
0.0410152
0.0406668
0.0404158
0.0402793
0.961692
0.892185
0.829086
0.771729
0.719524
0.671945
0.628524
0.588844
0.552532
0.519257
0.488722
0.460664
0.434845
0.411053
0.3891
0.368815
0.350046
0.332657
0.316523
0.301535
0.287593
0.274608
0.262497
0.251189
0.240617
0.23072
0.221446
0.212744
0.204569
0.196882
0.189644
0.182824
0.176388
0.17031
0.164564
0.159125
0.153974
0.149089
0.144453
0.140048
0.135861
0.131875
0.128079
0.124459
0.121006
0.117708
0.114556
0.111541
0.108655
0.10589
0.103238
0.100693
0.0982494
0.0959003
0.0936405
0.0914649
0.0893685
0.0873467
0.0853953
0.08351
0.081687
0.0799227
0.0782135
0.0765562
0.0749477
0.0733849
0.0718651
0.0703856
0.0689441
0.0675382
0.0661657
0.0648249
0.063514
0.0622315
0.0609761
0.0597468
0.0585429
0.0573638
0.0562094
0.0550796
0.0539749
0.0528958
0.0518432
0.0508183
0.0498224
0.0488571
0.0479244
0.0470262
0.0461648
0.0453428
0.0445631
0.043829
0.0431441
0.042513
0.041941
0.0414347
0.0410022
0.0406541
0.0404033
0.040267
0.961692
0.892185
0.829086
0.771729
0.719524
0.671945
0.628524
0.588844
0.552532
0.519257
0.488722
0.460664
0.434844
0.411053
0.3891
0.368815
0.350046
0.332656
0.316523
0.301535
0.287593
0.274607
0.262497
0.251188
0.240616
0.23072
0.221445
0.212743
0.204568
0.196881
0.189643
0.182822
0.176387
0.170309
0.164562
0.159124
0.153972
0.149087
0.144451
0.140046
0.135858
0.131873
0.128076
0.124457
0.121003
0.117705
0.114553
0.111538
0.108651
0.105886
0.103234
0.100689
0.0982451
0.0958959
0.0936359
0.09146
0.0893633
0.0873413
0.0853895
0.083504
0.0816807
0.079916
0.0782065
0.0765488
0.0749399
0.0733767
0.0718564
0.0703765
0.0689345
0.0675281
0.0661552
0.0648139
0.0635025
0.0622194
0.0609635
0.0597337
0.0585293
0.0573497
0.0561948
0.0550646
0.0539595
0.0528801
0.0518272
0.0508021
0.049806
0.0488407
0.0479079
0.0470097
0.0461485
0.0453267
0.0445472
0.0438133
0.0431287
0.042498
0.0419263
0.0414203
0.0409882
0.0406404
0.0403899
0.0402537
0.961692
0.892185
0.829086
0.771729
0.719524
0.671945
0.628524
0.588844
0.552532
0.519257
0.488722
0.460664
0.434844
0.411053
0.3891
0.368815
0.350046
0.332656
0.316522
0.301534
0.287592
0.274607
0.262496
0.251188
0.240615
0.230719
0.221444
0.212742
0.204567
0.196879
0.189642
0.182821
0.176385
0.170307
0.16456
0.159122
0.15397
0.149085
0.144449
0.140044
0.135856
0.13187
0.128073
0.124454
0.121
0.117702
0.11455
0.111534
0.108648
0.105882
0.10323
0.100685
0.0982406
0.0958911
0.0936309
0.0914547
0.0893578
0.0873355
0.0853834
0.0834975
0.0816739
0.0799089
0.078199
0.0765409
0.0749316
0.0733679
0.0718472
0.0703669
0.0689243
0.0675174
0.066144
0.0648021
0.0634901
0.0622065
0.0609501
0.0597197
0.0585148
0.0573347
0.0561793
0.0550486
0.0539431
0.0528633
0.0518102
0.0507848
0.0497886
0.0488231
0.0478903
0.0469922
0.046131
0.0453094
0.0445302
0.0437966
0.0431123
0.0424819
0.0419106
0.0414051
0.0409733
0.0406258
0.0403756
0.0402396
0.961692
0.892185
0.829086
0.771729
0.719524
0.671945
0.628524
0.588844
0.552532
0.519257
0.488722
0.460663
0.434844
0.411053
0.389099
0.368814
0.350045
0.332656
0.316522
0.301534
0.287592
0.274606
0.262496
0.251187
0.240614
0.230718
0.221443
0.212741
0.204566
0.196878
0.189641
0.182819
0.176384
0.170305
0.164559
0.15912
0.153968
0.149083
0.144446
0.140042
0.135853
0.131867
0.128071
0.124451
0.120997
0.117699
0.114546
0.111531
0.108644
0.105878
0.103226
0.10068
0.0982359
0.0958861
0.0936256
0.0914492
0.089352
0.0873293
0.085377
0.0834907
0.0816668
0.0799014
0.0781911
0.0765326
0.0749228
0.0733586
0.0718375
0.0703566
0.0689135
0.0675061
0.0661321
0.0647896
0.063477
0.0621928
0.0609358
0.0597049
0.0584993
0.0573187
0.0561628
0.0550317
0.0539257
0.0528455
0.0517921
0.0507664
0.04977
0.0488045
0.0478717
0.0469736
0.0461126
0.0452911
0.0445121
0.0437788
0.0430949
0.0424649
0.041894
0.0413888
0.0409575
0.0406103
0.0403604
0.0402246
0.961692
0.892185
0.829086
0.771729
0.719524
0.671945
0.628524
0.588844
0.552532
0.519257
0.488722
0.460663
0.434844
0.411052
0.389099
0.368814
0.350045
0.332655
0.316521
0.301533
0.287591
0.274605
0.262495
0.251186
0.240614
0.230717
0.221442
0.212739
0.204565
0.196877
0.189639
0.182818
0.176382
0.170303
0.164557
0.159118
0.153966
0.149081
0.144444
0.140039
0.135851
0.131865
0.128068
0.124448
0.120994
0.117695
0.114542
0.111527
0.10864
0.105874
0.103221
0.100676
0.0982308
0.0958808
0.09362
0.0914433
0.0893458
0.0873229
0.0853701
0.0834835
0.0816592
0.0798934
0.0781827
0.0765237
0.0749135
0.0733489
0.0718272
0.0703457
0.0689021
0.0674941
0.0661195
0.0647764
0.0634632
0.0621784
0.0609207
0.0596892
0.058483
0.0573018
0.0561454
0.0550137
0.0539073
0.0528268
0.0517729
0.050747
0.0497505
0.0487848
0.047852
0.0469539
0.046093
0.0452718
0.0444931
0.0437601
0.0430766
0.042447
0.0418765
0.0413718
0.0409408
0.040594
0.0403444
0.0402088
0.961692
0.892185
0.829086
0.771729
0.719524
0.671945
0.628524
0.588844
0.552532
0.519257
0.488722
0.460663
0.434844
0.411052
0.389099
0.368814
0.350045
0.332655
0.316521
0.301533
0.287591
0.274605
0.262494
0.251185
0.240613
0.230716
0.221441
0.212738
0.204563
0.196875
0.189638
0.182816
0.17638
0.170302
0.164555
0.159116
0.153964
0.149078
0.144441
0.140036
0.135848
0.131862
0.128064
0.124444
0.12099
0.117691
0.114539
0.111523
0.108635
0.105869
0.103216
0.100671
0.0982255
0.0958752
0.0936142
0.0914372
0.0893393
0.0873161
0.085363
0.083476
0.0816513
0.079885
0.0781739
0.0765145
0.0749037
0.0733386
0.0718163
0.0703343
0.0688902
0.0674815
0.0661062
0.0647625
0.0634487
0.0621632
0.0609049
0.0596727
0.0584659
0.0572841
0.0561271
0.0549949
0.053888
0.052807
0.0517529
0.0507267
0.0497299
0.0487642
0.0478313
0.0469333
0.0460726
0.0452515
0.0444731
0.0437405
0.0430573
0.0424281
0.0418581
0.0413538
0.0409234
0.0405769
0.0403276
0.0401922
0.961692
0.892185
0.829086
0.771729
0.719524
0.671946
0.628524
0.588844
0.552532
0.519257
0.488722
0.460663
0.434844
0.411052
0.389099
0.368813
0.350044
0.332654
0.31652
0.301532
0.28759
0.274604
0.262493
0.251184
0.240612
0.230715
0.22144
0.212737
0.204562
0.196874
0.189636
0.182814
0.176378
0.1703
0.164553
0.159114
0.153961
0.149076
0.144439
0.140034
0.135845
0.131858
0.128061
0.124441
0.120986
0.117688
0.114534
0.111518
0.108631
0.105864
0.103211
0.100665
0.09822
0.0958694
0.0936081
0.0914308
0.0893326
0.0873089
0.0853555
0.0834681
0.081643
0.0798763
0.0781647
0.0765048
0.0748935
0.0733278
0.071805
0.0703224
0.0688776
0.0674683
0.0660924
0.064748
0.0634335
0.0621473
0.0608883
0.0596554
0.058448
0.0572655
0.0561079
0.0549752
0.0538678
0.0527864
0.0517319
0.0507054
0.0497084
0.0487426
0.0478097
0.0469118
0.0460512
0.0452304
0.0444522
0.0437199
0.0430372
0.0424085
0.0418389
0.0413351
0.0409051
0.0405591
0.0403101
0.0401749
0.961692
0.892185
0.829086
0.771729
0.719524
0.671946
0.628524
0.588844
0.552532
0.519257
0.488722
0.460663
0.434844
0.411052
0.389098
0.368813
0.350044
0.332654
0.31652
0.301532
0.287589
0.274603
0.262492
0.251184
0.240611
0.230714
0.221438
0.212735
0.20456
0.196872
0.189634
0.182813
0.176376
0.170297
0.16455
0.159111
0.153959
0.149073
0.144436
0.140031
0.135842
0.131855
0.128058
0.124437
0.120983
0.117683
0.11453
0.111514
0.108626
0.105859
0.103206
0.10066
0.0982143
0.0958634
0.0936017
0.0914241
0.0893256
0.0873016
0.0853477
0.0834599
0.0816343
0.0798672
0.0781551
0.0764947
0.0748829
0.0733167
0.0717933
0.0703101
0.0688646
0.0674546
0.066078
0.064733
0.0634177
0.0621308
0.060871
0.0596375
0.0584293
0.0572462
0.056088
0.0549547
0.0538468
0.0527649
0.05171
0.0506833
0.0496861
0.0487201
0.0477872
0.0468893
0.0460289
0.0452083
0.0444305
0.0436986
0.0430163
0.042388
0.041819
0.0413156
0.0408861
0.0405405
0.0402919
0.0401569
0.961692
0.892185
0.829086
0.771729
0.719524
0.671946
0.628524
0.588844
0.552532
0.519256
0.488722
0.460663
0.434843
0.411052
0.389098
0.368813
0.350044
0.332653
0.316519
0.301531
0.287589
0.274602
0.262491
0.251183
0.240609
0.230712
0.221437
0.212734
0.204559
0.196871
0.189633
0.182811
0.176374
0.170295
0.164548
0.159109
0.153956
0.14907
0.144433
0.140027
0.135838
0.131852
0.128054
0.124433
0.120979
0.117679
0.114526
0.111509
0.108621
0.105854
0.103201
0.100654
0.0982083
0.0958571
0.0935951
0.0914172
0.0893183
0.0872939
0.0853397
0.0834515
0.0816254
0.0798578
0.0781452
0.0764843
0.0748719
0.0733051
0.0717811
0.0702972
0.0688511
0.0674404
0.0660631
0.0647173
0.0634013
0.0621136
0.0608531
0.0596188
0.05841
0.0572262
0.0560673
0.0549334
0.0538249
0.0527426
0.0516873
0.0506603
0.0496629
0.0486968
0.0477638
0.0468661
0.0460058
0.0451855
0.044408
0.0436764
0.0429946
0.0423668
0.0417983
0.0412954
0.0408664
0.0405212
0.040273
0.0401382
0.961692
0.892185
0.829086
0.771729
0.719524
0.671946
0.628524
0.588844
0.552532
0.519256
0.488722
0.460663
0.434843
0.411051
0.389098
0.368812
0.350043
0.332653
0.316519
0.30153
0.287588
0.274602
0.26249
0.251181
0.240608
0.230711
0.221436
0.212733
0.204557
0.196869
0.189631
0.182809
0.176372
0.170293
0.164546
0.159106
0.153953
0.149067
0.14443
0.140024
0.135835
0.131848
0.12805
0.124429
0.120974
0.117675
0.114521
0.111504
0.108616
0.105849
0.103195
0.100648
0.0982022
0.0958507
0.0935884
0.09141
0.0893108
0.087286
0.0853314
0.0834427
0.0816162
0.0798481
0.078135
0.0764735
0.0748605
0.0732931
0.0717685
0.0702839
0.0688371
0.0674257
0.0660477
0.0647011
0.0633843
0.0620959
0.0608346
0.0595996
0.05839
0.0572055
0.0560459
0.0549114
0.0538024
0.0527196
0.0516639
0.0506365
0.0496389
0.0486727
0.0477397
0.0468421
0.0459819
0.0451619
0.0443847
0.0436536
0.0429722
0.0423449
0.0417769
0.0412746
0.0408461
0.0405014
0.0402535
0.0401189
0.961692
0.892185
0.829086
0.771729
0.719524
0.671946
0.628524
0.588844
0.552532
0.519256
0.488721
0.460663
0.434843
0.411051
0.389097
0.368812
0.350043
0.332652
0.316518
0.30153
0.287587
0.274601
0.26249
0.25118
0.240607
0.23071
0.221434
0.212731
0.204556
0.196867
0.189629
0.182807
0.17637
0.170291
0.164543
0.159104
0.153951
0.149064
0.144427
0.140021
0.135832
0.131844
0.128046
0.124425
0.12097
0.11767
0.114517
0.1115
0.108611
0.105843
0.103189
0.100642
0.0981958
0.095844
0.0935814
0.0914027
0.0893031
0.0872779
0.0853228
0.0834337
0.0816067
0.0798381
0.0781245
0.0764624
0.0748489
0.0732808
0.0717555
0.0702703
0.0688228
0.0674106
0.0660318
0.0646845
0.0633669
0.0620777
0.0608156
0.0595797
0.0583694
0.0571841
0.0560239
0.0548887
0.0537791
0.0526958
0.0516397
0.0506121
0.0496142
0.0486479
0.0477149
0.0468173
0.0459574
0.0451376
0.0443608
0.0436301
0.0429492
0.0423224
0.041755
0.0412532
0.0408252
0.0404809
0.0402334
0.0400991
0.961692
0.892185
0.829086
0.771729
0.719524
0.671946
0.628524
0.588844
0.552532
0.519256
0.488721
0.460662
0.434843
0.411051
0.389097
0.368812
0.350042
0.332652
0.316518
0.301529
0.287586
0.2746
0.262488
0.251179
0.240606
0.230708
0.221433
0.212729
0.204554
0.196865
0.189627
0.182804
0.176368
0.170288
0.164541
0.159101
0.153948
0.149061
0.144424
0.140018
0.135828
0.131841
0.128042
0.124421
0.120966
0.117666
0.114512
0.111494
0.108606
0.105838
0.103184
0.100636
0.0981894
0.0958372
0.0935742
0.0913952
0.0892951
0.0872696
0.085314
0.0834245
0.081597
0.0798279
0.0781137
0.0764511
0.0748369
0.0732682
0.0717422
0.0702563
0.068808
0.0673951
0.0660155
0.0646674
0.063349
0.0620589
0.0607961
0.0595594
0.0583482
0.0571622
0.0560012
0.0548655
0.0537553
0.0526715
0.051615
0.050587
0.0495889
0.0486225
0.0476895
0.046792
0.0459322
0.0451127
0.0443363
0.043606
0.0429256
0.0422994
0.0417324
0.0412312
0.0408037
0.04046
0.0402129
0.0400788
0.961692
0.892185
0.829086
0.771729
0.719524
0.671946
0.628524
0.588844
0.552532
0.519256
0.488721
0.460662
0.434843
0.411051
0.389097
0.368811
0.350042
0.332651
0.316517
0.301528
0.287585
0.274599
0.262487
0.251178
0.240605
0.230707
0.221431
0.212728
0.204552
0.196863
0.189625
0.182802
0.176365
0.170286
0.164538
0.159098
0.153945
0.149058
0.14442
0.140014
0.135824
0.131837
0.128038
0.124417
0.120961
0.117661
0.114507
0.111489
0.1086
0.105832
0.103178
0.10063
0.0981828
0.0958303
0.0935669
0.0913875
0.0892871
0.0872611
0.0853051
0.0834151
0.0815871
0.0798175
0.0781027
0.0764395
0.0748247
0.0732553
0.0717286
0.070242
0.068793
0.0673793
0.0659989
0.0646499
0.0633307
0.0620398
0.0607761
0.0595385
0.0583266
0.0571398
0.0559781
0.0548417
0.0537309
0.0526466
0.0515896
0.0505613
0.049563
0.0485965
0.0476635
0.046766
0.0459065
0.0450873
0.0443112
0.0435814
0.0429015
0.0422758
0.0417095
0.0412088
0.0407819
0.0404386
0.0401918
0.040058
0.961692
0.892185
0.829086
0.771729
0.719524
0.671946
0.628524
0.588844
0.552532
0.519256
0.488721
0.460662
0.434842
0.41105
0.389096
0.368811
0.350041
0.332651
0.316516
0.301527
0.287584
0.274598
0.262486
0.251177
0.240603
0.230706
0.22143
0.212726
0.20455
0.196861
0.189623
0.1828
0.176363
0.170283
0.164535
0.159095
0.153942
0.149055
0.144417
0.140011
0.135821
0.131833
0.128034
0.124413
0.120957
0.117656
0.114502
0.111484
0.108595
0.105826
0.103171
0.100623
0.098176
0.0958232
0.0935595
0.0913797
0.0892789
0.0872524
0.085296
0.0834055
0.081577
0.0798069
0.0780915
0.0764277
0.0748122
0.0732422
0.0717148
0.0702275
0.0687777
0.0673632
0.065982
0.0646321
0.063312
0.0620203
0.0607557
0.0595173
0.0583046
0.057117
0.0559546
0.0548174
0.0537061
0.0526212
0.0515638
0.0505352
0.0495367
0.04857
0.047637
0.0467397
0.0458803
0.0450614
0.0442857
0.0435563
0.042877
0.0422518
0.0416861
0.041186
0.0407596
0.0404168
0.0401705
0.0400369
0.961692
0.892185
0.829086
0.771729
0.719524
0.671946
0.628524
0.588844
0.552531
0.519256
0.488721
0.460662
0.434842
0.41105
0.389096
0.36881
0.350041
0.33265
0.316515
0.301526
0.287583
0.274597
0.262485
0.251176
0.240602
0.230704
0.221428
0.212724
0.204548
0.196859
0.18962
0.182798
0.176361
0.170281
0.164532
0.159092
0.153939
0.149052
0.144414
0.140007
0.135817
0.131829
0.12803
0.124408
0.120952
0.117652
0.114497
0.111479
0.108589
0.10582
0.103165
0.100617
0.0981692
0.095816
0.093552
0.0913718
0.0892705
0.0872437
0.0852868
0.0833958
0.0815668
0.0797961
0.0780802
0.0764157
0.0747996
0.0732289
0.0717008
0.0702127
0.0687621
0.0673468
0.0659648
0.0646141
0.0632931
0.0620005
0.060735
0.0594958
0.0582822
0.0570938
0.0559306
0.0547928
0.0536808
0.0525954
0.0515376
0.0505086
0.0495099
0.0485431
0.0476101
0.0467129
0.0458537
0.0450351
0.0442598
0.0435309
0.0428521
0.0422275
0.0416623
0.0411629
0.040737
0.0403948
0.0401488
0.0400154
0.961692
0.892185
0.829086
0.771729
0.719524
0.671946
0.628524
0.588844
0.552531
0.519256
0.488721
0.460662
0.434842
0.41105
0.389096
0.36881
0.35004
0.332649
0.316515
0.301526
0.287583
0.274596
0.262484
0.251174
0.2406
0.230702
0.221426
0.212722
0.204546
0.196857
0.189618
0.182795
0.176358
0.170278
0.16453
0.159089
0.153936
0.149049
0.14441
0.140003
0.135813
0.131825
0.128026
0.124404
0.120948
0.117647
0.114492
0.111473
0.108583
0.105814
0.103159
0.10061
0.0981623
0.0958088
0.0935444
0.0913638
0.0892621
0.0872348
0.0852775
0.083386
0.0815565
0.0797852
0.0780687
0.0764036
0.0747869
0.0732155
0.0716866
0.0701978
0.0687464
0.0673303
0.0659474
0.0645958
0.063274
0.0619804
0.0607141
0.059474
0.0582595
0.0570703
0.0559064
0.0547679
0.0536553
0.0525693
0.0515111
0.0504817
0.0494828
0.0485159
0.0475829
0.0466858
0.0458268
0.0450085
0.0442336
0.0435052
0.0428269
0.0422029
0.0416383
0.0411395
0.0407142
0.0403724
0.0401269
0.0399937
0.961692
0.892185
0.829086
0.771729
0.719524
0.671946
0.628524
0.588844
0.552531
0.519256
0.488721
0.460661
0.434841
0.411049
0.389095
0.368809
0.350039
0.332649
0.316514
0.301525
0.287581
0.274595
0.262483
0.251173
0.240599
0.230701
0.221425
0.212721
0.204544
0.196855
0.189616
0.182793
0.176355
0.170275
0.164527
0.159086
0.153932
0.149045
0.144407
0.14
0.135809
0.131821
0.128022
0.124399
0.120943
0.117642
0.114486
0.111468
0.108578
0.105808
0.103153
0.100604
0.0981554
0.0958015
0.0935367
0.0913557
0.0892537
0.0872259
0.0852681
0.0833762
0.0815461
0.0797743
0.0780572
0.0763915
0.0747741
0.073202
0.0716724
0.0701827
0.0687305
0.0673136
0.0659298
0.0645774
0.0632547
0.0619602
0.060693
0.059452
0.0582367
0.0570467
0.055882
0.0547427
0.0536295
0.052543
0.0514843
0.0504547
0.0494555
0.0484884
0.0475554
0.0466584
0.0457997
0.0449818
0.0442073
0.0434793
0.0428016
0.0421782
0.0416142
0.0411159
0.0406912
0.0403499
0.0401048
0.0399719
0.961692
0.892185
0.829086
0.771729
0.719525
0.671946
0.628524
0.588844
0.552531
0.519256
0.48872
0.460661
0.434841
0.411049
0.389095
0.368809
0.350039
0.332648
0.316513
0.301524
0.28758
0.274593
0.262481
0.251171
0.240597
0.230699
0.221423
0.212719
0.204542
0.196853
0.189614
0.182791
0.176353
0.170273
0.164524
0.159083
0.153929
0.149042
0.144403
0.139996
0.135805
0.131817
0.128017
0.124395
0.120938
0.117637
0.114481
0.111462
0.108572
0.105802
0.103146
0.100597
0.0981484
0.0957942
0.093529
0.0913477
0.0892452
0.087217
0.0852588
0.0833663
0.0815357
0.0797633
0.0780456
0.0763793
0.0747612
0.0731884
0.0716581
0.0701676
0.0687147
0.0672969
0.0659122
0.0645589
0.0632353
0.0619399
0.0606718
0.0594299
0.0582137
0.0570229
0.0558574
0.0547175
0.0536036
0.0525166
0.0514574
0.0504274
0.049428
0.0484609
0.0475279
0.046631
0.0457725
0.0449549
0.0441808
0.0434534
0.0427761
0.0421533
0.0415899
0.0410923
0.0406681
0.0403274
0.0400826
0.0399499
0.961692
0.892185
0.829086
0.771729
0.719525
0.671946
0.628524
0.588844
0.552531
0.519255
0.48872
0.460661
0.434841
0.411048
0.389094
0.368808
0.350038
0.332647
0.316512
0.301523
0.287579
0.274592
0.26248
0.25117
0.240596
0.230698
0.221421
0.212717
0.20454
0.196851
0.189611
0.182788
0.17635
0.17027
0.164521
0.15908
0.153926
0.149038
0.144399
0.139992
0.135801
0.131813
0.128013
0.12439
0.120933
0.117632
0.114476
0.111457
0.108566
0.105796
0.10314
0.100591
0.0981415
0.0957869
0.0935214
0.0913396
0.0892367
0.0872081
0.0852494
0.0833564
0.0815253
0.0797524
0.0780341
0.0763671
0.0747484
0.0731748
0.0716438
0.0701526
0.0686988
0.0672801
0.0658946
0.0645404
0.0632159
0.0619196
0.0606506
0.0594078
0.0581908
0.0569991
0.0558328
0.0546922
0.0535777
0.0524901
0.0514305
0.0504002
0.0494006
0.0484333
0.0475003
0.0466036
0.0457453
0.044928
0.0441543
0.0434274
0.0427507
0.0421285
0.0415657
0.0410687
0.0406451
0.0403048
0.0400604
0.039928
0.961693
0.892186
0.829086
0.771729
0.719525
0.671946
0.628524
0.588844
0.552531
0.519255
0.48872
0.460661
0.43484
0.411048
0.389094
0.368808
0.350037
0.332646
0.316511
0.301522
0.287578
0.274591
0.262479
0.251169
0.240594
0.230696
0.221419
0.212715
0.204538
0.196849
0.189609
0.182786
0.176348
0.170267
0.164518
0.159077
0.153923
0.149035
0.144396
0.139988
0.135797
0.131808
0.128009
0.124386
0.120929
0.117627
0.114471
0.111451
0.108561
0.10579
0.103134
0.100584
0.0981346
0.0957797
0.0935138
0.0913316
0.0892283
0.0871993
0.0852401
0.0833466
0.081515
0.0797415
0.0780226
0.076355
0.0747356
0.0731614
0.0716296
0.0701376
0.068683
0.0672635
0.0658771
0.064522
0.0631966
0.0618994
0.0606294
0.0593858
0.0581679
0.0569754
0.0558083
0.054667
0.0535519
0.0524638
0.0514037
0.0503731
0.0493732
0.0484059
0.0474729
0.0465762
0.0457182
0.0449012
0.044128
0.0434015
0.0427254
0.0421038
0.0415416
0.0410451
0.0406221
0.0402824
0.0400383
0.0399062
0.961693
0.892186
0.829086
0.771729
0.719525
0.671946
0.628524
0.588843
0.552531
0.519255
0.48872
0.46066
0.43484
0.411048
0.389093
0.368807
0.350037
0.332645
0.31651
0.301521
0.287577
0.27459
0.262477
0.251167
0.240593
0.230694
0.221417
0.212713
0.204536
0.196846
0.189607
0.182783
0.176345
0.170264
0.164515
0.159074
0.15392
0.149032
0.144392
0.139985
0.135793
0.131804
0.128004
0.124381
0.120924
0.117622
0.114466
0.111446
0.108555
0.105785
0.103128
0.100577
0.0981277
0.0957725
0.0935062
0.0913237
0.08922
0.0871905
0.0852309
0.0833369
0.0815048
0.0797307
0.0780112
0.076343
0.0747229
0.073148
0.0716155
0.0701227
0.0686673
0.067247
0.0658598
0.0645038
0.0631774
0.0618794
0.0606085
0.0593639
0.0581452
0.0569519
0.055784
0.054642
0.0535262
0.0524376
0.0513771
0.0503461
0.0493461
0.0483786
0.0474456
0.0465491
0.0456914
0.0448747
0.0441019
0.0433759
0.0427003
0.0420793
0.0415177
0.0410218
0.0405994
0.0402601
0.0400165
0.0398845
0.961693
0.892186
0.829086
0.771729
0.719525
0.671946
0.628524
0.588843
0.552531
0.519255
0.48872
0.46066
0.43484
0.411047
0.389093
0.368806
0.350036
0.332644
0.316509
0.30152
0.287576
0.274588
0.262476
0.251166
0.240591
0.230692
0.221415
0.212711
0.204534
0.196844
0.189604
0.182781
0.176342
0.170262
0.164512
0.159071
0.153916
0.149028
0.144389
0.139981
0.13579
0.1318
0.128
0.124377
0.120919
0.117617
0.11446
0.111441
0.108549
0.105779
0.103122
0.100571
0.098121
0.0957655
0.0934988
0.0913159
0.0892118
0.0871819
0.0852218
0.0833274
0.0814947
0.0797201
0.078
0.0763312
0.0747105
0.0731349
0.0716016
0.0701081
0.0686519
0.0672308
0.0658427
0.0644858
0.0631586
0.0618596
0.0605878
0.0593424
0.0581228
0.0569286
0.0557601
0.0546173
0.0535009
0.0524118
0.0513509
0.0503195
0.0493193
0.0483517
0.0474188
0.0465224
0.0456649
0.0448485
0.0440761
0.0433506
0.0426756
0.0420551
0.0414941
0.0409988
0.0405769
0.0402381
0.0399949
0.0398632
0.961693
0.892186
0.829086
0.771729
0.719525
0.671946
0.628524
0.588843
0.552531
0.519255
0.488719
0.46066
0.434839
0.411047
0.389092
0.368806
0.350035
0.332644
0.316508
0.301518
0.287575
0.274587
0.262475
0.251164
0.240589
0.230691
0.221414
0.212709
0.204532
0.196842
0.189602
0.182778
0.17634
0.170259
0.164509
0.159068
0.153913
0.149025
0.144385
0.139977
0.135786
0.131796
0.127996
0.124372
0.120915
0.117612
0.114455
0.111435
0.108544
0.105773
0.103116
0.100565
0.0981144
0.0957585
0.0934916
0.0913083
0.0892038
0.0871735
0.0852129
0.083318
0.0814849
0.0797097
0.0779891
0.0763197
0.0746983
0.073122
0.071588
0.0700938
0.0686368
0.0672148
0.0658259
0.0644681
0.06314
0.0618402
0.0605675
0.0593212
0.0581008
0.0569058
0.0557365
0.0545931
0.0534761
0.0523864
0.0513251
0.0502934
0.0492929
0.0483253
0.0473924
0.0464962
0.0456388
0.0448228
0.0440508
0.0433258
0.0426513
0.0420314
0.041471
0.0409763
0.0405549
0.0402166
0.0399737
0.0398422
0.961693
0.892186
0.829086
0.771729
0.719525
0.671946
0.628524
0.588843
0.552531
0.519255
0.488719
0.460659
0.434839
0.411046
0.389091
0.368805
0.350034
0.332643
0.316507
0.301517
0.287573
0.274586
0.262473
0.251162
0.240588
0.230689
0.221412
0.212707
0.20453
0.19684
0.1896
0.182776
0.176337
0.170256
0.164507
0.159065
0.15391
0.149022
0.144382
0.139974
0.135782
0.131792
0.127992
0.124368
0.12091
0.117608
0.114451
0.11143
0.108539
0.105767
0.10311
0.100559
0.098108
0.0957518
0.0934845
0.0913009
0.089196
0.0871653
0.0852043
0.0833089
0.0814753
0.0796996
0.0779784
0.0763084
0.0746864
0.0731095
0.0715748
0.0700798
0.068622
0.0671993
0.0658095
0.0644509
0.063122
0.0618213
0.0605477
0.0593006
0.0580793
0.0568836
0.0557135
0.0545694
0.0534518
0.0523616
0.0512999
0.0502679
0.0492673
0.0482995
0.0473666
0.0464705
0.0456135
0.0447978
0.0440262
0.0433017
0.0426277
0.0420083
0.0414485
0.0409543
0.0405334
0.0401956
0.039953
0.0398218
0.961693
0.892186
0.829086
0.771729
0.719525
0.671946
0.628524
0.588843
0.55253
0.519254
0.488719
0.460659
0.434838
0.411045
0.389091
0.368804
0.350033
0.332642
0.316506
0.301516
0.287572
0.274584
0.262472
0.251161
0.240586
0.230687
0.22141
0.212705
0.204528
0.196837
0.189597
0.182773
0.176335
0.170253
0.164504
0.159062
0.153907
0.149019
0.144379
0.13997
0.135778
0.131789
0.127988
0.124364
0.120906
0.117603
0.114446
0.111425
0.108533
0.105762
0.103104
0.100553
0.0981018
0.0957453
0.0934777
0.0912937
0.0891885
0.0871574
0.085196
0.0833002
0.081466
0.0796899
0.0779681
0.0762976
0.074675
0.0730974
0.071562
0.0700663
0.0686078
0.0671843
0.0657937
0.0644343
0.0631045
0.0618029
0.0605286
0.0592806
0.0580585
0.056862
0.0556912
0.0545465
0.0534283
0.0523376
0.0512755
0.0502432
0.0492424
0.0482746
0.0473417
0.0464457
0.0455888
0.0447735
0.0440023
0.0432782
0.0426047
0.0419859
0.0414266
0.040933
0.0405126
0.0401752
0.039933
0.0398019
0.961693
0.892186
0.829086
0.771729
0.719525
0.671946
0.628524
0.588843
0.55253
0.519254
0.488718
0.460658
0.434838
0.411045
0.38909
0.368803
0.350032
0.332641
0.316505
0.301515
0.287571
0.274583
0.26247
0.251159
0.240584
0.230685
0.221408
0.212703
0.204526
0.196835
0.189595
0.182771
0.176332
0.170251
0.164501
0.159059
0.153904
0.149015
0.144375
0.139967
0.135775
0.131785
0.127984
0.12436
0.120902
0.117599
0.114441
0.111421
0.108528
0.105757
0.103099
0.100547
0.0980958
0.095739
0.0934711
0.0912868
0.0891812
0.0871497
0.085188
0.0832917
0.0814572
0.0796805
0.0779583
0.0762871
0.074664
0.0730858
0.0715498
0.0700534
0.0685941
0.0671699
0.0657785
0.0644183
0.0630877
0.0617853
0.0605101
0.0592614
0.0580385
0.0568413
0.0556698
0.0545244
0.0534057
0.0523145
0.051252
0.0502195
0.0492184
0.0482505
0.0473177
0.0464218
0.0455652
0.0447501
0.0439793
0.0432557
0.0425827
0.0419644
0.0414056
0.0409125
0.0404926
0.0401556
0.0399137
0.0397829
0.961693
0.892186
0.829086
0.771729
0.719525
0.671945
0.628524
0.588843
0.55253
0.519254
0.488718
0.460658
0.434837
0.411044
0.389089
0.368802
0.350031
0.33264
0.316504
0.301514
0.28757
0.274582
0.262469
0.251158
0.240583
0.230684
0.221406
0.212701
0.204524
0.196833
0.189593
0.182769
0.17633
0.170248
0.164498
0.159057
0.153901
0.149012
0.144372
0.139964
0.135771
0.131781
0.12798
0.124356
0.120898
0.117594
0.114437
0.111416
0.108524
0.105752
0.103093
0.100542
0.0980901
0.0957331
0.0934649
0.0912803
0.0891744
0.0871425
0.0851804
0.0832837
0.0814487
0.0796716
0.0779489
0.0762772
0.0746535
0.0730747
0.0715381
0.070041
0.0685811
0.0671561
0.0657641
0.0644031
0.0630717
0.0617686
0.0604926
0.0592431
0.0580194
0.0568215
0.0556494
0.0545034
0.0533841
0.0522925
0.0512296
0.0501968
0.0491956
0.0482276
0.0472948
0.046399
0.0455426
0.0447279
0.0439574
0.0432342
0.0425617
0.0419439
0.0413856
0.040893
0.0404736
0.0401369
0.0398954
0.0397647
0.961693
0.892186
0.829086
0.771729
0.719525
0.671945
0.628524
0.588843
0.55253
0.519253
0.488717
0.460657
0.434837
0.411043
0.389088
0.368802
0.350031
0.332639
0.316503
0.301513
0.287568
0.27458
0.262467
0.251156
0.240581
0.230682
0.221404
0.212699
0.204522
0.196831
0.189591
0.182766
0.176327
0.170246
0.164496
0.159054
0.153898
0.14901
0.144369
0.139961
0.135768
0.131778
0.127977
0.124353
0.120894
0.117591
0.114433
0.111412
0.108519
0.105747
0.103088
0.100536
0.0980848
0.0957275
0.093459
0.0912741
0.0891679
0.0871357
0.0851732
0.0832762
0.0814408
0.0796633
0.0779401
0.0762679
0.0746437
0.0730644
0.0715271
0.0700295
0.0685689
0.0671432
0.0657505
0.0643888
0.0630567
0.0617528
0.0604761
0.0592258
0.0580015
0.0568029
0.0556301
0.0544835
0.0533638
0.0522717
0.0512085
0.0501754
0.049174
0.048206
0.0472732
0.0463776
0.0455214
0.0447069
0.0439368
0.043214
0.0425419
0.0419245
0.0413667
0.0408746
0.0404556
0.0401193
0.0398781
0.0397476
0.961693
0.892186
0.829086
0.771729
0.719524
0.671945
0.628524
0.588842
0.552529
0.519253
0.488717
0.460657
0.434836
0.411043
0.389088
0.368801
0.35003
0.332638
0.316502
0.301511
0.287567
0.274579
0.262466
0.251155
0.24058
0.23068
0.221403
0.212697
0.20452
0.196829
0.189589
0.182764
0.176325
0.170244
0.164494
0.159051
0.153896
0.149007
0.144366
0.139958
0.135765
0.131775
0.127974
0.124349
0.12089
0.117587
0.114429
0.111408
0.108515
0.105743
0.103084
0.100532
0.0980798
0.0957223
0.0934535
0.0912684
0.0891619
0.0871294
0.0851666
0.0832692
0.0814335
0.0796555
0.0779319
0.0762593
0.0746346
0.0730547
0.071517
0.0700187
0.0685576
0.0671313
0.0657379
0.0643755
0.0630427
0.0617381
0.0604607
0.0592098
0.0579848
0.0567856
0.0556122
0.0544651
0.0533448
0.0522524
0.0511888
0.0501555
0.049154
0.0481859
0.0472531
0.0463576
0.0455016
0.0446873
0.0439176
0.0431951
0.0425234
0.0419065
0.0413492
0.0408574
0.0404388
0.0401029
0.0398619
0.0397316
0.961693
0.892186
0.829086
0.771729
0.719524
0.671945
0.628523
0.588842
0.552529
0.519253
0.488717
0.460656
0.434835
0.411042
0.389087
0.3688
0.350029
0.332637
0.316501
0.30151
0.287566
0.274578
0.262465
0.251153
0.240578
0.230679
0.221401
0.212696
0.204518
0.196827
0.189587
0.182762
0.176323
0.170241
0.164491
0.159049
0.153893
0.149004
0.144364
0.139955
0.135762
0.131772
0.127971
0.124346
0.120887
0.117583
0.114425
0.111404
0.108511
0.105739
0.10308
0.100527
0.0980752
0.0957175
0.0934485
0.0912631
0.0891564
0.0871237
0.0851605
0.0832629
0.0814268
0.0796485
0.0779245
0.0762515
0.0746263
0.073046
0.0715077
0.0700089
0.0685472
0.0671204
0.0657263
0.0643634
0.0630299
0.0617247
0.0604467
0.0591951
0.0579695
0.0567697
0.0555958
0.0544482
0.0533275
0.0522347
0.0511708
0.0501373
0.0491356
0.0481674
0.0472347
0.0463393
0.0454834
0.0446694
0.0438999
0.0431779
0.0425065
0.04189
0.0413331
0.0408417
0.0404235
0.0400879
0.0398471
0.0397169
0.961693
0.892186
0.829086
0.771729
0.719524
0.671945
0.628523
0.588842
0.552529
0.519252
0.488716
0.460656
0.434835
0.411041
0.389086
0.368799
0.350028
0.332636
0.3165
0.301509
0.287565
0.274576
0.262463
0.251152
0.240577
0.230677
0.2214
0.212694
0.204516
0.196826
0.189585
0.18276
0.176321
0.17024
0.164489
0.159047
0.153891
0.149002
0.144362
0.139953
0.13576
0.131769
0.127968
0.124343
0.120884
0.11758
0.114422
0.111401
0.108508
0.105735
0.103076
0.100523
0.0980711
0.0957132
0.0934441
0.0912585
0.0891515
0.0871185
0.0851551
0.0832572
0.0814208
0.0796422
0.0779178
0.0762444
0.0746189
0.0730381
0.0714994
0.0700002
0.068538
0.0671106
0.065716
0.0643525
0.0630185
0.0617127
0.0604342
0.059182
0.0579559
0.0567556
0.0555812
0.0544331
0.053312
0.0522188
0.0511547
0.0501209
0.0491191
0.0481509
0.0472181
0.0463228
0.0454671
0.0446534
0.0438841
0.0431624
0.0424914
0.0418752
0.0413186
0.0408276
0.0404096
0.0400743
0.0398338
0.0397038
0.961693
0.892186
0.829086
0.771729
0.719524
0.671945
0.628523
0.588841
0.552528
0.519252
0.488715
0.460655
0.434834
0.411041
0.389085
0.368798
0.350027
0.332635
0.316499
0.301508
0.287564
0.274575
0.262462
0.251151
0.240575
0.230676
0.221398
0.212693
0.204515
0.196824
0.189583
0.182759
0.17632
0.170238
0.164487
0.159045
0.153889
0.149
0.144359
0.13995
0.135758
0.131767
0.127965
0.124341
0.120882
0.117578
0.114419
0.111398
0.108505
0.105732
0.103073
0.10052
0.0980676
0.0957095
0.0934401
0.0912544
0.0891472
0.087114
0.0851504
0.0832522
0.0814156
0.0796367
0.0779121
0.0762384
0.0746124
0.0730313
0.0714923
0.0699926
0.06853
0.0671022
0.0657071
0.0643431
0.0630086
0.0617023
0.0604233
0.0591706
0.057944
0.0567432
0.0555684
0.05442
0.0532985
0.052205
0.0511407
0.0501067
0.0491048
0.0481365
0.0472038
0.0463085
0.0454529
0.0446394
0.0438704
0.0431488
0.0424781
0.0418622
0.0413059
0.0408152
0.0403975
0.0400624
0.0398221
0.0396922
0.961693
0.892186
0.829086
0.771729
0.719524
0.671945
0.628523
0.588841
0.552528
0.519251
0.488715
0.460655
0.434833
0.41104
0.389085
0.368797
0.350026
0.332634
0.316498
0.301507
0.287563
0.274574
0.262461
0.25115
0.240574
0.230675
0.221397
0.212692
0.204514
0.196823
0.189582
0.182757
0.176318
0.170236
0.164486
0.159044
0.153888
0.148998
0.144358
0.139949
0.135756
0.131765
0.127963
0.124339
0.120879
0.117575
0.114417
0.111395
0.108502
0.105729
0.10307
0.100517
0.0980645
0.0957063
0.0934369
0.0912509
0.0891436
0.0871103
0.0851465
0.0832481
0.0814112
0.0796321
0.0779072
0.0762333
0.0746071
0.0730257
0.0714863
0.0699863
0.0685233
0.0670951
0.0656997
0.0643353
0.0630004
0.0616937
0.0604142
0.0591612
0.0579342
0.056733
0.0555578
0.054409
0.0532873
0.0521936
0.051129
0.0500949
0.0490928
0.0481245
0.0471917
0.0462966
0.0454411
0.0446276
0.0438588
0.0431375
0.042467
0.0418513
0.0412953
0.0408048
0.0403873
0.0400524
0.0398122
0.0396824
0.961693
0.892186
0.829086
0.771729
0.719524
0.671944
0.628522
0.588841
0.552527
0.519251
0.488714
0.460654
0.434833
0.411039
0.389084
0.368797
0.350025
0.332633
0.316497
0.301506
0.287562
0.274573
0.26246
0.251149
0.240573
0.230674
0.221396
0.21269
0.204513
0.196822
0.189581
0.182756
0.176317
0.170235
0.164485
0.159042
0.153886
0.148997
0.144356
0.139947
0.135754
0.131763
0.127962
0.124337
0.120878
0.117573
0.114415
0.111393
0.1085
0.105727
0.103068
0.100515
0.0980621
0.0957038
0.0934343
0.0912482
0.0891408
0.0871073
0.0851434
0.0832449
0.0814078
0.0796286
0.0779035
0.0762294
0.074603
0.0730213
0.0714817
0.0699815
0.0685182
0.0670897
0.065694
0.0643293
0.0629941
0.061687
0.0604072
0.0591539
0.0579265
0.0567251
0.0555496
0.0544006
0.0532786
0.0521847
0.0511199
0.0500856
0.0490835
0.0481151
0.0471824
0.0462872
0.0454318
0.0446185
0.0438498
0.0431286
0.0424583
0.0418428
0.0412869
0.0407965
0.0403792
0.0400444
0.0398043
0.0396746
0.961693
0.892186
0.829086
0.771729
0.719524
0.671944
0.628522
0.58884
0.552527
0.51925
0.488714
0.460654
0.434832
0.411039
0.389083
0.368796
0.350025
0.332632
0.316496
0.301506
0.287561
0.274573
0.262459
0.251148
0.240573
0.230673
0.221395
0.21269
0.204512
0.196821
0.18958
0.182755
0.176316
0.170234
0.164484
0.159041
0.153885
0.148996
0.144355
0.139946
0.135753
0.131762
0.12796
0.124335
0.120876
0.117572
0.114414
0.111392
0.108498
0.105726
0.103066
0.100513
0.0980604
0.095702
0.0934324
0.0912463
0.0891388
0.0871052
0.0851412
0.0832426
0.0814055
0.0796261
0.0779009
0.0762266
0.0746001
0.0730183
0.0714785
0.0699781
0.0685147
0.067086
0.0656901
0.0643252
0.0629897
0.0616825
0.0604024
0.0591489
0.0579213
0.0567196
0.055544
0.0543948
0.0532726
0.0521785
0.0511136
0.0500793
0.049077
0.0481086
0.0471758
0.0462807
0.0454253
0.0446121
0.0438434
0.0431224
0.0424521
0.0418367
0.0412809
0.0407906
0.0403733
0.0400386
0.0397985
0.0396688
0.961693
0.892186
0.829086
0.771729
0.719524
0.671944
0.628522
0.58884
0.552527
0.51925
0.488714
0.460653
0.434832
0.411038
0.389083
0.368796
0.350024
0.332632
0.316496
0.301505
0.287561
0.274572
0.262459
0.251147
0.240572
0.230672
0.221395
0.212689
0.204511
0.19682
0.189579
0.182755
0.176315
0.170233
0.164483
0.15904
0.153884
0.148995
0.144354
0.139945
0.135752
0.131761
0.12796
0.124335
0.120875
0.117571
0.114413
0.111391
0.108498
0.105725
0.103065
0.100512
0.0980594
0.095701
0.0934313
0.0912452
0.0891376
0.087104
0.08514
0.0832413
0.0814041
0.0796247
0.0778995
0.0762251
0.0745985
0.0730167
0.0714768
0.0699763
0.0685128
0.067084
0.065688
0.0643229
0.0629874
0.06168
0.0603999
0.0591462
0.0579185
0.0567167
0.055541
0.0543916
0.0532694
0.0521752
0.0511102
0.0500758
0.0490735
0.048105
0.0471722
0.0462771
0.0454217
0.0446085
0.0438399
0.0431188
0.0424486
0.0418332
0.0412774
0.0407871
0.0403698
0.040035
0.0397949
0.0396651
0.961693
0.892186
0.829086
0.771729
0.719523
0.671944
0.628522
0.58884
0.552526
0.51925
0.488713
0.460653
0.434832
0.411038
0.389082
0.368795
0.350024
0.332632
0.316495
0.301505
0.28756
0.274572
0.262458
0.251147
0.240572
0.230672
0.221394
0.212689
0.204511
0.19682
0.189579
0.182754
0.176315
0.170233
0.164482
0.15904
0.153884
0.148995
0.144354
0.139945
0.135752
0.131761
0.127959
0.124334
0.120875
0.117571
0.114412
0.111391
0.108497
0.105724
0.103065
0.100512
0.0980589
0.0957005
0.0934309
0.0912447
0.0891372
0.0871036
0.0851395
0.0832409
0.0814037
0.0796242
0.077899
0.0762246
0.074598
0.0730162
0.0714763
0.0699758
0.0685122
0.0670834
0.0656874
0.0643223
0.0629867
0.0616793
0.0603992
0.0591454
0.0579177
0.0567159
0.0555401
0.0543908
0.0532685
0.0521743
0.0511093
0.0500748
0.0490724
0.0481039
0.0471711
0.0462759
0.0454206
0.0446073
0.0438387
0.0431177
0.0424474
0.041832
0.0412761
0.0407858
0.0403685
0.0400335
0.0397932
0.0396633
0.961693
0.892186
0.829086
0.771729
0.719523
0.671944
0.628522
0.58884
0.552526
0.51925
0.488713
0.460653
0.434831
0.411038
0.389082
0.368795
0.350024
0.332631
0.316495
0.301505
0.28756
0.274572
0.262458
0.251147
0.240572
0.230672
0.221394
0.212688
0.204511
0.19682
0.189579
0.182754
0.176315
0.170233
0.164482
0.15904
0.153884
0.148995
0.144354
0.139945
0.135752
0.131761
0.127959
0.124334
0.120875
0.117571
0.114412
0.11139
0.108497
0.105724
0.103065
0.100512
0.0980589
0.0957005
0.0934309
0.0912447
0.0891372
0.0871036
0.0851396
0.0832409
0.0814037
0.0796243
0.0778991
0.0762248
0.0745982
0.0730163
0.0714765
0.069976
0.0685125
0.0670837
0.0656877
0.0643226
0.0629871
0.0616797
0.0603996
0.0591459
0.0579183
0.0567165
0.0555407
0.0543914
0.0532692
0.052175
0.05111
0.0500754
0.049073
0.0481045
0.0471716
0.0462765
0.0454212
0.044608
0.0438394
0.0431183
0.042448
0.0418326
0.0412767
0.0407863
0.0403688
0.0400338
0.0397932
0.039663
)
;

boundaryField
{
    inlet
    {
        type            fixedValue;
        value           uniform 1;
    }
    outlet
    {
        type            inletOutlet;
        inletValue      uniform 1;
        value           nonuniform List<scalar> 
100
(
0.0396216
0.0396239
0.0396285
0.0396351
0.0396436
0.0396539
0.0396659
0.0396795
0.0396944
0.0397107
0.0397281
0.0397465
0.0397659
0.039786
0.0398068
0.0398281
0.0398499
0.0398719
0.0398943
0.0399167
0.0399392
0.0399617
0.0399841
0.0400062
0.0400281
0.0400497
0.0400709
0.0400916
0.0401118
0.0401315
0.0401505
0.0401689
0.0401866
0.0402035
0.0402196
0.040235
0.0402494
0.040263
0.0402757
0.0402874
0.0402982
0.0403079
0.0403167
0.0403244
0.040331
0.0403366
0.0403411
0.0403446
0.0403469
0.0403482
0.0403483
0.0403474
0.0403454
0.0403422
0.040338
0.0403327
0.0403264
0.040319
0.0403106
0.0403012
0.0402907
0.0402793
0.040267
0.0402537
0.0402396
0.0402246
0.0402088
0.0401922
0.0401749
0.0401569
0.0401382
0.0401189
0.0400991
0.0400788
0.040058
0.0400369
0.0400154
0.0399937
0.0399719
0.0399499
0.039928
0.0399062
0.0398845
0.0398632
0.0398422
0.0398218
0.0398019
0.0397829
0.0397647
0.0397476
0.0397316
0.0397169
0.0397038
0.0396922
0.0396824
0.0396746
0.0396688
0.0396651
0.0396633
0.039663
)
;
    }
    ground
    {
        type            empty;
    }
    top
    {
        type            empty;
    }
    front
    {
        type            inletOutlet;
        inletValue      uniform 1;
        value           nonuniform List<scalar> 
100
(
0.961693
0.892186
0.829086
0.771729
0.719523
0.671944
0.628522
0.58884
0.552526
0.51925
0.488713
0.460653
0.434831
0.411038
0.389082
0.368795
0.350024
0.332631
0.316495
0.301505
0.28756
0.274571
0.262458
0.251147
0.240571
0.230671
0.221393
0.212688
0.20451
0.196819
0.189578
0.182753
0.176313
0.170231
0.164481
0.159038
0.153882
0.148992
0.144351
0.139942
0.135749
0.131758
0.127955
0.12433
0.12087
0.117566
0.114407
0.111385
0.108491
0.105717
0.103057
0.100503
0.0980498
0.0956905
0.0934199
0.0912327
0.089124
0.0870892
0.0851237
0.0832236
0.0813847
0.0796035
0.0778763
0.0761999
0.074571
0.0729867
0.0714441
0.0699408
0.0684743
0.0670424
0.0656431
0.0642747
0.0629357
0.0616248
0.0603411
0.0590839
0.0578529
0.0566479
0.0554691
0.0543171
0.0531925
0.0520964
0.0510299
0.0499944
0.0489916
0.0480233
0.0470913
0.0461976
0.0453442
0.0445335
0.0437678
0.0430501
0.0423835
0.0417719
0.0412199
0.0407333
0.0403195
0.0399877
0.0397499
0.0396216
)
;
    }
    back
    {
        type            inletOutlet;
        inletValue      uniform 1;
        value           nonuniform List<scalar> 
100
(
0.961693
0.892186
0.829086
0.771729
0.719523
0.671944
0.628522
0.58884
0.552526
0.51925
0.488713
0.460653
0.434831
0.411038
0.389082
0.368795
0.350024
0.332631
0.316495
0.301505
0.28756
0.274572
0.262458
0.251147
0.240572
0.230672
0.221394
0.212688
0.204511
0.19682
0.189579
0.182754
0.176315
0.170233
0.164482
0.15904
0.153884
0.148995
0.144354
0.139945
0.135752
0.131761
0.127959
0.124334
0.120875
0.117571
0.114412
0.11139
0.108497
0.105724
0.103065
0.100512
0.0980589
0.0957005
0.0934309
0.0912447
0.0891372
0.0871036
0.0851396
0.0832409
0.0814037
0.0796243
0.0778991
0.0762248
0.0745982
0.0730163
0.0714765
0.069976
0.0685125
0.0670837
0.0656877
0.0643226
0.0629871
0.0616797
0.0603996
0.0591459
0.0579183
0.0567165
0.0555407
0.0543914
0.0532692
0.052175
0.05111
0.0500754
0.049073
0.0481045
0.0471716
0.0462765
0.0454212
0.044608
0.0438394
0.0431183
0.042448
0.0418326
0.0412767
0.0407863
0.0403688
0.0400338
0.0397932
0.039663
)
;
    }
}


// ************************************************************************* //
