/*--------------------------------*- C++ -*----------------------------------*\
  =========                 |
  \\      /  F ield         | OpenFOAM: The Open Source CFD Toolbox
   \\    /   O peration     | Website:  https://openfoam.org
    \\  /    A nd           | Version:  11
     \\/     M anipulation  |
\*---------------------------------------------------------------------------*/
FoamFile
{
    format      ascii;
    class       volScalarField;
    location    "642";
    object      omega;
}
// * * * * * * * * * * * * * * * * * * * * * * * * * * * * * * * * * * * * * //

dimensions      [0 0 -1 0 0 0 0];

internalField   nonuniform List<scalar> 
10000
(
0.961692
0.892185
0.829085
0.771728
0.719523
0.671944
0.628523
0.588843
0.552532
0.519257
0.488724
0.460666
0.434849
0.411059
0.389108
0.368826
0.35006
0.332674
0.316544
0.30156
0.287623
0.274642
0.262537
0.251234
0.240668
0.230778
0.221511
0.212816
0.20465
0.196971
0.189742
0.182931
0.176506
0.170438
0.164703
0.159277
0.154138
0.149266
0.144644
0.140254
0.136082
0.132113
0.128334
0.124733
0.121299
0.118022
0.114892
0.1119
0.109038
0.106299
0.103675
0.10116
0.0987481
0.096433
0.0942095
0.0920727
0.090018
0.088041
0.0861376
0.084304
0.0825366
0.0808321
0.0791872
0.077599
0.0760647
0.0745817
0.0731473
0.0717593
0.0704155
0.0691136
0.0678517
0.0666279
0.0654404
0.0642874
0.0631674
0.0620786
0.0610197
0.0599893
0.0589859
0.0580084
0.0570555
0.0561261
0.0552192
0.0543338
0.0534691
0.0526246
0.0517997
0.0509942
0.0502083
0.0494426
0.0486982
0.0479772
0.0472827
0.0466194
0.0459941
0.0454166
0.0449005
0.0444648
0.0441361
0.0439497
0.961692
0.892185
0.829085
0.771728
0.719523
0.671944
0.628523
0.588843
0.552532
0.519257
0.488724
0.460666
0.434849
0.411059
0.389109
0.368826
0.35006
0.332674
0.316544
0.30156
0.287623
0.274642
0.262537
0.251235
0.240668
0.230778
0.221511
0.212816
0.20465
0.196971
0.189742
0.182931
0.176506
0.170438
0.164703
0.159277
0.154138
0.149266
0.144644
0.140254
0.136082
0.132113
0.128334
0.124733
0.121299
0.118022
0.114892
0.1119
0.109038
0.106299
0.103675
0.101161
0.0987483
0.0964332
0.0942097
0.092073
0.0900183
0.0880412
0.0861379
0.0843043
0.0825369
0.0808324
0.0791875
0.0775994
0.0760651
0.074582
0.0731477
0.0717597
0.0704159
0.069114
0.0678522
0.0666284
0.0654409
0.0642879
0.0631679
0.0620792
0.0610203
0.0599899
0.0589865
0.058009
0.0570561
0.0561267
0.0552198
0.0543345
0.0534699
0.0526253
0.0518005
0.050995
0.0502091
0.0494434
0.048699
0.047978
0.0472835
0.0466202
0.045995
0.0454175
0.0449013
0.0444657
0.0441369
0.0439505
0.961692
0.892185
0.829085
0.771728
0.719523
0.671944
0.628523
0.588843
0.552532
0.519257
0.488724
0.460667
0.434849
0.411059
0.389109
0.368826
0.35006
0.332674
0.316544
0.30156
0.287623
0.274642
0.262537
0.251235
0.240668
0.230779
0.221511
0.212816
0.20465
0.196971
0.189743
0.182931
0.176506
0.170438
0.164703
0.159277
0.154138
0.149266
0.144644
0.140255
0.136082
0.132113
0.128334
0.124734
0.1213
0.118022
0.114892
0.1119
0.109039
0.1063
0.103676
0.101161
0.0987488
0.0964336
0.0942102
0.0920734
0.0900188
0.0880418
0.0861384
0.0843049
0.0825375
0.080833
0.0791882
0.0776
0.0760658
0.0745827
0.0731484
0.0717605
0.0704166
0.0691148
0.067853
0.0666293
0.0654418
0.0642889
0.0631688
0.0620802
0.0610213
0.0599909
0.0589876
0.0580102
0.0570573
0.056128
0.0552211
0.0543358
0.0534712
0.0526268
0.0518019
0.0509965
0.0502107
0.049445
0.0487007
0.0479797
0.0472852
0.0466219
0.0459967
0.0454192
0.044903
0.0444674
0.0441386
0.0439522
0.961692
0.892185
0.829085
0.771728
0.719523
0.671944
0.628523
0.588843
0.552532
0.519257
0.488724
0.460667
0.434849
0.41106
0.389109
0.368826
0.35006
0.332674
0.316544
0.301561
0.287623
0.274642
0.262537
0.251235
0.240669
0.230779
0.221511
0.212816
0.20465
0.196971
0.189743
0.182931
0.176506
0.170439
0.164704
0.159277
0.154138
0.149267
0.144645
0.140255
0.136083
0.132114
0.128335
0.124734
0.1213
0.118023
0.114893
0.111901
0.109039
0.1063
0.103676
0.101162
0.0987494
0.0964343
0.0942109
0.0920742
0.0900195
0.0880426
0.0861392
0.0843057
0.0825384
0.0808339
0.0791891
0.077601
0.0760668
0.0745838
0.0731495
0.0717616
0.0704178
0.069116
0.0678542
0.0666305
0.0654431
0.0642902
0.0631703
0.0620816
0.0610228
0.0599925
0.0589893
0.0580119
0.0570591
0.0561298
0.055223
0.0543377
0.0534732
0.0526288
0.0518041
0.0509987
0.0502129
0.0494473
0.048703
0.0479821
0.0472877
0.0466244
0.0459992
0.0454217
0.0449056
0.0444699
0.0441411
0.0439547
0.961692
0.892185
0.829085
0.771728
0.719523
0.671944
0.628523
0.588843
0.552532
0.519257
0.488724
0.460667
0.434849
0.41106
0.389109
0.368826
0.350061
0.332674
0.316544
0.301561
0.287623
0.274643
0.262538
0.251235
0.240669
0.230779
0.221511
0.212817
0.20465
0.196971
0.189743
0.182932
0.176506
0.170439
0.164704
0.159278
0.154139
0.149267
0.144645
0.140256
0.136083
0.132114
0.128335
0.124735
0.121301
0.118023
0.114893
0.111902
0.10904
0.106301
0.103677
0.101162
0.0987503
0.0964352
0.0942118
0.0920751
0.0900205
0.0880436
0.0861403
0.0843068
0.0825395
0.0808351
0.0791903
0.0776022
0.0760681
0.0745851
0.0731509
0.071763
0.0704193
0.0691176
0.0678558
0.0666322
0.0654448
0.064292
0.0631721
0.0620835
0.0610248
0.0599946
0.0589914
0.0580141
0.0570614
0.0561321
0.0552254
0.0543403
0.0534758
0.0526315
0.0518068
0.0510016
0.0502159
0.0494503
0.0487061
0.0479852
0.0472909
0.0466277
0.0460024
0.045425
0.0449088
0.0444732
0.0441444
0.043958
0.961692
0.892185
0.829085
0.771728
0.719523
0.671944
0.628523
0.588843
0.552532
0.519257
0.488724
0.460667
0.434849
0.41106
0.389109
0.368827
0.350061
0.332674
0.316545
0.301561
0.287623
0.274643
0.262538
0.251235
0.240669
0.230779
0.221512
0.212817
0.204651
0.196972
0.189744
0.182932
0.176507
0.170439
0.164704
0.159278
0.154139
0.149268
0.144646
0.140256
0.136084
0.132115
0.128336
0.124735
0.121301
0.118024
0.114894
0.111902
0.109041
0.106302
0.103678
0.101163
0.0987513
0.0964362
0.0942129
0.0920763
0.0900217
0.0880448
0.0861416
0.0843081
0.0825409
0.0808365
0.0791918
0.0776038
0.0760697
0.0745868
0.0731526
0.0717648
0.0704211
0.0691195
0.0678578
0.0666342
0.0654469
0.0642942
0.0631744
0.0620859
0.0610273
0.0599971
0.058994
0.0580168
0.0570641
0.056135
0.0552284
0.0543433
0.053479
0.0526348
0.0518102
0.0510051
0.0502195
0.049454
0.0487099
0.0479891
0.0472948
0.0466316
0.0460064
0.045429
0.0449128
0.0444772
0.0441484
0.0439619
0.961692
0.892185
0.829085
0.771728
0.719523
0.671944
0.628523
0.588843
0.552532
0.519257
0.488724
0.460667
0.434849
0.41106
0.389109
0.368827
0.350061
0.332675
0.316545
0.301561
0.287624
0.274643
0.262538
0.251235
0.240669
0.230779
0.221512
0.212817
0.204651
0.196972
0.189744
0.182933
0.176507
0.17044
0.164705
0.159279
0.15414
0.149268
0.144646
0.140257
0.136085
0.132116
0.128337
0.124736
0.121302
0.118025
0.114895
0.111903
0.109042
0.106303
0.103679
0.101164
0.0987525
0.0964375
0.0942142
0.0920776
0.0900231
0.0880463
0.0861431
0.0843097
0.0825425
0.0808382
0.0791935
0.0776056
0.0760715
0.0745887
0.0731546
0.0717669
0.0704233
0.0691217
0.0678601
0.0666366
0.0654494
0.0642968
0.063177
0.0620886
0.0610301
0.06
0.058997
0.0580199
0.0570674
0.0561384
0.0552319
0.054347
0.0534828
0.0526387
0.0518142
0.0510092
0.0502237
0.0494583
0.0487143
0.0479936
0.0472993
0.0466362
0.0460111
0.0454336
0.0449175
0.0444819
0.044153
0.0439666
0.961692
0.892185
0.829085
0.771728
0.719523
0.671944
0.628523
0.588843
0.552532
0.519258
0.488724
0.460667
0.434849
0.41106
0.389109
0.368827
0.350061
0.332675
0.316545
0.301561
0.287624
0.274643
0.262538
0.251236
0.24067
0.23078
0.221512
0.212818
0.204651
0.196973
0.189744
0.182933
0.176508
0.170441
0.164706
0.159279
0.154141
0.149269
0.144647
0.140258
0.136086
0.132117
0.128338
0.124737
0.121303
0.118026
0.114896
0.111905
0.109043
0.106304
0.10368
0.101166
0.0987538
0.0964389
0.0942157
0.0920791
0.0900247
0.0880479
0.0861448
0.0843114
0.0825443
0.0808401
0.0791955
0.0776076
0.0760736
0.0745909
0.0731569
0.0717692
0.0704257
0.0691242
0.0678627
0.0666393
0.0654522
0.0642997
0.06318
0.0620917
0.0610333
0.0600033
0.0590005
0.0580235
0.0570711
0.0561422
0.0552359
0.054351
0.053487
0.052643
0.0518187
0.0510138
0.0502284
0.0494632
0.0487193
0.0479986
0.0473045
0.0466414
0.0460164
0.0454389
0.0449228
0.0444872
0.0441583
0.0439718
0.961692
0.892185
0.829085
0.771728
0.719523
0.671944
0.628523
0.588843
0.552532
0.519258
0.488724
0.460667
0.434849
0.41106
0.389109
0.368827
0.350061
0.332675
0.316545
0.301561
0.287624
0.274644
0.262539
0.251236
0.24067
0.23078
0.221513
0.212818
0.204652
0.196973
0.189745
0.182934
0.176508
0.170441
0.164706
0.15928
0.154141
0.14927
0.144648
0.140258
0.136086
0.132118
0.128339
0.124738
0.121304
0.118027
0.114897
0.111906
0.109044
0.106305
0.103682
0.101167
0.0987553
0.0964405
0.0942173
0.0920808
0.0900264
0.0880497
0.0861467
0.0843134
0.0825464
0.0808422
0.0791977
0.0776099
0.076076
0.0745933
0.0731594
0.0717718
0.0704284
0.069127
0.0678656
0.0666423
0.0654553
0.0643029
0.0631833
0.0620952
0.0610369
0.060007
0.0590043
0.0580274
0.0570752
0.0561465
0.0552402
0.0543556
0.0534917
0.0526478
0.0518237
0.0510189
0.0502337
0.0494686
0.0487248
0.0480043
0.0473102
0.0466472
0.0460222
0.0454448
0.0449287
0.044493
0.0441642
0.0439777
0.961692
0.892185
0.829085
0.771728
0.719523
0.671944
0.628523
0.588843
0.552532
0.519258
0.488724
0.460667
0.43485
0.41106
0.389109
0.368827
0.350061
0.332675
0.316545
0.301562
0.287624
0.274644
0.262539
0.251236
0.24067
0.230781
0.221513
0.212819
0.204652
0.196974
0.189745
0.182934
0.176509
0.170442
0.164707
0.159281
0.154142
0.149271
0.144649
0.140259
0.136087
0.132119
0.12834
0.124739
0.121305
0.118029
0.114899
0.111907
0.109046
0.106307
0.103683
0.101169
0.098757
0.0964422
0.094219
0.0920826
0.0900283
0.0880517
0.0861487
0.0843155
0.0825486
0.0808445
0.0792001
0.0776124
0.0760785
0.074596
0.0731621
0.0717747
0.0704314
0.0691301
0.0678688
0.0666456
0.0654587
0.0643064
0.063187
0.0620989
0.0610408
0.0600111
0.0590085
0.0580317
0.0570796
0.0561511
0.055245
0.0543605
0.0534967
0.0526531
0.0518291
0.0510245
0.0502394
0.0494744
0.0487308
0.0480104
0.0473164
0.0466535
0.0460286
0.0454512
0.0449352
0.0444995
0.0441706
0.0439841
0.961692
0.892185
0.829085
0.771728
0.719523
0.671944
0.628523
0.588843
0.552532
0.519258
0.488724
0.460667
0.43485
0.41106
0.389109
0.368827
0.350062
0.332675
0.316546
0.301562
0.287625
0.274644
0.262539
0.251237
0.240671
0.230781
0.221514
0.212819
0.204653
0.196974
0.189746
0.182935
0.17651
0.170443
0.164708
0.159282
0.154143
0.149272
0.14465
0.14026
0.136088
0.13212
0.128341
0.12474
0.121307
0.11803
0.1149
0.111909
0.109047
0.106308
0.103685
0.10117
0.0987587
0.096444
0.0942209
0.0920846
0.0900304
0.0880538
0.0861509
0.0843178
0.082551
0.0808469
0.0792026
0.077615
0.0760813
0.0745988
0.0731651
0.0717777
0.0704345
0.0691333
0.0678722
0.0666491
0.0654623
0.0643101
0.0631909
0.0621029
0.0610449
0.0600154
0.0590129
0.0580363
0.0570844
0.056156
0.0552501
0.0543658
0.0535022
0.0526587
0.0518349
0.0510304
0.0502455
0.0494807
0.0487372
0.0480169
0.0473231
0.0466603
0.0460354
0.0454581
0.0449421
0.0445064
0.0441775
0.0439909
0.961692
0.892185
0.829085
0.771728
0.719523
0.671944
0.628523
0.588843
0.552532
0.519258
0.488724
0.460667
0.43485
0.41106
0.38911
0.368827
0.350062
0.332675
0.316546
0.301562
0.287625
0.274644
0.26254
0.251237
0.240671
0.230781
0.221514
0.21282
0.204653
0.196975
0.189747
0.182935
0.17651
0.170443
0.164708
0.159283
0.154144
0.149273
0.144651
0.140261
0.136089
0.132121
0.128342
0.124742
0.121308
0.118031
0.114901
0.11191
0.109049
0.10631
0.103687
0.101172
0.0987606
0.0964459
0.094223
0.0920867
0.0900325
0.0880561
0.0861533
0.0843203
0.0825535
0.0808496
0.0792053
0.0776178
0.0760842
0.0746018
0.0731682
0.071781
0.0704379
0.0691368
0.0678757
0.0666528
0.0654662
0.0643141
0.063195
0.0621072
0.0610493
0.0600199
0.0590177
0.0580412
0.0570895
0.0561612
0.0552555
0.0543714
0.053508
0.0526647
0.051841
0.0510367
0.050252
0.0494874
0.048744
0.0480239
0.0473302
0.0466675
0.0460427
0.0454654
0.0449494
0.0445137
0.0441848
0.0439982
0.961692
0.892185
0.829085
0.771728
0.719523
0.671944
0.628523
0.588843
0.552532
0.519258
0.488724
0.460667
0.43485
0.41106
0.38911
0.368828
0.350062
0.332676
0.316546
0.301562
0.287625
0.274645
0.26254
0.251237
0.240671
0.230782
0.221515
0.21282
0.204654
0.196975
0.189747
0.182936
0.176511
0.170444
0.164709
0.159283
0.154145
0.149274
0.144652
0.140262
0.136091
0.132122
0.128343
0.124743
0.121309
0.118033
0.114903
0.111912
0.10905
0.106312
0.103689
0.101174
0.0987625
0.0964479
0.0942251
0.0920889
0.0900348
0.0880584
0.0861557
0.0843228
0.0825561
0.0808523
0.0792082
0.0776208
0.0760872
0.074605
0.0731715
0.0717843
0.0704414
0.0691404
0.0678795
0.0666567
0.0654702
0.0643183
0.0631993
0.0621117
0.061054
0.0600247
0.0590226
0.0580464
0.0570948
0.0561667
0.0552612
0.0543772
0.053514
0.0526709
0.0518474
0.0510434
0.0502588
0.0494944
0.0487512
0.0480312
0.0473376
0.0466751
0.0460503
0.0454731
0.0449571
0.0445215
0.0441925
0.0440059
0.961692
0.892185
0.829085
0.771728
0.719523
0.671944
0.628523
0.588843
0.552532
0.519258
0.488724
0.460667
0.43485
0.411061
0.38911
0.368828
0.350062
0.332676
0.316546
0.301563
0.287626
0.274645
0.26254
0.251238
0.240672
0.230782
0.221515
0.212821
0.204654
0.196976
0.189748
0.182937
0.176512
0.170445
0.16471
0.159284
0.154146
0.149275
0.144653
0.140264
0.136092
0.132123
0.128345
0.124744
0.121311
0.118034
0.114905
0.111913
0.109052
0.106314
0.10369
0.101176
0.0987646
0.0964501
0.0942273
0.0920912
0.0900372
0.0880609
0.0861583
0.0843255
0.0825589
0.0808551
0.0792111
0.0776238
0.0760904
0.0746083
0.0731749
0.0717879
0.070445
0.0691442
0.0678834
0.0666608
0.0654744
0.0643226
0.0632038
0.0621163
0.0610588
0.0600297
0.0590278
0.0580517
0.0571003
0.0561725
0.0552671
0.0543833
0.0535203
0.0526774
0.0518542
0.0510503
0.0502659
0.0495017
0.0487586
0.0480388
0.0473454
0.0466829
0.0460583
0.0454812
0.0449652
0.0445296
0.0442006
0.044014
0.961692
0.892185
0.829085
0.771728
0.719523
0.671944
0.628523
0.588843
0.552532
0.519258
0.488724
0.460667
0.43485
0.411061
0.38911
0.368828
0.350062
0.332676
0.316546
0.301563
0.287626
0.274645
0.262541
0.251238
0.240672
0.230783
0.221516
0.212821
0.204655
0.196977
0.189749
0.182938
0.176513
0.170446
0.164711
0.159285
0.154147
0.149276
0.144654
0.140265
0.136093
0.132124
0.128346
0.124746
0.121312
0.118036
0.114906
0.111915
0.109054
0.106315
0.103692
0.101178
0.0987667
0.0964522
0.0942295
0.0920935
0.0900396
0.0880634
0.0861609
0.0843282
0.0825617
0.0808581
0.0792142
0.077627
0.0760937
0.0746117
0.0731784
0.0717915
0.0704488
0.0691481
0.0678875
0.0666649
0.0654787
0.0643271
0.0632084
0.0621212
0.0610638
0.0600349
0.0590331
0.0580572
0.057106
0.0561784
0.0552732
0.0543896
0.0535268
0.0526841
0.0518611
0.0510574
0.0502733
0.0495092
0.0487663
0.0480467
0.0473534
0.0466911
0.0460665
0.0454895
0.0449736
0.0445379
0.0442089
0.0440223
0.961692
0.892185
0.829085
0.771728
0.719523
0.671944
0.628523
0.588843
0.552532
0.519258
0.488724
0.460667
0.43485
0.411061
0.38911
0.368828
0.350062
0.332676
0.316547
0.301563
0.287626
0.274646
0.262541
0.251239
0.240673
0.230783
0.221516
0.212822
0.204656
0.196977
0.189749
0.182938
0.176513
0.170447
0.164712
0.159286
0.154148
0.149277
0.144655
0.140266
0.136094
0.132126
0.128347
0.124747
0.121314
0.118037
0.114908
0.111917
0.109056
0.106317
0.103694
0.10118
0.0987688
0.0964545
0.0942318
0.092096
0.0900421
0.0880661
0.0861636
0.084331
0.0825646
0.0808611
0.0792173
0.0776302
0.0760971
0.0746152
0.073182
0.0717953
0.0704527
0.0691521
0.0678916
0.0666692
0.0654832
0.0643317
0.0632132
0.0621261
0.0610689
0.0600402
0.0590386
0.0580629
0.0571119
0.0561844
0.0552795
0.0543961
0.0535335
0.052691
0.0518682
0.0510647
0.0502808
0.0495169
0.0487743
0.0480548
0.0473616
0.0466994
0.046075
0.045498
0.0449822
0.0445465
0.0442175
0.0440309
0.961692
0.892185
0.829085
0.771728
0.719523
0.671944
0.628523
0.588843
0.552532
0.519258
0.488724
0.460667
0.43485
0.411061
0.38911
0.368828
0.350063
0.332676
0.316547
0.301563
0.287626
0.274646
0.262541
0.251239
0.240673
0.230784
0.221517
0.212822
0.204656
0.196978
0.18975
0.182939
0.176514
0.170447
0.164713
0.159287
0.154149
0.149278
0.144656
0.140267
0.136096
0.132127
0.128349
0.124749
0.121315
0.118039
0.11491
0.111918
0.109058
0.106319
0.103696
0.101182
0.098771
0.0964567
0.0942342
0.0920984
0.0900447
0.0880687
0.0861664
0.0843339
0.0825676
0.0808642
0.0792205
0.0776335
0.0761005
0.0746187
0.0731857
0.0717991
0.0704566
0.0691562
0.0678959
0.0666736
0.0654877
0.0643364
0.0632181
0.0621311
0.0610741
0.0600455
0.0590442
0.0580687
0.0571178
0.0561906
0.0552858
0.0544027
0.0535403
0.0526981
0.0518754
0.0510722
0.0502885
0.0495248
0.0487823
0.048063
0.04737
0.046708
0.0460837
0.0455068
0.0449909
0.0445553
0.0442263
0.0440396
0.961692
0.892185
0.829085
0.771728
0.719523
0.671944
0.628523
0.588843
0.552532
0.519258
0.488725
0.460667
0.43485
0.411061
0.38911
0.368828
0.350063
0.332677
0.316547
0.301564
0.287627
0.274646
0.262542
0.251239
0.240674
0.230784
0.221517
0.212823
0.204657
0.196979
0.189751
0.18294
0.176515
0.170448
0.164714
0.159288
0.15415
0.149279
0.144657
0.140268
0.136097
0.132128
0.12835
0.12475
0.121317
0.118041
0.114911
0.11192
0.109059
0.106321
0.103698
0.101184
0.0987732
0.096459
0.0942366
0.0921009
0.0900473
0.0880714
0.0861692
0.0843368
0.0825706
0.0808673
0.0792237
0.0776369
0.076104
0.0746223
0.0731894
0.0718029
0.0704606
0.0691604
0.0679001
0.0666781
0.0654923
0.0643412
0.063223
0.0621362
0.0610794
0.060051
0.0590498
0.0580745
0.0571239
0.0561968
0.0552923
0.0544094
0.0535472
0.0527052
0.0518828
0.0510798
0.0502963
0.0495328
0.0487905
0.0480714
0.0473786
0.0467167
0.0460925
0.0455156
0.0449999
0.0445643
0.0442353
0.0440485
0.961692
0.892185
0.829085
0.771728
0.719523
0.671944
0.628523
0.588843
0.552532
0.519258
0.488725
0.460668
0.43485
0.411061
0.38911
0.368828
0.350063
0.332677
0.316547
0.301564
0.287627
0.274647
0.262542
0.25124
0.240674
0.230785
0.221518
0.212823
0.204657
0.196979
0.189751
0.182941
0.176516
0.170449
0.164715
0.159289
0.154151
0.14928
0.144658
0.14027
0.136098
0.13213
0.128352
0.124752
0.121319
0.118042
0.114913
0.111922
0.109061
0.106323
0.1037
0.101187
0.0987754
0.0964614
0.094239
0.0921034
0.0900499
0.0880741
0.086172
0.0843397
0.0825736
0.0808705
0.079227
0.0776403
0.0761075
0.0746259
0.0731932
0.0718068
0.0704647
0.0691645
0.0679045
0.0666826
0.065497
0.064346
0.063228
0.0621414
0.0610847
0.0600565
0.0590555
0.0580804
0.05713
0.0562031
0.0552988
0.0544161
0.0535542
0.0527124
0.0518902
0.0510874
0.0503041
0.0495409
0.0487988
0.0480799
0.0473872
0.0467255
0.0461014
0.0455246
0.0450089
0.0445733
0.0442443
0.0440576
0.961692
0.892185
0.829084
0.771728
0.719523
0.671944
0.628523
0.588843
0.552532
0.519258
0.488725
0.460668
0.43485
0.411061
0.38911
0.368829
0.350063
0.332677
0.316548
0.301564
0.287627
0.274647
0.262542
0.25124
0.240674
0.230785
0.221518
0.212824
0.204658
0.19698
0.189752
0.182941
0.176517
0.17045
0.164716
0.15929
0.154152
0.149281
0.14466
0.140271
0.136099
0.132131
0.128353
0.124753
0.12132
0.118044
0.114915
0.111924
0.109063
0.106325
0.103702
0.101189
0.0987777
0.0964637
0.0942415
0.092106
0.0900525
0.0880769
0.0861748
0.0843426
0.0825767
0.0808736
0.0792303
0.0776437
0.076111
0.0746296
0.073197
0.0718108
0.0704687
0.0691687
0.0679088
0.0666871
0.0655016
0.0643508
0.063233
0.0621465
0.06109
0.060062
0.0590612
0.0580863
0.0571361
0.0562095
0.0553054
0.0544229
0.0535612
0.0527196
0.0518977
0.0510951
0.050312
0.049549
0.0488071
0.0480884
0.0473959
0.0467343
0.0461103
0.0455337
0.045018
0.0445825
0.0442535
0.0440667
0.961692
0.892185
0.829084
0.771728
0.719523
0.671944
0.628523
0.588843
0.552532
0.519258
0.488725
0.460668
0.43485
0.411061
0.389111
0.368829
0.350063
0.332677
0.316548
0.301564
0.287627
0.274647
0.262543
0.251241
0.240675
0.230786
0.221519
0.212824
0.204659
0.19698
0.189753
0.182942
0.176517
0.170451
0.164717
0.159291
0.154153
0.149282
0.144661
0.140272
0.136101
0.132133
0.128355
0.124755
0.121322
0.118045
0.114916
0.111926
0.109065
0.106327
0.103705
0.101191
0.0987799
0.096466
0.0942439
0.0921085
0.0900552
0.0880796
0.0861777
0.0843456
0.0825798
0.0808768
0.0792336
0.0776471
0.0761145
0.0746333
0.0732008
0.0718147
0.0704728
0.069173
0.0679132
0.0666916
0.0655063
0.0643556
0.0632379
0.0621517
0.0610954
0.0600676
0.059067
0.0580923
0.0571422
0.0562158
0.055312
0.0544297
0.0535682
0.0527268
0.0519051
0.0511028
0.0503199
0.0495571
0.0488155
0.0480969
0.0474046
0.0467432
0.0461193
0.0455428
0.0450272
0.0445916
0.0442626
0.0440758
0.961692
0.892184
0.829084
0.771728
0.719523
0.671944
0.628523
0.588843
0.552532
0.519258
0.488725
0.460668
0.43485
0.411061
0.389111
0.368829
0.350063
0.332677
0.316548
0.301565
0.287628
0.274647
0.262543
0.251241
0.240675
0.230786
0.221519
0.212825
0.204659
0.196981
0.189754
0.182943
0.176518
0.170452
0.164717
0.159292
0.154154
0.149283
0.144662
0.140273
0.136102
0.132134
0.128356
0.124756
0.121323
0.118047
0.114918
0.111928
0.109067
0.106329
0.103707
0.101193
0.0987822
0.0964684
0.0942463
0.092111
0.0900578
0.0880823
0.0861805
0.0843485
0.0825828
0.08088
0.0792369
0.0776505
0.0761181
0.0746369
0.0732045
0.0718186
0.0704768
0.0691771
0.0679175
0.066696
0.0655109
0.0643604
0.0632429
0.0621568
0.0611007
0.0600731
0.0590727
0.0580982
0.0571484
0.0562221
0.0553185
0.0544364
0.0535752
0.0527341
0.0519126
0.0511104
0.0503278
0.0495652
0.0488238
0.0481055
0.0474133
0.046752
0.0461283
0.0455518
0.0450363
0.0446008
0.0442718
0.0440849
0.961692
0.892184
0.829084
0.771727
0.719523
0.671944
0.628523
0.588843
0.552532
0.519258
0.488725
0.460668
0.43485
0.411061
0.389111
0.368829
0.350063
0.332677
0.316548
0.301565
0.287628
0.274648
0.262543
0.251241
0.240676
0.230786
0.22152
0.212826
0.20466
0.196982
0.189754
0.182944
0.176519
0.170452
0.164718
0.159293
0.154155
0.149284
0.144663
0.140274
0.136103
0.132135
0.128357
0.124758
0.121325
0.118049
0.11492
0.111929
0.109069
0.106331
0.103709
0.101195
0.0987844
0.0964707
0.0942487
0.0921135
0.0900604
0.088085
0.0861833
0.0843514
0.0825858
0.0808831
0.0792401
0.0776539
0.0761215
0.0746405
0.0732083
0.0718225
0.0704808
0.0691813
0.0679218
0.0667005
0.0655155
0.0643652
0.0632479
0.0621619
0.061106
0.0600786
0.0590783
0.058104
0.0571544
0.0562284
0.055325
0.0544431
0.0535821
0.0527412
0.0519199
0.0511181
0.0503357
0.0495733
0.0488321
0.0481139
0.047422
0.0467608
0.0461372
0.0455609
0.0450454
0.0446099
0.0442809
0.044094
0.961692
0.892184
0.829084
0.771727
0.719523
0.671944
0.628523
0.588843
0.552532
0.519258
0.488725
0.460668
0.43485
0.411061
0.389111
0.368829
0.350063
0.332678
0.316548
0.301565
0.287628
0.274648
0.262544
0.251242
0.240676
0.230787
0.22152
0.212826
0.20466
0.196982
0.189755
0.182944
0.17652
0.170453
0.164719
0.159294
0.154156
0.149285
0.144664
0.140276
0.136105
0.132137
0.128359
0.124759
0.121326
0.11805
0.114922
0.111931
0.109071
0.106333
0.103711
0.101197
0.0987866
0.096473
0.0942511
0.092116
0.0900629
0.0880877
0.0861861
0.0843543
0.0825888
0.0808862
0.0792433
0.0776572
0.076125
0.0746441
0.073212
0.0718263
0.0704848
0.0691854
0.0679261
0.0667049
0.0655201
0.0643699
0.0632527
0.062167
0.0611112
0.060084
0.0590839
0.0581098
0.0571604
0.0562346
0.0553314
0.0544498
0.053589
0.0527483
0.0519272
0.0511256
0.0503434
0.0495813
0.0488402
0.0481223
0.0474305
0.0467695
0.0461461
0.0455698
0.0450544
0.0446189
0.0442899
0.044103
0.961692
0.892184
0.829084
0.771727
0.719523
0.671944
0.628523
0.588843
0.552532
0.519258
0.488725
0.460668
0.43485
0.411061
0.389111
0.368829
0.350064
0.332678
0.316548
0.301565
0.287628
0.274648
0.262544
0.251242
0.240676
0.230787
0.22152
0.212827
0.204661
0.196983
0.189755
0.182945
0.176521
0.170454
0.16472
0.159295
0.154157
0.149286
0.144665
0.140277
0.136106
0.132138
0.12836
0.124761
0.121328
0.118052
0.114923
0.111933
0.109073
0.106335
0.103713
0.101199
0.0987887
0.0964752
0.0942534
0.0921184
0.0900655
0.0880903
0.0861888
0.0843571
0.0825917
0.0808892
0.0792465
0.0776605
0.0761284
0.0746476
0.0732156
0.0718301
0.0704887
0.0691894
0.0679303
0.0667092
0.0655246
0.0643746
0.0632575
0.062172
0.0611164
0.0600893
0.0590894
0.0581155
0.0571663
0.0562407
0.0553377
0.0544563
0.0535957
0.0527553
0.0519345
0.051133
0.0503511
0.0495891
0.0488483
0.0481306
0.047439
0.0467781
0.0461548
0.0455787
0.0450633
0.0446279
0.0442989
0.044112
0.961692
0.892184
0.829084
0.771727
0.719523
0.671944
0.628523
0.588843
0.552532
0.519258
0.488725
0.460668
0.434851
0.411061
0.389111
0.368829
0.350064
0.332678
0.316549
0.301565
0.287629
0.274649
0.262544
0.251242
0.240677
0.230788
0.221521
0.212827
0.204661
0.196983
0.189756
0.182946
0.176521
0.170455
0.164721
0.159296
0.154158
0.149287
0.144666
0.140278
0.136107
0.132139
0.128361
0.124762
0.121329
0.118054
0.114925
0.111935
0.109074
0.106337
0.103715
0.101201
0.0987908
0.0964774
0.0942557
0.0921208
0.0900679
0.0880929
0.0861915
0.0843599
0.0825946
0.0808922
0.0792496
0.0776637
0.0761317
0.0746511
0.0732192
0.0718338
0.0704926
0.0691934
0.0679344
0.0667135
0.065529
0.0643791
0.0632623
0.0621769
0.0611214
0.0600945
0.0590949
0.0581211
0.0571721
0.0562467
0.0553439
0.0544627
0.0536024
0.0527621
0.0519415
0.0511403
0.0503586
0.0495969
0.0488563
0.0481387
0.0474473
0.0467866
0.0461634
0.0455874
0.0450721
0.0446367
0.0443077
0.0441207
0.961692
0.892184
0.829084
0.771727
0.719523
0.671944
0.628523
0.588843
0.552532
0.519258
0.488725
0.460668
0.434851
0.411061
0.389111
0.368829
0.350064
0.332678
0.316549
0.301566
0.287629
0.274649
0.262544
0.251243
0.240677
0.230788
0.221521
0.212828
0.204662
0.196984
0.189757
0.182946
0.176522
0.170456
0.164722
0.159297
0.154159
0.149288
0.144667
0.140279
0.136108
0.13214
0.128363
0.124763
0.121331
0.118055
0.114926
0.111936
0.109076
0.106339
0.103716
0.101203
0.0987929
0.0964796
0.094258
0.0921231
0.0900704
0.0880954
0.0861941
0.0843626
0.0825974
0.0808952
0.0792526
0.0776668
0.076135
0.0746544
0.0732227
0.0718374
0.0704963
0.0691973
0.0679384
0.0667177
0.0655333
0.0643836
0.0632669
0.0621816
0.0611264
0.0600997
0.0591002
0.0581266
0.0571778
0.0562526
0.05535
0.054469
0.0536089
0.0527689
0.0519485
0.0511475
0.050366
0.0496045
0.0488641
0.0481467
0.0474555
0.0467949
0.0461719
0.0455959
0.0450807
0.0446453
0.0443163
0.0441294
0.961692
0.892184
0.829084
0.771727
0.719523
0.671944
0.628523
0.588843
0.552532
0.519258
0.488725
0.460668
0.434851
0.411062
0.389111
0.368829
0.350064
0.332678
0.316549
0.301566
0.287629
0.274649
0.262545
0.251243
0.240677
0.230788
0.221522
0.212828
0.204662
0.196985
0.189757
0.182947
0.176523
0.170456
0.164722
0.159297
0.15416
0.149289
0.144668
0.14028
0.136109
0.132142
0.128364
0.124765
0.121332
0.118056
0.114928
0.111938
0.109078
0.10634
0.103718
0.101205
0.0987949
0.0964817
0.0942601
0.0921254
0.0900727
0.0880979
0.0861966
0.0843653
0.0826002
0.080898
0.0792556
0.0776699
0.0761382
0.0746577
0.0732261
0.0718409
0.0705
0.0692011
0.0679423
0.0667217
0.0655375
0.0643879
0.0632714
0.0621863
0.0611312
0.0601047
0.0591053
0.058132
0.0571834
0.0562584
0.0553559
0.0544752
0.0536152
0.0527754
0.0519553
0.0511545
0.0503732
0.0496119
0.0488717
0.0481545
0.0474635
0.0468031
0.0461801
0.0456043
0.0450891
0.0446538
0.0443248
0.0441378
0.961692
0.892184
0.829084
0.771727
0.719523
0.671944
0.628523
0.588843
0.552532
0.519258
0.488725
0.460668
0.434851
0.411062
0.389111
0.368829
0.350064
0.332678
0.316549
0.301566
0.287629
0.274649
0.262545
0.251243
0.240678
0.230789
0.221522
0.212828
0.204663
0.196985
0.189758
0.182948
0.176523
0.170457
0.164723
0.159298
0.15416
0.14929
0.144669
0.140281
0.13611
0.132143
0.128365
0.124766
0.121334
0.118058
0.114929
0.111939
0.109079
0.106342
0.10372
0.101207
0.0987969
0.0964837
0.0942623
0.0921276
0.090075
0.0881002
0.0861991
0.0843679
0.0826029
0.0809008
0.0792585
0.0776729
0.0761413
0.0746609
0.0732294
0.0718444
0.0705035
0.0692048
0.0679461
0.0667257
0.0655416
0.0643922
0.0632758
0.0621908
0.0611359
0.0601095
0.0591104
0.0581372
0.0571887
0.0562639
0.0553617
0.0544812
0.0536214
0.0527818
0.0519619
0.0511613
0.0503802
0.0496191
0.0488791
0.0481621
0.0474712
0.046811
0.0461882
0.0456124
0.0450973
0.044662
0.044333
0.044146
0.961692
0.892184
0.829084
0.771727
0.719523
0.671944
0.628523
0.588843
0.552532
0.519258
0.488725
0.460668
0.434851
0.411062
0.389111
0.368829
0.350064
0.332678
0.316549
0.301566
0.287629
0.274649
0.262545
0.251243
0.240678
0.230789
0.221523
0.212829
0.204663
0.196986
0.189758
0.182948
0.176524
0.170458
0.164724
0.159299
0.154161
0.149291
0.14467
0.140282
0.136111
0.132144
0.128366
0.124767
0.121335
0.118059
0.114931
0.111941
0.109081
0.106344
0.103722
0.101209
0.0987988
0.0964857
0.0942643
0.0921297
0.0900773
0.0881026
0.0862015
0.0843704
0.0826055
0.0809035
0.0792612
0.0776758
0.0761442
0.074664
0.0732326
0.0718477
0.070507
0.0692084
0.0679498
0.0667295
0.0655455
0.0643963
0.06328
0.0621952
0.0611404
0.0601142
0.0591152
0.0581422
0.057194
0.0562693
0.0553673
0.0544869
0.0536274
0.052788
0.0519682
0.0511679
0.050387
0.0496261
0.0488863
0.0481695
0.0474788
0.0468187
0.046196
0.0456203
0.0451053
0.0446701
0.044341
0.044154
0.961692
0.892184
0.829084
0.771727
0.719523
0.671944
0.628523
0.588843
0.552532
0.519258
0.488725
0.460668
0.434851
0.411062
0.389111
0.36883
0.350064
0.332678
0.316549
0.301566
0.28763
0.27465
0.262545
0.251244
0.240678
0.23079
0.221523
0.212829
0.204664
0.196986
0.189759
0.182949
0.176525
0.170458
0.164725
0.1593
0.154162
0.149292
0.144671
0.140283
0.136112
0.132145
0.128368
0.124768
0.121336
0.118061
0.114932
0.111942
0.109083
0.106345
0.103724
0.101211
0.0988006
0.0964876
0.0942663
0.0921318
0.0900794
0.0881048
0.0862038
0.0843728
0.082608
0.0809061
0.0792639
0.0776786
0.0761471
0.074667
0.0732357
0.0718509
0.0705103
0.0692118
0.0679534
0.0667332
0.0655494
0.0644002
0.0632841
0.0621995
0.0611448
0.0601188
0.05912
0.0581471
0.057199
0.0562746
0.0553727
0.0544925
0.0536332
0.052794
0.0519744
0.0511743
0.0503936
0.0496329
0.0488933
0.0481766
0.0474861
0.0468261
0.0462036
0.045628
0.045113
0.0446778
0.0443488
0.0441618
0.961692
0.892184
0.829084
0.771727
0.719522
0.671944
0.628523
0.588843
0.552532
0.519258
0.488725
0.460668
0.434851
0.411062
0.389111
0.36883
0.350064
0.332679
0.316549
0.301566
0.28763
0.27465
0.262546
0.251244
0.240679
0.23079
0.221523
0.21283
0.204664
0.196987
0.189759
0.182949
0.176525
0.170459
0.164725
0.1593
0.154163
0.149293
0.144672
0.140284
0.136113
0.132146
0.128369
0.12477
0.121337
0.118062
0.114934
0.111944
0.109084
0.106347
0.103725
0.101212
0.0988023
0.0964894
0.0942682
0.0921338
0.0900815
0.0881069
0.0862061
0.0843751
0.0826104
0.0809086
0.0792665
0.0776812
0.0761499
0.0746699
0.0732387
0.071854
0.0705135
0.0692151
0.0679568
0.0667367
0.065553
0.064404
0.0632881
0.0622036
0.0611491
0.0601231
0.0591245
0.0581518
0.0572039
0.0562796
0.0553779
0.0544979
0.0536387
0.0527997
0.0519804
0.0511804
0.0503999
0.0496394
0.0489
0.0481835
0.0474931
0.0468333
0.0462109
0.0456354
0.0451205
0.0446853
0.0443563
0.0441692
0.961692
0.892184
0.829084
0.771727
0.719522
0.671944
0.628523
0.588843
0.552532
0.519258
0.488725
0.460668
0.434851
0.411062
0.389111
0.36883
0.350064
0.332679
0.31655
0.301567
0.28763
0.27465
0.262546
0.251244
0.240679
0.23079
0.221524
0.21283
0.204665
0.196987
0.18976
0.18295
0.176526
0.17046
0.164726
0.159301
0.154164
0.149294
0.144673
0.140285
0.136114
0.132147
0.12837
0.124771
0.121339
0.118063
0.114935
0.111945
0.109085
0.106348
0.103727
0.101214
0.098804
0.0964912
0.09427
0.0921357
0.0900835
0.088109
0.0862082
0.0843773
0.0826127
0.080911
0.079269
0.0776838
0.0761526
0.0746727
0.0732416
0.071857
0.0705166
0.0692183
0.0679601
0.0667401
0.0655566
0.0644077
0.0632918
0.0622075
0.0611531
0.0601273
0.0591288
0.0581563
0.0572085
0.0562844
0.0553829
0.0545031
0.0536441
0.0528053
0.0519861
0.0511863
0.050406
0.0496457
0.0489064
0.0481901
0.0474999
0.0468402
0.0462179
0.0456425
0.0451276
0.0446925
0.0443635
0.0441764
0.961692
0.892184
0.829084
0.771727
0.719522
0.671944
0.628523
0.588843
0.552532
0.519258
0.488725
0.460668
0.434851
0.411062
0.389111
0.36883
0.350064
0.332679
0.31655
0.301567
0.28763
0.27465
0.262546
0.251244
0.240679
0.23079
0.221524
0.21283
0.204665
0.196987
0.18976
0.18295
0.176526
0.17046
0.164727
0.159302
0.154164
0.149294
0.144674
0.140286
0.136115
0.132148
0.128371
0.124772
0.12134
0.118064
0.114936
0.111946
0.109087
0.10635
0.103728
0.101216
0.0988056
0.0964928
0.0942718
0.0921375
0.0900853
0.088111
0.0862102
0.0843794
0.0826149
0.0809132
0.0792714
0.0776863
0.0761551
0.0746753
0.0732443
0.0718598
0.0705195
0.0692213
0.0679632
0.0667434
0.0655599
0.0644112
0.0632954
0.0622112
0.061157
0.0601313
0.059133
0.0581606
0.0572129
0.056289
0.0553877
0.054508
0.0536492
0.0528105
0.0519915
0.0511919
0.0504118
0.0496516
0.0489126
0.0481964
0.0475063
0.0468468
0.0462246
0.0456493
0.0451345
0.0446994
0.0443703
0.0441833
0.961692
0.892184
0.829084
0.771727
0.719522
0.671944
0.628523
0.588843
0.552532
0.519258
0.488725
0.460668
0.434851
0.411062
0.389111
0.36883
0.350064
0.332679
0.31655
0.301567
0.28763
0.27465
0.262546
0.251245
0.240679
0.230791
0.221524
0.212831
0.204665
0.196988
0.189761
0.182951
0.176527
0.170461
0.164727
0.159302
0.154165
0.149295
0.144675
0.140287
0.136116
0.132149
0.128372
0.124773
0.121341
0.118065
0.114937
0.111948
0.109088
0.106351
0.10373
0.101217
0.0988072
0.0964944
0.0942734
0.0921392
0.0900871
0.0881128
0.0862122
0.0843814
0.082617
0.0809154
0.0792736
0.0776886
0.0761575
0.0746778
0.0732469
0.0718625
0.0705223
0.0692242
0.0679662
0.0667465
0.0655631
0.0644145
0.0632988
0.0622147
0.0611606
0.0601351
0.0591369
0.0581646
0.0572172
0.0562934
0.0553922
0.0545127
0.053654
0.0528155
0.0519967
0.0511973
0.0504173
0.0496573
0.0489184
0.0482024
0.0475125
0.0468531
0.046231
0.0456557
0.045141
0.0447059
0.0443769
0.0441898
0.961692
0.892184
0.829084
0.771727
0.719522
0.671944
0.628523
0.588843
0.552532
0.519258
0.488725
0.460668
0.434851
0.411062
0.389111
0.36883
0.350065
0.332679
0.31655
0.301567
0.28763
0.274651
0.262546
0.251245
0.24068
0.230791
0.221525
0.212831
0.204666
0.196988
0.189761
0.182951
0.176527
0.170461
0.164728
0.159303
0.154166
0.149296
0.144675
0.140287
0.136117
0.13215
0.128373
0.124774
0.121342
0.118066
0.114938
0.111949
0.109089
0.106352
0.103731
0.101218
0.0988086
0.0964959
0.094275
0.0921409
0.0900888
0.0881146
0.086214
0.0843833
0.0826189
0.0809174
0.0792757
0.0776908
0.0761598
0.0746802
0.0732493
0.071865
0.0705249
0.0692269
0.067969
0.0667494
0.0655661
0.0644176
0.0633021
0.0622181
0.0611641
0.0601387
0.0591406
0.0581685
0.0572212
0.0562975
0.0553965
0.0545171
0.0536586
0.0528203
0.0520016
0.0512024
0.0504226
0.0496627
0.0489239
0.0482081
0.0475183
0.046859
0.046237
0.0456619
0.0451472
0.0447121
0.0443831
0.044196
0.961692
0.892184
0.829084
0.771727
0.719522
0.671944
0.628523
0.588843
0.552532
0.519258
0.488725
0.460668
0.434851
0.411062
0.389111
0.36883
0.350065
0.332679
0.31655
0.301567
0.287631
0.274651
0.262547
0.251245
0.24068
0.230791
0.221525
0.212831
0.204666
0.196989
0.189762
0.182952
0.176528
0.170462
0.164728
0.159304
0.154166
0.149296
0.144676
0.140288
0.136118
0.132151
0.128373
0.124775
0.121343
0.118067
0.114939
0.11195
0.10909
0.106354
0.103732
0.10122
0.0988099
0.0964973
0.0942765
0.0921424
0.0900904
0.0881162
0.0862157
0.0843851
0.0826208
0.0809194
0.0792777
0.0776928
0.076162
0.0746824
0.0732516
0.0718674
0.0705274
0.0692295
0.0679717
0.0667521
0.065569
0.0644205
0.0633051
0.0622212
0.0611674
0.0601421
0.0591441
0.0581721
0.0572249
0.0563014
0.0554005
0.0545213
0.0536629
0.0528247
0.0520062
0.0512071
0.0504275
0.0496678
0.0489292
0.0482135
0.0475238
0.0468646
0.0462427
0.0456676
0.045153
0.044718
0.044389
0.0442019
0.961692
0.892184
0.829084
0.771727
0.719522
0.671944
0.628523
0.588843
0.552532
0.519258
0.488725
0.460668
0.434851
0.411062
0.389112
0.36883
0.350065
0.332679
0.31655
0.301567
0.287631
0.274651
0.262547
0.251245
0.24068
0.230791
0.221525
0.212832
0.204666
0.196989
0.189762
0.182952
0.176528
0.170462
0.164729
0.159304
0.154167
0.149297
0.144677
0.140289
0.136118
0.132151
0.128374
0.124775
0.121344
0.118068
0.11494
0.111951
0.109091
0.106355
0.103733
0.101221
0.0988112
0.0964987
0.0942778
0.0921438
0.0900919
0.0881178
0.0862173
0.0843868
0.0826225
0.0809212
0.0792796
0.0776948
0.076164
0.0746845
0.0732538
0.0718696
0.0705297
0.0692318
0.0679742
0.0667547
0.0655716
0.0644233
0.063308
0.0622242
0.0611704
0.0601453
0.0591474
0.0581755
0.0572284
0.056305
0.0554043
0.0545252
0.053667
0.0528289
0.0520106
0.0512116
0.0504321
0.0496726
0.0489341
0.0482185
0.0475289
0.0468699
0.0462481
0.0456731
0.0451585
0.0447235
0.0443945
0.0442073
0.961692
0.892184
0.829084
0.771727
0.719522
0.671944
0.628523
0.588843
0.552532
0.519258
0.488725
0.460668
0.434851
0.411062
0.389112
0.36883
0.350065
0.332679
0.31655
0.301567
0.287631
0.274651
0.262547
0.251245
0.24068
0.230792
0.221525
0.212832
0.204667
0.196989
0.189762
0.182952
0.176529
0.170463
0.164729
0.159305
0.154167
0.149298
0.144677
0.140289
0.136119
0.132152
0.128375
0.124776
0.121344
0.118069
0.114941
0.111952
0.109092
0.106356
0.103734
0.101222
0.0988124
0.0964999
0.0942791
0.0921451
0.0900933
0.0881192
0.0862188
0.0843883
0.0826241
0.0809228
0.0792813
0.0776966
0.0761658
0.0746864
0.0732558
0.0718717
0.0705318
0.0692341
0.0679764
0.0667571
0.0655741
0.0644258
0.0633106
0.0622269
0.0611732
0.0601482
0.0591504
0.0581786
0.0572317
0.0563084
0.0554078
0.0545288
0.0536707
0.0528328
0.0520146
0.0512157
0.0504364
0.049677
0.0489386
0.0482232
0.0475337
0.0468748
0.046253
0.0456781
0.0451636
0.0447286
0.0443996
0.0442125
0.961692
0.892184
0.829084
0.771727
0.719522
0.671944
0.628523
0.588843
0.552532
0.519258
0.488725
0.460668
0.434851
0.411062
0.389112
0.36883
0.350065
0.332679
0.31655
0.301567
0.287631
0.274651
0.262547
0.251246
0.24068
0.230792
0.221525
0.212832
0.204667
0.19699
0.189763
0.182953
0.176529
0.170463
0.16473
0.159305
0.154168
0.149298
0.144678
0.14029
0.13612
0.132153
0.128376
0.124777
0.121345
0.11807
0.114942
0.111953
0.109093
0.106357
0.103735
0.101223
0.0988135
0.096501
0.0942803
0.0921464
0.0900946
0.0881205
0.0862202
0.0843897
0.0826256
0.0809244
0.0792829
0.0776982
0.0761675
0.0746882
0.0732576
0.0718736
0.0705338
0.0692361
0.0679786
0.0667592
0.0655764
0.0644282
0.063313
0.0622294
0.0611758
0.0601509
0.0591532
0.0581815
0.0572347
0.0563115
0.055411
0.0545322
0.0536742
0.0528364
0.0520183
0.0512196
0.0504403
0.0496811
0.0489428
0.0482275
0.0475382
0.0468793
0.0462576
0.0456828
0.0451683
0.0447333
0.0444043
0.0442172
0.961692
0.892184
0.829084
0.771727
0.719522
0.671944
0.628523
0.588843
0.552532
0.519258
0.488725
0.460668
0.434851
0.411062
0.389112
0.36883
0.350065
0.332679
0.31655
0.301567
0.287631
0.274651
0.262547
0.251246
0.240681
0.230792
0.221526
0.212832
0.204667
0.19699
0.189763
0.182953
0.176529
0.170463
0.16473
0.159305
0.154168
0.149298
0.144678
0.140291
0.13612
0.132153
0.128376
0.124778
0.121346
0.118071
0.114943
0.111953
0.109094
0.106357
0.103736
0.101224
0.0988144
0.096502
0.0942814
0.0921475
0.0900957
0.0881217
0.0862214
0.084391
0.0826269
0.0809258
0.0792844
0.0776997
0.0761691
0.0746898
0.0732593
0.0718753
0.0705356
0.069238
0.0679805
0.0667612
0.0655784
0.0644303
0.0633153
0.0622317
0.0611782
0.0601534
0.0591558
0.0581842
0.0572374
0.0563144
0.0554139
0.0545352
0.0536774
0.0528397
0.0520217
0.0512231
0.050444
0.0496848
0.0489467
0.0482315
0.0475422
0.0468834
0.0462619
0.045687
0.0451726
0.0447377
0.0444087
0.0442215
0.961692
0.892184
0.829084
0.771727
0.719522
0.671944
0.628523
0.588843
0.552532
0.519258
0.488725
0.460668
0.434851
0.411062
0.389112
0.36883
0.350065
0.332679
0.31655
0.301567
0.287631
0.274651
0.262547
0.251246
0.240681
0.230792
0.221526
0.212832
0.204667
0.19699
0.189763
0.182953
0.176529
0.170464
0.16473
0.159306
0.154169
0.149299
0.144679
0.140291
0.136121
0.132154
0.128377
0.124778
0.121346
0.118071
0.114944
0.111954
0.109095
0.106358
0.103737
0.101225
0.0988153
0.096503
0.0942823
0.0921485
0.0900968
0.0881228
0.0862226
0.0843922
0.0826282
0.080927
0.0792857
0.0777011
0.0761705
0.0746912
0.0732608
0.0718769
0.0705372
0.0692397
0.0679822
0.0667631
0.0655803
0.0644322
0.0633173
0.0622338
0.0611804
0.0601556
0.0591581
0.0581866
0.0572399
0.0563169
0.0554166
0.054538
0.0536802
0.0528426
0.0520248
0.0512263
0.0504473
0.0496882
0.0489502
0.048235
0.0475459
0.0468872
0.0462657
0.0456909
0.0451765
0.0447416
0.0444126
0.0442254
0.961692
0.892184
0.829084
0.771727
0.719522
0.671944
0.628523
0.588843
0.552532
0.519258
0.488725
0.460668
0.434851
0.411062
0.389112
0.36883
0.350065
0.332679
0.31655
0.301568
0.287631
0.274651
0.262547
0.251246
0.240681
0.230792
0.221526
0.212833
0.204668
0.19699
0.189763
0.182954
0.17653
0.170464
0.164731
0.159306
0.154169
0.149299
0.144679
0.140291
0.136121
0.132154
0.128377
0.124779
0.121347
0.118072
0.114944
0.111955
0.109096
0.106359
0.103738
0.101226
0.0988161
0.0965038
0.0942832
0.0921494
0.0900977
0.0881238
0.0862236
0.0843933
0.0826293
0.0809282
0.0792868
0.0777023
0.0761718
0.0746925
0.0732622
0.0718783
0.0705387
0.0692412
0.0679838
0.0667647
0.065582
0.064434
0.0633191
0.0622357
0.0611823
0.0601576
0.0591602
0.0581887
0.0572421
0.0563192
0.055419
0.0545404
0.0536828
0.0528453
0.0520275
0.0512291
0.0504502
0.0496912
0.0489533
0.0482383
0.0475492
0.0468906
0.0462691
0.0456944
0.04518
0.0447451
0.0444161
0.0442289
0.961692
0.892184
0.829084
0.771727
0.719522
0.671944
0.628523
0.588843
0.552532
0.519258
0.488725
0.460668
0.434851
0.411062
0.389112
0.36883
0.350065
0.332679
0.31655
0.301568
0.287631
0.274651
0.262547
0.251246
0.240681
0.230792
0.221526
0.212833
0.204668
0.19699
0.189764
0.182954
0.17653
0.170464
0.164731
0.159306
0.154169
0.1493
0.144679
0.140292
0.136122
0.132155
0.128378
0.124779
0.121347
0.118072
0.114945
0.111955
0.109096
0.10636
0.103738
0.101226
0.0988168
0.0965045
0.0942839
0.0921502
0.0900985
0.0881246
0.0862245
0.0843942
0.0826302
0.0809292
0.0792879
0.0777034
0.0761729
0.0746937
0.0732634
0.0718795
0.0705399
0.0692425
0.0679852
0.0667661
0.0655834
0.0644355
0.0633206
0.0622373
0.061184
0.0601593
0.059162
0.0581906
0.0572441
0.0563213
0.0554211
0.0545426
0.053685
0.0528476
0.0520299
0.0512316
0.0504528
0.0496939
0.048956
0.0482411
0.0475521
0.0468935
0.0462721
0.0456974
0.0451831
0.0447482
0.0444192
0.044232
0.961692
0.892184
0.829084
0.771727
0.719522
0.671944
0.628523
0.588843
0.552532
0.519258
0.488725
0.460668
0.434851
0.411062
0.389112
0.36883
0.350065
0.332679
0.31655
0.301568
0.287631
0.274652
0.262548
0.251246
0.240681
0.230793
0.221526
0.212833
0.204668
0.196991
0.189764
0.182954
0.17653
0.170465
0.164731
0.159307
0.15417
0.1493
0.14468
0.140292
0.136122
0.132155
0.128378
0.124779
0.121348
0.118073
0.114945
0.111956
0.109097
0.10636
0.103739
0.101227
0.0988174
0.0965051
0.0942846
0.0921508
0.0900992
0.0881254
0.0862252
0.084395
0.082631
0.08093
0.0792887
0.0777043
0.0761738
0.0746947
0.0732644
0.0718806
0.070541
0.0692436
0.0679863
0.0667673
0.0655847
0.0644368
0.063322
0.0622387
0.0611854
0.0601608
0.0591635
0.0581922
0.0572458
0.056323
0.0554229
0.0545445
0.053687
0.0528496
0.052032
0.0512338
0.050455
0.0496962
0.0489584
0.0482435
0.0475546
0.0468961
0.0462747
0.0457001
0.0451858
0.0447509
0.0444219
0.0442347
0.961692
0.892184
0.829084
0.771727
0.719522
0.671944
0.628523
0.588843
0.552532
0.519258
0.488725
0.460668
0.434851
0.411062
0.389112
0.36883
0.350065
0.332679
0.316551
0.301568
0.287631
0.274652
0.262548
0.251246
0.240681
0.230793
0.221526
0.212833
0.204668
0.196991
0.189764
0.182954
0.17653
0.170465
0.164731
0.159307
0.15417
0.1493
0.14468
0.140292
0.136122
0.132155
0.128378
0.12478
0.121348
0.118073
0.114946
0.111956
0.109097
0.106361
0.103739
0.101227
0.0988179
0.0965056
0.0942851
0.0921514
0.0900998
0.088126
0.0862259
0.0843956
0.0826317
0.0809307
0.0792895
0.077705
0.0761746
0.0746955
0.0732652
0.0718815
0.0705419
0.0692445
0.0679873
0.0667683
0.0655857
0.0644379
0.0633231
0.0622399
0.0611867
0.0601621
0.0591648
0.0581936
0.0572472
0.0563244
0.0554244
0.054546
0.0536886
0.0528513
0.0520337
0.0512356
0.0504569
0.0496981
0.0489604
0.0482456
0.0475566
0.0468982
0.0462769
0.0457023
0.045188
0.0447531
0.0444242
0.044237
0.961692
0.892184
0.829084
0.771727
0.719522
0.671944
0.628523
0.588843
0.552532
0.519258
0.488725
0.460668
0.434851
0.411062
0.389112
0.36883
0.350065
0.332679
0.316551
0.301568
0.287631
0.274652
0.262548
0.251246
0.240681
0.230793
0.221526
0.212833
0.204668
0.196991
0.189764
0.182954
0.17653
0.170465
0.164732
0.159307
0.15417
0.1493
0.14468
0.140293
0.136122
0.132155
0.128379
0.12478
0.121348
0.118074
0.114946
0.111957
0.109097
0.106361
0.10374
0.101228
0.0988183
0.0965061
0.0942856
0.0921519
0.0901003
0.0881265
0.0862264
0.0843962
0.0826322
0.0809313
0.0792901
0.0777057
0.0761752
0.0746961
0.0732659
0.0718822
0.0705427
0.0692453
0.0679881
0.0667691
0.0655866
0.0644387
0.063324
0.0622408
0.0611876
0.0601631
0.0591659
0.0581947
0.0572483
0.0563256
0.0554256
0.0545473
0.0536899
0.0528527
0.0520351
0.051237
0.0504584
0.0496997
0.048962
0.0482472
0.0475583
0.0468999
0.0462787
0.0457041
0.0451898
0.044755
0.044426
0.0442388
0.961692
0.892184
0.829084
0.771727
0.719522
0.671944
0.628523
0.588843
0.552532
0.519258
0.488725
0.460668
0.434851
0.411062
0.389112
0.36883
0.350065
0.332679
0.316551
0.301568
0.287631
0.274652
0.262548
0.251246
0.240681
0.230793
0.221526
0.212833
0.204668
0.196991
0.189764
0.182954
0.176531
0.170465
0.164732
0.159307
0.15417
0.1493
0.14468
0.140293
0.136123
0.132156
0.128379
0.12478
0.121349
0.118074
0.114946
0.111957
0.109098
0.106361
0.10374
0.101228
0.0988186
0.0965064
0.0942859
0.0921522
0.0901006
0.0881268
0.0862267
0.0843966
0.0826327
0.0809317
0.0792905
0.0777061
0.0761757
0.0746966
0.0732664
0.0718827
0.0705432
0.0692459
0.0679887
0.0667697
0.0655872
0.0644394
0.0633247
0.0622415
0.0611883
0.0601638
0.0591666
0.0581955
0.0572491
0.0563265
0.0554265
0.0545482
0.0536909
0.0528537
0.0520362
0.0512381
0.0504595
0.0497008
0.0489632
0.0482485
0.0475596
0.0469012
0.04628
0.0457055
0.0451912
0.0447563
0.0444274
0.0442401
0.961692
0.892184
0.829084
0.771727
0.719522
0.671944
0.628523
0.588843
0.552532
0.519258
0.488725
0.460668
0.434851
0.411062
0.389112
0.36883
0.350065
0.332679
0.316551
0.301568
0.287631
0.274652
0.262548
0.251246
0.240681
0.230793
0.221527
0.212833
0.204668
0.196991
0.189764
0.182954
0.176531
0.170465
0.164732
0.159307
0.15417
0.149301
0.14468
0.140293
0.136123
0.132156
0.128379
0.12478
0.121349
0.118074
0.114946
0.111957
0.109098
0.106361
0.10374
0.101228
0.0988188
0.0965066
0.0942861
0.0921524
0.0901008
0.0881271
0.086227
0.0843968
0.0826329
0.080932
0.0792908
0.0777064
0.076176
0.074697
0.0732667
0.071883
0.0705436
0.0692462
0.0679891
0.0667701
0.0655876
0.0644398
0.0633251
0.062242
0.0611888
0.0601643
0.0591672
0.058196
0.0572497
0.0563271
0.0554271
0.0545489
0.0536915
0.0528544
0.0520369
0.0512388
0.0504603
0.0497016
0.048964
0.0482493
0.0475605
0.0469021
0.0462809
0.0457064
0.0451921
0.0447573
0.0444283
0.0442411
0.961692
0.892184
0.829084
0.771727
0.719522
0.671944
0.628523
0.588843
0.552532
0.519258
0.488725
0.460668
0.434851
0.411062
0.389112
0.36883
0.350065
0.332679
0.316551
0.301568
0.287631
0.274652
0.262548
0.251246
0.240681
0.230793
0.221527
0.212833
0.204668
0.196991
0.189764
0.182954
0.176531
0.170465
0.164732
0.159307
0.15417
0.149301
0.14468
0.140293
0.136123
0.132156
0.128379
0.12478
0.121349
0.118074
0.114946
0.111957
0.109098
0.106361
0.10374
0.101228
0.0988189
0.0965067
0.0942862
0.0921525
0.090101
0.0881272
0.0862271
0.0843969
0.0826331
0.0809321
0.0792909
0.0777066
0.0761762
0.0746971
0.0732669
0.0718832
0.0705437
0.0692464
0.0679892
0.0667703
0.0655878
0.06444
0.0633253
0.0622422
0.0611891
0.0601646
0.0591674
0.0581963
0.05725
0.0563274
0.0554274
0.0545492
0.0536919
0.0528547
0.0520373
0.0512392
0.0504607
0.049702
0.0489644
0.0482498
0.047561
0.0469026
0.0462814
0.0457069
0.0451927
0.0447578
0.0444288
0.0442416
0.961692
0.892184
0.829084
0.771727
0.719522
0.671944
0.628523
0.588843
0.552532
0.519258
0.488725
0.460668
0.434851
0.411062
0.389112
0.36883
0.350065
0.332679
0.316551
0.301568
0.287631
0.274652
0.262548
0.251246
0.240681
0.230793
0.221527
0.212833
0.204668
0.196991
0.189764
0.182954
0.176531
0.170465
0.164732
0.159307
0.15417
0.149301
0.14468
0.140293
0.136123
0.132156
0.128379
0.12478
0.121349
0.118074
0.114946
0.111957
0.109098
0.106361
0.10374
0.101228
0.0988189
0.0965067
0.0942862
0.0921525
0.090101
0.0881272
0.0862271
0.0843969
0.082633
0.0809321
0.0792909
0.0777065
0.0761761
0.0746971
0.0732669
0.0718832
0.0705437
0.0692464
0.0679892
0.0667703
0.0655878
0.06444
0.0633253
0.0622422
0.0611891
0.0601646
0.0591674
0.0581963
0.05725
0.0563274
0.0554274
0.0545492
0.0536919
0.0528547
0.0520373
0.0512393
0.0504607
0.0497021
0.0489645
0.0482498
0.047561
0.0469027
0.0462815
0.0457069
0.0451927
0.0447579
0.0444289
0.0442417
0.961692
0.892184
0.829084
0.771727
0.719522
0.671944
0.628523
0.588843
0.552532
0.519258
0.488725
0.460668
0.434851
0.411062
0.389112
0.36883
0.350065
0.332679
0.316551
0.301568
0.287631
0.274652
0.262548
0.251246
0.240681
0.230793
0.221527
0.212833
0.204668
0.196991
0.189764
0.182954
0.176531
0.170465
0.164732
0.159307
0.15417
0.149301
0.14468
0.140293
0.136123
0.132156
0.128379
0.12478
0.121349
0.118074
0.114946
0.111957
0.109098
0.106361
0.10374
0.101228
0.0988188
0.0965066
0.0942861
0.0921524
0.0901008
0.088127
0.086227
0.0843968
0.0826329
0.0809319
0.0792908
0.0777064
0.076176
0.0746969
0.0732667
0.071883
0.0705435
0.0692462
0.067989
0.0667701
0.0655876
0.0644398
0.0633251
0.0622419
0.0611888
0.0601643
0.0591672
0.058196
0.0572497
0.0563271
0.0554271
0.0545489
0.0536916
0.0528544
0.052037
0.0512389
0.0504604
0.0497017
0.0489641
0.0482495
0.0475607
0.0469023
0.0462811
0.0457066
0.0451924
0.0447575
0.0444285
0.0442413
0.961692
0.892184
0.829084
0.771727
0.719522
0.671944
0.628523
0.588843
0.552532
0.519258
0.488725
0.460668
0.434851
0.411062
0.389112
0.36883
0.350065
0.332679
0.316551
0.301568
0.287631
0.274652
0.262548
0.251246
0.240681
0.230793
0.221526
0.212833
0.204668
0.196991
0.189764
0.182954
0.176531
0.170465
0.164732
0.159307
0.15417
0.1493
0.14468
0.140293
0.136123
0.132156
0.128379
0.12478
0.121349
0.118074
0.114946
0.111957
0.109098
0.106361
0.10374
0.101228
0.0988186
0.0965063
0.0942859
0.0921522
0.0901006
0.0881268
0.0862267
0.0843965
0.0826326
0.0809316
0.0792905
0.0777061
0.0761756
0.0746966
0.0732664
0.0718826
0.0705431
0.0692458
0.0679886
0.0667697
0.0655871
0.0644393
0.0633246
0.0622415
0.0611883
0.0601638
0.0591666
0.0581955
0.0572491
0.0563265
0.0554265
0.0545483
0.0536909
0.0528538
0.0520363
0.0512382
0.0504597
0.049701
0.0489634
0.0482487
0.0475599
0.0469016
0.0462803
0.0457058
0.0451916
0.0447567
0.0444277
0.0442405
0.961692
0.892184
0.829084
0.771727
0.719522
0.671944
0.628523
0.588843
0.552532
0.519258
0.488725
0.460668
0.434851
0.411062
0.389112
0.36883
0.350065
0.332679
0.316551
0.301568
0.287631
0.274652
0.262548
0.251246
0.240681
0.230793
0.221526
0.212833
0.204668
0.196991
0.189764
0.182954
0.17653
0.170465
0.164732
0.159307
0.15417
0.1493
0.14468
0.140293
0.136122
0.132155
0.128379
0.12478
0.121348
0.118074
0.114946
0.111957
0.109097
0.106361
0.10374
0.101228
0.0988183
0.096506
0.0942855
0.0921518
0.0901002
0.0881264
0.0862263
0.0843961
0.0826322
0.0809312
0.07929
0.0777056
0.0761752
0.0746961
0.0732658
0.0718821
0.0705426
0.0692452
0.067988
0.066769
0.0655865
0.0644387
0.0633239
0.0622407
0.0611876
0.0601631
0.0591658
0.0581947
0.0572483
0.0563256
0.0554256
0.0545474
0.05369
0.0528528
0.0520353
0.0512372
0.0504586
0.0496999
0.0489623
0.0482476
0.0475587
0.0469004
0.0462791
0.0457046
0.0451903
0.0447555
0.0444265
0.0442393
0.961692
0.892184
0.829084
0.771727
0.719522
0.671944
0.628523
0.588843
0.552532
0.519258
0.488725
0.460668
0.434851
0.411062
0.389112
0.36883
0.350065
0.332679
0.316551
0.301568
0.287631
0.274652
0.262548
0.251246
0.240681
0.230793
0.221526
0.212833
0.204668
0.196991
0.189764
0.182954
0.17653
0.170465
0.164731
0.159307
0.15417
0.1493
0.14468
0.140292
0.136122
0.132155
0.128378
0.12478
0.121348
0.118073
0.114946
0.111956
0.109097
0.10636
0.103739
0.101227
0.0988179
0.0965056
0.0942851
0.0921513
0.0900997
0.0881259
0.0862258
0.0843956
0.0826316
0.0809306
0.0792894
0.077705
0.0761745
0.0746954
0.0732651
0.0718814
0.0705418
0.0692445
0.0679872
0.0667682
0.0655856
0.0644378
0.063323
0.0622398
0.0611866
0.060162
0.0591648
0.0581936
0.0572472
0.0563245
0.0554245
0.0545461
0.0536887
0.0528515
0.0520339
0.0512358
0.0504572
0.0496985
0.0489608
0.048246
0.0475572
0.0468988
0.0462775
0.0457029
0.0451887
0.0447538
0.0444248
0.0442376
0.961692
0.892184
0.829084
0.771727
0.719522
0.671944
0.628523
0.588843
0.552532
0.519258
0.488725
0.460668
0.434851
0.411062
0.389112
0.36883
0.350065
0.332679
0.31655
0.301568
0.287631
0.274652
0.262548
0.251246
0.240681
0.230793
0.221526
0.212833
0.204668
0.196991
0.189764
0.182954
0.17653
0.170464
0.164731
0.159307
0.154169
0.1493
0.14468
0.140292
0.136122
0.132155
0.128378
0.124779
0.121348
0.118073
0.114945
0.111956
0.109097
0.10636
0.103739
0.101227
0.0988174
0.0965051
0.0942845
0.0921508
0.0900991
0.0881253
0.0862251
0.0843949
0.0826309
0.0809299
0.0792886
0.0777042
0.0761737
0.0746946
0.0732643
0.0718805
0.0705409
0.0692435
0.0679862
0.0667672
0.0655846
0.0644367
0.0633219
0.0622386
0.0611854
0.0601608
0.0591635
0.0581922
0.0572458
0.056323
0.055423
0.0545446
0.0536871
0.0528499
0.0520323
0.0512341
0.0504554
0.0496966
0.0489589
0.0482441
0.0475552
0.0468968
0.0462755
0.0457009
0.0451866
0.0447517
0.0444227
0.0442355
0.961692
0.892184
0.829084
0.771727
0.719522
0.671944
0.628523
0.588843
0.552532
0.519258
0.488725
0.460668
0.434851
0.411062
0.389112
0.36883
0.350065
0.332679
0.31655
0.301568
0.287631
0.274651
0.262547
0.251246
0.240681
0.230792
0.221526
0.212833
0.204668
0.19699
0.189764
0.182954
0.17653
0.170464
0.164731
0.159306
0.154169
0.1493
0.144679
0.140292
0.136122
0.132155
0.128378
0.124779
0.121347
0.118072
0.114945
0.111955
0.109096
0.106359
0.103738
0.101226
0.0988167
0.0965044
0.0942839
0.0921501
0.0900984
0.0881245
0.0862244
0.0843941
0.0826301
0.080929
0.0792877
0.0777032
0.0761727
0.0746936
0.0732632
0.0718794
0.0705398
0.0692423
0.067985
0.066766
0.0655833
0.0644354
0.0633205
0.0622372
0.0611839
0.0601593
0.0591619
0.0581906
0.0572441
0.0563213
0.0554212
0.0545428
0.0536852
0.0528479
0.0520302
0.051232
0.0504532
0.0496944
0.0489567
0.0482418
0.0475528
0.0468944
0.046273
0.0456984
0.0451841
0.0447492
0.0444202
0.044233
0.961692
0.892184
0.829084
0.771727
0.719522
0.671944
0.628523
0.588843
0.552532
0.519258
0.488725
0.460668
0.434851
0.411062
0.389112
0.36883
0.350065
0.332679
0.31655
0.301568
0.287631
0.274651
0.262547
0.251246
0.240681
0.230792
0.221526
0.212833
0.204668
0.19699
0.189763
0.182954
0.17653
0.170464
0.164731
0.159306
0.154169
0.149299
0.144679
0.140291
0.136121
0.132154
0.128377
0.124779
0.121347
0.118072
0.114944
0.111955
0.109096
0.106359
0.103738
0.101225
0.098816
0.0965037
0.0942831
0.0921493
0.0900976
0.0881237
0.0862235
0.0843931
0.0826291
0.080928
0.0792867
0.0777022
0.0761716
0.0746924
0.073262
0.0718781
0.0705385
0.069241
0.0679836
0.0667645
0.0655818
0.0644338
0.0633189
0.0622356
0.0611822
0.0601575
0.0591601
0.0581887
0.0572422
0.0563193
0.0554191
0.0545406
0.053683
0.0528456
0.0520279
0.0512296
0.0504508
0.0496919
0.048954
0.0482391
0.0475501
0.0468915
0.0462701
0.0456955
0.0451812
0.0447463
0.0444173
0.0442301
0.961692
0.892184
0.829084
0.771727
0.719522
0.671944
0.628523
0.588843
0.552532
0.519258
0.488725
0.460668
0.434851
0.411062
0.389112
0.36883
0.350065
0.332679
0.31655
0.301567
0.287631
0.274651
0.262547
0.251246
0.240681
0.230792
0.221526
0.212832
0.204667
0.19699
0.189763
0.182953
0.176529
0.170464
0.16473
0.159306
0.154169
0.149299
0.144679
0.140291
0.136121
0.132154
0.128377
0.124778
0.121346
0.118071
0.114944
0.111954
0.109095
0.106358
0.103737
0.101225
0.0988152
0.0965028
0.0942822
0.0921484
0.0900966
0.0881227
0.0862224
0.0843921
0.082628
0.0809269
0.0792855
0.0777009
0.0761703
0.0746911
0.0732607
0.0718767
0.070537
0.0692395
0.0679821
0.0667629
0.0655801
0.0644321
0.0633171
0.0622337
0.0611803
0.0601555
0.0591581
0.0581866
0.05724
0.0563171
0.0554168
0.0545382
0.0536805
0.052843
0.0520252
0.0512268
0.0504479
0.049689
0.048951
0.048236
0.0475469
0.0468883
0.0462669
0.0456922
0.0451778
0.0447429
0.0444139
0.0442268
0.961692
0.892184
0.829084
0.771727
0.719522
0.671944
0.628523
0.588843
0.552532
0.519258
0.488725
0.460668
0.434851
0.411062
0.389112
0.36883
0.350065
0.332679
0.31655
0.301567
0.287631
0.274651
0.262547
0.251246
0.240681
0.230792
0.221526
0.212832
0.204667
0.19699
0.189763
0.182953
0.176529
0.170463
0.16473
0.159305
0.154168
0.149298
0.144678
0.14029
0.13612
0.132153
0.128376
0.124777
0.121346
0.118071
0.114943
0.111953
0.109094
0.106357
0.103736
0.101224
0.0988143
0.0965019
0.0942812
0.0921473
0.0900956
0.0881216
0.0862213
0.0843909
0.0826268
0.0809256
0.0792842
0.0776995
0.0761689
0.0746896
0.0732591
0.0718751
0.0705354
0.0692378
0.0679803
0.0667611
0.0655783
0.0644302
0.0633151
0.0622316
0.0611782
0.0601533
0.0591558
0.0581842
0.0572375
0.0563145
0.0554141
0.0545355
0.0536777
0.0528401
0.0520222
0.0512238
0.0504447
0.0496857
0.0489477
0.0482326
0.0475434
0.0468848
0.0462633
0.0456885
0.0451741
0.0447392
0.0444102
0.044223
0.961692
0.892184
0.829084
0.771727
0.719522
0.671944
0.628523
0.588843
0.552532
0.519258
0.488725
0.460668
0.434851
0.411062
0.389112
0.36883
0.350065
0.332679
0.31655
0.301567
0.287631
0.274651
0.262547
0.251246
0.24068
0.230792
0.221525
0.212832
0.204667
0.196989
0.189763
0.182953
0.176529
0.170463
0.16473
0.159305
0.154168
0.149298
0.144678
0.14029
0.13612
0.132153
0.128376
0.124777
0.121345
0.11807
0.114942
0.111953
0.109093
0.106356
0.103735
0.101223
0.0988133
0.0965009
0.0942801
0.0921462
0.0900944
0.0881204
0.08622
0.0843896
0.0826254
0.0809242
0.0792827
0.077698
0.0761673
0.074688
0.0732574
0.0718734
0.0705336
0.0692359
0.0679784
0.0667591
0.0655762
0.064428
0.0633129
0.0622293
0.0611758
0.0601509
0.0591532
0.0581816
0.0572348
0.0563117
0.0554112
0.0545325
0.0536746
0.0528369
0.0520189
0.0512203
0.0504412
0.0496821
0.048944
0.0482288
0.0475395
0.0468808
0.0462592
0.0456844
0.04517
0.0447351
0.0444061
0.0442189
0.961692
0.892184
0.829084
0.771727
0.719522
0.671944
0.628523
0.588843
0.552532
0.519258
0.488725
0.460668
0.434851
0.411062
0.389112
0.36883
0.350065
0.332679
0.31655
0.301567
0.287631
0.274651
0.262547
0.251245
0.24068
0.230792
0.221525
0.212832
0.204667
0.196989
0.189762
0.182952
0.176528
0.170463
0.164729
0.159305
0.154167
0.149297
0.144677
0.140289
0.136119
0.132152
0.128375
0.124776
0.121344
0.118069
0.114941
0.111952
0.109092
0.106356
0.103734
0.101222
0.0988122
0.0964997
0.094279
0.092145
0.0900931
0.088119
0.0862186
0.0843881
0.0826239
0.0809226
0.0792811
0.0776964
0.0761656
0.0746862
0.0732556
0.0718715
0.0705316
0.0692339
0.0679762
0.0667569
0.0655739
0.0644257
0.0633105
0.0622268
0.0611732
0.0601482
0.0591504
0.0581787
0.0572318
0.0563086
0.0554081
0.0545292
0.0536712
0.0528334
0.0520153
0.0512166
0.0504374
0.0496781
0.0489399
0.0482246
0.0475353
0.0468765
0.0462548
0.04568
0.0451655
0.0447305
0.0444015
0.0442144
0.961692
0.892184
0.829084
0.771727
0.719522
0.671944
0.628523
0.588843
0.552532
0.519258
0.488725
0.460668
0.434851
0.411062
0.389112
0.36883
0.350065
0.332679
0.31655
0.301567
0.287631
0.274651
0.262547
0.251245
0.24068
0.230791
0.221525
0.212832
0.204666
0.196989
0.189762
0.182952
0.176528
0.170462
0.164729
0.159304
0.154167
0.149297
0.144676
0.140289
0.136118
0.132151
0.128374
0.124775
0.121343
0.118068
0.11494
0.111951
0.109091
0.106354
0.103733
0.101221
0.0988111
0.0964985
0.0942777
0.0921436
0.0900917
0.0881176
0.0862171
0.0843866
0.0826223
0.0809209
0.0792794
0.0776945
0.0761637
0.0746842
0.0732536
0.0718694
0.0705294
0.0692316
0.0679739
0.0667545
0.0655714
0.0644231
0.0633078
0.0622241
0.0611703
0.0601452
0.0591474
0.0581756
0.0572286
0.0563053
0.0554046
0.0545256
0.0536675
0.0528296
0.0520114
0.0512126
0.0504332
0.0496738
0.0489355
0.0482201
0.0475307
0.0468718
0.0462501
0.0456752
0.0451607
0.0447257
0.0443967
0.0442095
0.961692
0.892184
0.829084
0.771727
0.719522
0.671944
0.628523
0.588843
0.552532
0.519258
0.488725
0.460668
0.434851
0.411062
0.389111
0.36883
0.350065
0.332679
0.31655
0.301567
0.287631
0.274651
0.262547
0.251245
0.24068
0.230791
0.221525
0.212831
0.204666
0.196989
0.189762
0.182952
0.176528
0.170462
0.164728
0.159304
0.154166
0.149296
0.144676
0.140288
0.136118
0.13215
0.128373
0.124774
0.121343
0.118067
0.114939
0.11195
0.10909
0.106353
0.103732
0.101219
0.0988098
0.0964972
0.0942763
0.0921422
0.0900902
0.088116
0.0862155
0.0843849
0.0826205
0.0809191
0.0792775
0.0776926
0.0761617
0.0746821
0.0732514
0.0718671
0.0705271
0.0692292
0.0679715
0.0667519
0.0655688
0.0644204
0.063305
0.0622211
0.0611673
0.0601421
0.0591442
0.0581722
0.0572251
0.0563017
0.0554009
0.0545218
0.0536636
0.0528255
0.0520072
0.0512082
0.0504288
0.0496693
0.0489308
0.0482153
0.0475258
0.0468667
0.0462449
0.04567
0.0451554
0.0447204
0.0443914
0.0442043
0.961692
0.892184
0.829084
0.771727
0.719522
0.671944
0.628523
0.588843
0.552532
0.519258
0.488725
0.460668
0.434851
0.411062
0.389111
0.36883
0.350065
0.332679
0.31655
0.301567
0.28763
0.274651
0.262546
0.251245
0.24068
0.230791
0.221524
0.212831
0.204666
0.196988
0.189761
0.182951
0.176527
0.170461
0.164728
0.159303
0.154166
0.149296
0.144675
0.140287
0.136117
0.13215
0.128373
0.124774
0.121342
0.118066
0.114938
0.111949
0.109089
0.106352
0.103731
0.101218
0.0988084
0.0964957
0.0942748
0.0921406
0.0900886
0.0881143
0.0862138
0.0843831
0.0826187
0.0809172
0.0792755
0.0776905
0.0761595
0.0746799
0.0732491
0.0718647
0.0705246
0.0692267
0.0679688
0.0667492
0.065566
0.0644174
0.063302
0.062218
0.0611641
0.0601388
0.0591407
0.0581687
0.0572214
0.0562979
0.055397
0.0545177
0.0536594
0.0528212
0.0520027
0.0512036
0.050424
0.0496644
0.0489258
0.0482101
0.0475205
0.0468614
0.0462395
0.0456645
0.0451499
0.0447148
0.0443858
0.0441987
0.961692
0.892184
0.829084
0.771727
0.719522
0.671944
0.628523
0.588843
0.552532
0.519258
0.488725
0.460668
0.434851
0.411062
0.389111
0.36883
0.350065
0.332679
0.31655
0.301567
0.28763
0.27465
0.262546
0.251245
0.240679
0.230791
0.221524
0.212831
0.204665
0.196988
0.189761
0.182951
0.176527
0.170461
0.164727
0.159302
0.154165
0.149295
0.144674
0.140287
0.136116
0.132149
0.128372
0.124773
0.121341
0.118065
0.114937
0.111947
0.109088
0.106351
0.103729
0.101217
0.098807
0.0964942
0.0942732
0.092139
0.0900869
0.0881126
0.0862119
0.0843812
0.0826167
0.0809151
0.0792733
0.0776883
0.0761573
0.0746775
0.0732466
0.0718622
0.070522
0.0692239
0.067966
0.0667463
0.0655629
0.0644143
0.0632987
0.0622147
0.0611606
0.0601352
0.059137
0.0581649
0.0572175
0.0562938
0.0553928
0.0545134
0.0536549
0.0528166
0.0519979
0.0511987
0.0504189
0.0496592
0.0489204
0.0482047
0.0475149
0.0468557
0.0462337
0.0456586
0.045144
0.0447089
0.0443799
0.0441928
0.961692
0.892184
0.829084
0.771727
0.719522
0.671944
0.628523
0.588843
0.552532
0.519258
0.488725
0.460668
0.434851
0.411062
0.389111
0.36883
0.350064
0.332679
0.31655
0.301567
0.28763
0.27465
0.262546
0.251244
0.240679
0.23079
0.221524
0.21283
0.204665
0.196987
0.18976
0.18295
0.176526
0.17046
0.164727
0.159302
0.154164
0.149294
0.144674
0.140286
0.136115
0.132148
0.128371
0.124772
0.12134
0.118064
0.114936
0.111946
0.109087
0.10635
0.103728
0.101215
0.0988054
0.0964926
0.0942716
0.0921373
0.0900851
0.0881107
0.08621
0.0843792
0.0826146
0.080913
0.0792711
0.077686
0.0761548
0.074675
0.073244
0.0718595
0.0705192
0.0692211
0.067963
0.0667432
0.0655598
0.064411
0.0632953
0.0622112
0.061157
0.0601314
0.0591331
0.0581608
0.0572133
0.0562895
0.0553883
0.0545088
0.0536502
0.0528117
0.0519929
0.0511935
0.0504136
0.0496537
0.0489148
0.0481989
0.047509
0.0468497
0.0462276
0.0456524
0.0451377
0.0447026
0.0443736
0.0441865
0.961692
0.892184
0.829084
0.771727
0.719522
0.671944
0.628523
0.588843
0.552532
0.519258
0.488725
0.460668
0.434851
0.411062
0.389111
0.36883
0.350064
0.332679
0.31655
0.301567
0.28763
0.27465
0.262546
0.251244
0.240679
0.23079
0.221524
0.21283
0.204665
0.196987
0.18976
0.18295
0.176526
0.17046
0.164726
0.159301
0.154164
0.149294
0.144673
0.140285
0.136114
0.132147
0.12837
0.124771
0.121338
0.118063
0.114935
0.111945
0.109085
0.106348
0.103726
0.101214
0.0988038
0.0964909
0.0942698
0.0921354
0.0900832
0.0881087
0.0862079
0.084377
0.0826124
0.0809107
0.0792687
0.0776835
0.0761523
0.0746724
0.0732413
0.0718567
0.0705163
0.0692181
0.0679599
0.06674
0.0655564
0.0644076
0.0632918
0.0622075
0.0611532
0.0601275
0.0591291
0.0581566
0.057209
0.056285
0.0553837
0.054504
0.0536452
0.0528066
0.0519876
0.0511881
0.050408
0.0496479
0.0489089
0.0481929
0.0475028
0.0468434
0.0462212
0.045646
0.0451312
0.0446961
0.0443671
0.04418
0.961692
0.892184
0.829084
0.771727
0.719522
0.671944
0.628523
0.588843
0.552532
0.519258
0.488725
0.460668
0.434851
0.411062
0.389111
0.36883
0.350064
0.332679
0.316549
0.301566
0.28763
0.27465
0.262546
0.251244
0.240679
0.23079
0.221523
0.21283
0.204664
0.196987
0.189759
0.182949
0.176525
0.170459
0.164725
0.1593
0.154163
0.149293
0.144672
0.140284
0.136113
0.132146
0.128369
0.124769
0.121337
0.118062
0.114934
0.111944
0.109084
0.106347
0.103725
0.101212
0.0988021
0.0964892
0.094268
0.0921335
0.0900812
0.0881067
0.0862058
0.0843748
0.0826101
0.0809083
0.0792662
0.0776809
0.0761496
0.0746696
0.0732385
0.0718537
0.0705133
0.0692149
0.0679566
0.0667366
0.0655529
0.064404
0.063288
0.0622036
0.0611492
0.0601234
0.0591248
0.0581522
0.0572044
0.0562803
0.0553788
0.054499
0.05364
0.0528012
0.0519821
0.0511824
0.0504022
0.0496419
0.0489027
0.0481865
0.0474964
0.0468368
0.0462146
0.0456392
0.0451244
0.0446893
0.0443602
0.0441732
0.961692
0.892184
0.829084
0.771727
0.719523
0.671944
0.628523
0.588843
0.552532
0.519258
0.488725
0.460668
0.434851
0.411062
0.389111
0.36883
0.350064
0.332678
0.316549
0.301566
0.28763
0.27465
0.262545
0.251244
0.240678
0.23079
0.221523
0.212829
0.204664
0.196986
0.189759
0.182949
0.176525
0.170458
0.164725
0.1593
0.154162
0.149292
0.144671
0.140283
0.136112
0.132145
0.128367
0.124768
0.121336
0.11806
0.114932
0.111942
0.109082
0.106345
0.103723
0.10121
0.0988003
0.0964873
0.0942661
0.0921315
0.0900791
0.0881045
0.0862036
0.0843725
0.0826077
0.0809058
0.0792636
0.0776783
0.0761468
0.0746668
0.0732355
0.0718507
0.0705101
0.0692116
0.0679532
0.066733
0.0655493
0.0644002
0.0632841
0.0621996
0.061145
0.0601191
0.0591203
0.0581476
0.0571997
0.0562754
0.0553737
0.0544937
0.0536346
0.0527956
0.0519764
0.0511765
0.0503961
0.0496357
0.0488963
0.04818
0.0474897
0.04683
0.0462076
0.0456322
0.0451173
0.0446822
0.0443531
0.0441661
0.961692
0.892184
0.829084
0.771727
0.719523
0.671944
0.628523
0.588843
0.552532
0.519258
0.488725
0.460668
0.434851
0.411062
0.389111
0.368829
0.350064
0.332678
0.316549
0.301566
0.287629
0.274649
0.262545
0.251243
0.240678
0.230789
0.221523
0.212829
0.204663
0.196986
0.189758
0.182948
0.176524
0.170458
0.164724
0.159299
0.154161
0.149291
0.14467
0.140282
0.136111
0.132144
0.128366
0.124767
0.121335
0.118059
0.114931
0.111941
0.109081
0.106343
0.103722
0.101209
0.0987985
0.0964854
0.0942641
0.0921295
0.090077
0.0881023
0.0862012
0.0843701
0.0826052
0.0809032
0.0792609
0.0776755
0.076144
0.0746638
0.0732324
0.0718475
0.0705068
0.0692082
0.0679497
0.0667294
0.0655455
0.0643963
0.0632801
0.0621954
0.0611407
0.0601146
0.0591157
0.0581428
0.0571947
0.0562703
0.0553685
0.0544883
0.053629
0.0527899
0.0519704
0.0511703
0.0503898
0.0496292
0.0488897
0.0481732
0.0474827
0.0468229
0.0462005
0.0456249
0.04511
0.0446748
0.0443458
0.0441588
0.961692
0.892184
0.829084
0.771727
0.719523
0.671944
0.628523
0.588843
0.552532
0.519258
0.488725
0.460668
0.434851
0.411062
0.389111
0.368829
0.350064
0.332678
0.316549
0.301566
0.287629
0.274649
0.262545
0.251243
0.240678
0.230789
0.221522
0.212828
0.204663
0.196985
0.189758
0.182947
0.176523
0.170457
0.164723
0.159298
0.15416
0.14929
0.144669
0.140281
0.13611
0.132143
0.128365
0.124766
0.121333
0.118058
0.114929
0.111939
0.109079
0.106342
0.10372
0.101207
0.0987966
0.0964834
0.094262
0.0921273
0.0900748
0.0880999
0.0861988
0.0843676
0.0826026
0.0809005
0.0792582
0.0776726
0.076141
0.0746607
0.0732292
0.0718441
0.0705033
0.0692046
0.067946
0.0667256
0.0655416
0.0643922
0.0632759
0.0621911
0.0611362
0.06011
0.059111
0.0581379
0.0571897
0.056265
0.055363
0.0544827
0.0536232
0.0527839
0.0519643
0.051164
0.0503833
0.0496225
0.0488828
0.0481662
0.0474756
0.0468156
0.0461931
0.0456175
0.0451025
0.0446673
0.0443382
0.0441512
0.961692
0.892184
0.829084
0.771727
0.719523
0.671944
0.628523
0.588843
0.552532
0.519258
0.488725
0.460668
0.434851
0.411062
0.389111
0.368829
0.350064
0.332678
0.316549
0.301566
0.287629
0.274649
0.262545
0.251243
0.240677
0.230788
0.221522
0.212828
0.204662
0.196985
0.189757
0.182947
0.176523
0.170456
0.164722
0.159297
0.154159
0.149289
0.144668
0.14028
0.136109
0.132141
0.128364
0.124764
0.121332
0.118056
0.114928
0.111938
0.109078
0.10634
0.103718
0.101205
0.0987946
0.0964814
0.0942599
0.0921251
0.0900724
0.0880975
0.0861963
0.084365
0.0825999
0.0808977
0.0792553
0.0776696
0.0761379
0.0746575
0.0732259
0.0718407
0.0704998
0.069201
0.0679422
0.0667217
0.0655375
0.064388
0.0632716
0.0621866
0.0611316
0.0601052
0.059106
0.0581328
0.0571844
0.0562596
0.0553575
0.0544769
0.0536173
0.0527778
0.0519579
0.0511575
0.0503766
0.0496156
0.0488758
0.048159
0.0474683
0.0468082
0.0461855
0.0456098
0.0450948
0.0446595
0.0443305
0.0441435
0.961692
0.892184
0.829084
0.771727
0.719523
0.671944
0.628523
0.588843
0.552532
0.519258
0.488725
0.460668
0.434851
0.411061
0.389111
0.368829
0.350064
0.332678
0.316549
0.301566
0.287629
0.274649
0.262544
0.251243
0.240677
0.230788
0.221521
0.212827
0.204662
0.196984
0.189757
0.182946
0.176522
0.170456
0.164722
0.159296
0.154159
0.149288
0.144667
0.140279
0.136108
0.13214
0.128363
0.124763
0.121331
0.118055
0.114926
0.111936
0.109076
0.106338
0.103716
0.101203
0.0987926
0.0964793
0.0942577
0.0921228
0.0900701
0.0880951
0.0861938
0.0843623
0.0825971
0.0808949
0.0792523
0.0776665
0.0761347
0.0746542
0.0732225
0.0718372
0.0704962
0.0691972
0.0679383
0.0667177
0.0655334
0.0643837
0.0632671
0.062182
0.0611269
0.0601003
0.059101
0.0581276
0.057179
0.0562541
0.0553517
0.054471
0.0536112
0.0527715
0.0519515
0.0511509
0.0503697
0.0496086
0.0488686
0.0481516
0.0474607
0.0468005
0.0461777
0.045602
0.0450869
0.0446516
0.0443226
0.0441356
0.961692
0.892184
0.829084
0.771727
0.719523
0.671944
0.628523
0.588843
0.552532
0.519258
0.488725
0.460668
0.434851
0.411061
0.389111
0.368829
0.350064
0.332678
0.316549
0.301565
0.287629
0.274649
0.262544
0.251242
0.240677
0.230788
0.221521
0.212827
0.204661
0.196983
0.189756
0.182946
0.176521
0.170455
0.164721
0.159296
0.154158
0.149287
0.144666
0.140278
0.136107
0.132139
0.128361
0.124762
0.121329
0.118053
0.114925
0.111934
0.109074
0.106336
0.103714
0.101201
0.0987905
0.0964771
0.0942554
0.0921205
0.0900676
0.0880926
0.0861912
0.0843596
0.0825943
0.0808919
0.0792493
0.0776634
0.0761315
0.0746508
0.073219
0.0718336
0.0704924
0.0691933
0.0679344
0.0667136
0.0655291
0.0643794
0.0632626
0.0621773
0.061122
0.0600953
0.0590958
0.0581223
0.0571735
0.0562484
0.0553459
0.054465
0.053605
0.0527651
0.0519449
0.0511441
0.0503628
0.0496015
0.0488613
0.0481441
0.0474531
0.0467927
0.0461698
0.045594
0.0450789
0.0446435
0.0443145
0.0441275
0.961692
0.892184
0.829084
0.771727
0.719523
0.671944
0.628523
0.588843
0.552532
0.519258
0.488725
0.460668
0.43485
0.411061
0.389111
0.368829
0.350064
0.332678
0.316548
0.301565
0.287628
0.274648
0.262544
0.251242
0.240676
0.230787
0.22152
0.212827
0.204661
0.196983
0.189755
0.182945
0.17652
0.170454
0.16472
0.159295
0.154157
0.149286
0.144665
0.140277
0.136106
0.132138
0.12836
0.12476
0.121328
0.118052
0.114923
0.111933
0.109072
0.106335
0.103712
0.101199
0.0987884
0.0964749
0.0942531
0.0921181
0.0900652
0.08809
0.0861885
0.0843568
0.0825914
0.080889
0.0792462
0.0776602
0.0761281
0.0746474
0.0732154
0.0718299
0.0704886
0.0691894
0.0679303
0.0667094
0.0655248
0.0643749
0.063258
0.0621726
0.0611171
0.0600902
0.0590906
0.0581169
0.0571679
0.0562426
0.0553399
0.0544588
0.0535986
0.0527585
0.0519381
0.0511372
0.0503557
0.0495942
0.0488538
0.0481365
0.0474453
0.0467848
0.0461618
0.0455859
0.0450707
0.0446354
0.0443063
0.0441194
0.961692
0.892184
0.829084
0.771727
0.719523
0.671944
0.628523
0.588843
0.552532
0.519258
0.488725
0.460668
0.43485
0.411061
0.389111
0.368829
0.350063
0.332678
0.316548
0.301565
0.287628
0.274648
0.262544
0.251242
0.240676
0.230787
0.22152
0.212826
0.20466
0.196982
0.189755
0.182944
0.17652
0.170453
0.164719
0.159294
0.154156
0.149285
0.144664
0.140275
0.136104
0.132136
0.128359
0.124759
0.121326
0.11805
0.114921
0.111931
0.10907
0.106333
0.10371
0.101197
0.0987863
0.0964727
0.0942508
0.0921157
0.0900626
0.0880874
0.0861858
0.084354
0.0825885
0.0808859
0.0792431
0.0776569
0.0761248
0.0746439
0.0732118
0.0718262
0.0704848
0.0691854
0.0679262
0.0667051
0.0655204
0.0643703
0.0632533
0.0621677
0.0611121
0.0600851
0.0590852
0.0581114
0.0571622
0.0562368
0.0553339
0.0544526
0.0535922
0.0527519
0.0519313
0.0511302
0.0503485
0.0495868
0.0488463
0.0481288
0.0474375
0.0467769
0.0461537
0.0455777
0.0450625
0.0446271
0.0442981
0.0441112
0.961692
0.892184
0.829084
0.771728
0.719523
0.671944
0.628523
0.588843
0.552532
0.519258
0.488725
0.460668
0.43485
0.411061
0.389111
0.368829
0.350063
0.332677
0.316548
0.301565
0.287628
0.274648
0.262543
0.251241
0.240676
0.230786
0.221519
0.212825
0.20466
0.196982
0.189754
0.182943
0.176519
0.170452
0.164718
0.159293
0.154155
0.149284
0.144663
0.140274
0.136103
0.132135
0.128357
0.124757
0.121325
0.118049
0.11492
0.111929
0.109069
0.106331
0.103708
0.101195
0.0987841
0.0964704
0.0942484
0.0921132
0.0900601
0.0880847
0.086183
0.0843511
0.0825855
0.0808828
0.0792399
0.0776536
0.0761214
0.0746404
0.0732082
0.0718224
0.0704809
0.0691814
0.067922
0.0667008
0.0655159
0.0643657
0.0632485
0.0621628
0.061107
0.0600798
0.0590798
0.0581058
0.0571565
0.0562308
0.0553277
0.0544463
0.0535857
0.0527453
0.0519245
0.0511231
0.0503412
0.0495794
0.0488387
0.048121
0.0474296
0.0467688
0.0461456
0.0455695
0.0450542
0.0446188
0.0442898
0.0441029
0.961692
0.892185
0.829084
0.771728
0.719523
0.671944
0.628523
0.588843
0.552532
0.519258
0.488725
0.460668
0.43485
0.411061
0.389111
0.368829
0.350063
0.332677
0.316548
0.301565
0.287628
0.274647
0.262543
0.251241
0.240675
0.230786
0.221519
0.212825
0.204659
0.196981
0.189753
0.182943
0.176518
0.170452
0.164717
0.159292
0.154154
0.149283
0.144662
0.140273
0.136102
0.132134
0.128356
0.124756
0.121323
0.118047
0.114918
0.111927
0.109067
0.106329
0.103706
0.101193
0.0987818
0.0964681
0.094246
0.0921107
0.0900575
0.088082
0.0861802
0.0843482
0.0825825
0.0808797
0.0792366
0.0776503
0.0761179
0.0746368
0.0732045
0.0718186
0.0704769
0.0691773
0.0679178
0.0666964
0.0655114
0.0643611
0.0632438
0.0621579
0.0611019
0.0600746
0.0590744
0.0581002
0.0571507
0.0562249
0.0553216
0.05444
0.0535792
0.0527386
0.0519176
0.051116
0.050334
0.0495719
0.0488311
0.0481133
0.0474216
0.0467608
0.0461374
0.0455613
0.0450459
0.0446105
0.0442815
0.0440946
0.961692
0.892185
0.829084
0.771728
0.719523
0.671944
0.628523
0.588843
0.552532
0.519258
0.488725
0.460668
0.43485
0.411061
0.389111
0.368829
0.350063
0.332677
0.316548
0.301564
0.287627
0.274647
0.262543
0.25124
0.240675
0.230786
0.221518
0.212824
0.204659
0.19698
0.189753
0.182942
0.176517
0.170451
0.164716
0.159291
0.154153
0.149282
0.144661
0.140272
0.136101
0.132132
0.128354
0.124754
0.121321
0.118045
0.114916
0.111925
0.109065
0.106327
0.103704
0.101191
0.0987796
0.0964657
0.0942436
0.0921082
0.0900549
0.0880793
0.0861774
0.0843453
0.0825795
0.0808766
0.0792334
0.077647
0.0761144
0.0746332
0.0732008
0.0718148
0.070473
0.0691732
0.0679136
0.0666921
0.0655069
0.0643564
0.063239
0.0621529
0.0610968
0.0600693
0.059069
0.0580946
0.0571449
0.0562189
0.0553155
0.0544336
0.0535727
0.0527318
0.0519107
0.0511089
0.0503267
0.0495645
0.0488234
0.0481055
0.0474137
0.0467528
0.0461293
0.0455531
0.0450377
0.0446022
0.0442732
0.0440864
0.961692
0.892185
0.829084
0.771728
0.719523
0.671944
0.628523
0.588843
0.552532
0.519258
0.488725
0.460668
0.43485
0.411061
0.38911
0.368829
0.350063
0.332677
0.316548
0.301564
0.287627
0.274647
0.262542
0.25124
0.240674
0.230785
0.221518
0.212824
0.204658
0.19698
0.189752
0.182941
0.176517
0.17045
0.164715
0.15929
0.154152
0.149281
0.144659
0.140271
0.136099
0.132131
0.128353
0.124753
0.12132
0.118044
0.114914
0.111924
0.109063
0.106325
0.103702
0.101188
0.0987774
0.0964634
0.0942412
0.0921057
0.0900523
0.0880766
0.0861746
0.0843424
0.0825765
0.0808735
0.0792302
0.0776436
0.076111
0.0746296
0.0731971
0.0718109
0.070469
0.0691691
0.0679093
0.0666877
0.0655024
0.0643518
0.0632342
0.062148
0.0610917
0.060064
0.0590635
0.058089
0.0571391
0.0562129
0.0553093
0.0544273
0.0535662
0.0527252
0.0519038
0.0511019
0.0503195
0.0495571
0.0488159
0.0480978
0.0474059
0.0467448
0.0461213
0.045545
0.0450295
0.044594
0.044265
0.0440782
0.961692
0.892185
0.829085
0.771728
0.719523
0.671944
0.628523
0.588843
0.552532
0.519258
0.488725
0.460668
0.43485
0.411061
0.38911
0.368828
0.350063
0.332677
0.316547
0.301564
0.287627
0.274647
0.262542
0.25124
0.240674
0.230785
0.221517
0.212823
0.204657
0.196979
0.189751
0.18294
0.176516
0.170449
0.164715
0.159289
0.154151
0.14928
0.144658
0.140269
0.136098
0.13213
0.128351
0.124751
0.121318
0.118042
0.114913
0.111922
0.109061
0.106323
0.1037
0.101186
0.0987751
0.0964611
0.0942388
0.0921032
0.0900496
0.0880739
0.0861718
0.0843395
0.0825735
0.0808704
0.0792269
0.0776403
0.0761075
0.0746261
0.0731934
0.0718071
0.0704651
0.0691651
0.0679051
0.0666834
0.0654979
0.0643472
0.0632294
0.062143
0.0610866
0.0600588
0.0590581
0.0580834
0.0571334
0.056207
0.0553032
0.0544211
0.0535597
0.0527185
0.051897
0.0510949
0.0503123
0.0495498
0.0488084
0.0480902
0.0473982
0.0467369
0.0461133
0.0455369
0.0450215
0.044586
0.044257
0.0440701
0.961692
0.892185
0.829085
0.771728
0.719523
0.671944
0.628523
0.588843
0.552532
0.519258
0.488725
0.460667
0.43485
0.411061
0.38911
0.368828
0.350063
0.332677
0.316547
0.301564
0.287627
0.274646
0.262542
0.251239
0.240674
0.230784
0.221517
0.212823
0.204657
0.196978
0.189751
0.18294
0.176515
0.170448
0.164714
0.159288
0.15415
0.149279
0.144657
0.140268
0.136097
0.132128
0.12835
0.12475
0.121317
0.11804
0.114911
0.11192
0.109059
0.106321
0.103698
0.101184
0.0987729
0.0964588
0.0942363
0.0921007
0.0900471
0.0880712
0.086169
0.0843366
0.0825705
0.0808673
0.0792237
0.0776369
0.0761041
0.0746225
0.0731897
0.0718033
0.0704611
0.069161
0.067901
0.0666791
0.0654935
0.0643426
0.0632246
0.0621382
0.0610816
0.0600536
0.0590528
0.0580779
0.0571277
0.0562012
0.0552972
0.0544149
0.0535534
0.052712
0.0518903
0.051088
0.0503053
0.0495426
0.0488011
0.0480827
0.0473906
0.0467292
0.0461055
0.0455291
0.0450136
0.0445781
0.0442491
0.0440623
0.961692
0.892185
0.829085
0.771728
0.719523
0.671944
0.628523
0.588843
0.552532
0.519258
0.488724
0.460667
0.43485
0.411061
0.38911
0.368828
0.350062
0.332676
0.316547
0.301563
0.287626
0.274646
0.262541
0.251239
0.240673
0.230784
0.221516
0.212822
0.204656
0.196978
0.18975
0.182939
0.176514
0.170447
0.164713
0.159287
0.154148
0.149277
0.144656
0.140267
0.136095
0.132127
0.128349
0.124748
0.121315
0.118039
0.114909
0.111918
0.109057
0.106319
0.103696
0.101182
0.0987707
0.0964565
0.094234
0.0920982
0.0900445
0.0880685
0.0861662
0.0843338
0.0825675
0.0808642
0.0792206
0.0776337
0.0761007
0.074619
0.0731861
0.0717996
0.0704573
0.069157
0.0678969
0.0666748
0.0654891
0.0643381
0.06322
0.0621334
0.0610767
0.0600485
0.0590475
0.0580725
0.0571222
0.0561955
0.0552913
0.0544088
0.0535472
0.0527056
0.0518838
0.0510813
0.0502984
0.0495356
0.0487939
0.0480754
0.0473832
0.0467218
0.046098
0.0455215
0.0450059
0.0445704
0.0442414
0.0440546
0.961692
0.892185
0.829085
0.771728
0.719523
0.671944
0.628523
0.588843
0.552532
0.519258
0.488724
0.460667
0.43485
0.411061
0.38911
0.368828
0.350062
0.332676
0.316547
0.301563
0.287626
0.274646
0.262541
0.251239
0.240673
0.230783
0.221516
0.212822
0.204656
0.196977
0.189749
0.182938
0.176513
0.170446
0.164712
0.159286
0.154147
0.149276
0.144655
0.140266
0.136094
0.132126
0.128347
0.124747
0.121314
0.118037
0.114908
0.111916
0.109055
0.106317
0.103694
0.10118
0.0987686
0.0964542
0.0942316
0.0920958
0.090042
0.0880659
0.0861635
0.084331
0.0825646
0.0808612
0.0792175
0.0776305
0.0760974
0.0746156
0.0731826
0.0717959
0.0704535
0.0691531
0.0678928
0.0666707
0.0654849
0.0643337
0.0632155
0.0621287
0.0610718
0.0600435
0.0590424
0.0580672
0.0571168
0.0561899
0.0552856
0.054403
0.0535411
0.0526994
0.0518774
0.0510748
0.0502918
0.0495288
0.048787
0.0480684
0.047376
0.0467145
0.0460907
0.0455141
0.0449985
0.044563
0.044234
0.0440473
0.961692
0.892185
0.829085
0.771728
0.719523
0.671944
0.628523
0.588843
0.552532
0.519258
0.488724
0.460667
0.43485
0.411061
0.38911
0.368828
0.350062
0.332676
0.316546
0.301563
0.287626
0.274645
0.26254
0.251238
0.240672
0.230783
0.221515
0.212821
0.204655
0.196976
0.189749
0.182937
0.176512
0.170445
0.164711
0.159285
0.154146
0.149275
0.144654
0.140265
0.136093
0.132124
0.128346
0.124745
0.121312
0.118035
0.114906
0.111915
0.109054
0.106315
0.103692
0.101178
0.0987664
0.096452
0.0942294
0.0920934
0.0900395
0.0880634
0.0861609
0.0843282
0.0825618
0.0808583
0.0792144
0.0776273
0.0760942
0.0746122
0.0731791
0.0717924
0.0704498
0.0691494
0.0678889
0.0666666
0.0654807
0.0643294
0.0632111
0.0621241
0.0610672
0.0600387
0.0590375
0.0580621
0.0571115
0.0561845
0.0552801
0.0543973
0.0535353
0.0526935
0.0518713
0.0510686
0.0502854
0.0495223
0.0487804
0.0480616
0.0473692
0.0467076
0.0460837
0.0455071
0.0449915
0.0445559
0.044227
0.0440402
0.961692
0.892185
0.829085
0.771728
0.719523
0.671944
0.628523
0.588843
0.552532
0.519258
0.488724
0.460667
0.43485
0.411061
0.38911
0.368828
0.350062
0.332676
0.316546
0.301563
0.287625
0.274645
0.26254
0.251238
0.240672
0.230782
0.221515
0.21282
0.204654
0.196976
0.189748
0.182937
0.176512
0.170445
0.16471
0.159284
0.154145
0.149274
0.144652
0.140263
0.136092
0.132123
0.128344
0.124744
0.121311
0.118034
0.114904
0.111913
0.109052
0.106313
0.10369
0.101176
0.0987644
0.0964499
0.0942271
0.0920911
0.0900371
0.0880609
0.0861583
0.0843256
0.0825591
0.0808554
0.0792115
0.0776243
0.076091
0.074609
0.0731758
0.071789
0.0704463
0.0691457
0.0678852
0.0666628
0.0654767
0.0643253
0.0632068
0.0621198
0.0610627
0.0600341
0.0590327
0.0580573
0.0571065
0.0561794
0.0552748
0.0543919
0.0535297
0.0526878
0.0518655
0.0510626
0.0502793
0.0495161
0.0487741
0.0480552
0.0473627
0.046701
0.0460771
0.0455004
0.0449848
0.0445493
0.0442203
0.0440336
0.961692
0.892185
0.829085
0.771728
0.719523
0.671944
0.628523
0.588843
0.552532
0.519258
0.488724
0.460667
0.43485
0.41106
0.38911
0.368828
0.350062
0.332676
0.316546
0.301562
0.287625
0.274645
0.26254
0.251237
0.240671
0.230782
0.221514
0.21282
0.204654
0.196975
0.189747
0.182936
0.176511
0.170444
0.164709
0.159283
0.154144
0.149273
0.144651
0.140262
0.13609
0.132122
0.128343
0.124743
0.121309
0.118032
0.114903
0.111911
0.10905
0.106312
0.103688
0.101174
0.0987624
0.0964479
0.094225
0.0920889
0.0900349
0.0880585
0.0861559
0.084323
0.0825564
0.0808527
0.0792087
0.0776214
0.076088
0.0746059
0.0731726
0.0717857
0.0704429
0.0691422
0.0678816
0.0666591
0.0654729
0.0643213
0.0632028
0.0621156
0.0610584
0.0600297
0.0590282
0.0580526
0.0571018
0.0561745
0.0552698
0.0543867
0.0535245
0.0526824
0.05186
0.051057
0.0502736
0.0495102
0.0487681
0.0480492
0.0473566
0.0466949
0.0460709
0.0454942
0.0449786
0.0445431
0.0442141
0.0440274
0.961692
0.892185
0.829085
0.771728
0.719523
0.671944
0.628523
0.588843
0.552532
0.519258
0.488724
0.460667
0.43485
0.41106
0.38911
0.368827
0.350062
0.332675
0.316546
0.301562
0.287625
0.274644
0.262539
0.251237
0.240671
0.230781
0.221514
0.212819
0.204653
0.196975
0.189746
0.182935
0.17651
0.170443
0.164708
0.159282
0.154144
0.149272
0.14465
0.140261
0.136089
0.132121
0.128342
0.124741
0.121308
0.118031
0.114901
0.11191
0.109049
0.10631
0.103687
0.101172
0.0987605
0.0964459
0.094223
0.0920868
0.0900327
0.0880563
0.0861535
0.0843206
0.082554
0.0808501
0.079206
0.0776187
0.0760852
0.074603
0.0731696
0.0717826
0.0704397
0.0691389
0.0678782
0.0666556
0.0654693
0.0643176
0.063199
0.0621117
0.0610544
0.0600256
0.059024
0.0580483
0.0570973
0.0561699
0.0552651
0.0543819
0.0535196
0.0526774
0.0518549
0.0510518
0.0502683
0.0495049
0.0487627
0.0480437
0.047351
0.0466893
0.0460652
0.0454886
0.0449729
0.0445374
0.0442085
0.0440218
0.961692
0.892185
0.829085
0.771728
0.719523
0.671944
0.628523
0.588843
0.552532
0.519258
0.488724
0.460667
0.43485
0.41106
0.389109
0.368827
0.350061
0.332675
0.316546
0.301562
0.287625
0.274644
0.262539
0.251237
0.240671
0.230781
0.221513
0.212819
0.204653
0.196974
0.189746
0.182935
0.176509
0.170442
0.164707
0.159281
0.154143
0.149271
0.144649
0.14026
0.136088
0.132119
0.128341
0.12474
0.121307
0.11803
0.1149
0.111908
0.109047
0.106308
0.103685
0.10117
0.0987588
0.0964441
0.0942211
0.0920848
0.0900306
0.0880542
0.0861514
0.0843184
0.0825516
0.0808477
0.0792035
0.0776161
0.0760825
0.0746003
0.0731668
0.0717797
0.0704367
0.0691358
0.067875
0.0666523
0.065466
0.0643142
0.0631954
0.0621081
0.0610507
0.0600218
0.0590201
0.0580443
0.0570932
0.0561657
0.0552608
0.0543776
0.0535151
0.0526728
0.0518502
0.0510471
0.0502635
0.0495
0.0487578
0.0480387
0.047346
0.0466842
0.0460602
0.0454835
0.0449678
0.0445323
0.0442034
0.0440167
0.961692
0.892185
0.829085
0.771728
0.719523
0.671944
0.628523
0.588843
0.552532
0.519258
0.488724
0.460667
0.43485
0.41106
0.389109
0.368827
0.350061
0.332675
0.316545
0.301562
0.287624
0.274644
0.262539
0.251236
0.24067
0.23078
0.221513
0.212818
0.204652
0.196973
0.189745
0.182934
0.176509
0.170442
0.164707
0.159281
0.154142
0.14927
0.144648
0.140259
0.136087
0.132118
0.12834
0.124739
0.121305
0.118028
0.114899
0.111907
0.109046
0.106307
0.103683
0.101169
0.0987571
0.0964424
0.0942193
0.092083
0.0900287
0.0880522
0.0861493
0.0843163
0.0825495
0.0808455
0.0792012
0.0776137
0.0760801
0.0745978
0.0731642
0.071777
0.070434
0.069133
0.0678721
0.0666493
0.0654629
0.0643111
0.0631922
0.0621048
0.0610473
0.0600183
0.0590166
0.0580407
0.0570895
0.056162
0.055257
0.0543736
0.0535111
0.0526688
0.0518461
0.0510429
0.0502592
0.0494957
0.0487534
0.0480344
0.0473416
0.0466798
0.0460558
0.0454791
0.0449634
0.0445279
0.044199
0.0440124
0.961692
0.892185
0.829085
0.771728
0.719523
0.671944
0.628523
0.588843
0.552532
0.519258
0.488724
0.460667
0.434849
0.41106
0.389109
0.368827
0.350061
0.332675
0.316545
0.301561
0.287624
0.274643
0.262538
0.251236
0.24067
0.23078
0.221513
0.212818
0.204652
0.196973
0.189745
0.182933
0.176508
0.170441
0.164706
0.15928
0.154141
0.14927
0.144648
0.140258
0.136086
0.132117
0.128339
0.124738
0.121304
0.118027
0.114897
0.111906
0.109044
0.106305
0.103682
0.101167
0.0987556
0.0964408
0.0942177
0.0920813
0.090027
0.0880504
0.0861475
0.0843144
0.0825475
0.0808435
0.0791992
0.0776116
0.0760779
0.0745955
0.0731618
0.0717746
0.0704315
0.0691305
0.0678695
0.0666467
0.0654602
0.0643083
0.0631894
0.0621019
0.0610443
0.0600153
0.0590135
0.0580375
0.0570863
0.0561587
0.0552536
0.0543702
0.0535077
0.0526653
0.0518425
0.0510393
0.0502556
0.0494921
0.0487498
0.0480307
0.0473379
0.0466761
0.0460521
0.0454754
0.0449598
0.0445243
0.0441954
0.0440088
0.961692
0.892185
0.829085
0.771728
0.719523
0.671944
0.628523
0.588843
0.552532
0.519257
0.488724
0.460667
0.434849
0.41106
0.389109
0.368827
0.350061
0.332675
0.316545
0.301561
0.287624
0.274643
0.262538
0.251236
0.240669
0.23078
0.221512
0.212818
0.204651
0.196972
0.189744
0.182933
0.176508
0.17044
0.164705
0.159279
0.15414
0.149269
0.144647
0.140257
0.136085
0.132116
0.128338
0.124737
0.121303
0.118026
0.114896
0.111905
0.109043
0.106304
0.103681
0.101166
0.0987543
0.0964394
0.0942163
0.0920798
0.0900255
0.0880489
0.0861459
0.0843127
0.0825458
0.0808417
0.0791973
0.0776097
0.076076
0.0745935
0.0731598
0.0717725
0.0704294
0.0691283
0.0678673
0.0666444
0.0654579
0.0643059
0.063187
0.0620994
0.0610418
0.0600127
0.0590108
0.0580348
0.0570836
0.0561559
0.0552509
0.0543674
0.0535048
0.0526624
0.0518397
0.0510364
0.0502527
0.0494891
0.0487468
0.0480278
0.047335
0.0466733
0.0460492
0.0454726
0.044957
0.0445215
0.0441926
0.044006
0.961692
0.892185
0.829085
0.771728
0.719523
0.671944
0.628523
0.588843
0.552532
0.519257
0.488724
0.460667
0.434849
0.41106
0.389109
0.368827
0.350061
0.332674
0.316545
0.301561
0.287624
0.274643
0.262538
0.251235
0.240669
0.230779
0.221512
0.212817
0.204651
0.196972
0.189744
0.182932
0.176507
0.17044
0.164705
0.159279
0.15414
0.149268
0.144646
0.140257
0.136085
0.132116
0.128337
0.124736
0.121302
0.118025
0.114895
0.111904
0.109042
0.106303
0.10368
0.101165
0.0987531
0.0964382
0.094215
0.0920786
0.0900242
0.0880475
0.0861445
0.0843113
0.0825443
0.0808402
0.0791958
0.0776081
0.0760744
0.0745918
0.0731581
0.0717708
0.0704276
0.0691265
0.0678654
0.0666425
0.0654559
0.064304
0.063185
0.0620974
0.0610398
0.0600107
0.0590087
0.0580327
0.0570815
0.0561538
0.0552487
0.0543653
0.0535027
0.0526602
0.0518375
0.0510343
0.0502506
0.049487
0.0487448
0.0480257
0.047333
0.0466713
0.0460473
0.0454707
0.0449551
0.0445197
0.0441908
0.0440042
0.961692
0.892185
0.829085
0.771728
0.719523
0.671944
0.628523
0.588843
0.552532
0.519257
0.488724
0.460667
0.434849
0.41106
0.389109
0.368826
0.350061
0.332674
0.316544
0.301561
0.287623
0.274643
0.262538
0.251235
0.240669
0.230779
0.221511
0.212817
0.20465
0.196972
0.189743
0.182932
0.176507
0.170439
0.164704
0.159278
0.154139
0.149268
0.144646
0.140256
0.136084
0.132115
0.128336
0.124735
0.121302
0.118025
0.114895
0.111903
0.109041
0.106302
0.103679
0.101164
0.0987522
0.0964372
0.094214
0.0920775
0.0900231
0.0880464
0.0861434
0.0843101
0.0825431
0.080839
0.0791946
0.0776069
0.0760731
0.0745905
0.0731568
0.0717694
0.0704262
0.0691251
0.067864
0.0666411
0.0654545
0.0643025
0.0631835
0.0620959
0.0610383
0.0600092
0.0590072
0.0580312
0.05708
0.0561523
0.0552472
0.0543638
0.0535012
0.0526588
0.0518361
0.0510329
0.0502493
0.0494858
0.0487436
0.0480246
0.047332
0.0466703
0.0460463
0.0454698
0.0449542
0.0445188
0.04419
0.0440034
0.961692
0.892185
0.829085
0.771728
0.719523
0.671944
0.628523
0.588843
0.552532
0.519257
0.488724
0.460667
0.434849
0.41106
0.389109
0.368826
0.35006
0.332674
0.316544
0.301561
0.287623
0.274642
0.262537
0.251235
0.240669
0.230779
0.221511
0.212817
0.20465
0.196971
0.189743
0.182932
0.176506
0.170439
0.164704
0.159278
0.154139
0.149267
0.144645
0.140256
0.136084
0.132115
0.128336
0.124735
0.121301
0.118024
0.114894
0.111902
0.109041
0.106302
0.103678
0.101163
0.0987514
0.0964365
0.0942133
0.0920767
0.0900223
0.0880456
0.0861425
0.0843093
0.0825423
0.0808381
0.0791937
0.077606
0.0760722
0.0745896
0.0731558
0.0717685
0.0704253
0.0691242
0.0678631
0.0666401
0.0654535
0.0643016
0.0631826
0.062095
0.0610374
0.0600083
0.0590064
0.0580304
0.0570792
0.0561515
0.0552465
0.0543631
0.0535006
0.0526583
0.0518357
0.0510325
0.050249
0.0494856
0.0487434
0.0480245
0.047332
0.0466704
0.0460465
0.04547
0.0449545
0.0445191
0.0441903
0.0440038
0.961692
0.892185
0.829085
0.771728
0.719523
0.671944
0.628523
0.588843
0.552532
0.519257
0.488724
0.460666
0.434849
0.411059
0.389109
0.368826
0.35006
0.332674
0.316544
0.30156
0.287623
0.274642
0.262537
0.251235
0.240668
0.230779
0.221511
0.212816
0.20465
0.196971
0.189743
0.182931
0.176506
0.170439
0.164704
0.159277
0.154138
0.149267
0.144645
0.140255
0.136083
0.132114
0.128335
0.124735
0.121301
0.118024
0.114894
0.111902
0.10904
0.106301
0.103678
0.101163
0.098751
0.096436
0.0942128
0.0920763
0.0900218
0.0880451
0.086142
0.0843088
0.0825418
0.0808376
0.0791932
0.0776054
0.0760716
0.0745891
0.0731553
0.071768
0.0704248
0.0691237
0.0678626
0.0666397
0.0654531
0.0643012
0.0631822
0.0620947
0.0610371
0.0600081
0.0590062
0.0580303
0.0570791
0.0561516
0.0552466
0.0543633
0.0535009
0.0526587
0.0518362
0.0510331
0.0502497
0.0494864
0.0487444
0.0480256
0.0473331
0.0466717
0.0460479
0.0454714
0.044956
0.0445207
0.0441919
0.0440053
0.961692
0.892185
0.829085
0.771728
0.719523
0.671944
0.628523
0.588843
0.552532
0.519257
0.488724
0.460666
0.434849
0.411059
0.389108
0.368826
0.35006
0.332674
0.316544
0.30156
0.287623
0.274642
0.262537
0.251234
0.240668
0.230778
0.221511
0.212816
0.20465
0.196971
0.189743
0.182931
0.176506
0.170439
0.164704
0.159277
0.154138
0.149267
0.144645
0.140255
0.136083
0.132114
0.128335
0.124734
0.1213
0.118023
0.114893
0.111902
0.10904
0.106301
0.103677
0.101163
0.0987508
0.0964358
0.0942126
0.0920761
0.0900216
0.0880449
0.0861419
0.0843086
0.0825416
0.0808375
0.0791931
0.0776054
0.0760716
0.0745891
0.0731553
0.071768
0.0704249
0.0691238
0.0678628
0.0666399
0.0654534
0.0643015
0.0631826
0.0620951
0.0610376
0.0600086
0.0590068
0.058031
0.0570799
0.0561525
0.0552477
0.0543645
0.0535022
0.0526601
0.0518377
0.0510348
0.0502515
0.0494884
0.0487465
0.0480279
0.0473356
0.0466742
0.0460505
0.0454742
0.0449588
0.0445235
0.0441947
0.0440082
0.961692
0.892185
0.829085
0.771728
0.719523
0.671944
0.628523
0.588843
0.552531
0.519257
0.488724
0.460666
0.434849
0.411059
0.389108
0.368826
0.35006
0.332674
0.316544
0.30156
0.287623
0.274642
0.262537
0.251234
0.240668
0.230778
0.221511
0.212816
0.20465
0.196971
0.189743
0.182931
0.176506
0.170438
0.164703
0.159277
0.154138
0.149267
0.144645
0.140255
0.136083
0.132114
0.128335
0.124734
0.121301
0.118023
0.114893
0.111902
0.10904
0.106301
0.103678
0.101163
0.0987509
0.096436
0.0942127
0.0920763
0.0900218
0.0880452
0.0861421
0.0843089
0.0825419
0.0808378
0.0791934
0.0776058
0.076072
0.0745895
0.0731559
0.0717686
0.0704255
0.0691245
0.0678635
0.0666407
0.0654542
0.0643024
0.0631836
0.0620962
0.0610388
0.0600099
0.0590083
0.0580326
0.0570816
0.0561543
0.0552496
0.0543666
0.0535045
0.0526625
0.0518403
0.0510376
0.0502545
0.0494916
0.0487499
0.0480314
0.0473393
0.0466781
0.0460545
0.0454783
0.044963
0.0445277
0.044199
0.0440123
0.961692
0.892185
0.829085
0.771728
0.719523
0.671944
0.628523
0.588843
0.552531
0.519257
0.488724
0.460666
0.434849
0.411059
0.389108
0.368826
0.35006
0.332674
0.316544
0.30156
0.287623
0.274642
0.262537
0.251234
0.240668
0.230778
0.221511
0.212816
0.20465
0.196971
0.189743
0.182931
0.176506
0.170439
0.164704
0.159277
0.154138
0.149267
0.144645
0.140255
0.136083
0.132114
0.128335
0.124735
0.121301
0.118024
0.114894
0.111902
0.10904
0.106301
0.103678
0.101163
0.0987512
0.0964363
0.0942131
0.0920767
0.0900223
0.0880456
0.0861426
0.0843094
0.0825425
0.0808384
0.0791941
0.0776065
0.0760728
0.0745904
0.0731567
0.0717695
0.0704265
0.0691255
0.0678646
0.0666419
0.0654555
0.0643038
0.063185
0.0620977
0.0610404
0.0600117
0.0590101
0.0580346
0.0570838
0.0561566
0.0552521
0.0543692
0.0535072
0.0526655
0.0518435
0.051041
0.050258
0.0494953
0.0487538
0.0480355
0.0473435
0.0466825
0.046059
0.0454829
0.0449676
0.0445325
0.0442036
0.0440163
)
;

boundaryField
{
    inlet
    {
        type            fixedValue;
        value           uniform 1;
    }
    outlet
    {
        type            inletOutlet;
        inletValue      uniform 1;
        value           nonuniform List<scalar> 
100
(
0.0439497
0.0439505
0.0439522
0.0439547
0.043958
0.0439619
0.0439666
0.0439718
0.0439777
0.0439841
0.0439909
0.0439982
0.0440059
0.044014
0.0440223
0.0440309
0.0440396
0.0440485
0.0440576
0.0440667
0.0440758
0.0440849
0.044094
0.044103
0.044112
0.0441207
0.0441294
0.0441378
0.044146
0.044154
0.0441618
0.0441692
0.0441764
0.0441833
0.0441898
0.044196
0.0442019
0.0442073
0.0442125
0.0442172
0.0442215
0.0442254
0.0442289
0.044232
0.0442347
0.044237
0.0442388
0.0442401
0.0442411
0.0442416
0.0442417
0.0442413
0.0442405
0.0442393
0.0442376
0.0442355
0.044233
0.0442301
0.0442268
0.044223
0.0442189
0.0442144
0.0442095
0.0442043
0.0441987
0.0441928
0.0441865
0.04418
0.0441732
0.0441661
0.0441588
0.0441512
0.0441435
0.0441356
0.0441275
0.0441194
0.0441112
0.0441029
0.0440946
0.0440864
0.0440782
0.0440701
0.0440623
0.0440546
0.0440473
0.0440402
0.0440336
0.0440274
0.0440218
0.0440167
0.0440124
0.0440088
0.044006
0.0440042
0.0440034
0.0440038
0.0440053
0.0440082
0.0440123
0.0440163
)
;
    }
    ground
    {
        type            empty;
    }
    top
    {
        type            empty;
    }
    front
    {
        type            inletOutlet;
        inletValue      uniform 1;
        value           nonuniform List<scalar> 
100
(
0.961692
0.892185
0.829085
0.771728
0.719523
0.671944
0.628523
0.588843
0.552532
0.519257
0.488724
0.460666
0.434849
0.411059
0.389108
0.368826
0.35006
0.332674
0.316544
0.30156
0.287623
0.274642
0.262537
0.251234
0.240668
0.230778
0.221511
0.212816
0.20465
0.196971
0.189742
0.182931
0.176506
0.170438
0.164703
0.159277
0.154138
0.149266
0.144644
0.140254
0.136082
0.132113
0.128334
0.124733
0.121299
0.118022
0.114892
0.1119
0.109038
0.106299
0.103675
0.10116
0.0987481
0.096433
0.0942095
0.0920727
0.090018
0.088041
0.0861376
0.084304
0.0825366
0.0808321
0.0791872
0.077599
0.0760647
0.0745817
0.0731473
0.0717593
0.0704155
0.0691136
0.0678517
0.0666279
0.0654404
0.0642874
0.0631674
0.0620786
0.0610197
0.0599893
0.0589859
0.0580084
0.0570555
0.0561261
0.0552192
0.0543338
0.0534691
0.0526246
0.0517997
0.0509942
0.0502083
0.0494426
0.0486982
0.0479772
0.0472827
0.0466194
0.0459941
0.0454166
0.0449005
0.0444648
0.0441361
0.0439497
)
;
    }
    back
    {
        type            inletOutlet;
        inletValue      uniform 1;
        value           nonuniform List<scalar> 
100
(
0.961692
0.892185
0.829085
0.771728
0.719523
0.671944
0.628523
0.588843
0.552531
0.519257
0.488724
0.460666
0.434849
0.411059
0.389108
0.368826
0.35006
0.332674
0.316544
0.30156
0.287623
0.274642
0.262537
0.251234
0.240668
0.230778
0.221511
0.212816
0.20465
0.196971
0.189743
0.182931
0.176506
0.170439
0.164704
0.159277
0.154138
0.149267
0.144645
0.140255
0.136083
0.132114
0.128335
0.124735
0.121301
0.118024
0.114894
0.111902
0.10904
0.106301
0.103678
0.101163
0.0987512
0.0964363
0.0942131
0.0920767
0.0900223
0.0880456
0.0861426
0.0843094
0.0825425
0.0808384
0.0791941
0.0776065
0.0760728
0.0745904
0.0731567
0.0717695
0.0704265
0.0691255
0.0678646
0.0666419
0.0654555
0.0643038
0.063185
0.0620977
0.0610404
0.0600117
0.0590101
0.0580346
0.0570838
0.0561566
0.0552521
0.0543692
0.0535072
0.0526655
0.0518435
0.051041
0.050258
0.0494953
0.0487538
0.0480355
0.0473435
0.0466825
0.046059
0.0454829
0.0449676
0.0445325
0.0442036
0.0440163
)
;
    }
}


// ************************************************************************* //
