/*--------------------------------*- C++ -*----------------------------------*\
  =========                 |
  \\      /  F ield         | OpenFOAM: The Open Source CFD Toolbox
   \\    /   O peration     | Website:  https://openfoam.org
    \\  /    A nd           | Version:  11
     \\/     M anipulation  |
\*---------------------------------------------------------------------------*/
FoamFile
{
    format      ascii;
    class       volScalarField;
    location    "766";
    object      omega;
}
// * * * * * * * * * * * * * * * * * * * * * * * * * * * * * * * * * * * * * //

dimensions      [0 0 -1 0 0 0 0];

internalField   nonuniform List<scalar> 
10000
(
0.961692
0.892185
0.829084
0.771728
0.719523
0.671944
0.628523
0.588843
0.552532
0.519258
0.488725
0.460668
0.434851
0.411062
0.389111
0.36883
0.350064
0.332679
0.31655
0.301567
0.28763
0.27465
0.262546
0.251244
0.240679
0.23079
0.221524
0.212831
0.204665
0.196988
0.189761
0.182951
0.176527
0.170462
0.164728
0.159304
0.154167
0.149297
0.144677
0.14029
0.13612
0.132154
0.128377
0.124779
0.121348
0.118074
0.114946
0.111958
0.1091
0.106364
0.103744
0.101233
0.0988246
0.0965136
0.0942946
0.0921625
0.0901126
0.0881407
0.0862427
0.0844147
0.0826532
0.0809549
0.0793166
0.0777353
0.0762082
0.0747328
0.0733065
0.0719271
0.0705922
0.0692999
0.0680482
0.0668351
0.065659
0.064518
0.0634108
0.0623356
0.0612912
0.060276
0.0592889
0.0583286
0.0573938
0.0564836
0.0555969
0.0547328
0.0538903
0.0530688
0.0522677
0.0514866
0.0507254
0.0499843
0.0492642
0.0485665
0.0478938
0.0472502
0.0466418
0.0460776
0.0455708
0.0451403
0.0448128
0.0446259
0.961692
0.892185
0.829084
0.771728
0.719523
0.671944
0.628523
0.588843
0.552532
0.519258
0.488725
0.460668
0.434851
0.411062
0.389111
0.36883
0.350064
0.332679
0.31655
0.301567
0.28763
0.27465
0.262546
0.251244
0.240679
0.230791
0.221524
0.212831
0.204666
0.196988
0.189761
0.182951
0.176528
0.170462
0.164729
0.159304
0.154167
0.149298
0.144677
0.14029
0.13612
0.132154
0.128377
0.124779
0.121348
0.118074
0.114947
0.111958
0.1091
0.106364
0.103744
0.101233
0.0988247
0.0965138
0.0942947
0.0921626
0.0901128
0.0881409
0.0862428
0.0844149
0.0826534
0.0809551
0.0793167
0.0777354
0.0762084
0.074733
0.0733067
0.0719273
0.0705924
0.0693001
0.0680484
0.0668353
0.0656592
0.0645183
0.063411
0.0623359
0.0612915
0.0602763
0.0592892
0.0583289
0.0573942
0.056484
0.0555973
0.0547331
0.0538907
0.0530692
0.0522681
0.051487
0.0507258
0.0499847
0.0492646
0.048567
0.0478943
0.0472507
0.0466423
0.0460781
0.0455713
0.0451407
0.0448133
0.0446264
0.961692
0.892185
0.829084
0.771728
0.719523
0.671944
0.628523
0.588843
0.552532
0.519258
0.488725
0.460668
0.434851
0.411062
0.389111
0.36883
0.350064
0.332679
0.31655
0.301567
0.28763
0.27465
0.262546
0.251244
0.240679
0.230791
0.221524
0.212831
0.204666
0.196988
0.189761
0.182951
0.176528
0.170462
0.164729
0.159304
0.154167
0.149298
0.144678
0.14029
0.13612
0.132154
0.128377
0.124779
0.121348
0.118074
0.114947
0.111958
0.1091
0.106364
0.103744
0.101233
0.0988249
0.096514
0.094295
0.0921628
0.090113
0.0881411
0.0862431
0.0844152
0.0826537
0.0809554
0.0793171
0.0777358
0.0762088
0.0747334
0.0733071
0.0719277
0.0705929
0.0693006
0.0680489
0.0668358
0.0656597
0.0645188
0.0634116
0.0623364
0.061292
0.0602769
0.0592898
0.0583295
0.0573948
0.0564847
0.055598
0.0547338
0.0538914
0.0530699
0.0522689
0.0514878
0.0507266
0.0499856
0.0492655
0.0485678
0.0478952
0.0472516
0.0466432
0.046079
0.0455722
0.0451417
0.0448142
0.0446274
0.961692
0.892185
0.829084
0.771728
0.719523
0.671944
0.628523
0.588843
0.552532
0.519258
0.488725
0.460668
0.434851
0.411062
0.389111
0.36883
0.350064
0.332679
0.31655
0.301567
0.28763
0.27465
0.262546
0.251244
0.240679
0.230791
0.221524
0.212831
0.204666
0.196988
0.189761
0.182951
0.176528
0.170462
0.164729
0.159304
0.154167
0.149298
0.144678
0.14029
0.136121
0.132154
0.128378
0.124779
0.121348
0.118074
0.114947
0.111958
0.1091
0.106364
0.103744
0.101233
0.0988252
0.0965143
0.0942953
0.0921632
0.0901134
0.0881415
0.0862435
0.0844156
0.0826542
0.0809559
0.0793176
0.0777363
0.0762093
0.0747339
0.0733077
0.0719283
0.0705935
0.0693012
0.0680495
0.0668365
0.0656604
0.0645195
0.0634123
0.0623372
0.0612928
0.0602778
0.0592907
0.0583304
0.0573958
0.0564856
0.055599
0.0547349
0.0538925
0.0530711
0.05227
0.051489
0.0507278
0.0499868
0.0492668
0.0485692
0.0478965
0.047253
0.0466446
0.0460804
0.0455736
0.0451431
0.0448156
0.0446288
0.961692
0.892185
0.829084
0.771728
0.719523
0.671944
0.628523
0.588843
0.552532
0.519258
0.488725
0.460668
0.434851
0.411062
0.389111
0.36883
0.350064
0.332679
0.31655
0.301567
0.28763
0.27465
0.262546
0.251245
0.240679
0.230791
0.221524
0.212831
0.204666
0.196988
0.189761
0.182952
0.176528
0.170462
0.164729
0.159304
0.154167
0.149298
0.144678
0.140291
0.136121
0.132154
0.128378
0.12478
0.121349
0.118074
0.114947
0.111959
0.1091
0.106365
0.103745
0.101234
0.0988256
0.0965148
0.0942958
0.0921637
0.0901139
0.088142
0.0862441
0.0844162
0.0826547
0.0809565
0.0793182
0.077737
0.07621
0.0747346
0.0733084
0.0719291
0.0705943
0.0693021
0.0680504
0.0668374
0.0656614
0.0645205
0.0634133
0.0623383
0.0612939
0.0602789
0.0592919
0.0583316
0.057397
0.0564869
0.0556003
0.0547363
0.0538939
0.0530725
0.0522715
0.0514905
0.0507294
0.0499885
0.0492685
0.0485709
0.0478983
0.0472547
0.0466464
0.0460822
0.0455754
0.0451449
0.0448175
0.0446306
0.961692
0.892185
0.829084
0.771728
0.719523
0.671944
0.628523
0.588843
0.552532
0.519258
0.488725
0.460668
0.434851
0.411062
0.389111
0.36883
0.350064
0.332679
0.31655
0.301567
0.28763
0.27465
0.262546
0.251245
0.240679
0.230791
0.221524
0.212831
0.204666
0.196988
0.189762
0.182952
0.176528
0.170462
0.164729
0.159305
0.154168
0.149298
0.144678
0.140291
0.136121
0.132154
0.128378
0.12478
0.121349
0.118075
0.114948
0.111959
0.109101
0.106365
0.103745
0.101234
0.0988262
0.0965153
0.0942963
0.0921643
0.0901145
0.0881427
0.0862447
0.0844169
0.0826555
0.0809572
0.079319
0.0777378
0.0762109
0.0747355
0.0733094
0.07193
0.0705953
0.0693031
0.0680515
0.0668385
0.0656625
0.0645217
0.0634146
0.0623396
0.0612953
0.0602803
0.0592933
0.0583331
0.0573986
0.0564885
0.055602
0.054738
0.0538957
0.0530743
0.0522734
0.0514925
0.0507314
0.0499905
0.0492705
0.048573
0.0479004
0.0472569
0.0466486
0.0460844
0.0455777
0.0451472
0.0448197
0.0446328
0.961692
0.892184
0.829084
0.771728
0.719523
0.671944
0.628523
0.588843
0.552532
0.519258
0.488725
0.460668
0.434851
0.411062
0.389111
0.36883
0.350065
0.332679
0.31655
0.301567
0.28763
0.27465
0.262546
0.251245
0.24068
0.230791
0.221524
0.212831
0.204666
0.196989
0.189762
0.182952
0.176528
0.170463
0.164729
0.159305
0.154168
0.149298
0.144678
0.140291
0.136121
0.132155
0.128378
0.12478
0.121349
0.118075
0.114948
0.11196
0.109101
0.106366
0.103746
0.101235
0.0988268
0.0965159
0.094297
0.092165
0.0901152
0.0881434
0.0862455
0.0844177
0.0826563
0.0809581
0.0793199
0.0777388
0.0762119
0.0747366
0.0733105
0.0719312
0.0705965
0.0693043
0.0680527
0.0668398
0.0656639
0.0645231
0.063416
0.0623411
0.0612968
0.0602819
0.059295
0.0583349
0.0574004
0.0564904
0.0556039
0.0547399
0.0538977
0.0530764
0.0522756
0.0514947
0.0507337
0.0499929
0.0492729
0.0485754
0.047903
0.0472595
0.0466512
0.0460871
0.0455803
0.0451498
0.0448224
0.0446355
0.961692
0.892184
0.829084
0.771728
0.719523
0.671944
0.628523
0.588843
0.552532
0.519258
0.488725
0.460668
0.434851
0.411062
0.389111
0.36883
0.350065
0.332679
0.31655
0.301567
0.28763
0.27465
0.262546
0.251245
0.24068
0.230791
0.221525
0.212831
0.204666
0.196989
0.189762
0.182952
0.176528
0.170463
0.16473
0.159305
0.154168
0.149299
0.144679
0.140292
0.136122
0.132155
0.128379
0.124781
0.12135
0.118076
0.114949
0.11196
0.109102
0.106366
0.103746
0.101235
0.0988274
0.0965166
0.0942977
0.0921658
0.0901161
0.0881443
0.0862464
0.0844186
0.0826573
0.0809591
0.079321
0.0777399
0.076213
0.0747378
0.0733117
0.0719324
0.0705978
0.0693057
0.0680542
0.0668413
0.0656654
0.0645247
0.0634177
0.0623428
0.0612986
0.0602837
0.0592969
0.0583368
0.0574024
0.0564925
0.0556061
0.0547422
0.0539
0.0530788
0.052278
0.0514972
0.0507363
0.0499955
0.0492757
0.0485783
0.0479058
0.0472624
0.0466541
0.04609
0.0455833
0.0451528
0.0448254
0.0446385
0.961692
0.892184
0.829084
0.771728
0.719523
0.671944
0.628523
0.588843
0.552532
0.519258
0.488725
0.460668
0.434851
0.411062
0.389112
0.36883
0.350065
0.332679
0.31655
0.301567
0.28763
0.274651
0.262546
0.251245
0.24068
0.230791
0.221525
0.212831
0.204666
0.196989
0.189762
0.182952
0.176529
0.170463
0.16473
0.159305
0.154168
0.149299
0.144679
0.140292
0.136122
0.132156
0.128379
0.124781
0.12135
0.118076
0.114949
0.111961
0.109102
0.106367
0.103747
0.101236
0.0988282
0.0965174
0.0942986
0.0921666
0.090117
0.0881452
0.0862474
0.0844196
0.0826584
0.0809603
0.0793221
0.0777411
0.0762143
0.0747391
0.0733131
0.0719339
0.0705993
0.0693072
0.0680558
0.066843
0.0656671
0.0645265
0.0634195
0.0623447
0.0613006
0.0602858
0.059299
0.058339
0.0574047
0.0564948
0.0556085
0.0547447
0.0539026
0.0530815
0.0522808
0.0515001
0.0507392
0.0499985
0.0492787
0.0485814
0.047909
0.0472657
0.0466574
0.0460934
0.0455867
0.0451562
0.0448288
0.0446419
0.961692
0.892184
0.829084
0.771727
0.719523
0.671944
0.628523
0.588843
0.552532
0.519258
0.488725
0.460668
0.434851
0.411062
0.389112
0.36883
0.350065
0.332679
0.31655
0.301567
0.28763
0.274651
0.262546
0.251245
0.24068
0.230791
0.221525
0.212831
0.204666
0.196989
0.189762
0.182952
0.176529
0.170463
0.16473
0.159306
0.154169
0.149299
0.144679
0.140292
0.136123
0.132156
0.12838
0.124782
0.121351
0.118077
0.11495
0.111961
0.109103
0.106368
0.103748
0.101237
0.098829
0.0965183
0.0942995
0.0921676
0.090118
0.0881463
0.0862485
0.0844208
0.0826596
0.0809615
0.0793234
0.0777424
0.0762156
0.0747405
0.0733146
0.0719354
0.0706009
0.0693089
0.0680575
0.0668448
0.065669
0.0645284
0.0634216
0.0623468
0.0613027
0.060288
0.0593013
0.0583414
0.0574071
0.0564974
0.0556111
0.0547474
0.0539055
0.0530844
0.0522838
0.0515032
0.0507424
0.0500018
0.0492821
0.0485848
0.0479125
0.0472692
0.046661
0.046097
0.0455904
0.0451599
0.0448325
0.0446456
0.961692
0.892184
0.829084
0.771727
0.719523
0.671944
0.628523
0.588843
0.552532
0.519258
0.488725
0.460668
0.434851
0.411062
0.389112
0.36883
0.350065
0.332679
0.31655
0.301567
0.28763
0.274651
0.262547
0.251245
0.24068
0.230791
0.221525
0.212832
0.204667
0.196989
0.189762
0.182953
0.176529
0.170464
0.16473
0.159306
0.154169
0.1493
0.14468
0.140293
0.136123
0.132157
0.12838
0.124782
0.121351
0.118077
0.11495
0.111962
0.109104
0.106368
0.103749
0.101238
0.0988299
0.0965192
0.0943004
0.0921686
0.090119
0.0881474
0.0862497
0.084422
0.0826608
0.0809628
0.0793248
0.0777438
0.0762171
0.0747421
0.0733162
0.0719371
0.0706026
0.0693107
0.0680594
0.0668467
0.065671
0.0645305
0.0634237
0.062349
0.0613051
0.0602904
0.0593038
0.058344
0.0574098
0.0565001
0.055614
0.0547504
0.0539085
0.0530876
0.052287
0.0515065
0.0507458
0.0500053
0.0492857
0.0485885
0.0479163
0.0472731
0.0466649
0.046101
0.0455943
0.0451639
0.0448365
0.0446495
0.961692
0.892184
0.829084
0.771727
0.719523
0.671944
0.628523
0.588843
0.552532
0.519258
0.488725
0.460668
0.434851
0.411062
0.389112
0.36883
0.350065
0.332679
0.31655
0.301567
0.287631
0.274651
0.262547
0.251245
0.24068
0.230791
0.221525
0.212832
0.204667
0.196989
0.189763
0.182953
0.176529
0.170464
0.164731
0.159306
0.15417
0.1493
0.14468
0.140293
0.136123
0.132157
0.128381
0.124783
0.121352
0.118078
0.114951
0.111963
0.109105
0.106369
0.103749
0.101239
0.0988309
0.0965202
0.0943015
0.0921697
0.0901202
0.0881486
0.0862509
0.0844233
0.0826622
0.0809642
0.0793263
0.0777454
0.0762187
0.0747437
0.0733179
0.0719389
0.0706045
0.0693126
0.0680614
0.0668488
0.0656731
0.0645328
0.063426
0.0623514
0.0613075
0.060293
0.0593065
0.0583467
0.0574126
0.0565031
0.055617
0.0547535
0.0539117
0.0530909
0.0522905
0.05151
0.0507495
0.0500091
0.0492895
0.0485924
0.0479203
0.0472771
0.0466691
0.0461052
0.0455986
0.0451682
0.0448408
0.0446538
0.961692
0.892184
0.829084
0.771727
0.719523
0.671944
0.628523
0.588843
0.552532
0.519258
0.488725
0.460668
0.434851
0.411062
0.389112
0.36883
0.350065
0.332679
0.31655
0.301567
0.287631
0.274651
0.262547
0.251245
0.24068
0.230792
0.221525
0.212832
0.204667
0.19699
0.189763
0.182953
0.17653
0.170464
0.164731
0.159307
0.15417
0.149301
0.144681
0.140294
0.136124
0.132158
0.128381
0.124783
0.121353
0.118079
0.114952
0.111964
0.109105
0.10637
0.10375
0.10124
0.0988318
0.0965213
0.0943026
0.0921708
0.0901213
0.0881498
0.0862522
0.0844246
0.0826636
0.0809657
0.0793278
0.077747
0.0762204
0.0747454
0.0733197
0.0719407
0.0706064
0.0693146
0.0680635
0.066851
0.0656754
0.0645351
0.0634284
0.0623539
0.0613101
0.0602957
0.0593093
0.0583496
0.0574156
0.0565062
0.0556202
0.0547568
0.0539151
0.0530944
0.0522941
0.0515138
0.0507533
0.050013
0.0492936
0.0485966
0.0479245
0.0472815
0.0466735
0.0461096
0.0456031
0.0451727
0.0448453
0.0446583
0.961692
0.892184
0.829084
0.771727
0.719523
0.671944
0.628523
0.588843
0.552532
0.519258
0.488725
0.460668
0.434851
0.411062
0.389112
0.36883
0.350065
0.332679
0.31655
0.301567
0.287631
0.274651
0.262547
0.251245
0.24068
0.230792
0.221525
0.212832
0.204667
0.19699
0.189763
0.182953
0.17653
0.170464
0.164731
0.159307
0.15417
0.149301
0.144681
0.140294
0.136125
0.132158
0.128382
0.124784
0.121353
0.118079
0.114953
0.111964
0.109106
0.106371
0.103751
0.101241
0.0988329
0.0965223
0.0943037
0.092172
0.0901226
0.0881511
0.0862535
0.084426
0.0826651
0.0809672
0.0793294
0.0777486
0.0762221
0.0747472
0.0733215
0.0719427
0.0706084
0.0693168
0.0680656
0.0668532
0.0656778
0.0645375
0.063431
0.0623566
0.0613129
0.0602985
0.0593122
0.0583526
0.0574187
0.0565094
0.0556236
0.0547603
0.0539187
0.0530981
0.0522979
0.0515177
0.0507573
0.0500171
0.0492978
0.0486009
0.047929
0.047286
0.0466781
0.0461143
0.0456077
0.0451774
0.04485
0.044663
0.961692
0.892184
0.829084
0.771727
0.719523
0.671944
0.628523
0.588843
0.552532
0.519258
0.488725
0.460668
0.434851
0.411062
0.389112
0.36883
0.350065
0.332679
0.31655
0.301567
0.287631
0.274651
0.262547
0.251245
0.24068
0.230792
0.221526
0.212832
0.204667
0.19699
0.189763
0.182954
0.17653
0.170465
0.164732
0.159308
0.154171
0.149301
0.144682
0.140295
0.136125
0.132159
0.128383
0.124785
0.121354
0.11808
0.114953
0.111965
0.109107
0.106372
0.103752
0.101242
0.0988339
0.0965235
0.0943049
0.0921732
0.0901239
0.0881525
0.0862549
0.0844275
0.0826666
0.0809688
0.0793311
0.0777504
0.0762239
0.0747491
0.0733235
0.0719447
0.0706105
0.0693189
0.0680679
0.0668556
0.0656802
0.0645401
0.0634336
0.0623593
0.0613157
0.0603014
0.0593152
0.0583558
0.057422
0.0565127
0.055627
0.0547638
0.0539224
0.0531019
0.0523018
0.0515217
0.0507615
0.0500214
0.0493022
0.0486054
0.0479335
0.0472906
0.0466828
0.0461191
0.0456126
0.0451823
0.0448549
0.0446679
0.961692
0.892184
0.829084
0.771727
0.719523
0.671944
0.628523
0.588843
0.552532
0.519258
0.488725
0.460668
0.434851
0.411062
0.389112
0.36883
0.350065
0.332679
0.31655
0.301567
0.287631
0.274651
0.262547
0.251246
0.240681
0.230792
0.221526
0.212832
0.204668
0.19699
0.189764
0.182954
0.17653
0.170465
0.164732
0.159308
0.154171
0.149302
0.144682
0.140295
0.136126
0.132159
0.128383
0.124785
0.121355
0.118081
0.114954
0.111966
0.109108
0.106373
0.103753
0.101243
0.098835
0.0965246
0.0943061
0.0921745
0.0901252
0.0881538
0.0862564
0.084429
0.0826681
0.0809704
0.0793328
0.0777521
0.0762258
0.074751
0.0733255
0.0719468
0.0706127
0.0693212
0.0680702
0.066858
0.0656827
0.0645427
0.0634363
0.0623621
0.0613186
0.0603044
0.0593183
0.058359
0.0574253
0.0565162
0.0556306
0.0547675
0.0539262
0.0531058
0.0523058
0.0515259
0.0507658
0.0500258
0.0493067
0.04861
0.0479383
0.0472955
0.0466877
0.0461241
0.0456176
0.0451874
0.04486
0.044673
0.961692
0.892184
0.829084
0.771727
0.719523
0.671944
0.628523
0.588843
0.552532
0.519258
0.488725
0.460668
0.434851
0.411062
0.389112
0.36883
0.350065
0.332679
0.31655
0.301567
0.287631
0.274651
0.262547
0.251246
0.240681
0.230792
0.221526
0.212833
0.204668
0.196991
0.189764
0.182954
0.176531
0.170465
0.164732
0.159308
0.154172
0.149302
0.144683
0.140296
0.136126
0.13216
0.128384
0.124786
0.121355
0.118082
0.114955
0.111967
0.109109
0.106374
0.103754
0.101244
0.0988361
0.0965258
0.0943073
0.0921758
0.0901265
0.0881552
0.0862579
0.0844305
0.0826698
0.0809721
0.0793345
0.0777539
0.0762276
0.074753
0.0733275
0.0719489
0.0706149
0.0693235
0.0680726
0.0668605
0.0656852
0.0645453
0.063439
0.0623649
0.0613215
0.0603075
0.0593214
0.0583622
0.0574287
0.0565197
0.0556342
0.0547713
0.05393
0.0531098
0.05231
0.0515301
0.0507702
0.0500303
0.0493114
0.0486148
0.0479431
0.0473004
0.0466927
0.0461292
0.0456228
0.0451925
0.0448652
0.0446782
0.961692
0.892184
0.829084
0.771727
0.719522
0.671944
0.628523
0.588843
0.552532
0.519258
0.488725
0.460668
0.434851
0.411062
0.389112
0.36883
0.350065
0.332679
0.31655
0.301567
0.287631
0.274651
0.262547
0.251246
0.240681
0.230792
0.221526
0.212833
0.204668
0.196991
0.189764
0.182955
0.176531
0.170466
0.164733
0.159309
0.154172
0.149303
0.144683
0.140296
0.136127
0.132161
0.128385
0.124787
0.121356
0.118082
0.114956
0.111968
0.10911
0.106375
0.103755
0.101245
0.0988373
0.096527
0.0943085
0.0921771
0.0901279
0.0881567
0.0862593
0.0844321
0.0826714
0.0809738
0.0793363
0.0777558
0.0762296
0.074755
0.0733296
0.0719511
0.0706172
0.0693258
0.068075
0.066863
0.0656879
0.064548
0.0634418
0.0623678
0.0613245
0.0603106
0.0593247
0.0583656
0.0574321
0.0565232
0.0556379
0.0547751
0.053934
0.0531139
0.0523142
0.0515345
0.0507746
0.0500349
0.0493161
0.0486196
0.0479481
0.0473055
0.0466979
0.0461344
0.045628
0.0451978
0.0448705
0.0446835
0.961692
0.892184
0.829084
0.771727
0.719522
0.671944
0.628523
0.588843
0.552532
0.519258
0.488725
0.460668
0.434851
0.411062
0.389112
0.36883
0.350065
0.332679
0.31655
0.301567
0.287631
0.274651
0.262547
0.251246
0.240681
0.230792
0.221526
0.212833
0.204668
0.196991
0.189764
0.182955
0.176531
0.170466
0.164733
0.159309
0.154172
0.149303
0.144684
0.140297
0.136127
0.132161
0.128385
0.124788
0.121357
0.118083
0.114957
0.111969
0.109111
0.106376
0.103756
0.101246
0.0988384
0.0965282
0.0943098
0.0921784
0.0901293
0.0881581
0.0862609
0.0844337
0.082673
0.0809755
0.0793381
0.0777576
0.0762315
0.074757
0.0733317
0.0719532
0.0706194
0.0693281
0.0680775
0.0668655
0.0656905
0.0645507
0.0634447
0.0623707
0.0613276
0.0603137
0.0593279
0.058369
0.0574356
0.0565269
0.0556416
0.0547789
0.053938
0.053118
0.0523184
0.0515388
0.0507791
0.0500395
0.0493208
0.0486245
0.0479531
0.0473106
0.0467031
0.0461396
0.0456334
0.0452032
0.0448759
0.0446889
0.961692
0.892184
0.829084
0.771727
0.719522
0.671944
0.628523
0.588843
0.552532
0.519258
0.488725
0.460668
0.434851
0.411062
0.389112
0.36883
0.350065
0.332679
0.31655
0.301567
0.287631
0.274651
0.262547
0.251246
0.240681
0.230793
0.221526
0.212833
0.204668
0.196991
0.189765
0.182955
0.176532
0.170466
0.164733
0.159309
0.154173
0.149304
0.144684
0.140297
0.136128
0.132162
0.128386
0.124788
0.121358
0.118084
0.114957
0.111969
0.109112
0.106377
0.103757
0.101247
0.0988396
0.0965294
0.0943111
0.0921797
0.0901307
0.0881596
0.0862624
0.0844353
0.0826747
0.0809773
0.0793399
0.0777595
0.0762335
0.0747591
0.0733338
0.0719554
0.0706217
0.0693305
0.0680799
0.0668681
0.0656931
0.0645535
0.0634475
0.0623737
0.0613306
0.0603169
0.0593312
0.0583723
0.0574391
0.0565305
0.0556454
0.0547828
0.053942
0.0531221
0.0523227
0.0515433
0.0507837
0.0500442
0.0493256
0.0486294
0.0479581
0.0473157
0.0467083
0.0461449
0.0456388
0.0452086
0.0448813
0.0446943
0.961692
0.892184
0.829084
0.771727
0.719522
0.671944
0.628523
0.588843
0.552532
0.519258
0.488725
0.460668
0.434851
0.411062
0.389112
0.36883
0.350065
0.332679
0.31655
0.301567
0.287631
0.274651
0.262547
0.251246
0.240681
0.230793
0.221527
0.212833
0.204669
0.196991
0.189765
0.182955
0.176532
0.170467
0.164734
0.15931
0.154173
0.149304
0.144685
0.140298
0.136128
0.132162
0.128387
0.124789
0.121358
0.118085
0.114958
0.11197
0.109113
0.106378
0.103758
0.101248
0.0988407
0.0965306
0.0943123
0.0921811
0.0901321
0.088161
0.0862639
0.0844369
0.0826763
0.080979
0.0793417
0.0777614
0.0762354
0.0747611
0.0733359
0.0719576
0.070624
0.0693329
0.0680824
0.0668706
0.0656958
0.0645562
0.0634504
0.0623767
0.0613337
0.0603201
0.0593345
0.0583758
0.0574427
0.0565341
0.0556491
0.0547867
0.053946
0.0531263
0.052327
0.0515477
0.0507882
0.0500489
0.0493305
0.0486344
0.0479632
0.0473209
0.0467136
0.0461503
0.0456442
0.0452141
0.0448868
0.0446998
0.961692
0.892184
0.829084
0.771727
0.719522
0.671944
0.628523
0.588843
0.552532
0.519258
0.488725
0.460668
0.434851
0.411062
0.389111
0.36883
0.350065
0.332679
0.31655
0.301567
0.287631
0.274651
0.262547
0.251246
0.240681
0.230793
0.221527
0.212834
0.204669
0.196992
0.189765
0.182956
0.176532
0.170467
0.164734
0.15931
0.154174
0.149305
0.144685
0.140298
0.136129
0.132163
0.128387
0.12479
0.121359
0.118085
0.114959
0.111971
0.109114
0.106379
0.103759
0.101249
0.0988419
0.0965318
0.0943136
0.0921824
0.0901334
0.0881625
0.0862654
0.0844384
0.082678
0.0809807
0.0793435
0.0777633
0.0762374
0.0747631
0.073338
0.0719598
0.0706263
0.0693353
0.0680848
0.0668732
0.0656984
0.064559
0.0634532
0.0623796
0.0613367
0.0603232
0.0593378
0.0583791
0.0574462
0.0565378
0.0556529
0.0547906
0.05395
0.0531305
0.0523313
0.0515521
0.0507928
0.0500536
0.0493353
0.0486393
0.0479682
0.0473261
0.0467189
0.0461557
0.0456496
0.0452195
0.0448923
0.0447052
0.961692
0.892184
0.829084
0.771727
0.719522
0.671944
0.628523
0.588843
0.552532
0.519258
0.488725
0.460668
0.434851
0.411062
0.389111
0.36883
0.350065
0.332679
0.31655
0.301567
0.287631
0.274651
0.262548
0.251246
0.240681
0.230793
0.221527
0.212834
0.204669
0.196992
0.189765
0.182956
0.176533
0.170467
0.164735
0.159311
0.154174
0.149305
0.144686
0.140299
0.13613
0.132164
0.128388
0.12479
0.12136
0.118086
0.11496
0.111972
0.109115
0.10638
0.10376
0.10125
0.098843
0.096533
0.0943149
0.0921837
0.0901348
0.0881639
0.0862669
0.08444
0.0826796
0.0809824
0.0793452
0.0777651
0.0762393
0.0747651
0.0733401
0.071962
0.0706285
0.0693376
0.0680873
0.0668757
0.0657011
0.0645617
0.063456
0.0623825
0.0613398
0.0603264
0.059341
0.0583825
0.0574497
0.0565414
0.0556566
0.0547945
0.053954
0.0531346
0.0523355
0.0515565
0.0507973
0.0500583
0.0493401
0.0486442
0.0479733
0.0473312
0.0467241
0.046161
0.045655
0.045225
0.0448977
0.0447107
0.961692
0.892184
0.829084
0.771727
0.719522
0.671944
0.628523
0.588843
0.552532
0.519258
0.488725
0.460668
0.434851
0.411062
0.389111
0.36883
0.350065
0.332679
0.31655
0.301567
0.287631
0.274652
0.262548
0.251246
0.240681
0.230793
0.221527
0.212834
0.204669
0.196992
0.189766
0.182956
0.176533
0.170468
0.164735
0.159311
0.154175
0.149306
0.144686
0.140299
0.13613
0.132164
0.128388
0.124791
0.121361
0.118087
0.114961
0.111973
0.109115
0.106381
0.103761
0.101251
0.0988441
0.0965342
0.0943161
0.092185
0.0901362
0.0881654
0.0862684
0.0844416
0.0826813
0.0809841
0.079347
0.077767
0.0762412
0.0747671
0.0733422
0.0719642
0.0706308
0.0693399
0.0680897
0.0668782
0.0657037
0.0645644
0.0634588
0.0623854
0.0613428
0.0603295
0.0593443
0.0583859
0.0574531
0.056545
0.0556603
0.0547983
0.053958
0.0531387
0.0523398
0.0515609
0.0508018
0.0500629
0.0493448
0.0486491
0.0479783
0.0473363
0.0467293
0.0461663
0.0456604
0.0452304
0.0449031
0.0447161
0.961692
0.892184
0.829084
0.771727
0.719522
0.671944
0.628523
0.588843
0.552532
0.519258
0.488725
0.460668
0.434851
0.411062
0.389111
0.36883
0.350065
0.332679
0.31655
0.301567
0.287631
0.274652
0.262548
0.251246
0.240682
0.230793
0.221527
0.212834
0.204669
0.196992
0.189766
0.182956
0.176533
0.170468
0.164735
0.159311
0.154175
0.149306
0.144687
0.1403
0.136131
0.132165
0.128389
0.124792
0.121361
0.118088
0.114962
0.111974
0.109116
0.106382
0.103762
0.101252
0.0988452
0.0965353
0.0943173
0.0921863
0.0901375
0.0881668
0.0862699
0.0844431
0.0826829
0.0809858
0.0793488
0.0777688
0.0762431
0.0747691
0.0733443
0.0719663
0.070633
0.0693422
0.0680921
0.0668807
0.0657062
0.0645671
0.0634616
0.0623883
0.0613458
0.0603326
0.0593474
0.0583892
0.0574566
0.0565485
0.055664
0.0548021
0.0539619
0.0531427
0.052344
0.0515652
0.0508063
0.0500675
0.0493495
0.048654
0.0479833
0.0473414
0.0467345
0.0461715
0.0456657
0.0452357
0.0449085
0.0447215
0.961692
0.892184
0.829084
0.771727
0.719522
0.671944
0.628523
0.588843
0.552532
0.519258
0.488725
0.460668
0.434851
0.411062
0.389111
0.36883
0.350065
0.332679
0.31655
0.301568
0.287631
0.274652
0.262548
0.251246
0.240682
0.230793
0.221527
0.212834
0.204669
0.196992
0.189766
0.182957
0.176533
0.170468
0.164736
0.159312
0.154175
0.149306
0.144687
0.1403
0.136131
0.132165
0.12839
0.124792
0.121362
0.118089
0.114962
0.111975
0.109117
0.106383
0.103763
0.101253
0.0988463
0.0965365
0.0943185
0.0921875
0.0901389
0.0881681
0.0862713
0.0844446
0.0826844
0.0809874
0.0793505
0.0777706
0.076245
0.074771
0.0733463
0.0719684
0.0706352
0.0693445
0.0680944
0.0668831
0.0657088
0.0645697
0.0634643
0.0623911
0.0613487
0.0603356
0.0593506
0.0583924
0.0574599
0.056552
0.0556676
0.0548058
0.0539658
0.0531467
0.0523481
0.0515694
0.0508107
0.050072
0.0493542
0.0486587
0.0479881
0.0473464
0.0467396
0.0461767
0.0456709
0.045241
0.0449138
0.0447268
0.961692
0.892184
0.829084
0.771727
0.719522
0.671944
0.628523
0.588843
0.552532
0.519258
0.488725
0.460668
0.434851
0.411062
0.389111
0.36883
0.350065
0.332679
0.31655
0.301568
0.287631
0.274652
0.262548
0.251247
0.240682
0.230793
0.221527
0.212834
0.20467
0.196993
0.189766
0.182957
0.176534
0.170469
0.164736
0.159312
0.154176
0.149307
0.144687
0.140301
0.136132
0.132166
0.12839
0.124793
0.121363
0.118089
0.114963
0.111975
0.109118
0.106383
0.103764
0.101254
0.0988474
0.0965376
0.0943197
0.0921888
0.0901401
0.0881695
0.0862727
0.0844461
0.082686
0.0809891
0.0793522
0.0777723
0.0762468
0.0747729
0.0733483
0.0719704
0.0706373
0.0693467
0.0680967
0.0668855
0.0657112
0.0645723
0.063467
0.0623939
0.0613515
0.0603386
0.0593537
0.0583956
0.0574632
0.0565554
0.0556711
0.0548095
0.0539695
0.0531506
0.0523521
0.0515736
0.0508149
0.0500764
0.0493587
0.0486634
0.0479929
0.0473513
0.0467446
0.0461818
0.045676
0.0452462
0.044919
0.044732
0.961692
0.892184
0.829084
0.771727
0.719522
0.671944
0.628523
0.588843
0.552532
0.519258
0.488724
0.460668
0.434851
0.411062
0.389111
0.36883
0.350065
0.332679
0.31655
0.301568
0.287631
0.274652
0.262548
0.251247
0.240682
0.230793
0.221527
0.212834
0.20467
0.196993
0.189767
0.182957
0.176534
0.170469
0.164736
0.159312
0.154176
0.149307
0.144688
0.140301
0.136132
0.132166
0.128391
0.124794
0.121363
0.11809
0.114964
0.111976
0.109119
0.106384
0.103765
0.101255
0.0988484
0.0965387
0.0943209
0.09219
0.0901414
0.0881708
0.0862741
0.0844475
0.0826875
0.0809906
0.0793538
0.077774
0.0762486
0.0747748
0.0733502
0.0719725
0.0706394
0.0693489
0.068099
0.0668878
0.0657137
0.0645748
0.0634696
0.0623966
0.0613543
0.0603415
0.0593567
0.0583987
0.0574664
0.0565587
0.0556746
0.054813
0.0539732
0.0531544
0.052356
0.0515777
0.0508191
0.0500807
0.0493632
0.048668
0.0479976
0.0473561
0.0467495
0.0461868
0.0456811
0.0452513
0.0449241
0.0447371
0.961692
0.892184
0.829084
0.771727
0.719522
0.671944
0.628523
0.588843
0.552532
0.519258
0.488724
0.460668
0.434851
0.411062
0.389111
0.36883
0.350065
0.332679
0.31655
0.301568
0.287631
0.274652
0.262548
0.251247
0.240682
0.230794
0.221528
0.212835
0.20467
0.196993
0.189767
0.182957
0.176534
0.170469
0.164737
0.159313
0.154176
0.149308
0.144688
0.140302
0.136133
0.132167
0.128391
0.124794
0.121364
0.118091
0.114965
0.111977
0.10912
0.106385
0.103766
0.101256
0.0988495
0.0965398
0.094322
0.0921911
0.0901426
0.0881721
0.0862755
0.0844489
0.082689
0.0809922
0.0793554
0.0777757
0.0762503
0.0747766
0.0733521
0.0719744
0.0706414
0.069351
0.0681012
0.0668901
0.065716
0.0645772
0.0634721
0.0623992
0.061357
0.0603443
0.0593596
0.0584017
0.0574696
0.056562
0.0556779
0.0548165
0.0539768
0.0531581
0.0523599
0.0515816
0.0508232
0.0500849
0.0493675
0.0486724
0.0480022
0.0473608
0.0467542
0.0461916
0.045686
0.0452563
0.0449291
0.044742
0.961692
0.892184
0.829084
0.771727
0.719522
0.671944
0.628523
0.588843
0.552532
0.519258
0.488724
0.460668
0.434851
0.411062
0.389111
0.36883
0.350065
0.332679
0.31655
0.301568
0.287631
0.274652
0.262548
0.251247
0.240682
0.230794
0.221528
0.212835
0.20467
0.196993
0.189767
0.182958
0.176534
0.170469
0.164737
0.159313
0.154177
0.149308
0.144689
0.140302
0.136133
0.132167
0.128392
0.124795
0.121365
0.118091
0.114965
0.111978
0.109121
0.106386
0.103767
0.101257
0.0988504
0.0965408
0.0943231
0.0921923
0.0901438
0.0881733
0.0862768
0.0844503
0.0826904
0.0809936
0.0793569
0.0777773
0.076252
0.0747783
0.0733539
0.0719763
0.0706434
0.069353
0.0681033
0.0668923
0.0657183
0.0645796
0.0634746
0.0624017
0.0613597
0.060347
0.0593624
0.0584047
0.0574726
0.0565651
0.0556812
0.0548199
0.0539803
0.0531617
0.0523636
0.0515855
0.0508272
0.050089
0.0493717
0.0486768
0.0480066
0.0473653
0.0467589
0.0461963
0.0456908
0.0452611
0.044934
0.0447469
0.961692
0.892184
0.829084
0.771727
0.719522
0.671944
0.628523
0.588843
0.552532
0.519258
0.488724
0.460668
0.434851
0.411062
0.389111
0.36883
0.350065
0.332679
0.31655
0.301568
0.287631
0.274652
0.262548
0.251247
0.240682
0.230794
0.221528
0.212835
0.20467
0.196993
0.189767
0.182958
0.176535
0.17047
0.164737
0.159313
0.154177
0.149308
0.144689
0.140303
0.136134
0.132168
0.128393
0.124795
0.121365
0.118092
0.114966
0.111979
0.109121
0.106387
0.103768
0.101258
0.0988514
0.0965418
0.0943241
0.0921934
0.090145
0.0881745
0.086278
0.0844516
0.0826918
0.0809951
0.0793584
0.0777789
0.0762536
0.07478
0.0733556
0.0719781
0.0706453
0.069355
0.0681053
0.0668944
0.0657205
0.0645819
0.0634769
0.0624042
0.0613622
0.0603496
0.0593651
0.0584075
0.0574755
0.0565682
0.0556843
0.0548231
0.0539837
0.0531652
0.0523672
0.0515892
0.050831
0.050093
0.0493758
0.0486809
0.0480109
0.0473697
0.0467634
0.0462009
0.0456954
0.0452657
0.0449386
0.0447516
0.961692
0.892184
0.829084
0.771727
0.719522
0.671944
0.628523
0.588843
0.552532
0.519258
0.488724
0.460668
0.434851
0.411062
0.389111
0.36883
0.350065
0.332679
0.31655
0.301568
0.287631
0.274652
0.262548
0.251247
0.240682
0.230794
0.221528
0.212835
0.20467
0.196993
0.189767
0.182958
0.176535
0.17047
0.164737
0.159314
0.154177
0.149309
0.14469
0.140303
0.136134
0.132168
0.128393
0.124796
0.121366
0.118093
0.114967
0.111979
0.109122
0.106388
0.103769
0.101259
0.0988523
0.0965427
0.0943251
0.0921944
0.0901461
0.0881757
0.0862792
0.0844529
0.0826931
0.0809964
0.0793599
0.0777804
0.0762552
0.0747816
0.0733573
0.0719799
0.0706471
0.0693569
0.0681073
0.0668965
0.0657226
0.0645841
0.0634792
0.0624066
0.0613647
0.0603522
0.0593678
0.0584102
0.0574784
0.0565711
0.0556874
0.0548263
0.0539869
0.0531686
0.0523707
0.0515928
0.0508347
0.0500968
0.0493797
0.048685
0.0480151
0.0473739
0.0467677
0.0462053
0.0456999
0.0452702
0.0449432
0.0447561
0.961692
0.892184
0.829084
0.771727
0.719522
0.671944
0.628523
0.588843
0.552532
0.519258
0.488724
0.460668
0.434851
0.411062
0.389111
0.36883
0.350065
0.332679
0.31655
0.301568
0.287631
0.274652
0.262548
0.251247
0.240682
0.230794
0.221528
0.212835
0.204671
0.196994
0.189767
0.182958
0.176535
0.17047
0.164738
0.159314
0.154178
0.149309
0.14469
0.140304
0.136135
0.132169
0.128394
0.124796
0.121366
0.118093
0.114967
0.11198
0.109123
0.106388
0.10377
0.10126
0.0988532
0.0965436
0.0943261
0.0921954
0.0901471
0.0881768
0.0862804
0.0844541
0.0826943
0.0809978
0.0793612
0.0777818
0.0762567
0.0747832
0.0733589
0.0719815
0.0706488
0.0693587
0.0681092
0.0668984
0.0657246
0.0645862
0.0634814
0.0624088
0.061367
0.0603546
0.0593703
0.0584128
0.0574811
0.0565739
0.0556903
0.0548293
0.05399
0.0531718
0.052374
0.0515962
0.0508383
0.0501005
0.0493835
0.0486889
0.048019
0.047378
0.0467718
0.0462095
0.0457042
0.0452746
0.0449475
0.0447604
0.961692
0.892184
0.829084
0.771727
0.719522
0.671944
0.628523
0.588843
0.552532
0.519258
0.488724
0.460668
0.434851
0.411062
0.389111
0.36883
0.350065
0.332679
0.31655
0.301568
0.287631
0.274652
0.262548
0.251247
0.240682
0.230794
0.221528
0.212835
0.204671
0.196994
0.189768
0.182958
0.176535
0.17047
0.164738
0.159314
0.154178
0.149309
0.14469
0.140304
0.136135
0.132169
0.128394
0.124797
0.121367
0.118094
0.114968
0.111981
0.109123
0.106389
0.10377
0.101261
0.098854
0.0965445
0.094327
0.0921964
0.0901481
0.0881779
0.0862815
0.0844552
0.0826955
0.080999
0.0793626
0.0777832
0.0762581
0.0747847
0.0733605
0.0719831
0.0706505
0.0693604
0.068111
0.0669003
0.0657266
0.0645882
0.0634835
0.062411
0.0613693
0.0603569
0.0593727
0.0584153
0.0574837
0.0565766
0.055693
0.0548321
0.053993
0.0531749
0.0523772
0.0515995
0.0508417
0.050104
0.0493871
0.0486926
0.0480228
0.0473819
0.0467758
0.0462136
0.0457083
0.0452787
0.0449517
0.0447646
0.961692
0.892184
0.829084
0.771727
0.719522
0.671943
0.628523
0.588843
0.552532
0.519257
0.488724
0.460668
0.43485
0.411062
0.389111
0.36883
0.350065
0.332679
0.31655
0.301568
0.287631
0.274652
0.262548
0.251247
0.240682
0.230794
0.221528
0.212835
0.204671
0.196994
0.189768
0.182959
0.176535
0.170471
0.164738
0.159315
0.154178
0.14931
0.144691
0.140304
0.136135
0.13217
0.128394
0.124797
0.121367
0.118094
0.114968
0.111981
0.109124
0.10639
0.103771
0.101261
0.0988548
0.0965453
0.0943278
0.0921973
0.0901491
0.0881789
0.0862825
0.0844563
0.0826967
0.0810002
0.0793638
0.0777845
0.0762594
0.0747861
0.0733619
0.0719847
0.0706521
0.0693621
0.0681127
0.0669021
0.0657284
0.0645901
0.0634855
0.0624131
0.0613714
0.0603591
0.059375
0.0584177
0.0574861
0.0565791
0.0556957
0.0548349
0.0539958
0.0531778
0.0523802
0.0516026
0.0508449
0.0501073
0.0493905
0.0486961
0.0480265
0.0473856
0.0467796
0.0462174
0.0457122
0.0452827
0.0449556
0.0447685
0.961692
0.892184
0.829084
0.771727
0.719522
0.671943
0.628523
0.588843
0.552532
0.519257
0.488724
0.460668
0.43485
0.411062
0.389111
0.36883
0.350065
0.332679
0.31655
0.301568
0.287631
0.274652
0.262548
0.251247
0.240682
0.230794
0.221528
0.212835
0.204671
0.196994
0.189768
0.182959
0.176536
0.170471
0.164738
0.159315
0.154179
0.14931
0.144691
0.140305
0.136136
0.13217
0.128395
0.124798
0.121368
0.118095
0.114969
0.111982
0.109125
0.10639
0.103772
0.101262
0.0988555
0.0965461
0.0943287
0.0921982
0.09015
0.0881798
0.0862835
0.0844574
0.0826978
0.0810013
0.079365
0.0777857
0.0762607
0.0747874
0.0733633
0.0719861
0.0706536
0.0693636
0.0681143
0.0669037
0.0657302
0.0645919
0.0634873
0.062415
0.0613734
0.0603612
0.0593772
0.0584199
0.0574884
0.0565815
0.0556982
0.0548375
0.0539985
0.0531806
0.0523831
0.0516056
0.050848
0.0501104
0.0493938
0.0486994
0.0480299
0.0473891
0.0467832
0.0462211
0.0457159
0.0452864
0.0449594
0.0447723
0.961692
0.892184
0.829084
0.771727
0.719522
0.671943
0.628523
0.588843
0.552532
0.519257
0.488724
0.460667
0.43485
0.411062
0.389111
0.36883
0.350065
0.332679
0.31655
0.301568
0.287631
0.274652
0.262548
0.251247
0.240682
0.230794
0.221528
0.212835
0.204671
0.196994
0.189768
0.182959
0.176536
0.170471
0.164739
0.159315
0.154179
0.14931
0.144691
0.140305
0.136136
0.13217
0.128395
0.124798
0.121368
0.118095
0.114969
0.111982
0.109125
0.106391
0.103772
0.101263
0.0988562
0.0965469
0.0943294
0.092199
0.0901508
0.0881807
0.0862845
0.0844584
0.0826988
0.0810024
0.0793661
0.0777868
0.0762619
0.0747887
0.0733646
0.0719875
0.070655
0.0693651
0.0681158
0.0669053
0.0657318
0.0645936
0.0634891
0.0624168
0.0613753
0.0603632
0.0593792
0.0584221
0.0574906
0.0565838
0.0557005
0.0548399
0.054001
0.0531832
0.0523858
0.0516084
0.0508508
0.0501134
0.0493968
0.0487026
0.0480331
0.0473924
0.0467866
0.0462245
0.0457194
0.0452899
0.0449629
0.0447758
0.961692
0.892184
0.829084
0.771727
0.719522
0.671943
0.628523
0.588843
0.552532
0.519257
0.488724
0.460667
0.43485
0.411062
0.389111
0.36883
0.350065
0.332679
0.31655
0.301568
0.287631
0.274652
0.262548
0.251247
0.240682
0.230794
0.221528
0.212836
0.204671
0.196994
0.189768
0.182959
0.176536
0.170471
0.164739
0.159315
0.154179
0.14931
0.144691
0.140305
0.136136
0.132171
0.128396
0.124799
0.121369
0.118096
0.11497
0.111983
0.109126
0.106392
0.103773
0.101263
0.0988569
0.0965475
0.0943302
0.0921997
0.0901516
0.0881815
0.0862853
0.0844593
0.0826997
0.0810034
0.0793671
0.0777879
0.076263
0.0747898
0.0733658
0.0719887
0.0706563
0.0693665
0.0681172
0.0669068
0.0657333
0.0645952
0.0634907
0.0624185
0.0613771
0.060365
0.0593811
0.058424
0.0574927
0.0565859
0.0557027
0.0548422
0.0540034
0.0531856
0.0523883
0.051611
0.0508535
0.0501162
0.0493997
0.0487055
0.0480362
0.0473956
0.0467898
0.0462278
0.0457226
0.0452932
0.0449663
0.0447792
0.961692
0.892184
0.829084
0.771727
0.719522
0.671943
0.628523
0.588843
0.552531
0.519257
0.488724
0.460667
0.43485
0.411062
0.389111
0.36883
0.350065
0.332679
0.31655
0.301568
0.287632
0.274652
0.262548
0.251247
0.240682
0.230794
0.221528
0.212836
0.204671
0.196994
0.189768
0.182959
0.176536
0.170471
0.164739
0.159315
0.154179
0.149311
0.144692
0.140305
0.136137
0.132171
0.128396
0.124799
0.121369
0.118096
0.11497
0.111983
0.109126
0.106392
0.103773
0.101264
0.0988575
0.0965482
0.0943308
0.0922004
0.0901524
0.0881823
0.0862861
0.0844601
0.0827006
0.0810043
0.0793681
0.0777889
0.0762641
0.0747909
0.073367
0.0719899
0.0706575
0.0693677
0.0681186
0.0669082
0.0657347
0.0645966
0.0634923
0.0624201
0.0613787
0.0603667
0.0593829
0.0584259
0.0574946
0.0565879
0.0557048
0.0548443
0.0540056
0.0531879
0.0523906
0.0516134
0.050856
0.0501188
0.0494024
0.0487083
0.048039
0.0473984
0.0467927
0.0462308
0.0457257
0.0452963
0.0449694
0.0447823
0.961692
0.892184
0.829084
0.771727
0.719522
0.671943
0.628523
0.588843
0.552531
0.519257
0.488724
0.460667
0.43485
0.411062
0.389111
0.36883
0.350065
0.332679
0.31655
0.301568
0.287632
0.274652
0.262548
0.251247
0.240683
0.230794
0.221529
0.212836
0.204671
0.196994
0.189768
0.182959
0.176536
0.170471
0.164739
0.159316
0.154179
0.149311
0.144692
0.140306
0.136137
0.132171
0.128396
0.124799
0.121369
0.118096
0.114971
0.111984
0.109127
0.106393
0.103774
0.101265
0.098858
0.0965488
0.0943314
0.0922011
0.0901531
0.088183
0.0862869
0.0844609
0.0827014
0.0810052
0.079369
0.0777898
0.076265
0.0747919
0.073368
0.071991
0.0706586
0.0693689
0.0681198
0.0669094
0.0657361
0.064598
0.0634937
0.0624216
0.0613802
0.0603683
0.0593845
0.0584275
0.0574963
0.0565897
0.0557066
0.0548462
0.0540076
0.05319
0.0523928
0.0516156
0.0508583
0.0501212
0.0494048
0.0487108
0.0480416
0.0474011
0.0467954
0.0462335
0.0457285
0.0452992
0.0449722
0.0447851
0.961692
0.892184
0.829084
0.771727
0.719522
0.671943
0.628523
0.588843
0.552531
0.519257
0.488724
0.460667
0.43485
0.411062
0.389111
0.36883
0.350065
0.332679
0.31655
0.301568
0.287632
0.274652
0.262548
0.251247
0.240683
0.230794
0.221529
0.212836
0.204671
0.196995
0.189768
0.182959
0.176536
0.170472
0.164739
0.159316
0.15418
0.149311
0.144692
0.140306
0.136137
0.132172
0.128397
0.1248
0.12137
0.118097
0.114971
0.111984
0.109127
0.106393
0.103774
0.101265
0.0988585
0.0965493
0.094332
0.0922017
0.0901537
0.0881837
0.0862876
0.0844616
0.0827022
0.0810059
0.0793698
0.0777907
0.0762659
0.0747928
0.073369
0.071992
0.0706597
0.06937
0.0681209
0.0669106
0.0657372
0.0645992
0.063495
0.0624229
0.0613816
0.0603697
0.059386
0.0584291
0.0574979
0.0565913
0.0557084
0.054848
0.0540094
0.0531919
0.0523948
0.0516177
0.0508605
0.0501233
0.0494071
0.0487131
0.048044
0.0474035
0.0467979
0.0462361
0.0457311
0.0453018
0.0449748
0.0447877
0.961692
0.892184
0.829084
0.771727
0.719522
0.671943
0.628523
0.588843
0.552531
0.519257
0.488724
0.460667
0.43485
0.411062
0.389111
0.36883
0.350065
0.332679
0.31655
0.301568
0.287632
0.274652
0.262548
0.251247
0.240683
0.230794
0.221529
0.212836
0.204671
0.196995
0.189769
0.182959
0.176536
0.170472
0.164739
0.159316
0.15418
0.149311
0.144692
0.140306
0.136137
0.132172
0.128397
0.1248
0.12137
0.118097
0.114971
0.111984
0.109127
0.106393
0.103775
0.101265
0.098859
0.0965498
0.0943325
0.0922022
0.0901542
0.0881842
0.0862882
0.0844622
0.0827028
0.0810066
0.0793705
0.0777914
0.0762667
0.0747936
0.0733698
0.0719929
0.0706606
0.0693709
0.0681219
0.0669116
0.0657383
0.0646004
0.0634961
0.0624241
0.0613829
0.060371
0.0593873
0.0584305
0.0574994
0.0565928
0.0557099
0.0548496
0.0540111
0.0531936
0.0523965
0.0516195
0.0508624
0.0501253
0.0494091
0.0487152
0.0480461
0.0474057
0.0468002
0.0462384
0.0457334
0.0453041
0.0449772
0.0447901
0.961692
0.892184
0.829084
0.771727
0.719522
0.671943
0.628523
0.588843
0.552531
0.519257
0.488724
0.460667
0.43485
0.411061
0.389111
0.36883
0.350065
0.332679
0.31655
0.301568
0.287632
0.274652
0.262548
0.251247
0.240683
0.230795
0.221529
0.212836
0.204671
0.196995
0.189769
0.182959
0.176537
0.170472
0.164739
0.159316
0.15418
0.149311
0.144692
0.140306
0.136138
0.132172
0.128397
0.1248
0.12137
0.118097
0.114972
0.111985
0.109128
0.106394
0.103775
0.101266
0.0988594
0.0965502
0.094333
0.0922027
0.0901547
0.0881848
0.0862887
0.0844628
0.0827034
0.0810073
0.0793711
0.0777921
0.0762674
0.0747944
0.0733706
0.0719937
0.0706614
0.0693718
0.0681228
0.0669125
0.0657393
0.0646014
0.0634972
0.0624252
0.061384
0.0603722
0.0593885
0.0584317
0.0575006
0.0565942
0.0557113
0.054851
0.0540126
0.0531951
0.0523981
0.0516212
0.0508641
0.0501271
0.0494109
0.0487171
0.048048
0.0474077
0.0468022
0.0462404
0.0457355
0.0453062
0.0449793
0.0447922
0.961692
0.892184
0.829084
0.771727
0.719522
0.671943
0.628523
0.588843
0.552531
0.519257
0.488724
0.460667
0.43485
0.411061
0.389111
0.36883
0.350065
0.332679
0.31655
0.301568
0.287632
0.274652
0.262548
0.251247
0.240683
0.230795
0.221529
0.212836
0.204671
0.196995
0.189769
0.18296
0.176537
0.170472
0.16474
0.159316
0.15418
0.149312
0.144693
0.140306
0.136138
0.132172
0.128397
0.1248
0.121371
0.118098
0.114972
0.111985
0.109128
0.106394
0.103776
0.101266
0.0988597
0.0965506
0.0943334
0.0922031
0.0901552
0.0881852
0.0862892
0.0844633
0.0827039
0.0810078
0.0793717
0.0777927
0.076268
0.074795
0.0733712
0.0719943
0.0706621
0.0693725
0.0681235
0.0669133
0.0657401
0.0646022
0.0634981
0.0624261
0.061385
0.0603732
0.0593896
0.0584328
0.0575018
0.0565953
0.0557125
0.0548523
0.0540139
0.0531965
0.0523995
0.0516226
0.0508656
0.0501286
0.0494125
0.0487187
0.0480497
0.0474095
0.046804
0.0462422
0.0457373
0.0453081
0.0449812
0.044794
0.961692
0.892184
0.829084
0.771727
0.719522
0.671943
0.628523
0.588843
0.552531
0.519257
0.488724
0.460667
0.43485
0.411061
0.389111
0.36883
0.350065
0.332679
0.31655
0.301568
0.287632
0.274652
0.262548
0.251247
0.240683
0.230795
0.221529
0.212836
0.204672
0.196995
0.189769
0.18296
0.176537
0.170472
0.16474
0.159316
0.15418
0.149312
0.144693
0.140307
0.136138
0.132172
0.128397
0.1248
0.121371
0.118098
0.114972
0.111985
0.109128
0.106394
0.103776
0.101266
0.0988601
0.0965509
0.0943337
0.0922034
0.0901555
0.0881856
0.0862896
0.0844637
0.0827044
0.0810083
0.0793722
0.0777932
0.0762685
0.0747956
0.0733718
0.0719949
0.0706627
0.0693732
0.0681242
0.066914
0.0657408
0.064603
0.0634988
0.0624269
0.0613858
0.0603741
0.0593905
0.0584337
0.0575027
0.0565963
0.0557135
0.0548534
0.054015
0.0531976
0.0524007
0.0516238
0.0508668
0.0501299
0.0494139
0.0487201
0.0480512
0.0474109
0.0468055
0.0462438
0.0457389
0.0453097
0.0449828
0.0447956
0.961692
0.892184
0.829084
0.771727
0.719522
0.671943
0.628523
0.588843
0.552531
0.519257
0.488724
0.460667
0.43485
0.411061
0.389111
0.36883
0.350065
0.332679
0.31655
0.301568
0.287632
0.274652
0.262548
0.251247
0.240683
0.230795
0.221529
0.212836
0.204672
0.196995
0.189769
0.18296
0.176537
0.170472
0.16474
0.159316
0.15418
0.149312
0.144693
0.140307
0.136138
0.132173
0.128397
0.124801
0.121371
0.118098
0.114972
0.111985
0.109129
0.106394
0.103776
0.101267
0.0988603
0.0965512
0.094334
0.0922037
0.0901558
0.0881859
0.0862899
0.0844641
0.0827048
0.0810086
0.0793726
0.0777936
0.076269
0.074796
0.0733723
0.0719954
0.0706633
0.0693737
0.0681248
0.0669146
0.0657414
0.0646036
0.0634995
0.0624276
0.0613865
0.0603748
0.0593912
0.0584345
0.0575035
0.0565972
0.0557144
0.0548543
0.0540159
0.0531986
0.0524017
0.0516249
0.0508679
0.0501311
0.049415
0.0487213
0.0480524
0.0474122
0.0468068
0.0462451
0.0457402
0.045311
0.0449841
0.044797
0.961692
0.892184
0.829084
0.771727
0.719522
0.671943
0.628523
0.588843
0.552531
0.519257
0.488724
0.460667
0.43485
0.411061
0.389111
0.36883
0.350065
0.332679
0.31655
0.301568
0.287632
0.274652
0.262548
0.251247
0.240683
0.230795
0.221529
0.212836
0.204672
0.196995
0.189769
0.18296
0.176537
0.170472
0.16474
0.159316
0.15418
0.149312
0.144693
0.140307
0.136138
0.132173
0.128398
0.124801
0.121371
0.118098
0.114973
0.111985
0.109129
0.106395
0.103776
0.101267
0.0988605
0.0965514
0.0943342
0.092204
0.0901561
0.0881862
0.0862902
0.0844644
0.082705
0.081009
0.0793729
0.077794
0.0762693
0.0747964
0.0733727
0.0719958
0.0706637
0.0693741
0.0681252
0.0669151
0.0657419
0.0646041
0.0635
0.0624281
0.061387
0.0603754
0.0593918
0.0584351
0.0575042
0.0565978
0.0557151
0.054855
0.0540167
0.0531994
0.0524025
0.0516257
0.0508688
0.0501319
0.049416
0.0487223
0.0480534
0.0474132
0.0468078
0.0462461
0.0457413
0.045312
0.0449852
0.044798
0.961692
0.892184
0.829084
0.771727
0.719522
0.671943
0.628523
0.588843
0.552531
0.519257
0.488724
0.460667
0.43485
0.411061
0.389111
0.36883
0.350065
0.332679
0.31655
0.301568
0.287632
0.274652
0.262548
0.251247
0.240683
0.230795
0.221529
0.212836
0.204672
0.196995
0.189769
0.18296
0.176537
0.170472
0.16474
0.159316
0.15418
0.149312
0.144693
0.140307
0.136138
0.132173
0.128398
0.124801
0.121371
0.118098
0.114973
0.111986
0.109129
0.106395
0.103776
0.101267
0.0988607
0.0965515
0.0943344
0.0922041
0.0901563
0.0881864
0.0862904
0.0844646
0.0827053
0.0810092
0.0793731
0.0777942
0.0762696
0.0747966
0.0733729
0.0719961
0.070664
0.0693744
0.0681255
0.0669154
0.0657423
0.0646044
0.0635004
0.0624285
0.0613874
0.0603758
0.0593922
0.0584356
0.0575046
0.0565983
0.0557156
0.0548555
0.0540172
0.0531999
0.0524031
0.0516263
0.0508694
0.0501326
0.0494166
0.048723
0.0480541
0.0474139
0.0468085
0.0462469
0.0457421
0.0453128
0.044986
0.0447988
0.961692
0.892184
0.829084
0.771727
0.719522
0.671943
0.628523
0.588843
0.552531
0.519257
0.488724
0.460667
0.43485
0.411061
0.389111
0.36883
0.350065
0.332679
0.31655
0.301568
0.287632
0.274652
0.262548
0.251247
0.240683
0.230795
0.221529
0.212836
0.204672
0.196995
0.189769
0.18296
0.176537
0.170472
0.16474
0.159316
0.15418
0.149312
0.144693
0.140307
0.136138
0.132173
0.128398
0.124801
0.121371
0.118098
0.114973
0.111986
0.109129
0.106395
0.103776
0.101267
0.0988607
0.0965516
0.0943345
0.0922043
0.0901564
0.0881865
0.0862905
0.0844647
0.0827054
0.0810093
0.0793733
0.0777944
0.0762697
0.0747968
0.0733731
0.0719963
0.0706642
0.0693746
0.0681257
0.0669156
0.0657425
0.0646047
0.0635006
0.0624288
0.0613877
0.0603761
0.0593925
0.0584359
0.057505
0.0565986
0.0557159
0.0548559
0.0540176
0.0532003
0.0524035
0.0516267
0.0508698
0.050133
0.0494171
0.0487234
0.0480546
0.0474144
0.0468091
0.0462474
0.0457426
0.0453134
0.0449865
0.0447994
0.961692
0.892184
0.829084
0.771727
0.719522
0.671943
0.628523
0.588843
0.552531
0.519257
0.488724
0.460667
0.43485
0.411061
0.389111
0.36883
0.350065
0.332679
0.31655
0.301568
0.287632
0.274652
0.262548
0.251247
0.240683
0.230795
0.221529
0.212836
0.204672
0.196995
0.189769
0.18296
0.176537
0.170472
0.16474
0.159316
0.15418
0.149312
0.144693
0.140307
0.136138
0.132173
0.128398
0.124801
0.121371
0.118098
0.114973
0.111986
0.109129
0.106395
0.103776
0.101267
0.0988608
0.0965517
0.0943345
0.0922043
0.0901564
0.0881865
0.0862906
0.0844647
0.0827055
0.0810094
0.0793734
0.0777944
0.0762698
0.0747969
0.0733732
0.0719964
0.0706642
0.0693747
0.0681258
0.0669157
0.0657426
0.0646048
0.0635007
0.0624289
0.0613878
0.0603762
0.0593927
0.058436
0.0575051
0.0565988
0.0557161
0.054856
0.0540177
0.0532005
0.0524037
0.0516269
0.05087
0.0501333
0.0494173
0.0487237
0.0480548
0.0474147
0.0468093
0.0462477
0.0457429
0.0453136
0.0449868
0.0447996
0.961692
0.892184
0.829084
0.771727
0.719522
0.671943
0.628523
0.588843
0.552531
0.519257
0.488724
0.460667
0.43485
0.411061
0.389111
0.36883
0.350065
0.332679
0.31655
0.301568
0.287632
0.274652
0.262548
0.251247
0.240683
0.230795
0.221529
0.212836
0.204672
0.196995
0.189769
0.18296
0.176537
0.170472
0.16474
0.159316
0.15418
0.149312
0.144693
0.140307
0.136138
0.132173
0.128398
0.124801
0.121371
0.118098
0.114973
0.111986
0.109129
0.106395
0.103776
0.101267
0.0988608
0.0965517
0.0943345
0.0922043
0.0901564
0.0881865
0.0862906
0.0844647
0.0827054
0.0810094
0.0793733
0.0777944
0.0762698
0.0747969
0.0733732
0.0719964
0.0706642
0.0693747
0.0681258
0.0669157
0.0657426
0.0646048
0.0635007
0.0624289
0.0613878
0.0603762
0.0593926
0.058436
0.0575051
0.0565988
0.0557161
0.054856
0.0540177
0.0532005
0.0524037
0.0516269
0.05087
0.0501332
0.0494173
0.0487237
0.0480548
0.0474147
0.0468093
0.0462477
0.0457429
0.0453136
0.0449868
0.0447996
0.961692
0.892184
0.829084
0.771727
0.719522
0.671943
0.628523
0.588843
0.552531
0.519257
0.488724
0.460667
0.43485
0.411061
0.389111
0.36883
0.350065
0.332679
0.31655
0.301568
0.287632
0.274652
0.262548
0.251247
0.240683
0.230795
0.221529
0.212836
0.204672
0.196995
0.189769
0.18296
0.176537
0.170472
0.16474
0.159316
0.15418
0.149312
0.144693
0.140307
0.136138
0.132173
0.128398
0.124801
0.121371
0.118098
0.114973
0.111986
0.109129
0.106395
0.103776
0.101267
0.0988607
0.0965516
0.0943344
0.0922042
0.0901563
0.0881864
0.0862905
0.0844646
0.0827054
0.0810093
0.0793732
0.0777943
0.0762697
0.0747968
0.0733731
0.0719962
0.0706641
0.0693746
0.0681257
0.0669155
0.0657424
0.0646046
0.0635005
0.0624287
0.0613876
0.060376
0.0593925
0.0584358
0.0575049
0.0565986
0.0557159
0.0548558
0.0540175
0.0532003
0.0524035
0.0516267
0.0508698
0.050133
0.0494171
0.0487234
0.0480546
0.0474144
0.0468091
0.0462474
0.0457426
0.0453134
0.0449865
0.0447994
0.961692
0.892184
0.829084
0.771727
0.719522
0.671943
0.628523
0.588843
0.552531
0.519257
0.488724
0.460667
0.43485
0.411061
0.389111
0.36883
0.350065
0.332679
0.31655
0.301568
0.287632
0.274652
0.262548
0.251247
0.240683
0.230795
0.221529
0.212836
0.204672
0.196995
0.189769
0.18296
0.176537
0.170472
0.16474
0.159316
0.15418
0.149312
0.144693
0.140307
0.136138
0.132173
0.128398
0.124801
0.121371
0.118098
0.114973
0.111986
0.109129
0.106395
0.103776
0.101267
0.0988606
0.0965515
0.0943343
0.0922041
0.0901562
0.0881863
0.0862903
0.0844645
0.0827052
0.0810091
0.0793731
0.0777941
0.0762695
0.0747966
0.0733728
0.071996
0.0706639
0.0693743
0.0681254
0.0669153
0.0657421
0.0646043
0.0635003
0.0624284
0.0613873
0.0603757
0.0593921
0.0584355
0.0575045
0.0565982
0.0557155
0.0548554
0.0540171
0.0531999
0.052403
0.0516262
0.0508693
0.0501326
0.0494166
0.0487229
0.0480541
0.0474139
0.0468085
0.0462469
0.0457421
0.0453129
0.044986
0.0447988
0.961692
0.892184
0.829084
0.771727
0.719522
0.671943
0.628523
0.588843
0.552531
0.519257
0.488724
0.460667
0.43485
0.411061
0.389111
0.36883
0.350065
0.332679
0.31655
0.301568
0.287632
0.274652
0.262548
0.251247
0.240683
0.230795
0.221529
0.212836
0.204672
0.196995
0.189769
0.18296
0.176537
0.170472
0.16474
0.159316
0.15418
0.149312
0.144693
0.140307
0.136138
0.132173
0.128398
0.124801
0.121371
0.118098
0.114972
0.111985
0.109129
0.106395
0.103776
0.101267
0.0988604
0.0965513
0.0943341
0.0922039
0.090156
0.0881861
0.0862901
0.0844642
0.0827049
0.0810088
0.0793728
0.0777938
0.0762692
0.0747963
0.0733725
0.0719957
0.0706635
0.069374
0.0681251
0.0669149
0.0657417
0.0646039
0.0634998
0.062428
0.0613869
0.0603752
0.0593916
0.058435
0.057504
0.0565977
0.0557149
0.0548548
0.0540165
0.0531992
0.0524024
0.0516256
0.0508687
0.0501319
0.0494159
0.0487222
0.0480533
0.0474132
0.0468078
0.0462461
0.0457413
0.0453121
0.0449852
0.044798
0.961692
0.892184
0.829084
0.771727
0.719522
0.671943
0.628523
0.588843
0.552531
0.519257
0.488724
0.460667
0.43485
0.411061
0.389111
0.36883
0.350065
0.332679
0.31655
0.301568
0.287632
0.274652
0.262548
0.251247
0.240683
0.230795
0.221529
0.212836
0.204672
0.196995
0.189769
0.18296
0.176537
0.170472
0.16474
0.159316
0.15418
0.149312
0.144693
0.140307
0.136138
0.132173
0.128397
0.124801
0.121371
0.118098
0.114972
0.111985
0.109128
0.106394
0.103776
0.101267
0.0988602
0.0965511
0.0943339
0.0922036
0.0901557
0.0881858
0.0862898
0.0844639
0.0827046
0.0810085
0.0793724
0.0777935
0.0762688
0.0747959
0.0733721
0.0719953
0.0706631
0.0693735
0.0681246
0.0669144
0.0657412
0.0646034
0.0634993
0.0624274
0.0613863
0.0603746
0.059391
0.0584343
0.0575033
0.056597
0.0557142
0.0548541
0.0540158
0.0531984
0.0524016
0.0516248
0.0508678
0.050131
0.049415
0.0487213
0.0480524
0.0474122
0.0468068
0.0462451
0.0457402
0.045311
0.0449841
0.044797
0.961692
0.892184
0.829084
0.771727
0.719522
0.671943
0.628523
0.588843
0.552531
0.519257
0.488724
0.460667
0.43485
0.411061
0.389111
0.36883
0.350065
0.332679
0.31655
0.301568
0.287632
0.274652
0.262548
0.251247
0.240683
0.230795
0.221529
0.212836
0.204672
0.196995
0.189769
0.18296
0.176537
0.170472
0.16474
0.159316
0.15418
0.149312
0.144693
0.140307
0.136138
0.132172
0.128397
0.1248
0.121371
0.118098
0.114972
0.111985
0.109128
0.106394
0.103776
0.101266
0.0988599
0.0965508
0.0943336
0.0922033
0.0901554
0.0881854
0.0862894
0.0844636
0.0827042
0.0810081
0.079372
0.077793
0.0762683
0.0747954
0.0733716
0.0719947
0.0706625
0.0693729
0.068124
0.0669138
0.0657406
0.0646027
0.0634986
0.0624267
0.0613855
0.0603738
0.0593902
0.0584335
0.0575025
0.0565961
0.0557133
0.0548532
0.0540148
0.0531975
0.0524006
0.0516237
0.0508667
0.0501299
0.0494138
0.0487201
0.0480511
0.0474109
0.0468055
0.0462438
0.0457389
0.0453097
0.0449828
0.0447957
0.961692
0.892184
0.829084
0.771727
0.719522
0.671943
0.628523
0.588843
0.552531
0.519257
0.488724
0.460667
0.43485
0.411061
0.389111
0.36883
0.350065
0.332679
0.31655
0.301568
0.287632
0.274652
0.262548
0.251247
0.240683
0.230795
0.221529
0.212836
0.204671
0.196995
0.189769
0.18296
0.176537
0.170472
0.164739
0.159316
0.15418
0.149312
0.144693
0.140306
0.136138
0.132172
0.128397
0.1248
0.12137
0.118098
0.114972
0.111985
0.109128
0.106394
0.103775
0.101266
0.0988596
0.0965504
0.0943332
0.0922029
0.090155
0.088185
0.086289
0.0844631
0.0827037
0.0810076
0.0793715
0.0777925
0.0762678
0.0747948
0.073371
0.0719941
0.0706619
0.0693723
0.0681233
0.0669131
0.0657398
0.0646019
0.0634978
0.0624258
0.0613847
0.0603729
0.0593893
0.0584325
0.0575015
0.0565951
0.0557122
0.0548521
0.0540136
0.0531963
0.0523993
0.0516224
0.0508654
0.0501285
0.0494125
0.0487187
0.0480497
0.0474095
0.046804
0.0462423
0.0457374
0.0453081
0.0449812
0.0447941
0.961692
0.892184
0.829084
0.771727
0.719522
0.671943
0.628523
0.588843
0.552531
0.519257
0.488724
0.460667
0.43485
0.411062
0.389111
0.36883
0.350065
0.332679
0.31655
0.301568
0.287632
0.274652
0.262548
0.251247
0.240683
0.230794
0.221529
0.212836
0.204671
0.196995
0.189769
0.182959
0.176537
0.170472
0.164739
0.159316
0.15418
0.149311
0.144692
0.140306
0.136137
0.132172
0.128397
0.1248
0.12137
0.118097
0.114972
0.111984
0.109128
0.106394
0.103775
0.101266
0.0988592
0.09655
0.0943328
0.0922025
0.0901545
0.0881845
0.0862885
0.0844626
0.0827032
0.081007
0.0793709
0.0777919
0.0762671
0.0747941
0.0733703
0.0719934
0.0706611
0.0693715
0.0681225
0.0669122
0.065739
0.064601
0.0634968
0.0624248
0.0613836
0.0603719
0.0593882
0.0584314
0.0575003
0.0565939
0.055711
0.0548508
0.0540123
0.0531949
0.0523979
0.051621
0.0508639
0.050127
0.0494109
0.048717
0.048048
0.0474077
0.0468022
0.0462405
0.0457356
0.0453063
0.0449794
0.0447922
0.961692
0.892184
0.829084
0.771727
0.719522
0.671943
0.628523
0.588843
0.552531
0.519257
0.488724
0.460667
0.43485
0.411062
0.389111
0.36883
0.350065
0.332679
0.31655
0.301568
0.287632
0.274652
0.262548
0.251247
0.240683
0.230794
0.221529
0.212836
0.204671
0.196995
0.189768
0.182959
0.176536
0.170472
0.164739
0.159316
0.15418
0.149311
0.144692
0.140306
0.136137
0.132172
0.128397
0.1248
0.12137
0.118097
0.114971
0.111984
0.109127
0.106393
0.103775
0.101265
0.0988588
0.0965496
0.0943323
0.092202
0.090154
0.088184
0.0862879
0.084462
0.0827026
0.0810064
0.0793702
0.0777911
0.0762664
0.0747933
0.0733695
0.0719925
0.0706603
0.0693706
0.0681215
0.0669112
0.065738
0.0646
0.0634958
0.0624237
0.0613825
0.0603707
0.059387
0.0584301
0.057499
0.0565925
0.0557096
0.0548493
0.0540108
0.0531933
0.0523963
0.0516193
0.0508622
0.0501252
0.0494091
0.0487152
0.0480461
0.0474058
0.0468003
0.0462385
0.0457335
0.0453042
0.0449773
0.0447902
0.961692
0.892184
0.829084
0.771727
0.719522
0.671943
0.628523
0.588843
0.552531
0.519257
0.488724
0.460667
0.43485
0.411062
0.389111
0.36883
0.350065
0.332679
0.31655
0.301568
0.287632
0.274652
0.262548
0.251247
0.240683
0.230794
0.221529
0.212836
0.204671
0.196995
0.189768
0.182959
0.176536
0.170472
0.164739
0.159316
0.15418
0.149311
0.144692
0.140306
0.136137
0.132172
0.128396
0.124799
0.12137
0.118097
0.114971
0.111984
0.109127
0.106393
0.103774
0.101265
0.0988583
0.0965491
0.0943318
0.0922014
0.0901534
0.0881834
0.0862873
0.0844613
0.0827019
0.0810056
0.0793694
0.0777904
0.0762656
0.0747925
0.0733686
0.0719916
0.0706593
0.0693696
0.0681205
0.0669102
0.0657368
0.0645988
0.0634946
0.0624225
0.0613812
0.0603693
0.0593856
0.0584287
0.0574975
0.056591
0.055708
0.0548477
0.0540091
0.0531916
0.0523945
0.0516175
0.0508603
0.0501232
0.049407
0.0487131
0.048044
0.0474036
0.046798
0.0462362
0.0457312
0.0453019
0.044975
0.0447878
0.961692
0.892184
0.829084
0.771727
0.719522
0.671943
0.628523
0.588843
0.552531
0.519257
0.488724
0.460667
0.43485
0.411062
0.389111
0.36883
0.350065
0.332679
0.31655
0.301568
0.287632
0.274652
0.262548
0.251247
0.240683
0.230794
0.221528
0.212836
0.204671
0.196994
0.189768
0.182959
0.176536
0.170471
0.164739
0.159315
0.154179
0.149311
0.144692
0.140306
0.136137
0.132171
0.128396
0.124799
0.121369
0.118096
0.114971
0.111983
0.109127
0.106392
0.103774
0.101264
0.0988578
0.0965485
0.0943312
0.0922008
0.0901528
0.0881827
0.0862866
0.0844606
0.0827011
0.0810048
0.0793686
0.0777895
0.0762647
0.0747915
0.0733676
0.0719906
0.0706582
0.0693685
0.0681193
0.066909
0.0657356
0.0645976
0.0634932
0.0624211
0.0613798
0.0603679
0.0593841
0.0584271
0.0574959
0.0565893
0.0557063
0.0548459
0.0540073
0.0531897
0.0523925
0.0516154
0.0508582
0.0501211
0.0494048
0.0487108
0.0480416
0.0474012
0.0467956
0.0462337
0.0457287
0.0452994
0.0449724
0.0447853
0.961692
0.892184
0.829084
0.771727
0.719522
0.671943
0.628523
0.588843
0.552532
0.519257
0.488724
0.460667
0.43485
0.411062
0.389111
0.36883
0.350065
0.332679
0.31655
0.301568
0.287632
0.274652
0.262548
0.251247
0.240682
0.230794
0.221528
0.212836
0.204671
0.196994
0.189768
0.182959
0.176536
0.170471
0.164739
0.159315
0.154179
0.149311
0.144692
0.140305
0.136137
0.132171
0.128396
0.124799
0.121369
0.118096
0.11497
0.111983
0.109126
0.106392
0.103773
0.101264
0.0988572
0.0965479
0.0943306
0.0922001
0.0901521
0.088182
0.0862858
0.0844598
0.0827003
0.081004
0.0793677
0.0777885
0.0762637
0.0747905
0.0733665
0.0719895
0.0706571
0.0693673
0.0681181
0.0669077
0.0657343
0.0645962
0.0634918
0.0624196
0.0613782
0.0603663
0.0593824
0.0584254
0.0574941
0.0565875
0.0557044
0.0548439
0.0540052
0.0531876
0.0523904
0.0516132
0.0508559
0.0501187
0.0494024
0.0487083
0.0480391
0.0473986
0.0467929
0.046231
0.0457259
0.0452966
0.0449696
0.0447825
0.961692
0.892184
0.829084
0.771727
0.719522
0.671943
0.628523
0.588843
0.552532
0.519257
0.488724
0.460667
0.43485
0.411062
0.389111
0.36883
0.350065
0.332679
0.31655
0.301568
0.287631
0.274652
0.262548
0.251247
0.240682
0.230794
0.221528
0.212836
0.204671
0.196994
0.189768
0.182959
0.176536
0.170471
0.164739
0.159315
0.154179
0.14931
0.144691
0.140305
0.136136
0.132171
0.128395
0.124798
0.121369
0.118095
0.11497
0.111982
0.109126
0.106391
0.103773
0.101263
0.0988566
0.0965473
0.0943299
0.0921994
0.0901513
0.0881812
0.086285
0.0844589
0.0826994
0.081003
0.0793667
0.0777875
0.0762626
0.0747894
0.0733654
0.0719883
0.0706558
0.069366
0.0681167
0.0669063
0.0657328
0.0645947
0.0634902
0.062418
0.0613766
0.0603645
0.0593806
0.0584236
0.0574922
0.0565855
0.0557023
0.0548418
0.0540031
0.0531853
0.0523881
0.0516108
0.0508534
0.0501162
0.0493997
0.0487056
0.0480363
0.0473958
0.04679
0.0462281
0.045723
0.0452936
0.0449666
0.0447795
0.961692
0.892184
0.829084
0.771727
0.719522
0.671943
0.628523
0.588843
0.552532
0.519257
0.488724
0.460668
0.43485
0.411062
0.389111
0.36883
0.350065
0.332679
0.31655
0.301568
0.287631
0.274652
0.262548
0.251247
0.240682
0.230794
0.221528
0.212835
0.204671
0.196994
0.189768
0.182959
0.176536
0.170471
0.164738
0.159315
0.154179
0.14931
0.144691
0.140305
0.136136
0.13217
0.128395
0.124798
0.121368
0.118095
0.114969
0.111982
0.109125
0.106391
0.103772
0.101263
0.0988559
0.0965465
0.0943291
0.0921986
0.0901505
0.0881803
0.0862841
0.084458
0.0826984
0.081002
0.0793656
0.0777864
0.0762614
0.0747882
0.0733641
0.071987
0.0706545
0.0693646
0.0681153
0.0669048
0.0657313
0.064593
0.0634886
0.0624163
0.0613748
0.0603627
0.0593787
0.0584216
0.0574901
0.0565833
0.0557001
0.0548395
0.0540007
0.0531829
0.0523855
0.0516082
0.0508508
0.0501134
0.0493969
0.0487027
0.0480333
0.0473927
0.0467869
0.0462249
0.0457198
0.0452903
0.0449633
0.0447762
0.961692
0.892184
0.829084
0.771727
0.719522
0.671943
0.628523
0.588843
0.552532
0.519257
0.488724
0.460668
0.43485
0.411062
0.389111
0.36883
0.350065
0.332679
0.31655
0.301568
0.287631
0.274652
0.262548
0.251247
0.240682
0.230794
0.221528
0.212835
0.204671
0.196994
0.189768
0.182959
0.176536
0.170471
0.164738
0.159315
0.154178
0.14931
0.144691
0.140304
0.136136
0.13217
0.128395
0.124798
0.121368
0.118095
0.114969
0.111981
0.109124
0.10639
0.103771
0.101262
0.0988552
0.0965458
0.0943283
0.0921978
0.0901496
0.0881794
0.0862831
0.084457
0.0826973
0.0810009
0.0793645
0.0777852
0.0762602
0.0747869
0.0733628
0.0719856
0.070653
0.0693631
0.0681137
0.0669032
0.0657296
0.0645913
0.0634868
0.0624144
0.0613729
0.0603607
0.0593766
0.0584194
0.057488
0.0565811
0.0556978
0.0548371
0.0539982
0.0531803
0.0523829
0.0516055
0.0508479
0.0501105
0.0493939
0.0486997
0.0480302
0.0473895
0.0467836
0.0462216
0.0457164
0.0452869
0.0449599
0.0447728
0.961692
0.892184
0.829084
0.771727
0.719522
0.671944
0.628523
0.588843
0.552532
0.519258
0.488724
0.460668
0.434851
0.411062
0.389111
0.36883
0.350065
0.332679
0.31655
0.301568
0.287631
0.274652
0.262548
0.251247
0.240682
0.230794
0.221528
0.212835
0.204671
0.196994
0.189768
0.182958
0.176535
0.17047
0.164738
0.159314
0.154178
0.14931
0.14469
0.140304
0.136135
0.13217
0.128394
0.124797
0.121367
0.118094
0.114968
0.111981
0.109124
0.106389
0.103771
0.101261
0.0988544
0.096545
0.0943275
0.0921969
0.0901487
0.0881784
0.0862821
0.0844559
0.0826962
0.0809997
0.0793633
0.077784
0.0762589
0.0747855
0.0733614
0.0719841
0.0706515
0.0693615
0.0681121
0.0669015
0.0657278
0.0645895
0.0634849
0.0624125
0.0613708
0.0603586
0.0593744
0.0584172
0.0574856
0.0565787
0.0556953
0.0548345
0.0539955
0.0531776
0.05238
0.0516025
0.0508449
0.0501074
0.0493907
0.0486964
0.0480268
0.0473861
0.0467801
0.046218
0.0457128
0.0452833
0.0449562
0.0447691
0.961692
0.892184
0.829084
0.771727
0.719522
0.671944
0.628523
0.588843
0.552532
0.519258
0.488724
0.460668
0.434851
0.411062
0.389111
0.36883
0.350065
0.332679
0.31655
0.301568
0.287631
0.274652
0.262548
0.251247
0.240682
0.230794
0.221528
0.212835
0.204671
0.196994
0.189768
0.182958
0.176535
0.17047
0.164738
0.159314
0.154178
0.149309
0.14469
0.140304
0.136135
0.132169
0.128394
0.124797
0.121367
0.118093
0.114968
0.11198
0.109123
0.106389
0.10377
0.10126
0.0988536
0.0965441
0.0943266
0.092196
0.0901477
0.0881774
0.086281
0.0844548
0.082695
0.0809985
0.079362
0.0777826
0.0762575
0.0747841
0.0733599
0.0719826
0.0706499
0.0693598
0.0681104
0.0668997
0.065726
0.0645876
0.0634829
0.0624104
0.0613687
0.0603564
0.0593721
0.0584148
0.0574832
0.0565761
0.0556927
0.0548318
0.0539927
0.0531747
0.0523771
0.0515995
0.0508418
0.0501042
0.0493874
0.048693
0.0480233
0.0473825
0.0467765
0.0462143
0.045709
0.0452795
0.0449524
0.0447653
0.961692
0.892184
0.829084
0.771727
0.719522
0.671944
0.628523
0.588843
0.552532
0.519258
0.488724
0.460668
0.434851
0.411062
0.389111
0.36883
0.350065
0.332679
0.31655
0.301568
0.287631
0.274652
0.262548
0.251247
0.240682
0.230794
0.221528
0.212835
0.20467
0.196994
0.189767
0.182958
0.176535
0.17047
0.164738
0.159314
0.154178
0.149309
0.14469
0.140303
0.136134
0.132169
0.128393
0.124796
0.121366
0.118093
0.114967
0.11198
0.109122
0.106388
0.103769
0.10126
0.0988528
0.0965432
0.0943256
0.092195
0.0901467
0.0881763
0.0862799
0.0844536
0.0826938
0.0809972
0.0793607
0.0777812
0.0762561
0.0747826
0.0733583
0.0719809
0.0706482
0.0693581
0.0681085
0.0668978
0.065724
0.0645855
0.0634808
0.0624082
0.0613664
0.060354
0.0593697
0.0584123
0.0574806
0.0565735
0.0556899
0.054829
0.0539898
0.0531717
0.0523739
0.0515962
0.0508384
0.0501007
0.0493839
0.0486894
0.0480196
0.0473787
0.0467726
0.0462104
0.045705
0.0452755
0.0449484
0.0447613
0.961692
0.892184
0.829084
0.771727
0.719522
0.671944
0.628523
0.588843
0.552532
0.519258
0.488724
0.460668
0.434851
0.411062
0.389111
0.36883
0.350065
0.332679
0.31655
0.301568
0.287631
0.274652
0.262548
0.251247
0.240682
0.230794
0.221528
0.212835
0.20467
0.196993
0.189767
0.182958
0.176535
0.17047
0.164737
0.159314
0.154177
0.149309
0.144689
0.140303
0.136134
0.132168
0.128393
0.124796
0.121366
0.118092
0.114966
0.111979
0.109122
0.106387
0.103768
0.101259
0.0988519
0.0965423
0.0943247
0.092194
0.0901456
0.0881752
0.0862787
0.0844524
0.0826925
0.0809959
0.0793593
0.0777798
0.0762546
0.074781
0.0733567
0.0719792
0.0706464
0.0693562
0.0681066
0.0668958
0.0657219
0.0645834
0.0634786
0.0624059
0.0613641
0.0603516
0.0593672
0.0584097
0.0574779
0.0565707
0.055687
0.054826
0.0539867
0.0531685
0.0523707
0.0515929
0.050835
0.0500972
0.0493802
0.0486856
0.0480158
0.0473748
0.0467686
0.0462063
0.0457009
0.0452713
0.0449442
0.0447571
0.961692
0.892184
0.829084
0.771727
0.719522
0.671944
0.628523
0.588843
0.552532
0.519258
0.488724
0.460668
0.434851
0.411062
0.389111
0.36883
0.350065
0.332679
0.31655
0.301568
0.287631
0.274652
0.262548
0.251247
0.240682
0.230794
0.221528
0.212835
0.20467
0.196993
0.189767
0.182958
0.176535
0.17047
0.164737
0.159313
0.154177
0.149308
0.144689
0.140303
0.136133
0.132168
0.128392
0.124795
0.121365
0.118092
0.114966
0.111978
0.109121
0.106386
0.103768
0.101258
0.098851
0.0965413
0.0943236
0.0921929
0.0901445
0.088174
0.0862775
0.0844511
0.0826912
0.0809945
0.0793578
0.0777783
0.076253
0.0747794
0.073355
0.0719774
0.0706446
0.0693543
0.0681047
0.0668937
0.0657198
0.0645812
0.0634763
0.0624036
0.0613616
0.0603491
0.0593646
0.058407
0.0574751
0.0565678
0.055684
0.0548229
0.0539836
0.0531652
0.0523673
0.0515894
0.0508314
0.0500935
0.0493764
0.0486817
0.0480118
0.0473707
0.0467645
0.0462021
0.0456966
0.045267
0.0449399
0.0447528
0.961692
0.892184
0.829084
0.771727
0.719522
0.671944
0.628523
0.588843
0.552532
0.519258
0.488724
0.460668
0.434851
0.411062
0.389111
0.36883
0.350065
0.332679
0.31655
0.301568
0.287631
0.274652
0.262548
0.251247
0.240682
0.230794
0.221528
0.212835
0.20467
0.196993
0.189767
0.182957
0.176534
0.170469
0.164737
0.159313
0.154177
0.149308
0.144689
0.140302
0.136133
0.132167
0.128392
0.124794
0.121364
0.118091
0.114965
0.111977
0.10912
0.106386
0.103767
0.101257
0.09885
0.0965403
0.0943226
0.0921918
0.0901433
0.0881728
0.0862762
0.0844497
0.0826898
0.080993
0.0793563
0.0777767
0.0762513
0.0747777
0.0733532
0.0719756
0.0706427
0.0693523
0.0681026
0.0668916
0.0657176
0.0645789
0.0634739
0.0624011
0.0613591
0.0603464
0.0593619
0.0584042
0.0574722
0.0565648
0.0556809
0.0548197
0.0539803
0.0531618
0.0523638
0.0515858
0.0508277
0.0500897
0.0493725
0.0486777
0.0480077
0.0473665
0.0467602
0.0461977
0.0456922
0.0452625
0.0449354
0.0447483
0.961692
0.892184
0.829084
0.771727
0.719522
0.671944
0.628523
0.588843
0.552532
0.519258
0.488724
0.460668
0.434851
0.411062
0.389111
0.36883
0.350065
0.332679
0.31655
0.301568
0.287631
0.274652
0.262548
0.251247
0.240682
0.230794
0.221528
0.212835
0.20467
0.196993
0.189767
0.182957
0.176534
0.170469
0.164736
0.159313
0.154176
0.149307
0.144688
0.140302
0.136133
0.132167
0.128391
0.124794
0.121364
0.11809
0.114964
0.111977
0.109119
0.106385
0.103766
0.101256
0.098849
0.0965393
0.0943215
0.0921906
0.0901421
0.0881715
0.0862749
0.0844484
0.0826884
0.0809915
0.0793548
0.0777751
0.0762496
0.0747759
0.0733514
0.0719737
0.0706407
0.0693503
0.0681005
0.0668894
0.0657153
0.0645765
0.0634715
0.0623986
0.0613565
0.0603437
0.0593591
0.0584013
0.0574692
0.0565617
0.0556778
0.0548164
0.0539769
0.0531583
0.0523602
0.0515821
0.0508239
0.0500857
0.0493685
0.0486736
0.0480035
0.0473622
0.0467558
0.0461933
0.0456877
0.045258
0.0449308
0.0447437
0.961692
0.892184
0.829084
0.771727
0.719522
0.671944
0.628523
0.588843
0.552532
0.519258
0.488725
0.460668
0.434851
0.411062
0.389111
0.36883
0.350065
0.332679
0.31655
0.301568
0.287631
0.274652
0.262548
0.251247
0.240682
0.230793
0.221527
0.212834
0.20467
0.196993
0.189766
0.182957
0.176534
0.170469
0.164736
0.159312
0.154176
0.149307
0.144688
0.140301
0.136132
0.132166
0.128391
0.124793
0.121363
0.11809
0.114964
0.111976
0.109119
0.106384
0.103765
0.101255
0.098848
0.0965382
0.0943203
0.0921894
0.0901409
0.0881702
0.0862735
0.0844469
0.0826869
0.08099
0.0793531
0.0777734
0.0762479
0.0747741
0.0733495
0.0719717
0.0706387
0.0693482
0.0680983
0.0668871
0.065713
0.0645741
0.0634689
0.062396
0.0613538
0.0603409
0.0593562
0.0583983
0.0574661
0.0565585
0.0556745
0.054813
0.0539734
0.0531547
0.0523565
0.0515783
0.0508199
0.0500817
0.0493643
0.0486693
0.0479991
0.0473578
0.0467513
0.0461887
0.0456831
0.0452533
0.0449261
0.044739
0.961692
0.892184
0.829084
0.771727
0.719522
0.671944
0.628523
0.588843
0.552532
0.519258
0.488725
0.460668
0.434851
0.411062
0.389111
0.36883
0.350065
0.332679
0.31655
0.301568
0.287631
0.274652
0.262548
0.251247
0.240682
0.230793
0.221527
0.212834
0.20467
0.196993
0.189766
0.182957
0.176534
0.170468
0.164736
0.159312
0.154175
0.149307
0.144687
0.140301
0.136132
0.132166
0.12839
0.124793
0.121362
0.118089
0.114963
0.111975
0.109118
0.106383
0.103764
0.101254
0.0988469
0.0965371
0.0943192
0.0921882
0.0901396
0.0881689
0.0862721
0.0844455
0.0826853
0.0809884
0.0793515
0.0777717
0.0762461
0.0747722
0.0733476
0.0719697
0.0706366
0.069346
0.068096
0.0668848
0.0657106
0.0645716
0.0634664
0.0623933
0.061351
0.0603381
0.0593533
0.0583953
0.057463
0.0565553
0.0556711
0.0548096
0.0539698
0.053151
0.0523527
0.0515744
0.0508159
0.0500776
0.0493601
0.048665
0.0479947
0.0473532
0.0467467
0.046184
0.0456783
0.0452485
0.0449213
0.0447342
0.961692
0.892184
0.829084
0.771727
0.719522
0.671944
0.628523
0.588843
0.552532
0.519258
0.488725
0.460668
0.434851
0.411062
0.389111
0.36883
0.350065
0.332679
0.31655
0.301568
0.287631
0.274652
0.262548
0.251246
0.240682
0.230793
0.221527
0.212834
0.204669
0.196992
0.189766
0.182957
0.176533
0.170468
0.164735
0.159312
0.154175
0.149306
0.144687
0.1403
0.136131
0.132165
0.128389
0.124792
0.121362
0.118088
0.114962
0.111974
0.109117
0.106382
0.103763
0.101253
0.0988458
0.0965359
0.094318
0.092187
0.0901383
0.0881675
0.0862707
0.084444
0.0826838
0.0809868
0.0793498
0.0777699
0.0762443
0.0747703
0.0733456
0.0719677
0.0706345
0.0693438
0.0680938
0.0668824
0.0657081
0.0645691
0.0634637
0.0623906
0.0613482
0.0603352
0.0593502
0.0583922
0.0574598
0.056552
0.0556677
0.0548061
0.0539662
0.0531473
0.0523488
0.0515704
0.0508118
0.0500734
0.0493558
0.0486606
0.0479902
0.0473487
0.046742
0.0461793
0.0456735
0.0452437
0.0449165
0.0447294
0.961692
0.892184
0.829084
0.771727
0.719522
0.671944
0.628523
0.588843
0.552532
0.519258
0.488725
0.460668
0.434851
0.411062
0.389111
0.36883
0.350065
0.332679
0.31655
0.301567
0.287631
0.274652
0.262548
0.251246
0.240681
0.230793
0.221527
0.212834
0.204669
0.196992
0.189766
0.182956
0.176533
0.170468
0.164735
0.159311
0.154175
0.149306
0.144686
0.1403
0.13613
0.132164
0.128389
0.124791
0.121361
0.118087
0.114961
0.111973
0.109116
0.106381
0.103762
0.101252
0.0988447
0.0965348
0.0943168
0.0921857
0.0901369
0.0881661
0.0862693
0.0844425
0.0826822
0.0809851
0.0793481
0.0777681
0.0762424
0.0747684
0.0733436
0.0719656
0.0706323
0.0693416
0.0680914
0.06688
0.0657056
0.0645665
0.0634611
0.0623878
0.0613453
0.0603322
0.0593472
0.058389
0.0574565
0.0565486
0.0556642
0.0548025
0.0539625
0.0531435
0.0523449
0.0515664
0.0508077
0.0500692
0.0493515
0.0486561
0.0479857
0.047344
0.0467373
0.0461745
0.0456687
0.0452388
0.0449116
0.0447245
0.961692
0.892184
0.829084
0.771727
0.719522
0.671944
0.628523
0.588843
0.552532
0.519258
0.488725
0.460668
0.434851
0.411062
0.389111
0.36883
0.350065
0.332679
0.31655
0.301567
0.287631
0.274651
0.262548
0.251246
0.240681
0.230793
0.221527
0.212834
0.204669
0.196992
0.189766
0.182956
0.176533
0.170468
0.164735
0.159311
0.154174
0.149305
0.144686
0.140299
0.13613
0.132164
0.128388
0.124791
0.12136
0.118087
0.11496
0.111973
0.109115
0.10638
0.103761
0.101251
0.0988436
0.0965336
0.0943155
0.0921844
0.0901356
0.0881647
0.0862678
0.0844409
0.0826806
0.0809834
0.0793463
0.0777663
0.0762405
0.0747664
0.0733415
0.0719635
0.0706301
0.0693393
0.0680891
0.0668776
0.0657031
0.0645639
0.0634583
0.062385
0.0613424
0.0603292
0.0593441
0.0583858
0.0574532
0.0565452
0.0556607
0.0547989
0.0539588
0.0531397
0.052341
0.0515623
0.0508036
0.0500649
0.0493471
0.0486517
0.0479811
0.0473394
0.0467325
0.0461696
0.0456638
0.0452339
0.0449066
0.0447195
0.961692
0.892184
0.829084
0.771727
0.719522
0.671944
0.628523
0.588843
0.552532
0.519258
0.488725
0.460668
0.434851
0.411062
0.389111
0.36883
0.350065
0.332679
0.31655
0.301567
0.287631
0.274651
0.262548
0.251246
0.240681
0.230793
0.221527
0.212834
0.204669
0.196992
0.189765
0.182956
0.176532
0.170467
0.164734
0.15931
0.154174
0.149305
0.144685
0.140299
0.136129
0.132163
0.128387
0.12479
0.121359
0.118086
0.11496
0.111972
0.109114
0.106379
0.10376
0.10125
0.0988425
0.0965324
0.0943143
0.0921831
0.0901342
0.0881633
0.0862663
0.0844394
0.082679
0.0809817
0.0793446
0.0777644
0.0762386
0.0747644
0.0733395
0.0719613
0.0706279
0.069337
0.0680867
0.0668751
0.0657005
0.0645612
0.0634556
0.0623822
0.0613395
0.0603262
0.059341
0.0583826
0.0574499
0.0565418
0.0556572
0.0547952
0.053955
0.0531358
0.052337
0.0515583
0.0507994
0.0500606
0.0493427
0.0486472
0.0479765
0.0473347
0.0467278
0.0461648
0.0456589
0.045229
0.0449017
0.0447146
0.961692
0.892184
0.829084
0.771727
0.719522
0.671944
0.628523
0.588843
0.552532
0.519258
0.488725
0.460668
0.434851
0.411062
0.389111
0.36883
0.350065
0.332679
0.31655
0.301567
0.287631
0.274651
0.262547
0.251246
0.240681
0.230793
0.221527
0.212833
0.204669
0.196992
0.189765
0.182955
0.176532
0.170467
0.164734
0.15931
0.154173
0.149304
0.144685
0.140298
0.136129
0.132163
0.128387
0.124789
0.121359
0.118085
0.114959
0.111971
0.109113
0.106378
0.103759
0.101249
0.0988413
0.0965312
0.094313
0.0921818
0.0901328
0.0881618
0.0862648
0.0844378
0.0826773
0.08098
0.0793428
0.0777626
0.0762367
0.0747624
0.0733374
0.0719592
0.0706256
0.0693347
0.0680843
0.0668726
0.0656979
0.0645586
0.0634529
0.0623793
0.0613366
0.0603232
0.0593378
0.0583794
0.0574466
0.0565383
0.0556537
0.0547916
0.0539513
0.053132
0.0523331
0.0515542
0.0507952
0.0500563
0.0493383
0.0486427
0.0479719
0.04733
0.046723
0.04616
0.0456541
0.0452241
0.0448968
0.0447097
0.961692
0.892184
0.829084
0.771727
0.719522
0.671944
0.628523
0.588843
0.552532
0.519258
0.488725
0.460668
0.434851
0.411062
0.389112
0.36883
0.350065
0.332679
0.31655
0.301567
0.287631
0.274651
0.262547
0.251246
0.240681
0.230793
0.221526
0.212833
0.204668
0.196991
0.189765
0.182955
0.176532
0.170467
0.164734
0.15931
0.154173
0.149304
0.144684
0.140298
0.136128
0.132162
0.128386
0.124789
0.121358
0.118084
0.114958
0.11197
0.109112
0.106377
0.103758
0.101248
0.0988402
0.09653
0.0943117
0.0921804
0.0901314
0.0881604
0.0862632
0.0844362
0.0826757
0.0809783
0.079341
0.0777607
0.0762347
0.0747604
0.0733353
0.071957
0.0706234
0.0693323
0.0680819
0.0668701
0.0656954
0.0645559
0.0634501
0.0623765
0.0613336
0.0603201
0.0593347
0.0583761
0.0574432
0.0565349
0.0556501
0.054788
0.0539475
0.0531281
0.0523291
0.0515501
0.050791
0.0500521
0.049334
0.0486382
0.0479674
0.0473254
0.0467183
0.0461553
0.0456493
0.0452192
0.0448919
0.0447048
0.961692
0.892184
0.829084
0.771727
0.719522
0.671944
0.628523
0.588843
0.552532
0.519258
0.488725
0.460668
0.434851
0.411062
0.389112
0.36883
0.350065
0.332679
0.31655
0.301567
0.287631
0.274651
0.262547
0.251246
0.240681
0.230792
0.221526
0.212833
0.204668
0.196991
0.189765
0.182955
0.176532
0.170466
0.164733
0.159309
0.154173
0.149303
0.144684
0.140297
0.136128
0.132161
0.128386
0.124788
0.121357
0.118083
0.114957
0.111969
0.109111
0.106376
0.103757
0.101246
0.098839
0.0965288
0.0943105
0.0921791
0.09013
0.0881589
0.0862617
0.0844346
0.082674
0.0809766
0.0793392
0.0777589
0.0762328
0.0747584
0.0733332
0.0719549
0.0706212
0.06933
0.0680795
0.0668677
0.0656928
0.0645532
0.0634474
0.0623737
0.0613307
0.0603171
0.0593316
0.0583729
0.0574399
0.0565315
0.0556466
0.0547844
0.0539438
0.0531243
0.0523252
0.0515461
0.0507869
0.0500479
0.0493297
0.0486338
0.0479629
0.0473208
0.0467137
0.0461506
0.0456445
0.0452145
0.0448871
0.0447001
0.961692
0.892184
0.829084
0.771727
0.719522
0.671944
0.628523
0.588843
0.552532
0.519258
0.488725
0.460668
0.434851
0.411062
0.389112
0.36883
0.350065
0.332679
0.31655
0.301567
0.287631
0.274651
0.262547
0.251246
0.240681
0.230792
0.221526
0.212833
0.204668
0.196991
0.189764
0.182955
0.176531
0.170466
0.164733
0.159309
0.154172
0.149303
0.144683
0.140296
0.136127
0.132161
0.128385
0.124787
0.121356
0.118083
0.114956
0.111968
0.10911
0.106375
0.103756
0.101245
0.0988378
0.0965276
0.0943092
0.0921778
0.0901287
0.0881575
0.0862602
0.084433
0.0826724
0.0809749
0.0793374
0.077757
0.0762309
0.0747564
0.0733312
0.0719527
0.0706189
0.0693277
0.0680771
0.0668652
0.0656903
0.0645506
0.0634447
0.0623709
0.0613278
0.0603142
0.0593285
0.0583698
0.0574367
0.0565282
0.0556432
0.0547808
0.0539402
0.0531206
0.0523214
0.0515422
0.0507829
0.0500437
0.0493255
0.0486295
0.0479585
0.0473164
0.0467092
0.046146
0.0456399
0.0452098
0.0448825
0.0446954
0.961692
0.892184
0.829084
0.771727
0.719523
0.671944
0.628523
0.588843
0.552532
0.519258
0.488725
0.460668
0.434851
0.411062
0.389112
0.36883
0.350065
0.332679
0.31655
0.301567
0.287631
0.274651
0.262547
0.251246
0.240681
0.230792
0.221526
0.212833
0.204668
0.196991
0.189764
0.182954
0.176531
0.170466
0.164733
0.159308
0.154172
0.149303
0.144683
0.140296
0.136126
0.13216
0.128384
0.124786
0.121356
0.118082
0.114955
0.111967
0.109109
0.106374
0.103755
0.101244
0.0988367
0.0965264
0.094308
0.0921765
0.0901273
0.0881561
0.0862587
0.0844315
0.0826708
0.0809732
0.0793357
0.0777552
0.076229
0.0747545
0.0733291
0.0719506
0.0706168
0.0693255
0.0680748
0.0668628
0.0656878
0.064548
0.063442
0.0623681
0.061325
0.0603112
0.0593255
0.0583667
0.0574335
0.0565249
0.0556398
0.0547773
0.0539366
0.0531169
0.0523176
0.0515383
0.050779
0.0500397
0.0493213
0.0486253
0.0479542
0.047312
0.0467048
0.0461415
0.0456354
0.0452053
0.0448779
0.0446909
0.961692
0.892184
0.829084
0.771727
0.719523
0.671944
0.628523
0.588843
0.552532
0.519258
0.488725
0.460668
0.434851
0.411062
0.389112
0.36883
0.350065
0.332679
0.31655
0.301567
0.287631
0.274651
0.262547
0.251246
0.240681
0.230792
0.221526
0.212833
0.204668
0.19699
0.189764
0.182954
0.176531
0.170465
0.164732
0.159308
0.154171
0.149302
0.144682
0.140295
0.136126
0.13216
0.128384
0.124786
0.121355
0.118081
0.114954
0.111966
0.109108
0.106373
0.103754
0.101243
0.0988356
0.0965252
0.0943067
0.0921752
0.0901259
0.0881547
0.0862573
0.08443
0.0826692
0.0809716
0.079334
0.0777534
0.0762272
0.0747526
0.0733271
0.0719485
0.0706146
0.0693232
0.0680725
0.0668604
0.0656853
0.0645455
0.0634394
0.0623654
0.0613222
0.0603084
0.0593226
0.0583636
0.0574304
0.0565217
0.0556365
0.054774
0.0539332
0.0531134
0.052314
0.0515346
0.0507751
0.0500358
0.0493174
0.0486213
0.0479501
0.0473078
0.0467005
0.0461372
0.0456311
0.0452009
0.0448736
0.0446865
0.961692
0.892184
0.829084
0.771727
0.719523
0.671944
0.628523
0.588843
0.552532
0.519258
0.488725
0.460668
0.434851
0.411062
0.389112
0.36883
0.350065
0.332679
0.31655
0.301567
0.287631
0.274651
0.262547
0.251245
0.24068
0.230792
0.221526
0.212832
0.204667
0.19699
0.189763
0.182954
0.17653
0.170465
0.164732
0.159308
0.154171
0.149302
0.144682
0.140295
0.136125
0.132159
0.128383
0.124785
0.121354
0.11808
0.114954
0.111965
0.109108
0.106372
0.103753
0.101242
0.0988345
0.096524
0.0943055
0.0921739
0.0901246
0.0881533
0.0862558
0.0844285
0.0826676
0.0809699
0.0793323
0.0777517
0.0762253
0.0747507
0.0733252
0.0719465
0.0706125
0.0693211
0.0680702
0.0668581
0.0656829
0.0645431
0.0634369
0.0623628
0.0613195
0.0603056
0.0593197
0.0583607
0.0574274
0.0565186
0.0556333
0.0547707
0.0539298
0.0531099
0.0523105
0.051531
0.0507715
0.0500321
0.0493136
0.0486174
0.0479462
0.0473039
0.0466965
0.0461332
0.045627
0.0451968
0.0448694
0.0446824
0.961692
0.892184
0.829084
0.771727
0.719523
0.671944
0.628523
0.588843
0.552532
0.519258
0.488725
0.460668
0.434851
0.411062
0.389112
0.36883
0.350065
0.332679
0.31655
0.301567
0.287631
0.274651
0.262547
0.251245
0.24068
0.230792
0.221525
0.212832
0.204667
0.19699
0.189763
0.182953
0.17653
0.170464
0.164731
0.159307
0.15417
0.149301
0.144681
0.140294
0.136125
0.132158
0.128382
0.124784
0.121354
0.11808
0.114953
0.111965
0.109107
0.106371
0.103752
0.101241
0.0988334
0.0965229
0.0943043
0.0921727
0.0901233
0.0881519
0.0862544
0.084427
0.0826661
0.0809684
0.0793306
0.07775
0.0762236
0.0747489
0.0733233
0.0719446
0.0706105
0.069319
0.0680681
0.0668559
0.0656807
0.0645407
0.0634344
0.0623603
0.0613169
0.0603029
0.059317
0.0583579
0.0574245
0.0565156
0.0556303
0.0547676
0.0539266
0.0531067
0.0523071
0.0515276
0.050768
0.0500285
0.04931
0.0486138
0.0479425
0.0473001
0.0466927
0.0461293
0.0456231
0.0451929
0.0448655
0.0446785
0.961692
0.892184
0.829084
0.771727
0.719523
0.671944
0.628523
0.588843
0.552532
0.519258
0.488725
0.460668
0.434851
0.411062
0.389112
0.36883
0.350065
0.332679
0.31655
0.301567
0.287631
0.274651
0.262547
0.251245
0.24068
0.230792
0.221525
0.212832
0.204667
0.19699
0.189763
0.182953
0.17653
0.170464
0.164731
0.159307
0.15417
0.149301
0.144681
0.140294
0.136124
0.132158
0.128382
0.124784
0.121353
0.118079
0.114952
0.111964
0.109106
0.10637
0.103751
0.10124
0.0988324
0.0965218
0.0943032
0.0921715
0.0901221
0.0881506
0.0862531
0.0844256
0.0826647
0.0809669
0.0793291
0.0777484
0.0762219
0.0747471
0.0733215
0.0719427
0.0706086
0.069317
0.068066
0.0668538
0.0656785
0.0645384
0.0634321
0.0623579
0.0613145
0.0603004
0.0593144
0.0583552
0.0574217
0.0565128
0.0556274
0.0547647
0.0539236
0.0531036
0.052304
0.0515244
0.0507648
0.0500252
0.0493066
0.0486104
0.047939
0.0472966
0.0466892
0.0461258
0.0456195
0.0451893
0.0448619
0.0446749
0.961692
0.892184
0.829084
0.771727
0.719523
0.671944
0.628523
0.588843
0.552532
0.519258
0.488725
0.460668
0.434851
0.411062
0.389112
0.36883
0.350065
0.332679
0.31655
0.301567
0.28763
0.274651
0.262547
0.251245
0.24068
0.230791
0.221525
0.212832
0.204667
0.196989
0.189763
0.182953
0.176529
0.170464
0.164731
0.159306
0.15417
0.1493
0.14468
0.140293
0.136124
0.132157
0.128381
0.124783
0.121352
0.118078
0.114951
0.111963
0.109105
0.10637
0.10375
0.101239
0.0988314
0.0965208
0.0943021
0.0921704
0.0901209
0.0881494
0.0862518
0.0844243
0.0826633
0.0809654
0.0793276
0.0777468
0.0762203
0.0747455
0.0733198
0.071941
0.0706068
0.0693151
0.0680641
0.0668518
0.0656764
0.0645363
0.0634299
0.0623557
0.0613122
0.060298
0.059312
0.0583527
0.0574192
0.0565102
0.0556248
0.0547619
0.0539208
0.0531008
0.0523011
0.0515215
0.0507618
0.0500222
0.0493035
0.0486072
0.0479359
0.0472934
0.046686
0.0461225
0.0456163
0.0451861
0.0448587
0.0446716
0.961692
0.892184
0.829084
0.771727
0.719523
0.671944
0.628523
0.588843
0.552532
0.519258
0.488725
0.460668
0.434851
0.411062
0.389111
0.36883
0.350065
0.332679
0.31655
0.301567
0.28763
0.274651
0.262547
0.251245
0.24068
0.230791
0.221525
0.212832
0.204667
0.196989
0.189762
0.182953
0.176529
0.170464
0.16473
0.159306
0.154169
0.1493
0.14468
0.140293
0.136123
0.132157
0.12838
0.124782
0.121352
0.118077
0.114951
0.111962
0.109104
0.106369
0.103749
0.101238
0.0988304
0.0965198
0.0943011
0.0921693
0.0901198
0.0881483
0.0862506
0.084423
0.082662
0.0809641
0.0793262
0.0777454
0.0762188
0.0747439
0.0733182
0.0719393
0.0706051
0.0693134
0.0680623
0.0668499
0.0656745
0.0645343
0.0634279
0.0623536
0.06131
0.0602959
0.0593097
0.0583505
0.0574168
0.0565078
0.0556223
0.0547594
0.0539183
0.0530982
0.0522985
0.0515188
0.0507591
0.0500195
0.0493008
0.0486045
0.0479331
0.0472906
0.0466831
0.0461197
0.0456134
0.0451832
0.0448558
0.0446688
0.961692
0.892184
0.829084
0.771727
0.719523
0.671944
0.628523
0.588843
0.552532
0.519258
0.488725
0.460668
0.434851
0.411062
0.389111
0.36883
0.350065
0.332679
0.31655
0.301567
0.28763
0.274651
0.262546
0.251245
0.24068
0.230791
0.221525
0.212831
0.204666
0.196989
0.189762
0.182952
0.176529
0.170463
0.16473
0.159306
0.154169
0.149299
0.14468
0.140292
0.136123
0.132156
0.12838
0.124782
0.121351
0.118077
0.11495
0.111962
0.109103
0.106368
0.103748
0.101237
0.0988296
0.0965189
0.0943001
0.0921683
0.0901188
0.0881472
0.0862495
0.0844219
0.0826608
0.0809628
0.0793249
0.077744
0.0762174
0.0747425
0.0733167
0.0719378
0.0706035
0.0693118
0.0680606
0.0668482
0.0656727
0.0645326
0.063426
0.0623517
0.0613081
0.0602939
0.0593077
0.0583484
0.0574147
0.0565057
0.0556201
0.0547572
0.053916
0.0530959
0.0522962
0.0515165
0.0507567
0.0500171
0.0492984
0.048602
0.0479306
0.0472882
0.0466807
0.0461172
0.045611
0.0451807
0.0448533
0.0446663
0.961692
0.892184
0.829084
0.771727
0.719523
0.671944
0.628523
0.588843
0.552532
0.519258
0.488725
0.460668
0.434851
0.411062
0.389111
0.36883
0.350065
0.332679
0.31655
0.301567
0.28763
0.27465
0.262546
0.251245
0.24068
0.230791
0.221525
0.212831
0.204666
0.196989
0.189762
0.182952
0.176529
0.170463
0.16473
0.159305
0.154168
0.149299
0.144679
0.140292
0.136122
0.132156
0.128379
0.124781
0.12135
0.118076
0.114949
0.111961
0.109103
0.106367
0.103747
0.101237
0.0988288
0.0965181
0.0942993
0.0921674
0.0901178
0.0881462
0.0862485
0.0844208
0.0826597
0.0809617
0.0793237
0.0777428
0.0762162
0.0747412
0.0733154
0.0719364
0.0706021
0.0693103
0.0680591
0.0668467
0.0656712
0.064531
0.0634244
0.06235
0.0613064
0.0602921
0.0593059
0.0583466
0.0574129
0.0565038
0.0556182
0.0547553
0.0539141
0.0530939
0.0522942
0.0515145
0.0507547
0.0500151
0.0492964
0.0486
0.0479286
0.0472862
0.0466787
0.0461153
0.045609
0.0451787
0.0448514
0.0446644
0.961692
0.892184
0.829084
0.771727
0.719523
0.671944
0.628523
0.588843
0.552532
0.519258
0.488725
0.460668
0.434851
0.411062
0.389111
0.36883
0.350064
0.332679
0.31655
0.301567
0.28763
0.27465
0.262546
0.251245
0.24068
0.230791
0.221524
0.212831
0.204666
0.196989
0.189762
0.182952
0.176528
0.170463
0.164729
0.159305
0.154168
0.149299
0.144679
0.140292
0.136122
0.132155
0.128379
0.124781
0.12135
0.118076
0.114949
0.11196
0.109102
0.106367
0.103747
0.101236
0.098828
0.0965173
0.0942985
0.0921666
0.090117
0.0881453
0.0862476
0.0844199
0.0826587
0.0809607
0.0793227
0.0777418
0.0762151
0.0747401
0.0733142
0.0719352
0.0706009
0.0693091
0.0680579
0.0668454
0.0656698
0.0645296
0.063423
0.0623486
0.061305
0.0602907
0.0593044
0.0583451
0.0574114
0.0565023
0.0556167
0.0547537
0.0539125
0.0530924
0.0522926
0.0515129
0.0507532
0.0500135
0.0492948
0.0485985
0.0479271
0.0472847
0.0466772
0.0461138
0.0456075
0.0451773
0.0448499
0.0446629
0.961692
0.892184
0.829084
0.771728
0.719523
0.671944
0.628523
0.588843
0.552532
0.519258
0.488725
0.460668
0.434851
0.411062
0.389111
0.36883
0.350064
0.332679
0.31655
0.301567
0.28763
0.27465
0.262546
0.251245
0.240679
0.230791
0.221524
0.212831
0.204666
0.196988
0.189762
0.182952
0.176528
0.170462
0.164729
0.159305
0.154168
0.149298
0.144678
0.140291
0.136121
0.132155
0.128379
0.12478
0.121349
0.118075
0.114948
0.11196
0.109102
0.106366
0.103746
0.101235
0.0988274
0.0965167
0.0942978
0.0921659
0.0901163
0.0881446
0.0862468
0.0844191
0.0826579
0.0809599
0.0793219
0.0777409
0.0762142
0.0747391
0.0733133
0.0719342
0.0705999
0.069308
0.0680568
0.0668443
0.0656687
0.0645285
0.0634219
0.0623475
0.0613038
0.0602895
0.0593033
0.0583439
0.0574102
0.0565011
0.0556155
0.0547526
0.0539114
0.0530912
0.0522915
0.0515118
0.0507521
0.0500125
0.0492938
0.0485975
0.0479262
0.0472837
0.0466763
0.0461129
0.0456067
0.0451765
0.0448491
0.0446621
0.961692
0.892184
0.829084
0.771728
0.719523
0.671944
0.628523
0.588843
0.552532
0.519258
0.488725
0.460668
0.434851
0.411062
0.389111
0.36883
0.350064
0.332679
0.31655
0.301567
0.28763
0.27465
0.262546
0.251244
0.240679
0.230791
0.221524
0.212831
0.204666
0.196988
0.189761
0.182952
0.176528
0.170462
0.164729
0.159305
0.154168
0.149298
0.144678
0.140291
0.136121
0.132155
0.128378
0.12478
0.121349
0.118075
0.114948
0.111959
0.109101
0.106366
0.103746
0.101235
0.0988269
0.0965161
0.0942973
0.0921653
0.0901157
0.088144
0.0862462
0.0844185
0.0826572
0.0809592
0.0793212
0.0777402
0.0762135
0.0747384
0.0733125
0.0719335
0.0705991
0.0693072
0.068056
0.0668435
0.0656679
0.0645276
0.063421
0.0623466
0.061303
0.0602887
0.0593024
0.0583431
0.0574094
0.0565003
0.0556147
0.0547518
0.0539106
0.0530905
0.0522908
0.0515112
0.0507515
0.0500119
0.0492933
0.0485971
0.0479258
0.0472834
0.046676
0.0461126
0.0456064
0.0451763
0.0448489
0.0446619
0.961692
0.892184
0.829084
0.771728
0.719523
0.671944
0.628523
0.588843
0.552532
0.519258
0.488725
0.460668
0.434851
0.411062
0.389111
0.36883
0.350064
0.332679
0.31655
0.301567
0.28763
0.27465
0.262546
0.251244
0.240679
0.230791
0.221524
0.212831
0.204666
0.196988
0.189761
0.182951
0.176528
0.170462
0.164729
0.159304
0.154167
0.149298
0.144678
0.140291
0.136121
0.132154
0.128378
0.12478
0.121349
0.118075
0.114948
0.111959
0.109101
0.106365
0.103745
0.101235
0.0988265
0.0965157
0.0942969
0.0921649
0.0901153
0.0881436
0.0862457
0.084418
0.0826568
0.0809587
0.0793207
0.0777397
0.076213
0.0747379
0.073312
0.071933
0.0705986
0.0693067
0.0680555
0.066843
0.0656674
0.0645271
0.0634205
0.0623461
0.0613025
0.0602882
0.059302
0.0583427
0.057409
0.0564999
0.0556144
0.0547515
0.0539104
0.0530903
0.0522907
0.0515111
0.0507515
0.050012
0.0492934
0.0485973
0.0479261
0.0472837
0.0466764
0.0461131
0.0456069
0.0451768
0.0448494
0.0446625
0.961692
0.892184
0.829084
0.771728
0.719523
0.671944
0.628523
0.588843
0.552532
0.519258
0.488725
0.460668
0.434851
0.411062
0.389111
0.36883
0.350064
0.332679
0.31655
0.301566
0.28763
0.27465
0.262546
0.251244
0.240679
0.23079
0.221524
0.212831
0.204665
0.196988
0.189761
0.182951
0.176528
0.170462
0.164729
0.159304
0.154167
0.149298
0.144678
0.140291
0.136121
0.132154
0.128378
0.12478
0.121349
0.118074
0.114947
0.111959
0.109101
0.106365
0.103745
0.101234
0.0988263
0.0965155
0.0942966
0.0921647
0.090115
0.0881433
0.0862455
0.0844177
0.0826565
0.0809584
0.0793204
0.0777394
0.0762127
0.0747376
0.0733117
0.0719327
0.0705983
0.0693065
0.0680553
0.0668428
0.0656672
0.064527
0.0634204
0.062346
0.0613024
0.0602882
0.059302
0.0583427
0.0574091
0.0565
0.0556146
0.0547518
0.0539107
0.0530907
0.0522912
0.0515117
0.0507521
0.0500127
0.0492943
0.0485982
0.047927
0.0472848
0.0466776
0.0461143
0.0456082
0.045178
0.0448507
0.0446638
0.961692
0.892184
0.829084
0.771728
0.719523
0.671944
0.628523
0.588843
0.552532
0.519258
0.488725
0.460668
0.434851
0.411062
0.389111
0.36883
0.350064
0.332679
0.316549
0.301566
0.28763
0.27465
0.262546
0.251244
0.240679
0.23079
0.221524
0.212831
0.204665
0.196988
0.189761
0.182951
0.176528
0.170462
0.164729
0.159304
0.154167
0.149298
0.144678
0.14029
0.136121
0.132154
0.128378
0.12478
0.121349
0.118074
0.114947
0.111959
0.109101
0.106365
0.103745
0.101234
0.0988262
0.0965154
0.0942965
0.0921646
0.0901149
0.0881432
0.0862454
0.0844177
0.0826564
0.0809584
0.0793204
0.0777394
0.0762127
0.0747376
0.0733118
0.0719328
0.0705984
0.0693066
0.0680554
0.0668429
0.0656674
0.0645272
0.0634207
0.0623463
0.0613027
0.0602885
0.0593024
0.0583432
0.0574096
0.0565007
0.0556153
0.0547526
0.0539116
0.0530917
0.0522923
0.0515129
0.0507534
0.0500141
0.0492958
0.0485998
0.0479288
0.0472866
0.0466795
0.0461163
0.0456102
0.0451801
0.0448528
0.0446659
0.961692
0.892184
0.829084
0.771728
0.719523
0.671944
0.628523
0.588843
0.552532
0.519258
0.488725
0.460668
0.434851
0.411062
0.389111
0.36883
0.350064
0.332679
0.316549
0.301566
0.28763
0.27465
0.262546
0.251244
0.240679
0.23079
0.221524
0.212831
0.204665
0.196988
0.189761
0.182951
0.176528
0.170462
0.164729
0.159304
0.154167
0.149298
0.144678
0.14029
0.136121
0.132154
0.128378
0.12478
0.121349
0.118074
0.114947
0.111959
0.109101
0.106365
0.103745
0.101234
0.0988262
0.0965155
0.0942966
0.0921647
0.090115
0.0881433
0.0862456
0.0844178
0.0826566
0.0809586
0.0793206
0.0777396
0.076213
0.0747379
0.0733121
0.0719331
0.0705988
0.069307
0.0680559
0.0668434
0.065668
0.0645278
0.0634213
0.0623471
0.0613036
0.0602894
0.0593034
0.0583442
0.0574108
0.0565019
0.0556166
0.054754
0.0539131
0.0530934
0.052294
0.0515148
0.0507554
0.0500163
0.0492981
0.0486022
0.0479313
0.0472893
0.0466822
0.0461192
0.0456131
0.0451831
0.0448558
0.0446689
0.961692
0.892184
0.829084
0.771728
0.719523
0.671944
0.628523
0.588843
0.552532
0.519258
0.488725
0.460668
0.434851
0.411062
0.389111
0.36883
0.350064
0.332679
0.316549
0.301566
0.28763
0.27465
0.262546
0.251244
0.240679
0.23079
0.221524
0.212831
0.204665
0.196988
0.189761
0.182951
0.176528
0.170462
0.164729
0.159304
0.154167
0.149298
0.144678
0.140291
0.136121
0.132154
0.128378
0.12478
0.121349
0.118074
0.114948
0.111959
0.109101
0.106365
0.103745
0.101234
0.0988265
0.0965158
0.0942969
0.092165
0.0901154
0.0881437
0.086246
0.0844183
0.0826571
0.0809591
0.0793211
0.0777402
0.0762136
0.0747386
0.0733128
0.0719338
0.0705996
0.0693079
0.0680567
0.0668444
0.065669
0.0645289
0.0634225
0.0623483
0.0613049
0.0602908
0.0593049
0.0583458
0.0574124
0.0565037
0.0556185
0.054756
0.0539153
0.0530957
0.0522965
0.0515174
0.0507582
0.0500192
0.0493011
0.0486055
0.0479347
0.0472928
0.0466859
0.0461229
0.045617
0.045187
0.0448597
0.0446727
0.961692
0.892184
0.829084
0.771727
0.719523
0.671944
0.628523
0.588843
0.552532
0.519258
0.488725
0.460668
0.434851
0.411062
0.389111
0.36883
0.350064
0.332679
0.316549
0.301566
0.28763
0.27465
0.262546
0.251244
0.240679
0.23079
0.221524
0.212831
0.204666
0.196988
0.189761
0.182951
0.176528
0.170462
0.164729
0.159304
0.154167
0.149298
0.144678
0.140291
0.136121
0.132154
0.128378
0.12478
0.121349
0.118075
0.114948
0.111959
0.109101
0.106366
0.103746
0.101235
0.098827
0.0965163
0.0942974
0.0921656
0.090116
0.0881444
0.0862466
0.084419
0.0826578
0.0809599
0.079322
0.0777411
0.0762145
0.0747396
0.0733138
0.071935
0.0706007
0.0693091
0.068058
0.0668457
0.0656704
0.0645304
0.0634241
0.06235
0.0613067
0.0602927
0.0593069
0.058348
0.0574147
0.0565061
0.0556211
0.0547587
0.0539182
0.0530987
0.0522997
0.0515207
0.0507618
0.0500229
0.049305
0.0486095
0.0479389
0.0472972
0.0466904
0.0461275
0.0456217
0.0451917
0.0448645
0.0446775
)
;

boundaryField
{
    inlet
    {
        type            fixedValue;
        value           uniform 1;
    }
    outlet
    {
        type            inletOutlet;
        inletValue      uniform 1;
        value           nonuniform List<scalar> 
100
(
0.0446259
0.0446264
0.0446274
0.0446288
0.0446306
0.0446328
0.0446355
0.0446385
0.0446419
0.0446456
0.0446495
0.0446538
0.0446583
0.044663
0.0446679
0.044673
0.0446782
0.0446835
0.0446889
0.0446943
0.0446998
0.0447052
0.0447107
0.0447161
0.0447215
0.0447268
0.044732
0.0447371
0.044742
0.0447469
0.0447516
0.0447561
0.0447604
0.0447646
0.0447685
0.0447723
0.0447758
0.0447792
0.0447823
0.0447851
0.0447877
0.0447901
0.0447922
0.044794
0.0447956
0.044797
0.044798
0.0447988
0.0447994
0.0447996
0.0447996
0.0447994
0.0447988
0.044798
0.044797
0.0447957
0.0447941
0.0447922
0.0447902
0.0447878
0.0447853
0.0447825
0.0447795
0.0447762
0.0447728
0.0447691
0.0447653
0.0447613
0.0447571
0.0447528
0.0447483
0.0447437
0.044739
0.0447342
0.0447294
0.0447245
0.0447195
0.0447146
0.0447097
0.0447048
0.0447001
0.0446954
0.0446909
0.0446865
0.0446824
0.0446785
0.0446749
0.0446716
0.0446688
0.0446663
0.0446644
0.0446629
0.0446621
0.0446619
0.0446625
0.0446638
0.0446659
0.0446689
0.0446727
0.0446775
)
;
    }
    ground
    {
        type            empty;
    }
    top
    {
        type            empty;
    }
    front
    {
        type            inletOutlet;
        inletValue      uniform 1;
        value           nonuniform List<scalar> 
100
(
0.961692
0.892185
0.829084
0.771728
0.719523
0.671944
0.628523
0.588843
0.552532
0.519258
0.488725
0.460668
0.434851
0.411062
0.389111
0.36883
0.350064
0.332679
0.31655
0.301567
0.28763
0.27465
0.262546
0.251244
0.240679
0.23079
0.221524
0.212831
0.204665
0.196988
0.189761
0.182951
0.176527
0.170462
0.164728
0.159304
0.154167
0.149297
0.144677
0.14029
0.13612
0.132154
0.128377
0.124779
0.121348
0.118074
0.114946
0.111958
0.1091
0.106364
0.103744
0.101233
0.0988246
0.0965136
0.0942946
0.0921625
0.0901126
0.0881407
0.0862427
0.0844147
0.0826532
0.0809549
0.0793166
0.0777353
0.0762082
0.0747328
0.0733065
0.0719271
0.0705922
0.0692999
0.0680482
0.0668351
0.065659
0.064518
0.0634108
0.0623356
0.0612912
0.060276
0.0592889
0.0583286
0.0573938
0.0564836
0.0555969
0.0547328
0.0538903
0.0530688
0.0522677
0.0514866
0.0507254
0.0499843
0.0492642
0.0485665
0.0478938
0.0472502
0.0466418
0.0460776
0.0455708
0.0451403
0.0448128
0.0446259
)
;
    }
    back
    {
        type            inletOutlet;
        inletValue      uniform 1;
        value           nonuniform List<scalar> 
100
(
0.961692
0.892184
0.829084
0.771727
0.719523
0.671944
0.628523
0.588843
0.552532
0.519258
0.488725
0.460668
0.434851
0.411062
0.389111
0.36883
0.350064
0.332679
0.316549
0.301566
0.28763
0.27465
0.262546
0.251244
0.240679
0.23079
0.221524
0.212831
0.204666
0.196988
0.189761
0.182951
0.176528
0.170462
0.164729
0.159304
0.154167
0.149298
0.144678
0.140291
0.136121
0.132154
0.128378
0.12478
0.121349
0.118075
0.114948
0.111959
0.109101
0.106366
0.103746
0.101235
0.098827
0.0965163
0.0942974
0.0921656
0.090116
0.0881444
0.0862466
0.084419
0.0826578
0.0809599
0.079322
0.0777411
0.0762145
0.0747396
0.0733138
0.071935
0.0706007
0.0693091
0.068058
0.0668457
0.0656704
0.0645304
0.0634241
0.06235
0.0613067
0.0602927
0.0593069
0.058348
0.0574147
0.0565061
0.0556211
0.0547587
0.0539182
0.0530987
0.0522997
0.0515207
0.0507618
0.0500229
0.049305
0.0486095
0.0479389
0.0472972
0.0466904
0.0461275
0.0456217
0.0451917
0.0448645
0.0446775
)
;
    }
}


// ************************************************************************* //
