/*--------------------------------*- C++ -*----------------------------------*\
  =========                 |
  \\      /  F ield         | OpenFOAM: The Open Source CFD Toolbox
   \\    /   O peration     | Website:  https://openfoam.org
    \\  /    A nd           | Version:  11
     \\/     M anipulation  |
\*---------------------------------------------------------------------------*/
FoamFile
{
    format      ascii;
    class       volScalarField;
    location    "154";
    object      omega;
}
// * * * * * * * * * * * * * * * * * * * * * * * * * * * * * * * * * * * * * //

dimensions      [0 0 -1 0 0 0 0];

internalField   nonuniform List<scalar> 
10000
(
0.961703
0.892209
0.829112
0.771747
0.719522
0.671909
0.628439
0.588695
0.552302
0.518927
0.488272
0.460072
0.434086
0.4101
0.387923
0.367381
0.348318
0.330594
0.314082
0.298667
0.284246
0.270727
0.258025
0.246067
0.234787
0.224126
0.214037
0.204476
0.195409
0.186808
0.178652
0.170924
0.163611
0.156705
0.150197
0.14408
0.138348
0.132991
0.128
0.123362
0.119063
0.115089
0.111424
0.108051
0.104952
0.10211
0.0995067
0.0971247
0.0949474
0.0929586
0.091143
0.0894866
0.0879764
0.0865999
0.085346
0.0842042
0.0831649
0.0822191
0.0813589
0.0805768
0.079866
0.0792202
0.0786337
0.0781013
0.0776183
0.0771802
0.076783
0.076423
0.076097
0.0758018
0.0755346
0.0752928
0.0750741
0.0748763
0.0746975
0.0745359
0.0743897
0.0742576
0.0741382
0.0740302
0.0739325
0.0738441
0.0737641
0.0736916
0.0736259
0.0735664
0.0735125
0.0734636
0.0734192
0.0733791
0.0733428
0.0733101
0.0732808
0.0732548
0.0732319
0.0732123
0.0731959
0.073183
0.0731738
0.0731685
0.961703
0.89221
0.829113
0.771749
0.719524
0.671912
0.628442
0.588698
0.552305
0.51893
0.488276
0.460075
0.43409
0.410105
0.387928
0.367386
0.348323
0.3306
0.314088
0.298673
0.284253
0.270735
0.258034
0.246077
0.234797
0.224138
0.21405
0.20449
0.195424
0.186825
0.17867
0.170942
0.163631
0.156725
0.150218
0.144102
0.13837
0.133013
0.128021
0.123383
0.119084
0.11511
0.111445
0.108071
0.104971
0.102128
0.0995237
0.0971405
0.0949619
0.0929718
0.0911552
0.089498
0.0879869
0.0866097
0.0853551
0.0842126
0.0831726
0.0822264
0.0813656
0.080583
0.0798717
0.0792255
0.0786386
0.0781059
0.0776225
0.0771841
0.0767866
0.0764263
0.0761
0.0758046
0.0755372
0.0752952
0.0750763
0.0748783
0.0746994
0.0745376
0.0743913
0.074259
0.0741395
0.0740314
0.0739336
0.0738451
0.073765
0.0736924
0.0736267
0.0735671
0.0735131
0.0734641
0.0734197
0.0733795
0.0733432
0.0733105
0.0732812
0.0732551
0.0732322
0.0732125
0.0731962
0.0731832
0.073174
0.0731688
0.961703
0.892211
0.829115
0.771752
0.719528
0.671916
0.628447
0.588703
0.552311
0.518937
0.488283
0.460083
0.434097
0.410112
0.387936
0.367394
0.348332
0.330609
0.314098
0.298684
0.284265
0.270748
0.258048
0.246092
0.234815
0.224157
0.214071
0.204513
0.195449
0.186852
0.178699
0.170973
0.163663
0.156759
0.150253
0.144138
0.138406
0.133049
0.128056
0.123417
0.119118
0.115143
0.111477
0.108102
0.105001
0.102156
0.0995503
0.0971654
0.0949851
0.0929934
0.0911752
0.0895165
0.088004
0.0866255
0.0853697
0.0842262
0.0831852
0.0822379
0.0813763
0.0805928
0.0798807
0.0792338
0.0786462
0.0781129
0.0776289
0.0771899
0.0767919
0.0764312
0.0761045
0.0758087
0.0755409
0.0752985
0.0750794
0.0748811
0.0747019
0.0745398
0.0743934
0.0742609
0.0741412
0.0740329
0.0739349
0.0738463
0.0737661
0.0736934
0.0736276
0.0735679
0.0735139
0.0734648
0.0734204
0.0733801
0.0733438
0.073311
0.0732816
0.0732555
0.0732327
0.073213
0.0731966
0.0731837
0.0731744
0.0731692
0.961703
0.892211
0.829117
0.771755
0.719532
0.671921
0.628454
0.588711
0.552319
0.518945
0.488292
0.460092
0.434107
0.410123
0.387947
0.367406
0.348345
0.330623
0.314113
0.2987
0.284282
0.270766
0.258068
0.246115
0.234839
0.224184
0.2141
0.204545
0.195484
0.186889
0.178739
0.171016
0.163708
0.156806
0.150301
0.144187
0.138455
0.133098
0.128105
0.123465
0.119165
0.115189
0.111521
0.108144
0.105041
0.102195
0.0995864
0.0971992
0.0950167
0.0930228
0.0912026
0.0895419
0.0880276
0.0866473
0.0853899
0.0842447
0.0832023
0.0822536
0.0813907
0.0806061
0.0798929
0.079245
0.0786565
0.0781222
0.0776374
0.0771977
0.076799
0.0764377
0.0761104
0.075814
0.0755457
0.0753029
0.0750833
0.0748847
0.0747051
0.0745428
0.074396
0.0742633
0.0741433
0.0740348
0.0739367
0.0738479
0.0737675
0.0736947
0.0736288
0.073569
0.0735148
0.0734657
0.0734212
0.0733809
0.0733445
0.0733117
0.0732823
0.0732562
0.0732333
0.0732136
0.0731972
0.0731843
0.0731751
0.0731698
0.961704
0.892212
0.829119
0.771758
0.719536
0.671927
0.628461
0.588719
0.552328
0.518955
0.488303
0.460104
0.43412
0.410136
0.387961
0.367421
0.348361
0.33064
0.314131
0.29872
0.284304
0.27079
0.258094
0.246143
0.23487
0.224218
0.214137
0.204586
0.195528
0.186937
0.17879
0.17107
0.163765
0.156865
0.150362
0.144248
0.138517
0.13316
0.128167
0.123526
0.119224
0.115246
0.111576
0.108197
0.105092
0.102242
0.0996313
0.0972415
0.0950562
0.0930597
0.0912369
0.0895738
0.0880571
0.0866747
0.0854151
0.084268
0.0832238
0.0822734
0.0814089
0.0806228
0.0799083
0.079259
0.0786693
0.078134
0.0776481
0.0772075
0.0768079
0.0764458
0.0761177
0.0758207
0.0755517
0.0753084
0.0750883
0.0748892
0.0747091
0.0745464
0.0743992
0.0742662
0.0741459
0.0740372
0.0739388
0.0738498
0.0737692
0.0736963
0.0736302
0.0735703
0.073516
0.0734668
0.0734222
0.0733818
0.0733453
0.0733125
0.0732831
0.073257
0.073234
0.0732144
0.073198
0.0731851
0.0731758
0.0731706
0.961703
0.892212
0.82912
0.77176
0.71954
0.671932
0.628467
0.588727
0.552337
0.518966
0.488314
0.460117
0.434134
0.410151
0.387977
0.367439
0.34838
0.33066
0.314153
0.298744
0.28433
0.270818
0.258125
0.246177
0.234907
0.224259
0.214182
0.204635
0.195581
0.186994
0.178851
0.171134
0.163832
0.156935
0.150433
0.144321
0.138591
0.133233
0.128239
0.123597
0.119293
0.115313
0.111641
0.108259
0.105151
0.102298
0.0996842
0.0972912
0.0951028
0.0931032
0.0912775
0.0896115
0.0880921
0.0867071
0.0854451
0.0842957
0.0832492
0.0822969
0.0814305
0.0806426
0.0799264
0.0792756
0.0786845
0.0781479
0.0776608
0.077219
0.0768184
0.0764553
0.0761264
0.0758285
0.0755588
0.0753148
0.075094
0.0748944
0.0747138
0.0745506
0.074403
0.0742696
0.074149
0.0740399
0.0739412
0.073852
0.0737712
0.073698
0.0736318
0.0735717
0.0735173
0.073468
0.0734233
0.0733829
0.0733464
0.0733135
0.073284
0.0732579
0.073235
0.0732153
0.0731989
0.073186
0.0731768
0.0731715
0.961703
0.892213
0.829121
0.771762
0.719543
0.671937
0.628474
0.588734
0.552347
0.518977
0.488327
0.46013
0.434148
0.410168
0.387995
0.367458
0.348401
0.330683
0.314177
0.29877
0.284359
0.27085
0.25816
0.246216
0.23495
0.224306
0.214233
0.20469
0.195642
0.187059
0.17892
0.171207
0.163909
0.157014
0.150515
0.144404
0.138674
0.133317
0.128322
0.123678
0.119372
0.11539
0.111714
0.108329
0.105218
0.102362
0.0997442
0.0973477
0.0951557
0.0931527
0.0913236
0.0896544
0.0881319
0.0867439
0.0854792
0.0843272
0.0832783
0.0823236
0.0814551
0.0806652
0.0799471
0.0792946
0.0787018
0.0781637
0.0776752
0.0772321
0.0768304
0.0764662
0.0761362
0.0758374
0.0755669
0.0753221
0.0751006
0.0749003
0.0747191
0.0745553
0.0744073
0.0742734
0.0741524
0.074043
0.073944
0.0738544
0.0737734
0.0737
0.0736336
0.0735733
0.0735188
0.0734694
0.0734246
0.0733841
0.0733475
0.0733146
0.0732851
0.073259
0.073236
0.0732164
0.0732
0.0731871
0.0731779
0.0731726
0.961703
0.892212
0.829122
0.771764
0.719546
0.671941
0.628479
0.588742
0.552355
0.518987
0.488339
0.460144
0.434164
0.410185
0.388014
0.367479
0.348423
0.330707
0.314204
0.2988
0.284391
0.270886
0.2582
0.246259
0.234998
0.224358
0.21429
0.204752
0.195709
0.187131
0.178997
0.171289
0.163994
0.157102
0.150605
0.144496
0.138766
0.133409
0.128413
0.123767
0.119459
0.115474
0.111795
0.108407
0.105292
0.102432
0.0998105
0.09741
0.0952142
0.0932074
0.0913746
0.0897018
0.0881759
0.0867848
0.085517
0.0843621
0.0833105
0.0823533
0.0814823
0.0806902
0.07997
0.0793156
0.078721
0.0781812
0.0776912
0.0772467
0.0768436
0.0764782
0.0761471
0.0758472
0.0755758
0.0753301
0.0751078
0.0749067
0.0747249
0.0745605
0.0744119
0.0742776
0.0741561
0.0740463
0.0739469
0.0738571
0.0737758
0.0737022
0.0736355
0.0735751
0.0735204
0.0734708
0.073426
0.0733854
0.0733488
0.0733158
0.0732863
0.0732601
0.0732372
0.0732175
0.0732012
0.0731883
0.0731791
0.0731738
0.961703
0.892212
0.829122
0.771764
0.719548
0.671944
0.628484
0.588748
0.552364
0.518997
0.488351
0.460158
0.434179
0.410202
0.388033
0.3675
0.348447
0.330733
0.314233
0.298832
0.284427
0.270925
0.258242
0.246306
0.235049
0.224415
0.214352
0.20482
0.195781
0.187209
0.17908
0.171376
0.164086
0.157197
0.150703
0.144595
0.138866
0.133508
0.128512
0.123864
0.119554
0.115565
0.111883
0.108491
0.105372
0.102508
0.0998824
0.0974776
0.0952776
0.0932667
0.0914299
0.0897533
0.0882238
0.0868291
0.085558
0.0844
0.0833454
0.0823855
0.0815119
0.0807174
0.079995
0.0793384
0.0787419
0.0782003
0.0777086
0.0772625
0.0768579
0.0764912
0.0761589
0.0758579
0.0755854
0.0753387
0.0751156
0.0749137
0.0747312
0.0745661
0.0744169
0.074282
0.0741601
0.0740498
0.0739501
0.0738599
0.0737783
0.0737044
0.0736375
0.073577
0.0735221
0.0734724
0.0734274
0.0733868
0.0733501
0.0733171
0.0732876
0.0732614
0.0732384
0.0732188
0.0732024
0.0731895
0.0731803
0.073175
0.961703
0.892212
0.829121
0.771765
0.719549
0.671947
0.628488
0.588754
0.552371
0.519006
0.488362
0.460171
0.434195
0.410219
0.388053
0.367522
0.348471
0.330761
0.314263
0.298865
0.284464
0.270966
0.258288
0.246356
0.235105
0.224476
0.214419
0.204892
0.195859
0.187293
0.179169
0.17147
0.164184
0.157299
0.150807
0.144701
0.138973
0.133615
0.128617
0.123967
0.119654
0.115663
0.111977
0.108581
0.105458
0.102589
0.0999589
0.0975497
0.0953453
0.09333
0.091489
0.0898083
0.0882749
0.0868765
0.0856019
0.0844406
0.0833829
0.0824199
0.0815437
0.0807465
0.0800217
0.0793629
0.0787643
0.0782206
0.0777272
0.0772794
0.0768733
0.0765051
0.0761715
0.0758693
0.0755956
0.0753479
0.0751239
0.0749211
0.0747378
0.0745721
0.0744222
0.0742868
0.0741643
0.0740536
0.0739535
0.0738629
0.073781
0.0737068
0.0736397
0.0735789
0.0735239
0.0734741
0.073429
0.0733882
0.0733515
0.0733184
0.0732889
0.0732627
0.0732397
0.0732201
0.0732037
0.0731909
0.0731816
0.0731763
0.961703
0.892211
0.829121
0.771765
0.71955
0.671949
0.628491
0.588759
0.552378
0.519015
0.488372
0.460183
0.43421
0.410237
0.388072
0.367544
0.348496
0.330789
0.314295
0.2989
0.284502
0.271009
0.258336
0.246409
0.235163
0.224539
0.214489
0.204968
0.195941
0.18738
0.179262
0.171569
0.164287
0.157405
0.150916
0.144812
0.139085
0.133726
0.128727
0.124076
0.11976
0.115765
0.112076
0.108676
0.105548
0.102675
0.10004
0.0976257
0.0954166
0.0933967
0.0915513
0.0898664
0.0883289
0.0869266
0.0856483
0.0844834
0.0834224
0.0824564
0.0815772
0.0807773
0.0800499
0.0793887
0.0787879
0.0782422
0.0777468
0.0772972
0.0768895
0.0765198
0.0761847
0.0758812
0.0756064
0.0753577
0.0751326
0.074929
0.0747448
0.0745783
0.0744278
0.0742917
0.0741687
0.0740575
0.0739569
0.073866
0.0737837
0.0737093
0.0736419
0.0735809
0.0735257
0.0734758
0.0734306
0.0733897
0.0733529
0.0733198
0.0732902
0.073264
0.0732411
0.0732214
0.0732051
0.0731922
0.073183
0.0731777
0.961702
0.892211
0.829121
0.771765
0.719551
0.67195
0.628494
0.588763
0.552384
0.519023
0.488382
0.460195
0.434224
0.410253
0.388092
0.367566
0.348521
0.330817
0.314327
0.298936
0.284542
0.271053
0.258385
0.246464
0.235223
0.224606
0.214561
0.205047
0.196027
0.187472
0.179359
0.171671
0.164394
0.157516
0.15103
0.144927
0.139201
0.133842
0.128842
0.124189
0.11987
0.115872
0.112178
0.108774
0.105641
0.102764
0.100124
0.0977049
0.095491
0.0934664
0.0916164
0.089927
0.0883853
0.0869789
0.0856967
0.0845282
0.0834638
0.0824945
0.0816122
0.0808095
0.0800794
0.0794157
0.0788126
0.0782647
0.0777673
0.0773159
0.0769064
0.0765351
0.0761986
0.0758938
0.0756177
0.0753678
0.0751417
0.0749371
0.0747521
0.0745848
0.0744336
0.0742968
0.0741733
0.0740615
0.0739605
0.0738692
0.0737866
0.0737118
0.0736442
0.073583
0.0735276
0.0734775
0.0734322
0.0733913
0.0733544
0.0733212
0.0732916
0.0732654
0.0732425
0.0732228
0.0732065
0.0731936
0.0731843
0.073179
0.961702
0.89221
0.82912
0.771765
0.719551
0.671951
0.628496
0.588767
0.552389
0.51903
0.488391
0.460207
0.434238
0.41027
0.388111
0.367588
0.348547
0.330846
0.314359
0.298972
0.284583
0.271098
0.258435
0.24652
0.235285
0.224674
0.214636
0.205128
0.196114
0.187566
0.17946
0.171777
0.164504
0.157631
0.151147
0.145047
0.139321
0.133962
0.128961
0.124305
0.119984
0.115982
0.112285
0.108876
0.105738
0.102856
0.100211
0.0977869
0.095568
0.0935385
0.0916838
0.0899898
0.0884437
0.0870331
0.085747
0.0845747
0.0835067
0.082534
0.0816486
0.0808429
0.0801101
0.0794438
0.0788382
0.0782881
0.0777886
0.0773353
0.076924
0.076551
0.076213
0.0759067
0.0756293
0.0753783
0.075151
0.0749455
0.0747596
0.0745915
0.0744395
0.0743021
0.0741779
0.0740657
0.0739642
0.0738724
0.0737894
0.0737144
0.0736465
0.0735851
0.0735295
0.0734792
0.0734338
0.0733928
0.0733558
0.0733227
0.073293
0.0732668
0.0732438
0.0732241
0.0732078
0.0731949
0.0731857
0.0731804
0.961702
0.89221
0.829119
0.771764
0.719551
0.671952
0.628498
0.58877
0.552394
0.519036
0.4884
0.460217
0.434251
0.410285
0.388129
0.36761
0.348571
0.330874
0.314391
0.299009
0.284624
0.271144
0.258487
0.246577
0.235348
0.224744
0.214712
0.205211
0.196204
0.187663
0.179562
0.171885
0.164617
0.157748
0.151267
0.145169
0.139444
0.134085
0.129082
0.124425
0.1201
0.116095
0.112393
0.10898
0.105838
0.10295
0.1003
0.0978711
0.0956471
0.0936126
0.091753
0.0900544
0.0885037
0.0870889
0.0857986
0.0846225
0.0835508
0.0825747
0.081686
0.0808773
0.0801416
0.0794727
0.0788646
0.0783122
0.0778105
0.0773552
0.076942
0.0765674
0.0762278
0.07592
0.0756413
0.075389
0.0751606
0.0749541
0.0747672
0.0745983
0.0744455
0.0743074
0.0741827
0.0740698
0.0739679
0.0738757
0.0737924
0.073717
0.0736488
0.0735872
0.0735314
0.073481
0.0734354
0.0733943
0.0733573
0.0733241
0.0732944
0.0732681
0.0732452
0.0732255
0.0732092
0.0731963
0.073187
0.0731817
0.961702
0.892209
0.829119
0.771763
0.719551
0.671953
0.628499
0.588772
0.552398
0.519042
0.488407
0.460227
0.434263
0.4103
0.388147
0.367631
0.348596
0.330902
0.314423
0.299045
0.284665
0.271191
0.258539
0.246635
0.235412
0.224814
0.21479
0.205295
0.196295
0.18776
0.179666
0.171995
0.164732
0.157866
0.151389
0.145292
0.139569
0.134209
0.129205
0.124546
0.120219
0.11621
0.112504
0.109086
0.105939
0.103046
0.100391
0.0979569
0.0957278
0.0936883
0.0918238
0.0901204
0.0885651
0.0871459
0.0858515
0.0846714
0.0835959
0.0826163
0.0817244
0.0809125
0.0801739
0.0795022
0.0788916
0.0783368
0.077833
0.0773756
0.0769605
0.0765841
0.0762428
0.0759336
0.0756535
0.0753999
0.0751704
0.0749628
0.074775
0.0746052
0.0744516
0.0743129
0.0741874
0.0740741
0.0739716
0.073879
0.0737953
0.0737196
0.0736511
0.0735892
0.0735333
0.0734827
0.073437
0.0733958
0.0733587
0.0733254
0.0732957
0.0732694
0.0732465
0.0732268
0.0732105
0.0731976
0.0731883
0.073183
0.961701
0.892209
0.829118
0.771763
0.71955
0.671953
0.6285
0.588774
0.552401
0.519047
0.488415
0.460237
0.434275
0.410315
0.388164
0.367651
0.34862
0.33093
0.314455
0.299081
0.284706
0.271237
0.258591
0.246693
0.235477
0.224885
0.214867
0.20538
0.196387
0.187859
0.179771
0.172106
0.164848
0.157986
0.151512
0.145418
0.139695
0.134335
0.12933
0.124669
0.120338
0.116326
0.112616
0.109193
0.106042
0.103144
0.100483
0.098044
0.0958097
0.0937651
0.0918956
0.0901874
0.0886275
0.0872039
0.0859052
0.0847211
0.0836419
0.0826587
0.0817633
0.0809483
0.0802067
0.0795323
0.0789191
0.0783619
0.0778558
0.0773963
0.0769793
0.0766011
0.0762582
0.0759474
0.0756659
0.075411
0.0751804
0.0749716
0.0747829
0.0746121
0.0744578
0.0743183
0.0741923
0.0740783
0.0739753
0.0738823
0.0737982
0.0737221
0.0736534
0.0735913
0.0735351
0.0734844
0.0734386
0.0733973
0.0733601
0.0733268
0.073297
0.0732707
0.0732477
0.0732281
0.0732117
0.0731988
0.0731896
0.0731842
0.961701
0.892208
0.829117
0.771762
0.71955
0.671953
0.628501
0.588776
0.552404
0.519052
0.488421
0.460245
0.434286
0.410328
0.388181
0.367671
0.348643
0.330957
0.314486
0.299117
0.284747
0.271283
0.258642
0.24675
0.235541
0.224956
0.214945
0.205465
0.196479
0.187958
0.179877
0.172217
0.164964
0.158107
0.151636
0.145543
0.139821
0.134462
0.129456
0.124792
0.120459
0.116443
0.112729
0.109302
0.106145
0.103242
0.100577
0.098132
0.0958925
0.0938427
0.0919682
0.0902551
0.0886906
0.0872625
0.0859596
0.0847714
0.0836883
0.0827015
0.0818028
0.0809846
0.08024
0.0795627
0.0789469
0.0783872
0.0778788
0.0774172
0.0769983
0.0766182
0.0762736
0.0759613
0.0756784
0.0754222
0.0751904
0.0749805
0.0747908
0.0746192
0.074464
0.0743238
0.0741971
0.0740825
0.0739791
0.0738855
0.073801
0.0737247
0.0736556
0.0735933
0.0735369
0.073486
0.0734401
0.0733987
0.0733614
0.073328
0.0732983
0.0732719
0.073249
0.0732293
0.0732129
0.0732
0.0731908
0.0731854
0.961701
0.892207
0.829116
0.771761
0.719549
0.671952
0.628502
0.588778
0.552407
0.519056
0.488427
0.460253
0.434296
0.410341
0.388197
0.36769
0.348665
0.330983
0.314517
0.299152
0.284787
0.271329
0.258694
0.246808
0.235605
0.225027
0.215023
0.20555
0.196571
0.188056
0.179982
0.172328
0.16508
0.158227
0.151759
0.145669
0.139948
0.134589
0.129582
0.124916
0.12058
0.11656
0.112842
0.109411
0.106249
0.103341
0.10067
0.0982204
0.0959757
0.0939208
0.0920412
0.0903233
0.0887541
0.0873215
0.0860143
0.0848221
0.0837352
0.0827447
0.0818425
0.0810211
0.0802735
0.0795934
0.0789749
0.0784128
0.0779021
0.0774383
0.0770174
0.0766355
0.0762892
0.0759754
0.075691
0.0754335
0.0752004
0.0749895
0.0747987
0.0746262
0.0744702
0.0743292
0.0742018
0.0740867
0.0739827
0.0738888
0.0738039
0.0737271
0.0736578
0.0735952
0.0735387
0.0734876
0.0734415
0.0734
0.0733627
0.0733293
0.0732994
0.0732731
0.0732501
0.0732304
0.0732141
0.0732012
0.0731919
0.0731865
0.961701
0.892207
0.829115
0.77176
0.719548
0.671952
0.628502
0.588779
0.552409
0.51906
0.488433
0.460261
0.434306
0.410354
0.388212
0.367708
0.348687
0.331009
0.314547
0.299187
0.284826
0.271373
0.258744
0.246864
0.235668
0.225097
0.2151
0.205634
0.196662
0.188154
0.180086
0.172438
0.165196
0.158347
0.151882
0.145794
0.140075
0.134715
0.129707
0.12504
0.120701
0.116678
0.112956
0.109519
0.106353
0.10344
0.100764
0.0983089
0.096059
0.093999
0.0921144
0.0903917
0.0888178
0.0873807
0.0860692
0.0848729
0.0837821
0.082788
0.0818824
0.0810577
0.0803071
0.0796241
0.079003
0.0784384
0.0779254
0.0774595
0.0770366
0.0766528
0.0763048
0.0759894
0.0757036
0.0754447
0.0752104
0.0749984
0.0748066
0.0746332
0.0744764
0.0743346
0.0742066
0.0740909
0.0739864
0.0738919
0.0738066
0.0737296
0.07366
0.0735971
0.0735403
0.0734891
0.0734429
0.0734013
0.0733639
0.0733304
0.0733005
0.0732742
0.0732512
0.0732315
0.0732151
0.0732022
0.073193
0.0731876
0.9617
0.892206
0.829115
0.771759
0.719547
0.671952
0.628502
0.58878
0.552411
0.519063
0.488438
0.460268
0.434315
0.410365
0.388227
0.367726
0.348709
0.331034
0.314576
0.29922
0.284865
0.271417
0.258794
0.24692
0.23573
0.225166
0.215176
0.205717
0.196752
0.188251
0.180189
0.172547
0.16531
0.158466
0.152004
0.145919
0.1402
0.134841
0.129832
0.125162
0.120821
0.116794
0.113068
0.109628
0.106457
0.103539
0.100857
0.0983972
0.0961421
0.094077
0.0921875
0.0904599
0.0888813
0.0874398
0.0861241
0.0849237
0.0838291
0.0828313
0.0819223
0.0810944
0.0803407
0.0796549
0.0790311
0.078464
0.0779487
0.0774806
0.0770557
0.0766701
0.0763204
0.0760034
0.0757161
0.0754559
0.0752204
0.0750073
0.0748144
0.0746401
0.0744825
0.07434
0.0742113
0.074095
0.0739899
0.073895
0.0738093
0.0737319
0.073662
0.0735989
0.0735419
0.0734905
0.0734442
0.0734025
0.073365
0.0733315
0.0733016
0.0732752
0.0732521
0.0732324
0.0732161
0.0732032
0.0731939
0.0731885
0.9617
0.892206
0.829114
0.771758
0.719547
0.671951
0.628502
0.588781
0.552413
0.519067
0.488443
0.460275
0.434324
0.410377
0.388241
0.367743
0.348729
0.331058
0.314604
0.299253
0.284903
0.27146
0.258842
0.246975
0.235792
0.225234
0.215251
0.205799
0.196841
0.188347
0.180291
0.172655
0.165423
0.158583
0.152125
0.146041
0.140324
0.134965
0.129955
0.125284
0.12094
0.11691
0.11318
0.109735
0.106559
0.103636
0.10095
0.0984849
0.0962247
0.0941546
0.0922602
0.0905278
0.0889446
0.0874986
0.0861787
0.0849743
0.0838758
0.0828745
0.081962
0.0811309
0.0803742
0.0796855
0.0790591
0.0784895
0.0779719
0.0775017
0.0770748
0.0766873
0.0763359
0.0760173
0.0757286
0.0754671
0.0752303
0.075016
0.0748222
0.0746469
0.0744885
0.0743453
0.0742159
0.074099
0.0739934
0.073898
0.0738119
0.0737342
0.073664
0.0736006
0.0735435
0.0734919
0.0734454
0.0734036
0.073366
0.0733324
0.0733025
0.0732761
0.073253
0.0732333
0.073217
0.0732041
0.0731948
0.0731894
0.9617
0.892205
0.829113
0.771757
0.719546
0.671951
0.628502
0.588781
0.552415
0.51907
0.488447
0.460281
0.434332
0.410387
0.388254
0.36776
0.348749
0.331081
0.314632
0.299285
0.284939
0.271502
0.25889
0.247029
0.235851
0.2253
0.215324
0.205879
0.196928
0.188441
0.180391
0.172761
0.165534
0.158698
0.152244
0.146162
0.140446
0.135087
0.130077
0.125404
0.121057
0.117024
0.113291
0.109841
0.106661
0.103733
0.101042
0.0985717
0.0963065
0.0942315
0.0923322
0.0905951
0.0890074
0.087557
0.0862328
0.0850245
0.0839222
0.0829173
0.0820014
0.0811671
0.0804074
0.0797159
0.0790869
0.0785149
0.0779949
0.0775226
0.0770937
0.0767044
0.0763513
0.0760311
0.0757409
0.0754781
0.0752401
0.0750247
0.0748299
0.0746537
0.0744944
0.0743504
0.0742204
0.0741029
0.0739968
0.073901
0.0738145
0.0737364
0.0736659
0.0736023
0.0735449
0.0734931
0.0734465
0.0734046
0.073367
0.0733333
0.0733034
0.0732769
0.0732538
0.0732341
0.0732178
0.0732049
0.0731956
0.0731902
0.9617
0.892205
0.829112
0.771757
0.719545
0.67195
0.628502
0.588782
0.552417
0.519072
0.488451
0.460287
0.43434
0.410398
0.388267
0.367775
0.348768
0.331104
0.314658
0.299316
0.284975
0.271543
0.258936
0.247081
0.23591
0.225365
0.215396
0.205958
0.197013
0.188532
0.180489
0.172865
0.165643
0.158811
0.15236
0.146281
0.140566
0.135208
0.130196
0.125522
0.121173
0.117137
0.113399
0.109946
0.106761
0.103829
0.101133
0.0986575
0.0963873
0.0943074
0.0924033
0.0906616
0.0890694
0.0876147
0.0862864
0.0850741
0.0839681
0.0829596
0.0820404
0.081203
0.0804403
0.079746
0.0791144
0.0785399
0.0780177
0.0775432
0.0771124
0.0767213
0.0763664
0.0760447
0.0757531
0.0754889
0.0752497
0.0750333
0.0748374
0.0746603
0.0745002
0.0743555
0.0742248
0.0741067
0.0740001
0.0739038
0.0738169
0.0737385
0.0736677
0.0736038
0.0735462
0.0734943
0.0734476
0.0734056
0.0733678
0.0733341
0.0733041
0.0732776
0.0732545
0.0732348
0.0732185
0.0732056
0.0731963
0.0731909
0.9617
0.892204
0.829112
0.771756
0.719544
0.671949
0.628502
0.588782
0.552418
0.519075
0.488455
0.460292
0.434348
0.410407
0.388279
0.36779
0.348786
0.331126
0.314684
0.299346
0.28501
0.271582
0.258981
0.247131
0.235967
0.225428
0.215466
0.206034
0.197096
0.188622
0.180585
0.172966
0.165749
0.158922
0.152474
0.146397
0.140684
0.135326
0.130313
0.125637
0.121286
0.117247
0.113506
0.110049
0.10686
0.103923
0.101222
0.0987419
0.0964669
0.0943822
0.0924735
0.0907272
0.0891305
0.0876716
0.0863393
0.0851231
0.0840134
0.0830014
0.0820789
0.0812383
0.0804727
0.0797757
0.0791415
0.0785646
0.0780402
0.0775636
0.0771308
0.0767379
0.0763814
0.0760581
0.0757651
0.0754996
0.0752592
0.0750416
0.0748448
0.0746668
0.0745059
0.0743604
0.074229
0.0741104
0.0740032
0.0739065
0.0738192
0.0737404
0.0736694
0.0736053
0.0735475
0.0734954
0.0734485
0.0734064
0.0733686
0.0733348
0.0733048
0.0732783
0.0732552
0.0732354
0.0732191
0.0732062
0.0731969
0.0731915
0.9617
0.892204
0.829111
0.771755
0.719543
0.671949
0.628502
0.588783
0.552419
0.519077
0.488459
0.460298
0.434355
0.410417
0.388291
0.367805
0.348803
0.331147
0.314708
0.299375
0.285043
0.271621
0.259025
0.24718
0.236022
0.22549
0.215533
0.206108
0.197177
0.188709
0.180678
0.173065
0.165853
0.159029
0.152585
0.146511
0.140799
0.135441
0.130428
0.125751
0.121397
0.117355
0.113611
0.11015
0.106956
0.104015
0.101309
0.0988246
0.096545
0.0944556
0.0925423
0.0907915
0.0891906
0.0877275
0.0863912
0.0851712
0.0840579
0.0830425
0.0821167
0.0812731
0.0805046
0.0798049
0.0791682
0.0785889
0.0780622
0.0775836
0.0771489
0.0767542
0.0763961
0.0760713
0.0757768
0.0755101
0.0752685
0.0750498
0.074852
0.0746731
0.0745114
0.0743652
0.0742332
0.074114
0.0740063
0.0739091
0.0738214
0.0737423
0.073671
0.0736066
0.0735486
0.0734964
0.0734494
0.0734071
0.0733693
0.0733354
0.0733053
0.0732788
0.0732557
0.0732359
0.0732196
0.0732067
0.0731974
0.073192
0.961699
0.892203
0.82911
0.771754
0.719543
0.671948
0.628501
0.588783
0.55242
0.519079
0.488462
0.460302
0.434362
0.410425
0.388302
0.367819
0.34882
0.331167
0.314732
0.299402
0.285075
0.271657
0.259067
0.247228
0.236075
0.225549
0.215599
0.20618
0.197255
0.188793
0.180769
0.173161
0.165953
0.159134
0.152693
0.146621
0.14091
0.135553
0.13054
0.125861
0.121505
0.117461
0.113713
0.110248
0.107051
0.104105
0.101395
0.0989056
0.0966214
0.0945275
0.0926097
0.0908546
0.0892495
0.0877823
0.0864421
0.0852184
0.0841015
0.0830828
0.0821538
0.0813072
0.0805359
0.0798336
0.0791943
0.0786127
0.0780839
0.0776032
0.0771666
0.0767702
0.0764104
0.0760841
0.0757883
0.0755203
0.0752776
0.0750578
0.074859
0.0746793
0.0745167
0.0743699
0.0742372
0.0741174
0.0740093
0.0739116
0.0738236
0.0737441
0.0736725
0.0736079
0.0735497
0.0734973
0.0734502
0.0734078
0.0733699
0.0733359
0.0733058
0.0732793
0.0732561
0.0732364
0.07322
0.0732071
0.0731978
0.0731924
0.961699
0.892203
0.829109
0.771753
0.719542
0.671948
0.628501
0.588784
0.552421
0.519081
0.488465
0.460307
0.434368
0.410434
0.388313
0.367832
0.348836
0.331186
0.314755
0.299429
0.285106
0.271693
0.259107
0.247274
0.236126
0.225606
0.215662
0.20625
0.197331
0.188875
0.180856
0.173253
0.166051
0.159236
0.152798
0.146728
0.141019
0.135662
0.130648
0.125968
0.121611
0.117563
0.113813
0.110344
0.107142
0.104192
0.101478
0.0989846
0.0966959
0.0945976
0.0926755
0.0909162
0.0893069
0.0878358
0.0864918
0.0852644
0.0841442
0.0831221
0.0821901
0.0813405
0.0805665
0.0798615
0.0792198
0.078636
0.078105
0.0776224
0.0771839
0.0767858
0.0764245
0.0760967
0.0757995
0.0755303
0.0752864
0.0750656
0.0748659
0.0746852
0.0745219
0.0743744
0.0742411
0.0741207
0.0740121
0.073914
0.0738256
0.0737458
0.0736739
0.0736091
0.0735507
0.0734981
0.0734508
0.0734084
0.0733703
0.0733364
0.0733062
0.0732796
0.0732565
0.0732367
0.0732203
0.0732074
0.0731981
0.0731927
0.961699
0.892202
0.829109
0.771753
0.719541
0.671947
0.628501
0.588784
0.552422
0.519083
0.488469
0.460312
0.434374
0.410442
0.388323
0.367844
0.348852
0.331204
0.314777
0.299454
0.285135
0.271727
0.259146
0.247317
0.236176
0.225661
0.215723
0.206317
0.197404
0.188954
0.18094
0.173343
0.166145
0.159334
0.152899
0.146831
0.141124
0.135767
0.130753
0.126072
0.121713
0.117663
0.113909
0.110437
0.107232
0.104278
0.101559
0.0990614
0.0967684
0.0946659
0.0927395
0.0909761
0.0893629
0.0878879
0.0865402
0.0853093
0.0841857
0.0831605
0.0822254
0.081373
0.0805963
0.0798888
0.0792447
0.0786587
0.0781256
0.0776411
0.0772008
0.076801
0.0764381
0.0761089
0.0758104
0.0755399
0.0752949
0.0750732
0.0748725
0.074691
0.0745269
0.0743787
0.0742448
0.0741239
0.0740148
0.0739163
0.0738275
0.0737474
0.0736752
0.0736101
0.0735515
0.0734988
0.0734514
0.0734089
0.0733708
0.0733367
0.0733065
0.0732799
0.0732567
0.0732369
0.0732206
0.0732076
0.0731984
0.0731929
0.961699
0.892202
0.829108
0.771752
0.71954
0.671947
0.628501
0.588784
0.552423
0.519085
0.488471
0.460316
0.43438
0.410449
0.388332
0.367856
0.348866
0.331222
0.314797
0.299479
0.285164
0.271759
0.259183
0.24736
0.236223
0.225714
0.215782
0.206381
0.197474
0.18903
0.181022
0.173429
0.166236
0.159428
0.152996
0.146931
0.141225
0.135869
0.130855
0.126173
0.121811
0.117759
0.114002
0.110527
0.107318
0.10436
0.101638
0.0991359
0.0968388
0.0947321
0.0928017
0.0910343
0.0894172
0.0879385
0.0865872
0.0853529
0.0842261
0.0831977
0.0822597
0.0814046
0.0806252
0.0799153
0.0792689
0.0786807
0.0781456
0.0776592
0.0772172
0.0768157
0.0764513
0.0761207
0.075821
0.0755493
0.0753032
0.0750805
0.0748789
0.0746966
0.0745318
0.0743829
0.0742484
0.0741269
0.0740173
0.0739184
0.0738292
0.0737488
0.0736764
0.0736111
0.0735523
0.0734994
0.0734519
0.0734093
0.0733711
0.073337
0.0733067
0.0732801
0.0732569
0.0732371
0.0732207
0.0732078
0.0731985
0.073193
0.961699
0.892201
0.829108
0.771751
0.71954
0.671946
0.6285
0.588784
0.552424
0.519087
0.488474
0.46032
0.434385
0.410456
0.388341
0.367868
0.34888
0.331238
0.314817
0.299502
0.285191
0.271791
0.259218
0.2474
0.236268
0.225765
0.215838
0.206442
0.197541
0.189102
0.181099
0.173512
0.166323
0.159519
0.15309
0.147027
0.141322
0.135967
0.130953
0.126269
0.121907
0.117852
0.114093
0.110614
0.107402
0.10444
0.101714
0.0992078
0.0969067
0.0947961
0.0928618
0.0910905
0.0894697
0.0879875
0.0866327
0.0853952
0.0842651
0.0832338
0.082293
0.0814351
0.0806532
0.0799409
0.0792923
0.078702
0.078165
0.0776767
0.077233
0.07683
0.0764641
0.0761322
0.0758312
0.0755583
0.0753112
0.0750875
0.074885
0.0747019
0.0745364
0.0743868
0.0742518
0.0741298
0.0740197
0.0739205
0.0738309
0.0737502
0.0736775
0.073612
0.073553
0.0735
0.0734523
0.0734096
0.0733713
0.0733372
0.0733069
0.0732802
0.073257
0.0732372
0.0732208
0.0732079
0.0731986
0.0731931
0.961699
0.892201
0.829107
0.771751
0.719539
0.671946
0.6285
0.588784
0.552425
0.519088
0.488477
0.460323
0.43439
0.410463
0.38835
0.367878
0.348893
0.331254
0.314836
0.299524
0.285216
0.27182
0.259252
0.247438
0.236311
0.225813
0.215891
0.206501
0.197606
0.189172
0.181174
0.173591
0.166406
0.159606
0.15318
0.147119
0.141416
0.136061
0.131046
0.126362
0.121998
0.117941
0.114179
0.110698
0.107482
0.104517
0.101787
0.0992771
0.0969722
0.0948578
0.0929197
0.0911448
0.0895204
0.0880347
0.0866767
0.0854359
0.0843028
0.0832686
0.082325
0.0814646
0.0806803
0.0799657
0.0793149
0.0787226
0.0781837
0.0776936
0.0772483
0.0768437
0.0764765
0.0761432
0.075841
0.075567
0.0753189
0.0750942
0.0748909
0.0747071
0.0745408
0.0743906
0.074255
0.0741325
0.074022
0.0739224
0.0738325
0.0737515
0.0736785
0.0736128
0.0735536
0.0735005
0.0734527
0.0734098
0.0733715
0.0733373
0.073307
0.0732802
0.073257
0.0732372
0.0732208
0.0732079
0.0731986
0.0731931
0.961698
0.892201
0.829107
0.77175
0.719539
0.671945
0.6285
0.588785
0.552426
0.51909
0.488479
0.460327
0.434395
0.410469
0.388358
0.367889
0.348906
0.331269
0.314854
0.299545
0.285241
0.271848
0.259285
0.247475
0.236353
0.225859
0.215942
0.206557
0.197667
0.189238
0.181245
0.173666
0.166485
0.159689
0.153266
0.147207
0.141505
0.136151
0.131136
0.126451
0.122085
0.118027
0.114262
0.110778
0.107559
0.104591
0.101857
0.0993437
0.0970351
0.094917
0.0929754
0.0911969
0.0895691
0.0880801
0.0867189
0.085475
0.0843391
0.0833021
0.0823559
0.0814929
0.0807063
0.0799895
0.0793366
0.0787424
0.0782016
0.0777099
0.077263
0.0768569
0.0764883
0.0761538
0.0758504
0.0755754
0.0753263
0.0751007
0.0748966
0.074712
0.0745451
0.0743943
0.0742581
0.0741351
0.0740242
0.0739241
0.0738339
0.0737526
0.0736794
0.0736135
0.0735542
0.0735008
0.073453
0.07341
0.0733716
0.0733373
0.073307
0.0732802
0.073257
0.0732371
0.0732207
0.0732078
0.0731985
0.073193
0.961698
0.8922
0.829106
0.771749
0.719538
0.671945
0.6285
0.588785
0.552426
0.519091
0.488481
0.46033
0.4344
0.410475
0.388366
0.367898
0.348917
0.331284
0.314871
0.299565
0.285264
0.271875
0.259315
0.247509
0.236392
0.225902
0.21599
0.206611
0.197725
0.189301
0.181312
0.173738
0.166561
0.159768
0.153347
0.147291
0.14159
0.136237
0.131222
0.126536
0.122169
0.118108
0.114342
0.110855
0.107633
0.104661
0.101924
0.0994073
0.0970953
0.0949737
0.0930287
0.0912469
0.0896158
0.0881236
0.0867593
0.0855125
0.0843738
0.0833341
0.0823854
0.0815201
0.0807312
0.0800123
0.0793575
0.0787613
0.0782188
0.0777255
0.077277
0.0768696
0.0764996
0.0761639
0.0758594
0.0755834
0.0753333
0.0751069
0.0749019
0.0747166
0.0745491
0.0743977
0.074261
0.0741376
0.0740262
0.0739258
0.0738353
0.0737537
0.0736802
0.0736141
0.0735546
0.0735012
0.0734532
0.0734101
0.0733716
0.0733373
0.0733069
0.0732802
0.0732569
0.073237
0.0732206
0.0732077
0.0731984
0.0731929
0.961698
0.8922
0.829106
0.771749
0.719537
0.671944
0.6285
0.588785
0.552427
0.519092
0.488483
0.460333
0.434404
0.410481
0.388373
0.367907
0.348928
0.331297
0.314887
0.299584
0.285286
0.2719
0.259344
0.247542
0.236428
0.225944
0.216036
0.206661
0.19778
0.18936
0.181376
0.173806
0.166633
0.159843
0.153425
0.14737
0.141671
0.136318
0.131303
0.126617
0.122248
0.118186
0.114417
0.110927
0.107703
0.104728
0.101988
0.099468
0.0971527
0.0950278
0.0930795
0.0912945
0.0896603
0.0881651
0.0867979
0.0855483
0.0844069
0.0833647
0.0824136
0.081546
0.080755
0.080034
0.0793773
0.0787794
0.0782353
0.0777403
0.0772904
0.0768816
0.0765104
0.0761735
0.075868
0.0755909
0.07534
0.0751127
0.074907
0.074721
0.0745529
0.0744009
0.0742637
0.0741398
0.0740281
0.0739273
0.0738365
0.0737547
0.073681
0.0736147
0.073555
0.0735014
0.0734533
0.0734102
0.0733716
0.0733373
0.0733068
0.07328
0.0732568
0.0732369
0.0732205
0.0732075
0.0731982
0.0731928
0.961698
0.8922
0.829105
0.771748
0.719537
0.671944
0.628499
0.588785
0.552428
0.519094
0.488485
0.460336
0.434408
0.410486
0.38838
0.367916
0.348939
0.331309
0.314902
0.299601
0.285306
0.271924
0.259371
0.247573
0.236463
0.225982
0.216079
0.206708
0.197832
0.189416
0.181437
0.17387
0.1667
0.159913
0.153498
0.147445
0.141747
0.136395
0.13138
0.126693
0.122323
0.11826
0.114489
0.110997
0.107769
0.104792
0.102049
0.0995255
0.0972071
0.0950791
0.0931277
0.0913397
0.0897025
0.0882045
0.0868345
0.0855823
0.0844384
0.0833938
0.0824404
0.0815707
0.0807776
0.0800547
0.0793962
0.0787966
0.0782508
0.0777544
0.0773031
0.0768931
0.0765207
0.0761827
0.0758761
0.0755981
0.0753463
0.0751182
0.0749119
0.0747252
0.0745564
0.0744039
0.0742663
0.074142
0.0740298
0.0739287
0.0738376
0.0737555
0.0736816
0.0736151
0.0735553
0.0735016
0.0734534
0.0734102
0.0733716
0.0733372
0.0733067
0.0732799
0.0732566
0.0732367
0.0732203
0.0732073
0.073198
0.0731925
0.961698
0.892199
0.829105
0.771748
0.719536
0.671943
0.628499
0.588785
0.552428
0.519095
0.488487
0.460339
0.434412
0.410491
0.388386
0.367924
0.348949
0.331321
0.314915
0.299618
0.285325
0.271946
0.259396
0.247602
0.236496
0.226019
0.21612
0.206753
0.19788
0.189469
0.181493
0.17393
0.166764
0.15998
0.153567
0.147516
0.141819
0.136467
0.131452
0.126765
0.122394
0.118329
0.114556
0.111062
0.107832
0.104852
0.102106
0.0995799
0.0972585
0.0951276
0.0931733
0.0913824
0.0897425
0.0882417
0.0868692
0.0856145
0.0844682
0.0834213
0.0824658
0.081594
0.080799
0.0800743
0.079414
0.0788128
0.0782656
0.0777678
0.0773152
0.0769039
0.0765304
0.0761913
0.0758837
0.0756049
0.0753523
0.0751235
0.0749164
0.0747291
0.0745598
0.0744068
0.0742686
0.074144
0.0740315
0.0739301
0.0738387
0.0737563
0.0736822
0.0736156
0.0735556
0.0735018
0.0734535
0.0734102
0.0733715
0.073337
0.0733065
0.0732797
0.0732564
0.0732365
0.07322
0.0732071
0.0731978
0.0731923
0.961698
0.892199
0.829104
0.771747
0.719536
0.671943
0.628499
0.588785
0.552429
0.519096
0.488489
0.460341
0.434415
0.410496
0.388392
0.367931
0.348958
0.331332
0.314929
0.299633
0.285343
0.271967
0.25942
0.247629
0.236526
0.226053
0.216157
0.206794
0.197926
0.189518
0.181546
0.173987
0.166823
0.160042
0.153631
0.147582
0.141886
0.136535
0.13152
0.126832
0.122461
0.118394
0.114619
0.111123
0.107891
0.104908
0.10216
0.0996309
0.0973068
0.0951731
0.0932161
0.0914226
0.08978
0.0882768
0.0869018
0.0856448
0.0844962
0.0834472
0.0824896
0.0816159
0.0808191
0.0800927
0.0794308
0.0788281
0.0782794
0.0777803
0.0773265
0.076914
0.0765394
0.0761994
0.0758909
0.0756113
0.0753578
0.0751283
0.0749206
0.0747327
0.0745629
0.0744094
0.0742708
0.0741458
0.074033
0.0739312
0.0738396
0.073757
0.0736827
0.0736159
0.0735558
0.0735019
0.0734535
0.0734101
0.0733714
0.0733369
0.0733063
0.0732795
0.0732561
0.0732362
0.0732198
0.0732068
0.0731975
0.073192
0.961698
0.892199
0.829104
0.771747
0.719536
0.671943
0.628499
0.588785
0.552429
0.519097
0.48849
0.460344
0.434418
0.4105
0.388398
0.367938
0.348966
0.331342
0.314941
0.299647
0.28536
0.271986
0.259442
0.247654
0.236554
0.226084
0.216192
0.206833
0.197968
0.189564
0.181595
0.174039
0.166879
0.1601
0.153691
0.147644
0.141949
0.136598
0.131584
0.126895
0.122523
0.118455
0.114678
0.11118
0.107946
0.104961
0.10221
0.0996786
0.097352
0.0952157
0.0932562
0.0914601
0.0898152
0.0883095
0.0869322
0.0856731
0.0845224
0.0834714
0.082512
0.0816364
0.0808379
0.0801099
0.0794465
0.0788424
0.0782924
0.077792
0.077337
0.0769235
0.0765479
0.076207
0.0758977
0.0756172
0.075363
0.0751329
0.0749246
0.0747361
0.0745658
0.0744119
0.0742729
0.0741475
0.0740343
0.0739323
0.0738404
0.0737577
0.0736832
0.0736162
0.073556
0.0735019
0.0734534
0.07341
0.0733712
0.0733367
0.0733061
0.0732792
0.0732559
0.073236
0.0732195
0.0732065
0.0731972
0.0731917
0.961698
0.892199
0.829104
0.771746
0.719535
0.671942
0.628499
0.588785
0.552429
0.519098
0.488492
0.460346
0.434421
0.410504
0.388403
0.367944
0.348974
0.331352
0.314952
0.29966
0.285375
0.272003
0.259462
0.247677
0.23658
0.226113
0.216225
0.206869
0.198007
0.189606
0.181641
0.174088
0.16693
0.160153
0.153747
0.147701
0.142007
0.136657
0.131642
0.126953
0.12258
0.118511
0.114733
0.111233
0.107997
0.10501
0.102257
0.0997229
0.0973939
0.0952553
0.0932934
0.091495
0.0898478
0.08834
0.0869606
0.0856993
0.0845467
0.0834939
0.0825327
0.0816555
0.0808554
0.0801259
0.0794611
0.0788556
0.0783044
0.0778029
0.0773468
0.0769323
0.0765558
0.076214
0.0759039
0.0756227
0.0753678
0.0751371
0.0749282
0.0747392
0.0745684
0.0744141
0.0742747
0.074149
0.0740356
0.0739333
0.0738412
0.0737582
0.0736836
0.0736164
0.0735561
0.0735019
0.0734533
0.0734099
0.073371
0.0733365
0.0733058
0.0732789
0.0732556
0.0732357
0.0732192
0.0732062
0.0731969
0.0731914
0.961698
0.892199
0.829103
0.771746
0.719535
0.671942
0.628498
0.588785
0.55243
0.519098
0.488493
0.460348
0.434424
0.410508
0.388407
0.36795
0.348981
0.33136
0.314962
0.299672
0.285389
0.27202
0.259481
0.247698
0.236604
0.22614
0.216254
0.206901
0.198043
0.189645
0.181682
0.174132
0.166977
0.160202
0.153798
0.147753
0.14206
0.136711
0.131696
0.127007
0.122633
0.118563
0.114783
0.111282
0.108044
0.105055
0.1023
0.0997637
0.0974325
0.0952917
0.0933277
0.0915272
0.0898779
0.088368
0.0869867
0.0857236
0.0845692
0.0835146
0.0825518
0.0816731
0.0808715
0.0801406
0.0794746
0.0788679
0.0783155
0.0778129
0.0773559
0.0769404
0.0765631
0.0762204
0.0759096
0.0756277
0.0753723
0.0751409
0.0749315
0.0747421
0.0745708
0.0744161
0.0742764
0.0741504
0.0740367
0.0739342
0.0738418
0.0737587
0.0736839
0.0736166
0.0735561
0.0735019
0.0734532
0.0734097
0.0733708
0.0733362
0.0733056
0.0732787
0.0732553
0.0732354
0.0732189
0.0732059
0.0731966
0.0731911
0.961698
0.892198
0.829103
0.771746
0.719534
0.671942
0.628498
0.588786
0.55243
0.519099
0.488494
0.46035
0.434426
0.410511
0.388411
0.367955
0.348987
0.331368
0.314971
0.299683
0.285402
0.272034
0.259498
0.247717
0.236625
0.226164
0.216281
0.206931
0.198075
0.18968
0.18172
0.174172
0.167019
0.160247
0.153844
0.147801
0.142109
0.13676
0.131745
0.127056
0.122681
0.11861
0.114829
0.111326
0.108087
0.105096
0.102339
0.099801
0.0974678
0.095325
0.093359
0.0915565
0.0899053
0.0883937
0.0870105
0.0857457
0.0845897
0.0835336
0.0825693
0.0816891
0.0808862
0.0801541
0.0794868
0.078879
0.0783257
0.0778221
0.0773641
0.0769478
0.0765697
0.0762263
0.0759148
0.0756323
0.0753763
0.0751444
0.0749345
0.0747447
0.074573
0.074418
0.0742779
0.0741516
0.0740376
0.0739349
0.0738424
0.0737591
0.0736841
0.0736167
0.0735562
0.0735018
0.0734531
0.0734095
0.0733706
0.073336
0.0733053
0.0732784
0.073255
0.0732351
0.0732186
0.0732056
0.0731962
0.0731907
0.961698
0.892198
0.829103
0.771746
0.719534
0.671942
0.628498
0.588786
0.552431
0.5191
0.488495
0.460351
0.434429
0.410514
0.388415
0.36796
0.348993
0.331375
0.314979
0.299693
0.285413
0.272048
0.259513
0.247734
0.236645
0.226186
0.216305
0.206958
0.198104
0.189712
0.181754
0.174209
0.167058
0.160287
0.153886
0.147844
0.142152
0.136804
0.131789
0.1271
0.122725
0.118652
0.114871
0.111366
0.108125
0.105133
0.102374
0.0998346
0.0974997
0.0953551
0.0933873
0.0915831
0.0899302
0.0884168
0.0870321
0.0857657
0.0846082
0.0835507
0.082585
0.0817036
0.0808995
0.0801662
0.0794979
0.0788891
0.0783348
0.0778303
0.0773715
0.0769545
0.0765756
0.0762316
0.0759195
0.0756364
0.0753799
0.0751475
0.0749372
0.074747
0.074575
0.0744196
0.0742793
0.0741527
0.0740385
0.0739356
0.0738429
0.0737594
0.0736843
0.0736168
0.0735562
0.0735017
0.073453
0.0734093
0.0733704
0.0733357
0.073305
0.0732781
0.0732547
0.0732348
0.0732183
0.0732053
0.0731959
0.0731904
0.961697
0.892198
0.829103
0.771745
0.719534
0.671941
0.628498
0.588786
0.552431
0.5191
0.488496
0.460353
0.43443
0.410516
0.388418
0.367964
0.348998
0.331381
0.314987
0.299702
0.285423
0.272059
0.259526
0.247749
0.236662
0.226205
0.216327
0.206982
0.19813
0.18974
0.181785
0.174241
0.167092
0.160323
0.153923
0.147882
0.142191
0.136843
0.131829
0.127139
0.122763
0.11869
0.114908
0.111402
0.10816
0.105166
0.102406
0.0998647
0.0975281
0.095382
0.0934125
0.0916068
0.0899523
0.0884375
0.0870513
0.0857836
0.0846248
0.083566
0.0825991
0.0817166
0.0809114
0.0801771
0.0795078
0.0788981
0.0783429
0.0778377
0.0773782
0.0769604
0.0765809
0.0762363
0.0759236
0.0756401
0.0753831
0.0751503
0.0749396
0.074749
0.0745767
0.074421
0.0742805
0.0741536
0.0740392
0.0739361
0.0738433
0.0737597
0.0736844
0.0736168
0.0735561
0.0735016
0.0734528
0.0734091
0.0733701
0.0733355
0.0733048
0.0732778
0.0732544
0.0732345
0.073218
0.073205
0.0731956
0.07319
0.961697
0.892198
0.829102
0.771745
0.719534
0.671941
0.628498
0.588786
0.552431
0.519101
0.488497
0.460354
0.434432
0.410519
0.388421
0.367968
0.349003
0.331386
0.314993
0.299709
0.285432
0.27207
0.259538
0.247763
0.236677
0.226222
0.216346
0.207002
0.198153
0.189765
0.181811
0.17427
0.167122
0.160354
0.153955
0.147915
0.142226
0.136878
0.131863
0.127173
0.122797
0.118724
0.11494
0.111434
0.10819
0.105195
0.102433
0.099891
0.0975531
0.0954055
0.0934347
0.0916276
0.0899718
0.0884557
0.0870682
0.0857993
0.0846393
0.0835794
0.0826115
0.0817279
0.0809218
0.0801866
0.0795165
0.078906
0.0783501
0.0778441
0.077384
0.0769656
0.0765855
0.0762404
0.0759273
0.0756433
0.0753858
0.0751527
0.0749417
0.0747508
0.0745782
0.0744222
0.0742815
0.0741544
0.0740398
0.0739366
0.0738436
0.0737598
0.0736845
0.0736168
0.0735561
0.0735015
0.0734526
0.0734089
0.0733699
0.0733352
0.0733045
0.0732775
0.0732541
0.0732342
0.0732177
0.0732047
0.0731953
0.0731897
0.961697
0.892198
0.829102
0.771745
0.719533
0.671941
0.628498
0.588786
0.552431
0.519101
0.488498
0.460355
0.434434
0.410521
0.388424
0.367971
0.349006
0.331391
0.314999
0.299716
0.28544
0.272078
0.259548
0.247774
0.23669
0.226237
0.216362
0.20702
0.198173
0.189786
0.181834
0.174294
0.167148
0.160381
0.153983
0.147944
0.142255
0.136907
0.131893
0.127203
0.122826
0.118752
0.114968
0.111461
0.108216
0.10522
0.102457
0.0999136
0.0975745
0.0954258
0.0934537
0.0916454
0.0899885
0.0884713
0.0870827
0.0858128
0.0846518
0.0835909
0.0826221
0.0817377
0.0809307
0.0801948
0.0795239
0.0789127
0.0783562
0.0778497
0.0773889
0.0769701
0.0765895
0.0762439
0.0759304
0.075646
0.0753882
0.0751547
0.0749434
0.0747522
0.0745794
0.0744233
0.0742823
0.0741551
0.0740403
0.0739369
0.0738438
0.07376
0.0736846
0.0736168
0.073556
0.0735014
0.0734525
0.0734087
0.0733697
0.0733349
0.0733042
0.0732773
0.0732539
0.0732339
0.0732174
0.0732044
0.073195
0.0731894
0.961697
0.892198
0.829102
0.771745
0.719533
0.671941
0.628498
0.588786
0.552431
0.519102
0.488498
0.460356
0.434435
0.410522
0.388426
0.367973
0.34901
0.331395
0.315003
0.299721
0.285446
0.272086
0.259556
0.247784
0.236701
0.226249
0.216375
0.207035
0.198189
0.189804
0.181853
0.174314
0.167169
0.160404
0.154007
0.147968
0.142279
0.136932
0.131918
0.127227
0.122851
0.118776
0.114991
0.111483
0.108238
0.105241
0.102477
0.0999325
0.0975924
0.0954427
0.0934696
0.0916604
0.0900025
0.0884843
0.0870949
0.085824
0.0846622
0.0836005
0.0826309
0.0817458
0.0809381
0.0802015
0.0795301
0.0789183
0.0783613
0.0778542
0.077393
0.0769737
0.0765928
0.0762468
0.0759329
0.0756482
0.0753901
0.0751564
0.0749448
0.0747534
0.0745804
0.0744241
0.0742829
0.0741556
0.0740407
0.0739372
0.073844
0.0737601
0.0736846
0.0736168
0.0735558
0.0735012
0.0734523
0.0734085
0.0733694
0.0733347
0.073304
0.073277
0.0732536
0.0732337
0.0732172
0.0732042
0.0731948
0.0731891
0.961697
0.892198
0.829102
0.771745
0.719533
0.671941
0.628498
0.588786
0.552432
0.519102
0.488499
0.460356
0.434436
0.410523
0.388427
0.367975
0.349012
0.331398
0.315007
0.299726
0.285451
0.272092
0.259563
0.247791
0.23671
0.226259
0.216386
0.207047
0.198202
0.189818
0.181868
0.17433
0.167186
0.160422
0.154025
0.147987
0.142299
0.136952
0.131938
0.127247
0.12287
0.118795
0.11501
0.111501
0.108255
0.105257
0.102493
0.0999477
0.0976068
0.0954562
0.0934824
0.0916723
0.0900136
0.0884947
0.0871045
0.085833
0.0846705
0.0836082
0.082638
0.0817523
0.0809441
0.080207
0.079535
0.0789228
0.0783653
0.0778579
0.0773963
0.0769766
0.0765954
0.0762491
0.0759349
0.0756499
0.0753917
0.0751577
0.0749459
0.0747544
0.0745812
0.0744247
0.0742834
0.0741559
0.074041
0.0739374
0.0738441
0.0737601
0.0736845
0.0736167
0.0735557
0.073501
0.0734521
0.0734083
0.0733692
0.0733345
0.0733037
0.0732768
0.0732534
0.0732334
0.073217
0.073204
0.0731946
0.0731889
0.961697
0.892198
0.829102
0.771744
0.719533
0.671941
0.628498
0.588786
0.552432
0.519102
0.488499
0.460357
0.434437
0.410524
0.388429
0.367977
0.349014
0.3314
0.31501
0.299729
0.285455
0.272096
0.259568
0.247797
0.236716
0.226266
0.216394
0.207056
0.198212
0.189829
0.18188
0.174343
0.167199
0.160435
0.154039
0.148002
0.142313
0.136967
0.131953
0.127262
0.122885
0.118809
0.115024
0.111515
0.108268
0.10527
0.102505
0.099959
0.0976175
0.0954663
0.0934919
0.0916813
0.090022
0.0885025
0.0871118
0.0858397
0.0846767
0.0836139
0.0826433
0.0817571
0.0809485
0.080211
0.0795387
0.0789261
0.0783683
0.0778606
0.0773987
0.0769788
0.0765972
0.0762508
0.0759364
0.0756512
0.0753927
0.0751586
0.0749467
0.074755
0.0745817
0.0744251
0.0742837
0.0741561
0.0740411
0.0739374
0.0738441
0.07376
0.0736845
0.0736165
0.0735556
0.0735009
0.0734519
0.0734081
0.073369
0.0733342
0.0733035
0.0732765
0.0732531
0.0732332
0.0732167
0.0732038
0.0731944
0.0731886
0.961697
0.892198
0.829102
0.771744
0.719533
0.671941
0.628498
0.588786
0.552432
0.519102
0.488499
0.460357
0.434437
0.410525
0.38843
0.367978
0.349015
0.331402
0.315012
0.299731
0.285458
0.272099
0.259572
0.247801
0.236721
0.226271
0.2164
0.207062
0.198218
0.189836
0.181887
0.174351
0.167208
0.160444
0.154049
0.148011
0.142323
0.136977
0.131963
0.127272
0.122895
0.118819
0.115033
0.111524
0.108277
0.105278
0.102513
0.0999666
0.0976247
0.0954731
0.0934983
0.0916872
0.0900276
0.0885077
0.0871166
0.0858442
0.0846808
0.0836177
0.0826467
0.0817603
0.0809514
0.0802136
0.0795411
0.0789283
0.0783702
0.0778623
0.0774002
0.0769802
0.0765985
0.0762518
0.0759373
0.075652
0.0753934
0.0751592
0.0749472
0.0747554
0.074582
0.0744253
0.0742839
0.0741562
0.0740411
0.0739374
0.073844
0.0737599
0.0736843
0.0736164
0.0735554
0.0735007
0.0734517
0.0734079
0.0733688
0.073334
0.0733033
0.0732763
0.0732529
0.073233
0.0732166
0.0732036
0.0731942
0.0731884
0.961697
0.892198
0.829102
0.771744
0.719533
0.671941
0.628498
0.588786
0.552432
0.519102
0.4885
0.460357
0.434437
0.410525
0.38843
0.367978
0.349016
0.331403
0.315013
0.299732
0.285459
0.2721
0.259573
0.247803
0.236723
0.226273
0.216402
0.207065
0.198221
0.189839
0.181891
0.174355
0.167212
0.160449
0.154053
0.148016
0.142328
0.136982
0.131968
0.127277
0.122899
0.118824
0.115038
0.111528
0.108281
0.105282
0.102517
0.0999704
0.0976282
0.0954765
0.0935014
0.0916902
0.0900303
0.0885102
0.087119
0.0858463
0.0846828
0.0836196
0.0826484
0.0817618
0.0809528
0.0802149
0.0795422
0.0789293
0.0783711
0.0778631
0.0774009
0.0769807
0.076599
0.0762523
0.0759376
0.0756523
0.0753936
0.0751594
0.0749473
0.0747554
0.074582
0.0744253
0.0742838
0.0741562
0.074041
0.0739373
0.0738439
0.0737598
0.0736842
0.0736162
0.0735552
0.0735005
0.0734515
0.0734077
0.0733686
0.0733338
0.0733031
0.0732761
0.0732527
0.0732328
0.0732164
0.0732034
0.073194
0.0731883
0.961697
0.892198
0.829102
0.771744
0.719533
0.671941
0.628498
0.588786
0.552432
0.519102
0.4885
0.460357
0.434437
0.410525
0.38843
0.367978
0.349016
0.331403
0.315013
0.299732
0.285459
0.2721
0.259573
0.247803
0.236723
0.226273
0.216402
0.207065
0.198221
0.189839
0.181891
0.174355
0.167212
0.160449
0.154053
0.148016
0.142328
0.136982
0.131968
0.127277
0.122899
0.118824
0.115038
0.111528
0.108281
0.105282
0.102517
0.0999703
0.0976282
0.0954764
0.0935014
0.0916901
0.0900302
0.0885101
0.0871189
0.0858462
0.0846827
0.0836194
0.0826483
0.0817617
0.0809526
0.0802147
0.079542
0.0789291
0.0783709
0.0778629
0.0774007
0.0769806
0.0765988
0.0762521
0.0759374
0.0756521
0.0753934
0.0751592
0.0749471
0.0747552
0.0745818
0.0744251
0.0742836
0.074156
0.0740409
0.0739371
0.0738437
0.0737596
0.073684
0.0736161
0.073555
0.0735003
0.0734513
0.0734075
0.0733684
0.0733337
0.0733029
0.073276
0.0732526
0.0732327
0.0732162
0.0732032
0.0731938
0.0731881
0.961697
0.892198
0.829102
0.771744
0.719533
0.671941
0.628498
0.588786
0.552432
0.519102
0.488499
0.460357
0.434437
0.410525
0.38843
0.367978
0.349015
0.331402
0.315012
0.299731
0.285458
0.272099
0.259572
0.247801
0.236721
0.226271
0.2164
0.207062
0.198218
0.189836
0.181887
0.174351
0.167208
0.160444
0.154049
0.148011
0.142323
0.136977
0.131963
0.127272
0.122895
0.118819
0.115033
0.111524
0.108277
0.105278
0.102513
0.0999665
0.0976245
0.0954729
0.0934981
0.091687
0.0900273
0.0885074
0.0871163
0.0858438
0.0846805
0.0836173
0.0826463
0.0817599
0.0809509
0.0802132
0.0795406
0.0789278
0.0783697
0.0778618
0.0773997
0.0769796
0.0765979
0.0762513
0.0759367
0.0756514
0.0753928
0.0751586
0.0749466
0.0747548
0.0745814
0.0744247
0.0742833
0.0741556
0.0740405
0.0739368
0.0738434
0.0737594
0.0736838
0.0736158
0.0735548
0.0735001
0.0734511
0.0734073
0.0733682
0.0733335
0.0733028
0.0732758
0.0732524
0.0732325
0.0732161
0.0732031
0.0731937
0.073188
0.961697
0.892198
0.829102
0.771744
0.719533
0.671941
0.628498
0.588786
0.552432
0.519102
0.488499
0.460357
0.434437
0.410524
0.388429
0.367977
0.349014
0.3314
0.31501
0.299729
0.285455
0.272096
0.259568
0.247797
0.236716
0.226266
0.216394
0.207056
0.198212
0.189829
0.18188
0.174343
0.167199
0.160435
0.154039
0.148002
0.142314
0.136967
0.131953
0.127262
0.122885
0.11881
0.115024
0.111515
0.108268
0.10527
0.102505
0.0999589
0.0976173
0.0954661
0.0934916
0.0916809
0.0900216
0.088502
0.0871113
0.0858392
0.0846761
0.0836133
0.0826426
0.0817564
0.0809477
0.0802102
0.0795379
0.0789253
0.0783674
0.0778597
0.0773978
0.0769778
0.0765963
0.0762498
0.0759354
0.0756502
0.0753917
0.0751576
0.0749457
0.074754
0.0745807
0.0744241
0.0742827
0.0741551
0.0740401
0.0739364
0.0738431
0.0737591
0.0736835
0.0736156
0.0735546
0.0735
0.073451
0.0734072
0.0733681
0.0733334
0.0733027
0.0732757
0.0732523
0.0732324
0.0732159
0.073203
0.0731936
0.0731879
0.961697
0.892198
0.829102
0.771745
0.719533
0.671941
0.628498
0.588786
0.552432
0.519102
0.488499
0.460356
0.434436
0.410523
0.388427
0.367975
0.349012
0.331398
0.315007
0.299726
0.285451
0.272092
0.259563
0.247792
0.23671
0.226259
0.216386
0.207047
0.198202
0.189818
0.181868
0.174331
0.167186
0.160422
0.154026
0.147987
0.142299
0.136952
0.131938
0.127247
0.12287
0.118795
0.11501
0.111501
0.108255
0.105257
0.102493
0.0999474
0.0976064
0.0954558
0.0934819
0.0916718
0.0900131
0.0884941
0.0871039
0.0858322
0.0846697
0.0836073
0.082637
0.0817513
0.080943
0.0802059
0.0795339
0.0789216
0.0783641
0.0778566
0.077395
0.0769753
0.076594
0.0762478
0.0759335
0.0756485
0.0753903
0.0751563
0.0749445
0.0747529
0.0745797
0.0744233
0.074282
0.0741545
0.0740396
0.073936
0.0738427
0.0737587
0.0736832
0.0736153
0.0735544
0.0734998
0.0734508
0.073407
0.073368
0.0733332
0.0733025
0.0732756
0.0732522
0.0732323
0.0732158
0.0732029
0.0731935
0.0731878
0.961697
0.892198
0.829102
0.771745
0.719533
0.671941
0.628498
0.588786
0.552431
0.519102
0.488498
0.460356
0.434435
0.410522
0.388426
0.367973
0.34901
0.331395
0.315003
0.299721
0.285446
0.272086
0.259557
0.247784
0.236701
0.226249
0.216376
0.207035
0.198189
0.189804
0.181853
0.174314
0.167169
0.160404
0.154007
0.147968
0.142279
0.136932
0.131918
0.127228
0.122851
0.118776
0.114991
0.111483
0.108238
0.10524
0.102477
0.0999322
0.097592
0.0954422
0.0934691
0.0916597
0.0900017
0.0884835
0.087094
0.085823
0.0846611
0.0835994
0.0826297
0.0817445
0.0809368
0.0802001
0.0795286
0.0789168
0.0783597
0.0778526
0.0773914
0.076972
0.076591
0.0762451
0.0759311
0.0756464
0.0753883
0.0751546
0.074943
0.0747516
0.0745786
0.0744223
0.0742811
0.0741538
0.0740389
0.0739354
0.0738422
0.0737583
0.0736829
0.0736151
0.0735542
0.0734996
0.0734506
0.0734069
0.0733678
0.0733331
0.0733024
0.0732755
0.0732521
0.0732322
0.0732157
0.0732028
0.0731934
0.0731877
0.961697
0.892198
0.829102
0.771745
0.719533
0.671941
0.628498
0.588786
0.552431
0.519101
0.488498
0.460355
0.434434
0.410521
0.388424
0.367971
0.349006
0.331391
0.314999
0.299716
0.28544
0.272078
0.259548
0.247774
0.23669
0.226237
0.216362
0.20702
0.198173
0.189786
0.181834
0.174294
0.167148
0.160382
0.153984
0.147944
0.142255
0.136908
0.131893
0.127203
0.122826
0.118752
0.114968
0.111461
0.108216
0.10522
0.102457
0.0999132
0.097574
0.0954252
0.0934531
0.0916447
0.0899876
0.0884703
0.0870817
0.0858116
0.0846505
0.0835895
0.0826206
0.0817361
0.080929
0.080193
0.0795221
0.0789109
0.0783543
0.0778477
0.0773869
0.076968
0.0765874
0.0762418
0.0759282
0.0756438
0.075386
0.0751525
0.0749412
0.07475
0.0745772
0.074421
0.0742801
0.0741528
0.0740381
0.0739348
0.0738416
0.0737578
0.0736825
0.0736147
0.0735539
0.0734993
0.0734505
0.0734067
0.0733677
0.073333
0.0733024
0.0732754
0.073252
0.0732321
0.0732157
0.0732027
0.0731933
0.0731877
0.961697
0.892198
0.829102
0.771745
0.719534
0.671941
0.628498
0.588786
0.552431
0.519101
0.488497
0.460354
0.434432
0.410519
0.388421
0.367968
0.349003
0.331386
0.314993
0.299709
0.285432
0.27207
0.259538
0.247763
0.236677
0.226223
0.216346
0.207003
0.198153
0.189765
0.181812
0.17427
0.167122
0.160355
0.153956
0.147916
0.142226
0.136878
0.131864
0.127174
0.122797
0.118724
0.11494
0.111434
0.10819
0.105195
0.102433
0.0998905
0.0975525
0.0954048
0.0934339
0.0916266
0.0899707
0.0884545
0.0870669
0.0857979
0.0846378
0.0835778
0.0826097
0.0817261
0.0809198
0.0801846
0.0795144
0.0789038
0.0783478
0.0778418
0.0773816
0.0769632
0.076583
0.0762379
0.0759247
0.0756406
0.0753832
0.0751501
0.074939
0.0747481
0.0745755
0.0744196
0.0742788
0.0741518
0.0740372
0.073934
0.073841
0.0737573
0.073682
0.0736144
0.0735536
0.0734991
0.0734503
0.0734066
0.0733676
0.0733329
0.0733023
0.0732753
0.073252
0.0732321
0.0732156
0.0732026
0.0731932
0.0731876
0.961697
0.892198
0.829103
0.771745
0.719534
0.671941
0.628498
0.588786
0.552431
0.5191
0.488496
0.460353
0.43443
0.410516
0.388418
0.367964
0.348998
0.331381
0.314987
0.299702
0.285424
0.272059
0.259526
0.24775
0.236662
0.226206
0.216327
0.206982
0.198131
0.189741
0.181785
0.174242
0.167092
0.160323
0.153923
0.147882
0.142192
0.136844
0.131829
0.127139
0.122763
0.11869
0.114908
0.111402
0.10816
0.105166
0.102405
0.0998641
0.0975274
0.0953811
0.0934116
0.0916057
0.0899511
0.0884361
0.0870498
0.085782
0.084623
0.0835641
0.0825971
0.0817144
0.0809091
0.0801747
0.0795054
0.0788956
0.0783403
0.077835
0.0773754
0.0769576
0.076578
0.0762334
0.0759207
0.0756371
0.07538
0.0751472
0.0749365
0.0747459
0.0745736
0.074418
0.0742774
0.0741506
0.0740362
0.0739331
0.0738403
0.0737567
0.0736816
0.073614
0.0735533
0.0734989
0.0734501
0.0734064
0.0733675
0.0733328
0.0733022
0.0732753
0.0732519
0.073232
0.0732155
0.0732026
0.0731932
0.0731876
0.961698
0.892198
0.829103
0.771746
0.719534
0.671942
0.628498
0.588786
0.552431
0.5191
0.488495
0.460351
0.434429
0.410514
0.388415
0.36796
0.348993
0.331375
0.31498
0.299693
0.285413
0.272048
0.259513
0.247734
0.236645
0.226186
0.216306
0.206958
0.198105
0.189713
0.181755
0.174209
0.167058
0.160288
0.153886
0.147844
0.142153
0.136804
0.13179
0.1271
0.122725
0.118652
0.114871
0.111366
0.108125
0.105132
0.102374
0.099834
0.0974989
0.0953542
0.0933862
0.0915819
0.0899288
0.0884153
0.0870304
0.0857639
0.0846062
0.0835486
0.0825827
0.0817012
0.0808969
0.0801636
0.0794951
0.0788862
0.0783318
0.0778273
0.0773684
0.0769513
0.0765723
0.0762283
0.0759161
0.075633
0.0753764
0.0751441
0.0749337
0.0747435
0.0745715
0.0744161
0.0742758
0.0741492
0.0740351
0.0739322
0.0738395
0.0737561
0.073681
0.0736135
0.073553
0.0734986
0.0734499
0.0734063
0.0733673
0.0733327
0.0733021
0.0732752
0.0732519
0.073232
0.0732155
0.0732025
0.0731932
0.0731877
0.961698
0.892198
0.829103
0.771746
0.719534
0.671942
0.628498
0.588786
0.55243
0.519099
0.488494
0.46035
0.434426
0.410511
0.388411
0.367955
0.348987
0.331368
0.314971
0.299683
0.285402
0.272034
0.259498
0.247717
0.236626
0.226165
0.216281
0.206931
0.198075
0.189681
0.181721
0.174173
0.16702
0.160248
0.153844
0.147801
0.142109
0.13676
0.131745
0.127056
0.122681
0.11861
0.114829
0.111326
0.108086
0.105095
0.102338
0.0998003
0.0974669
0.095324
0.0933578
0.0915551
0.0899038
0.0883919
0.0870086
0.0857436
0.0845874
0.0835312
0.0825667
0.0816864
0.0808833
0.0801511
0.0794837
0.0788758
0.0783223
0.0778186
0.0773606
0.0769442
0.076566
0.0762226
0.075911
0.0756284
0.0753724
0.0751405
0.0749306
0.0747408
0.0745691
0.0744141
0.0742741
0.0741477
0.0740338
0.0739311
0.0738386
0.0737553
0.0736804
0.0736131
0.0735526
0.0734983
0.0734496
0.0734061
0.0733672
0.0733326
0.073302
0.0732751
0.0732518
0.0732319
0.0732155
0.0732025
0.0731932
0.0731877
0.961698
0.892199
0.829103
0.771746
0.719535
0.671942
0.628498
0.588785
0.55243
0.519098
0.488493
0.460348
0.434424
0.410508
0.388407
0.36795
0.348981
0.33136
0.314962
0.299673
0.285389
0.27202
0.259481
0.247698
0.236604
0.22614
0.216255
0.206902
0.198043
0.189646
0.181683
0.174133
0.166977
0.160203
0.153798
0.147754
0.142061
0.136711
0.131696
0.127007
0.122633
0.118563
0.114783
0.111282
0.108043
0.105054
0.102299
0.0997629
0.0974316
0.0952906
0.0933263
0.0915256
0.0898761
0.0883661
0.0869845
0.0857212
0.0845667
0.0835119
0.0825489
0.08167
0.0808683
0.0801373
0.0794711
0.0788642
0.0783118
0.0778091
0.0773519
0.0769364
0.076559
0.0762163
0.0759054
0.0756234
0.075368
0.0751366
0.0749272
0.0747377
0.0745665
0.0744118
0.0742721
0.0741461
0.0740324
0.0739299
0.0738376
0.0737545
0.0736798
0.0736125
0.0735521
0.0734979
0.0734493
0.0734059
0.073367
0.0733325
0.0733019
0.073275
0.0732517
0.0732318
0.0732154
0.0732025
0.0731932
0.0731877
0.961698
0.892199
0.829104
0.771746
0.719535
0.671942
0.628499
0.588785
0.552429
0.519098
0.488492
0.460346
0.434421
0.410504
0.388403
0.367944
0.348974
0.331352
0.314952
0.299661
0.285375
0.272004
0.259462
0.247677
0.23658
0.226114
0.216225
0.206869
0.198007
0.189607
0.181641
0.174088
0.16693
0.160154
0.153747
0.147701
0.142007
0.136657
0.131643
0.126954
0.12258
0.118511
0.114733
0.111233
0.107997
0.105009
0.102256
0.0997221
0.0973928
0.095254
0.0932919
0.0914933
0.0898459
0.0883378
0.0869582
0.0856968
0.084544
0.0834909
0.0825295
0.0816521
0.0808518
0.0801222
0.0794573
0.0788517
0.0783003
0.0777987
0.0773425
0.0769279
0.0765513
0.0762094
0.0758992
0.075618
0.0753631
0.0751323
0.0749234
0.0747345
0.0745636
0.0744093
0.07427
0.0741443
0.0740308
0.0739286
0.0738365
0.0737536
0.073679
0.0736119
0.0735517
0.0734976
0.073449
0.0734056
0.0733669
0.0733323
0.0733018
0.0732749
0.0732516
0.0732318
0.0732154
0.0732024
0.0731931
0.0731877
0.961698
0.892199
0.829104
0.771747
0.719536
0.671943
0.628499
0.588785
0.552429
0.519097
0.48849
0.460344
0.434418
0.4105
0.388398
0.367938
0.348966
0.331342
0.314941
0.299647
0.28536
0.271986
0.259442
0.247654
0.236554
0.226085
0.216193
0.206833
0.197968
0.189565
0.181596
0.17404
0.166879
0.1601
0.153692
0.147644
0.141949
0.136599
0.131584
0.126896
0.122523
0.118455
0.114678
0.11118
0.107945
0.10496
0.102209
0.0996777
0.0973508
0.0952143
0.0932545
0.0914583
0.089813
0.0883072
0.0869297
0.0856702
0.0845194
0.0834682
0.0825085
0.0816328
0.080834
0.0801059
0.0794423
0.078838
0.0782879
0.0777874
0.0773323
0.0769187
0.076543
0.076202
0.0758926
0.075612
0.0753579
0.0751277
0.0749193
0.0747309
0.0745605
0.0744066
0.0742677
0.0741423
0.0740292
0.0739272
0.0738354
0.0737527
0.0736782
0.0736113
0.0735511
0.0734971
0.0734487
0.0734054
0.0733666
0.0733322
0.0733016
0.0732748
0.0732515
0.0732317
0.0732153
0.0732024
0.0731931
0.0731876
0.961698
0.892199
0.829104
0.771747
0.719536
0.671943
0.628499
0.588785
0.552429
0.519096
0.488489
0.460341
0.434415
0.410496
0.388392
0.367931
0.348958
0.331332
0.314929
0.299633
0.285343
0.271967
0.25942
0.247629
0.236526
0.226053
0.216158
0.206795
0.197926
0.189519
0.181547
0.173987
0.166824
0.160043
0.153632
0.147583
0.141887
0.136536
0.131521
0.126833
0.122461
0.118394
0.114619
0.111123
0.10789
0.104908
0.102159
0.0996299
0.0973056
0.0951716
0.0932143
0.0914205
0.0897777
0.0882742
0.086899
0.0856417
0.0844929
0.0834437
0.0824859
0.0816119
0.0808149
0.0800883
0.0794263
0.0788233
0.0782746
0.0777753
0.0773213
0.0769088
0.0765341
0.076194
0.0758854
0.0756057
0.0753522
0.0751227
0.0749149
0.074727
0.0745572
0.0744037
0.0742652
0.0741402
0.0740274
0.0739257
0.0738341
0.0737516
0.0736773
0.0736106
0.0735505
0.0734967
0.0734483
0.073405
0.0733664
0.073332
0.0733015
0.0732747
0.0732514
0.0732316
0.0732152
0.0732023
0.073193
0.0731875
0.961698
0.892199
0.829105
0.771748
0.719536
0.671943
0.628499
0.588785
0.552428
0.519095
0.488487
0.460339
0.434412
0.410491
0.388386
0.367924
0.348949
0.331321
0.314916
0.299618
0.285326
0.271946
0.259397
0.247602
0.236496
0.226019
0.21612
0.206753
0.197881
0.18947
0.181494
0.173931
0.166765
0.159981
0.153568
0.147517
0.14182
0.136468
0.131453
0.126765
0.122395
0.118329
0.114556
0.111062
0.107832
0.104851
0.102105
0.0995788
0.0972571
0.0951259
0.0931713
0.0913802
0.08974
0.088239
0.0868661
0.0856112
0.0844646
0.0834175
0.0824617
0.0815897
0.0807944
0.0800695
0.0794091
0.0788077
0.0782603
0.0777623
0.0773096
0.0768982
0.0765245
0.0761854
0.0758778
0.0755989
0.0753462
0.0751173
0.0749102
0.0747229
0.0745536
0.0744006
0.0742625
0.0741379
0.0740254
0.073924
0.0738327
0.0737504
0.0736764
0.0736098
0.0735499
0.0734961
0.0734479
0.0734047
0.0733661
0.0733317
0.0733013
0.0732745
0.0732512
0.0732314
0.073215
0.0732022
0.0731929
0.0731874
0.961698
0.8922
0.829105
0.771748
0.719537
0.671944
0.628499
0.588785
0.552428
0.519094
0.488485
0.460336
0.434408
0.410486
0.38838
0.367916
0.348939
0.33131
0.314902
0.299601
0.285306
0.271924
0.259371
0.247573
0.236463
0.225983
0.21608
0.206709
0.197832
0.189417
0.181437
0.173871
0.166701
0.159914
0.153499
0.147446
0.141748
0.136396
0.131381
0.126694
0.122324
0.11826
0.114489
0.110996
0.107769
0.104791
0.102048
0.0995243
0.0972056
0.0950773
0.0931256
0.0913373
0.0896998
0.0882015
0.0868312
0.0855788
0.0844345
0.0833897
0.082436
0.081566
0.0807727
0.0800496
0.0793909
0.078791
0.0782451
0.0777486
0.0772971
0.0768869
0.0765144
0.0761763
0.0758696
0.0755916
0.0753397
0.0751117
0.0749052
0.0747186
0.0745498
0.0743973
0.0742597
0.0741354
0.0740233
0.0739223
0.0738312
0.0737492
0.0736753
0.0736089
0.0735492
0.0734955
0.0734474
0.0734043
0.0733657
0.0733314
0.073301
0.0732743
0.073251
0.0732312
0.0732149
0.073202
0.0731927
0.0731873
0.961698
0.8922
0.829106
0.771749
0.719537
0.671944
0.6285
0.588785
0.552427
0.519092
0.488483
0.460333
0.434404
0.410481
0.388373
0.367907
0.348929
0.331297
0.314887
0.299584
0.285286
0.2719
0.259344
0.247542
0.236429
0.225944
0.216037
0.206662
0.19778
0.189361
0.181377
0.173807
0.166634
0.159844
0.153426
0.147371
0.141672
0.136319
0.131304
0.126617
0.122249
0.118186
0.114417
0.110927
0.107702
0.104727
0.101987
0.0994667
0.097151
0.0950258
0.0930772
0.0912919
0.0896574
0.0881619
0.0867943
0.0855445
0.0844028
0.0833603
0.0824089
0.081541
0.0807497
0.0800285
0.0793716
0.0787735
0.0782291
0.077734
0.077284
0.076875
0.0765037
0.0761667
0.075861
0.075584
0.0753329
0.0751056
0.0748999
0.0747139
0.0745457
0.0743938
0.0742566
0.0741328
0.0740211
0.0739204
0.0738296
0.0737478
0.0736742
0.073608
0.0735484
0.0734949
0.0734468
0.0734038
0.0733653
0.0733311
0.0733007
0.073274
0.0732508
0.073231
0.0732146
0.0732018
0.0731925
0.0731871
0.961698
0.8922
0.829106
0.771749
0.719538
0.671945
0.6285
0.588785
0.552426
0.519091
0.488481
0.46033
0.4344
0.410475
0.388366
0.367898
0.348917
0.331284
0.314871
0.299565
0.285264
0.271875
0.259315
0.24751
0.236392
0.225903
0.215991
0.206611
0.197725
0.189302
0.181313
0.173739
0.166562
0.159769
0.153348
0.147292
0.141591
0.136237
0.131222
0.126537
0.122169
0.118109
0.114342
0.110854
0.107632
0.10466
0.101923
0.0994059
0.0970936
0.0949716
0.0930262
0.0912441
0.0896127
0.0881201
0.0867555
0.0855084
0.0843693
0.0833294
0.0823804
0.0815148
0.0807256
0.0800064
0.0793513
0.078755
0.0782123
0.0777187
0.0772701
0.0768625
0.0764924
0.0761566
0.075852
0.0755759
0.0753258
0.0750993
0.0748943
0.074709
0.0745414
0.0743901
0.0742534
0.07413
0.0740187
0.0739183
0.0738279
0.0737464
0.073673
0.0736069
0.0735475
0.0734941
0.0734462
0.0734033
0.0733649
0.0733307
0.0733003
0.0732737
0.0732505
0.0732307
0.0732144
0.0732015
0.0731922
0.0731868
0.961698
0.892201
0.829107
0.77175
0.719539
0.671945
0.6285
0.588785
0.552426
0.51909
0.488479
0.460327
0.434395
0.410469
0.388358
0.367889
0.348906
0.331269
0.314854
0.299545
0.285241
0.271849
0.259285
0.247475
0.236353
0.225859
0.215943
0.206558
0.197667
0.189239
0.181246
0.173667
0.166486
0.15969
0.153267
0.147208
0.141506
0.136152
0.131137
0.126452
0.122086
0.118027
0.114262
0.110778
0.107559
0.10459
0.101856
0.0993422
0.0970333
0.0949148
0.0929728
0.091194
0.0895658
0.0880764
0.0867148
0.0854706
0.0843343
0.083297
0.0823505
0.0814872
0.0807003
0.0799832
0.0793301
0.0787356
0.0781946
0.0777027
0.0772556
0.0768494
0.0764806
0.076146
0.0758425
0.0755674
0.0753182
0.0750926
0.0748884
0.0747038
0.0745369
0.0743861
0.07425
0.074127
0.0740162
0.0739162
0.073826
0.0737448
0.0736716
0.0736058
0.0735466
0.0734933
0.0734455
0.0734027
0.0733643
0.0733302
0.0732999
0.0732732
0.0732501
0.0732303
0.073214
0.0732011
0.0731919
0.0731865
0.961699
0.892201
0.829107
0.771751
0.719539
0.671946
0.6285
0.588785
0.552425
0.519088
0.488477
0.460323
0.43439
0.410463
0.38835
0.367878
0.348893
0.331254
0.314836
0.299524
0.285217
0.27182
0.259253
0.247439
0.236312
0.225813
0.215892
0.206502
0.197606
0.189173
0.181175
0.173592
0.166407
0.159607
0.153181
0.14712
0.141417
0.136062
0.131047
0.126363
0.121998
0.117942
0.114179
0.110697
0.107481
0.104516
0.101786
0.0992755
0.0969702
0.0948554
0.0929169
0.0911416
0.0895169
0.0880308
0.0866723
0.0854312
0.0842977
0.0832632
0.0823193
0.0814585
0.0806739
0.079959
0.0793079
0.0787153
0.0781762
0.077686
0.0772404
0.0768357
0.0764683
0.0761349
0.0758326
0.0755585
0.0753103
0.0750856
0.0748823
0.0746984
0.0745322
0.074382
0.0742463
0.0741239
0.0740135
0.0739138
0.073824
0.0737431
0.0736702
0.0736045
0.0735455
0.0734924
0.0734447
0.073402
0.0733637
0.0733296
0.0732994
0.0732728
0.0732496
0.0732299
0.0732136
0.0732007
0.0731915
0.073186
0.961699
0.892201
0.829108
0.771751
0.71954
0.671946
0.6285
0.588784
0.552424
0.519087
0.488474
0.46032
0.434385
0.410456
0.388341
0.367868
0.34888
0.331239
0.314817
0.299502
0.285191
0.271791
0.259219
0.2474
0.236269
0.225765
0.215838
0.206443
0.197542
0.189103
0.1811
0.173513
0.166324
0.15952
0.153091
0.147028
0.141323
0.135968
0.130953
0.12627
0.121907
0.117852
0.114093
0.110614
0.107401
0.104439
0.101713
0.0992061
0.0969046
0.0947935
0.0928588
0.0910872
0.0894659
0.0879833
0.0866281
0.0853901
0.0842597
0.083228
0.0822868
0.0814286
0.0806464
0.0799338
0.0792849
0.0786943
0.0781571
0.0776686
0.0772246
0.0768214
0.0764554
0.0761233
0.0758222
0.0755493
0.0753021
0.0750783
0.0748758
0.0746927
0.0745272
0.0743776
0.0742425
0.0741206
0.0740106
0.0739114
0.0738219
0.0737413
0.0736686
0.0736032
0.0735443
0.0734914
0.0734438
0.0734012
0.073363
0.073329
0.0732988
0.0732722
0.0732491
0.0732294
0.073213
0.0732002
0.073191
0.0731855
0.961699
0.892202
0.829108
0.771752
0.71954
0.671947
0.628501
0.588784
0.552423
0.519085
0.488471
0.460316
0.43438
0.410449
0.388332
0.367856
0.348866
0.331222
0.314797
0.299479
0.285164
0.27176
0.259183
0.24736
0.236223
0.225715
0.215782
0.206382
0.197475
0.189031
0.181023
0.17343
0.166237
0.159429
0.152998
0.146933
0.141226
0.13587
0.130856
0.126173
0.121812
0.117759
0.114002
0.110527
0.107318
0.104359
0.101637
0.099134
0.0968365
0.0947293
0.0927985
0.0910307
0.0894131
0.0879341
0.0865823
0.0853476
0.0842203
0.0831916
0.0822532
0.0813976
0.0806179
0.0799077
0.079261
0.0786725
0.0781372
0.0776505
0.0772083
0.0768066
0.0764421
0.0761113
0.0758115
0.0755397
0.0752935
0.0750707
0.0748691
0.0746868
0.074522
0.074373
0.0742386
0.0741172
0.0740076
0.0739088
0.0738197
0.0737393
0.0736669
0.0736018
0.0735431
0.0734903
0.0734429
0.0734003
0.0733622
0.0733282
0.0732981
0.0732715
0.0732484
0.0732287
0.0732124
0.0731996
0.0731904
0.0731849
0.961699
0.892202
0.829109
0.771753
0.719541
0.671947
0.628501
0.588784
0.552422
0.519083
0.488469
0.460312
0.434374
0.410442
0.388323
0.367844
0.348852
0.331204
0.314777
0.299455
0.285136
0.271727
0.259146
0.247318
0.236176
0.225662
0.215724
0.206317
0.197405
0.188955
0.180942
0.173344
0.166146
0.159335
0.1529
0.146833
0.141125
0.135768
0.130754
0.126073
0.121713
0.117663
0.113909
0.110437
0.107231
0.104277
0.101558
0.0990594
0.096766
0.094663
0.0927362
0.0909723
0.0893586
0.0878832
0.086535
0.0853037
0.0841796
0.0831539
0.0822185
0.0813657
0.0805886
0.0798808
0.0792364
0.07865
0.0781167
0.0776319
0.0771914
0.0767914
0.0764283
0.0760989
0.0758003
0.0755297
0.0752847
0.0750628
0.0748621
0.0746806
0.0745165
0.0743683
0.0742344
0.0741135
0.0740044
0.073906
0.0738173
0.0737373
0.0736651
0.0736002
0.0735417
0.0734891
0.0734418
0.0733993
0.0733613
0.0733274
0.0732973
0.0732708
0.0732477
0.073228
0.0732117
0.0731989
0.0731896
0.0731842
0.961699
0.892203
0.829109
0.771753
0.719542
0.671948
0.628501
0.588784
0.552421
0.519081
0.488465
0.460307
0.434368
0.410434
0.388313
0.367832
0.348836
0.331186
0.314755
0.299429
0.285106
0.271693
0.259107
0.247274
0.236127
0.225607
0.215663
0.206251
0.197332
0.188876
0.180857
0.173255
0.166052
0.159237
0.152799
0.146729
0.14102
0.135663
0.130649
0.125969
0.121611
0.117564
0.113812
0.110344
0.107142
0.104191
0.101477
0.0989825
0.0966933
0.0945945
0.0926719
0.0909121
0.0893023
0.0878308
0.0864862
0.0852584
0.0841377
0.0831152
0.0821827
0.0813328
0.0805583
0.079853
0.079211
0.0786268
0.0780956
0.0776127
0.077174
0.0767756
0.0764141
0.0760861
0.0757888
0.0755194
0.0752755
0.0750547
0.0748549
0.0746742
0.0745109
0.0743633
0.07423
0.0741097
0.0740011
0.0739031
0.0738147
0.0737351
0.0736632
0.0735985
0.0735402
0.0734877
0.0734406
0.0733982
0.0733603
0.0733264
0.0732964
0.0732699
0.0732468
0.0732272
0.0732109
0.073198
0.0731888
0.0731834
0.961699
0.892203
0.82911
0.771754
0.719543
0.671948
0.628501
0.588783
0.55242
0.519079
0.488462
0.460303
0.434362
0.410425
0.388302
0.367819
0.34882
0.331167
0.314732
0.299403
0.285075
0.271658
0.259067
0.247228
0.236075
0.22555
0.2156
0.206181
0.197257
0.188795
0.18077
0.173162
0.165955
0.159136
0.152694
0.146622
0.140912
0.135554
0.130541
0.125862
0.121506
0.117461
0.113713
0.110248
0.10705
0.104103
0.101393
0.0989034
0.0966186
0.0945242
0.0926059
0.0908503
0.0892446
0.087777
0.0864362
0.085212
0.0840947
0.0830754
0.082146
0.081299
0.0805273
0.0798245
0.0791849
0.078603
0.0780738
0.0775929
0.077156
0.0767594
0.0763994
0.076073
0.075777
0.0755088
0.075266
0.0750462
0.0748474
0.0746675
0.074505
0.0743581
0.0742255
0.0741057
0.0739976
0.0739001
0.0738121
0.0737327
0.0736611
0.0735967
0.0735386
0.0734863
0.0734392
0.073397
0.0733592
0.0733254
0.0732953
0.0732689
0.0732459
0.0732262
0.0732099
0.0731971
0.0731879
0.0731825
0.9617
0.892204
0.829111
0.771755
0.719543
0.671949
0.628502
0.588783
0.552419
0.519077
0.488459
0.460298
0.434355
0.410417
0.388291
0.367805
0.348804
0.331147
0.314709
0.299375
0.285043
0.271621
0.259025
0.247181
0.236022
0.22549
0.215534
0.206109
0.197178
0.18871
0.18068
0.173066
0.165854
0.159031
0.152586
0.146512
0.1408
0.135442
0.130429
0.125751
0.121398
0.117355
0.113611
0.110149
0.106955
0.104013
0.101308
0.0988222
0.096542
0.0944521
0.0925383
0.090787
0.0891855
0.0877218
0.086385
0.0851644
0.0840506
0.0830347
0.0821085
0.0812644
0.0804955
0.0797954
0.0791582
0.0785786
0.0780516
0.0775727
0.0771377
0.0767428
0.0763844
0.0760594
0.0757648
0.0754979
0.0752563
0.0750375
0.0748396
0.0746607
0.0744989
0.0743528
0.0742208
0.0741016
0.073994
0.0738969
0.0738092
0.0737302
0.0736589
0.0735947
0.0735368
0.0734847
0.0734378
0.0733957
0.0733579
0.0733242
0.0732942
0.0732678
0.0732448
0.0732251
0.0732088
0.073196
0.0731868
0.0731814
0.9617
0.892204
0.829112
0.771756
0.719544
0.671949
0.628502
0.588782
0.552418
0.519075
0.488455
0.460292
0.434348
0.410407
0.388279
0.367791
0.348786
0.331126
0.314684
0.299346
0.28501
0.271583
0.258982
0.247132
0.235967
0.225429
0.215466
0.206035
0.197098
0.188623
0.180587
0.172968
0.165751
0.158923
0.152475
0.146399
0.140685
0.135327
0.130315
0.125638
0.121287
0.117247
0.113506
0.110048
0.106859
0.103921
0.10122
0.0987393
0.0964638
0.0943785
0.0924692
0.0907223
0.0891251
0.0876656
0.0863327
0.0851159
0.0840057
0.0829932
0.0820702
0.0812291
0.080463
0.0797656
0.079131
0.0785537
0.0780289
0.0775521
0.077119
0.0767258
0.0763691
0.0760456
0.0757524
0.0754868
0.0752463
0.0750286
0.0748317
0.0746536
0.0744927
0.0743473
0.0742159
0.0740973
0.0739902
0.0738935
0.0738063
0.0737276
0.0736566
0.0735926
0.0735349
0.073483
0.0734362
0.0733942
0.0733565
0.0733228
0.0732929
0.0732665
0.0732435
0.0732239
0.0732076
0.0731948
0.0731856
0.0731802
0.9617
0.892205
0.829112
0.771757
0.719545
0.67195
0.628502
0.588782
0.552417
0.519072
0.488451
0.460287
0.43434
0.410398
0.388267
0.367775
0.348768
0.331104
0.314658
0.299316
0.284975
0.271543
0.258937
0.247081
0.235911
0.225366
0.215397
0.205959
0.197015
0.188534
0.180491
0.172866
0.165644
0.158813
0.152362
0.146283
0.140568
0.135209
0.130197
0.125523
0.121173
0.117137
0.113399
0.109945
0.10676
0.103827
0.101131
0.0986547
0.096384
0.0943035
0.0923988
0.0906564
0.0890636
0.0876083
0.0862794
0.0850665
0.08396
0.0829509
0.0820312
0.0811932
0.0804301
0.0797354
0.0791033
0.0785284
0.0780058
0.077531
0.0770998
0.0767085
0.0763534
0.0760315
0.0757397
0.0754754
0.075236
0.0750195
0.0748235
0.0746464
0.0744862
0.0743415
0.0742108
0.0740928
0.0739862
0.07389
0.0738032
0.0737248
0.0736541
0.0735904
0.0735329
0.0734811
0.0734345
0.0733926
0.073355
0.0733213
0.0732915
0.0732651
0.0732421
0.0732225
0.0732063
0.0731935
0.0731843
0.0731789
0.9617
0.892205
0.829113
0.771757
0.719546
0.671951
0.628502
0.588781
0.552415
0.51907
0.488447
0.460281
0.434332
0.410387
0.388254
0.36776
0.348749
0.331082
0.314632
0.299285
0.28494
0.271503
0.258891
0.247029
0.235852
0.225301
0.215325
0.20588
0.19693
0.188442
0.180393
0.172763
0.165536
0.1587
0.152245
0.146164
0.140448
0.135089
0.130078
0.125405
0.121058
0.117024
0.11329
0.109841
0.10666
0.103731
0.10104
0.0985688
0.096303
0.0942273
0.0923273
0.0905896
0.0890012
0.0875502
0.0862254
0.0850164
0.0839136
0.0829081
0.0819916
0.0811568
0.0803966
0.0797046
0.0790751
0.0785027
0.0779824
0.0775097
0.0770804
0.0766909
0.0763375
0.0760171
0.0757267
0.0754637
0.0752256
0.0750101
0.0748152
0.0746389
0.0744796
0.0743356
0.0742056
0.0740881
0.0739821
0.0738863
0.0737999
0.0737219
0.0736515
0.073588
0.0735307
0.0734791
0.0734326
0.0733908
0.0733533
0.0733197
0.0732899
0.0732636
0.0732406
0.073221
0.0732048
0.073192
0.0731828
0.0731774
0.9617
0.892206
0.829114
0.771758
0.719547
0.671951
0.628502
0.588781
0.552413
0.519067
0.488443
0.460275
0.434324
0.410377
0.388241
0.367743
0.348729
0.331058
0.314604
0.299254
0.284903
0.271461
0.258843
0.246976
0.235792
0.225235
0.215252
0.2058
0.196843
0.188348
0.180293
0.172657
0.165425
0.158585
0.152127
0.146043
0.140326
0.134967
0.129956
0.125285
0.12094
0.11691
0.11318
0.109734
0.106558
0.103634
0.100948
0.0984818
0.0962209
0.0941501
0.092255
0.090522
0.0889381
0.0874915
0.0861708
0.0849658
0.0838667
0.0828647
0.0819517
0.08112
0.0803627
0.0796736
0.0790467
0.0784767
0.0779586
0.077488
0.0770608
0.076673
0.0763213
0.0760025
0.0757136
0.0754519
0.075215
0.0750006
0.0748066
0.0746313
0.0744728
0.0743296
0.0742002
0.0740833
0.0739778
0.0738825
0.0737964
0.0737188
0.0736487
0.0735854
0.0735284
0.0734769
0.0734306
0.0733889
0.0733514
0.073318
0.0732882
0.0732619
0.0732389
0.0732193
0.0732031
0.0731903
0.0731811
0.0731758
0.9617
0.892206
0.829115
0.771759
0.719547
0.671952
0.628502
0.58878
0.552412
0.519064
0.488438
0.460268
0.434315
0.410366
0.388227
0.367726
0.348709
0.331034
0.314576
0.299221
0.284866
0.271418
0.258794
0.246921
0.235731
0.225167
0.215177
0.205719
0.196754
0.188253
0.180191
0.172549
0.165312
0.158468
0.152006
0.145921
0.140202
0.134842
0.129833
0.125163
0.120822
0.116795
0.113068
0.109627
0.106455
0.103537
0.100855
0.0983939
0.0961381
0.0940723
0.092182
0.0904537
0.0888745
0.0874322
0.0861158
0.0849147
0.0838194
0.082821
0.0819113
0.0810828
0.0803286
0.0796422
0.079018
0.0784504
0.0779346
0.0774662
0.0770409
0.076655
0.076305
0.0759877
0.0757002
0.0754398
0.0752041
0.0749909
0.074798
0.0746235
0.0744658
0.0743234
0.0741946
0.0740784
0.0739733
0.0738785
0.0737929
0.0737155
0.0736457
0.0735827
0.0735259
0.0734746
0.0734284
0.0733868
0.0733495
0.073316
0.0732863
0.07326
0.0732371
0.0732175
0.0732013
0.0731885
0.0731793
0.073174
0.961701
0.892207
0.829115
0.77176
0.719548
0.671952
0.628502
0.588779
0.552409
0.51906
0.488433
0.460261
0.434306
0.410354
0.388212
0.367709
0.348688
0.331009
0.314547
0.299187
0.284827
0.271374
0.258745
0.246865
0.235669
0.225098
0.215101
0.205636
0.196664
0.188156
0.180088
0.17244
0.165198
0.158349
0.151885
0.145796
0.140077
0.134717
0.129708
0.125041
0.120701
0.116678
0.112955
0.109519
0.106352
0.103438
0.100761
0.0983054
0.0960547
0.0939939
0.0921087
0.0903851
0.0888105
0.0873726
0.0860604
0.0848634
0.0837719
0.0827771
0.0818708
0.0810455
0.0802943
0.0796107
0.0789891
0.078424
0.0779105
0.0774442
0.0770209
0.0766368
0.0762885
0.0759728
0.0756867
0.0754277
0.0751932
0.074981
0.0747891
0.0746156
0.0744587
0.074317
0.0741889
0.0740732
0.0739687
0.0738744
0.0737891
0.0737122
0.0736426
0.0735799
0.0735232
0.0734721
0.0734261
0.0733846
0.0733473
0.073314
0.0732842
0.073258
0.0732351
0.0732155
0.0731993
0.0731865
0.0731774
0.073172
0.961701
0.892207
0.829116
0.771761
0.719549
0.671952
0.628502
0.588778
0.552407
0.519056
0.488427
0.460253
0.434296
0.410341
0.388197
0.36769
0.348666
0.330983
0.314517
0.299153
0.284788
0.271329
0.258694
0.246809
0.235606
0.225028
0.215025
0.205552
0.196573
0.188058
0.179984
0.17233
0.165082
0.158229
0.151762
0.145671
0.13995
0.134591
0.129583
0.124917
0.120581
0.116561
0.112842
0.10941
0.106247
0.103339
0.100667
0.0982167
0.0959711
0.0939154
0.0920351
0.0903164
0.0887464
0.087313
0.086005
0.084812
0.0837243
0.0827331
0.0818303
0.0810082
0.0802599
0.0795792
0.0789602
0.0783975
0.0778863
0.0774221
0.0770008
0.0766185
0.0762719
0.0759578
0.0756731
0.0754154
0.0751821
0.074971
0.0747801
0.0746075
0.0744515
0.0743105
0.0741831
0.074068
0.073964
0.0738701
0.0737852
0.0737086
0.0736394
0.0735769
0.0735204
0.0734695
0.0734236
0.0733822
0.073345
0.0733117
0.073282
0.0732558
0.073233
0.0732134
0.0731972
0.0731844
0.0731752
0.0731699
0.961701
0.892208
0.829117
0.771762
0.71955
0.671953
0.628501
0.588776
0.552404
0.519052
0.488421
0.460245
0.434286
0.410328
0.388181
0.367671
0.348643
0.330957
0.314486
0.299118
0.284747
0.271284
0.258643
0.246751
0.235542
0.224958
0.214947
0.205467
0.196481
0.18796
0.179879
0.172219
0.164966
0.158109
0.151638
0.145546
0.139824
0.134464
0.129457
0.124793
0.12046
0.116443
0.112729
0.109301
0.106143
0.10324
0.100573
0.098128
0.0958876
0.093837
0.0919617
0.0902478
0.0886824
0.0872534
0.0859497
0.0847607
0.0836769
0.0826893
0.0817898
0.0809709
0.0802256
0.0795477
0.0789313
0.0783711
0.0778622
0.0774001
0.0769807
0.0766002
0.0762553
0.0759427
0.0756595
0.0754031
0.075171
0.074961
0.0747711
0.0745994
0.0744441
0.0743039
0.0741771
0.0740626
0.0739591
0.0738656
0.0737812
0.0737049
0.073636
0.0735737
0.0735175
0.0734667
0.0734209
0.0733796
0.0733425
0.0733093
0.0732797
0.0732535
0.0732306
0.0732111
0.0731949
0.0731821
0.0731729
0.0731676
0.961701
0.892209
0.829118
0.771763
0.71955
0.671953
0.6285
0.588774
0.552401
0.519047
0.488415
0.460237
0.434275
0.410315
0.388164
0.367651
0.34862
0.33093
0.314455
0.299082
0.284707
0.271238
0.258591
0.246694
0.235478
0.224887
0.214869
0.205382
0.196389
0.187861
0.179774
0.172108
0.16485
0.157989
0.151515
0.14542
0.139697
0.134337
0.129332
0.12467
0.120339
0.116326
0.112616
0.109192
0.10604
0.103141
0.10048
0.0980398
0.0958046
0.0937591
0.0918887
0.0901796
0.0886188
0.0871943
0.0858947
0.0847097
0.0836297
0.0826457
0.0817496
0.0809338
0.0801915
0.0795164
0.0789025
0.0783447
0.0778381
0.0773781
0.0769606
0.076582
0.0762387
0.0759276
0.0756458
0.0753907
0.0751598
0.0749509
0.0747619
0.0745911
0.0744367
0.0742971
0.074171
0.0740571
0.0739541
0.0738611
0.073777
0.0737011
0.0736324
0.0735704
0.0735144
0.0734637
0.0734181
0.0733769
0.0733399
0.0733067
0.0732771
0.073251
0.0732281
0.0732086
0.0731924
0.0731796
0.0731705
0.0731652
0.961702
0.892209
0.829119
0.771763
0.719551
0.671953
0.628499
0.588772
0.552398
0.519042
0.488408
0.460227
0.434263
0.4103
0.388147
0.367631
0.348596
0.330902
0.314424
0.299046
0.284666
0.271192
0.25854
0.246636
0.235414
0.224816
0.214791
0.205297
0.196297
0.187763
0.179669
0.171997
0.164735
0.157869
0.151392
0.145295
0.139571
0.134211
0.129207
0.124547
0.120219
0.11621
0.112503
0.109085
0.105937
0.103043
0.100387
0.0979523
0.0957223
0.0936819
0.0918164
0.0901121
0.0885559
0.0871357
0.0858404
0.0846593
0.083583
0.0826026
0.0817098
0.0808971
0.0801577
0.0794853
0.0788741
0.0783187
0.0778142
0.0773563
0.0769407
0.0765638
0.0762222
0.0759126
0.0756322
0.0753783
0.0751485
0.0749407
0.0747527
0.0745827
0.0744291
0.0742903
0.0741648
0.0740514
0.0739489
0.0738564
0.0737727
0.0736971
0.0736287
0.0735669
0.0735111
0.0734606
0.0734151
0.073374
0.0733371
0.0733039
0.0732744
0.0732483
0.0732255
0.0732059
0.0731897
0.073177
0.0731678
0.0731625
0.961702
0.89221
0.829119
0.771764
0.719551
0.671952
0.628498
0.58877
0.552394
0.519036
0.4884
0.460218
0.434251
0.410285
0.388129
0.36761
0.348572
0.330874
0.314391
0.299009
0.284625
0.271145
0.258488
0.246578
0.23535
0.224745
0.214714
0.205213
0.196206
0.187665
0.179565
0.171888
0.16462
0.15775
0.15127
0.145171
0.139446
0.134087
0.129084
0.124426
0.120101
0.116095
0.112393
0.108978
0.105835
0.102947
0.100296
0.0978662
0.0956412
0.0936058
0.0917452
0.0900456
0.0884939
0.0870781
0.0857868
0.0846097
0.0835371
0.0825601
0.0816705
0.080861
0.0801245
0.0794547
0.078846
0.0782929
0.0777906
0.0773347
0.076921
0.0765458
0.0762058
0.0758976
0.0756186
0.0753659
0.0751373
0.0749305
0.0747435
0.0745744
0.0744215
0.0742833
0.0741585
0.0740456
0.0739437
0.0738515
0.0737682
0.0736929
0.0736248
0.0735633
0.0735076
0.0734573
0.0734119
0.0733709
0.0733341
0.073301
0.0732715
0.0732454
0.0732226
0.0732031
0.0731869
0.0731742
0.073165
0.0731597
0.961702
0.89221
0.82912
0.771765
0.719551
0.671951
0.628496
0.588767
0.552389
0.51903
0.488391
0.460207
0.434238
0.41027
0.388111
0.367589
0.348547
0.330846
0.314359
0.298973
0.284584
0.271099
0.258437
0.246521
0.235287
0.224676
0.214638
0.20513
0.196117
0.187569
0.179462
0.17178
0.164507
0.157633
0.15115
0.145049
0.139323
0.133964
0.128962
0.124307
0.119984
0.115982
0.112284
0.108874
0.105736
0.102852
0.100206
0.0977817
0.0955618
0.0935313
0.0916754
0.0899804
0.0884332
0.0870216
0.0857344
0.0845611
0.0834921
0.0825185
0.0816321
0.0808255
0.0800919
0.0794247
0.0788184
0.0782676
0.0777674
0.0773135
0.0769016
0.0765281
0.0761896
0.0758829
0.0756051
0.0753537
0.0751262
0.0749204
0.0747342
0.0745659
0.0744138
0.0742763
0.0741521
0.0740398
0.0739383
0.0738465
0.0737636
0.0736886
0.0736208
0.0735595
0.073504
0.0734539
0.0734086
0.0733677
0.0733309
0.0732979
0.0732684
0.0732424
0.0732196
0.0732001
0.0731839
0.0731712
0.073162
0.0731568
0.961702
0.892211
0.829121
0.771765
0.719551
0.67195
0.628494
0.588763
0.552384
0.519023
0.488382
0.460196
0.434224
0.410254
0.388092
0.367567
0.348522
0.330818
0.314327
0.298937
0.284543
0.271054
0.258386
0.246465
0.235225
0.224607
0.214563
0.205049
0.196029
0.187474
0.179362
0.171674
0.164397
0.157519
0.151033
0.14493
0.139204
0.133845
0.128844
0.12419
0.119871
0.115872
0.112178
0.108772
0.105639
0.10276
0.100119
0.0976994
0.0954843
0.0934587
0.0916075
0.089917
0.0883741
0.0869667
0.0856834
0.0845138
0.0834483
0.082478
0.0815947
0.080791
0.0800601
0.0793955
0.0787915
0.0782429
0.0777448
0.0772927
0.0768826
0.0765107
0.0761737
0.0758683
0.0755919
0.0753416
0.0751151
0.0749103
0.074725
0.0745575
0.0744061
0.0742693
0.0741456
0.0740338
0.0739328
0.0738414
0.0737589
0.0736842
0.0736166
0.0735555
0.0735002
0.0734502
0.0734051
0.0733643
0.0733276
0.0732946
0.0732652
0.0732391
0.0732164
0.0731969
0.0731807
0.073168
0.0731589
0.0731537
0.961703
0.892211
0.829121
0.771765
0.71955
0.671949
0.628491
0.588759
0.552378
0.519015
0.488372
0.460184
0.43421
0.410237
0.388073
0.367545
0.348497
0.330789
0.314295
0.298901
0.284503
0.27101
0.258337
0.24641
0.235164
0.224541
0.214491
0.20497
0.195944
0.187383
0.179265
0.171572
0.16429
0.157408
0.150919
0.144815
0.139087
0.133729
0.128729
0.124077
0.119761
0.115765
0.112075
0.108674
0.105545
0.102671
0.100035
0.0976197
0.0954095
0.0933885
0.0915419
0.0898557
0.088317
0.0869135
0.085634
0.084468
0.0834059
0.0824388
0.0815585
0.0807576
0.0800293
0.0793671
0.0787654
0.0782189
0.0777228
0.0772725
0.076864
0.0764937
0.0761581
0.0758541
0.0755788
0.0753297
0.0751042
0.0749003
0.0747159
0.0745492
0.0743984
0.0742622
0.0741391
0.0740278
0.0739272
0.0738363
0.073754
0.0736796
0.0736123
0.0735514
0.0734963
0.0734465
0.0734014
0.0733607
0.0733241
0.0732912
0.0732618
0.0732358
0.073213
0.0731935
0.0731774
0.0731647
0.0731556
0.0731504
0.961703
0.892212
0.829121
0.771765
0.719549
0.671947
0.628488
0.588754
0.552371
0.519007
0.488362
0.460171
0.434195
0.41022
0.388053
0.367522
0.348472
0.330761
0.314264
0.298866
0.284465
0.270967
0.258289
0.246358
0.235106
0.224477
0.214421
0.204894
0.195862
0.187295
0.179172
0.171473
0.164187
0.157302
0.15081
0.144704
0.138975
0.133617
0.128618
0.123969
0.119655
0.115663
0.111976
0.108579
0.105455
0.102585
0.0999538
0.0975433
0.0953377
0.0933211
0.0914789
0.089797
0.0882623
0.0868626
0.0855867
0.0844242
0.0833653
0.0824012
0.0815238
0.0807256
0.0799997
0.0793399
0.0787403
0.0781958
0.0777015
0.077253
0.0768461
0.0764773
0.076143
0.0758403
0.0755661
0.075318
0.0750935
0.0748905
0.0747069
0.0745409
0.0743908
0.0742552
0.0741326
0.0740218
0.0739216
0.073831
0.073749
0.0736749
0.0736078
0.0735472
0.0734922
0.0734425
0.0733976
0.073357
0.0733204
0.0732875
0.0732582
0.0732322
0.0732095
0.0731901
0.0731739
0.0731612
0.0731522
0.073147
0.961703
0.892212
0.829122
0.771764
0.719548
0.671944
0.628484
0.588748
0.552364
0.518997
0.488351
0.460158
0.43418
0.410202
0.388033
0.3675
0.348447
0.330734
0.314234
0.298833
0.284428
0.270926
0.258244
0.246308
0.235051
0.224417
0.214355
0.204822
0.195784
0.187212
0.179083
0.17138
0.164089
0.1572
0.150706
0.144598
0.138869
0.133511
0.128513
0.123866
0.119554
0.115565
0.111882
0.108489
0.105369
0.102504
0.0998768
0.0974708
0.0952695
0.0932573
0.0914191
0.0897412
0.0882103
0.0868143
0.0855419
0.0843825
0.0833267
0.0823655
0.0814908
0.0806951
0.0799715
0.0793139
0.0787164
0.0781738
0.0776812
0.0772343
0.0768289
0.0764615
0.0761285
0.0758269
0.0755539
0.0753067
0.0750831
0.0748809
0.074698
0.0745327
0.0743833
0.0742482
0.0741261
0.0740157
0.0739159
0.0738256
0.073744
0.0736701
0.0736033
0.0735428
0.073488
0.0734385
0.0733936
0.0733531
0.0733166
0.0732838
0.0732545
0.0732286
0.0732059
0.0731864
0.0731703
0.0731577
0.0731487
0.0731435
0.961703
0.892212
0.829122
0.771764
0.719546
0.671941
0.628479
0.588742
0.552356
0.518987
0.488339
0.460144
0.434164
0.410185
0.388014
0.367479
0.348424
0.330708
0.314205
0.298801
0.284393
0.270887
0.258201
0.246261
0.235
0.22436
0.214293
0.204755
0.195711
0.187134
0.179
0.171292
0.163997
0.157105
0.150608
0.144499
0.138769
0.133411
0.128415
0.123769
0.11946
0.115474
0.111794
0.108405
0.105289
0.102428
0.0998046
0.0974028
0.0952056
0.0931973
0.0913631
0.0896889
0.0881616
0.086769
0.0854998
0.0843435
0.0832905
0.082332
0.0814598
0.0806664
0.079945
0.0792894
0.0786938
0.078153
0.077662
0.0772166
0.0768126
0.0764465
0.0761147
0.0758142
0.0755421
0.0752959
0.0750731
0.0748716
0.0746894
0.0745247
0.0743759
0.0742413
0.0741196
0.0740096
0.0739102
0.0738203
0.0737389
0.0736653
0.0735987
0.0735384
0.0734838
0.0734343
0.0733896
0.0733492
0.0733127
0.07328
0.0732507
0.0732248
0.0732022
0.0731828
0.0731667
0.0731541
0.0731451
0.0731399
0.961703
0.892213
0.829121
0.771762
0.719543
0.671937
0.628474
0.588735
0.552347
0.518977
0.488327
0.46013
0.434149
0.410168
0.387995
0.367458
0.348401
0.330683
0.314178
0.298771
0.28436
0.270851
0.258162
0.246217
0.234952
0.224308
0.214236
0.204693
0.195645
0.187062
0.178923
0.171211
0.163912
0.157018
0.150518
0.144407
0.138677
0.133319
0.128324
0.123679
0.119373
0.115389
0.111713
0.108327
0.105214
0.102357
0.0997379
0.0973399
0.0951465
0.093142
0.0913114
0.0896406
0.0881166
0.0867272
0.0854609
0.0843074
0.083257
0.082301
0.0814311
0.0806398
0.0799205
0.0792667
0.0786729
0.0781336
0.0776441
0.0772001
0.0767974
0.0764324
0.0761016
0.0758021
0.0755309
0.0752855
0.0750635
0.0748627
0.0746812
0.0745171
0.0743687
0.0742346
0.0741133
0.0740037
0.0739046
0.073815
0.0737339
0.0736605
0.0735941
0.0735339
0.0734794
0.0734301
0.0733855
0.0733452
0.0733088
0.0732761
0.0732469
0.073221
0.0731984
0.073179
0.073163
0.0731504
0.0731415
0.0731364
0.961703
0.892212
0.82912
0.77176
0.71954
0.671932
0.628467
0.588727
0.552337
0.518966
0.488315
0.460117
0.434134
0.410152
0.387978
0.367439
0.34838
0.330661
0.314154
0.298745
0.284331
0.270819
0.258127
0.246179
0.234909
0.224261
0.214185
0.204637
0.195584
0.186997
0.178854
0.171138
0.163836
0.156938
0.150437
0.144325
0.138594
0.133236
0.128241
0.123598
0.119294
0.115313
0.111639
0.108256
0.105147
0.102293
0.0996775
0.097283
0.0950931
0.0930919
0.0912646
0.0895969
0.0880759
0.0866893
0.0854257
0.0842747
0.0832267
0.0822729
0.081405
0.0806157
0.0798981
0.0792461
0.0786537
0.0781159
0.0776277
0.0771849
0.0767833
0.0764193
0.0760896
0.0757909
0.0755206
0.0752759
0.0750546
0.0748544
0.0746734
0.0745098
0.0743618
0.0742281
0.0741073
0.073998
0.0738992
0.0738098
0.073729
0.0736558
0.0735895
0.0735295
0.0734752
0.073426
0.0733814
0.0733412
0.0733049
0.0732722
0.0732431
0.0732173
0.0731947
0.0731754
0.0731594
0.0731469
0.073138
0.0731329
0.961704
0.892212
0.829119
0.771758
0.719536
0.671927
0.628461
0.588719
0.552328
0.518955
0.488303
0.460104
0.43412
0.410137
0.387962
0.367422
0.348362
0.330641
0.314132
0.298721
0.284305
0.270791
0.258096
0.246145
0.234872
0.224221
0.21414
0.204589
0.195532
0.186941
0.178794
0.171074
0.163769
0.156869
0.150365
0.144252
0.13852
0.133163
0.128169
0.123527
0.119224
0.115245
0.111574
0.108194
0.105087
0.102237
0.0996242
0.0972328
0.0950459
0.0930477
0.0912233
0.0895584
0.08804
0.0866559
0.0853946
0.0842459
0.0831999
0.082248
0.081382
0.0805943
0.0798783
0.0792277
0.0786367
0.0781001
0.0776131
0.0771713
0.0767707
0.0764076
0.0760787
0.0757808
0.0755111
0.0752671
0.0750463
0.0748467
0.0746662
0.074503
0.0743555
0.0742221
0.0741016
0.0739926
0.073894
0.0738049
0.0737242
0.0736512
0.0735851
0.0735253
0.073471
0.0734219
0.0733775
0.0733373
0.0733011
0.0732685
0.0732394
0.0732136
0.0731911
0.0731719
0.0731559
0.0731435
0.0731346
0.0731297
0.961703
0.892211
0.829117
0.771755
0.719532
0.671921
0.628454
0.588711
0.552319
0.518945
0.488292
0.460092
0.434108
0.410123
0.387948
0.367407
0.348346
0.330624
0.314113
0.298701
0.284284
0.270768
0.25807
0.246117
0.234841
0.224187
0.214103
0.204548
0.195487
0.186893
0.178743
0.17102
0.163712
0.15681
0.150305
0.14419
0.138458
0.133101
0.128107
0.123467
0.119165
0.115188
0.111519
0.108141
0.105037
0.102189
0.0995788
0.0971901
0.0950058
0.0930102
0.0911882
0.0895257
0.0880096
0.0866275
0.0853683
0.0842214
0.0831772
0.0822269
0.0813623
0.0805761
0.0798614
0.079212
0.0786221
0.0780865
0.0776005
0.0771596
0.0767598
0.0763974
0.0760692
0.0757719
0.0755028
0.0752593
0.075039
0.0748398
0.0746597
0.0744969
0.0743497
0.0742166
0.0740964
0.0739876
0.0738893
0.0738003
0.0737199
0.073647
0.073581
0.0735213
0.0734672
0.0734182
0.0733738
0.0733337
0.0732975
0.073265
0.073236
0.0732103
0.0731878
0.0731686
0.0731528
0.0731404
0.0731316
0.0731267
0.961703
0.892211
0.829115
0.771752
0.719528
0.671916
0.628447
0.588704
0.552311
0.518937
0.488283
0.460083
0.434097
0.410113
0.387936
0.367395
0.348333
0.33061
0.314099
0.298686
0.284267
0.270749
0.25805
0.246094
0.234817
0.22416
0.214074
0.204516
0.195453
0.186855
0.178703
0.170977
0.163668
0.156763
0.150257
0.144141
0.138409
0.133051
0.128059
0.123419
0.119118
0.115143
0.111475
0.108099
0.104996
0.10215
0.0995424
0.0971558
0.0949737
0.0929802
0.0911602
0.0894996
0.0879852
0.0866049
0.0853472
0.0842017
0.0831589
0.0822099
0.0813465
0.0805614
0.0798477
0.0791992
0.0786102
0.0780754
0.0775901
0.0771499
0.0767508
0.076389
0.0760613
0.0757645
0.0754959
0.0752528
0.0750329
0.074834
0.0746542
0.0744917
0.0743447
0.0742119
0.0740918
0.0739833
0.0738851
0.0737963
0.073716
0.0736433
0.0735774
0.0735178
0.0734637
0.0734148
0.0733705
0.0733305
0.0732943
0.0732619
0.0732329
0.0732073
0.0731849
0.0731658
0.07315
0.0731376
0.0731289
0.0731241
0.961703
0.89221
0.829113
0.771749
0.719524
0.671912
0.628442
0.588698
0.552305
0.518931
0.488276
0.460076
0.43409
0.410105
0.387928
0.367387
0.348324
0.3306
0.314089
0.298675
0.284255
0.270736
0.258036
0.246079
0.2348
0.224141
0.214053
0.204493
0.195428
0.186828
0.178674
0.170947
0.163635
0.156729
0.150222
0.144106
0.138373
0.133016
0.128023
0.123384
0.119084
0.115109
0.111443
0.108068
0.104967
0.102122
0.0995155
0.0971306
0.0949501
0.0929582
0.0911397
0.0894804
0.0879674
0.0865882
0.0853317
0.0841873
0.0831454
0.0821973
0.0813348
0.0805505
0.0798375
0.0791897
0.0786013
0.0780671
0.0775823
0.0771425
0.0767438
0.0763825
0.0760551
0.0757587
0.0754904
0.0752476
0.0750279
0.0748293
0.0746498
0.0744874
0.0743407
0.074208
0.0740881
0.0739797
0.0738817
0.073793
0.0737128
0.0736401
0.0735744
0.0735148
0.0734608
0.073412
0.0733677
0.0733278
0.0732917
0.0732593
0.0732304
0.0732048
0.0731825
0.0731635
0.0731477
0.0731355
0.0731269
0.0731221
0.961703
0.892209
0.829112
0.771747
0.719522
0.671909
0.62844
0.588695
0.552302
0.518927
0.488273
0.460072
0.434086
0.410101
0.387924
0.367382
0.348319
0.330595
0.314083
0.298668
0.284248
0.270728
0.258027
0.246069
0.234789
0.224129
0.21404
0.204479
0.195412
0.186812
0.178656
0.170928
0.163615
0.156709
0.150201
0.144084
0.138352
0.132994
0.128002
0.123363
0.119064
0.115089
0.111422
0.108048
0.104947
0.102103
0.0994984
0.0971146
0.0949354
0.0929446
0.0911271
0.0894687
0.0879564
0.0865779
0.085322
0.0841783
0.083137
0.0821893
0.0813273
0.0805434
0.0798308
0.0791834
0.0785953
0.0780615
0.077577
0.0771375
0.0767391
0.076378
0.0760508
0.0757546
0.0754865
0.0752438
0.0750244
0.0748259
0.0746465
0.0744843
0.0743377
0.0742051
0.0740853
0.073977
0.0738791
0.0737905
0.0737103
0.0736378
0.0735721
0.0735126
0.0734587
0.0734098
0.0733657
0.0733257
0.0732897
0.0732574
0.0732286
0.073203
0.0731808
0.0731618
0.0731462
0.073134
0.0731255
0.0731208
)
;

boundaryField
{
    inlet
    {
        type            fixedValue;
        value           uniform 1;
    }
    outlet
    {
        type            inletOutlet;
        inletValue      uniform 1;
        value           nonuniform List<scalar> 
100
(
0.0731685
0.0731688
0.0731692
0.0731698
0.0731706
0.0731715
0.0731726
0.0731738
0.073175
0.0731763
0.0731777
0.073179
0.0731804
0.0731817
0.073183
0.0731842
0.0731854
0.0731865
0.0731876
0.0731885
0.0731894
0.0731902
0.0731909
0.0731915
0.073192
0.0731924
0.0731927
0.0731929
0.073193
0.0731931
0.0731931
0.073193
0.0731929
0.0731928
0.0731925
0.0731923
0.073192
0.0731917
0.0731914
0.0731911
0.0731907
0.0731904
0.07319
0.0731897
0.0731894
0.0731891
0.0731889
0.0731886
0.0731884
0.0731883
0.0731881
0.073188
0.0731879
0.0731878
0.0731877
0.0731877
0.0731876
0.0731876
0.0731877
0.0731877
0.0731877
0.0731877
0.0731876
0.0731875
0.0731874
0.0731873
0.0731871
0.0731868
0.0731865
0.073186
0.0731855
0.0731849
0.0731842
0.0731834
0.0731825
0.0731814
0.0731802
0.0731789
0.0731774
0.0731758
0.073174
0.073172
0.0731699
0.0731676
0.0731652
0.0731625
0.0731597
0.0731568
0.0731537
0.0731504
0.073147
0.0731435
0.0731399
0.0731364
0.0731329
0.0731297
0.0731267
0.0731241
0.0731221
0.0731208
)
;
    }
    ground
    {
        type            empty;
    }
    top
    {
        type            empty;
    }
    front
    {
        type            inletOutlet;
        inletValue      uniform 1;
        value           nonuniform List<scalar> 
100
(
0.961703
0.892209
0.829112
0.771747
0.719522
0.671909
0.628439
0.588695
0.552302
0.518927
0.488272
0.460072
0.434086
0.4101
0.387923
0.367381
0.348318
0.330594
0.314082
0.298667
0.284246
0.270727
0.258025
0.246067
0.234787
0.224126
0.214037
0.204476
0.195409
0.186808
0.178652
0.170924
0.163611
0.156705
0.150197
0.14408
0.138348
0.132991
0.128
0.123362
0.119063
0.115089
0.111424
0.108051
0.104952
0.10211
0.0995067
0.0971247
0.0949474
0.0929586
0.091143
0.0894866
0.0879764
0.0865999
0.085346
0.0842042
0.0831649
0.0822191
0.0813589
0.0805768
0.079866
0.0792202
0.0786337
0.0781013
0.0776183
0.0771802
0.076783
0.076423
0.076097
0.0758018
0.0755346
0.0752928
0.0750741
0.0748763
0.0746975
0.0745359
0.0743897
0.0742576
0.0741382
0.0740302
0.0739325
0.0738441
0.0737641
0.0736916
0.0736259
0.0735664
0.0735125
0.0734636
0.0734192
0.0733791
0.0733428
0.0733101
0.0732808
0.0732548
0.0732319
0.0732123
0.0731959
0.073183
0.0731738
0.0731685
)
;
    }
    back
    {
        type            inletOutlet;
        inletValue      uniform 1;
        value           nonuniform List<scalar> 
100
(
0.961703
0.892209
0.829112
0.771747
0.719522
0.671909
0.62844
0.588695
0.552302
0.518927
0.488273
0.460072
0.434086
0.410101
0.387924
0.367382
0.348319
0.330595
0.314083
0.298668
0.284248
0.270728
0.258027
0.246069
0.234789
0.224129
0.21404
0.204479
0.195412
0.186812
0.178656
0.170928
0.163615
0.156709
0.150201
0.144084
0.138352
0.132994
0.128002
0.123363
0.119064
0.115089
0.111422
0.108048
0.104947
0.102103
0.0994984
0.0971146
0.0949354
0.0929446
0.0911271
0.0894687
0.0879564
0.0865779
0.085322
0.0841783
0.083137
0.0821893
0.0813273
0.0805434
0.0798308
0.0791834
0.0785953
0.0780615
0.077577
0.0771375
0.0767391
0.076378
0.0760508
0.0757546
0.0754865
0.0752438
0.0750244
0.0748259
0.0746465
0.0744843
0.0743377
0.0742051
0.0740853
0.073977
0.0738791
0.0737905
0.0737103
0.0736378
0.0735721
0.0735126
0.0734587
0.0734098
0.0733657
0.0733257
0.0732897
0.0732574
0.0732286
0.073203
0.0731808
0.0731618
0.0731462
0.073134
0.0731255
0.0731208
)
;
    }
}


// ************************************************************************* //
