/*--------------------------------*- C++ -*----------------------------------*\
  =========                 |
  \\      /  F ield         | OpenFOAM: The Open Source CFD Toolbox
   \\    /   O peration     | Website:  https://openfoam.org
    \\  /    A nd           | Version:  11
     \\/     M anipulation  |
\*---------------------------------------------------------------------------*/
FoamFile
{
    format      ascii;
    class       volScalarField;
    location    "260";
    object      omega;
}
// * * * * * * * * * * * * * * * * * * * * * * * * * * * * * * * * * * * * * //

dimensions      [0 0 -1 0 0 0 0];

internalField   nonuniform List<scalar> 
10000
(
0.961696
0.892193
0.829096
0.771738
0.719529
0.671943
0.628512
0.588817
0.552488
0.519192
0.488633
0.460546
0.434695
0.410868
0.388875
0.368546
0.349729
0.332287
0.316096
0.301046
0.287036
0.273978
0.261788
0.250393
0.239727
0.229729
0.220343
0.211521
0.203215
0.195384
0.18799
0.180998
0.174376
0.168094
0.162125
0.156444
0.151028
0.145856
0.140909
0.13617
0.131623
0.127254
0.123051
0.119004
0.115103
0.111343
0.107717
0.104223
0.100856
0.097616
0.0945024
0.0915149
0.0886541
0.0859202
0.0833135
0.0808336
0.0784802
0.0762523
0.0741482
0.0721655
0.0703008
0.0685504
0.06691
0.0653748
0.06394
0.0626006
0.0613516
0.060188
0.0591047
0.0580969
0.0571599
0.0562892
0.0554804
0.0547293
0.0540322
0.0533853
0.0527852
0.0522287
0.0517128
0.0512347
0.0507919
0.0503819
0.0500026
0.0496521
0.0493284
0.0490299
0.0487552
0.0485028
0.0482716
0.0480606
0.047869
0.0476959
0.0475409
0.0474036
0.0472838
0.0471816
0.0470974
0.0470318
0.0469858
0.046961
0.961696
0.892194
0.829096
0.771739
0.71953
0.671944
0.628512
0.588818
0.552489
0.519193
0.488634
0.460547
0.434696
0.410869
0.388876
0.368547
0.34973
0.332288
0.316097
0.301047
0.287038
0.273979
0.261789
0.250394
0.239728
0.22973
0.220345
0.211522
0.203216
0.195386
0.187992
0.181001
0.174378
0.168097
0.162128
0.156447
0.151032
0.14586
0.140914
0.136175
0.131628
0.12726
0.123057
0.119011
0.115111
0.111351
0.107726
0.104232
0.100866
0.0976262
0.0945129
0.0915258
0.0886652
0.0859315
0.083325
0.0808454
0.0784922
0.0762645
0.0741603
0.0721772
0.070312
0.068561
0.0669199
0.0653841
0.0639487
0.0626088
0.0613594
0.0601953
0.0591115
0.0581033
0.057166
0.0562948
0.0554856
0.0547343
0.0540368
0.0533896
0.0527892
0.0522324
0.0517162
0.0512379
0.0507948
0.0503846
0.0500052
0.0496544
0.0493306
0.0490319
0.048757
0.0485045
0.0482732
0.0480621
0.0478703
0.0476972
0.0475421
0.0474047
0.0472848
0.0471826
0.0470983
0.0470327
0.0469867
0.0469619
0.961696
0.892194
0.829097
0.77174
0.719531
0.671945
0.628514
0.58882
0.552491
0.519195
0.488636
0.460549
0.434698
0.410871
0.388878
0.368549
0.349732
0.33229
0.3161
0.301049
0.28704
0.273981
0.261791
0.250397
0.239731
0.229733
0.220348
0.211525
0.203219
0.195389
0.187996
0.181004
0.174382
0.168101
0.162132
0.156452
0.151037
0.145866
0.14092
0.136182
0.131636
0.127269
0.123067
0.119021
0.115123
0.111364
0.10774
0.104246
0.100881
0.0976423
0.0945297
0.0915432
0.088683
0.0859497
0.0833434
0.080864
0.0785109
0.0762831
0.0741787
0.0721953
0.0703295
0.0685778
0.066936
0.0653994
0.0639632
0.0626225
0.0613723
0.0602075
0.059123
0.0581141
0.0571761
0.0563043
0.0554945
0.0547425
0.0540445
0.0533968
0.0527959
0.0522386
0.051722
0.0512433
0.0507998
0.0503893
0.0500095
0.0496584
0.0493343
0.0490354
0.0487602
0.0485075
0.048276
0.0480647
0.0478727
0.0476994
0.0475442
0.0474067
0.0472867
0.0471844
0.0471
0.0470344
0.0469884
0.0469636
0.961696
0.892194
0.829097
0.771741
0.719532
0.671947
0.628516
0.588822
0.552493
0.519197
0.488638
0.460552
0.434701
0.410874
0.388881
0.368552
0.349736
0.332293
0.316103
0.301053
0.287043
0.273985
0.261795
0.2504
0.239734
0.229736
0.220351
0.211529
0.203224
0.195393
0.188
0.181009
0.174388
0.168107
0.162139
0.156459
0.151045
0.145875
0.14093
0.136193
0.131648
0.127281
0.123081
0.119036
0.115139
0.111381
0.107758
0.104266
0.100902
0.0976644
0.0945528
0.091567
0.0887075
0.0859746
0.0833686
0.0808894
0.0785364
0.0763084
0.0742037
0.0722197
0.0703533
0.0686007
0.0669579
0.0654203
0.0639832
0.0626415
0.0613902
0.0602244
0.059139
0.0581291
0.0571902
0.0563175
0.0555069
0.0547541
0.0540553
0.0534068
0.0528053
0.0522474
0.0517301
0.0512508
0.0508068
0.0503958
0.0500155
0.0496641
0.0493395
0.0490402
0.0487647
0.0485117
0.0482799
0.0480683
0.0478762
0.0477026
0.0475472
0.0474096
0.0472895
0.0471871
0.0471026
0.0470369
0.0469909
0.046966
0.961696
0.892194
0.829098
0.771741
0.719534
0.671949
0.628518
0.588824
0.552496
0.5192
0.488642
0.460555
0.434704
0.410877
0.388885
0.368556
0.349739
0.332297
0.316107
0.301057
0.287048
0.273989
0.261799
0.250405
0.239739
0.229741
0.220356
0.211534
0.203229
0.195399
0.188006
0.181016
0.174395
0.168114
0.162147
0.156468
0.151055
0.145885
0.140942
0.136206
0.131662
0.127297
0.123098
0.119055
0.115159
0.111403
0.107782
0.104291
0.100929
0.0976924
0.0945819
0.0915971
0.0887383
0.086006
0.0834004
0.0809213
0.0785683
0.0763401
0.0742349
0.0722502
0.0703829
0.0686294
0.0669855
0.0654467
0.0640083
0.0626654
0.0614129
0.0602458
0.0591592
0.0581482
0.057208
0.0563343
0.0555226
0.0547688
0.054069
0.0534196
0.0528172
0.0522585
0.0517405
0.0512605
0.0508158
0.0504041
0.0500233
0.0496712
0.0493462
0.0490464
0.0487705
0.0485171
0.0482849
0.0480731
0.0478806
0.0477068
0.0475512
0.0474133
0.0472931
0.0471905
0.047106
0.0470402
0.0469941
0.0469692
0.961696
0.892195
0.829098
0.771742
0.719535
0.671951
0.62852
0.588827
0.552499
0.519203
0.488645
0.460559
0.434708
0.410881
0.388889
0.36856
0.349744
0.332302
0.316111
0.301062
0.287052
0.273994
0.261804
0.25041
0.239744
0.229747
0.220362
0.21154
0.203236
0.195406
0.188014
0.181024
0.174403
0.168124
0.162157
0.156479
0.151067
0.145899
0.140956
0.136222
0.131679
0.127316
0.123119
0.119078
0.115184
0.11143
0.10781
0.104321
0.10096
0.0977257
0.0946165
0.0916329
0.088775
0.0860434
0.0834381
0.0809592
0.0786061
0.0763775
0.0742717
0.0722862
0.0704179
0.0686633
0.0670181
0.065478
0.0640382
0.0626938
0.0614399
0.0602713
0.0591833
0.0581708
0.0572294
0.0563543
0.0555413
0.0547863
0.0540854
0.053435
0.0528315
0.0522718
0.0517529
0.051272
0.0508265
0.0504141
0.0500326
0.0496799
0.0493542
0.0490539
0.0487775
0.0485236
0.048291
0.0480788
0.047886
0.0477119
0.047556
0.0474179
0.0472975
0.0471948
0.0471101
0.0470442
0.0469981
0.0469731
0.961696
0.892195
0.829099
0.771743
0.719536
0.671952
0.628522
0.588829
0.552501
0.519206
0.488648
0.460563
0.434712
0.410886
0.388893
0.368565
0.349749
0.332307
0.316117
0.301067
0.287058
0.273999
0.26181
0.250416
0.239751
0.229753
0.220369
0.211548
0.203243
0.195414
0.188022
0.181033
0.174413
0.168134
0.162169
0.156492
0.151081
0.145914
0.140973
0.13624
0.1317
0.127338
0.123143
0.119104
0.115212
0.11146
0.107843
0.104356
0.100997
0.0977638
0.0946562
0.0916738
0.088817
0.0860861
0.0834812
0.0810025
0.0786492
0.0764202
0.0743137
0.0723273
0.0704579
0.0687019
0.0670553
0.0655137
0.0640723
0.0627263
0.0614707
0.0603005
0.0592108
0.0581968
0.0572538
0.0563772
0.0555628
0.0548065
0.0541043
0.0534526
0.0528479
0.0522871
0.0517672
0.0512853
0.0508389
0.0504257
0.0500433
0.0496899
0.0493636
0.0490626
0.0487856
0.0485312
0.0482981
0.0480854
0.0478922
0.0477178
0.0475616
0.0474233
0.0473026
0.0471997
0.0471149
0.0470489
0.0470027
0.0469777
0.961696
0.892195
0.829099
0.771743
0.719537
0.671953
0.628524
0.588831
0.552504
0.51921
0.488652
0.460566
0.434716
0.41089
0.388898
0.36857
0.349754
0.332312
0.316122
0.301073
0.287064
0.274006
0.261817
0.250423
0.239758
0.229761
0.220377
0.211556
0.203252
0.195423
0.188032
0.181043
0.174425
0.168147
0.162182
0.156507
0.151097
0.145931
0.140992
0.136261
0.131722
0.127363
0.12317
0.119133
0.115243
0.111494
0.107879
0.104394
0.101037
0.0978063
0.0947004
0.0917194
0.0888637
0.0861335
0.0835292
0.0810505
0.078697
0.0764675
0.0743603
0.0723728
0.0705022
0.0687448
0.0670966
0.0655533
0.0641102
0.0627624
0.061505
0.060333
0.0592416
0.0582258
0.0572811
0.0564029
0.0555869
0.054829
0.0541254
0.0534723
0.0528663
0.0523043
0.0517832
0.0513002
0.0508528
0.0504386
0.0500554
0.0497011
0.049374
0.0490724
0.0487947
0.0485397
0.0483061
0.048093
0.0478993
0.0477245
0.047568
0.0474294
0.0473084
0.0472053
0.0471204
0.0470542
0.0470079
0.0469828
0.961696
0.892195
0.829099
0.771744
0.719538
0.671954
0.628525
0.588833
0.552506
0.519212
0.488655
0.46057
0.43472
0.410895
0.388903
0.368575
0.349759
0.332318
0.316128
0.301079
0.28707
0.274012
0.261824
0.25043
0.239766
0.229769
0.220385
0.211565
0.203261
0.195434
0.188043
0.181055
0.174437
0.168161
0.162197
0.156523
0.151114
0.145951
0.141013
0.136284
0.131748
0.12739
0.1232
0.119165
0.115278
0.111531
0.107919
0.104437
0.101082
0.0978528
0.0947487
0.0917692
0.0889146
0.0861853
0.0835814
0.0811029
0.0787491
0.0765191
0.0744109
0.0724224
0.0705504
0.0687915
0.0671416
0.0655965
0.0641515
0.0628017
0.0615424
0.0603685
0.0592751
0.0582574
0.0573109
0.0564309
0.0556132
0.0548537
0.0541484
0.0534939
0.0528865
0.0523231
0.0518008
0.0513166
0.0508681
0.0504529
0.0500687
0.0497135
0.0493856
0.0490832
0.0488048
0.0485491
0.048315
0.0481013
0.0479072
0.0477319
0.047575
0.0474361
0.0473149
0.0472116
0.0471264
0.0470601
0.0470137
0.0469885
0.961696
0.892195
0.829099
0.771744
0.719538
0.671955
0.628527
0.588835
0.552509
0.519215
0.488658
0.460574
0.434724
0.410899
0.388907
0.36858
0.349765
0.332324
0.316134
0.301085
0.287077
0.274019
0.261831
0.250438
0.239774
0.229778
0.220395
0.211575
0.203272
0.195445
0.188055
0.181068
0.174451
0.168176
0.162214
0.156541
0.151134
0.145972
0.141036
0.136309
0.131775
0.12742
0.123232
0.1192
0.115316
0.111572
0.107962
0.104482
0.10113
0.0979028
0.0948005
0.0918226
0.0889693
0.0862408
0.0836374
0.081159
0.078805
0.0765743
0.0744653
0.0724755
0.0706021
0.0688415
0.0671898
0.0656428
0.0641958
0.062844
0.0615826
0.0604066
0.0593111
0.0582915
0.0573429
0.056461
0.0556415
0.0548802
0.0541733
0.0535171
0.0529083
0.0523435
0.0518197
0.0513343
0.0508846
0.0504683
0.050083
0.0497269
0.0493981
0.0490948
0.0488157
0.0485594
0.0483246
0.0481103
0.0479157
0.04774
0.0475827
0.0474434
0.0473219
0.0472183
0.047133
0.0470665
0.04702
0.0469947
0.961696
0.892195
0.829099
0.771744
0.719539
0.671956
0.628528
0.588837
0.552511
0.519217
0.488661
0.460577
0.434728
0.410903
0.388912
0.368585
0.34977
0.332329
0.31614
0.301092
0.287084
0.274027
0.261839
0.250446
0.239782
0.229787
0.220404
0.211585
0.203283
0.195457
0.188068
0.181082
0.174466
0.168192
0.162231
0.15656
0.151155
0.145995
0.141061
0.136336
0.131805
0.127452
0.123267
0.119238
0.115356
0.111615
0.108008
0.10453
0.101181
0.0979559
0.0948556
0.0918793
0.0890272
0.0862996
0.0836967
0.0812184
0.0788641
0.0766328
0.0745227
0.0725317
0.0706568
0.0688945
0.0672409
0.0656918
0.0642427
0.0628888
0.0616252
0.060447
0.0593494
0.0583276
0.057377
0.0564931
0.0556716
0.0549084
0.0541998
0.0535419
0.0529314
0.0523651
0.05184
0.0513532
0.0509022
0.0504847
0.0500984
0.0497412
0.0494114
0.0491073
0.0488274
0.0485703
0.0483348
0.04812
0.0479248
0.0477487
0.0475909
0.0474513
0.0473295
0.0472256
0.04714
0.0470734
0.0470267
0.0470014
0.961696
0.892194
0.829099
0.771744
0.719539
0.671956
0.628529
0.588838
0.552512
0.51922
0.488664
0.46058
0.434732
0.410907
0.388917
0.36859
0.349775
0.332335
0.316146
0.301098
0.287091
0.274034
0.261847
0.250455
0.239791
0.229796
0.220415
0.211596
0.203295
0.195469
0.188082
0.181097
0.174482
0.168209
0.16225
0.15658
0.151177
0.146019
0.141087
0.136365
0.131836
0.127486
0.123303
0.119277
0.115399
0.11166
0.108056
0.104581
0.101234
0.0980117
0.0949134
0.0919388
0.089088
0.0863613
0.0837589
0.0812806
0.078926
0.076694
0.074583
0.0725906
0.0707141
0.06895
0.0672945
0.0657433
0.064292
0.0629358
0.0616699
0.0604894
0.0593895
0.0583655
0.0574127
0.0565267
0.0557032
0.0549381
0.0542276
0.053568
0.0529558
0.0523879
0.0518613
0.0513731
0.0509208
0.050502
0.0501145
0.0497563
0.0494256
0.0491206
0.0488398
0.0485819
0.0483457
0.0481302
0.0479345
0.0477578
0.0475997
0.0474596
0.0473375
0.0472333
0.0471475
0.0470807
0.0470339
0.0470084
0.961696
0.892194
0.829099
0.771744
0.719539
0.671957
0.628529
0.588839
0.552514
0.519221
0.488666
0.460583
0.434735
0.410911
0.388921
0.368595
0.34978
0.332341
0.316153
0.301105
0.287098
0.274042
0.261855
0.250463
0.239801
0.229806
0.220425
0.211608
0.203307
0.195483
0.188096
0.181112
0.174499
0.168227
0.16227
0.156602
0.1512
0.146044
0.141115
0.136395
0.131869
0.127522
0.123342
0.119319
0.115443
0.111707
0.108106
0.104634
0.10129
0.0980698
0.0949735
0.0920007
0.0891512
0.0864255
0.0838235
0.0813453
0.0789904
0.0767577
0.0746456
0.0726518
0.0707736
0.0690077
0.0673501
0.0657968
0.0643432
0.0629846
0.0617164
0.0605336
0.0594313
0.058405
0.05745
0.0565618
0.0557362
0.0549691
0.0542567
0.0535952
0.0529813
0.0524117
0.0518835
0.0513939
0.0509402
0.0505202
0.0501315
0.0497722
0.0494404
0.0491344
0.0488528
0.0485941
0.0483572
0.048141
0.0479447
0.0477675
0.0476088
0.0474683
0.0473458
0.0472414
0.0471554
0.0470884
0.0470414
0.0470159
0.961696
0.892194
0.829099
0.771744
0.719539
0.671957
0.62853
0.58884
0.552515
0.519223
0.488668
0.460585
0.434738
0.410914
0.388925
0.368599
0.349786
0.332346
0.316159
0.301112
0.287105
0.27405
0.261863
0.250472
0.23981
0.229817
0.220436
0.211619
0.20332
0.195497
0.188111
0.181128
0.174517
0.168246
0.16229
0.156624
0.151225
0.146071
0.141144
0.136427
0.131903
0.127559
0.123382
0.119362
0.115489
0.111756
0.108158
0.104689
0.101347
0.0981298
0.0950357
0.0920645
0.0892165
0.0864916
0.0838902
0.0814121
0.0790568
0.0768233
0.0747101
0.072715
0.0708351
0.0690672
0.0674076
0.065852
0.064396
0.0630351
0.0617644
0.0605792
0.0594746
0.0584459
0.0574886
0.0565981
0.0557704
0.0550012
0.0542868
0.0536234
0.0530077
0.0524364
0.0519066
0.0514155
0.0509604
0.050539
0.0501491
0.0497886
0.0494558
0.0491488
0.0488662
0.0486067
0.0483691
0.0481522
0.0479553
0.0477775
0.0476184
0.0474774
0.0473546
0.0472498
0.0471635
0.0470963
0.0470492
0.0470236
0.961696
0.892194
0.829098
0.771744
0.719539
0.671957
0.62853
0.58884
0.552516
0.519225
0.48867
0.460588
0.434741
0.410918
0.388929
0.368604
0.34979
0.332352
0.316165
0.301118
0.287112
0.274057
0.261871
0.250481
0.23982
0.229827
0.220448
0.211632
0.203333
0.195511
0.188126
0.181145
0.174535
0.168266
0.162312
0.156648
0.15125
0.146099
0.141174
0.136459
0.131938
0.127597
0.123423
0.119406
0.115536
0.111807
0.108212
0.104746
0.101406
0.0981914
0.0950994
0.0921301
0.0892834
0.0865595
0.0839585
0.0814805
0.0791248
0.0768906
0.0747763
0.0727797
0.0708981
0.0691283
0.0674665
0.0659086
0.0644503
0.0630869
0.0618138
0.060626
0.059519
0.0584879
0.0575282
0.0566355
0.0558055
0.0550342
0.0543177
0.0536524
0.0530349
0.0524619
0.0519304
0.0514377
0.0509812
0.0505584
0.0501673
0.0498056
0.0494716
0.0491637
0.0488802
0.0486198
0.0483814
0.0481638
0.0479662
0.0477879
0.0476282
0.0474869
0.0473636
0.0472585
0.047172
0.0471046
0.0470573
0.0470316
0.961696
0.892194
0.829098
0.771744
0.719539
0.671957
0.62853
0.588841
0.552517
0.519226
0.488672
0.46059
0.434743
0.410921
0.388932
0.368608
0.349795
0.332357
0.31617
0.301124
0.287119
0.274065
0.26188
0.25049
0.23983
0.229838
0.220459
0.211644
0.203347
0.195525
0.188142
0.181162
0.174553
0.168286
0.162334
0.156671
0.151276
0.146127
0.141205
0.136493
0.131974
0.127636
0.123465
0.119451
0.115585
0.111858
0.108266
0.104803
0.101467
0.0982542
0.0951644
0.0921969
0.0893515
0.0866286
0.0840282
0.0815502
0.0791942
0.0769592
0.0748437
0.0728456
0.0709623
0.0691905
0.0675265
0.0659664
0.0645056
0.0631398
0.0618641
0.0606739
0.0595643
0.0585307
0.0575686
0.0566736
0.0558414
0.0550679
0.0543494
0.0536821
0.0530627
0.0524879
0.0519548
0.0514605
0.0510025
0.0505784
0.0501859
0.049823
0.0494879
0.0491789
0.0488945
0.0486332
0.048394
0.0481757
0.0479774
0.0477985
0.0476383
0.0474965
0.0473729
0.0472674
0.0471806
0.047113
0.0470656
0.0470398
0.961696
0.892194
0.829098
0.771744
0.719539
0.671957
0.628531
0.588842
0.552518
0.519227
0.488673
0.460592
0.434746
0.410924
0.388936
0.368612
0.349799
0.332362
0.316176
0.301131
0.287126
0.274072
0.261888
0.250499
0.23984
0.229849
0.220471
0.211657
0.20336
0.19554
0.188158
0.18118
0.174572
0.168307
0.162356
0.156696
0.151303
0.146156
0.141236
0.136527
0.132011
0.127676
0.123508
0.119497
0.115634
0.111911
0.108322
0.104862
0.101528
0.098318
0.0952303
0.0922646
0.0894207
0.0866987
0.0840988
0.0816208
0.0792644
0.0770287
0.0749121
0.0729125
0.0710274
0.0692536
0.0675875
0.066025
0.0645618
0.0631934
0.0619152
0.0607224
0.0596103
0.0585743
0.0576098
0.0567124
0.0558779
0.0551022
0.0543816
0.0537123
0.053091
0.0525144
0.0519796
0.0514837
0.0510242
0.0505986
0.0502048
0.0498408
0.0495045
0.0491945
0.0489091
0.0486469
0.0484069
0.0481878
0.0479889
0.0478094
0.0476487
0.0475064
0.0473823
0.0472765
0.0471894
0.0471216
0.0470741
0.0470482
0.961695
0.892194
0.829098
0.771743
0.719539
0.671957
0.628531
0.588842
0.552518
0.519228
0.488674
0.460593
0.434748
0.410926
0.388939
0.368615
0.349804
0.332367
0.316181
0.301137
0.287133
0.27408
0.261896
0.250508
0.23985
0.229859
0.220483
0.211669
0.203374
0.195555
0.188175
0.181198
0.174592
0.168328
0.162379
0.156721
0.15133
0.146185
0.141268
0.136561
0.132049
0.127716
0.123552
0.119544
0.115684
0.111964
0.108378
0.104921
0.10159
0.0983824
0.0952969
0.092333
0.0894905
0.0867694
0.08417
0.0816921
0.0793354
0.0770988
0.0749811
0.0729801
0.0710932
0.0693174
0.067649
0.0660842
0.0646185
0.0632477
0.0619669
0.0607715
0.0596569
0.0586184
0.0576514
0.0567516
0.0559148
0.055137
0.0544142
0.0537429
0.0531197
0.0525413
0.0520047
0.0515072
0.0510462
0.0506192
0.0502241
0.0498588
0.0495214
0.0492103
0.0489239
0.0486608
0.0484199
0.0482002
0.0480006
0.0478204
0.0476591
0.0475164
0.0473919
0.0472858
0.0471984
0.0471303
0.0470826
0.0470567
0.961695
0.892193
0.829098
0.771743
0.719538
0.671957
0.628531
0.588842
0.552519
0.519229
0.488676
0.460595
0.43475
0.410929
0.388942
0.368619
0.349808
0.332371
0.316187
0.301143
0.28714
0.274087
0.261904
0.250517
0.239859
0.22987
0.220494
0.211682
0.203388
0.19557
0.188191
0.181216
0.174611
0.168349
0.162402
0.156746
0.151357
0.146215
0.141301
0.136596
0.132086
0.127757
0.123595
0.119591
0.115734
0.112017
0.108434
0.104981
0.101652
0.0984472
0.0953639
0.0924017
0.0895606
0.0868405
0.0842416
0.0817638
0.0794067
0.0771693
0.0750504
0.0730479
0.0711593
0.0693815
0.0677109
0.0661437
0.0646757
0.0633022
0.0620189
0.060821
0.0597038
0.0586627
0.0576933
0.0567912
0.0559521
0.055172
0.0544471
0.0537738
0.0531486
0.0525684
0.0520301
0.051531
0.0510684
0.05064
0.0502435
0.049877
0.0495384
0.0492262
0.0489388
0.0486749
0.0484332
0.0482126
0.0480123
0.0478316
0.0476697
0.0475265
0.0474016
0.0472951
0.0472074
0.0471391
0.0470913
0.0470652
0.961695
0.892193
0.829098
0.771743
0.719538
0.671957
0.628531
0.588842
0.552519
0.519229
0.488677
0.460596
0.434752
0.410931
0.388944
0.368622
0.349812
0.332376
0.316192
0.301148
0.287146
0.274094
0.261912
0.250526
0.239869
0.229881
0.220506
0.211695
0.203402
0.195586
0.188208
0.181234
0.174631
0.168371
0.162426
0.156771
0.151385
0.146245
0.141333
0.136631
0.132124
0.127798
0.12364
0.119638
0.115785
0.112071
0.108491
0.10504
0.101715
0.098512
0.0954309
0.0924705
0.0896308
0.0869116
0.0843132
0.0818355
0.079478
0.0772399
0.0751199
0.0731159
0.0712255
0.0694457
0.067773
0.0662034
0.0647329
0.063357
0.0620711
0.0608706
0.0597509
0.0587073
0.0577354
0.0568309
0.0559894
0.0552071
0.0544801
0.0538048
0.0531777
0.0525956
0.0520556
0.0515549
0.0510908
0.0506609
0.0502631
0.0498953
0.0495556
0.0492423
0.0489539
0.048689
0.0484465
0.0482251
0.0480242
0.0478428
0.0476804
0.0475366
0.0474113
0.0473045
0.0472165
0.047148
0.0470999
0.0470738
0.961695
0.892193
0.829097
0.771743
0.719538
0.671957
0.628531
0.588842
0.55252
0.51923
0.488678
0.460598
0.434753
0.410933
0.388947
0.368625
0.349815
0.33238
0.316197
0.301154
0.287152
0.274101
0.26192
0.250535
0.239879
0.229891
0.220517
0.211708
0.203416
0.195601
0.188224
0.181252
0.174651
0.168392
0.162449
0.156797
0.151412
0.146275
0.141366
0.136667
0.132162
0.127839
0.123684
0.119685
0.115835
0.112124
0.108548
0.1051
0.101777
0.0985767
0.0954977
0.0925391
0.0897007
0.0869826
0.0843847
0.081907
0.0795492
0.0773103
0.0751892
0.0731837
0.0712916
0.0695098
0.0678349
0.066263
0.0647901
0.0634116
0.0621232
0.0609202
0.0597979
0.0587518
0.0577775
0.0568706
0.0560268
0.0552423
0.0545132
0.0538358
0.0532068
0.0526229
0.0520811
0.0515788
0.0511131
0.0506818
0.0502827
0.0499136
0.0495727
0.0492584
0.048969
0.0487032
0.0484598
0.0482377
0.048036
0.047854
0.047691
0.0475468
0.047421
0.0473138
0.0472255
0.0471568
0.0471086
0.0470824
0.961695
0.892193
0.829097
0.771743
0.719538
0.671957
0.628531
0.588843
0.55252
0.519231
0.488678
0.460599
0.434755
0.410935
0.38895
0.368628
0.349819
0.332384
0.316201
0.301159
0.287158
0.274108
0.261928
0.250543
0.239888
0.229901
0.220529
0.21172
0.20343
0.195616
0.188241
0.18127
0.17467
0.168413
0.162472
0.156822
0.15144
0.146305
0.141398
0.136702
0.1322
0.12788
0.123727
0.119732
0.115885
0.112178
0.108604
0.105159
0.101839
0.0986409
0.0955641
0.0926073
0.0897703
0.0870531
0.0844557
0.0819781
0.0796199
0.0773803
0.0752581
0.0732512
0.0713573
0.0695736
0.0678965
0.0663223
0.064847
0.063466
0.0621751
0.0609695
0.0598447
0.0587962
0.0578194
0.0569101
0.0560641
0.0552774
0.0545461
0.0538667
0.0532358
0.0526501
0.0521066
0.0516026
0.0511355
0.0507027
0.0503022
0.0499319
0.0495899
0.0492744
0.0489841
0.0487174
0.0484731
0.0482502
0.0480479
0.0478652
0.0477017
0.0475569
0.0474307
0.0473231
0.0472345
0.0471656
0.0471172
0.0470909
0.961695
0.892193
0.829097
0.771742
0.719538
0.671957
0.628531
0.588843
0.55252
0.519231
0.488679
0.4606
0.434756
0.410937
0.388952
0.368631
0.349822
0.332388
0.316206
0.301165
0.287164
0.274115
0.261935
0.250552
0.239897
0.229912
0.22054
0.211732
0.203443
0.195631
0.188257
0.181287
0.17469
0.168435
0.162495
0.156847
0.151467
0.146334
0.14143
0.136736
0.132238
0.12792
0.123771
0.119779
0.115935
0.11223
0.10866
0.105217
0.1019
0.0987046
0.0956298
0.0926748
0.0898391
0.0871229
0.084526
0.0820485
0.07969
0.0774497
0.0753263
0.073318
0.0714225
0.0696368
0.0679576
0.0663812
0.0649034
0.06352
0.0622266
0.0610185
0.0598912
0.0588402
0.057861
0.0569494
0.0561011
0.0553122
0.0545789
0.0538975
0.0532646
0.0526771
0.0521319
0.0516263
0.0511577
0.0507235
0.0503217
0.0499501
0.0496069
0.0492904
0.0489991
0.0487314
0.0484863
0.0482627
0.0480596
0.0478763
0.0477123
0.047567
0.0474404
0.0473324
0.0472435
0.0471743
0.0471258
0.0470994
0.961695
0.892193
0.829097
0.771742
0.719537
0.671957
0.628531
0.588843
0.55252
0.519232
0.48868
0.460601
0.434758
0.410939
0.388954
0.368634
0.349825
0.332392
0.31621
0.30117
0.28717
0.274122
0.261943
0.25056
0.239906
0.229922
0.220551
0.211745
0.203457
0.195645
0.188273
0.181305
0.174709
0.168456
0.162518
0.156872
0.151494
0.146364
0.141462
0.136771
0.132275
0.12796
0.123814
0.119825
0.115984
0.112282
0.108715
0.105275
0.10196
0.0987674
0.0956947
0.0927414
0.0899071
0.0871918
0.0845954
0.082118
0.0797592
0.0775182
0.0753937
0.0733841
0.0714869
0.0696993
0.068018
0.0664393
0.0649592
0.0635734
0.0622775
0.061067
0.0599372
0.0588838
0.0579022
0.0569883
0.0561378
0.0553467
0.0546113
0.0539279
0.0532932
0.0527039
0.052157
0.0516498
0.0511797
0.0507441
0.050341
0.0499682
0.0496238
0.0493063
0.0490139
0.0487454
0.0484995
0.0482751
0.0480713
0.0478874
0.0477227
0.047577
0.0474499
0.0473416
0.0472523
0.0471829
0.0471342
0.0471077
0.961695
0.892193
0.829097
0.771742
0.719537
0.671956
0.628531
0.588843
0.552521
0.519232
0.488681
0.460602
0.434759
0.41094
0.388956
0.368636
0.349829
0.332396
0.316215
0.301175
0.287176
0.274128
0.26195
0.250568
0.239915
0.229932
0.220562
0.211757
0.20347
0.19566
0.188289
0.181322
0.174728
0.168476
0.162541
0.156897
0.151521
0.146393
0.141493
0.136805
0.132312
0.128
0.123856
0.11987
0.116032
0.112334
0.108769
0.105332
0.10202
0.0988292
0.0957586
0.0928069
0.089974
0.0872595
0.0846637
0.0821864
0.0798273
0.0775856
0.0754601
0.0734491
0.0715503
0.0697608
0.0680775
0.0664966
0.0650142
0.0636261
0.0623277
0.0611148
0.0599826
0.0589268
0.0579429
0.0570267
0.0561739
0.0553808
0.0546433
0.053958
0.0533214
0.0527303
0.0521818
0.051673
0.0512014
0.0507645
0.05036
0.049986
0.0496405
0.0493219
0.0490286
0.0487592
0.0485124
0.0482873
0.0480828
0.0478983
0.0477331
0.0475868
0.0474593
0.0473506
0.0472611
0.0471914
0.0471425
0.0471159
0.961695
0.892193
0.829096
0.771742
0.719537
0.671956
0.628531
0.588843
0.552521
0.519232
0.488681
0.460603
0.43476
0.410942
0.388958
0.368639
0.349831
0.332399
0.316219
0.301179
0.287181
0.274134
0.261957
0.250575
0.239924
0.229941
0.220573
0.211768
0.203483
0.195674
0.188304
0.181339
0.174746
0.168496
0.162563
0.156921
0.151547
0.146421
0.141524
0.136838
0.132348
0.128038
0.123898
0.119915
0.116079
0.112384
0.108822
0.105388
0.102078
0.0988898
0.0958211
0.0928712
0.0900395
0.087326
0.0847307
0.0822535
0.0798941
0.0776517
0.0755252
0.0735129
0.0716125
0.0698213
0.068136
0.0665529
0.0650683
0.0636778
0.0623771
0.0611617
0.0600272
0.058969
0.0579829
0.0570644
0.0562095
0.0554143
0.0546748
0.0539876
0.0533492
0.0527564
0.0522062
0.0516959
0.0512228
0.0507845
0.0503788
0.0500035
0.049657
0.0493373
0.049043
0.0487727
0.0485252
0.0482993
0.0480941
0.047909
0.0477432
0.0475965
0.0474685
0.0473595
0.0472696
0.0471997
0.0471507
0.047124
0.961695
0.892193
0.829096
0.771742
0.719537
0.671956
0.628531
0.588843
0.552521
0.519233
0.488682
0.460604
0.434761
0.410943
0.38896
0.368641
0.349834
0.332402
0.316223
0.301184
0.287186
0.27414
0.261963
0.250583
0.239932
0.22995
0.220583
0.21178
0.203495
0.195688
0.18832
0.181356
0.174764
0.168516
0.162584
0.156944
0.151573
0.146449
0.141554
0.136871
0.132383
0.128076
0.123938
0.119958
0.116126
0.112433
0.108874
0.105442
0.102135
0.098949
0.0958823
0.092934
0.0901036
0.087391
0.0847962
0.0823191
0.0799594
0.0777164
0.075589
0.0735754
0.0716735
0.0698805
0.0681932
0.0666081
0.0651212
0.0637285
0.0624255
0.0612078
0.060071
0.0590105
0.0580221
0.0571014
0.0562444
0.0554471
0.0547057
0.0540166
0.0533764
0.0527819
0.0522301
0.0517183
0.0512438
0.0508041
0.0503972
0.0500208
0.0496731
0.0493524
0.0490572
0.048786
0.0485377
0.048311
0.0481052
0.0479195
0.0477532
0.0476059
0.0474776
0.0473681
0.047278
0.0472078
0.0471587
0.0471319
0.961695
0.892192
0.829096
0.771741
0.719537
0.671956
0.62853
0.588843
0.552521
0.519233
0.488682
0.460604
0.434763
0.410945
0.388962
0.368643
0.349837
0.332406
0.316226
0.301188
0.287191
0.274146
0.26197
0.25059
0.23994
0.22996
0.220593
0.211791
0.203507
0.195701
0.188334
0.181372
0.174782
0.168536
0.162606
0.156967
0.151598
0.146476
0.141584
0.136903
0.132417
0.128113
0.123978
0.12
0.116171
0.112481
0.108924
0.105496
0.102191
0.0990067
0.0959419
0.0929952
0.0901661
0.0874544
0.0848601
0.0823831
0.0800232
0.0777796
0.0756512
0.0736364
0.0717329
0.0699382
0.0682491
0.0666619
0.065173
0.063778
0.0624727
0.0612528
0.0601137
0.059051
0.0580604
0.0571376
0.0562785
0.0554792
0.0547359
0.054045
0.053403
0.0528069
0.0522536
0.0517402
0.0512643
0.0508234
0.0504151
0.0500376
0.0496889
0.0493672
0.0490711
0.048799
0.0485499
0.0483226
0.0481161
0.0479297
0.0477629
0.0476152
0.0474864
0.0473766
0.0472862
0.0472158
0.0471664
0.0471395
0.961695
0.892192
0.829096
0.771741
0.719537
0.671956
0.62853
0.588843
0.552521
0.519233
0.488683
0.460605
0.434764
0.410946
0.388964
0.368645
0.349839
0.332409
0.31623
0.301192
0.287196
0.274151
0.261976
0.250597
0.239948
0.229968
0.220603
0.211802
0.203519
0.195714
0.188349
0.181388
0.174799
0.168554
0.162626
0.156989
0.151622
0.146502
0.141612
0.136933
0.132451
0.128149
0.124017
0.120042
0.116215
0.112528
0.108973
0.105547
0.102245
0.0990628
0.0959998
0.0930547
0.0902268
0.0875159
0.0849221
0.0824453
0.0800851
0.0778409
0.0757117
0.0736957
0.0717908
0.0699944
0.0683034
0.0667143
0.0652233
0.0638262
0.0625187
0.0612966
0.0601553
0.0590905
0.0580977
0.0571729
0.0563118
0.0555105
0.0547653
0.0540726
0.053429
0.0528312
0.0522764
0.0517616
0.0512843
0.0508421
0.0504327
0.050054
0.0497043
0.0493816
0.0490846
0.0488117
0.0485618
0.0483338
0.0481266
0.0479397
0.0477724
0.0476242
0.047495
0.0473849
0.0472941
0.0472235
0.047174
0.047147
0.961695
0.892192
0.829096
0.771741
0.719536
0.671956
0.62853
0.588843
0.552521
0.519233
0.488683
0.460606
0.434764
0.410947
0.388965
0.368647
0.349842
0.332412
0.316233
0.301196
0.287201
0.274156
0.261982
0.250604
0.239956
0.229977
0.220612
0.211812
0.203531
0.195727
0.188363
0.181403
0.174816
0.168573
0.162646
0.157011
0.151645
0.146528
0.14164
0.136963
0.132483
0.128184
0.124054
0.120081
0.116257
0.112573
0.109021
0.105597
0.102297
0.099117
0.0960559
0.0931123
0.0902855
0.0875755
0.0849822
0.0825055
0.0801451
0.0779004
0.0757703
0.0737531
0.0718469
0.0700489
0.0683562
0.0667652
0.0652721
0.063873
0.0625634
0.0613391
0.0601957
0.0591288
0.058134
0.0572071
0.0563441
0.0555409
0.0547939
0.0540995
0.0534542
0.0528549
0.0522985
0.0517824
0.0513038
0.0508603
0.0504497
0.05007
0.0497192
0.0493956
0.0490977
0.048824
0.0485734
0.0483446
0.0481369
0.0479494
0.0477815
0.0476329
0.0475033
0.0473928
0.0473018
0.047231
0.0471813
0.0471542
0.961695
0.892192
0.829096
0.771741
0.719536
0.671955
0.62853
0.588843
0.552521
0.519234
0.488684
0.460606
0.434765
0.410949
0.388967
0.368649
0.349844
0.332414
0.316237
0.3012
0.287205
0.274161
0.261988
0.25061
0.239963
0.229985
0.220621
0.211822
0.203542
0.195739
0.188376
0.181418
0.174832
0.16859
0.162665
0.157032
0.151668
0.146553
0.141667
0.136992
0.132514
0.128217
0.12409
0.12012
0.116298
0.112616
0.109067
0.105645
0.102347
0.0991694
0.09611
0.0931678
0.0903422
0.087633
0.0850402
0.0825637
0.0802031
0.0779578
0.0758269
0.0738087
0.0719011
0.0701016
0.0684072
0.0668143
0.0653194
0.0639182
0.0626066
0.0613803
0.0602348
0.0591658
0.058169
0.0572402
0.0563753
0.0555704
0.0548216
0.0541255
0.0534786
0.0528778
0.05232
0.0518025
0.0513226
0.0508779
0.0504662
0.0500854
0.0497336
0.0494092
0.0491104
0.0488359
0.0485846
0.0483552
0.0481468
0.0479588
0.0477904
0.0476413
0.0475114
0.0474006
0.0473093
0.0472382
0.0471884
0.0471612
0.961695
0.892192
0.829096
0.771741
0.719536
0.671955
0.62853
0.588843
0.552521
0.519234
0.488684
0.460607
0.434766
0.41095
0.388968
0.368651
0.349846
0.332417
0.31624
0.301204
0.287209
0.274166
0.261993
0.250617
0.23997
0.229993
0.22063
0.211832
0.203552
0.195751
0.188389
0.181432
0.174848
0.168607
0.162684
0.157052
0.15169
0.146576
0.141692
0.13702
0.132544
0.12825
0.124124
0.120157
0.116337
0.112658
0.109111
0.105692
0.102396
0.0992197
0.096162
0.0932212
0.0903967
0.0876884
0.085096
0.0826196
0.0802588
0.0780131
0.0758814
0.0738621
0.0719533
0.0701523
0.0684563
0.0668617
0.0653649
0.0639618
0.0626482
0.0614199
0.0602725
0.0592016
0.0582029
0.0572722
0.0564055
0.0555987
0.0548483
0.0541506
0.0535022
0.0528999
0.0523407
0.0518219
0.0513407
0.0508949
0.0504821
0.0501003
0.0497476
0.0494222
0.0491226
0.0488474
0.0485953
0.0483653
0.0481564
0.0479678
0.047799
0.0476495
0.0475191
0.047408
0.0473164
0.0472451
0.0471952
0.0471679
0.961695
0.892192
0.829096
0.771741
0.719536
0.671955
0.62853
0.588843
0.552521
0.519234
0.488684
0.460608
0.434767
0.410951
0.388969
0.368653
0.349849
0.33242
0.316243
0.301207
0.287213
0.274171
0.261998
0.250623
0.239977
0.23
0.220638
0.211841
0.203563
0.195762
0.188401
0.181445
0.174862
0.168623
0.162701
0.157071
0.151711
0.146599
0.141717
0.137047
0.132573
0.128281
0.124157
0.120192
0.116375
0.112698
0.109153
0.105736
0.102442
0.0992679
0.0962118
0.0932723
0.090449
0.0877414
0.0851495
0.0826732
0.0803123
0.0780661
0.0759336
0.0739134
0.0720033
0.070201
0.0685034
0.0669071
0.0654085
0.0640036
0.0626882
0.061458
0.0603087
0.0592359
0.0582353
0.0573029
0.0564344
0.055626
0.054874
0.0541747
0.0535248
0.0529211
0.0523606
0.0518405
0.0513582
0.0509112
0.0504974
0.0501146
0.049761
0.0494347
0.0491344
0.0488584
0.0486057
0.048375
0.0481655
0.0479764
0.0478072
0.0476573
0.0475266
0.0474151
0.0473233
0.0472518
0.0472017
0.0471743
0.961695
0.892192
0.829095
0.77174
0.719536
0.671955
0.62853
0.588843
0.552522
0.519234
0.488685
0.460608
0.434768
0.410952
0.388971
0.368655
0.349851
0.332422
0.316246
0.301211
0.287217
0.274175
0.262003
0.250628
0.239983
0.230007
0.220646
0.21185
0.203572
0.195773
0.188413
0.181458
0.174877
0.168639
0.162718
0.15709
0.151731
0.146621
0.14174
0.137072
0.1326
0.12831
0.124189
0.120226
0.116411
0.112736
0.109193
0.105778
0.102486
0.0993138
0.0962593
0.0933211
0.0904988
0.0877919
0.0852005
0.0827244
0.0803633
0.0781167
0.0759835
0.0739624
0.0720512
0.0702475
0.0685484
0.0669506
0.0654503
0.0640436
0.0627264
0.0614944
0.0603433
0.0592687
0.0582664
0.0573322
0.0564621
0.0556521
0.0548985
0.0541977
0.0535464
0.0529414
0.0523796
0.0518583
0.0513748
0.0509268
0.050512
0.0501283
0.0497737
0.0494467
0.0491456
0.0488689
0.0486156
0.0483843
0.0481743
0.0479847
0.047815
0.0476647
0.0475336
0.0474219
0.0473299
0.0472582
0.0472079
0.0471804
0.961695
0.892192
0.829095
0.77174
0.719536
0.671955
0.62853
0.588843
0.552522
0.519234
0.488685
0.460609
0.434768
0.410953
0.388972
0.368656
0.349852
0.332424
0.316248
0.301214
0.287221
0.274179
0.262008
0.250634
0.239989
0.230014
0.220653
0.211858
0.203582
0.195783
0.188424
0.18147
0.17489
0.168653
0.162734
0.157107
0.15175
0.146641
0.141763
0.137096
0.132626
0.128338
0.124219
0.120258
0.116445
0.112772
0.109232
0.105818
0.102528
0.0993575
0.0963044
0.0933675
0.0905461
0.08784
0.085249
0.082773
0.0804118
0.0781648
0.076031
0.0740089
0.0720967
0.0702918
0.0685913
0.0669919
0.06549
0.0640817
0.0627628
0.0615291
0.0603763
0.0593
0.058296
0.0573602
0.0564885
0.0556769
0.0549219
0.0542197
0.053567
0.0529607
0.0523977
0.0518753
0.0513907
0.0509417
0.0505259
0.0501413
0.0497859
0.0494581
0.0491563
0.048879
0.048625
0.0483932
0.0481826
0.0479926
0.0478224
0.0476718
0.0475404
0.0474284
0.0473361
0.0472642
0.0472138
0.0471863
0.961695
0.892192
0.829095
0.77174
0.719536
0.671955
0.62853
0.588843
0.552522
0.519235
0.488685
0.460609
0.434769
0.410954
0.388973
0.368657
0.349854
0.332426
0.316251
0.301217
0.287224
0.274183
0.262013
0.250639
0.239995
0.23002
0.220661
0.211866
0.20359
0.195793
0.188435
0.181482
0.174903
0.168667
0.162749
0.157124
0.151768
0.146661
0.141784
0.137119
0.132651
0.128364
0.124247
0.120288
0.116478
0.112806
0.109268
0.105856
0.102568
0.0993987
0.096347
0.0934113
0.0905909
0.0878855
0.0852949
0.082819
0.0804577
0.0782103
0.0760759
0.074053
0.0721397
0.0703336
0.0686319
0.0670311
0.0655277
0.0641178
0.0627973
0.061562
0.0604075
0.0593296
0.0583241
0.0573867
0.0565135
0.0557005
0.054944
0.0542405
0.0535866
0.052979
0.0524149
0.0518913
0.0514058
0.0509558
0.0505391
0.0501536
0.0497975
0.0494689
0.0491664
0.0488884
0.0486339
0.0484015
0.0481905
0.048
0.0478295
0.0476785
0.0475468
0.0474345
0.047342
0.0472699
0.0472194
0.0471918
0.961695
0.892192
0.829095
0.77174
0.719535
0.671955
0.62853
0.588843
0.552522
0.519235
0.488686
0.46061
0.43477
0.410955
0.388974
0.368659
0.349856
0.332428
0.316253
0.301219
0.287227
0.274187
0.262017
0.250643
0.24
0.230026
0.220667
0.211873
0.203598
0.195802
0.188445
0.181493
0.174915
0.16868
0.162763
0.157139
0.151785
0.146679
0.141803
0.13714
0.132674
0.128389
0.124274
0.120317
0.116508
0.112839
0.109302
0.105892
0.102605
0.0994375
0.0963871
0.0934525
0.090633
0.0879282
0.085338
0.0828623
0.0805009
0.0782532
0.0761182
0.0740945
0.0721803
0.0703731
0.0686701
0.067068
0.0655632
0.0641518
0.0628298
0.0615929
0.0604369
0.0593575
0.0583505
0.0574117
0.056537
0.0557227
0.0549649
0.0542601
0.053605
0.0529963
0.0524311
0.0519065
0.05142
0.050969
0.0505515
0.0501652
0.0498083
0.0494791
0.0491759
0.0488974
0.0486422
0.0484094
0.0481979
0.048007
0.0478361
0.0476847
0.0475528
0.0474403
0.0473475
0.0472753
0.0472247
0.047197
0.961695
0.892192
0.829095
0.77174
0.719535
0.671955
0.62853
0.588843
0.552522
0.519235
0.488686
0.46061
0.43477
0.410955
0.388975
0.36866
0.349857
0.33243
0.316255
0.301222
0.28723
0.27419
0.262021
0.250648
0.240005
0.230032
0.220673
0.21188
0.203606
0.19581
0.188454
0.181503
0.174926
0.168693
0.162777
0.157154
0.1518
0.146696
0.141822
0.13716
0.132695
0.128412
0.124299
0.120344
0.116536
0.112869
0.109334
0.105926
0.10264
0.0994738
0.0964246
0.0934911
0.0906724
0.0879682
0.0853784
0.0829029
0.0805413
0.0782933
0.0761578
0.0741334
0.0722183
0.0704101
0.0687059
0.0671025
0.0655964
0.0641836
0.0628602
0.061622
0.0604645
0.0593837
0.0583753
0.0574351
0.0565591
0.0557435
0.0549845
0.0542785
0.0536222
0.0530125
0.0524462
0.0519207
0.0514332
0.0509815
0.0505631
0.0501761
0.0498185
0.0494886
0.0491848
0.0489057
0.0486501
0.0484167
0.0482048
0.0480135
0.0478423
0.0476906
0.0475584
0.0474456
0.0473527
0.0472804
0.0472296
0.0472018
0.961695
0.892192
0.829095
0.77174
0.719535
0.671955
0.628529
0.588843
0.552522
0.519235
0.488686
0.46061
0.434771
0.410956
0.388976
0.368661
0.349859
0.332432
0.316257
0.301224
0.287233
0.274194
0.262024
0.250652
0.240009
0.230037
0.220679
0.211886
0.203613
0.195818
0.188462
0.181513
0.174936
0.168704
0.162789
0.157167
0.151815
0.146712
0.141839
0.137179
0.132715
0.128434
0.124322
0.120368
0.116563
0.112897
0.109363
0.105957
0.102672
0.0995075
0.0964595
0.0935269
0.090709
0.0880054
0.0854159
0.0829405
0.0805789
0.0783306
0.0761946
0.0741696
0.0722536
0.0704444
0.0687392
0.0671347
0.0656273
0.0642133
0.0628886
0.061649
0.0604902
0.0594081
0.0583983
0.0574569
0.0565797
0.0557629
0.0550027
0.0542956
0.0536383
0.0530275
0.0524603
0.0519339
0.0514456
0.050993
0.0505739
0.0501862
0.0498279
0.0494974
0.0491931
0.0489135
0.0486573
0.0484236
0.0482113
0.0480196
0.047848
0.0476961
0.0475636
0.0474506
0.0473575
0.047285
0.0472341
0.0472063
0.961695
0.892192
0.829095
0.77174
0.719535
0.671954
0.628529
0.588843
0.552522
0.519235
0.488686
0.460611
0.434771
0.410957
0.388977
0.368662
0.34986
0.332433
0.316259
0.301227
0.287236
0.274196
0.262028
0.250656
0.240014
0.230042
0.220684
0.211892
0.20362
0.195825
0.18847
0.181521
0.174946
0.168714
0.1628
0.157179
0.151828
0.146727
0.141855
0.137196
0.132734
0.128454
0.124343
0.120391
0.116587
0.112922
0.10939
0.105985
0.102702
0.0995386
0.0964916
0.0935599
0.0907427
0.0880397
0.0854505
0.0829753
0.0806136
0.078365
0.0762286
0.0742029
0.0722862
0.0704762
0.06877
0.0671644
0.0656559
0.0642407
0.0629147
0.0616739
0.0605139
0.0594306
0.0584196
0.057477
0.0565987
0.0557807
0.0550195
0.0543114
0.0536531
0.0530414
0.0524733
0.0519461
0.051457
0.0510037
0.0505839
0.0501955
0.0498366
0.0495056
0.0492007
0.0489206
0.048664
0.0484299
0.0482172
0.0480252
0.0478533
0.0477011
0.0475684
0.0474552
0.047362
0.0472893
0.0472383
0.0472104
0.961695
0.892191
0.829095
0.77174
0.719535
0.671954
0.628529
0.588843
0.552522
0.519235
0.488687
0.460611
0.434772
0.410957
0.388978
0.368663
0.349861
0.332435
0.316261
0.301229
0.287238
0.274199
0.262031
0.250659
0.240018
0.230046
0.220689
0.211898
0.203626
0.195832
0.188478
0.181529
0.174954
0.168724
0.162811
0.157191
0.151841
0.14674
0.14187
0.137212
0.132751
0.128472
0.124363
0.120412
0.116609
0.112946
0.109415
0.106011
0.10273
0.0995669
0.0965209
0.0935901
0.0907736
0.088071
0.0854822
0.083007
0.0806453
0.0783965
0.0762596
0.0742334
0.0723161
0.0705052
0.0687981
0.0671915
0.065682
0.0642657
0.0629387
0.0616967
0.0605356
0.0594512
0.0584391
0.0574954
0.056616
0.0557971
0.0550349
0.0543259
0.0536667
0.0530541
0.0524853
0.0519572
0.0514674
0.0510134
0.050593
0.050204
0.0498446
0.049513
0.0492076
0.0489271
0.0486701
0.0484356
0.0482226
0.0480303
0.0478581
0.0477057
0.0475727
0.0474594
0.047366
0.0472932
0.0472421
0.0472142
0.961695
0.892191
0.829095
0.77174
0.719535
0.671954
0.628529
0.588843
0.552522
0.519235
0.488687
0.460611
0.434772
0.410958
0.388978
0.368664
0.349862
0.332436
0.316262
0.30123
0.28724
0.274202
0.262033
0.250662
0.240021
0.23005
0.220694
0.211902
0.203631
0.195837
0.188484
0.181536
0.174962
0.168732
0.16282
0.157201
0.151852
0.146752
0.141883
0.137226
0.132766
0.128489
0.124381
0.120431
0.116629
0.112967
0.109438
0.106035
0.102754
0.0995926
0.0965475
0.0936174
0.0908015
0.0880993
0.0855108
0.0830358
0.080674
0.0784249
0.0762877
0.0742611
0.0723431
0.0705315
0.0688236
0.0672161
0.0657057
0.0642884
0.0629604
0.0617174
0.0605553
0.0594698
0.0584568
0.0575121
0.0566318
0.0558119
0.0550488
0.054339
0.053679
0.0530656
0.052496
0.0519673
0.0514768
0.0510222
0.0506012
0.0502117
0.0498518
0.0495197
0.0492139
0.048933
0.0486756
0.0484407
0.0482274
0.0480349
0.0478624
0.0477098
0.0475767
0.0474631
0.0473696
0.0472967
0.0472456
0.0472175
0.961695
0.892191
0.829095
0.77174
0.719535
0.671954
0.628529
0.588843
0.552522
0.519236
0.488687
0.460612
0.434773
0.410958
0.388979
0.368665
0.349863
0.332437
0.316264
0.301232
0.287242
0.274204
0.262036
0.250665
0.240024
0.230053
0.220698
0.211907
0.203636
0.195843
0.18849
0.181543
0.174969
0.16874
0.162829
0.15721
0.151862
0.146763
0.141894
0.137239
0.13278
0.128503
0.124396
0.120448
0.116647
0.112986
0.109458
0.106056
0.102776
0.0996155
0.0965712
0.0936417
0.0908264
0.0881246
0.0855363
0.0830614
0.0806996
0.0784504
0.0763129
0.0742857
0.0723672
0.070555
0.0688463
0.0672381
0.0657268
0.0643087
0.0629797
0.0617359
0.0605729
0.0594865
0.0584725
0.057527
0.0566458
0.0558251
0.0550613
0.0543506
0.0536899
0.0530759
0.0525056
0.0519763
0.0514852
0.0510301
0.0506085
0.0502185
0.0498582
0.0495257
0.0492195
0.0489382
0.0486805
0.0484453
0.0482317
0.0480389
0.0478663
0.0477134
0.0475801
0.0474665
0.0473728
0.0472999
0.0472486
0.0472205
0.961695
0.892191
0.829095
0.77174
0.719535
0.671954
0.628529
0.588843
0.552522
0.519236
0.488687
0.460612
0.434773
0.410959
0.38898
0.368666
0.349864
0.332438
0.316265
0.301233
0.287244
0.274206
0.262038
0.250667
0.240027
0.230056
0.220701
0.211911
0.20364
0.195847
0.188495
0.181548
0.174975
0.168747
0.162836
0.157218
0.151871
0.146772
0.141905
0.13725
0.132792
0.128516
0.12441
0.120462
0.116663
0.113003
0.109475
0.106074
0.102796
0.0996356
0.096592
0.0936631
0.0908482
0.0881468
0.0855588
0.083084
0.0807221
0.0784727
0.0763349
0.0743074
0.0723884
0.0705756
0.0688663
0.0672574
0.0657454
0.0643265
0.0629968
0.0617521
0.0605883
0.0595011
0.0584864
0.0575401
0.0566582
0.0558368
0.0550722
0.0543609
0.0536995
0.0530849
0.0525141
0.0519842
0.0514926
0.051037
0.050615
0.0502245
0.0498638
0.0495309
0.0492244
0.0489427
0.0486848
0.0484493
0.0482355
0.0480424
0.0478696
0.0477166
0.0475832
0.0474694
0.0473756
0.0473026
0.0472513
0.0472231
0.961695
0.892191
0.829095
0.771739
0.719535
0.671954
0.628529
0.588843
0.552522
0.519236
0.488687
0.460612
0.434773
0.410959
0.38898
0.368666
0.349865
0.332439
0.316266
0.301235
0.287245
0.274207
0.26204
0.250669
0.240029
0.230059
0.220704
0.211914
0.203644
0.195851
0.1885
0.181553
0.174981
0.168753
0.162842
0.157225
0.151878
0.146781
0.141913
0.137259
0.132802
0.128527
0.124422
0.120475
0.116676
0.113017
0.10949
0.10609
0.102812
0.0996529
0.0966099
0.0936815
0.090867
0.088166
0.0855781
0.0831033
0.0807415
0.0784919
0.0763539
0.0743261
0.0724066
0.0705934
0.0688835
0.067274
0.0657614
0.0643418
0.0630114
0.0617661
0.0606016
0.0595137
0.0584983
0.0575513
0.0566688
0.0558468
0.0550816
0.0543697
0.0537078
0.0530926
0.0525213
0.0519909
0.0514989
0.0510428
0.0506204
0.0502296
0.0498685
0.0495354
0.0492285
0.0489466
0.0486884
0.0484527
0.0482387
0.0480454
0.0478725
0.0477193
0.0475857
0.0474718
0.047378
0.0473049
0.0472535
0.0472253
0.961695
0.892191
0.829095
0.771739
0.719535
0.671954
0.628529
0.588843
0.552522
0.519236
0.488687
0.460612
0.434773
0.410959
0.388981
0.368667
0.349866
0.33244
0.316267
0.301236
0.287246
0.274209
0.262041
0.250671
0.240031
0.230061
0.220706
0.211917
0.203647
0.195855
0.188503
0.181557
0.174985
0.168758
0.162848
0.157231
0.151884
0.146787
0.141921
0.137267
0.13281
0.128536
0.124432
0.120486
0.116687
0.113029
0.109503
0.106104
0.102826
0.0996674
0.0966248
0.0936969
0.0908828
0.0881819
0.0855942
0.0831196
0.0807576
0.078508
0.0763698
0.0743417
0.0724219
0.0706082
0.0688979
0.0672879
0.0657747
0.0643546
0.0630237
0.0617777
0.0606127
0.0595242
0.0585083
0.0575607
0.0566776
0.0558551
0.0550894
0.0543771
0.0537147
0.0530991
0.0525273
0.0519965
0.0515042
0.0510477
0.050625
0.0502339
0.0498725
0.049539
0.049232
0.0489498
0.0486914
0.0484555
0.0482413
0.0480479
0.0478748
0.0477215
0.0475878
0.0474738
0.0473799
0.0473067
0.0472553
0.0472271
0.961695
0.892191
0.829095
0.771739
0.719535
0.671954
0.628529
0.588843
0.552522
0.519236
0.488687
0.460612
0.434774
0.41096
0.388981
0.368667
0.349866
0.332441
0.316268
0.301236
0.287247
0.27421
0.262043
0.250673
0.240033
0.230063
0.220708
0.211919
0.203649
0.195857
0.188506
0.181561
0.174989
0.168761
0.162852
0.157235
0.151889
0.146793
0.141927
0.137274
0.132817
0.128544
0.12444
0.120494
0.116697
0.113039
0.109513
0.106114
0.102837
0.099679
0.0966368
0.0937092
0.0908954
0.0881948
0.0856072
0.0831326
0.0807706
0.0785209
0.0763825
0.0743542
0.0724341
0.0706201
0.0689095
0.0672991
0.0657855
0.0643649
0.0630335
0.0617871
0.0606215
0.0595326
0.0585162
0.0575683
0.0566847
0.0558618
0.0550957
0.0543829
0.0537202
0.0531042
0.0525321
0.052001
0.0515083
0.0510516
0.0506286
0.0502373
0.0498756
0.0495419
0.0492347
0.0489523
0.0486937
0.0484577
0.0482433
0.0480498
0.0478766
0.0477232
0.0475894
0.0474754
0.0473814
0.0473082
0.0472567
0.0472284
0.961695
0.892191
0.829095
0.771739
0.719535
0.671954
0.628529
0.588843
0.552522
0.519236
0.488688
0.460612
0.434774
0.41096
0.388981
0.368667
0.349866
0.332441
0.316268
0.301237
0.287248
0.27421
0.262044
0.250674
0.240034
0.230064
0.22071
0.21192
0.203651
0.195859
0.188508
0.181563
0.174991
0.168764
0.162855
0.157239
0.151893
0.146797
0.141931
0.137278
0.132823
0.128549
0.124446
0.1205
0.116703
0.113046
0.109521
0.106122
0.102846
0.0996877
0.0966458
0.0937185
0.0909049
0.0882044
0.0856169
0.0831424
0.0807804
0.0785306
0.0763921
0.0743636
0.0724433
0.0706291
0.0689182
0.0673074
0.0657935
0.0643726
0.0630409
0.0617941
0.0606282
0.059539
0.0585222
0.0575739
0.05669
0.0558667
0.0551003
0.0543873
0.0537242
0.053108
0.0525357
0.0520043
0.0515114
0.0510545
0.0506313
0.0502397
0.0498779
0.0495441
0.0492366
0.0489542
0.0486954
0.0484593
0.0482448
0.0480512
0.0478778
0.0477244
0.0475906
0.0474765
0.0473824
0.0473092
0.0472577
0.0472294
0.961695
0.892191
0.829094
0.771739
0.719535
0.671954
0.628529
0.588843
0.552522
0.519236
0.488688
0.460612
0.434774
0.41096
0.388981
0.368668
0.349867
0.332441
0.316268
0.301237
0.287248
0.274211
0.262044
0.250674
0.240035
0.230065
0.220711
0.211922
0.203652
0.195861
0.18851
0.181565
0.174993
0.168766
0.162857
0.157241
0.151896
0.1468
0.141934
0.137282
0.132826
0.128553
0.12445
0.120505
0.116708
0.113051
0.109526
0.106128
0.102851
0.0996935
0.0966519
0.0937247
0.0909112
0.0882109
0.0856235
0.0831489
0.080787
0.0785371
0.0763985
0.0743699
0.0724495
0.0706351
0.068924
0.067313
0.0657989
0.0643778
0.0630458
0.0617988
0.0606327
0.0595432
0.0585262
0.0575776
0.0566935
0.05587
0.0551034
0.0543902
0.0537269
0.0531105
0.052538
0.0520065
0.0515134
0.0510563
0.050633
0.0502413
0.0498793
0.0495454
0.0492378
0.0489553
0.0486964
0.0484602
0.0482457
0.048052
0.0478786
0.0477251
0.0475912
0.0474771
0.047383
0.0473097
0.0472582
0.0472299
0.961695
0.892191
0.829094
0.771739
0.719535
0.671954
0.628529
0.588843
0.552522
0.519236
0.488688
0.460612
0.434774
0.41096
0.388981
0.368668
0.349867
0.332441
0.316269
0.301238
0.287248
0.274211
0.262044
0.250675
0.240035
0.230066
0.220711
0.211922
0.203653
0.195861
0.188511
0.181565
0.174994
0.168767
0.162858
0.157242
0.151897
0.146801
0.141936
0.137283
0.132828
0.128555
0.124452
0.120507
0.11671
0.113053
0.109528
0.10613
0.102854
0.0996965
0.0966549
0.0937279
0.0909144
0.0882141
0.0856268
0.0831522
0.0807903
0.0785404
0.0764018
0.0743731
0.0724526
0.0706381
0.0689269
0.0673158
0.0658016
0.0643803
0.0630482
0.0618011
0.0606348
0.0595452
0.0585281
0.0575794
0.0566952
0.0558716
0.0551049
0.0543915
0.0537282
0.0531117
0.052539
0.0520074
0.0515143
0.0510571
0.0506337
0.0502419
0.0498799
0.0495459
0.0492383
0.0489557
0.0486968
0.0484606
0.048246
0.0480522
0.0478788
0.0477253
0.0475914
0.0474772
0.0473831
0.0473099
0.0472584
0.04723
0.961695
0.892191
0.829094
0.771739
0.719535
0.671954
0.628529
0.588843
0.552522
0.519236
0.488688
0.460612
0.434774
0.41096
0.388981
0.368668
0.349867
0.332441
0.316269
0.301238
0.287248
0.274211
0.262044
0.250675
0.240035
0.230066
0.220711
0.211922
0.203653
0.195861
0.188511
0.181565
0.174994
0.168767
0.162858
0.157242
0.151897
0.146801
0.141936
0.137283
0.132828
0.128555
0.124452
0.120507
0.11671
0.113053
0.109528
0.10613
0.102854
0.0996965
0.096655
0.0937279
0.0909145
0.0882142
0.0856268
0.0831523
0.0807903
0.0785404
0.0764018
0.0743731
0.0724526
0.0706381
0.0689269
0.0673159
0.0658016
0.0643803
0.0630482
0.0618011
0.0606348
0.0595452
0.058528
0.0575794
0.0566951
0.0558715
0.0551047
0.0543914
0.053728
0.0531115
0.0525388
0.0520072
0.0515141
0.0510569
0.0506335
0.0502417
0.0498797
0.0495457
0.049238
0.0489554
0.0486965
0.0484603
0.0482457
0.0480519
0.0478785
0.0477249
0.0475911
0.0474769
0.0473828
0.0473095
0.047258
0.0472297
0.961695
0.892191
0.829095
0.771739
0.719535
0.671954
0.628529
0.588843
0.552522
0.519236
0.488688
0.460612
0.434774
0.41096
0.388981
0.368668
0.349867
0.332441
0.316268
0.301237
0.287248
0.274211
0.262044
0.250674
0.240035
0.230065
0.220711
0.211922
0.203652
0.195861
0.18851
0.181565
0.174993
0.168766
0.162857
0.157241
0.151896
0.1468
0.141934
0.137282
0.132826
0.128553
0.12445
0.120505
0.116708
0.113051
0.109526
0.106128
0.102851
0.0996937
0.096652
0.0937249
0.0909114
0.088211
0.0856236
0.0831491
0.0807871
0.0785373
0.0763987
0.07437
0.0724496
0.0706352
0.068924
0.0673131
0.0657989
0.0643777
0.0630457
0.0617987
0.0606325
0.059543
0.0585259
0.0575774
0.0566932
0.0558697
0.055103
0.0543897
0.0537264
0.05311
0.0525374
0.0520059
0.0515128
0.0510556
0.0506323
0.0502406
0.0498786
0.0495446
0.049237
0.0489545
0.0486956
0.0484593
0.0482448
0.0480511
0.0478777
0.0477241
0.0475903
0.0474761
0.047382
0.0473088
0.0472573
0.0472289
0.961695
0.892191
0.829095
0.771739
0.719535
0.671954
0.628529
0.588843
0.552522
0.519236
0.488688
0.460612
0.434774
0.41096
0.388981
0.368667
0.349866
0.332441
0.316268
0.301237
0.287248
0.27421
0.262044
0.250674
0.240034
0.230064
0.22071
0.21192
0.203651
0.195859
0.188508
0.181563
0.174991
0.168764
0.162855
0.157239
0.151893
0.146797
0.141931
0.137278
0.132823
0.128549
0.124446
0.120501
0.116703
0.113046
0.109521
0.106122
0.102846
0.0996879
0.0966461
0.0937188
0.0909052
0.0882047
0.0856172
0.0831427
0.0807807
0.0785309
0.0763924
0.0743638
0.0724435
0.0706292
0.0689183
0.0673075
0.0657935
0.0643726
0.0630407
0.0617939
0.060628
0.0595386
0.0585218
0.0575734
0.0566895
0.0558661
0.0550997
0.0543866
0.0537234
0.0531072
0.0525347
0.0520033
0.0515103
0.0510534
0.0506301
0.0502385
0.0498766
0.0495427
0.0492353
0.0489528
0.048694
0.0484578
0.0482433
0.0480497
0.0478763
0.0477228
0.047589
0.0474749
0.0473808
0.0473076
0.0472561
0.0472278
0.961695
0.892191
0.829095
0.771739
0.719535
0.671954
0.628529
0.588843
0.552522
0.519236
0.488687
0.460612
0.434774
0.41096
0.388981
0.368667
0.349866
0.332441
0.316268
0.301236
0.287247
0.27421
0.262043
0.250673
0.240033
0.230063
0.220708
0.211919
0.203649
0.195857
0.188506
0.181561
0.174989
0.168761
0.162852
0.157235
0.151889
0.146793
0.141927
0.137274
0.132818
0.128544
0.12444
0.120494
0.116697
0.113039
0.109513
0.106114
0.102838
0.0996793
0.0966372
0.0937096
0.0908958
0.0881952
0.0856076
0.083133
0.080771
0.0785213
0.0763829
0.0743545
0.0724344
0.0706203
0.0689096
0.0672991
0.0657854
0.0643648
0.0630333
0.0617868
0.0606212
0.0595322
0.0585157
0.0575676
0.056684
0.0558609
0.0550947
0.0543819
0.053719
0.053103
0.0525308
0.0519996
0.0515068
0.0510501
0.050627
0.0502356
0.0498738
0.0495401
0.0492328
0.0489504
0.0486917
0.0484557
0.0482412
0.0480477
0.0478744
0.047721
0.0475872
0.0474731
0.0473791
0.0473059
0.0472545
0.0472262
0.961695
0.892191
0.829095
0.771739
0.719535
0.671954
0.628529
0.588843
0.552522
0.519236
0.488687
0.460612
0.434773
0.410959
0.388981
0.368667
0.349866
0.33244
0.316267
0.301236
0.287246
0.274209
0.262041
0.250671
0.240031
0.230061
0.220706
0.211917
0.203647
0.195855
0.188503
0.181557
0.174985
0.168758
0.162848
0.157231
0.151884
0.146788
0.141921
0.137267
0.132811
0.128537
0.124432
0.120486
0.116688
0.113029
0.109503
0.106104
0.102827
0.0996678
0.0966253
0.0936974
0.0908833
0.0881825
0.0855948
0.0831201
0.0807582
0.0785085
0.0763702
0.0743421
0.0724222
0.0706085
0.0688981
0.067288
0.0657747
0.0643545
0.0630234
0.0617774
0.0606122
0.0595236
0.0585076
0.0575599
0.0566767
0.055854
0.0550882
0.0543757
0.0537132
0.0530975
0.0525256
0.0519947
0.0515023
0.0510457
0.0506229
0.0502317
0.0498702
0.0495367
0.0492295
0.0489473
0.0486888
0.0484529
0.0482386
0.0480452
0.047872
0.0477186
0.0475849
0.0474709
0.047377
0.0473038
0.0472524
0.0472242
0.961695
0.892191
0.829095
0.771739
0.719535
0.671954
0.628529
0.588843
0.552522
0.519236
0.488687
0.460612
0.434773
0.410959
0.38898
0.368666
0.349865
0.332439
0.316266
0.301235
0.287245
0.274207
0.26204
0.250669
0.240029
0.230059
0.220704
0.211914
0.203644
0.195851
0.1885
0.181553
0.174981
0.168753
0.162842
0.157225
0.151878
0.146781
0.141914
0.137259
0.132802
0.128527
0.124422
0.120475
0.116677
0.113017
0.109491
0.106091
0.102813
0.0996535
0.0966105
0.0936822
0.0908677
0.0881666
0.0855788
0.083104
0.0807421
0.0784925
0.0763545
0.0743266
0.072407
0.0705937
0.0688837
0.0672741
0.0657613
0.0643417
0.0630111
0.0617656
0.060601
0.059513
0.0584974
0.0575503
0.0566676
0.0558454
0.0550801
0.0543681
0.053706
0.0530907
0.0525192
0.0519887
0.0514966
0.0510404
0.0506179
0.050227
0.0498657
0.0495325
0.0492255
0.0489435
0.0486852
0.0484495
0.0482354
0.0480421
0.047869
0.0477158
0.0475822
0.0474683
0.0473744
0.0473013
0.0472499
0.0472217
0.961695
0.892191
0.829095
0.77174
0.719535
0.671954
0.628529
0.588843
0.552522
0.519236
0.488687
0.460612
0.434773
0.410959
0.38898
0.368666
0.349864
0.332438
0.316265
0.301233
0.287244
0.274206
0.262038
0.250667
0.240027
0.230056
0.220701
0.211911
0.20364
0.195847
0.188495
0.181548
0.174975
0.168747
0.162836
0.157218
0.151871
0.146773
0.141905
0.13725
0.132792
0.128516
0.12441
0.120463
0.116663
0.113003
0.109476
0.106075
0.102796
0.0996363
0.0965927
0.0936639
0.090849
0.0881476
0.0855596
0.0830847
0.0807228
0.0784734
0.0763356
0.074308
0.0723889
0.070576
0.0688666
0.0672575
0.0657454
0.0643263
0.0629964
0.0617516
0.0605876
0.0595002
0.0584854
0.0575389
0.0566568
0.0558352
0.0550704
0.054359
0.0536974
0.0530826
0.0525116
0.0519815
0.0514898
0.051034
0.0506119
0.0502213
0.0498604
0.0495275
0.0492208
0.0489391
0.048681
0.0484455
0.0482316
0.0480385
0.0478656
0.0477125
0.047579
0.0474652
0.0473714
0.0472983
0.047247
0.0472189
0.961695
0.892191
0.829095
0.77174
0.719535
0.671954
0.628529
0.588843
0.552522
0.519236
0.488687
0.460612
0.434773
0.410958
0.388979
0.368665
0.349863
0.332437
0.316264
0.301232
0.287242
0.274204
0.262036
0.250665
0.240024
0.230053
0.220698
0.211907
0.203636
0.195843
0.18849
0.181543
0.174969
0.16874
0.162829
0.15721
0.151862
0.146763
0.141895
0.137239
0.13278
0.128504
0.124397
0.120448
0.116647
0.112987
0.109458
0.106057
0.102777
0.0996163
0.096572
0.0936426
0.0908273
0.0881255
0.0855373
0.0830623
0.0807005
0.0784512
0.0763136
0.0742864
0.0723678
0.0705554
0.0688466
0.0672382
0.0657268
0.0643085
0.0629793
0.0617353
0.0605721
0.0594855
0.0584713
0.0575256
0.0566442
0.0558233
0.0550592
0.0543484
0.0536875
0.0530733
0.0525028
0.0519733
0.051482
0.0510267
0.050605
0.0502148
0.0498543
0.0495217
0.0492154
0.048934
0.0486762
0.0484409
0.0482272
0.0480343
0.0478616
0.0477087
0.0475753
0.0474616
0.0473679
0.047295
0.0472437
0.0472156
0.961695
0.892191
0.829095
0.77174
0.719535
0.671954
0.628529
0.588843
0.552522
0.519235
0.488687
0.460611
0.434772
0.410958
0.388978
0.368664
0.349862
0.332436
0.316262
0.30123
0.28724
0.274202
0.262033
0.250662
0.240021
0.23005
0.220694
0.211902
0.203631
0.195837
0.188484
0.181536
0.174962
0.168733
0.16282
0.157201
0.151852
0.146752
0.141883
0.137226
0.132766
0.128489
0.124381
0.120431
0.11663
0.112968
0.109438
0.106036
0.102755
0.0995935
0.0965484
0.0936184
0.0908025
0.0881004
0.0855118
0.0830368
0.080675
0.0784259
0.0762886
0.0742618
0.0723437
0.070532
0.0688239
0.0672163
0.0657056
0.0642882
0.0629599
0.0617167
0.0605544
0.0594687
0.0584554
0.0575105
0.0566299
0.0558098
0.0550465
0.0543364
0.0536762
0.0530626
0.0524928
0.0519638
0.0514732
0.0510184
0.0505972
0.0502075
0.0498474
0.0495152
0.0492092
0.0489282
0.0486707
0.0484357
0.0482223
0.0480296
0.0478571
0.0477044
0.0475712
0.0474576
0.047364
0.0472912
0.04724
0.0472119
0.961695
0.892191
0.829095
0.77174
0.719535
0.671954
0.628529
0.588843
0.552522
0.519235
0.488687
0.460611
0.434772
0.410957
0.388978
0.368663
0.349861
0.332435
0.316261
0.301229
0.287238
0.274199
0.262031
0.250659
0.240018
0.230046
0.220689
0.211898
0.203626
0.195832
0.188478
0.181529
0.174954
0.168724
0.162811
0.157191
0.151841
0.14674
0.14187
0.137212
0.132751
0.128473
0.124363
0.120412
0.11661
0.112947
0.109416
0.106012
0.102731
0.099568
0.096522
0.0935912
0.0907747
0.0880722
0.0854833
0.0830082
0.0806464
0.0783975
0.0762606
0.0742343
0.0723168
0.0705058
0.0687985
0.0671917
0.065682
0.0642654
0.0629382
0.061696
0.0605346
0.0594499
0.0584376
0.0574936
0.0566139
0.0557947
0.0550323
0.054323
0.0536635
0.0530507
0.0524816
0.0519533
0.0514633
0.0510091
0.0505885
0.0501993
0.0498397
0.0495079
0.0492024
0.0489217
0.0486646
0.0484299
0.0482168
0.0480244
0.0478521
0.0476996
0.0475666
0.0474532
0.0473597
0.047287
0.0472359
0.0472079
0.961695
0.892192
0.829095
0.77174
0.719535
0.671954
0.628529
0.588843
0.552522
0.519235
0.488686
0.460611
0.434771
0.410957
0.388977
0.368662
0.34986
0.332433
0.316259
0.301227
0.287236
0.274196
0.262028
0.250656
0.240014
0.230042
0.220684
0.211892
0.20362
0.195825
0.18847
0.181521
0.174946
0.168714
0.162801
0.15718
0.151829
0.146727
0.141855
0.137196
0.132734
0.128454
0.124344
0.120392
0.116588
0.112923
0.109391
0.105986
0.102703
0.0995397
0.0964928
0.0935612
0.090744
0.088041
0.0854518
0.0829765
0.0806148
0.0783661
0.0762296
0.0742039
0.072287
0.0704768
0.0687704
0.0671645
0.0656558
0.0642404
0.0629142
0.0616731
0.0605128
0.0594291
0.0584179
0.057475
0.0565963
0.0557781
0.0550166
0.0543082
0.0536496
0.0530376
0.0524693
0.0519418
0.0514524
0.0509989
0.0505788
0.0501902
0.0498312
0.0494999
0.0491948
0.0489146
0.0486578
0.0484235
0.0482107
0.0480186
0.0478466
0.0476943
0.0475615
0.0474483
0.047355
0.0472823
0.0472313
0.0472034
0.961695
0.892192
0.829095
0.77174
0.719535
0.671955
0.628529
0.588843
0.552522
0.519235
0.488686
0.46061
0.434771
0.410956
0.388976
0.368661
0.349859
0.332432
0.316257
0.301224
0.287233
0.274194
0.262024
0.250652
0.240009
0.230037
0.220679
0.211886
0.203613
0.195818
0.188463
0.181513
0.174936
0.168704
0.162789
0.157167
0.151815
0.146712
0.14184
0.137179
0.132716
0.128435
0.124323
0.120369
0.116563
0.112897
0.109364
0.105958
0.102674
0.0995088
0.0964608
0.0935283
0.0907104
0.0880068
0.0854174
0.0829419
0.0805803
0.0783319
0.0761957
0.0741706
0.0722545
0.0704451
0.0687396
0.0671349
0.0656272
0.0642129
0.0628879
0.061648
0.060489
0.0594065
0.0583964
0.0574546
0.0565771
0.0557599
0.0549994
0.0542921
0.0536344
0.0530233
0.0524558
0.0519291
0.0514406
0.0509877
0.0505684
0.0501804
0.0498219
0.0494912
0.0491866
0.0489068
0.0486505
0.0484166
0.0482042
0.0480124
0.0478407
0.0476886
0.0475561
0.047443
0.0473499
0.0472773
0.0472264
0.0471986
0.961695
0.892192
0.829095
0.77174
0.719535
0.671955
0.62853
0.588843
0.552522
0.519235
0.488686
0.46061
0.43477
0.410955
0.388975
0.36866
0.349857
0.33243
0.316255
0.301222
0.28723
0.27419
0.262021
0.250648
0.240005
0.230032
0.220673
0.21188
0.203606
0.19581
0.188454
0.181503
0.174926
0.168693
0.162777
0.157154
0.151801
0.146697
0.141822
0.137161
0.132696
0.128413
0.1243
0.120344
0.116537
0.11287
0.109335
0.105927
0.102641
0.0994752
0.0964261
0.0934926
0.090674
0.0879698
0.08538
0.0829044
0.0805428
0.0782947
0.076159
0.0741345
0.0722192
0.0704108
0.0687064
0.0671027
0.0655963
0.0641833
0.0628595
0.0616209
0.0604631
0.059382
0.0583732
0.0574326
0.0565563
0.0557403
0.0549809
0.0542746
0.053618
0.0530079
0.0524413
0.0519155
0.0514277
0.0509757
0.050557
0.0501697
0.0498119
0.0494818
0.0491777
0.0488985
0.0486426
0.0484091
0.0481971
0.0480056
0.0478342
0.0476825
0.0475501
0.0474373
0.0473443
0.0472719
0.0472211
0.0471934
0.961695
0.892192
0.829095
0.77174
0.719535
0.671955
0.62853
0.588843
0.552522
0.519235
0.488686
0.46061
0.43477
0.410955
0.388974
0.368659
0.349856
0.332428
0.316253
0.301219
0.287227
0.274187
0.262017
0.250643
0.24
0.230026
0.220667
0.211873
0.203598
0.195802
0.188445
0.181493
0.174915
0.16868
0.162764
0.157139
0.151785
0.146679
0.141804
0.137141
0.132674
0.12839
0.124275
0.120318
0.116509
0.11284
0.109303
0.105893
0.102607
0.099439
0.0963887
0.0934542
0.0906347
0.0879299
0.0853397
0.082864
0.0805025
0.0782547
0.0761196
0.0740957
0.0721813
0.0703739
0.0686706
0.0670682
0.0655631
0.0641514
0.062829
0.0615918
0.0604354
0.0593556
0.0583482
0.057409
0.0565339
0.0557192
0.054961
0.0542559
0.0536003
0.0529913
0.0524257
0.0519008
0.0514139
0.0509627
0.0505449
0.0501583
0.0498011
0.0494716
0.0491682
0.0488895
0.0486341
0.0484011
0.0481895
0.0479984
0.0478273
0.0476759
0.0475438
0.0474312
0.0473384
0.0472662
0.0472155
0.0471878
0.961695
0.892192
0.829095
0.77174
0.719536
0.671955
0.62853
0.588843
0.552522
0.519235
0.488685
0.460609
0.434769
0.410954
0.388973
0.368657
0.349854
0.332426
0.316251
0.301217
0.287224
0.274183
0.262013
0.250639
0.239995
0.23002
0.220661
0.211866
0.20359
0.195793
0.188435
0.181482
0.174903
0.168667
0.162749
0.157124
0.151768
0.146661
0.141784
0.137119
0.132651
0.128365
0.124248
0.120289
0.116479
0.112808
0.109269
0.105858
0.102569
0.0994004
0.0963487
0.0934131
0.0905927
0.0878873
0.0852967
0.0828208
0.0804594
0.0782119
0.0760774
0.0740543
0.0721408
0.0703345
0.0686324
0.0670313
0.0655276
0.0641173
0.0627964
0.0615607
0.0604058
0.0593275
0.0583215
0.0573837
0.0565101
0.0556967
0.0549398
0.0542359
0.0535815
0.0529736
0.0524091
0.0518852
0.0513992
0.0509489
0.0505319
0.0501461
0.0497897
0.0494609
0.0491581
0.0488799
0.0486251
0.0483925
0.0481813
0.0479907
0.04782
0.0476689
0.0475371
0.0474247
0.0473321
0.04726
0.0472095
0.0471819
0.961695
0.892192
0.829095
0.77174
0.719536
0.671955
0.62853
0.588843
0.552522
0.519234
0.488685
0.460609
0.434768
0.410953
0.388972
0.368656
0.349852
0.332424
0.316248
0.301214
0.287221
0.274179
0.262008
0.250634
0.239989
0.230014
0.220653
0.211858
0.203582
0.195783
0.188424
0.181471
0.17489
0.168654
0.162734
0.157107
0.15175
0.146642
0.141763
0.137097
0.132627
0.128339
0.12422
0.120259
0.116446
0.112773
0.109233
0.10582
0.10253
0.0993592
0.0963062
0.0933694
0.0905481
0.087842
0.085251
0.082775
0.0804137
0.0781665
0.0760326
0.0740103
0.0720978
0.0702926
0.0685918
0.0669921
0.0654899
0.0640812
0.0627619
0.0615277
0.0603744
0.0592977
0.0582933
0.057357
0.0564848
0.0556728
0.0549173
0.0542147
0.0535616
0.0529548
0.0523914
0.0518686
0.0513837
0.0509343
0.0505181
0.0501332
0.0497775
0.0494494
0.0491473
0.0488697
0.0486155
0.0483835
0.0481727
0.0479825
0.0478122
0.0476614
0.0475299
0.0474178
0.0473255
0.0472535
0.0472031
0.0471756
0.961695
0.892192
0.829095
0.77174
0.719536
0.671955
0.62853
0.588843
0.552522
0.519234
0.488685
0.460608
0.434768
0.410952
0.388971
0.368655
0.349851
0.332422
0.316246
0.301211
0.287217
0.274175
0.262003
0.250628
0.239983
0.230007
0.220646
0.21185
0.203572
0.195773
0.188413
0.181458
0.174877
0.168639
0.162718
0.15709
0.151731
0.146621
0.141741
0.137073
0.132601
0.128311
0.12419
0.120227
0.116412
0.112737
0.109195
0.10578
0.102488
0.0993157
0.0962613
0.0933232
0.0905009
0.0877941
0.0852026
0.0827265
0.0803653
0.0781186
0.0759852
0.0739638
0.0720524
0.0702484
0.068549
0.0669508
0.0654501
0.064043
0.0627254
0.0614929
0.0603413
0.0592663
0.0582635
0.0573288
0.0564581
0.0556477
0.0548936
0.0541923
0.0535406
0.0529351
0.0523728
0.0518511
0.0513673
0.0509189
0.0505036
0.0501196
0.0497647
0.0494374
0.0491359
0.048859
0.0486054
0.0483739
0.0481637
0.0479739
0.047804
0.0476536
0.0475224
0.0474106
0.0473184
0.0472467
0.0471964
0.047169
0.961695
0.892192
0.829096
0.771741
0.719536
0.671955
0.62853
0.588843
0.552521
0.519234
0.488684
0.460608
0.434767
0.410951
0.388969
0.368653
0.349849
0.33242
0.316243
0.301207
0.287213
0.274171
0.261998
0.250623
0.239977
0.23
0.220638
0.211841
0.203563
0.195762
0.188401
0.181445
0.174863
0.168624
0.162701
0.157072
0.151711
0.1466
0.141717
0.137047
0.132573
0.128281
0.124159
0.120194
0.116377
0.112699
0.109155
0.105738
0.102444
0.0992699
0.0962139
0.0932746
0.0904513
0.0877437
0.0851518
0.0826754
0.0803144
0.0780681
0.0759354
0.0739149
0.0720046
0.070202
0.068504
0.0669073
0.0654083
0.0640029
0.0626871
0.0614564
0.0603066
0.0592332
0.0582322
0.0572992
0.0564302
0.0556212
0.0548687
0.0541689
0.0535185
0.0529143
0.0523533
0.0518328
0.05135
0.0509027
0.0504884
0.0501053
0.0497513
0.0494247
0.049124
0.0488478
0.0485948
0.0483639
0.0481542
0.0479649
0.0477954
0.0476453
0.0475145
0.047403
0.0473111
0.0472395
0.0471894
0.047162
0.961695
0.892192
0.829096
0.771741
0.719536
0.671955
0.62853
0.588843
0.552521
0.519234
0.488684
0.460607
0.434766
0.41095
0.388968
0.368651
0.349846
0.332417
0.31624
0.301204
0.287209
0.274166
0.261993
0.250617
0.23997
0.229993
0.22063
0.211832
0.203553
0.195751
0.188389
0.181432
0.174848
0.168607
0.162684
0.157052
0.15169
0.146577
0.141693
0.137021
0.132545
0.128251
0.124126
0.120158
0.116339
0.112659
0.109113
0.105694
0.102398
0.0992219
0.0961643
0.0932236
0.0903992
0.0876908
0.0850985
0.082622
0.0802611
0.0780152
0.0758833
0.0738638
0.0719546
0.0701533
0.0684569
0.0668619
0.0653646
0.063961
0.062647
0.0614182
0.0602702
0.0591987
0.0581994
0.0572682
0.0564009
0.0555936
0.0548426
0.0541444
0.0534954
0.0528926
0.0523329
0.0518136
0.051332
0.0508857
0.0504725
0.0500903
0.0497372
0.0494115
0.0491116
0.048836
0.0485837
0.0483534
0.0481442
0.0479554
0.0477864
0.0476367
0.0475062
0.047395
0.0473034
0.047232
0.047182
0.0471547
0.961695
0.892192
0.829096
0.771741
0.719536
0.671955
0.62853
0.588843
0.552521
0.519234
0.488684
0.460606
0.434765
0.410949
0.388967
0.368649
0.349844
0.332414
0.316237
0.3012
0.287205
0.274161
0.261988
0.25061
0.239963
0.229985
0.220621
0.211822
0.203542
0.195739
0.188376
0.181418
0.174832
0.168591
0.162665
0.157032
0.151669
0.146553
0.141667
0.136993
0.132515
0.128218
0.124091
0.120121
0.1163
0.112618
0.109069
0.105647
0.102349
0.0991717
0.0961125
0.0931704
0.0903448
0.0876357
0.0850428
0.0825662
0.0802055
0.0779601
0.0758289
0.0738104
0.0719025
0.0701027
0.0684078
0.0668145
0.0653191
0.0639174
0.0626052
0.0613784
0.0602323
0.0591627
0.0581654
0.0572359
0.0563704
0.0555649
0.0548155
0.0541188
0.0534714
0.05287
0.0523117
0.0517937
0.0513133
0.0508681
0.050456
0.0500748
0.0497226
0.0493977
0.0490986
0.0488238
0.0485721
0.0483424
0.0481338
0.0479456
0.047777
0.0476278
0.0474976
0.0473867
0.0472953
0.0472242
0.0471743
0.0471472
0.961695
0.892192
0.829096
0.771741
0.719536
0.671956
0.62853
0.588843
0.552521
0.519233
0.488683
0.460606
0.434764
0.410947
0.388965
0.368647
0.349842
0.332412
0.316233
0.301196
0.287201
0.274156
0.261982
0.250604
0.239956
0.229977
0.220612
0.211812
0.203531
0.195727
0.188363
0.181403
0.174816
0.168573
0.162646
0.157012
0.151646
0.146529
0.141641
0.136964
0.132484
0.128185
0.124055
0.120083
0.116259
0.112574
0.109023
0.105599
0.102299
0.0991196
0.0960585
0.093115
0.0902883
0.0875783
0.084985
0.0825082
0.0801477
0.0779028
0.0757724
0.073755
0.0718484
0.07005
0.0683569
0.0667654
0.0652718
0.0638721
0.0625619
0.0613371
0.060193
0.0591254
0.05813
0.0572025
0.0563388
0.0555351
0.0547874
0.0540924
0.0534465
0.0528466
0.0522897
0.051773
0.0512938
0.0508499
0.0504388
0.0500586
0.0497074
0.0493834
0.0490851
0.0488111
0.0485601
0.0483311
0.0481231
0.0479353
0.0477673
0.0476184
0.0474887
0.0473781
0.047287
0.0472161
0.0471664
0.0471393
0.961695
0.892192
0.829096
0.771741
0.719537
0.671956
0.62853
0.588843
0.552521
0.519233
0.488683
0.460605
0.434764
0.410946
0.388963
0.368645
0.349839
0.332409
0.31623
0.301192
0.287196
0.274151
0.261976
0.250597
0.239948
0.229968
0.220603
0.211802
0.203519
0.195714
0.188349
0.181388
0.1748
0.168555
0.162626
0.15699
0.151622
0.146503
0.141613
0.136934
0.132452
0.12815
0.124018
0.120043
0.116216
0.11253
0.108976
0.10555
0.102247
0.0990655
0.0960027
0.0930576
0.0902297
0.0875189
0.0849251
0.0824481
0.0800878
0.0778435
0.0757139
0.0736976
0.0717924
0.0699956
0.0683041
0.0667145
0.0652229
0.0638252
0.0625171
0.0612944
0.0601524
0.0590869
0.0580935
0.0571679
0.0563062
0.0555043
0.0547584
0.054065
0.0534208
0.0528224
0.0522669
0.0517516
0.0512737
0.050831
0.0504211
0.0500419
0.0496917
0.0493686
0.0490712
0.048798
0.0485477
0.0483194
0.048112
0.0479248
0.0477572
0.0476088
0.0474794
0.0473692
0.0472783
0.0472077
0.0471581
0.0471311
0.961695
0.892192
0.829096
0.771741
0.719537
0.671956
0.62853
0.588843
0.552521
0.519233
0.488682
0.460604
0.434763
0.410945
0.388962
0.368643
0.349837
0.332406
0.316226
0.301188
0.287191
0.274146
0.26197
0.25059
0.23994
0.22996
0.220593
0.211791
0.203508
0.195701
0.188335
0.181372
0.174782
0.168536
0.162606
0.156968
0.151598
0.146477
0.141584
0.136904
0.132418
0.128115
0.12398
0.120002
0.116173
0.112483
0.108927
0.105498
0.102193
0.0990096
0.0959449
0.0929983
0.0901692
0.0874575
0.0848632
0.0823861
0.080026
0.0777822
0.0756536
0.0736384
0.0717346
0.0699394
0.0682498
0.0666621
0.0651725
0.0637769
0.062471
0.0612504
0.0601106
0.0590472
0.0580559
0.0571324
0.0562726
0.0554725
0.0547285
0.0540369
0.0533943
0.0527975
0.0522435
0.0517296
0.0512531
0.0508115
0.0504028
0.0500248
0.0496755
0.0493534
0.0490569
0.0487844
0.0485349
0.0483072
0.0481005
0.0479138
0.0477468
0.0475988
0.0474699
0.04736
0.0472694
0.047199
0.0471496
0.0471227
0.961695
0.892193
0.829096
0.771742
0.719537
0.671956
0.628531
0.588843
0.552521
0.519233
0.488682
0.460604
0.434761
0.410943
0.38896
0.368641
0.349834
0.332402
0.316223
0.301184
0.287186
0.27414
0.261963
0.250583
0.239932
0.22995
0.220583
0.21178
0.203495
0.195688
0.18832
0.181356
0.174765
0.168517
0.162585
0.156945
0.151573
0.14645
0.141555
0.136872
0.132384
0.128078
0.12394
0.11996
0.116128
0.112435
0.108876
0.105445
0.102138
0.0989521
0.0958855
0.0929373
0.090107
0.0873944
0.0847995
0.0823223
0.0799625
0.0777192
0.0755915
0.0735776
0.0716752
0.0698817
0.0681939
0.0666082
0.0651207
0.0637273
0.0624236
0.0612052
0.0600676
0.0590064
0.0580172
0.0570958
0.0562381
0.05544
0.0546978
0.054008
0.0533671
0.0527719
0.0522195
0.051707
0.0512318
0.0507916
0.050384
0.0500071
0.0496589
0.0493378
0.0490421
0.0487705
0.0485218
0.0482948
0.0480887
0.0479026
0.0477361
0.0475886
0.0474601
0.0473505
0.0472602
0.04719
0.0471408
0.047114
0.961695
0.892193
0.829096
0.771742
0.719537
0.671956
0.628531
0.588843
0.552521
0.519232
0.488681
0.460603
0.43476
0.410942
0.388958
0.368639
0.349831
0.332399
0.316219
0.301179
0.287181
0.274134
0.261957
0.250575
0.239924
0.229941
0.220573
0.211768
0.203483
0.195674
0.188305
0.181339
0.174747
0.168497
0.162563
0.156921
0.151548
0.146422
0.141525
0.136839
0.132349
0.12804
0.1239
0.119917
0.116082
0.112386
0.108825
0.105391
0.102081
0.098893
0.0958245
0.0928747
0.0900431
0.0873296
0.0847342
0.0822569
0.0798973
0.0776547
0.0755279
0.0735152
0.0716143
0.0698226
0.0681367
0.066553
0.0650677
0.0636765
0.0623751
0.0611589
0.0600236
0.0589647
0.0579777
0.0570584
0.0562027
0.0554067
0.0546664
0.0539784
0.0533393
0.0527457
0.0521949
0.0516839
0.0512101
0.0507712
0.0503648
0.0499891
0.049642
0.0493218
0.049027
0.0487563
0.0485083
0.0482821
0.0480766
0.0478911
0.0477251
0.0475781
0.04745
0.0473407
0.0472508
0.0471808
0.0471317
0.047105
0.961695
0.892193
0.829097
0.771742
0.719537
0.671956
0.628531
0.588843
0.552521
0.519232
0.488681
0.460602
0.434759
0.41094
0.388956
0.368636
0.349828
0.332396
0.316215
0.301175
0.287176
0.274128
0.26195
0.250568
0.239915
0.229932
0.220562
0.211757
0.20347
0.19566
0.188289
0.181323
0.174728
0.168477
0.162541
0.156897
0.151522
0.146394
0.141494
0.136806
0.132313
0.128001
0.123858
0.119872
0.116034
0.112336
0.108772
0.105335
0.102023
0.0988326
0.0957621
0.0928106
0.0899777
0.0872633
0.0846674
0.08219
0.0798306
0.0775887
0.0754629
0.0734514
0.0715521
0.0697621
0.0680782
0.0664967
0.0650136
0.0636246
0.0623255
0.0611117
0.0599788
0.0589221
0.0579374
0.0570203
0.0561667
0.0553727
0.0546344
0.0539483
0.0533109
0.052719
0.0521698
0.0516603
0.0511879
0.0507503
0.0503453
0.0499706
0.0496246
0.0493055
0.0490116
0.0487417
0.0484946
0.048269
0.0480642
0.0478793
0.0477138
0.0475673
0.0474396
0.0473308
0.0472411
0.0471713
0.0471225
0.0470959
0.961695
0.892193
0.829097
0.771742
0.719537
0.671957
0.628531
0.588843
0.55252
0.519232
0.48868
0.460601
0.434758
0.410939
0.388954
0.368634
0.349825
0.332392
0.31621
0.30117
0.28717
0.274122
0.261943
0.25056
0.239906
0.229922
0.220551
0.211745
0.203457
0.195646
0.188273
0.181305
0.174709
0.168456
0.162519
0.156873
0.151495
0.146365
0.141463
0.136772
0.132277
0.127962
0.123816
0.119827
0.115986
0.112285
0.108718
0.105278
0.101964
0.098771
0.0956985
0.0927453
0.0899111
0.0871957
0.0845993
0.0821218
0.0797627
0.0775214
0.0753966
0.0733865
0.0714888
0.0697006
0.0680187
0.0664393
0.0649585
0.0635719
0.0622751
0.0610637
0.0599331
0.0588788
0.0578963
0.0569815
0.0561301
0.0553381
0.0546018
0.0539176
0.053282
0.0526919
0.0521443
0.0516363
0.0511654
0.0507291
0.0503253
0.0499519
0.049607
0.0492888
0.048996
0.0487269
0.0484806
0.0482557
0.0480516
0.0478673
0.0477024
0.0475564
0.0474291
0.0473206
0.0472312
0.0471617
0.047113
0.0470865
0.961695
0.892193
0.829097
0.771742
0.719538
0.671957
0.628531
0.588843
0.55252
0.519231
0.488679
0.4606
0.434756
0.410937
0.388952
0.368631
0.349822
0.332388
0.316206
0.301165
0.287164
0.274115
0.261935
0.250552
0.239897
0.229912
0.22054
0.211733
0.203443
0.195631
0.188257
0.181288
0.17469
0.168435
0.162496
0.156848
0.151468
0.146336
0.141431
0.136738
0.13224
0.127922
0.123773
0.119781
0.115937
0.112233
0.108663
0.105221
0.101904
0.0987085
0.0956339
0.0926789
0.0898433
0.0871271
0.0845301
0.0820525
0.0796937
0.0774531
0.0753293
0.0733206
0.0714245
0.0696382
0.0679583
0.0663811
0.0649026
0.0635183
0.062224
0.061015
0.0598868
0.0588349
0.0578547
0.0569422
0.0560929
0.0553031
0.0545688
0.0538865
0.0532528
0.0526644
0.0521184
0.051612
0.0511425
0.0507077
0.0503051
0.0499329
0.0495891
0.049272
0.04898
0.0487119
0.0484663
0.0482423
0.0480388
0.0478551
0.0476907
0.0475452
0.0474183
0.0473102
0.0472211
0.0471518
0.0471033
0.0470769
0.961695
0.892193
0.829097
0.771743
0.719538
0.671957
0.628531
0.588843
0.55252
0.519231
0.488678
0.460599
0.434755
0.410935
0.38895
0.368628
0.349819
0.332384
0.316201
0.301159
0.287158
0.274108
0.261928
0.250543
0.239888
0.229902
0.220529
0.21172
0.20343
0.195616
0.188241
0.18127
0.174671
0.168414
0.162473
0.156823
0.151441
0.146306
0.141399
0.136703
0.132202
0.127882
0.12373
0.119735
0.115888
0.112181
0.108607
0.105162
0.101843
0.098645
0.0955683
0.0926117
0.0897747
0.0870575
0.08446
0.0819823
0.0796238
0.0773839
0.0752612
0.0732538
0.0713594
0.069575
0.0678972
0.0663222
0.064846
0.0634642
0.0621723
0.0609658
0.05984
0.0587905
0.0578127
0.0569024
0.0560554
0.0552677
0.0545354
0.0538551
0.0532232
0.0526366
0.0520923
0.0515874
0.0511194
0.0506859
0.0502847
0.0499137
0.049571
0.0492549
0.0489639
0.0486967
0.0484519
0.0482286
0.0480258
0.0478427
0.0476789
0.0475338
0.0474074
0.0472996
0.0472109
0.0471418
0.0470934
0.0470671
0.961695
0.892193
0.829097
0.771743
0.719538
0.671957
0.628531
0.588842
0.55252
0.51923
0.488678
0.460598
0.434753
0.410933
0.388947
0.368625
0.349815
0.33238
0.316197
0.301154
0.287152
0.274102
0.26192
0.250535
0.239879
0.229891
0.220518
0.211708
0.203416
0.195601
0.188225
0.181252
0.174651
0.168393
0.16245
0.156798
0.151413
0.146276
0.141367
0.136668
0.132164
0.127841
0.123686
0.119688
0.115838
0.112128
0.108551
0.105104
0.101781
0.098581
0.0955022
0.0925438
0.0897054
0.0869872
0.0843893
0.0819114
0.0795533
0.0773141
0.0751925
0.0731865
0.0712938
0.0695113
0.0678356
0.0662629
0.064789
0.0634096
0.0621202
0.0609162
0.0597928
0.0587457
0.0577703
0.0568623
0.0560176
0.055232
0.0545018
0.0538234
0.0531934
0.0526086
0.0520659
0.0515626
0.0510961
0.050664
0.0502641
0.0498943
0.0495527
0.0492377
0.0489477
0.0486813
0.0484374
0.0482148
0.0480127
0.0478302
0.0476669
0.0475224
0.0473963
0.0472889
0.0472005
0.0471316
0.0470834
0.0470572
0.961695
0.892193
0.829098
0.771743
0.719538
0.671957
0.628531
0.588842
0.552519
0.519229
0.488677
0.460596
0.434752
0.410931
0.388944
0.368622
0.349812
0.332376
0.316192
0.301148
0.287146
0.274094
0.261912
0.250526
0.239869
0.229881
0.220506
0.211695
0.203402
0.195586
0.188208
0.181234
0.174632
0.168371
0.162427
0.156772
0.151386
0.146246
0.141335
0.136633
0.132127
0.1278
0.123642
0.119641
0.115788
0.112074
0.108495
0.105044
0.101719
0.0985166
0.0954356
0.0924754
0.0896357
0.0869166
0.0843181
0.0818401
0.0794823
0.0772439
0.0751233
0.0731188
0.0712277
0.0694472
0.0677736
0.0662032
0.0647317
0.0633548
0.0620679
0.0608663
0.0597455
0.0587008
0.0577278
0.0568221
0.0559796
0.0551962
0.0544681
0.0537917
0.0531635
0.0525804
0.0520395
0.0515378
0.0510728
0.050642
0.0502434
0.0498748
0.0495343
0.0492204
0.0489313
0.0486659
0.0484227
0.0482009
0.0479994
0.0478176
0.0476548
0.0475108
0.0473851
0.0472781
0.0471899
0.0471213
0.0470732
0.0470471
0.961695
0.892193
0.829098
0.771743
0.719538
0.671957
0.628531
0.588842
0.552519
0.519229
0.488676
0.460595
0.43475
0.410929
0.388942
0.368619
0.349808
0.332371
0.316187
0.301143
0.28714
0.274087
0.261904
0.250517
0.239859
0.22987
0.220494
0.211682
0.203388
0.195571
0.188192
0.181216
0.174612
0.16835
0.162403
0.156747
0.151358
0.146217
0.141302
0.136598
0.132089
0.127759
0.123598
0.119594
0.115738
0.112021
0.108439
0.104985
0.101657
0.098452
0.0953689
0.0924069
0.0895658
0.0868457
0.0842467
0.0817686
0.0794112
0.0771735
0.075054
0.0730509
0.0711616
0.069383
0.0677116
0.0661434
0.0646743
0.0632999
0.0620154
0.0608164
0.0596981
0.0586558
0.0576852
0.0567819
0.0559416
0.0551603
0.0544343
0.0537598
0.0531336
0.0525523
0.052013
0.0515129
0.0510493
0.05062
0.0502227
0.0498553
0.0495159
0.049203
0.0489149
0.0486503
0.048408
0.0481869
0.0479861
0.0478049
0.0476427
0.0474991
0.0473739
0.0472672
0.0471793
0.0471109
0.047063
0.047037
0.961695
0.892194
0.829098
0.771743
0.719539
0.671957
0.628531
0.588842
0.552518
0.519228
0.488674
0.460593
0.434748
0.410926
0.388939
0.368615
0.349804
0.332367
0.316181
0.301137
0.287133
0.27408
0.261896
0.250508
0.23985
0.229859
0.220483
0.21167
0.203375
0.195556
0.188175
0.181198
0.174593
0.168329
0.16238
0.156722
0.151331
0.146187
0.14127
0.136563
0.132051
0.127719
0.123555
0.119547
0.115688
0.111968
0.108382
0.104926
0.101595
0.0983875
0.0953023
0.0923384
0.089496
0.0867749
0.0841753
0.0816972
0.0793401
0.0771031
0.0749848
0.0729832
0.0710955
0.0693189
0.0676496
0.0660838
0.0646171
0.0632451
0.0619632
0.0607666
0.0596508
0.058611
0.0576428
0.0567417
0.0559037
0.0551246
0.0544006
0.0537281
0.0531037
0.0525242
0.0519866
0.051488
0.051026
0.050598
0.050202
0.0498358
0.0494976
0.0491857
0.0488985
0.0486348
0.0483933
0.0481729
0.0479728
0.0477922
0.0476305
0.0474874
0.0473626
0.0472562
0.0471686
0.0471004
0.0470527
0.0470267
0.961696
0.892194
0.829098
0.771744
0.719539
0.671957
0.628531
0.588842
0.552518
0.519227
0.488673
0.460592
0.434746
0.410924
0.388936
0.368612
0.349799
0.332362
0.316176
0.301131
0.287126
0.274073
0.261888
0.2505
0.23984
0.229849
0.220471
0.211657
0.203361
0.195541
0.188159
0.18118
0.174573
0.168308
0.162358
0.156697
0.151304
0.146158
0.141238
0.136529
0.132014
0.127679
0.123511
0.119501
0.115638
0.111915
0.108326
0.104867
0.101533
0.0983234
0.095236
0.0922704
0.0894265
0.0867044
0.0841044
0.0816262
0.0792694
0.0770332
0.074916
0.0729158
0.0710299
0.0692552
0.067588
0.0660245
0.0645602
0.0631906
0.0619112
0.0607171
0.0596038
0.0585664
0.0576006
0.0567019
0.055866
0.0550891
0.0543672
0.0536966
0.0530741
0.0524963
0.0519603
0.0514633
0.0510028
0.0505762
0.0501814
0.0498164
0.0494793
0.0491684
0.0488822
0.0486194
0.0483786
0.048159
0.0479595
0.0477795
0.0476183
0.0474756
0.0473512
0.0472452
0.0471579
0.0470899
0.0470423
0.0470164
0.961696
0.892194
0.829098
0.771744
0.719539
0.671957
0.62853
0.588841
0.552517
0.519226
0.488672
0.46059
0.434743
0.410921
0.388932
0.368608
0.349795
0.332357
0.31617
0.301124
0.287119
0.274065
0.26188
0.250491
0.23983
0.229838
0.22046
0.211644
0.203347
0.195526
0.188143
0.181163
0.174554
0.168287
0.162335
0.156673
0.151278
0.146129
0.141207
0.136495
0.131977
0.127639
0.123468
0.119455
0.115589
0.111863
0.108271
0.104809
0.101472
0.09826
0.0951704
0.0922029
0.0893577
0.0866347
0.0840341
0.0815558
0.0791994
0.0769639
0.0748478
0.072849
0.0709648
0.0691921
0.0675271
0.0659658
0.0645039
0.0631368
0.0618598
0.0606682
0.0595573
0.0585223
0.0575588
0.0566624
0.0558288
0.055054
0.054334
0.0536654
0.0530447
0.0524687
0.0519343
0.0514389
0.0509798
0.0505545
0.050161
0.0497972
0.0494611
0.0491513
0.048866
0.048604
0.048364
0.0481451
0.0479463
0.0477668
0.0476061
0.0474639
0.0473399
0.0472342
0.0471472
0.0470794
0.047032
0.0470062
0.961696
0.892194
0.829098
0.771744
0.719539
0.671957
0.62853
0.58884
0.552516
0.519225
0.48867
0.460588
0.434741
0.410918
0.388929
0.368604
0.34979
0.332352
0.316165
0.301118
0.287112
0.274057
0.261872
0.250481
0.23982
0.229827
0.220448
0.211632
0.203334
0.195511
0.188127
0.181146
0.174536
0.168267
0.162313
0.156649
0.151252
0.146101
0.141176
0.136462
0.131941
0.1276
0.123426
0.11941
0.115541
0.111812
0.108217
0.104751
0.101412
0.0981975
0.0951057
0.0921365
0.0892898
0.0865659
0.0839648
0.0814864
0.0791303
0.0768956
0.0747806
0.0727832
0.0709007
0.0691299
0.067467
0.0659079
0.0644484
0.0630837
0.0618091
0.06062
0.0595115
0.0584789
0.0575177
0.0566235
0.0557921
0.0550193
0.0543014
0.0536347
0.0530158
0.0524415
0.0519087
0.0514148
0.0509571
0.0505332
0.0501409
0.0497782
0.0494432
0.0491343
0.04885
0.0485888
0.0483496
0.0481313
0.0479331
0.0477542
0.0475941
0.0474523
0.0473286
0.0472233
0.0471365
0.0470689
0.0470216
0.0469959
0.961696
0.892194
0.829099
0.771744
0.719539
0.671957
0.62853
0.58884
0.552515
0.519223
0.488668
0.460585
0.434738
0.410914
0.388925
0.368599
0.349786
0.332346
0.316159
0.301112
0.287105
0.27405
0.261863
0.250473
0.239811
0.229817
0.220437
0.21162
0.203321
0.195497
0.188112
0.181129
0.174518
0.168247
0.162292
0.156626
0.151227
0.146073
0.141147
0.136429
0.131906
0.127562
0.123386
0.119366
0.115494
0.111761
0.108163
0.104695
0.101353
0.0981362
0.0950423
0.0920714
0.0892233
0.0864984
0.0838968
0.0814183
0.0790626
0.0768286
0.0747146
0.0727186
0.0708378
0.0690689
0.067408
0.0658512
0.0643939
0.0630316
0.0617595
0.0605727
0.0594666
0.0584363
0.0574774
0.0565855
0.0557561
0.0549854
0.0542695
0.0536046
0.0529874
0.0524148
0.0518836
0.0513911
0.0509348
0.0505122
0.0501211
0.0497595
0.0494256
0.0491176
0.0488342
0.0485738
0.0483353
0.0481177
0.0479201
0.0477418
0.0475821
0.0474407
0.0473174
0.0472124
0.0471258
0.0470585
0.0470113
0.0469857
0.961696
0.892194
0.829099
0.771744
0.719539
0.671957
0.628529
0.588839
0.552514
0.519221
0.488666
0.460583
0.434735
0.410911
0.388921
0.368595
0.349781
0.332341
0.316153
0.301105
0.287098
0.274042
0.261855
0.250464
0.239801
0.229807
0.220426
0.211608
0.203308
0.195483
0.188097
0.181113
0.1745
0.168229
0.162271
0.156603
0.151202
0.146047
0.141118
0.136398
0.131872
0.127525
0.123346
0.119323
0.115448
0.111713
0.108112
0.104641
0.101296
0.0980766
0.0949806
0.0920079
0.0891585
0.0864326
0.0838305
0.0813519
0.0789965
0.0767632
0.0746503
0.0726557
0.0707765
0.0690094
0.0673506
0.0657959
0.0643409
0.0629809
0.0617111
0.0605266
0.0594228
0.0583948
0.0574382
0.0565483
0.0557211
0.0549523
0.0542383
0.0535752
0.0529598
0.0523887
0.0518591
0.051368
0.050913
0.0504916
0.0501017
0.0497412
0.0494083
0.0491013
0.0488187
0.0485591
0.0483213
0.0481044
0.0479073
0.0477295
0.0475703
0.0474293
0.0473064
0.0472016
0.0471153
0.0470481
0.0470011
0.0469755
0.961696
0.892194
0.829099
0.771744
0.719539
0.671956
0.628529
0.588838
0.552512
0.51922
0.488664
0.46058
0.434732
0.410907
0.388917
0.36859
0.349775
0.332335
0.316147
0.301098
0.287091
0.274034
0.261847
0.250455
0.239792
0.229797
0.220415
0.211597
0.203295
0.19547
0.188083
0.181098
0.174483
0.16821
0.162252
0.156582
0.151179
0.146021
0.14109
0.136368
0.131839
0.12749
0.123308
0.119282
0.115404
0.111666
0.108062
0.104588
0.101241
0.098019
0.0949209
0.0919464
0.0890957
0.0863689
0.0837662
0.0812876
0.0789325
0.0766998
0.074588
0.0725947
0.070717
0.0689517
0.0672949
0.0657423
0.0642895
0.0629317
0.0616642
0.060482
0.0593804
0.0583546
0.0574001
0.0565124
0.0556871
0.0549203
0.054208
0.0535467
0.0529329
0.0523634
0.0518352
0.0513456
0.0508918
0.0504717
0.0500829
0.0497234
0.0493915
0.0490853
0.0488035
0.0485447
0.0483076
0.0480913
0.0478948
0.0477174
0.0475586
0.0474181
0.0472955
0.047191
0.0471049
0.0470379
0.046991
0.0469655
0.961696
0.892195
0.829099
0.771744
0.719538
0.671956
0.628528
0.588837
0.552511
0.519217
0.488661
0.460577
0.434728
0.410903
0.388912
0.368585
0.34977
0.332329
0.31614
0.301092
0.287084
0.274027
0.261839
0.250447
0.239783
0.229787
0.220405
0.211586
0.203284
0.195458
0.188069
0.181083
0.174468
0.168193
0.162233
0.156562
0.151157
0.145997
0.141064
0.13634
0.131808
0.127456
0.123271
0.119243
0.115362
0.111621
0.108014
0.104538
0.101188
0.0979636
0.0948636
0.0918874
0.0890354
0.0863077
0.0837045
0.0812258
0.0788709
0.0766389
0.074528
0.072536
0.0706599
0.0688963
0.0672413
0.0656908
0.06424
0.0628844
0.0616191
0.0604391
0.0593396
0.058316
0.0573635
0.0564777
0.0556544
0.0548894
0.0541789
0.0535193
0.052907
0.052339
0.0518122
0.0513239
0.0508714
0.0504524
0.0500646
0.0497062
0.0493751
0.0490698
0.0487888
0.0485307
0.0482942
0.0480785
0.0478825
0.0477056
0.0475473
0.047407
0.0472848
0.0471805
0.0470947
0.0470278
0.046981
0.0469556
0.961696
0.892195
0.829099
0.771744
0.719538
0.671955
0.628527
0.588835
0.552509
0.519215
0.488658
0.460574
0.434724
0.410899
0.388908
0.36858
0.349765
0.332324
0.316134
0.301085
0.287077
0.27402
0.261831
0.250438
0.239774
0.229778
0.220395
0.211575
0.203273
0.195446
0.188056
0.181069
0.174453
0.168177
0.162216
0.156543
0.151136
0.145975
0.141039
0.136313
0.131779
0.127425
0.123237
0.119206
0.115322
0.111578
0.107969
0.10449
0.101138
0.0979111
0.094809
0.0918313
0.088978
0.0862494
0.0836457
0.0811668
0.0788122
0.0765808
0.0744708
0.07248
0.0706054
0.0688434
0.0671903
0.0656416
0.0641929
0.0628393
0.0615761
0.0603982
0.0593008
0.0582791
0.0573286
0.0564447
0.0556232
0.0548599
0.0541511
0.053493
0.0528823
0.0523157
0.0517902
0.0513031
0.0508518
0.0504338
0.0500471
0.0496896
0.0493594
0.0490549
0.0487746
0.0485171
0.0482813
0.048066
0.0478706
0.0476941
0.0475361
0.0473962
0.0472743
0.0471703
0.0470846
0.0470179
0.0469713
0.046946
0.961696
0.892195
0.829099
0.771744
0.719538
0.671954
0.628525
0.588833
0.552506
0.519212
0.488655
0.46057
0.43472
0.410895
0.388903
0.368575
0.349759
0.332318
0.316128
0.301079
0.287071
0.274013
0.261824
0.250431
0.239766
0.229769
0.220386
0.211566
0.203262
0.195435
0.188044
0.181057
0.174439
0.168162
0.162199
0.156525
0.151117
0.145954
0.141017
0.136288
0.131752
0.127395
0.123205
0.119171
0.115285
0.111538
0.107926
0.104445
0.10109
0.0978616
0.0947577
0.0917784
0.0889239
0.0861944
0.0835902
0.0811112
0.0787569
0.076526
0.0744169
0.0724272
0.0705539
0.0687935
0.0671421
0.0655953
0.0641484
0.0627968
0.0615355
0.0603595
0.0592641
0.0582443
0.0572956
0.0564135
0.0555937
0.0548321
0.0541248
0.0534682
0.0528588
0.0522935
0.0517693
0.0512833
0.0508331
0.0504161
0.0500303
0.0496737
0.0493443
0.0490405
0.0487609
0.048504
0.0482687
0.048054
0.047859
0.047683
0.0475253
0.0473857
0.047264
0.0471602
0.0470748
0.0470083
0.0469617
0.0469365
0.961696
0.892195
0.829099
0.771743
0.719537
0.671953
0.628524
0.588831
0.552504
0.51921
0.488652
0.460566
0.434716
0.41089
0.388898
0.36857
0.349754
0.332312
0.316122
0.301073
0.287064
0.274006
0.261817
0.250423
0.239758
0.229761
0.220378
0.211557
0.203253
0.195425
0.188034
0.181045
0.174427
0.168149
0.162185
0.156509
0.1511
0.145935
0.140996
0.136265
0.131727
0.127368
0.123176
0.119139
0.11525
0.111502
0.107887
0.104403
0.101046
0.0978158
0.0947101
0.0917293
0.0888736
0.0861433
0.0835386
0.0810595
0.0787053
0.076475
0.0743666
0.072378
0.0705059
0.068747
0.0670972
0.065552
0.0641069
0.0627571
0.0614976
0.0603235
0.0592298
0.0582118
0.0572648
0.0563843
0.0555661
0.054806
0.0541001
0.0534449
0.0528368
0.0522727
0.0517496
0.0512647
0.0508154
0.0503994
0.0500144
0.0496586
0.0493299
0.0490268
0.0487478
0.0484915
0.0482567
0.0480425
0.0478478
0.0476722
0.0475148
0.0473755
0.047254
0.0471505
0.0470652
0.0469988
0.0469524
0.0469272
0.961696
0.892195
0.829099
0.771743
0.719536
0.671952
0.628522
0.588829
0.552501
0.519206
0.488648
0.460563
0.434712
0.410886
0.388893
0.368565
0.349749
0.332307
0.316117
0.301067
0.287058
0.274
0.261811
0.250417
0.239751
0.229754
0.22037
0.211549
0.203244
0.195416
0.188024
0.181035
0.174415
0.168137
0.162171
0.156495
0.151084
0.145918
0.140977
0.136245
0.131705
0.127344
0.123149
0.119111
0.115219
0.111468
0.107851
0.104365
0.101007
0.0977739
0.0946666
0.0916844
0.0888276
0.0860965
0.0834914
0.0810121
0.0786581
0.0764281
0.0743205
0.0723328
0.0704619
0.0687043
0.0670559
0.0655123
0.0640689
0.0627207
0.0614629
0.0602904
0.0591983
0.0581819
0.0572365
0.0563575
0.0555407
0.0547819
0.0540773
0.0534233
0.0528164
0.0522534
0.0517313
0.0512473
0.0507989
0.0503837
0.0499995
0.0496444
0.0493164
0.0490139
0.0487354
0.0484796
0.0482452
0.0480314
0.0478371
0.0476618
0.0475047
0.0473657
0.0472444
0.047141
0.0470559
0.0469897
0.0469433
0.0469183
0.961696
0.892195
0.829098
0.771742
0.719535
0.67195
0.62852
0.588827
0.552499
0.519203
0.488645
0.460559
0.434708
0.410881
0.388889
0.368561
0.349744
0.332302
0.316112
0.301062
0.287053
0.273994
0.261805
0.250411
0.239745
0.229748
0.220363
0.211541
0.203237
0.195408
0.188015
0.181025
0.174405
0.168126
0.16216
0.156482
0.15107
0.145903
0.140961
0.136227
0.131685
0.127322
0.123126
0.119085
0.115192
0.111438
0.10782
0.104331
0.100971
0.0977365
0.0946277
0.0916443
0.0887864
0.0860546
0.083449
0.0809696
0.0786156
0.0763861
0.0742791
0.0722922
0.0704224
0.0686659
0.0670188
0.0654767
0.0640346
0.0626879
0.0614316
0.0602606
0.05917
0.058155
0.0572109
0.0563332
0.0555177
0.0547601
0.0540567
0.0534037
0.0527978
0.0522357
0.0517145
0.0512314
0.0507838
0.0503693
0.0499858
0.0496312
0.0493038
0.0490018
0.0487238
0.0484684
0.0482344
0.0480209
0.047827
0.0476519
0.0474951
0.0473563
0.0472352
0.047132
0.047047
0.0469809
0.0469347
0.0469098
0.961696
0.892194
0.829098
0.771741
0.719534
0.671949
0.628518
0.588824
0.552496
0.5192
0.488642
0.460555
0.434704
0.410877
0.388885
0.368556
0.34974
0.332298
0.316107
0.301057
0.287048
0.273989
0.2618
0.250405
0.23974
0.229742
0.220357
0.211535
0.20323
0.195401
0.188008
0.181018
0.174397
0.168117
0.16215
0.156472
0.151058
0.14589
0.140946
0.136211
0.131668
0.127304
0.123105
0.119063
0.115168
0.111413
0.107792
0.104302
0.10094
0.0977041
0.0945939
0.0916093
0.0887506
0.0860181
0.0834121
0.0809324
0.0785786
0.0763493
0.0742428
0.0722567
0.0703877
0.0686323
0.0669864
0.0654454
0.0640047
0.0626592
0.0614042
0.0602344
0.0591451
0.0581313
0.0571884
0.0563119
0.0554974
0.0547409
0.0540384
0.0533863
0.0527813
0.05222
0.0516995
0.0512171
0.0507701
0.0503563
0.0499733
0.0496192
0.0492922
0.0489907
0.0487131
0.048458
0.0482244
0.0480112
0.0478175
0.0476427
0.0474861
0.0473474
0.0472265
0.0471234
0.0470386
0.0469726
0.0469266
0.0469018
0.961696
0.892194
0.829097
0.771741
0.719532
0.671947
0.628516
0.588822
0.552493
0.519197
0.488638
0.460552
0.434701
0.410874
0.388881
0.368553
0.349736
0.332294
0.316103
0.301053
0.287044
0.273985
0.261795
0.250401
0.239735
0.229738
0.220353
0.21153
0.203225
0.195395
0.188002
0.181011
0.17439
0.16811
0.162142
0.156463
0.151049
0.145879
0.140935
0.136198
0.131654
0.127288
0.123089
0.119045
0.115148
0.111391
0.107769
0.104278
0.100914
0.0976769
0.0945656
0.0915801
0.0887206
0.0859875
0.0833811
0.0809013
0.0785474
0.0763184
0.0742123
0.0722267
0.0703585
0.068604
0.066959
0.0654191
0.0639794
0.0626351
0.0613811
0.0602124
0.0591241
0.0581113
0.0571694
0.0562938
0.0554802
0.0547245
0.0540228
0.0533715
0.0527671
0.0522065
0.0516866
0.0512047
0.0507582
0.0503448
0.0499623
0.0496087
0.049282
0.0489808
0.0487035
0.0484488
0.0482154
0.0480024
0.047809
0.0476343
0.0474778
0.0473393
0.0472185
0.0471156
0.0470309
0.0469651
0.0469191
0.0468945
0.961696
0.892194
0.829097
0.771739
0.719531
0.671945
0.628514
0.58882
0.552491
0.519195
0.488636
0.460549
0.434698
0.410871
0.388878
0.36855
0.349733
0.332291
0.3161
0.30105
0.287041
0.273982
0.261792
0.250398
0.239732
0.229734
0.220349
0.211527
0.203221
0.195391
0.187998
0.181007
0.174385
0.168104
0.162136
0.156456
0.151042
0.145871
0.140926
0.136189
0.131643
0.127276
0.123076
0.119031
0.115133
0.111375
0.107751
0.104258
0.100894
0.0976556
0.0945434
0.091557
0.0886969
0.0859634
0.0833567
0.0808766
0.0785227
0.0762937
0.0741879
0.0722028
0.0703352
0.0685814
0.0669372
0.0653982
0.0639593
0.0626159
0.0613627
0.0601949
0.0591074
0.0580954
0.0571542
0.0562793
0.0554664
0.0547113
0.0540102
0.0533594
0.0527555
0.0521954
0.051676
0.0511945
0.0507484
0.0503354
0.0499531
0.0495998
0.0492734
0.0489725
0.0486954
0.0484408
0.0482076
0.0479948
0.0478015
0.0476269
0.0474706
0.0473322
0.0472116
0.0471088
0.0470242
0.0469585
0.0469127
0.0468882
0.961696
0.892194
0.829096
0.771739
0.71953
0.671944
0.628512
0.588818
0.552489
0.519193
0.488634
0.460547
0.434696
0.410869
0.388876
0.368547
0.349731
0.332288
0.316098
0.301048
0.287038
0.27398
0.26179
0.250395
0.239729
0.229731
0.220346
0.211524
0.203218
0.195388
0.187995
0.181003
0.174382
0.1681
0.162132
0.156451
0.151036
0.145865
0.14092
0.136182
0.131636
0.127268
0.123066
0.11902
0.115121
0.111362
0.107738
0.104245
0.100879
0.0976402
0.0945273
0.0915404
0.0886798
0.085946
0.083339
0.0808587
0.0785047
0.0762757
0.07417
0.0721852
0.0703181
0.0685649
0.0669214
0.065383
0.0639448
0.062602
0.0613495
0.0601822
0.0590953
0.0580838
0.0571431
0.0562687
0.0554562
0.0547016
0.0540008
0.0533504
0.0527469
0.0521871
0.0516679
0.0511867
0.0507409
0.0503281
0.049946
0.0495929
0.0492667
0.0489659
0.0486889
0.0484345
0.0482014
0.0479887
0.0477955
0.047621
0.0474648
0.0473265
0.0472059
0.0471032
0.0470188
0.0469532
0.0469076
0.0468833
0.961696
0.892193
0.829096
0.771738
0.719529
0.671943
0.628512
0.588817
0.552488
0.519192
0.488633
0.460546
0.434695
0.410868
0.388875
0.368546
0.349729
0.332287
0.316097
0.301047
0.287037
0.273978
0.261789
0.250394
0.239728
0.22973
0.220345
0.211522
0.203217
0.195386
0.187993
0.181001
0.174379
0.168098
0.162129
0.156448
0.151033
0.145862
0.140916
0.136177
0.131631
0.127262
0.12306
0.119014
0.115114
0.111355
0.10773
0.104236
0.10087
0.0976304
0.0945172
0.09153
0.0886692
0.0859352
0.083328
0.0808474
0.0784931
0.076264
0.0741584
0.0721738
0.0703072
0.0685545
0.0669116
0.0653738
0.0639361
0.0625936
0.0613415
0.0601746
0.059088
0.0580768
0.0571364
0.0562623
0.05545
0.0546956
0.0539951
0.0533448
0.0527415
0.0521818
0.0516628
0.0511817
0.050736
0.0503233
0.0499414
0.0495883
0.0492622
0.0489614
0.0486845
0.0484302
0.0481972
0.0479845
0.0477913
0.0476169
0.0474607
0.0473224
0.047202
0.0470994
0.047015
0.0469496
0.0469042
0.04688
)
;

boundaryField
{
    inlet
    {
        type            fixedValue;
        value           uniform 1;
    }
    outlet
    {
        type            inletOutlet;
        inletValue      uniform 1;
        value           nonuniform List<scalar> 
100
(
0.046961
0.0469619
0.0469636
0.046966
0.0469692
0.0469731
0.0469777
0.0469828
0.0469885
0.0469947
0.0470014
0.0470084
0.0470159
0.0470236
0.0470316
0.0470398
0.0470482
0.0470567
0.0470652
0.0470738
0.0470824
0.0470909
0.0470994
0.0471077
0.0471159
0.047124
0.0471319
0.0471395
0.047147
0.0471542
0.0471612
0.0471679
0.0471743
0.0471804
0.0471863
0.0471918
0.047197
0.0472018
0.0472063
0.0472104
0.0472142
0.0472175
0.0472205
0.0472231
0.0472253
0.0472271
0.0472284
0.0472294
0.0472299
0.04723
0.0472297
0.0472289
0.0472278
0.0472262
0.0472242
0.0472217
0.0472189
0.0472156
0.0472119
0.0472079
0.0472034
0.0471986
0.0471934
0.0471878
0.0471819
0.0471756
0.047169
0.047162
0.0471547
0.0471472
0.0471393
0.0471311
0.0471227
0.047114
0.047105
0.0470959
0.0470865
0.0470769
0.0470671
0.0470572
0.0470471
0.047037
0.0470267
0.0470164
0.0470062
0.0469959
0.0469857
0.0469755
0.0469655
0.0469556
0.046946
0.0469365
0.0469272
0.0469183
0.0469098
0.0469018
0.0468945
0.0468882
0.0468833
0.04688
)
;
    }
    ground
    {
        type            empty;
    }
    top
    {
        type            empty;
    }
    front
    {
        type            inletOutlet;
        inletValue      uniform 1;
        value           nonuniform List<scalar> 
100
(
0.961696
0.892193
0.829096
0.771738
0.719529
0.671943
0.628512
0.588817
0.552488
0.519192
0.488633
0.460546
0.434695
0.410868
0.388875
0.368546
0.349729
0.332287
0.316096
0.301046
0.287036
0.273978
0.261788
0.250393
0.239727
0.229729
0.220343
0.211521
0.203215
0.195384
0.18799
0.180998
0.174376
0.168094
0.162125
0.156444
0.151028
0.145856
0.140909
0.13617
0.131623
0.127254
0.123051
0.119004
0.115103
0.111343
0.107717
0.104223
0.100856
0.097616
0.0945024
0.0915149
0.0886541
0.0859202
0.0833135
0.0808336
0.0784802
0.0762523
0.0741482
0.0721655
0.0703008
0.0685504
0.06691
0.0653748
0.06394
0.0626006
0.0613516
0.060188
0.0591047
0.0580969
0.0571599
0.0562892
0.0554804
0.0547293
0.0540322
0.0533853
0.0527852
0.0522287
0.0517128
0.0512347
0.0507919
0.0503819
0.0500026
0.0496521
0.0493284
0.0490299
0.0487552
0.0485028
0.0482716
0.0480606
0.047869
0.0476959
0.0475409
0.0474036
0.0472838
0.0471816
0.0470974
0.0470318
0.0469858
0.046961
)
;
    }
    back
    {
        type            inletOutlet;
        inletValue      uniform 1;
        value           nonuniform List<scalar> 
100
(
0.961696
0.892193
0.829096
0.771738
0.719529
0.671943
0.628512
0.588817
0.552488
0.519192
0.488633
0.460546
0.434695
0.410868
0.388875
0.368546
0.349729
0.332287
0.316097
0.301047
0.287037
0.273978
0.261789
0.250394
0.239728
0.22973
0.220345
0.211522
0.203217
0.195386
0.187993
0.181001
0.174379
0.168098
0.162129
0.156448
0.151033
0.145862
0.140916
0.136177
0.131631
0.127262
0.12306
0.119014
0.115114
0.111355
0.10773
0.104236
0.10087
0.0976304
0.0945172
0.09153
0.0886692
0.0859352
0.083328
0.0808474
0.0784931
0.076264
0.0741584
0.0721738
0.0703072
0.0685545
0.0669116
0.0653738
0.0639361
0.0625936
0.0613415
0.0601746
0.059088
0.0580768
0.0571364
0.0562623
0.05545
0.0546956
0.0539951
0.0533448
0.0527415
0.0521818
0.0516628
0.0511817
0.050736
0.0503233
0.0499414
0.0495883
0.0492622
0.0489614
0.0486845
0.0484302
0.0481972
0.0479845
0.0477913
0.0476169
0.0474607
0.0473224
0.047202
0.0470994
0.047015
0.0469496
0.0469042
0.04688
)
;
    }
}


// ************************************************************************* //
