/*--------------------------------*- C++ -*----------------------------------*\
  =========                 |
  \\      /  F ield         | OpenFOAM: The Open Source CFD Toolbox
   \\    /   O peration     | Website:  https://openfoam.org
    \\  /    A nd           | Version:  11
     \\/     M anipulation  |
\*---------------------------------------------------------------------------*/
FoamFile
{
    format      ascii;
    class       volScalarField;
    location    "2";
    object      omega;
}
// * * * * * * * * * * * * * * * * * * * * * * * * * * * * * * * * * * * * * //

dimensions      [0 0 -1 0 0 0 0];

internalField   nonuniform List<scalar> 
10000
(
0.980419
0.935705
0.907013
0.889165
0.877794
0.870602
0.866071
0.863215
0.86141
0.860262
0.859526
0.859047
0.858731
0.858521
0.858378
0.85828
0.85821
0.858159
0.858121
0.858093
0.85807
0.858052
0.858037
0.858025
0.858015
0.858006
0.857999
0.857992
0.857986
0.857981
0.857977
0.857973
0.857969
0.857966
0.857963
0.85796
0.857958
0.857956
0.857954
0.857952
0.85795
0.857949
0.857948
0.857946
0.857945
0.857944
0.857943
0.857942
0.857941
0.85794
0.85794
0.857939
0.857938
0.857938
0.857937
0.857937
0.857936
0.857936
0.857936
0.857935
0.857935
0.857934
0.857934
0.857934
0.857934
0.857933
0.857933
0.857933
0.857933
0.857933
0.857932
0.857932
0.857932
0.857932
0.857932
0.857932
0.857932
0.857931
0.857931
0.857931
0.857931
0.857931
0.857931
0.857931
0.857931
0.857931
0.857931
0.85793
0.85793
0.85793
0.85793
0.85793
0.85793
0.85793
0.85793
0.85793
0.857929
0.857929
0.857929
0.857929
0.979082
0.935895
0.907203
0.889196
0.877816
0.870638
0.866117
0.863265
0.861459
0.860308
0.859569
0.859087
0.858769
0.858556
0.85841
0.858308
0.858235
0.858182
0.858142
0.858111
0.858087
0.858067
0.858051
0.858037
0.858026
0.858016
0.858008
0.858
0.857994
0.857988
0.857983
0.857979
0.857975
0.857971
0.857968
0.857965
0.857962
0.85796
0.857957
0.857955
0.857953
0.857952
0.85795
0.857949
0.857947
0.857946
0.857945
0.857944
0.857943
0.857942
0.857941
0.857941
0.85794
0.857939
0.857939
0.857938
0.857937
0.857937
0.857936
0.857936
0.857936
0.857935
0.857935
0.857935
0.857934
0.857934
0.857934
0.857933
0.857933
0.857933
0.857933
0.857933
0.857932
0.857932
0.857932
0.857932
0.857932
0.857932
0.857932
0.857932
0.857931
0.857931
0.857931
0.857931
0.857931
0.857931
0.857931
0.857931
0.857931
0.857931
0.85793
0.85793
0.85793
0.85793
0.85793
0.85793
0.85793
0.857929
0.857929
0.857929
0.977302
0.934715
0.906462
0.888726
0.877541
0.870489
0.866043
0.863235
0.861454
0.860317
0.859585
0.859107
0.858791
0.858578
0.858431
0.858329
0.858254
0.8582
0.858158
0.858126
0.8581
0.858079
0.858062
0.858048
0.858035
0.858025
0.858016
0.858008
0.858001
0.857994
0.857989
0.857984
0.857979
0.857975
0.857972
0.857969
0.857966
0.857963
0.85796
0.857958
0.857956
0.857954
0.857952
0.857951
0.857949
0.857948
0.857947
0.857946
0.857945
0.857944
0.857943
0.857942
0.857941
0.85794
0.85794
0.857939
0.857938
0.857938
0.857937
0.857937
0.857936
0.857936
0.857936
0.857935
0.857935
0.857935
0.857934
0.857934
0.857934
0.857934
0.857933
0.857933
0.857933
0.857933
0.857933
0.857932
0.857932
0.857932
0.857932
0.857932
0.857932
0.857932
0.857931
0.857931
0.857931
0.857931
0.857931
0.857931
0.857931
0.857931
0.857931
0.857931
0.85793
0.85793
0.85793
0.85793
0.85793
0.85793
0.857929
0.857929
0.97593
0.933271
0.905627
0.888203
0.877214
0.870285
0.865916
0.863157
0.861408
0.860291
0.859571
0.859102
0.858791
0.858582
0.858437
0.858336
0.858262
0.858207
0.858166
0.858133
0.858107
0.858086
0.858068
0.858053
0.858041
0.85803
0.85802
0.858012
0.858005
0.857998
0.857992
0.857987
0.857982
0.857978
0.857974
0.857971
0.857968
0.857965
0.857962
0.85796
0.857958
0.857956
0.857954
0.857952
0.857951
0.857949
0.857948
0.857947
0.857946
0.857944
0.857944
0.857943
0.857942
0.857941
0.85794
0.85794
0.857939
0.857938
0.857938
0.857937
0.857937
0.857936
0.857936
0.857936
0.857935
0.857935
0.857935
0.857934
0.857934
0.857934
0.857934
0.857933
0.857933
0.857933
0.857933
0.857933
0.857932
0.857932
0.857932
0.857932
0.857932
0.857932
0.857932
0.857932
0.857931
0.857931
0.857931
0.857931
0.857931
0.857931
0.857931
0.857931
0.857931
0.85793
0.85793
0.85793
0.85793
0.85793
0.85793
0.857929
0.974778
0.932327
0.904965
0.887747
0.876902
0.870071
0.865769
0.863055
0.861337
0.860241
0.859537
0.859079
0.858776
0.858572
0.858432
0.858333
0.858261
0.858208
0.858167
0.858135
0.858109
0.858088
0.858071
0.858056
0.858043
0.858032
0.858022
0.858014
0.858007
0.858
0.857994
0.857989
0.857984
0.85798
0.857976
0.857972
0.857969
0.857966
0.857963
0.857961
0.857959
0.857957
0.857955
0.857953
0.857951
0.85795
0.857949
0.857947
0.857946
0.857945
0.857944
0.857943
0.857942
0.857941
0.857941
0.85794
0.857939
0.857939
0.857938
0.857938
0.857937
0.857937
0.857936
0.857936
0.857936
0.857935
0.857935
0.857935
0.857934
0.857934
0.857934
0.857934
0.857933
0.857933
0.857933
0.857933
0.857933
0.857932
0.857932
0.857932
0.857932
0.857932
0.857932
0.857932
0.857932
0.857931
0.857931
0.857931
0.857931
0.857931
0.857931
0.857931
0.857931
0.857931
0.85793
0.85793
0.85793
0.85793
0.85793
0.857929
0.97386
0.931525
0.904417
0.887357
0.876621
0.869867
0.865619
0.862944
0.861253
0.860179
0.85949
0.859044
0.85875
0.858553
0.858418
0.858322
0.858254
0.858202
0.858163
0.858132
0.858108
0.858087
0.85807
0.858056
0.858043
0.858032
0.858023
0.858014
0.858007
0.858
0.857995
0.857989
0.857984
0.85798
0.857976
0.857973
0.857969
0.857967
0.857964
0.857961
0.857959
0.857957
0.857955
0.857953
0.857952
0.85795
0.857949
0.857948
0.857946
0.857945
0.857944
0.857943
0.857942
0.857942
0.857941
0.85794
0.857939
0.857939
0.857938
0.857938
0.857937
0.857937
0.857936
0.857936
0.857936
0.857935
0.857935
0.857935
0.857934
0.857934
0.857934
0.857934
0.857933
0.857933
0.857933
0.857933
0.857933
0.857932
0.857932
0.857932
0.857932
0.857932
0.857932
0.857932
0.857932
0.857931
0.857931
0.857931
0.857931
0.857931
0.857931
0.857931
0.857931
0.857931
0.85793
0.85793
0.85793
0.85793
0.85793
0.857929
0.973117
0.93091
0.903989
0.887048
0.876392
0.869695
0.865488
0.862843
0.861174
0.860117
0.859442
0.859006
0.858721
0.85853
0.8584
0.858309
0.858243
0.858195
0.858157
0.858128
0.858104
0.858084
0.858068
0.858054
0.858042
0.858031
0.858022
0.858014
0.858007
0.858
0.857994
0.857989
0.857985
0.85798
0.857976
0.857973
0.85797
0.857967
0.857964
0.857962
0.857959
0.857957
0.857955
0.857953
0.857952
0.85795
0.857949
0.857948
0.857946
0.857945
0.857944
0.857943
0.857943
0.857942
0.857941
0.85794
0.85794
0.857939
0.857938
0.857938
0.857937
0.857937
0.857936
0.857936
0.857936
0.857935
0.857935
0.857935
0.857934
0.857934
0.857934
0.857934
0.857933
0.857933
0.857933
0.857933
0.857933
0.857932
0.857932
0.857932
0.857932
0.857932
0.857932
0.857932
0.857932
0.857931
0.857931
0.857931
0.857931
0.857931
0.857931
0.857931
0.857931
0.857931
0.85793
0.85793
0.85793
0.85793
0.85793
0.857929
0.972504
0.930426
0.903654
0.886805
0.876211
0.869556
0.865378
0.862755
0.861104
0.86006
0.859396
0.858969
0.858691
0.858507
0.858381
0.858294
0.858232
0.858185
0.85815
0.858122
0.858099
0.858081
0.858065
0.858052
0.85804
0.85803
0.858021
0.858013
0.858006
0.858
0.857994
0.857989
0.857984
0.85798
0.857976
0.857973
0.85797
0.857967
0.857964
0.857961
0.857959
0.857957
0.857955
0.857953
0.857952
0.85795
0.857949
0.857948
0.857947
0.857945
0.857944
0.857943
0.857943
0.857942
0.857941
0.85794
0.85794
0.857939
0.857938
0.857938
0.857937
0.857937
0.857936
0.857936
0.857936
0.857935
0.857935
0.857935
0.857934
0.857934
0.857934
0.857934
0.857933
0.857933
0.857933
0.857933
0.857933
0.857932
0.857932
0.857932
0.857932
0.857932
0.857932
0.857932
0.857932
0.857931
0.857931
0.857931
0.857931
0.857931
0.857931
0.857931
0.857931
0.857931
0.85793
0.85793
0.85793
0.85793
0.85793
0.857929
0.971991
0.930037
0.903388
0.886614
0.876068
0.869444
0.865288
0.862681
0.861043
0.860009
0.859354
0.858935
0.858663
0.858483
0.858363
0.858279
0.858219
0.858175
0.858142
0.858115
0.858094
0.858077
0.858062
0.858049
0.858038
0.858028
0.85802
0.858012
0.858005
0.857999
0.857993
0.857988
0.857984
0.85798
0.857976
0.857972
0.857969
0.857966
0.857964
0.857961
0.857959
0.857957
0.857955
0.857953
0.857952
0.85795
0.857949
0.857948
0.857946
0.857945
0.857944
0.857943
0.857943
0.857942
0.857941
0.85794
0.85794
0.857939
0.857938
0.857938
0.857937
0.857937
0.857936
0.857936
0.857936
0.857935
0.857935
0.857935
0.857934
0.857934
0.857934
0.857934
0.857933
0.857933
0.857933
0.857933
0.857933
0.857932
0.857932
0.857932
0.857932
0.857932
0.857932
0.857932
0.857932
0.857931
0.857931
0.857931
0.857931
0.857931
0.857931
0.857931
0.857931
0.857931
0.85793
0.85793
0.85793
0.85793
0.85793
0.857929
0.971558
0.929719
0.903174
0.886462
0.875954
0.869354
0.865215
0.86262
0.86099
0.859965
0.859317
0.858903
0.858636
0.858461
0.858344
0.858264
0.858207
0.858165
0.858133
0.858109
0.858089
0.858072
0.858058
0.858046
0.858035
0.858026
0.858018
0.85801
0.858004
0.857998
0.857992
0.857988
0.857983
0.857979
0.857975
0.857972
0.857969
0.857966
0.857964
0.857961
0.857959
0.857957
0.857955
0.857953
0.857952
0.85795
0.857949
0.857948
0.857946
0.857945
0.857944
0.857943
0.857942
0.857942
0.857941
0.85794
0.85794
0.857939
0.857938
0.857938
0.857937
0.857937
0.857936
0.857936
0.857936
0.857935
0.857935
0.857935
0.857934
0.857934
0.857934
0.857934
0.857933
0.857933
0.857933
0.857933
0.857933
0.857932
0.857932
0.857932
0.857932
0.857932
0.857932
0.857932
0.857932
0.857931
0.857931
0.857931
0.857931
0.857931
0.857931
0.857931
0.857931
0.857931
0.85793
0.85793
0.85793
0.85793
0.85793
0.857929
0.97119
0.929455
0.902999
0.886339
0.875862
0.869282
0.865156
0.862569
0.860947
0.859927
0.859284
0.858875
0.858612
0.858441
0.858327
0.858249
0.858195
0.858155
0.858125
0.858102
0.858083
0.858067
0.858054
0.858042
0.858032
0.858024
0.858016
0.858009
0.858002
0.857997
0.857991
0.857987
0.857982
0.857978
0.857975
0.857972
0.857969
0.857966
0.857963
0.857961
0.857959
0.857957
0.857955
0.857953
0.857952
0.85795
0.857949
0.857947
0.857946
0.857945
0.857944
0.857943
0.857942
0.857942
0.857941
0.85794
0.857939
0.857939
0.857938
0.857938
0.857937
0.857937
0.857936
0.857936
0.857936
0.857935
0.857935
0.857935
0.857934
0.857934
0.857934
0.857934
0.857933
0.857933
0.857933
0.857933
0.857933
0.857932
0.857932
0.857932
0.857932
0.857932
0.857932
0.857932
0.857931
0.857931
0.857931
0.857931
0.857931
0.857931
0.857931
0.857931
0.857931
0.85793
0.85793
0.85793
0.85793
0.85793
0.85793
0.857929
0.970867
0.929231
0.902853
0.886238
0.875788
0.869224
0.865107
0.862527
0.86091
0.859894
0.859255
0.858849
0.85859
0.858422
0.858311
0.858235
0.858183
0.858145
0.858117
0.858095
0.858077
0.858062
0.85805
0.858039
0.85803
0.858021
0.858014
0.858007
0.858001
0.857995
0.85799
0.857986
0.857982
0.857978
0.857974
0.857971
0.857968
0.857965
0.857963
0.857961
0.857958
0.857956
0.857955
0.857953
0.857951
0.85795
0.857949
0.857947
0.857946
0.857945
0.857944
0.857943
0.857942
0.857942
0.857941
0.85794
0.857939
0.857939
0.857938
0.857938
0.857937
0.857937
0.857936
0.857936
0.857936
0.857935
0.857935
0.857935
0.857934
0.857934
0.857934
0.857933
0.857933
0.857933
0.857933
0.857933
0.857933
0.857932
0.857932
0.857932
0.857932
0.857932
0.857932
0.857932
0.857931
0.857931
0.857931
0.857931
0.857931
0.857931
0.857931
0.857931
0.857931
0.85793
0.85793
0.85793
0.85793
0.85793
0.857929
0.857929
0.970583
0.929037
0.902729
0.886154
0.875728
0.869177
0.865067
0.862492
0.860879
0.859866
0.85923
0.858827
0.85857
0.858405
0.858296
0.858223
0.858172
0.858136
0.858109
0.858088
0.858071
0.858057
0.858046
0.858036
0.858027
0.858019
0.858012
0.858005
0.857999
0.857994
0.857989
0.857985
0.857981
0.857977
0.857974
0.85797
0.857968
0.857965
0.857962
0.85796
0.857958
0.857956
0.857954
0.857953
0.857951
0.85795
0.857948
0.857947
0.857946
0.857945
0.857944
0.857943
0.857942
0.857941
0.857941
0.85794
0.857939
0.857939
0.857938
0.857938
0.857937
0.857937
0.857936
0.857936
0.857935
0.857935
0.857935
0.857934
0.857934
0.857934
0.857934
0.857933
0.857933
0.857933
0.857933
0.857933
0.857932
0.857932
0.857932
0.857932
0.857932
0.857932
0.857932
0.857931
0.857931
0.857931
0.857931
0.857931
0.857931
0.857931
0.857931
0.857931
0.85793
0.85793
0.85793
0.85793
0.85793
0.85793
0.857929
0.857929
0.970332
0.928869
0.902622
0.886083
0.875677
0.869138
0.865035
0.862463
0.860852
0.859842
0.859208
0.858807
0.858553
0.858389
0.858282
0.858211
0.858162
0.858127
0.858101
0.858081
0.858066
0.858053
0.858042
0.858032
0.858024
0.858016
0.858009
0.858003
0.857998
0.857993
0.857988
0.857984
0.85798
0.857976
0.857973
0.85797
0.857967
0.857964
0.857962
0.85796
0.857958
0.857956
0.857954
0.857953
0.857951
0.85795
0.857948
0.857947
0.857946
0.857945
0.857944
0.857943
0.857942
0.857941
0.857941
0.85794
0.857939
0.857939
0.857938
0.857938
0.857937
0.857937
0.857936
0.857936
0.857935
0.857935
0.857935
0.857934
0.857934
0.857934
0.857934
0.857933
0.857933
0.857933
0.857933
0.857933
0.857932
0.857932
0.857932
0.857932
0.857932
0.857932
0.857932
0.857931
0.857931
0.857931
0.857931
0.857931
0.857931
0.857931
0.857931
0.857931
0.85793
0.85793
0.85793
0.85793
0.85793
0.85793
0.857929
0.857929
0.970108
0.928721
0.902529
0.886022
0.875634
0.869105
0.865008
0.862439
0.86083
0.859822
0.859189
0.85879
0.858537
0.858375
0.858269
0.8582
0.858152
0.858118
0.858094
0.858075
0.85806
0.858048
0.858038
0.858029
0.858021
0.858014
0.858007
0.858001
0.857996
0.857991
0.857987
0.857983
0.857979
0.857975
0.857972
0.857969
0.857967
0.857964
0.857962
0.857959
0.857957
0.857956
0.857954
0.857952
0.857951
0.857949
0.857948
0.857947
0.857946
0.857945
0.857944
0.857943
0.857942
0.857941
0.85794
0.85794
0.857939
0.857939
0.857938
0.857937
0.857937
0.857937
0.857936
0.857936
0.857935
0.857935
0.857935
0.857934
0.857934
0.857934
0.857934
0.857933
0.857933
0.857933
0.857933
0.857933
0.857932
0.857932
0.857932
0.857932
0.857932
0.857932
0.857931
0.857931
0.857931
0.857931
0.857931
0.857931
0.857931
0.857931
0.857931
0.857931
0.85793
0.85793
0.85793
0.85793
0.85793
0.85793
0.857929
0.857929
0.969907
0.928591
0.902447
0.88597
0.875598
0.869078
0.864985
0.862419
0.860811
0.859804
0.859172
0.858774
0.858523
0.858362
0.858258
0.858189
0.858143
0.858111
0.858087
0.858069
0.858055
0.858043
0.858034
0.858025
0.858018
0.858011
0.858005
0.858
0.857994
0.85799
0.857986
0.857982
0.857978
0.857975
0.857972
0.857969
0.857966
0.857964
0.857961
0.857959
0.857957
0.857955
0.857954
0.857952
0.857951
0.857949
0.857948
0.857947
0.857946
0.857945
0.857944
0.857943
0.857942
0.857941
0.85794
0.85794
0.857939
0.857938
0.857938
0.857937
0.857937
0.857936
0.857936
0.857936
0.857935
0.857935
0.857935
0.857934
0.857934
0.857934
0.857933
0.857933
0.857933
0.857933
0.857933
0.857932
0.857932
0.857932
0.857932
0.857932
0.857932
0.857932
0.857931
0.857931
0.857931
0.857931
0.857931
0.857931
0.857931
0.857931
0.857931
0.85793
0.85793
0.85793
0.85793
0.85793
0.85793
0.85793
0.857929
0.857929
0.969727
0.928474
0.902375
0.885924
0.875567
0.869054
0.864966
0.862402
0.860795
0.859789
0.859158
0.858761
0.85851
0.858351
0.858248
0.85818
0.858135
0.858103
0.858081
0.858063
0.85805
0.858039
0.85803
0.858022
0.858015
0.858009
0.858003
0.857998
0.857993
0.857988
0.857984
0.857981
0.857977
0.857974
0.857971
0.857968
0.857965
0.857963
0.857961
0.857959
0.857957
0.857955
0.857953
0.857952
0.85795
0.857949
0.857948
0.857947
0.857945
0.857944
0.857943
0.857943
0.857942
0.857941
0.85794
0.85794
0.857939
0.857938
0.857938
0.857937
0.857937
0.857936
0.857936
0.857936
0.857935
0.857935
0.857934
0.857934
0.857934
0.857934
0.857933
0.857933
0.857933
0.857933
0.857933
0.857932
0.857932
0.857932
0.857932
0.857932
0.857932
0.857931
0.857931
0.857931
0.857931
0.857931
0.857931
0.857931
0.857931
0.857931
0.85793
0.85793
0.85793
0.85793
0.85793
0.85793
0.85793
0.85793
0.857929
0.857929
0.969564
0.92837
0.902311
0.885884
0.87554
0.869035
0.864949
0.862387
0.860782
0.859776
0.859145
0.858749
0.858499
0.85834
0.858238
0.858172
0.858127
0.858096
0.858074
0.858058
0.858045
0.858035
0.858026
0.858019
0.858012
0.858006
0.858001
0.857996
0.857991
0.857987
0.857983
0.857979
0.857976
0.857973
0.85797
0.857967
0.857965
0.857963
0.85796
0.857958
0.857956
0.857955
0.857953
0.857951
0.85795
0.857949
0.857948
0.857946
0.857945
0.857944
0.857943
0.857942
0.857942
0.857941
0.85794
0.857939
0.857939
0.857938
0.857938
0.857937
0.857937
0.857936
0.857936
0.857935
0.857935
0.857935
0.857934
0.857934
0.857934
0.857934
0.857933
0.857933
0.857933
0.857933
0.857932
0.857932
0.857932
0.857932
0.857932
0.857932
0.857932
0.857931
0.857931
0.857931
0.857931
0.857931
0.857931
0.857931
0.857931
0.857931
0.85793
0.85793
0.85793
0.85793
0.85793
0.85793
0.85793
0.857929
0.857929
0.857929
0.969416
0.928277
0.902254
0.885849
0.875517
0.869018
0.864936
0.862375
0.86077
0.859765
0.859134
0.858738
0.858489
0.858331
0.85823
0.858164
0.85812
0.85809
0.858069
0.858053
0.858041
0.858031
0.858023
0.858016
0.85801
0.858004
0.857999
0.857994
0.85799
0.857986
0.857982
0.857978
0.857975
0.857972
0.857969
0.857967
0.857964
0.857962
0.85796
0.857958
0.857956
0.857954
0.857953
0.857951
0.85795
0.857949
0.857947
0.857946
0.857945
0.857944
0.857943
0.857942
0.857941
0.857941
0.85794
0.857939
0.857939
0.857938
0.857938
0.857937
0.857937
0.857936
0.857936
0.857935
0.857935
0.857935
0.857934
0.857934
0.857934
0.857933
0.857933
0.857933
0.857933
0.857933
0.857932
0.857932
0.857932
0.857932
0.857932
0.857932
0.857931
0.857931
0.857931
0.857931
0.857931
0.857931
0.857931
0.857931
0.857931
0.85793
0.85793
0.85793
0.85793
0.85793
0.85793
0.85793
0.85793
0.857929
0.857929
0.857929
0.969282
0.928193
0.902205
0.885819
0.875498
0.869004
0.864924
0.862365
0.86076
0.859755
0.859125
0.858729
0.85848
0.858323
0.858222
0.858157
0.858114
0.858084
0.858064
0.858048
0.858037
0.858028
0.85802
0.858013
0.858007
0.858002
0.857997
0.857992
0.857988
0.857984
0.857981
0.857977
0.857974
0.857971
0.857969
0.857966
0.857964
0.857961
0.857959
0.857957
0.857956
0.857954
0.857952
0.857951
0.85795
0.857948
0.857947
0.857946
0.857945
0.857944
0.857943
0.857942
0.857941
0.857941
0.85794
0.857939
0.857939
0.857938
0.857937
0.857937
0.857937
0.857936
0.857936
0.857935
0.857935
0.857935
0.857934
0.857934
0.857934
0.857933
0.857933
0.857933
0.857933
0.857933
0.857932
0.857932
0.857932
0.857932
0.857932
0.857932
0.857931
0.857931
0.857931
0.857931
0.857931
0.857931
0.857931
0.857931
0.857931
0.85793
0.85793
0.85793
0.85793
0.85793
0.85793
0.85793
0.85793
0.857929
0.857929
0.857929
0.96916
0.928119
0.902162
0.885793
0.875481
0.868993
0.864915
0.862356
0.860752
0.859746
0.859116
0.858721
0.858472
0.858315
0.858215
0.85815
0.858108
0.858079
0.858059
0.858044
0.858033
0.858024
0.858017
0.85801
0.858005
0.858
0.857995
0.857991
0.857987
0.857983
0.85798
0.857976
0.857973
0.857971
0.857968
0.857965
0.857963
0.857961
0.857959
0.857957
0.857955
0.857954
0.857952
0.857951
0.857949
0.857948
0.857947
0.857946
0.857945
0.857944
0.857943
0.857942
0.857941
0.85794
0.85794
0.857939
0.857939
0.857938
0.857937
0.857937
0.857936
0.857936
0.857936
0.857935
0.857935
0.857934
0.857934
0.857934
0.857934
0.857933
0.857933
0.857933
0.857933
0.857932
0.857932
0.857932
0.857932
0.857932
0.857932
0.857931
0.857931
0.857931
0.857931
0.857931
0.857931
0.857931
0.857931
0.857931
0.85793
0.85793
0.85793
0.85793
0.85793
0.85793
0.85793
0.85793
0.85793
0.857929
0.857929
0.857929
0.969048
0.928052
0.902125
0.885772
0.875468
0.868983
0.864907
0.862349
0.860744
0.859739
0.859109
0.858714
0.858465
0.858308
0.858208
0.858144
0.858102
0.858074
0.858054
0.85804
0.858029
0.858021
0.858014
0.858008
0.858002
0.857998
0.857993
0.857989
0.857985
0.857982
0.857978
0.857975
0.857972
0.85797
0.857967
0.857965
0.857963
0.85796
0.857959
0.857957
0.857955
0.857953
0.857952
0.85795
0.857949
0.857948
0.857947
0.857946
0.857945
0.857944
0.857943
0.857942
0.857941
0.85794
0.85794
0.857939
0.857938
0.857938
0.857937
0.857937
0.857936
0.857936
0.857935
0.857935
0.857935
0.857934
0.857934
0.857934
0.857934
0.857933
0.857933
0.857933
0.857933
0.857932
0.857932
0.857932
0.857932
0.857932
0.857932
0.857931
0.857931
0.857931
0.857931
0.857931
0.857931
0.857931
0.857931
0.85793
0.85793
0.85793
0.85793
0.85793
0.85793
0.85793
0.85793
0.85793
0.857929
0.857929
0.857929
0.857929
0.968947
0.927995
0.902095
0.885756
0.875459
0.868977
0.864902
0.862343
0.860738
0.859733
0.859102
0.858707
0.858459
0.858302
0.858203
0.858139
0.858097
0.858069
0.85805
0.858036
0.858026
0.858018
0.858011
0.858005
0.858
0.857996
0.857991
0.857987
0.857984
0.857981
0.857977
0.857974
0.857972
0.857969
0.857967
0.857964
0.857962
0.85796
0.857958
0.857956
0.857955
0.857953
0.857952
0.85795
0.857949
0.857948
0.857946
0.857945
0.857944
0.857943
0.857943
0.857942
0.857941
0.85794
0.85794
0.857939
0.857938
0.857938
0.857937
0.857937
0.857936
0.857936
0.857935
0.857935
0.857935
0.857934
0.857934
0.857934
0.857933
0.857933
0.857933
0.857933
0.857932
0.857932
0.857932
0.857932
0.857932
0.857932
0.857931
0.857931
0.857931
0.857931
0.857931
0.857931
0.857931
0.857931
0.85793
0.85793
0.85793
0.85793
0.85793
0.85793
0.85793
0.85793
0.85793
0.85793
0.857929
0.857929
0.857929
0.857929
0.968856
0.927952
0.902077
0.885748
0.875454
0.868973
0.864897
0.862338
0.860733
0.859727
0.859097
0.858701
0.858453
0.858297
0.858197
0.858134
0.858092
0.858065
0.858046
0.858033
0.858023
0.858015
0.858008
0.858003
0.857998
0.857994
0.85799
0.857986
0.857983
0.857979
0.857976
0.857973
0.857971
0.857968
0.857966
0.857964
0.857961
0.85796
0.857958
0.857956
0.857954
0.857953
0.857951
0.85795
0.857949
0.857947
0.857946
0.857945
0.857944
0.857943
0.857942
0.857942
0.857941
0.85794
0.857939
0.857939
0.857938
0.857938
0.857937
0.857937
0.857936
0.857936
0.857935
0.857935
0.857935
0.857934
0.857934
0.857934
0.857933
0.857933
0.857933
0.857933
0.857932
0.857932
0.857932
0.857932
0.857932
0.857932
0.857931
0.857931
0.857931
0.857931
0.857931
0.857931
0.857931
0.857931
0.85793
0.85793
0.85793
0.85793
0.85793
0.85793
0.85793
0.85793
0.85793
0.857929
0.857929
0.857929
0.857929
0.857929
0.968768
0.927936
0.902079
0.88575
0.875454
0.868971
0.864894
0.862334
0.860729
0.859722
0.859091
0.858696
0.858448
0.858291
0.858192
0.858129
0.858088
0.858061
0.858042
0.858029
0.85802
0.858012
0.858006
0.858001
0.857996
0.857992
0.857988
0.857985
0.857981
0.857978
0.857975
0.857973
0.85797
0.857967
0.857965
0.857963
0.857961
0.857959
0.857957
0.857955
0.857954
0.857952
0.857951
0.85795
0.857948
0.857947
0.857946
0.857945
0.857944
0.857943
0.857942
0.857941
0.857941
0.85794
0.857939
0.857939
0.857938
0.857937
0.857937
0.857936
0.857936
0.857936
0.857935
0.857935
0.857934
0.857934
0.857934
0.857934
0.857933
0.857933
0.857933
0.857933
0.857932
0.857932
0.857932
0.857932
0.857932
0.857931
0.857931
0.857931
0.857931
0.857931
0.857931
0.857931
0.857931
0.85793
0.85793
0.85793
0.85793
0.85793
0.85793
0.85793
0.85793
0.85793
0.857929
0.857929
0.857929
0.857929
0.857929
0.857929
0.968649
0.927997
0.902114
0.885762
0.875456
0.868969
0.864891
0.862331
0.860725
0.859718
0.859087
0.858691
0.858443
0.858287
0.858188
0.858125
0.858084
0.858057
0.858039
0.858026
0.858017
0.858009
0.858004
0.857999
0.857994
0.85799
0.857987
0.857983
0.85798
0.857977
0.857974
0.857972
0.857969
0.857967
0.857965
0.857962
0.85796
0.857959
0.857957
0.857955
0.857954
0.857952
0.857951
0.857949
0.857948
0.857947
0.857946
0.857945
0.857944
0.857943
0.857942
0.857941
0.857941
0.85794
0.857939
0.857939
0.857938
0.857937
0.857937
0.857936
0.857936
0.857936
0.857935
0.857935
0.857934
0.857934
0.857934
0.857933
0.857933
0.857933
0.857933
0.857932
0.857932
0.857932
0.857932
0.857932
0.857932
0.857931
0.857931
0.857931
0.857931
0.857931
0.857931
0.857931
0.85793
0.85793
0.85793
0.85793
0.85793
0.85793
0.85793
0.85793
0.85793
0.85793
0.857929
0.857929
0.857929
0.857929
0.857929
0.857929
0.968273
0.928356
0.902183
0.885771
0.875454
0.868965
0.864887
0.862327
0.860721
0.859714
0.859083
0.858687
0.858439
0.858283
0.858184
0.858121
0.858081
0.858054
0.858036
0.858023
0.858014
0.858007
0.858001
0.857997
0.857992
0.857989
0.857985
0.857982
0.857979
0.857976
0.857973
0.857971
0.857968
0.857966
0.857964
0.857962
0.85796
0.857958
0.857956
0.857955
0.857953
0.857952
0.85795
0.857949
0.857948
0.857947
0.857946
0.857945
0.857944
0.857943
0.857942
0.857941
0.85794
0.85794
0.857939
0.857938
0.857938
0.857937
0.857937
0.857936
0.857936
0.857935
0.857935
0.857935
0.857934
0.857934
0.857934
0.857933
0.857933
0.857933
0.857933
0.857932
0.857932
0.857932
0.857932
0.857932
0.857931
0.857931
0.857931
0.857931
0.857931
0.857931
0.857931
0.857931
0.85793
0.85793
0.85793
0.85793
0.85793
0.85793
0.85793
0.85793
0.85793
0.857929
0.857929
0.857929
0.857929
0.857929
0.857929
0.857929
0.968508
0.927901
0.902057
0.885728
0.875436
0.868956
0.864881
0.862322
0.860716
0.85971
0.859079
0.858683
0.858435
0.858279
0.85818
0.858118
0.858077
0.858051
0.858033
0.858021
0.858012
0.858005
0.857999
0.857995
0.857991
0.857987
0.857984
0.857981
0.857978
0.857975
0.857972
0.85797
0.857968
0.857965
0.857963
0.857961
0.857959
0.857958
0.857956
0.857954
0.857953
0.857951
0.85795
0.857949
0.857948
0.857947
0.857945
0.857944
0.857944
0.857943
0.857942
0.857941
0.85794
0.85794
0.857939
0.857938
0.857938
0.857937
0.857937
0.857936
0.857936
0.857935
0.857935
0.857935
0.857934
0.857934
0.857934
0.857933
0.857933
0.857933
0.857933
0.857932
0.857932
0.857932
0.857932
0.857932
0.857931
0.857931
0.857931
0.857931
0.857931
0.857931
0.857931
0.85793
0.85793
0.85793
0.85793
0.85793
0.85793
0.85793
0.85793
0.85793
0.857929
0.857929
0.857929
0.857929
0.857929
0.857929
0.857929
0.857929
0.968482
0.927755
0.901971
0.885685
0.875414
0.868945
0.864875
0.862317
0.860712
0.859706
0.859075
0.85868
0.858431
0.858275
0.858177
0.858114
0.858074
0.858048
0.85803
0.858018
0.858009
0.858003
0.857997
0.857993
0.857989
0.857986
0.857982
0.857979
0.857977
0.857974
0.857972
0.857969
0.857967
0.857965
0.857963
0.857961
0.857959
0.857957
0.857956
0.857954
0.857953
0.857951
0.85795
0.857949
0.857947
0.857946
0.857945
0.857944
0.857943
0.857942
0.857942
0.857941
0.85794
0.857939
0.857939
0.857938
0.857938
0.857937
0.857937
0.857936
0.857936
0.857935
0.857935
0.857934
0.857934
0.857934
0.857933
0.857933
0.857933
0.857933
0.857932
0.857932
0.857932
0.857932
0.857932
0.857931
0.857931
0.857931
0.857931
0.857931
0.857931
0.857931
0.85793
0.85793
0.85793
0.85793
0.85793
0.85793
0.85793
0.85793
0.85793
0.85793
0.857929
0.857929
0.857929
0.857929
0.857929
0.857929
0.857929
0.857929
0.968425
0.927686
0.901919
0.885654
0.875396
0.868934
0.864868
0.862313
0.860709
0.859702
0.859072
0.858676
0.858428
0.858272
0.858174
0.858112
0.858072
0.858045
0.858028
0.858016
0.858007
0.858001
0.857996
0.857991
0.857988
0.857984
0.857981
0.857978
0.857976
0.857973
0.857971
0.857968
0.857966
0.857964
0.857962
0.85796
0.857959
0.857957
0.857955
0.857954
0.857952
0.857951
0.85795
0.857948
0.857947
0.857946
0.857945
0.857944
0.857943
0.857942
0.857941
0.857941
0.85794
0.857939
0.857939
0.857938
0.857938
0.857937
0.857936
0.857936
0.857936
0.857935
0.857935
0.857934
0.857934
0.857934
0.857933
0.857933
0.857933
0.857933
0.857932
0.857932
0.857932
0.857932
0.857932
0.857931
0.857931
0.857931
0.857931
0.857931
0.857931
0.857931
0.85793
0.85793
0.85793
0.85793
0.85793
0.85793
0.85793
0.85793
0.85793
0.857929
0.857929
0.857929
0.857929
0.857929
0.857929
0.857929
0.857929
0.857928
0.968368
0.92764
0.901886
0.885632
0.875383
0.868926
0.864862
0.862309
0.860705
0.859699
0.859069
0.858673
0.858425
0.858269
0.858171
0.858109
0.858069
0.858043
0.858026
0.858014
0.858005
0.857999
0.857994
0.85799
0.857986
0.857983
0.85798
0.857977
0.857975
0.857972
0.85797
0.857968
0.857966
0.857964
0.857962
0.85796
0.857958
0.857956
0.857955
0.857953
0.857952
0.857951
0.857949
0.857948
0.857947
0.857946
0.857945
0.857944
0.857943
0.857942
0.857941
0.857941
0.85794
0.857939
0.857939
0.857938
0.857937
0.857937
0.857936
0.857936
0.857935
0.857935
0.857935
0.857934
0.857934
0.857934
0.857933
0.857933
0.857933
0.857933
0.857932
0.857932
0.857932
0.857932
0.857931
0.857931
0.857931
0.857931
0.857931
0.857931
0.857931
0.85793
0.85793
0.85793
0.85793
0.85793
0.85793
0.85793
0.85793
0.85793
0.857929
0.857929
0.857929
0.857929
0.857929
0.857929
0.857929
0.857929
0.857929
0.857928
0.968317
0.927605
0.901863
0.885616
0.875372
0.868919
0.864858
0.862305
0.860702
0.859697
0.859066
0.858671
0.858423
0.858267
0.858169
0.858106
0.858067
0.858041
0.858024
0.858012
0.858004
0.857997
0.857993
0.857988
0.857985
0.857982
0.857979
0.857976
0.857974
0.857971
0.857969
0.857967
0.857965
0.857963
0.857961
0.857959
0.857958
0.857956
0.857955
0.857953
0.857952
0.85795
0.857949
0.857948
0.857947
0.857946
0.857945
0.857944
0.857943
0.857942
0.857941
0.85794
0.85794
0.857939
0.857938
0.857938
0.857937
0.857937
0.857936
0.857936
0.857935
0.857935
0.857935
0.857934
0.857934
0.857934
0.857933
0.857933
0.857933
0.857932
0.857932
0.857932
0.857932
0.857932
0.857931
0.857931
0.857931
0.857931
0.857931
0.857931
0.857931
0.85793
0.85793
0.85793
0.85793
0.85793
0.85793
0.85793
0.85793
0.85793
0.857929
0.857929
0.857929
0.857929
0.857929
0.857929
0.857929
0.857929
0.857929
0.857928
0.968271
0.927575
0.901843
0.885604
0.875364
0.868914
0.864854
0.862302
0.8607
0.859694
0.859063
0.858668
0.85842
0.858264
0.858166
0.858104
0.858064
0.858039
0.858022
0.85801
0.858002
0.857996
0.857991
0.857987
0.857984
0.857981
0.857978
0.857975
0.857973
0.857971
0.857969
0.857966
0.857964
0.857963
0.857961
0.857959
0.857957
0.857956
0.857954
0.857953
0.857951
0.85795
0.857949
0.857948
0.857947
0.857946
0.857945
0.857944
0.857943
0.857942
0.857941
0.85794
0.85794
0.857939
0.857938
0.857938
0.857937
0.857937
0.857936
0.857936
0.857935
0.857935
0.857934
0.857934
0.857934
0.857933
0.857933
0.857933
0.857933
0.857932
0.857932
0.857932
0.857932
0.857932
0.857931
0.857931
0.857931
0.857931
0.857931
0.857931
0.85793
0.85793
0.85793
0.85793
0.85793
0.85793
0.85793
0.85793
0.85793
0.857929
0.857929
0.857929
0.857929
0.857929
0.857929
0.857929
0.857929
0.857929
0.857928
0.857928
0.968229
0.927549
0.901827
0.885594
0.875358
0.86891
0.864851
0.8623
0.860697
0.859692
0.859061
0.858666
0.858418
0.858262
0.858164
0.858102
0.858063
0.858037
0.85802
0.858009
0.858
0.857994
0.85799
0.857986
0.857983
0.85798
0.857977
0.857975
0.857972
0.85797
0.857968
0.857966
0.857964
0.857962
0.85796
0.857959
0.857957
0.857955
0.857954
0.857952
0.857951
0.85795
0.857949
0.857947
0.857946
0.857945
0.857944
0.857943
0.857943
0.857942
0.857941
0.85794
0.85794
0.857939
0.857938
0.857938
0.857937
0.857937
0.857936
0.857936
0.857935
0.857935
0.857934
0.857934
0.857934
0.857933
0.857933
0.857933
0.857933
0.857932
0.857932
0.857932
0.857932
0.857931
0.857931
0.857931
0.857931
0.857931
0.857931
0.857931
0.85793
0.85793
0.85793
0.85793
0.85793
0.85793
0.85793
0.85793
0.85793
0.857929
0.857929
0.857929
0.857929
0.857929
0.857929
0.857929
0.857929
0.857929
0.857928
0.857928
0.96819
0.927525
0.901813
0.885585
0.875353
0.868906
0.864849
0.862298
0.860696
0.85969
0.859059
0.858664
0.858416
0.85826
0.858162
0.8581
0.858061
0.858035
0.858018
0.858007
0.857999
0.857993
0.857989
0.857985
0.857982
0.857979
0.857976
0.857974
0.857972
0.857969
0.857967
0.857965
0.857963
0.857962
0.85796
0.857958
0.857957
0.857955
0.857954
0.857952
0.857951
0.85795
0.857948
0.857947
0.857946
0.857945
0.857944
0.857943
0.857942
0.857942
0.857941
0.85794
0.857939
0.857939
0.857938
0.857938
0.857937
0.857937
0.857936
0.857936
0.857935
0.857935
0.857934
0.857934
0.857934
0.857933
0.857933
0.857933
0.857932
0.857932
0.857932
0.857932
0.857932
0.857931
0.857931
0.857931
0.857931
0.857931
0.857931
0.85793
0.85793
0.85793
0.85793
0.85793
0.85793
0.85793
0.85793
0.85793
0.857929
0.857929
0.857929
0.857929
0.857929
0.857929
0.857929
0.857929
0.857929
0.857929
0.857928
0.857928
0.968155
0.927504
0.901801
0.885578
0.875349
0.868903
0.864847
0.862296
0.860694
0.859688
0.859058
0.858662
0.858414
0.858259
0.858161
0.858099
0.858059
0.858034
0.858017
0.858006
0.857998
0.857992
0.857987
0.857984
0.857981
0.857978
0.857975
0.857973
0.857971
0.857969
0.857967
0.857965
0.857963
0.857961
0.857959
0.857958
0.857956
0.857955
0.857953
0.857952
0.857951
0.857949
0.857948
0.857947
0.857946
0.857945
0.857944
0.857943
0.857942
0.857942
0.857941
0.85794
0.857939
0.857939
0.857938
0.857937
0.857937
0.857936
0.857936
0.857935
0.857935
0.857935
0.857934
0.857934
0.857934
0.857933
0.857933
0.857933
0.857932
0.857932
0.857932
0.857932
0.857932
0.857931
0.857931
0.857931
0.857931
0.857931
0.857931
0.85793
0.85793
0.85793
0.85793
0.85793
0.85793
0.85793
0.85793
0.857929
0.857929
0.857929
0.857929
0.857929
0.857929
0.857929
0.857929
0.857929
0.857929
0.857928
0.857928
0.857928
0.968122
0.927484
0.901789
0.885571
0.875345
0.868901
0.864845
0.862295
0.860693
0.859687
0.859056
0.858661
0.858413
0.858257
0.858159
0.858097
0.858058
0.858032
0.858016
0.858004
0.857997
0.857991
0.857986
0.857983
0.85798
0.857977
0.857975
0.857972
0.85797
0.857968
0.857966
0.857964
0.857962
0.857961
0.857959
0.857957
0.857956
0.857954
0.857953
0.857952
0.85795
0.857949
0.857948
0.857947
0.857946
0.857945
0.857944
0.857943
0.857942
0.857941
0.857941
0.85794
0.857939
0.857939
0.857938
0.857937
0.857937
0.857936
0.857936
0.857935
0.857935
0.857935
0.857934
0.857934
0.857934
0.857933
0.857933
0.857933
0.857932
0.857932
0.857932
0.857932
0.857931
0.857931
0.857931
0.857931
0.857931
0.857931
0.85793
0.85793
0.85793
0.85793
0.85793
0.85793
0.85793
0.85793
0.85793
0.857929
0.857929
0.857929
0.857929
0.857929
0.857929
0.857929
0.857929
0.857929
0.857929
0.857928
0.857928
0.857928
0.968093
0.927467
0.901779
0.885566
0.875342
0.868899
0.864844
0.862294
0.860691
0.859686
0.859055
0.858659
0.858411
0.858256
0.858158
0.858096
0.858056
0.858031
0.858014
0.858003
0.857995
0.85799
0.857985
0.857982
0.857979
0.857976
0.857974
0.857972
0.85797
0.857968
0.857966
0.857964
0.857962
0.85796
0.857959
0.857957
0.857956
0.857954
0.857953
0.857951
0.85795
0.857949
0.857948
0.857947
0.857946
0.857945
0.857944
0.857943
0.857942
0.857941
0.857941
0.85794
0.857939
0.857938
0.857938
0.857937
0.857937
0.857936
0.857936
0.857935
0.857935
0.857935
0.857934
0.857934
0.857933
0.857933
0.857933
0.857933
0.857932
0.857932
0.857932
0.857932
0.857931
0.857931
0.857931
0.857931
0.857931
0.857931
0.85793
0.85793
0.85793
0.85793
0.85793
0.85793
0.85793
0.85793
0.857929
0.857929
0.857929
0.857929
0.857929
0.857929
0.857929
0.857929
0.857929
0.857929
0.857928
0.857928
0.857928
0.857928
0.968066
0.927451
0.90177
0.885561
0.875339
0.868898
0.864843
0.862293
0.860691
0.859685
0.859054
0.858658
0.85841
0.858254
0.858156
0.858094
0.858055
0.85803
0.858013
0.858002
0.857994
0.857989
0.857985
0.857981
0.857978
0.857976
0.857973
0.857971
0.857969
0.857967
0.857965
0.857963
0.857962
0.85796
0.857958
0.857957
0.857955
0.857954
0.857953
0.857951
0.85795
0.857949
0.857948
0.857947
0.857946
0.857945
0.857944
0.857943
0.857942
0.857941
0.85794
0.85794
0.857939
0.857938
0.857938
0.857937
0.857937
0.857936
0.857936
0.857935
0.857935
0.857934
0.857934
0.857934
0.857933
0.857933
0.857933
0.857932
0.857932
0.857932
0.857932
0.857932
0.857931
0.857931
0.857931
0.857931
0.857931
0.85793
0.85793
0.85793
0.85793
0.85793
0.85793
0.85793
0.85793
0.85793
0.857929
0.857929
0.857929
0.857929
0.857929
0.857929
0.857929
0.857929
0.857929
0.857929
0.857928
0.857928
0.857928
0.857928
0.968042
0.927437
0.901763
0.885557
0.875337
0.868897
0.864842
0.862292
0.86069
0.859684
0.859053
0.858657
0.858409
0.858253
0.858155
0.858093
0.858054
0.858029
0.858012
0.858001
0.857994
0.857988
0.857984
0.85798
0.857978
0.857975
0.857973
0.857971
0.857969
0.857967
0.857965
0.857963
0.857961
0.85796
0.857958
0.857957
0.857955
0.857954
0.857952
0.857951
0.85795
0.857949
0.857948
0.857946
0.857945
0.857945
0.857944
0.857943
0.857942
0.857941
0.85794
0.85794
0.857939
0.857938
0.857938
0.857937
0.857937
0.857936
0.857936
0.857935
0.857935
0.857934
0.857934
0.857934
0.857933
0.857933
0.857933
0.857932
0.857932
0.857932
0.857932
0.857931
0.857931
0.857931
0.857931
0.857931
0.857931
0.85793
0.85793
0.85793
0.85793
0.85793
0.85793
0.85793
0.85793
0.857929
0.857929
0.857929
0.857929
0.857929
0.857929
0.857929
0.857929
0.857929
0.857929
0.857928
0.857928
0.857928
0.857928
0.857928
0.968021
0.927426
0.901757
0.885555
0.875336
0.868896
0.864842
0.862292
0.860689
0.859683
0.859052
0.858656
0.858408
0.858252
0.858154
0.858092
0.858053
0.858028
0.858011
0.858
0.857993
0.857987
0.857983
0.85798
0.857977
0.857975
0.857972
0.85797
0.857968
0.857966
0.857964
0.857963
0.857961
0.857959
0.857958
0.857956
0.857955
0.857954
0.857952
0.857951
0.85795
0.857949
0.857947
0.857946
0.857945
0.857944
0.857943
0.857943
0.857942
0.857941
0.85794
0.85794
0.857939
0.857938
0.857938
0.857937
0.857937
0.857936
0.857936
0.857935
0.857935
0.857934
0.857934
0.857934
0.857933
0.857933
0.857933
0.857932
0.857932
0.857932
0.857932
0.857931
0.857931
0.857931
0.857931
0.857931
0.857931
0.85793
0.85793
0.85793
0.85793
0.85793
0.85793
0.85793
0.85793
0.857929
0.857929
0.857929
0.857929
0.857929
0.857929
0.857929
0.857929
0.857929
0.857929
0.857928
0.857928
0.857928
0.857928
0.857928
0.968003
0.927416
0.901754
0.885554
0.875336
0.868897
0.864842
0.862292
0.860689
0.859683
0.859052
0.858656
0.858407
0.858251
0.858153
0.858091
0.858052
0.858027
0.858011
0.858
0.857992
0.857987
0.857983
0.857979
0.857976
0.857974
0.857972
0.85797
0.857968
0.857966
0.857964
0.857962
0.857961
0.857959
0.857958
0.857956
0.857955
0.857953
0.857952
0.857951
0.85795
0.857948
0.857947
0.857946
0.857945
0.857944
0.857943
0.857943
0.857942
0.857941
0.85794
0.857939
0.857939
0.857938
0.857938
0.857937
0.857937
0.857936
0.857936
0.857935
0.857935
0.857934
0.857934
0.857934
0.857933
0.857933
0.857933
0.857932
0.857932
0.857932
0.857932
0.857931
0.857931
0.857931
0.857931
0.857931
0.857931
0.85793
0.85793
0.85793
0.85793
0.85793
0.85793
0.85793
0.85793
0.857929
0.857929
0.857929
0.857929
0.857929
0.857929
0.857929
0.857929
0.857929
0.857928
0.857928
0.857928
0.857928
0.857928
0.857928
0.967987
0.92741
0.901754
0.885556
0.875339
0.868899
0.864843
0.862292
0.860689
0.859683
0.859051
0.858655
0.858406
0.858251
0.858153
0.858091
0.858051
0.858026
0.85801
0.857999
0.857992
0.857986
0.857982
0.857979
0.857976
0.857974
0.857971
0.857969
0.857967
0.857966
0.857964
0.857962
0.857961
0.857959
0.857957
0.857956
0.857955
0.857953
0.857952
0.857951
0.857949
0.857948
0.857947
0.857946
0.857945
0.857944
0.857943
0.857942
0.857942
0.857941
0.85794
0.857939
0.857939
0.857938
0.857938
0.857937
0.857936
0.857936
0.857936
0.857935
0.857935
0.857934
0.857934
0.857934
0.857933
0.857933
0.857933
0.857932
0.857932
0.857932
0.857932
0.857931
0.857931
0.857931
0.857931
0.857931
0.85793
0.85793
0.85793
0.85793
0.85793
0.85793
0.85793
0.85793
0.857929
0.857929
0.857929
0.857929
0.857929
0.857929
0.857929
0.857929
0.857929
0.857929
0.857928
0.857928
0.857928
0.857928
0.857928
0.857928
0.967975
0.927413
0.901763
0.885565
0.875345
0.868902
0.864845
0.862293
0.860689
0.859683
0.859051
0.858654
0.858406
0.85825
0.858152
0.85809
0.858051
0.858026
0.858009
0.857998
0.857991
0.857986
0.857982
0.857978
0.857976
0.857973
0.857971
0.857969
0.857967
0.857965
0.857964
0.857962
0.85796
0.857959
0.857957
0.857956
0.857954
0.857953
0.857952
0.857951
0.857949
0.857948
0.857947
0.857946
0.857945
0.857944
0.857943
0.857942
0.857942
0.857941
0.85794
0.857939
0.857939
0.857938
0.857938
0.857937
0.857936
0.857936
0.857935
0.857935
0.857935
0.857934
0.857934
0.857933
0.857933
0.857933
0.857933
0.857932
0.857932
0.857932
0.857932
0.857931
0.857931
0.857931
0.857931
0.857931
0.85793
0.85793
0.85793
0.85793
0.85793
0.85793
0.85793
0.85793
0.857929
0.857929
0.857929
0.857929
0.857929
0.857929
0.857929
0.857929
0.857929
0.857929
0.857928
0.857928
0.857928
0.857928
0.857928
0.857928
0.967961
0.927439
0.901789
0.885581
0.875354
0.868907
0.864847
0.862294
0.86069
0.859682
0.85905
0.858654
0.858405
0.858249
0.858151
0.85809
0.85805
0.858025
0.858009
0.857998
0.857991
0.857985
0.857981
0.857978
0.857975
0.857973
0.857971
0.857969
0.857967
0.857965
0.857963
0.857962
0.85796
0.857959
0.857957
0.857956
0.857954
0.857953
0.857952
0.85795
0.857949
0.857948
0.857947
0.857946
0.857945
0.857944
0.857943
0.857942
0.857942
0.857941
0.85794
0.857939
0.857939
0.857938
0.857937
0.857937
0.857936
0.857936
0.857935
0.857935
0.857935
0.857934
0.857934
0.857933
0.857933
0.857933
0.857933
0.857932
0.857932
0.857932
0.857932
0.857931
0.857931
0.857931
0.857931
0.857931
0.85793
0.85793
0.85793
0.85793
0.85793
0.85793
0.85793
0.85793
0.857929
0.857929
0.857929
0.857929
0.857929
0.857929
0.857929
0.857929
0.857929
0.857928
0.857928
0.857928
0.857928
0.857928
0.857928
0.857928
0.967913
0.92754
0.901849
0.885608
0.875365
0.868912
0.86485
0.862295
0.86069
0.859682
0.85905
0.858654
0.858405
0.858249
0.858151
0.858089
0.85805
0.858025
0.858008
0.857998
0.85799
0.857985
0.857981
0.857978
0.857975
0.857973
0.857971
0.857969
0.857967
0.857965
0.857963
0.857962
0.85796
0.857958
0.857957
0.857956
0.857954
0.857953
0.857952
0.85795
0.857949
0.857948
0.857947
0.857946
0.857945
0.857944
0.857943
0.857942
0.857941
0.857941
0.85794
0.857939
0.857939
0.857938
0.857937
0.857937
0.857936
0.857936
0.857935
0.857935
0.857935
0.857934
0.857934
0.857933
0.857933
0.857933
0.857932
0.857932
0.857932
0.857932
0.857931
0.857931
0.857931
0.857931
0.857931
0.857931
0.85793
0.85793
0.85793
0.85793
0.85793
0.85793
0.85793
0.857929
0.857929
0.857929
0.857929
0.857929
0.857929
0.857929
0.857929
0.857929
0.857929
0.857928
0.857928
0.857928
0.857928
0.857928
0.857928
0.857928
0.967601
0.92794
0.901943
0.885633
0.875372
0.868914
0.86485
0.862295
0.86069
0.859682
0.85905
0.858653
0.858405
0.858249
0.858151
0.858089
0.858049
0.858024
0.858008
0.857997
0.85799
0.857985
0.857981
0.857977
0.857975
0.857972
0.85797
0.857968
0.857967
0.857965
0.857963
0.857961
0.85796
0.857958
0.857957
0.857955
0.857954
0.857953
0.857951
0.85795
0.857949
0.857948
0.857947
0.857946
0.857945
0.857944
0.857943
0.857942
0.857941
0.857941
0.85794
0.857939
0.857939
0.857938
0.857937
0.857937
0.857936
0.857936
0.857935
0.857935
0.857935
0.857934
0.857934
0.857933
0.857933
0.857933
0.857932
0.857932
0.857932
0.857932
0.857931
0.857931
0.857931
0.857931
0.857931
0.857931
0.85793
0.85793
0.85793
0.85793
0.85793
0.85793
0.85793
0.857929
0.857929
0.857929
0.857929
0.857929
0.857929
0.857929
0.857929
0.857929
0.857929
0.857928
0.857928
0.857928
0.857928
0.857928
0.857928
0.857928
0.967898
0.927528
0.901841
0.885604
0.875363
0.86891
0.864849
0.862294
0.860689
0.859682
0.85905
0.858653
0.858404
0.858248
0.85815
0.858088
0.858049
0.858024
0.858008
0.857997
0.85799
0.857984
0.85798
0.857977
0.857975
0.857972
0.85797
0.857968
0.857966
0.857965
0.857963
0.857961
0.85796
0.857958
0.857957
0.857955
0.857954
0.857953
0.857951
0.85795
0.857949
0.857948
0.857947
0.857946
0.857945
0.857944
0.857943
0.857942
0.857941
0.857941
0.85794
0.857939
0.857939
0.857938
0.857937
0.857937
0.857936
0.857936
0.857935
0.857935
0.857934
0.857934
0.857934
0.857933
0.857933
0.857933
0.857932
0.857932
0.857932
0.857932
0.857931
0.857931
0.857931
0.857931
0.857931
0.857931
0.85793
0.85793
0.85793
0.85793
0.85793
0.85793
0.85793
0.857929
0.857929
0.857929
0.857929
0.857929
0.857929
0.857929
0.857929
0.857929
0.857929
0.857928
0.857928
0.857928
0.857928
0.857928
0.857928
0.857928
0.967931
0.927416
0.901776
0.885573
0.875349
0.868904
0.864846
0.862293
0.860689
0.859681
0.859049
0.858653
0.858404
0.858248
0.85815
0.858088
0.858049
0.858024
0.858008
0.857997
0.857989
0.857984
0.85798
0.857977
0.857974
0.857972
0.85797
0.857968
0.857966
0.857965
0.857963
0.857961
0.85796
0.857958
0.857957
0.857955
0.857954
0.857953
0.857951
0.85795
0.857949
0.857948
0.857947
0.857946
0.857945
0.857944
0.857943
0.857942
0.857941
0.857941
0.85794
0.857939
0.857939
0.857938
0.857937
0.857937
0.857936
0.857936
0.857935
0.857935
0.857934
0.857934
0.857934
0.857933
0.857933
0.857933
0.857932
0.857932
0.857932
0.857932
0.857931
0.857931
0.857931
0.857931
0.857931
0.857931
0.85793
0.85793
0.85793
0.85793
0.85793
0.85793
0.85793
0.857929
0.857929
0.857929
0.857929
0.857929
0.857929
0.857929
0.857929
0.857929
0.857929
0.857928
0.857928
0.857928
0.857928
0.857928
0.857928
0.857928
0.96793
0.927379
0.901743
0.885553
0.875338
0.868898
0.864842
0.862291
0.860688
0.859681
0.859049
0.858653
0.858404
0.858248
0.85815
0.858088
0.858049
0.858024
0.858008
0.857997
0.857989
0.857984
0.85798
0.857977
0.857974
0.857972
0.85797
0.857968
0.857966
0.857965
0.857963
0.857961
0.85796
0.857958
0.857957
0.857955
0.857954
0.857953
0.857951
0.85795
0.857949
0.857948
0.857947
0.857946
0.857945
0.857944
0.857943
0.857942
0.857941
0.857941
0.85794
0.857939
0.857939
0.857938
0.857937
0.857937
0.857936
0.857936
0.857935
0.857935
0.857934
0.857934
0.857934
0.857933
0.857933
0.857933
0.857932
0.857932
0.857932
0.857932
0.857931
0.857931
0.857931
0.857931
0.857931
0.85793
0.85793
0.85793
0.85793
0.85793
0.85793
0.85793
0.85793
0.857929
0.857929
0.857929
0.857929
0.857929
0.857929
0.857929
0.857929
0.857929
0.857929
0.857928
0.857928
0.857928
0.857928
0.857928
0.857928
0.857928
0.967927
0.927366
0.901728
0.885542
0.87533
0.868893
0.86484
0.86229
0.860687
0.85968
0.859049
0.858652
0.858404
0.858248
0.85815
0.858088
0.858049
0.858024
0.858008
0.857997
0.857989
0.857984
0.85798
0.857977
0.857974
0.857972
0.85797
0.857968
0.857966
0.857965
0.857963
0.857961
0.85796
0.857958
0.857957
0.857955
0.857954
0.857953
0.857951
0.85795
0.857949
0.857948
0.857947
0.857946
0.857945
0.857944
0.857943
0.857942
0.857941
0.857941
0.85794
0.857939
0.857939
0.857938
0.857937
0.857937
0.857936
0.857936
0.857935
0.857935
0.857934
0.857934
0.857934
0.857933
0.857933
0.857933
0.857932
0.857932
0.857932
0.857932
0.857931
0.857931
0.857931
0.857931
0.857931
0.85793
0.85793
0.85793
0.85793
0.85793
0.85793
0.85793
0.85793
0.857929
0.857929
0.857929
0.857929
0.857929
0.857929
0.857929
0.857929
0.857929
0.857929
0.857928
0.857928
0.857928
0.857928
0.857928
0.857928
0.857928
0.967927
0.927362
0.901722
0.885536
0.875326
0.868891
0.864838
0.862289
0.860686
0.85968
0.859048
0.858652
0.858404
0.858248
0.85815
0.858088
0.858049
0.858024
0.858008
0.857997
0.857989
0.857984
0.85798
0.857977
0.857974
0.857972
0.85797
0.857968
0.857966
0.857965
0.857963
0.857961
0.85796
0.857958
0.857957
0.857955
0.857954
0.857953
0.857951
0.85795
0.857949
0.857948
0.857947
0.857946
0.857945
0.857944
0.857943
0.857942
0.857941
0.857941
0.85794
0.857939
0.857939
0.857938
0.857937
0.857937
0.857936
0.857936
0.857935
0.857935
0.857934
0.857934
0.857934
0.857933
0.857933
0.857933
0.857932
0.857932
0.857932
0.857932
0.857931
0.857931
0.857931
0.857931
0.857931
0.85793
0.85793
0.85793
0.85793
0.85793
0.85793
0.85793
0.85793
0.857929
0.857929
0.857929
0.857929
0.857929
0.857929
0.857929
0.857929
0.857929
0.857929
0.857928
0.857928
0.857928
0.857928
0.857928
0.857928
0.857928
0.967931
0.927362
0.90172
0.885534
0.875324
0.868889
0.864837
0.862288
0.860686
0.85968
0.859048
0.858652
0.858404
0.858248
0.85815
0.858088
0.858049
0.858024
0.858008
0.857997
0.85799
0.857984
0.85798
0.857977
0.857975
0.857972
0.85797
0.857968
0.857966
0.857965
0.857963
0.857961
0.85796
0.857958
0.857957
0.857955
0.857954
0.857953
0.857951
0.85795
0.857949
0.857948
0.857947
0.857946
0.857945
0.857944
0.857943
0.857942
0.857941
0.857941
0.85794
0.857939
0.857939
0.857938
0.857937
0.857937
0.857936
0.857936
0.857935
0.857935
0.857934
0.857934
0.857934
0.857933
0.857933
0.857933
0.857932
0.857932
0.857932
0.857932
0.857931
0.857931
0.857931
0.857931
0.857931
0.857931
0.85793
0.85793
0.85793
0.85793
0.85793
0.85793
0.85793
0.857929
0.857929
0.857929
0.857929
0.857929
0.857929
0.857929
0.857929
0.857929
0.857929
0.857928
0.857928
0.857928
0.857928
0.857928
0.857928
0.857928
0.967937
0.927366
0.901722
0.885533
0.875323
0.868888
0.864837
0.862288
0.860686
0.85968
0.859049
0.858653
0.858404
0.858248
0.85815
0.858089
0.858049
0.858024
0.858008
0.857997
0.85799
0.857984
0.85798
0.857977
0.857975
0.857972
0.85797
0.857968
0.857966
0.857965
0.857963
0.857961
0.85796
0.857958
0.857957
0.857955
0.857954
0.857953
0.857951
0.85795
0.857949
0.857948
0.857947
0.857946
0.857945
0.857944
0.857943
0.857942
0.857941
0.857941
0.85794
0.857939
0.857939
0.857938
0.857937
0.857937
0.857936
0.857936
0.857935
0.857935
0.857934
0.857934
0.857934
0.857933
0.857933
0.857933
0.857932
0.857932
0.857932
0.857932
0.857931
0.857931
0.857931
0.857931
0.857931
0.857931
0.85793
0.85793
0.85793
0.85793
0.85793
0.85793
0.85793
0.857929
0.857929
0.857929
0.857929
0.857929
0.857929
0.857929
0.857929
0.857929
0.857929
0.857928
0.857928
0.857928
0.857928
0.857928
0.857928
0.857928
0.967945
0.927371
0.901724
0.885535
0.875324
0.868889
0.864837
0.862288
0.860686
0.85968
0.859049
0.858653
0.858405
0.858249
0.858151
0.858089
0.85805
0.858025
0.858008
0.857998
0.85799
0.857985
0.857981
0.857978
0.857975
0.857973
0.85797
0.857968
0.857967
0.857965
0.857963
0.857962
0.85796
0.857958
0.857957
0.857955
0.857954
0.857953
0.857952
0.85795
0.857949
0.857948
0.857947
0.857946
0.857945
0.857944
0.857943
0.857942
0.857941
0.857941
0.85794
0.857939
0.857939
0.857938
0.857937
0.857937
0.857936
0.857936
0.857935
0.857935
0.857935
0.857934
0.857934
0.857933
0.857933
0.857933
0.857932
0.857932
0.857932
0.857932
0.857931
0.857931
0.857931
0.857931
0.857931
0.857931
0.85793
0.85793
0.85793
0.85793
0.85793
0.85793
0.85793
0.857929
0.857929
0.857929
0.857929
0.857929
0.857929
0.857929
0.857929
0.857929
0.857929
0.857928
0.857928
0.857928
0.857928
0.857928
0.857928
0.857928
0.967956
0.927379
0.901729
0.885537
0.875325
0.868889
0.864837
0.862288
0.860686
0.85968
0.859049
0.858653
0.858405
0.858249
0.858151
0.858089
0.85805
0.858025
0.858009
0.857998
0.85799
0.857985
0.857981
0.857978
0.857975
0.857973
0.857971
0.857969
0.857967
0.857965
0.857963
0.857962
0.85796
0.857959
0.857957
0.857956
0.857954
0.857953
0.857952
0.85795
0.857949
0.857948
0.857947
0.857946
0.857945
0.857944
0.857943
0.857942
0.857941
0.857941
0.85794
0.857939
0.857939
0.857938
0.857937
0.857937
0.857936
0.857936
0.857935
0.857935
0.857935
0.857934
0.857934
0.857933
0.857933
0.857933
0.857933
0.857932
0.857932
0.857932
0.857932
0.857931
0.857931
0.857931
0.857931
0.857931
0.85793
0.85793
0.85793
0.85793
0.85793
0.85793
0.85793
0.85793
0.857929
0.857929
0.857929
0.857929
0.857929
0.857929
0.857929
0.857929
0.857929
0.857928
0.857928
0.857928
0.857928
0.857928
0.857928
0.857928
0.967969
0.927389
0.901734
0.88554
0.875327
0.86889
0.864838
0.862289
0.860687
0.859681
0.85905
0.858654
0.858406
0.85825
0.858152
0.85809
0.858051
0.858026
0.858009
0.857998
0.857991
0.857986
0.857981
0.857978
0.857976
0.857973
0.857971
0.857969
0.857967
0.857965
0.857964
0.857962
0.85796
0.857959
0.857957
0.857956
0.857954
0.857953
0.857952
0.85795
0.857949
0.857948
0.857947
0.857946
0.857945
0.857944
0.857943
0.857942
0.857942
0.857941
0.85794
0.857939
0.857939
0.857938
0.857937
0.857937
0.857936
0.857936
0.857935
0.857935
0.857935
0.857934
0.857934
0.857933
0.857933
0.857933
0.857933
0.857932
0.857932
0.857932
0.857932
0.857931
0.857931
0.857931
0.857931
0.857931
0.85793
0.85793
0.85793
0.85793
0.85793
0.85793
0.85793
0.85793
0.857929
0.857929
0.857929
0.857929
0.857929
0.857929
0.857929
0.857929
0.857929
0.857929
0.857928
0.857928
0.857928
0.857928
0.857928
0.857928
0.967984
0.9274
0.901741
0.885545
0.87533
0.868892
0.864839
0.86229
0.860688
0.859682
0.85905
0.858655
0.858406
0.85825
0.858152
0.858091
0.858051
0.858026
0.85801
0.857999
0.857991
0.857986
0.857982
0.857979
0.857976
0.857974
0.857971
0.857969
0.857967
0.857966
0.857964
0.857962
0.85796
0.857959
0.857957
0.857956
0.857954
0.857953
0.857952
0.857951
0.857949
0.857948
0.857947
0.857946
0.857945
0.857944
0.857943
0.857942
0.857942
0.857941
0.85794
0.857939
0.857939
0.857938
0.857938
0.857937
0.857936
0.857936
0.857935
0.857935
0.857935
0.857934
0.857934
0.857933
0.857933
0.857933
0.857933
0.857932
0.857932
0.857932
0.857932
0.857931
0.857931
0.857931
0.857931
0.857931
0.85793
0.85793
0.85793
0.85793
0.85793
0.85793
0.85793
0.85793
0.857929
0.857929
0.857929
0.857929
0.857929
0.857929
0.857929
0.857929
0.857929
0.857929
0.857928
0.857928
0.857928
0.857928
0.857928
0.857928
0.968002
0.927413
0.90175
0.88555
0.875333
0.868894
0.864841
0.862291
0.860689
0.859682
0.859051
0.858655
0.858407
0.858251
0.858153
0.858091
0.858052
0.858027
0.858011
0.858
0.857992
0.857987
0.857982
0.857979
0.857976
0.857974
0.857972
0.85797
0.857968
0.857966
0.857964
0.857962
0.857961
0.857959
0.857958
0.857956
0.857955
0.857953
0.857952
0.857951
0.857949
0.857948
0.857947
0.857946
0.857945
0.857944
0.857943
0.857942
0.857942
0.857941
0.85794
0.857939
0.857939
0.857938
0.857938
0.857937
0.857936
0.857936
0.857936
0.857935
0.857935
0.857934
0.857934
0.857934
0.857933
0.857933
0.857933
0.857932
0.857932
0.857932
0.857932
0.857931
0.857931
0.857931
0.857931
0.857931
0.85793
0.85793
0.85793
0.85793
0.85793
0.85793
0.85793
0.85793
0.857929
0.857929
0.857929
0.857929
0.857929
0.857929
0.857929
0.857929
0.857929
0.857929
0.857928
0.857928
0.857928
0.857928
0.857928
0.857928
0.968022
0.927428
0.90176
0.885557
0.875338
0.868898
0.864843
0.862292
0.86069
0.859684
0.859052
0.858656
0.858408
0.858252
0.858154
0.858092
0.858053
0.858028
0.858011
0.858
0.857993
0.857987
0.857983
0.85798
0.857977
0.857974
0.857972
0.85797
0.857968
0.857966
0.857964
0.857963
0.857961
0.857959
0.857958
0.857956
0.857955
0.857953
0.857952
0.857951
0.85795
0.857948
0.857947
0.857946
0.857945
0.857944
0.857943
0.857943
0.857942
0.857941
0.85794
0.85794
0.857939
0.857938
0.857938
0.857937
0.857937
0.857936
0.857936
0.857935
0.857935
0.857934
0.857934
0.857934
0.857933
0.857933
0.857933
0.857932
0.857932
0.857932
0.857932
0.857931
0.857931
0.857931
0.857931
0.857931
0.857931
0.85793
0.85793
0.85793
0.85793
0.85793
0.85793
0.85793
0.85793
0.857929
0.857929
0.857929
0.857929
0.857929
0.857929
0.857929
0.857929
0.857929
0.857929
0.857928
0.857928
0.857928
0.857928
0.857928
0.968045
0.927446
0.901774
0.885568
0.875345
0.868902
0.864846
0.862294
0.860691
0.859685
0.859053
0.858657
0.858409
0.858253
0.858155
0.858093
0.858054
0.858029
0.858012
0.858001
0.857993
0.857988
0.857984
0.85798
0.857977
0.857975
0.857973
0.857971
0.857969
0.857967
0.857965
0.857963
0.857961
0.85796
0.857958
0.857957
0.857955
0.857954
0.857952
0.857951
0.85795
0.857949
0.857947
0.857946
0.857945
0.857944
0.857944
0.857943
0.857942
0.857941
0.85794
0.85794
0.857939
0.857938
0.857938
0.857937
0.857937
0.857936
0.857936
0.857935
0.857935
0.857934
0.857934
0.857934
0.857933
0.857933
0.857933
0.857932
0.857932
0.857932
0.857932
0.857931
0.857931
0.857931
0.857931
0.857931
0.857931
0.85793
0.85793
0.85793
0.85793
0.85793
0.85793
0.85793
0.85793
0.857929
0.857929
0.857929
0.857929
0.857929
0.857929
0.857929
0.857929
0.857929
0.857929
0.857928
0.857928
0.857928
0.857928
0.857928
0.968072
0.927474
0.901797
0.885584
0.875355
0.868908
0.86485
0.862297
0.860693
0.859686
0.859055
0.858659
0.85841
0.858254
0.858156
0.858094
0.858055
0.85803
0.858013
0.858002
0.857994
0.857989
0.857985
0.857981
0.857978
0.857976
0.857973
0.857971
0.857969
0.857967
0.857965
0.857963
0.857962
0.85796
0.857958
0.857957
0.857955
0.857954
0.857952
0.857951
0.85795
0.857949
0.857948
0.857947
0.857946
0.857945
0.857944
0.857943
0.857942
0.857941
0.85794
0.85794
0.857939
0.857938
0.857938
0.857937
0.857937
0.857936
0.857936
0.857935
0.857935
0.857934
0.857934
0.857934
0.857933
0.857933
0.857933
0.857932
0.857932
0.857932
0.857932
0.857932
0.857931
0.857931
0.857931
0.857931
0.857931
0.85793
0.85793
0.85793
0.85793
0.85793
0.85793
0.85793
0.85793
0.85793
0.857929
0.857929
0.857929
0.857929
0.857929
0.857929
0.857929
0.857929
0.857929
0.857929
0.857928
0.857928
0.857928
0.857928
0.968098
0.927525
0.901838
0.885609
0.875369
0.868916
0.864854
0.8623
0.860695
0.859688
0.859056
0.85866
0.858412
0.858256
0.858158
0.858096
0.858056
0.858031
0.858014
0.858003
0.857995
0.85799
0.857985
0.857982
0.857979
0.857976
0.857974
0.857972
0.85797
0.857968
0.857966
0.857964
0.857962
0.85796
0.857959
0.857957
0.857956
0.857954
0.857953
0.857951
0.85795
0.857949
0.857948
0.857947
0.857946
0.857945
0.857944
0.857943
0.857942
0.857941
0.85794
0.85794
0.857939
0.857938
0.857938
0.857937
0.857937
0.857936
0.857936
0.857935
0.857935
0.857934
0.857934
0.857934
0.857933
0.857933
0.857933
0.857933
0.857932
0.857932
0.857932
0.857932
0.857931
0.857931
0.857931
0.857931
0.857931
0.857931
0.85793
0.85793
0.85793
0.85793
0.85793
0.85793
0.85793
0.85793
0.857929
0.857929
0.857929
0.857929
0.857929
0.857929
0.857929
0.857929
0.857929
0.857929
0.857928
0.857928
0.857928
0.857928
0.96809
0.92765
0.901912
0.885644
0.875386
0.868924
0.864858
0.862302
0.860697
0.859689
0.859058
0.858661
0.858413
0.858257
0.858159
0.858097
0.858058
0.858032
0.858015
0.858004
0.857996
0.857991
0.857986
0.857983
0.85798
0.857977
0.857975
0.857972
0.85797
0.857968
0.857966
0.857964
0.857962
0.857961
0.857959
0.857957
0.857956
0.857954
0.857953
0.857952
0.85795
0.857949
0.857948
0.857947
0.857946
0.857945
0.857944
0.857943
0.857942
0.857941
0.857941
0.85794
0.857939
0.857939
0.857938
0.857937
0.857937
0.857936
0.857936
0.857935
0.857935
0.857935
0.857934
0.857934
0.857933
0.857933
0.857933
0.857933
0.857932
0.857932
0.857932
0.857932
0.857931
0.857931
0.857931
0.857931
0.857931
0.857931
0.85793
0.85793
0.85793
0.85793
0.85793
0.85793
0.85793
0.85793
0.85793
0.857929
0.857929
0.857929
0.857929
0.857929
0.857929
0.857929
0.857929
0.857929
0.857929
0.857928
0.857928
0.857928
0.967819
0.92808
0.902024
0.885679
0.875399
0.86893
0.864861
0.862304
0.860699
0.859691
0.859059
0.858663
0.858415
0.858259
0.858161
0.858099
0.858059
0.858034
0.858017
0.858005
0.857998
0.857992
0.857987
0.857984
0.857981
0.857978
0.857975
0.857973
0.857971
0.857969
0.857967
0.857965
0.857963
0.857961
0.857959
0.857958
0.857956
0.857955
0.857953
0.857952
0.857951
0.857949
0.857948
0.857947
0.857946
0.857945
0.857944
0.857943
0.857942
0.857941
0.857941
0.85794
0.857939
0.857939
0.857938
0.857937
0.857937
0.857936
0.857936
0.857935
0.857935
0.857935
0.857934
0.857934
0.857934
0.857933
0.857933
0.857933
0.857932
0.857932
0.857932
0.857932
0.857931
0.857931
0.857931
0.857931
0.857931
0.857931
0.85793
0.85793
0.85793
0.85793
0.85793
0.85793
0.85793
0.85793
0.85793
0.857929
0.857929
0.857929
0.857929
0.857929
0.857929
0.857929
0.857929
0.857929
0.857929
0.857928
0.857928
0.857928
0.968158
0.927696
0.90194
0.88566
0.875395
0.86893
0.864862
0.862305
0.8607
0.859692
0.859061
0.858665
0.858416
0.85826
0.858162
0.8581
0.858061
0.858035
0.858018
0.858007
0.857999
0.857993
0.857988
0.857985
0.857981
0.857979
0.857976
0.857974
0.857971
0.857969
0.857967
0.857965
0.857963
0.857961
0.85796
0.857958
0.857956
0.857955
0.857953
0.857952
0.857951
0.85795
0.857948
0.857947
0.857946
0.857945
0.857944
0.857943
0.857942
0.857942
0.857941
0.85794
0.857939
0.857939
0.857938
0.857937
0.857937
0.857936
0.857936
0.857935
0.857935
0.857935
0.857934
0.857934
0.857934
0.857933
0.857933
0.857933
0.857932
0.857932
0.857932
0.857932
0.857932
0.857931
0.857931
0.857931
0.857931
0.857931
0.857931
0.85793
0.85793
0.85793
0.85793
0.85793
0.85793
0.85793
0.85793
0.85793
0.857929
0.857929
0.857929
0.857929
0.857929
0.857929
0.857929
0.857929
0.857929
0.857929
0.857928
0.857928
0.968235
0.92761
0.901889
0.885639
0.875387
0.868927
0.864862
0.862306
0.860701
0.859694
0.859062
0.858666
0.858418
0.858262
0.858164
0.858102
0.858062
0.858037
0.85802
0.858008
0.858
0.857994
0.85799
0.857986
0.857982
0.85798
0.857977
0.857974
0.857972
0.85797
0.857968
0.857966
0.857964
0.857962
0.85796
0.857958
0.857957
0.857955
0.857954
0.857952
0.857951
0.85795
0.857949
0.857947
0.857946
0.857945
0.857944
0.857943
0.857942
0.857942
0.857941
0.85794
0.857939
0.857939
0.857938
0.857938
0.857937
0.857937
0.857936
0.857936
0.857935
0.857935
0.857934
0.857934
0.857934
0.857933
0.857933
0.857933
0.857932
0.857932
0.857932
0.857932
0.857932
0.857931
0.857931
0.857931
0.857931
0.857931
0.857931
0.85793
0.85793
0.85793
0.85793
0.85793
0.85793
0.85793
0.85793
0.85793
0.857929
0.857929
0.857929
0.857929
0.857929
0.857929
0.857929
0.857929
0.857929
0.857929
0.857928
0.857928
0.968277
0.927599
0.901871
0.885627
0.875381
0.868924
0.864861
0.862306
0.860702
0.859695
0.859064
0.858668
0.85842
0.858264
0.858166
0.858104
0.858064
0.858039
0.858022
0.85801
0.858002
0.857996
0.857991
0.857987
0.857984
0.857981
0.857978
0.857975
0.857973
0.857971
0.857968
0.857966
0.857964
0.857962
0.857961
0.857959
0.857957
0.857956
0.857954
0.857953
0.857951
0.85795
0.857949
0.857948
0.857946
0.857945
0.857944
0.857943
0.857943
0.857942
0.857941
0.85794
0.85794
0.857939
0.857938
0.857938
0.857937
0.857937
0.857936
0.857936
0.857935
0.857935
0.857934
0.857934
0.857934
0.857933
0.857933
0.857933
0.857933
0.857932
0.857932
0.857932
0.857932
0.857931
0.857931
0.857931
0.857931
0.857931
0.857931
0.857931
0.85793
0.85793
0.85793
0.85793
0.85793
0.85793
0.85793
0.85793
0.85793
0.857929
0.857929
0.857929
0.857929
0.857929
0.857929
0.857929
0.857929
0.857929
0.857928
0.857928
0.96832
0.927613
0.901872
0.885624
0.875379
0.868923
0.864861
0.862307
0.860703
0.859697
0.859066
0.858671
0.858423
0.858267
0.858168
0.858106
0.858066
0.858041
0.858023
0.858012
0.858003
0.857997
0.857992
0.857988
0.857985
0.857982
0.857979
0.857976
0.857974
0.857971
0.857969
0.857967
0.857965
0.857963
0.857961
0.857959
0.857958
0.857956
0.857954
0.857953
0.857952
0.85795
0.857949
0.857948
0.857947
0.857946
0.857945
0.857944
0.857943
0.857942
0.857941
0.85794
0.85794
0.857939
0.857938
0.857938
0.857937
0.857937
0.857936
0.857936
0.857935
0.857935
0.857934
0.857934
0.857934
0.857933
0.857933
0.857933
0.857933
0.857932
0.857932
0.857932
0.857932
0.857932
0.857931
0.857931
0.857931
0.857931
0.857931
0.857931
0.85793
0.85793
0.85793
0.85793
0.85793
0.85793
0.85793
0.85793
0.85793
0.85793
0.857929
0.857929
0.857929
0.857929
0.857929
0.857929
0.857929
0.857929
0.857929
0.857928
0.968367
0.927636
0.901882
0.885628
0.87538
0.868924
0.864861
0.862308
0.860705
0.859699
0.859068
0.858673
0.858425
0.858269
0.858171
0.858109
0.858069
0.858043
0.858026
0.858014
0.858005
0.857999
0.857994
0.85799
0.857986
0.857983
0.85798
0.857977
0.857975
0.857972
0.85797
0.857968
0.857965
0.857963
0.857961
0.85796
0.857958
0.857956
0.857955
0.857953
0.857952
0.85795
0.857949
0.857948
0.857947
0.857946
0.857945
0.857944
0.857943
0.857942
0.857941
0.85794
0.85794
0.857939
0.857938
0.857938
0.857937
0.857937
0.857936
0.857936
0.857935
0.857935
0.857935
0.857934
0.857934
0.857934
0.857933
0.857933
0.857933
0.857932
0.857932
0.857932
0.857932
0.857932
0.857931
0.857931
0.857931
0.857931
0.857931
0.857931
0.857931
0.85793
0.85793
0.85793
0.85793
0.85793
0.85793
0.85793
0.85793
0.85793
0.857929
0.857929
0.857929
0.857929
0.857929
0.857929
0.857929
0.857929
0.857929
0.857928
0.96842
0.927666
0.901897
0.885635
0.875383
0.868926
0.864863
0.86231
0.860707
0.859701
0.859071
0.858676
0.858428
0.858272
0.858174
0.858111
0.858071
0.858045
0.858028
0.858016
0.858007
0.858001
0.857995
0.857991
0.857987
0.857984
0.857981
0.857978
0.857975
0.857973
0.857971
0.857968
0.857966
0.857964
0.857962
0.85796
0.857958
0.857957
0.857955
0.857954
0.857952
0.857951
0.857949
0.857948
0.857947
0.857946
0.857945
0.857944
0.857943
0.857942
0.857941
0.857941
0.85794
0.857939
0.857939
0.857938
0.857937
0.857937
0.857936
0.857936
0.857935
0.857935
0.857935
0.857934
0.857934
0.857934
0.857933
0.857933
0.857933
0.857933
0.857932
0.857932
0.857932
0.857932
0.857932
0.857931
0.857931
0.857931
0.857931
0.857931
0.857931
0.857931
0.85793
0.85793
0.85793
0.85793
0.85793
0.85793
0.85793
0.85793
0.85793
0.857929
0.857929
0.857929
0.857929
0.857929
0.857929
0.857929
0.857929
0.857928
0.968478
0.9277
0.901915
0.885645
0.875389
0.868929
0.864865
0.862312
0.860709
0.859704
0.859074
0.858679
0.858431
0.858275
0.858177
0.858114
0.858074
0.858048
0.85803
0.858018
0.858009
0.858003
0.857997
0.857993
0.857989
0.857985
0.857982
0.857979
0.857976
0.857974
0.857971
0.857969
0.857967
0.857965
0.857963
0.857961
0.857959
0.857957
0.857955
0.857954
0.857952
0.857951
0.85795
0.857948
0.857947
0.857946
0.857945
0.857944
0.857943
0.857942
0.857942
0.857941
0.85794
0.857939
0.857939
0.857938
0.857938
0.857937
0.857936
0.857936
0.857936
0.857935
0.857935
0.857934
0.857934
0.857934
0.857933
0.857933
0.857933
0.857933
0.857932
0.857932
0.857932
0.857932
0.857932
0.857931
0.857931
0.857931
0.857931
0.857931
0.857931
0.857931
0.85793
0.85793
0.85793
0.85793
0.85793
0.85793
0.85793
0.85793
0.85793
0.85793
0.857929
0.857929
0.857929
0.857929
0.857929
0.857929
0.857929
0.857928
0.96854
0.927737
0.901936
0.885657
0.875395
0.868933
0.864869
0.862315
0.860712
0.859707
0.859077
0.858682
0.858434
0.858278
0.85818
0.858117
0.858077
0.858051
0.858033
0.85802
0.858011
0.858005
0.857999
0.857994
0.85799
0.857987
0.857983
0.85798
0.857978
0.857975
0.857972
0.85797
0.857967
0.857965
0.857963
0.857961
0.857959
0.857957
0.857956
0.857954
0.857953
0.857951
0.85795
0.857949
0.857947
0.857946
0.857945
0.857944
0.857943
0.857942
0.857942
0.857941
0.85794
0.857939
0.857939
0.857938
0.857938
0.857937
0.857937
0.857936
0.857936
0.857935
0.857935
0.857934
0.857934
0.857934
0.857933
0.857933
0.857933
0.857933
0.857932
0.857932
0.857932
0.857932
0.857932
0.857931
0.857931
0.857931
0.857931
0.857931
0.857931
0.857931
0.857931
0.85793
0.85793
0.85793
0.85793
0.85793
0.85793
0.85793
0.85793
0.85793
0.857929
0.857929
0.857929
0.857929
0.857929
0.857929
0.857929
0.857929
0.968609
0.927779
0.90196
0.88567
0.875403
0.868938
0.864873
0.862319
0.860716
0.859711
0.859081
0.858686
0.858438
0.858282
0.858184
0.858121
0.85808
0.858054
0.858036
0.858023
0.858014
0.858007
0.858001
0.857996
0.857992
0.857988
0.857985
0.857982
0.857979
0.857976
0.857973
0.857971
0.857968
0.857966
0.857964
0.857962
0.85796
0.857958
0.857956
0.857955
0.857953
0.857952
0.85795
0.857949
0.857948
0.857947
0.857945
0.857944
0.857944
0.857943
0.857942
0.857941
0.85794
0.85794
0.857939
0.857938
0.857938
0.857937
0.857937
0.857936
0.857936
0.857935
0.857935
0.857935
0.857934
0.857934
0.857934
0.857933
0.857933
0.857933
0.857933
0.857932
0.857932
0.857932
0.857932
0.857932
0.857931
0.857931
0.857931
0.857931
0.857931
0.857931
0.857931
0.85793
0.85793
0.85793
0.85793
0.85793
0.85793
0.85793
0.85793
0.85793
0.85793
0.857929
0.857929
0.857929
0.857929
0.857929
0.857929
0.857929
0.968682
0.927823
0.901986
0.885686
0.875413
0.868944
0.864877
0.862323
0.86072
0.859715
0.859085
0.85869
0.858442
0.858286
0.858188
0.858125
0.858084
0.858057
0.858039
0.858026
0.858016
0.858009
0.858003
0.857998
0.857994
0.85799
0.857986
0.857983
0.85798
0.857977
0.857974
0.857971
0.857969
0.857967
0.857964
0.857962
0.85796
0.857958
0.857957
0.857955
0.857953
0.857952
0.85795
0.857949
0.857948
0.857947
0.857946
0.857945
0.857944
0.857943
0.857942
0.857941
0.85794
0.85794
0.857939
0.857938
0.857938
0.857937
0.857937
0.857936
0.857936
0.857935
0.857935
0.857935
0.857934
0.857934
0.857934
0.857933
0.857933
0.857933
0.857933
0.857932
0.857932
0.857932
0.857932
0.857932
0.857931
0.857931
0.857931
0.857931
0.857931
0.857931
0.857931
0.857931
0.85793
0.85793
0.85793
0.85793
0.85793
0.85793
0.85793
0.85793
0.85793
0.85793
0.857929
0.857929
0.857929
0.857929
0.857929
0.857929
0.968762
0.927872
0.902014
0.885702
0.875423
0.868951
0.864882
0.862327
0.860724
0.859719
0.85909
0.858695
0.858447
0.858291
0.858192
0.858129
0.858088
0.858061
0.858042
0.858029
0.858019
0.858012
0.858006
0.858
0.857996
0.857992
0.857988
0.857984
0.857981
0.857978
0.857975
0.857972
0.85797
0.857967
0.857965
0.857963
0.857961
0.857959
0.857957
0.857955
0.857954
0.857952
0.857951
0.857949
0.857948
0.857947
0.857946
0.857945
0.857944
0.857943
0.857942
0.857941
0.857941
0.85794
0.857939
0.857939
0.857938
0.857937
0.857937
0.857936
0.857936
0.857935
0.857935
0.857935
0.857934
0.857934
0.857934
0.857933
0.857933
0.857933
0.857933
0.857932
0.857932
0.857932
0.857932
0.857932
0.857932
0.857931
0.857931
0.857931
0.857931
0.857931
0.857931
0.857931
0.857931
0.85793
0.85793
0.85793
0.85793
0.85793
0.85793
0.85793
0.85793
0.85793
0.857929
0.857929
0.857929
0.857929
0.857929
0.857929
0.968849
0.927925
0.902045
0.885721
0.875434
0.868959
0.864888
0.862333
0.860729
0.859725
0.859095
0.8587
0.858452
0.858296
0.858197
0.858133
0.858092
0.858065
0.858046
0.858032
0.858022
0.858014
0.858008
0.858003
0.857998
0.857993
0.857989
0.857986
0.857982
0.857979
0.857976
0.857973
0.85797
0.857968
0.857966
0.857963
0.857961
0.857959
0.857957
0.857956
0.857954
0.857952
0.857951
0.85795
0.857948
0.857947
0.857946
0.857945
0.857944
0.857943
0.857942
0.857941
0.857941
0.85794
0.857939
0.857939
0.857938
0.857937
0.857937
0.857936
0.857936
0.857936
0.857935
0.857935
0.857934
0.857934
0.857934
0.857934
0.857933
0.857933
0.857933
0.857933
0.857932
0.857932
0.857932
0.857932
0.857932
0.857931
0.857931
0.857931
0.857931
0.857931
0.857931
0.857931
0.857931
0.85793
0.85793
0.85793
0.85793
0.85793
0.85793
0.85793
0.85793
0.85793
0.85793
0.857929
0.857929
0.857929
0.857929
0.857929
0.968944
0.927983
0.902079
0.885741
0.875447
0.868968
0.864895
0.862339
0.860735
0.859731
0.859101
0.858706
0.858458
0.858301
0.858202
0.858138
0.858097
0.858069
0.85805
0.858036
0.858025
0.858017
0.858011
0.858005
0.858
0.857995
0.857991
0.857987
0.857984
0.85798
0.857977
0.857974
0.857971
0.857969
0.857966
0.857964
0.857962
0.85796
0.857958
0.857956
0.857954
0.857953
0.857951
0.85795
0.857949
0.857947
0.857946
0.857945
0.857944
0.857943
0.857942
0.857942
0.857941
0.85794
0.857939
0.857939
0.857938
0.857938
0.857937
0.857937
0.857936
0.857936
0.857935
0.857935
0.857935
0.857934
0.857934
0.857934
0.857933
0.857933
0.857933
0.857933
0.857932
0.857932
0.857932
0.857932
0.857932
0.857932
0.857931
0.857931
0.857931
0.857931
0.857931
0.857931
0.857931
0.857931
0.85793
0.85793
0.85793
0.85793
0.85793
0.85793
0.85793
0.85793
0.85793
0.857929
0.857929
0.857929
0.857929
0.857929
0.969046
0.928046
0.902116
0.885763
0.875461
0.868978
0.864903
0.862346
0.860742
0.859737
0.859108
0.858713
0.858464
0.858308
0.858208
0.858144
0.858102
0.858073
0.858054
0.85804
0.858029
0.85802
0.858013
0.858007
0.858002
0.857997
0.857993
0.857989
0.857985
0.857981
0.857978
0.857975
0.857972
0.857969
0.857967
0.857965
0.857962
0.85796
0.857958
0.857956
0.857955
0.857953
0.857952
0.85795
0.857949
0.857948
0.857946
0.857945
0.857944
0.857943
0.857943
0.857942
0.857941
0.85794
0.857939
0.857939
0.857938
0.857938
0.857937
0.857937
0.857936
0.857936
0.857935
0.857935
0.857935
0.857934
0.857934
0.857934
0.857933
0.857933
0.857933
0.857933
0.857932
0.857932
0.857932
0.857932
0.857932
0.857932
0.857931
0.857931
0.857931
0.857931
0.857931
0.857931
0.857931
0.857931
0.857931
0.85793
0.85793
0.85793
0.85793
0.85793
0.85793
0.85793
0.85793
0.85793
0.857929
0.857929
0.857929
0.857929
0.969159
0.928116
0.902157
0.885788
0.875477
0.868989
0.864912
0.862354
0.86075
0.859745
0.859115
0.85872
0.858472
0.858314
0.858214
0.85815
0.858107
0.858078
0.858058
0.858044
0.858033
0.858024
0.858016
0.85801
0.858004
0.857999
0.857995
0.85799
0.857986
0.857983
0.857979
0.857976
0.857973
0.85797
0.857968
0.857965
0.857963
0.857961
0.857959
0.857957
0.857955
0.857953
0.857952
0.85795
0.857949
0.857948
0.857947
0.857946
0.857945
0.857944
0.857943
0.857942
0.857941
0.85794
0.85794
0.857939
0.857938
0.857938
0.857937
0.857937
0.857936
0.857936
0.857935
0.857935
0.857935
0.857934
0.857934
0.857934
0.857933
0.857933
0.857933
0.857933
0.857933
0.857932
0.857932
0.857932
0.857932
0.857932
0.857932
0.857931
0.857931
0.857931
0.857931
0.857931
0.857931
0.857931
0.857931
0.85793
0.85793
0.85793
0.85793
0.85793
0.85793
0.85793
0.85793
0.85793
0.857929
0.857929
0.857929
0.857929
0.969281
0.928192
0.902203
0.885816
0.875495
0.869002
0.864923
0.862363
0.860759
0.859754
0.859124
0.858728
0.85848
0.858322
0.858221
0.858156
0.858113
0.858084
0.858063
0.858048
0.858036
0.858027
0.858019
0.858013
0.858007
0.858001
0.857996
0.857992
0.857988
0.857984
0.85798
0.857977
0.857974
0.857971
0.857968
0.857966
0.857963
0.857961
0.857959
0.857957
0.857955
0.857954
0.857952
0.857951
0.857949
0.857948
0.857947
0.857946
0.857945
0.857944
0.857943
0.857942
0.857941
0.85794
0.85794
0.857939
0.857938
0.857938
0.857937
0.857937
0.857936
0.857936
0.857936
0.857935
0.857935
0.857934
0.857934
0.857934
0.857934
0.857933
0.857933
0.857933
0.857933
0.857932
0.857932
0.857932
0.857932
0.857932
0.857932
0.857931
0.857931
0.857931
0.857931
0.857931
0.857931
0.857931
0.857931
0.857931
0.85793
0.85793
0.85793
0.85793
0.85793
0.85793
0.85793
0.85793
0.85793
0.857929
0.857929
0.857929
0.969416
0.928276
0.902253
0.885847
0.875516
0.869017
0.864935
0.862374
0.860769
0.859764
0.859134
0.858738
0.858489
0.85833
0.858229
0.858163
0.85812
0.85809
0.858068
0.858053
0.858041
0.858031
0.858023
0.858016
0.858009
0.858004
0.857998
0.857994
0.857989
0.857985
0.857982
0.857978
0.857975
0.857972
0.857969
0.857966
0.857964
0.857962
0.85796
0.857958
0.857956
0.857954
0.857952
0.857951
0.85795
0.857948
0.857947
0.857946
0.857945
0.857944
0.857943
0.857942
0.857941
0.857941
0.85794
0.857939
0.857939
0.857938
0.857937
0.857937
0.857936
0.857936
0.857936
0.857935
0.857935
0.857935
0.857934
0.857934
0.857934
0.857933
0.857933
0.857933
0.857933
0.857932
0.857932
0.857932
0.857932
0.857932
0.857932
0.857932
0.857931
0.857931
0.857931
0.857931
0.857931
0.857931
0.857931
0.857931
0.85793
0.85793
0.85793
0.85793
0.85793
0.85793
0.85793
0.85793
0.85793
0.857929
0.857929
0.857929
0.969563
0.928369
0.90231
0.885883
0.875539
0.869034
0.864949
0.862386
0.860781
0.859775
0.859145
0.858748
0.858499
0.85834
0.858238
0.858171
0.858127
0.858096
0.858074
0.858058
0.858045
0.858035
0.858026
0.858018
0.858012
0.858006
0.858
0.857995
0.857991
0.857987
0.857983
0.857979
0.857976
0.857973
0.85797
0.857967
0.857965
0.857962
0.85796
0.857958
0.857956
0.857954
0.857953
0.857951
0.85795
0.857948
0.857947
0.857946
0.857945
0.857944
0.857943
0.857942
0.857941
0.857941
0.85794
0.857939
0.857939
0.857938
0.857938
0.857937
0.857937
0.857936
0.857936
0.857935
0.857935
0.857935
0.857934
0.857934
0.857934
0.857933
0.857933
0.857933
0.857933
0.857933
0.857932
0.857932
0.857932
0.857932
0.857932
0.857932
0.857931
0.857931
0.857931
0.857931
0.857931
0.857931
0.857931
0.857931
0.857931
0.85793
0.85793
0.85793
0.85793
0.85793
0.85793
0.85793
0.85793
0.857929
0.857929
0.857929
0.969726
0.928474
0.902374
0.885923
0.875566
0.869054
0.864965
0.862401
0.860795
0.859788
0.859157
0.85876
0.85851
0.85835
0.858247
0.85818
0.858134
0.858103
0.85808
0.858063
0.85805
0.858039
0.85803
0.858022
0.858015
0.858008
0.858003
0.857997
0.857992
0.857988
0.857984
0.85798
0.857977
0.857973
0.85797
0.857968
0.857965
0.857963
0.85796
0.857958
0.857956
0.857955
0.857953
0.857951
0.85795
0.857949
0.857947
0.857946
0.857945
0.857944
0.857943
0.857942
0.857942
0.857941
0.85794
0.857939
0.857939
0.857938
0.857938
0.857937
0.857937
0.857936
0.857936
0.857935
0.857935
0.857935
0.857934
0.857934
0.857934
0.857933
0.857933
0.857933
0.857933
0.857933
0.857932
0.857932
0.857932
0.857932
0.857932
0.857932
0.857931
0.857931
0.857931
0.857931
0.857931
0.857931
0.857931
0.857931
0.857931
0.85793
0.85793
0.85793
0.85793
0.85793
0.85793
0.85793
0.85793
0.857929
0.857929
0.857929
0.969907
0.92859
0.902447
0.885969
0.875597
0.869077
0.864984
0.862418
0.860811
0.859804
0.859172
0.858774
0.858522
0.858362
0.858258
0.858189
0.858143
0.85811
0.858086
0.858069
0.858055
0.858043
0.858033
0.858025
0.858017
0.858011
0.858005
0.857999
0.857994
0.857989
0.857985
0.857981
0.857978
0.857974
0.857971
0.857968
0.857966
0.857963
0.857961
0.857959
0.857957
0.857955
0.857953
0.857952
0.85795
0.857949
0.857948
0.857946
0.857945
0.857944
0.857943
0.857942
0.857942
0.857941
0.85794
0.857939
0.857939
0.857938
0.857938
0.857937
0.857937
0.857936
0.857936
0.857935
0.857935
0.857935
0.857934
0.857934
0.857934
0.857934
0.857933
0.857933
0.857933
0.857933
0.857932
0.857932
0.857932
0.857932
0.857932
0.857932
0.857932
0.857931
0.857931
0.857931
0.857931
0.857931
0.857931
0.857931
0.857931
0.857931
0.85793
0.85793
0.85793
0.85793
0.85793
0.85793
0.85793
0.85793
0.857929
0.857929
0.970107
0.928721
0.902529
0.886022
0.875634
0.869105
0.865007
0.862439
0.86083
0.859821
0.859188
0.858789
0.858536
0.858374
0.858269
0.858199
0.858151
0.858118
0.858093
0.858075
0.85806
0.858047
0.858037
0.858028
0.85802
0.858013
0.858007
0.858001
0.857996
0.857991
0.857986
0.857982
0.857979
0.857975
0.857972
0.857969
0.857966
0.857964
0.857961
0.857959
0.857957
0.857955
0.857954
0.857952
0.85795
0.857949
0.857948
0.857947
0.857945
0.857944
0.857943
0.857943
0.857942
0.857941
0.85794
0.85794
0.857939
0.857938
0.857938
0.857937
0.857937
0.857936
0.857936
0.857935
0.857935
0.857935
0.857934
0.857934
0.857934
0.857934
0.857933
0.857933
0.857933
0.857933
0.857932
0.857932
0.857932
0.857932
0.857932
0.857932
0.857932
0.857931
0.857931
0.857931
0.857931
0.857931
0.857931
0.857931
0.857931
0.857931
0.85793
0.85793
0.85793
0.85793
0.85793
0.85793
0.85793
0.85793
0.857929
0.857929
0.970331
0.928869
0.902622
0.886083
0.875677
0.869137
0.865034
0.862463
0.860852
0.859842
0.859207
0.858807
0.858552
0.858388
0.858281
0.85821
0.858161
0.858126
0.858101
0.858081
0.858065
0.858052
0.858041
0.858032
0.858023
0.858016
0.858009
0.858003
0.857997
0.857992
0.857988
0.857983
0.857979
0.857976
0.857973
0.857969
0.857967
0.857964
0.857962
0.857959
0.857957
0.857956
0.857954
0.857952
0.857951
0.857949
0.857948
0.857947
0.857946
0.857945
0.857944
0.857943
0.857942
0.857941
0.85794
0.85794
0.857939
0.857938
0.857938
0.857937
0.857937
0.857936
0.857936
0.857935
0.857935
0.857935
0.857934
0.857934
0.857934
0.857934
0.857933
0.857933
0.857933
0.857933
0.857932
0.857932
0.857932
0.857932
0.857932
0.857932
0.857932
0.857931
0.857931
0.857931
0.857931
0.857931
0.857931
0.857931
0.857931
0.857931
0.85793
0.85793
0.85793
0.85793
0.85793
0.85793
0.85793
0.85793
0.857929
0.857929
0.970583
0.929037
0.902728
0.886154
0.875727
0.869176
0.865067
0.862492
0.860878
0.859866
0.859229
0.858826
0.85857
0.858404
0.858295
0.858222
0.858171
0.858135
0.858108
0.858087
0.858071
0.858057
0.858045
0.858035
0.858026
0.858018
0.858011
0.858005
0.857999
0.857994
0.857989
0.857984
0.85798
0.857977
0.857973
0.85797
0.857967
0.857964
0.857962
0.85796
0.857958
0.857956
0.857954
0.857952
0.857951
0.857949
0.857948
0.857947
0.857946
0.857945
0.857944
0.857943
0.857942
0.857941
0.85794
0.85794
0.857939
0.857938
0.857938
0.857937
0.857937
0.857936
0.857936
0.857936
0.857935
0.857935
0.857934
0.857934
0.857934
0.857934
0.857933
0.857933
0.857933
0.857933
0.857933
0.857932
0.857932
0.857932
0.857932
0.857932
0.857932
0.857931
0.857931
0.857931
0.857931
0.857931
0.857931
0.857931
0.857931
0.857931
0.857931
0.85793
0.85793
0.85793
0.85793
0.85793
0.85793
0.85793
0.857929
0.857929
0.970867
0.92923
0.902852
0.886238
0.875788
0.869224
0.865107
0.862526
0.860909
0.859894
0.859254
0.858849
0.858589
0.858421
0.85831
0.858235
0.858182
0.858144
0.858116
0.858094
0.858076
0.858062
0.858049
0.858038
0.858029
0.858021
0.858013
0.858006
0.858
0.857995
0.85799
0.857985
0.857981
0.857977
0.857974
0.857971
0.857968
0.857965
0.857962
0.85796
0.857958
0.857956
0.857954
0.857953
0.857951
0.85795
0.857948
0.857947
0.857946
0.857945
0.857944
0.857943
0.857942
0.857941
0.85794
0.85794
0.857939
0.857938
0.857938
0.857937
0.857937
0.857936
0.857936
0.857936
0.857935
0.857935
0.857934
0.857934
0.857934
0.857934
0.857933
0.857933
0.857933
0.857933
0.857933
0.857932
0.857932
0.857932
0.857932
0.857932
0.857932
0.857931
0.857931
0.857931
0.857931
0.857931
0.857931
0.857931
0.857931
0.857931
0.857931
0.85793
0.85793
0.85793
0.85793
0.85793
0.85793
0.85793
0.857929
0.857929
0.971189
0.929454
0.902999
0.886339
0.875862
0.869282
0.865155
0.862568
0.860946
0.859926
0.859283
0.858874
0.858611
0.85844
0.858326
0.858249
0.858194
0.858154
0.858124
0.858101
0.858082
0.858066
0.858053
0.858042
0.858032
0.858023
0.858015
0.858008
0.858002
0.857996
0.857991
0.857986
0.857982
0.857978
0.857974
0.857971
0.857968
0.857965
0.857963
0.85796
0.857958
0.857956
0.857954
0.857953
0.857951
0.85795
0.857948
0.857947
0.857946
0.857945
0.857944
0.857943
0.857942
0.857941
0.85794
0.85794
0.857939
0.857938
0.857938
0.857937
0.857937
0.857936
0.857936
0.857936
0.857935
0.857935
0.857934
0.857934
0.857934
0.857934
0.857933
0.857933
0.857933
0.857933
0.857933
0.857932
0.857932
0.857932
0.857932
0.857932
0.857932
0.857931
0.857931
0.857931
0.857931
0.857931
0.857931
0.857931
0.857931
0.857931
0.857931
0.85793
0.85793
0.85793
0.85793
0.85793
0.85793
0.85793
0.857929
0.857929
0.971557
0.929719
0.903174
0.886461
0.875953
0.869354
0.865214
0.862619
0.86099
0.859965
0.859316
0.858902
0.858636
0.858461
0.858344
0.858263
0.858206
0.858164
0.858133
0.858108
0.858088
0.858071
0.858057
0.858045
0.858035
0.858025
0.858017
0.85801
0.858003
0.857997
0.857992
0.857987
0.857983
0.857978
0.857975
0.857971
0.857968
0.857966
0.857963
0.857961
0.857958
0.857956
0.857954
0.857953
0.857951
0.85795
0.857948
0.857947
0.857946
0.857945
0.857944
0.857943
0.857942
0.857941
0.85794
0.85794
0.857939
0.857938
0.857938
0.857937
0.857937
0.857936
0.857936
0.857936
0.857935
0.857935
0.857934
0.857934
0.857934
0.857934
0.857933
0.857933
0.857933
0.857933
0.857933
0.857932
0.857932
0.857932
0.857932
0.857932
0.857932
0.857931
0.857931
0.857931
0.857931
0.857931
0.857931
0.857931
0.857931
0.857931
0.857931
0.85793
0.85793
0.85793
0.85793
0.85793
0.85793
0.85793
0.857929
0.857929
0.971989
0.930037
0.903388
0.886614
0.876067
0.869443
0.865288
0.86268
0.861042
0.860009
0.859354
0.858934
0.858662
0.858483
0.858362
0.858278
0.858218
0.858174
0.858141
0.858115
0.858093
0.858076
0.858061
0.858048
0.858037
0.858027
0.858019
0.858011
0.858004
0.857998
0.857993
0.857988
0.857983
0.857979
0.857975
0.857972
0.857969
0.857966
0.857963
0.857961
0.857958
0.857956
0.857955
0.857953
0.857951
0.85795
0.857948
0.857947
0.857946
0.857945
0.857944
0.857943
0.857942
0.857941
0.85794
0.85794
0.857939
0.857938
0.857938
0.857937
0.857937
0.857936
0.857936
0.857935
0.857935
0.857935
0.857934
0.857934
0.857934
0.857934
0.857933
0.857933
0.857933
0.857933
0.857932
0.857932
0.857932
0.857932
0.857932
0.857932
0.857932
0.857931
0.857931
0.857931
0.857931
0.857931
0.857931
0.857931
0.857931
0.857931
0.857931
0.85793
0.85793
0.85793
0.85793
0.85793
0.85793
0.85793
0.857929
0.857929
0.972502
0.930425
0.903653
0.886804
0.876211
0.869555
0.865378
0.862754
0.861103
0.86006
0.859396
0.858969
0.85869
0.858506
0.858381
0.858293
0.858231
0.858184
0.858149
0.858121
0.858099
0.85808
0.858064
0.858051
0.858039
0.858029
0.85802
0.858012
0.858005
0.857999
0.857993
0.857988
0.857984
0.857979
0.857975
0.857972
0.857969
0.857966
0.857963
0.857961
0.857959
0.857956
0.857955
0.857953
0.857951
0.85795
0.857948
0.857947
0.857946
0.857945
0.857944
0.857943
0.857942
0.857941
0.85794
0.85794
0.857939
0.857938
0.857938
0.857937
0.857937
0.857936
0.857936
0.857935
0.857935
0.857935
0.857934
0.857934
0.857934
0.857934
0.857933
0.857933
0.857933
0.857933
0.857932
0.857932
0.857932
0.857932
0.857932
0.857932
0.857932
0.857931
0.857931
0.857931
0.857931
0.857931
0.857931
0.857931
0.857931
0.857931
0.85793
0.85793
0.85793
0.85793
0.85793
0.85793
0.85793
0.85793
0.857929
0.857929
0.973115
0.930909
0.903988
0.887047
0.876392
0.869695
0.865487
0.862842
0.861174
0.860117
0.859441
0.859006
0.85872
0.858529
0.858399
0.858308
0.858242
0.858194
0.858156
0.858127
0.858103
0.858084
0.858067
0.858053
0.858041
0.858031
0.858021
0.858013
0.858006
0.857999
0.857994
0.857988
0.857984
0.857979
0.857976
0.857972
0.857969
0.857966
0.857963
0.857961
0.857958
0.857956
0.857955
0.857953
0.857951
0.85795
0.857948
0.857947
0.857946
0.857945
0.857944
0.857943
0.857942
0.857941
0.85794
0.85794
0.857939
0.857938
0.857938
0.857937
0.857937
0.857936
0.857936
0.857935
0.857935
0.857935
0.857934
0.857934
0.857934
0.857933
0.857933
0.857933
0.857933
0.857933
0.857932
0.857932
0.857932
0.857932
0.857932
0.857932
0.857931
0.857931
0.857931
0.857931
0.857931
0.857931
0.857931
0.857931
0.857931
0.857931
0.85793
0.85793
0.85793
0.85793
0.85793
0.85793
0.85793
0.85793
0.857929
0.857929
0.973858
0.931524
0.904416
0.887356
0.87662
0.869866
0.865619
0.862943
0.861253
0.860178
0.85949
0.859043
0.858749
0.858552
0.858417
0.858322
0.858253
0.858201
0.858162
0.858131
0.858107
0.858086
0.858069
0.858055
0.858042
0.858031
0.858022
0.858014
0.858006
0.858
0.857994
0.857988
0.857984
0.857979
0.857975
0.857972
0.857969
0.857966
0.857963
0.857961
0.857958
0.857956
0.857954
0.857953
0.857951
0.857949
0.857948
0.857947
0.857946
0.857944
0.857943
0.857943
0.857942
0.857941
0.85794
0.857939
0.857939
0.857938
0.857938
0.857937
0.857937
0.857936
0.857936
0.857935
0.857935
0.857935
0.857934
0.857934
0.857934
0.857933
0.857933
0.857933
0.857933
0.857932
0.857932
0.857932
0.857932
0.857932
0.857932
0.857932
0.857931
0.857931
0.857931
0.857931
0.857931
0.857931
0.857931
0.857931
0.857931
0.85793
0.85793
0.85793
0.85793
0.85793
0.85793
0.85793
0.85793
0.85793
0.857929
0.857929
0.974776
0.932326
0.904965
0.887747
0.876901
0.870071
0.865769
0.863055
0.861336
0.86024
0.859536
0.859078
0.858775
0.858571
0.858431
0.858332
0.85826
0.858207
0.858166
0.858134
0.858108
0.858087
0.85807
0.858055
0.858042
0.858031
0.858021
0.858013
0.858006
0.857999
0.857993
0.857988
0.857983
0.857979
0.857975
0.857971
0.857968
0.857965
0.857962
0.85796
0.857958
0.857956
0.857954
0.857952
0.857951
0.857949
0.857948
0.857946
0.857945
0.857944
0.857943
0.857942
0.857941
0.857941
0.85794
0.857939
0.857939
0.857938
0.857937
0.857937
0.857936
0.857936
0.857935
0.857935
0.857935
0.857934
0.857934
0.857934
0.857933
0.857933
0.857933
0.857933
0.857933
0.857932
0.857932
0.857932
0.857932
0.857932
0.857932
0.857931
0.857931
0.857931
0.857931
0.857931
0.857931
0.857931
0.857931
0.857931
0.85793
0.85793
0.85793
0.85793
0.85793
0.85793
0.85793
0.85793
0.85793
0.857929
0.857929
0.857929
0.975928
0.933269
0.905626
0.888203
0.877213
0.870284
0.865916
0.863157
0.861407
0.86029
0.85957
0.859101
0.85879
0.858581
0.858436
0.858335
0.858261
0.858206
0.858165
0.858132
0.858106
0.858085
0.858067
0.858052
0.85804
0.858029
0.858019
0.858011
0.858004
0.857997
0.857991
0.857986
0.857981
0.857977
0.857973
0.85797
0.857967
0.857964
0.857961
0.857959
0.857957
0.857955
0.857953
0.857951
0.85795
0.857948
0.857947
0.857946
0.857945
0.857944
0.857943
0.857942
0.857941
0.85794
0.857939
0.857939
0.857938
0.857938
0.857937
0.857936
0.857936
0.857936
0.857935
0.857935
0.857934
0.857934
0.857934
0.857933
0.857933
0.857933
0.857933
0.857933
0.857932
0.857932
0.857932
0.857932
0.857932
0.857931
0.857931
0.857931
0.857931
0.857931
0.857931
0.857931
0.857931
0.857931
0.85793
0.85793
0.85793
0.85793
0.85793
0.85793
0.85793
0.85793
0.85793
0.85793
0.85793
0.857929
0.857929
0.857929
0.9773
0.934714
0.906461
0.888725
0.877541
0.870488
0.866042
0.863234
0.861453
0.860316
0.859584
0.859106
0.85879
0.858577
0.85843
0.858327
0.858253
0.858198
0.858157
0.858125
0.858099
0.858078
0.858061
0.858047
0.858034
0.858024
0.858015
0.858007
0.858
0.857993
0.857988
0.857983
0.857978
0.857974
0.857971
0.857967
0.857965
0.857962
0.857959
0.857957
0.857955
0.857953
0.857951
0.85795
0.857948
0.857947
0.857946
0.857945
0.857944
0.857943
0.857942
0.857941
0.85794
0.857939
0.857939
0.857938
0.857937
0.857937
0.857936
0.857936
0.857935
0.857935
0.857935
0.857934
0.857934
0.857934
0.857933
0.857933
0.857933
0.857933
0.857932
0.857932
0.857932
0.857932
0.857932
0.857931
0.857931
0.857931
0.857931
0.857931
0.857931
0.857931
0.857931
0.857931
0.85793
0.85793
0.85793
0.85793
0.85793
0.85793
0.85793
0.85793
0.85793
0.85793
0.85793
0.85793
0.857929
0.857929
0.857929
0.857929
0.979079
0.935894
0.907202
0.889195
0.877815
0.870637
0.866116
0.863264
0.861458
0.860307
0.859567
0.859086
0.858768
0.858554
0.858409
0.858307
0.858234
0.858181
0.858141
0.85811
0.858085
0.858066
0.85805
0.858036
0.858025
0.858015
0.858007
0.857999
0.857993
0.857987
0.857982
0.857978
0.857973
0.85797
0.857967
0.857964
0.857961
0.857958
0.857956
0.857954
0.857952
0.857951
0.857949
0.857948
0.857946
0.857945
0.857944
0.857943
0.857942
0.857941
0.85794
0.857939
0.857939
0.857938
0.857937
0.857937
0.857936
0.857936
0.857935
0.857935
0.857935
0.857934
0.857934
0.857934
0.857933
0.857933
0.857933
0.857932
0.857932
0.857932
0.857932
0.857932
0.857931
0.857931
0.857931
0.857931
0.857931
0.857931
0.857931
0.857931
0.85793
0.85793
0.85793
0.85793
0.85793
0.85793
0.85793
0.85793
0.85793
0.85793
0.85793
0.85793
0.85793
0.857929
0.857929
0.857929
0.857929
0.857929
0.857929
0.857929
0.980415
0.935703
0.907011
0.889164
0.877793
0.870601
0.866069
0.863214
0.861408
0.860261
0.859525
0.859045
0.85873
0.858519
0.858377
0.858278
0.858208
0.858158
0.85812
0.858091
0.858069
0.858051
0.858036
0.858024
0.858014
0.858005
0.857997
0.857991
0.857985
0.85798
0.857976
0.857972
0.857968
0.857965
0.857962
0.857959
0.857957
0.857955
0.857953
0.857951
0.857949
0.857948
0.857946
0.857945
0.857944
0.857943
0.857942
0.857941
0.85794
0.857939
0.857939
0.857938
0.857937
0.857937
0.857936
0.857936
0.857935
0.857935
0.857934
0.857934
0.857934
0.857933
0.857933
0.857933
0.857933
0.857932
0.857932
0.857932
0.857932
0.857931
0.857931
0.857931
0.857931
0.857931
0.857931
0.857931
0.85793
0.85793
0.85793
0.85793
0.85793
0.85793
0.85793
0.85793
0.85793
0.85793
0.85793
0.85793
0.857929
0.857929
0.857929
0.857929
0.857929
0.857929
0.857929
0.857929
0.857929
0.857929
0.857929
0.857928
)
;

boundaryField
{
    inlet
    {
        type            fixedValue;
        value           uniform 1;
    }
    outlet
    {
        type            inletOutlet;
        inletValue      uniform 1;
        value           nonuniform List<scalar> 
100
(
0.857929
0.857929
0.857929
0.857929
0.857929
0.857929
0.857929
0.857929
0.857929
0.857929
0.857929
0.857929
0.857929
0.857929
0.857929
0.857929
0.857929
0.857929
0.857929
0.857929
0.857929
0.857929
0.857929
0.857929
0.857929
0.857929
0.857929
0.857929
0.857929
0.857928
0.857928
0.857928
0.857928
0.857928
0.857928
0.857928
0.857928
0.857928
0.857928
0.857928
0.857928
0.857928
0.857928
0.857928
0.857928
0.857928
0.857928
0.857928
0.857928
0.857928
0.857928
0.857928
0.857928
0.857928
0.857928
0.857928
0.857928
0.857928
0.857928
0.857928
0.857928
0.857928
0.857928
0.857928
0.857928
0.857928
0.857928
0.857928
0.857928
0.857928
0.857928
0.857928
0.857929
0.857929
0.857929
0.857929
0.857929
0.857929
0.857929
0.857929
0.857929
0.857929
0.857929
0.857929
0.857929
0.857929
0.857929
0.857929
0.857929
0.857929
0.857929
0.857929
0.857929
0.857929
0.857929
0.857929
0.857929
0.857929
0.857929
0.857928
)
;
    }
    ground
    {
        type            empty;
    }
    top
    {
        type            empty;
    }
    front
    {
        type            inletOutlet;
        inletValue      uniform 1;
        value           nonuniform List<scalar> 
100
(
0.980419
0.935705
0.907013
0.889165
0.877794
0.870602
0.866071
0.863215
0.86141
0.860262
0.859526
0.859047
0.858731
0.858521
0.858378
0.85828
0.85821
0.858159
0.858121
0.858093
0.85807
0.858052
0.858037
0.858025
0.858015
0.858006
0.857999
0.857992
0.857986
0.857981
0.857977
0.857973
0.857969
0.857966
0.857963
0.85796
0.857958
0.857956
0.857954
0.857952
0.85795
0.857949
0.857948
0.857946
0.857945
0.857944
0.857943
0.857942
0.857941
0.85794
0.85794
0.857939
0.857938
0.857938
0.857937
0.857937
0.857936
0.857936
0.857936
0.857935
0.857935
0.857934
0.857934
0.857934
0.857934
0.857933
0.857933
0.857933
0.857933
0.857933
0.857932
0.857932
0.857932
0.857932
0.857932
0.857932
0.857932
0.857931
0.857931
0.857931
0.857931
0.857931
0.857931
0.857931
0.857931
0.857931
0.857931
0.85793
0.85793
0.85793
0.85793
0.85793
0.85793
0.85793
0.85793
0.85793
0.857929
0.857929
0.857929
0.857929
)
;
    }
    back
    {
        type            inletOutlet;
        inletValue      uniform 1;
        value           nonuniform List<scalar> 
100
(
0.980415
0.935703
0.907011
0.889164
0.877793
0.870601
0.866069
0.863214
0.861408
0.860261
0.859525
0.859045
0.85873
0.858519
0.858377
0.858278
0.858208
0.858158
0.85812
0.858091
0.858069
0.858051
0.858036
0.858024
0.858014
0.858005
0.857997
0.857991
0.857985
0.85798
0.857976
0.857972
0.857968
0.857965
0.857962
0.857959
0.857957
0.857955
0.857953
0.857951
0.857949
0.857948
0.857946
0.857945
0.857944
0.857943
0.857942
0.857941
0.85794
0.857939
0.857939
0.857938
0.857937
0.857937
0.857936
0.857936
0.857935
0.857935
0.857934
0.857934
0.857934
0.857933
0.857933
0.857933
0.857933
0.857932
0.857932
0.857932
0.857932
0.857931
0.857931
0.857931
0.857931
0.857931
0.857931
0.857931
0.85793
0.85793
0.85793
0.85793
0.85793
0.85793
0.85793
0.85793
0.85793
0.85793
0.85793
0.85793
0.857929
0.857929
0.857929
0.857929
0.857929
0.857929
0.857929
0.857929
0.857929
0.857929
0.857929
0.857928
)
;
    }
}


// ************************************************************************* //
