/*--------------------------------*- C++ -*----------------------------------*\
  =========                 |
  \\      /  F ield         | OpenFOAM: The Open Source CFD Toolbox
   \\    /   O peration     | Website:  https://openfoam.org
    \\  /    A nd           | Version:  11
     \\/     M anipulation  |
\*---------------------------------------------------------------------------*/
FoamFile
{
    format      ascii;
    class       volScalarField;
    location    "466";
    object      omega;
}
// * * * * * * * * * * * * * * * * * * * * * * * * * * * * * * * * * * * * * //

dimensions      [0 0 -1 0 0 0 0];

internalField   nonuniform List<scalar> 
10000
(
0.961693
0.892185
0.829086
0.771729
0.719523
0.671944
0.628522
0.58884
0.552527
0.51925
0.488714
0.460654
0.434833
0.411039
0.389084
0.368797
0.350026
0.332634
0.316499
0.301508
0.287564
0.274576
0.262464
0.251153
0.240578
0.230679
0.221402
0.212697
0.20452
0.196829
0.189589
0.182765
0.176327
0.170246
0.164496
0.159055
0.1539
0.149012
0.144372
0.139964
0.135772
0.131783
0.127983
0.124359
0.120901
0.117599
0.114442
0.111423
0.108531
0.105761
0.103103
0.100553
0.0981028
0.0957473
0.0934808
0.0912981
0.0891941
0.0871644
0.0852046
0.0833104
0.081478
0.0797038
0.0779841
0.0763156
0.0746952
0.07312
0.071587
0.0700938
0.0686378
0.0672168
0.0658287
0.0644716
0.0631441
0.0618446
0.0605721
0.0593257
0.0581049
0.0569093
0.0557389
0.054594
0.0534752
0.0523833
0.0513193
0.0502845
0.0492805
0.0483091
0.047372
0.0464715
0.0456098
0.0447891
0.0440124
0.0432824
0.0426029
0.0419779
0.0414126
0.0409131
0.0404873
0.0401451
0.0398993
0.0397664
0.961693
0.892186
0.829086
0.771729
0.719523
0.671944
0.628522
0.58884
0.552527
0.51925
0.488714
0.460654
0.434833
0.41104
0.389084
0.368797
0.350026
0.332635
0.316499
0.301509
0.287564
0.274577
0.262464
0.251153
0.240578
0.230679
0.221402
0.212697
0.20452
0.19683
0.18959
0.182766
0.176327
0.170246
0.164497
0.159055
0.1539
0.149012
0.144372
0.139964
0.135773
0.131783
0.127983
0.12436
0.120902
0.1176
0.114443
0.111423
0.108532
0.105761
0.103104
0.100554
0.0981036
0.0957481
0.0934817
0.0912989
0.0891951
0.0871654
0.0852056
0.0833115
0.0814792
0.079705
0.0779854
0.076317
0.0746968
0.0731216
0.0715888
0.0700956
0.0686397
0.0672188
0.0658309
0.064474
0.0631465
0.0618472
0.0605748
0.0593286
0.0581078
0.0569123
0.055742
0.0545973
0.0534785
0.0523867
0.0513228
0.0502881
0.0492842
0.0483128
0.0473758
0.0464752
0.0456133
0.0447925
0.0440156
0.0432856
0.0426059
0.0419808
0.0414153
0.0409157
0.0404898
0.0401475
0.0399017
0.0397687
0.961693
0.892186
0.829086
0.771729
0.719524
0.671944
0.628522
0.58884
0.552527
0.519251
0.488714
0.460654
0.434833
0.41104
0.389085
0.368798
0.350027
0.332635
0.316499
0.301509
0.287565
0.274577
0.262464
0.251153
0.240579
0.23068
0.221402
0.212697
0.20452
0.19683
0.18959
0.182766
0.176328
0.170247
0.164497
0.159056
0.153901
0.149013
0.144373
0.139965
0.135774
0.131784
0.127984
0.124361
0.120903
0.117601
0.114444
0.111424
0.108533
0.105762
0.103105
0.100555
0.0981049
0.0957495
0.0934831
0.0913004
0.0891967
0.0871671
0.0852074
0.0833134
0.0814812
0.0797071
0.0779876
0.0763194
0.0746993
0.0731243
0.0715916
0.0700987
0.068643
0.0672223
0.0658345
0.0644778
0.0631506
0.0618515
0.0605794
0.0593334
0.0581128
0.0569176
0.0557475
0.0546029
0.0534843
0.0523926
0.0513288
0.0502943
0.0492905
0.0483191
0.0473821
0.0464815
0.0456195
0.0447986
0.0440215
0.0432913
0.0426114
0.0419861
0.0414205
0.0409207
0.0404946
0.0401522
0.0399062
0.0397732
0.961693
0.892186
0.829086
0.771729
0.719524
0.671944
0.628522
0.588841
0.552527
0.519251
0.488715
0.460654
0.434834
0.41104
0.389085
0.368798
0.350027
0.332635
0.3165
0.30151
0.287565
0.274578
0.262465
0.251154
0.240579
0.23068
0.221403
0.212698
0.204521
0.196831
0.189591
0.182767
0.176329
0.170248
0.164498
0.159057
0.153902
0.149014
0.144374
0.139966
0.135775
0.131785
0.127985
0.124362
0.120904
0.117602
0.114445
0.111426
0.108534
0.105764
0.103107
0.100557
0.0981068
0.0957515
0.0934852
0.0913026
0.0891989
0.0871695
0.0852099
0.0833161
0.0814841
0.0797101
0.0779908
0.0763228
0.0747029
0.0731281
0.0715957
0.070103
0.0686475
0.0672271
0.0658397
0.0644833
0.0631564
0.0618576
0.0605858
0.0593401
0.0581199
0.0569249
0.0557551
0.0546108
0.0534925
0.052401
0.0513374
0.050303
0.0492993
0.048328
0.047391
0.0464903
0.0456282
0.0448072
0.0440299
0.0432995
0.0426194
0.0419938
0.0414279
0.0409279
0.0405016
0.040159
0.0399129
0.0397798
0.961693
0.892186
0.829086
0.771729
0.719524
0.671944
0.628523
0.588841
0.552528
0.519251
0.488715
0.460655
0.434834
0.411041
0.389086
0.368799
0.350028
0.332636
0.3165
0.30151
0.287566
0.274578
0.262466
0.251155
0.24058
0.230681
0.221404
0.212699
0.204522
0.196832
0.189592
0.182768
0.17633
0.170249
0.164499
0.159058
0.153903
0.149015
0.144376
0.139968
0.135776
0.131787
0.127987
0.124363
0.120906
0.117604
0.114447
0.111428
0.108536
0.105766
0.103109
0.100559
0.0981092
0.095754
0.0934878
0.0913054
0.0892019
0.0871726
0.0852132
0.0833196
0.0814877
0.079714
0.0779949
0.0763271
0.0747075
0.073133
0.0716009
0.0701085
0.0686534
0.0672334
0.0658463
0.0644903
0.0631638
0.0618655
0.0605941
0.0593488
0.058129
0.0569344
0.0557649
0.054621
0.053503
0.0524117
0.0513484
0.0503141
0.0493106
0.0483393
0.0474023
0.0465016
0.0456394
0.0448182
0.0440407
0.04331
0.0426296
0.0420038
0.0414375
0.0409372
0.0405106
0.0401678
0.0399216
0.0397884
0.961693
0.892186
0.829086
0.771729
0.719524
0.671945
0.628523
0.588841
0.552528
0.519252
0.488716
0.460655
0.434835
0.411041
0.389086
0.368799
0.350029
0.332637
0.316501
0.301511
0.287567
0.274579
0.262466
0.251156
0.240581
0.230682
0.221405
0.2127
0.204523
0.196833
0.189593
0.182769
0.176331
0.17025
0.164501
0.15906
0.153905
0.149017
0.144377
0.139969
0.135778
0.131789
0.127989
0.124366
0.120908
0.117606
0.11445
0.11143
0.108539
0.105769
0.103112
0.100562
0.0981122
0.0957571
0.0934911
0.0913089
0.0892055
0.0871764
0.0852172
0.0833238
0.0814922
0.0797187
0.0779999
0.0763324
0.0747131
0.073139
0.0716072
0.0701152
0.0686605
0.0672409
0.0658543
0.0644988
0.0631728
0.0618749
0.060604
0.0593592
0.0581399
0.0569458
0.0557768
0.0546332
0.0535155
0.0524247
0.0513615
0.0503275
0.0493241
0.0483529
0.0474159
0.0465152
0.0456528
0.0448314
0.0440537
0.0433226
0.0426419
0.0420157
0.0414492
0.0409485
0.0405216
0.0401785
0.0399321
0.0397987
0.961693
0.892186
0.829086
0.771729
0.719524
0.671945
0.628523
0.588842
0.552529
0.519252
0.488716
0.460656
0.434835
0.411042
0.389087
0.3688
0.350029
0.332638
0.316502
0.301512
0.287568
0.27458
0.262467
0.251157
0.240582
0.230683
0.221406
0.212701
0.204525
0.196835
0.189595
0.182771
0.176333
0.170252
0.164502
0.159061
0.153907
0.149019
0.144379
0.139971
0.13578
0.131791
0.127991
0.124368
0.120911
0.117609
0.114452
0.111433
0.108542
0.105772
0.103115
0.100565
0.0981156
0.0957608
0.0934949
0.0913129
0.0892097
0.0871809
0.0852219
0.0833287
0.0814974
0.0797242
0.0780058
0.0763386
0.0747196
0.0731459
0.0716146
0.070123
0.0686688
0.0672497
0.0658636
0.0645086
0.0631832
0.0618858
0.0606155
0.0593713
0.0581525
0.0569589
0.0557904
0.0546473
0.0535301
0.0524396
0.0513768
0.050343
0.0493397
0.0483686
0.0474317
0.0465308
0.0456683
0.0448467
0.0440686
0.0433373
0.0426562
0.0420296
0.0414627
0.0409616
0.0405344
0.040191
0.0399442
0.0398107
0.961693
0.892186
0.829086
0.771729
0.719524
0.671945
0.628523
0.588842
0.552529
0.519253
0.488717
0.460657
0.434836
0.411043
0.389088
0.368801
0.35003
0.332638
0.316503
0.301513
0.287569
0.274581
0.262469
0.251158
0.240583
0.230685
0.221408
0.212703
0.204526
0.196836
0.189596
0.182773
0.176334
0.170254
0.164504
0.159063
0.153909
0.149021
0.144381
0.139974
0.135783
0.131793
0.127994
0.124371
0.120913
0.117611
0.114455
0.111436
0.108545
0.105775
0.103119
0.100569
0.0981196
0.0957649
0.0934992
0.0913174
0.0892145
0.0871859
0.0852272
0.0833343
0.0815033
0.0797305
0.0780123
0.0763456
0.074727
0.0731537
0.0716229
0.0701318
0.0686781
0.0672596
0.065874
0.0645197
0.0631948
0.0618981
0.0606284
0.0593848
0.0581667
0.0569737
0.0558057
0.0546632
0.0535464
0.0524563
0.0513938
0.0503603
0.0493572
0.0483863
0.0474493
0.0465483
0.0456857
0.0448638
0.0440855
0.0433538
0.0426723
0.0420453
0.0414779
0.0409764
0.0405487
0.040205
0.039958
0.0398242
0.961693
0.892186
0.829086
0.771729
0.719524
0.671945
0.628523
0.588842
0.552529
0.519253
0.488717
0.460657
0.434836
0.411043
0.389088
0.368802
0.350031
0.332639
0.316504
0.301514
0.28757
0.274582
0.26247
0.251159
0.240585
0.230686
0.221409
0.212704
0.204528
0.196838
0.189598
0.182774
0.176336
0.170255
0.164506
0.159065
0.153911
0.149023
0.144384
0.139976
0.135785
0.131796
0.127996
0.124373
0.120916
0.117615
0.114459
0.111439
0.108549
0.105779
0.103123
0.100573
0.0981239
0.0957695
0.093504
0.0913224
0.0892198
0.0871914
0.085233
0.0833405
0.0815098
0.0797374
0.0780196
0.0763533
0.0747352
0.0731624
0.071632
0.0701415
0.0686884
0.0672705
0.0658855
0.0645318
0.0632077
0.0619117
0.0606427
0.0593997
0.0581823
0.0569899
0.0558226
0.0546806
0.0535643
0.0524747
0.0514126
0.0503794
0.0493765
0.0484056
0.0474686
0.0465676
0.0457048
0.0448827
0.044104
0.0433719
0.04269
0.0420625
0.0414946
0.0409926
0.0405645
0.0402204
0.0399731
0.0398392
0.961693
0.892186
0.829086
0.771729
0.719524
0.671945
0.628524
0.588842
0.55253
0.519253
0.488718
0.460658
0.434837
0.411044
0.389089
0.368803
0.350032
0.33264
0.316505
0.301515
0.287571
0.274584
0.262471
0.251161
0.240586
0.230688
0.221411
0.212706
0.204529
0.19684
0.1896
0.182776
0.176338
0.170258
0.164509
0.159068
0.153913
0.149026
0.144386
0.139979
0.135788
0.131799
0.127999
0.124377
0.12092
0.117618
0.114462
0.111443
0.108553
0.105783
0.103127
0.100578
0.0981287
0.0957744
0.0935093
0.0913279
0.0892256
0.0871975
0.0852394
0.0833472
0.0815169
0.0797449
0.0780276
0.0763617
0.0747441
0.0731718
0.071642
0.0701521
0.0686996
0.0672823
0.0658981
0.0645451
0.0632216
0.0619264
0.0606581
0.0594159
0.0581991
0.0570075
0.0558408
0.0546994
0.0535837
0.0524945
0.0514328
0.0503999
0.0493972
0.0484265
0.0474895
0.0465884
0.0457254
0.044903
0.044124
0.0433915
0.0427091
0.0420811
0.0415127
0.0410103
0.0405817
0.0402372
0.0399895
0.0398554
0.961693
0.892186
0.829086
0.771729
0.719524
0.671945
0.628524
0.588843
0.55253
0.519254
0.488718
0.460658
0.434838
0.411045
0.38909
0.368803
0.350033
0.332641
0.316506
0.301516
0.287572
0.274585
0.262472
0.251162
0.240588
0.230689
0.221412
0.212708
0.204531
0.196841
0.189602
0.182778
0.17634
0.17026
0.164511
0.15907
0.153916
0.149028
0.144389
0.139982
0.135791
0.131802
0.128003
0.12438
0.120923
0.117622
0.114466
0.111447
0.108557
0.105787
0.103132
0.100582
0.0981338
0.0957798
0.0935149
0.0913338
0.0892317
0.087204
0.0852463
0.0833544
0.0815246
0.0797529
0.0780361
0.0763707
0.0747536
0.0731819
0.0716527
0.0701634
0.0687116
0.067295
0.0659114
0.0645592
0.0632365
0.061942
0.0606745
0.0594331
0.0582171
0.0570262
0.0558602
0.0547195
0.0536044
0.0525157
0.0514544
0.0504218
0.0494194
0.0484487
0.0475118
0.0466106
0.0457474
0.0449248
0.0441454
0.0434124
0.0427296
0.0421011
0.0415321
0.0410291
0.0406001
0.0402551
0.0400072
0.0398728
0.961693
0.892186
0.829086
0.771729
0.719524
0.671945
0.628524
0.588843
0.55253
0.519254
0.488718
0.460659
0.434838
0.411045
0.389091
0.368804
0.350034
0.332642
0.316507
0.301517
0.287574
0.274586
0.262474
0.251164
0.240589
0.230691
0.221414
0.21271
0.204533
0.196843
0.189604
0.18278
0.176343
0.170262
0.164513
0.159073
0.153918
0.149031
0.144392
0.139985
0.135794
0.131806
0.128006
0.124384
0.120927
0.117626
0.11447
0.111452
0.108561
0.105792
0.103136
0.100588
0.0981392
0.0957855
0.0935208
0.0913401
0.0892383
0.087211
0.0852536
0.0833621
0.0815327
0.0797615
0.0780451
0.0763803
0.0747637
0.0731926
0.071664
0.0701754
0.0687243
0.0673084
0.0659256
0.0645741
0.0632523
0.0619586
0.0606919
0.0594513
0.0582361
0.0570459
0.0558807
0.0547406
0.0536261
0.052538
0.0514772
0.0504449
0.0494427
0.0484722
0.0475353
0.046634
0.0457706
0.0449477
0.0441679
0.0434345
0.0427512
0.0421221
0.0415526
0.0410491
0.0406196
0.0402741
0.0400258
0.0398912
0.961693
0.892186
0.829086
0.771729
0.719524
0.671945
0.628524
0.588843
0.55253
0.519254
0.488719
0.460659
0.434839
0.411046
0.389091
0.368805
0.350035
0.332643
0.316508
0.301519
0.287575
0.274587
0.262475
0.251165
0.240591
0.230692
0.221416
0.212711
0.204535
0.196845
0.189606
0.182783
0.176345
0.170265
0.164516
0.159075
0.153921
0.149034
0.144395
0.139988
0.135797
0.131809
0.12801
0.124387
0.120931
0.11763
0.114475
0.111456
0.108566
0.105797
0.103142
0.100593
0.0981449
0.0957914
0.0935271
0.0913467
0.0892453
0.0872182
0.0852613
0.0833702
0.0815412
0.0797705
0.0780547
0.0763903
0.0747744
0.0732038
0.0716759
0.070188
0.0687375
0.0673224
0.0659404
0.0645898
0.0632687
0.0619759
0.0607101
0.0594703
0.0582559
0.0570666
0.0559021
0.0547627
0.0536489
0.0525613
0.0515009
0.050469
0.0494671
0.0484967
0.0475598
0.0466585
0.0457949
0.0449716
0.0441915
0.0434577
0.0427738
0.0421442
0.0415741
0.04107
0.0406399
0.040294
0.0400453
0.0399105
0.961693
0.892186
0.829086
0.771729
0.719524
0.671945
0.628524
0.588843
0.55253
0.519255
0.488719
0.460659
0.434839
0.411047
0.389092
0.368806
0.350035
0.332644
0.316509
0.30152
0.287576
0.274589
0.262477
0.251167
0.240592
0.230694
0.221417
0.212713
0.204537
0.196848
0.189608
0.182785
0.176347
0.170267
0.164519
0.159078
0.153924
0.149037
0.144398
0.139991
0.135801
0.131813
0.128014
0.124391
0.120935
0.117634
0.114479
0.111461
0.108571
0.105802
0.103147
0.100599
0.0981508
0.0957977
0.0935336
0.0913535
0.0892525
0.0872258
0.0852693
0.0833786
0.0815501
0.0797799
0.0780646
0.0764008
0.0747854
0.0732155
0.0716883
0.070201
0.0687514
0.067337
0.0659559
0.064606
0.0632858
0.0619939
0.0607289
0.05949
0.0582765
0.057088
0.0559243
0.0547856
0.0536724
0.0525854
0.0515255
0.050494
0.0494923
0.0485221
0.0475853
0.0466838
0.04582
0.0449965
0.044216
0.0434817
0.0427972
0.0421671
0.0415964
0.0410918
0.0406611
0.0403147
0.0400657
0.0399306
0.961693
0.892186
0.829086
0.771729
0.719524
0.671946
0.628524
0.588843
0.552531
0.519255
0.488719
0.46066
0.43484
0.411047
0.389093
0.368807
0.350036
0.332645
0.31651
0.301521
0.287577
0.27459
0.262478
0.251168
0.240594
0.230696
0.221419
0.212715
0.204539
0.19685
0.18961
0.182787
0.17635
0.17027
0.164521
0.159081
0.153927
0.14904
0.144402
0.139995
0.135804
0.131816
0.128017
0.124395
0.120939
0.117639
0.114484
0.111466
0.108576
0.105808
0.103153
0.100604
0.098157
0.0958041
0.0935404
0.0913606
0.0892599
0.0872337
0.0852775
0.0833874
0.0815593
0.0797896
0.0780748
0.0764116
0.0747969
0.0732276
0.071701
0.0702145
0.0687656
0.0673521
0.0659718
0.0646228
0.0633035
0.0620124
0.0607484
0.0595104
0.0582977
0.05711
0.0559471
0.0548092
0.0536967
0.0526102
0.0515508
0.0505197
0.0495183
0.0485483
0.0476114
0.0467099
0.0458459
0.0450221
0.0442412
0.0435064
0.0428215
0.0421907
0.0416195
0.0411142
0.040683
0.0403361
0.0400867
0.0399514
0.961693
0.892186
0.829086
0.771729
0.719524
0.671946
0.628524
0.588843
0.552531
0.519255
0.48872
0.46066
0.43484
0.411048
0.389093
0.368807
0.350037
0.332646
0.316511
0.301522
0.287578
0.274591
0.262479
0.25117
0.240596
0.230697
0.221421
0.212717
0.204541
0.196852
0.189613
0.18279
0.176352
0.170272
0.164524
0.159084
0.15393
0.149043
0.144405
0.139998
0.135808
0.13182
0.128021
0.1244
0.120944
0.117643
0.114489
0.111471
0.108581
0.105813
0.103158
0.100611
0.0981633
0.0958107
0.0935474
0.091368
0.0892676
0.0872418
0.0852861
0.0833963
0.0815687
0.0797996
0.0780853
0.0764227
0.0748086
0.07324
0.0717142
0.0702284
0.0687803
0.0673675
0.0659881
0.06464
0.0633216
0.0620314
0.0607683
0.0595312
0.0583194
0.0571326
0.0559705
0.0548333
0.0537215
0.0526356
0.0515768
0.050546
0.0495449
0.048575
0.0476382
0.0467366
0.0458725
0.0450483
0.044267
0.0435317
0.0428463
0.0422149
0.0416431
0.0411372
0.0407054
0.0403581
0.0401082
0.0399727
0.961692
0.892185
0.829086
0.771729
0.719524
0.671946
0.628524
0.588843
0.552531
0.519255
0.48872
0.460661
0.434841
0.411048
0.389094
0.368808
0.350038
0.332647
0.316512
0.301523
0.28758
0.274593
0.262481
0.251171
0.240597
0.230699
0.221423
0.212719
0.204543
0.196854
0.189615
0.182792
0.176355
0.170275
0.164527
0.159087
0.153933
0.149046
0.144408
0.140002
0.135812
0.131824
0.128026
0.124404
0.120948
0.117648
0.114493
0.111476
0.108587
0.105819
0.103164
0.100617
0.0981697
0.0958175
0.0935545
0.0913754
0.0892755
0.0872501
0.0852948
0.0834055
0.0815784
0.0798098
0.0780961
0.0764341
0.0748206
0.0732527
0.0717276
0.0702426
0.0687952
0.0673833
0.0660047
0.0646575
0.06334
0.0620508
0.0607885
0.0595524
0.0583415
0.0571555
0.0559943
0.0548579
0.0537467
0.0526615
0.0516031
0.0505728
0.0495719
0.0486022
0.0476655
0.0467638
0.0458995
0.045075
0.0442933
0.0435576
0.0428716
0.0422396
0.0416672
0.0411607
0.0407283
0.0403804
0.0401302
0.0399944
0.961692
0.892185
0.829086
0.771729
0.719524
0.671946
0.628524
0.588843
0.552531
0.519255
0.48872
0.460661
0.434841
0.411049
0.389094
0.368809
0.350039
0.332648
0.316513
0.301524
0.287581
0.274594
0.262482
0.251172
0.240599
0.230701
0.221425
0.212721
0.204545
0.196856
0.189617
0.182795
0.176357
0.170278
0.16453
0.15909
0.153936
0.14905
0.144412
0.140005
0.135816
0.131828
0.12803
0.124408
0.120953
0.117653
0.114498
0.111481
0.108592
0.105824
0.10317
0.100623
0.0981763
0.0958244
0.0935617
0.0913831
0.0892835
0.0872585
0.0853036
0.0834149
0.0815883
0.0798202
0.0781071
0.0764457
0.0748328
0.0732656
0.0717412
0.0702569
0.0688104
0.0673993
0.0660216
0.0646752
0.0633587
0.0620704
0.0608091
0.0595738
0.0583639
0.0571788
0.0560184
0.0548827
0.0537723
0.0526877
0.0516298
0.0505999
0.0495993
0.0486298
0.0476931
0.0467914
0.0459268
0.0451021
0.04432
0.0435838
0.0428972
0.0422647
0.0416916
0.0411845
0.0407515
0.0404031
0.0401525
0.0400165
0.961692
0.892185
0.829086
0.771729
0.719524
0.671946
0.628524
0.588843
0.552531
0.519256
0.48872
0.460661
0.434841
0.411049
0.389095
0.368809
0.350039
0.332649
0.316514
0.301525
0.287582
0.274595
0.262483
0.251174
0.2406
0.230703
0.221426
0.212723
0.204547
0.196858
0.18962
0.182797
0.17636
0.17028
0.164533
0.159093
0.15394
0.149053
0.144415
0.140009
0.135819
0.131832
0.128034
0.124413
0.120957
0.117657
0.114503
0.111486
0.108598
0.10583
0.103176
0.100629
0.098183
0.0958314
0.0935691
0.0913908
0.0892916
0.087267
0.0853126
0.0834243
0.0815982
0.0798306
0.0781181
0.0764573
0.0748452
0.0732786
0.0717549
0.0702714
0.0688257
0.0674155
0.0660386
0.0646932
0.0633775
0.0620901
0.0608298
0.0595954
0.0583864
0.0572022
0.0560426
0.0549078
0.053798
0.052714
0.0516567
0.0506272
0.049627
0.0486576
0.047721
0.0468191
0.0459544
0.0451294
0.0443469
0.0436102
0.0429231
0.04229
0.0417163
0.0412085
0.040775
0.0404261
0.040175
0.0400387
0.961692
0.892185
0.829086
0.771729
0.719524
0.671946
0.628524
0.588844
0.552531
0.519256
0.488721
0.460661
0.434842
0.411049
0.389095
0.36881
0.35004
0.332649
0.316515
0.301526
0.287583
0.274596
0.262485
0.251175
0.240602
0.230704
0.221428
0.212725
0.204549
0.19686
0.189622
0.182799
0.176363
0.170283
0.164535
0.159096
0.153943
0.149056
0.144419
0.140013
0.135823
0.131836
0.128038
0.124417
0.120962
0.117662
0.114508
0.111492
0.108603
0.105836
0.103182
0.100636
0.0981897
0.0958384
0.0935764
0.0913985
0.0892998
0.0872756
0.0853216
0.0834338
0.0816082
0.0798412
0.0781293
0.0764691
0.0748576
0.0732917
0.0717688
0.0702861
0.0688411
0.0674317
0.0660557
0.0647112
0.0633964
0.06211
0.0608506
0.0596172
0.0584091
0.0572257
0.056067
0.0549329
0.0538239
0.0527405
0.0516837
0.0506546
0.0496547
0.0486855
0.0477489
0.0468471
0.0459822
0.0451569
0.044374
0.0436368
0.0429492
0.0423155
0.0417411
0.0412328
0.0407986
0.0404492
0.0401977
0.0400612
0.961692
0.892185
0.829086
0.771729
0.719524
0.671946
0.628524
0.588844
0.552531
0.519256
0.488721
0.460662
0.434842
0.41105
0.389096
0.36881
0.350041
0.33265
0.316516
0.301527
0.287584
0.274597
0.262486
0.251177
0.240603
0.230706
0.22143
0.212727
0.204551
0.196863
0.189624
0.182802
0.176365
0.170286
0.164538
0.159099
0.153946
0.14906
0.144422
0.140016
0.135827
0.13184
0.128042
0.124421
0.120966
0.117667
0.114513
0.111497
0.108609
0.105842
0.103188
0.100642
0.0981964
0.0958455
0.0935839
0.0914063
0.089308
0.0872842
0.0853307
0.0834434
0.0816183
0.0798518
0.0781405
0.0764809
0.07487
0.0733049
0.0717826
0.0703007
0.0688566
0.067448
0.0660729
0.0647292
0.0634154
0.0621299
0.0608714
0.0596389
0.0584317
0.0572492
0.0560913
0.054958
0.0538497
0.052767
0.0517107
0.050682
0.0496824
0.0487134
0.0477769
0.046875
0.0460099
0.0451843
0.0444011
0.0436635
0.0429753
0.042341
0.041766
0.041257
0.0408223
0.0404723
0.0402204
0.0400836
0.961692
0.892185
0.829086
0.771729
0.719524
0.671946
0.628524
0.588844
0.552531
0.519256
0.488721
0.460662
0.434842
0.41105
0.389096
0.368811
0.350041
0.332651
0.316516
0.301528
0.287585
0.274599
0.262487
0.251178
0.240605
0.230707
0.221432
0.212728
0.204553
0.196865
0.189626
0.182804
0.176368
0.170288
0.164541
0.159102
0.153949
0.149063
0.144425
0.14002
0.135831
0.131844
0.128046
0.124426
0.120971
0.117672
0.114519
0.111502
0.108614
0.105848
0.103195
0.100649
0.0982031
0.0958526
0.0935913
0.0914141
0.0893162
0.0872928
0.0853398
0.0834529
0.0816284
0.0798624
0.0781516
0.0764927
0.0748825
0.073318
0.0717965
0.0703153
0.068872
0.0674642
0.0660899
0.0647472
0.0634343
0.0621497
0.0608921
0.0596606
0.0584543
0.0572727
0.0561156
0.0549831
0.0538754
0.0527933
0.0517376
0.0507093
0.04971
0.0487412
0.0478048
0.0469028
0.0460376
0.0452117
0.0444281
0.04369
0.0430013
0.0423664
0.0417909
0.0412813
0.0408459
0.0404954
0.0402431
0.0401061
0.961692
0.892185
0.829086
0.771729
0.719524
0.671946
0.628524
0.588844
0.552531
0.519256
0.488721
0.460662
0.434842
0.411051
0.389097
0.368811
0.350042
0.332651
0.316517
0.301529
0.287586
0.2746
0.262488
0.251179
0.240606
0.230709
0.221433
0.21273
0.204555
0.196867
0.189628
0.182806
0.17637
0.170291
0.164544
0.159105
0.153952
0.149066
0.144429
0.140023
0.135835
0.131848
0.128051
0.12443
0.120976
0.117677
0.114524
0.111507
0.10862
0.105853
0.103201
0.100655
0.0982098
0.0958596
0.0935987
0.0914219
0.0893243
0.0873014
0.0853488
0.0834624
0.0816384
0.079873
0.0781628
0.0765044
0.0748948
0.073331
0.0718103
0.0703298
0.0688873
0.0674804
0.0661069
0.0647651
0.063453
0.0621694
0.0609127
0.0596821
0.0584767
0.0572959
0.0561397
0.0550079
0.053901
0.0528195
0.0517643
0.0507365
0.0497374
0.0487688
0.0478325
0.0469305
0.0460651
0.045239
0.044455
0.0437164
0.0430272
0.0423918
0.0418156
0.0413054
0.0408695
0.0405184
0.0402657
0.0401284
0.961692
0.892185
0.829086
0.771729
0.719524
0.671945
0.628524
0.588844
0.552532
0.519256
0.488721
0.460662
0.434843
0.411051
0.389097
0.368812
0.350042
0.332652
0.316518
0.301529
0.287587
0.274601
0.26249
0.251181
0.240607
0.23071
0.221435
0.212732
0.204557
0.196869
0.189631
0.182809
0.176372
0.170294
0.164546
0.159107
0.153955
0.149069
0.144432
0.140027
0.135838
0.131852
0.128055
0.124434
0.12098
0.117681
0.114529
0.111513
0.108625
0.105859
0.103207
0.100661
0.0982165
0.0958666
0.093606
0.0914296
0.0893324
0.0873099
0.0853578
0.0834719
0.0816483
0.0798835
0.0781738
0.0765161
0.0749071
0.073344
0.0718239
0.0703442
0.0689025
0.0674963
0.0661238
0.0647828
0.0634716
0.0621888
0.0609331
0.0597033
0.0584988
0.0573189
0.0561635
0.0550325
0.0539263
0.0528454
0.0517907
0.0507633
0.0497646
0.0487962
0.0478599
0.0469579
0.0460924
0.045266
0.0444816
0.0437426
0.0430529
0.0424169
0.0418401
0.0413293
0.0408928
0.0405412
0.040288
0.0401505
0.961692
0.892185
0.829086
0.771729
0.719524
0.671945
0.628524
0.588844
0.552532
0.519256
0.488721
0.460662
0.434843
0.411051
0.389098
0.368812
0.350043
0.332653
0.316519
0.30153
0.287588
0.274602
0.262491
0.251182
0.240609
0.230712
0.221437
0.212734
0.204559
0.196871
0.189633
0.182811
0.176375
0.170296
0.164549
0.15911
0.153958
0.149072
0.144436
0.140031
0.135842
0.131856
0.128059
0.124439
0.120985
0.117686
0.114533
0.111518
0.108631
0.105865
0.103213
0.100667
0.098223
0.0958735
0.0936132
0.0914372
0.0893404
0.0873183
0.0853666
0.0834812
0.0816581
0.0798938
0.0781847
0.0765276
0.0749192
0.0733568
0.0718374
0.0703584
0.0689174
0.0675121
0.0661404
0.0648002
0.06349
0.062208
0.0609532
0.0597243
0.0585207
0.0573416
0.056187
0.0550568
0.0539512
0.0528709
0.0518167
0.0507898
0.0497914
0.0488232
0.047887
0.0469849
0.0461192
0.0452926
0.0445079
0.0437685
0.0430782
0.0424417
0.0418643
0.0413529
0.0409158
0.0405638
0.0403102
0.0401724
0.961692
0.892185
0.829086
0.771729
0.719524
0.671945
0.628524
0.588844
0.552532
0.519256
0.488722
0.460663
0.434843
0.411051
0.389098
0.368813
0.350043
0.332653
0.316519
0.301531
0.287589
0.274603
0.262492
0.251183
0.24061
0.230713
0.221438
0.212735
0.20456
0.196873
0.189635
0.182813
0.176377
0.170299
0.164552
0.159113
0.153961
0.149075
0.144439
0.140034
0.135846
0.13186
0.128063
0.124443
0.120989
0.117691
0.114538
0.111523
0.108636
0.10587
0.103219
0.100674
0.0982295
0.0958803
0.0936204
0.0914447
0.0893483
0.0873266
0.0853754
0.0834904
0.0816678
0.079904
0.0781954
0.0765389
0.0749312
0.0733694
0.0718507
0.0703724
0.0689322
0.0675276
0.0661567
0.0648174
0.063508
0.0622269
0.0609729
0.059745
0.0585421
0.0573639
0.0562101
0.0550806
0.0539757
0.052896
0.0518423
0.0508158
0.0498177
0.0488497
0.0479136
0.0470115
0.0461457
0.0453188
0.0445338
0.0437939
0.0431032
0.0424661
0.0418881
0.0413761
0.0409385
0.0405859
0.0403319
0.0401939
0.961692
0.892185
0.829086
0.771729
0.719524
0.671945
0.628524
0.588844
0.552532
0.519256
0.488722
0.460663
0.434843
0.411052
0.389098
0.368813
0.350044
0.332654
0.31652
0.301532
0.28759
0.274604
0.262493
0.251184
0.240611
0.230715
0.22144
0.212737
0.204562
0.196874
0.189637
0.182815
0.176379
0.170301
0.164554
0.159116
0.153964
0.149079
0.144442
0.140037
0.135849
0.131863
0.128067
0.124447
0.120993
0.117695
0.114543
0.111528
0.108641
0.105876
0.103224
0.10068
0.0982359
0.0958869
0.0936274
0.0914521
0.089356
0.0873348
0.0853839
0.0834994
0.0816773
0.079914
0.078206
0.07655
0.0749429
0.0733817
0.0718637
0.0703861
0.0689466
0.0675429
0.0661727
0.0648342
0.0635256
0.0622454
0.0609923
0.0597652
0.0585632
0.0573858
0.0562327
0.0551039
0.0539997
0.0529206
0.0518674
0.0508413
0.0498435
0.0488757
0.0479397
0.0470376
0.0461717
0.0453445
0.0445592
0.0438189
0.0431277
0.0424901
0.0419116
0.041399
0.0409608
0.0406077
0.0403533
0.040215
0.961692
0.892185
0.829086
0.771729
0.719524
0.671945
0.628524
0.588844
0.552532
0.519256
0.488722
0.460663
0.434844
0.411052
0.389099
0.368813
0.350044
0.332654
0.316521
0.301533
0.28759
0.274604
0.262494
0.251185
0.240613
0.230716
0.221441
0.212738
0.204564
0.196876
0.189639
0.182817
0.176382
0.170303
0.164557
0.159118
0.153966
0.149081
0.144445
0.140041
0.135853
0.131867
0.12807
0.124451
0.120998
0.1177
0.114548
0.111533
0.108647
0.105881
0.10323
0.100686
0.0982421
0.0958935
0.0936342
0.0914593
0.0893636
0.0873428
0.0853923
0.0835082
0.0816866
0.0799238
0.0782163
0.0765609
0.0749543
0.0733938
0.0718764
0.0703995
0.0689608
0.0675577
0.0661884
0.0648507
0.0635429
0.0622635
0.0610112
0.0597849
0.0585837
0.0574071
0.0562548
0.0551267
0.0540232
0.0529446
0.0518919
0.0508662
0.0498687
0.0489011
0.0479652
0.0470631
0.046197
0.0453697
0.044584
0.0438434
0.0431517
0.0425135
0.0419345
0.0414213
0.0409826
0.0406291
0.0403743
0.0402357
0.961692
0.892185
0.829086
0.771729
0.719524
0.671945
0.628524
0.588844
0.552532
0.519257
0.488722
0.460663
0.434844
0.411052
0.389099
0.368814
0.350045
0.332655
0.316521
0.301533
0.287591
0.274605
0.262495
0.251186
0.240614
0.230717
0.221442
0.21274
0.204565
0.196878
0.18964
0.182819
0.176384
0.170306
0.164559
0.159121
0.153969
0.149084
0.144448
0.140044
0.135856
0.13187
0.128074
0.124455
0.121002
0.117704
0.114552
0.111537
0.108652
0.105887
0.103235
0.100691
0.0982481
0.0958998
0.0936409
0.0914663
0.089371
0.0873505
0.0854005
0.0835168
0.0816957
0.0799333
0.0782264
0.0765715
0.0749655
0.0734056
0.0718888
0.0704126
0.0689745
0.0675722
0.0662036
0.0648667
0.0635597
0.0622811
0.0610296
0.0598041
0.0586038
0.0574279
0.0562763
0.0551489
0.054046
0.052968
0.0519158
0.0508905
0.0498933
0.0489259
0.0479901
0.0470879
0.0462218
0.0453942
0.0446082
0.0438672
0.0431751
0.0425364
0.0419568
0.0414431
0.0410039
0.0406499
0.0403947
0.0402559
0.961692
0.892185
0.829086
0.771729
0.719524
0.671945
0.628524
0.588844
0.552532
0.519257
0.488722
0.460663
0.434844
0.411052
0.389099
0.368814
0.350045
0.332655
0.316522
0.301534
0.287592
0.274606
0.262496
0.251187
0.240615
0.230718
0.221444
0.212741
0.204567
0.19688
0.189642
0.182821
0.176386
0.170308
0.164561
0.159123
0.153972
0.149087
0.144451
0.140047
0.135859
0.131874
0.128078
0.124459
0.121006
0.117708
0.114557
0.111542
0.108656
0.105892
0.103241
0.100697
0.098254
0.095906
0.0936474
0.0914731
0.0893782
0.0873581
0.0854084
0.0835252
0.0817045
0.0799426
0.0782361
0.0765818
0.0749764
0.073417
0.0719008
0.0704253
0.0689879
0.0675863
0.0662184
0.0648822
0.063576
0.0622982
0.0610475
0.0598228
0.0586232
0.0574481
0.0562972
0.0551705
0.0540681
0.0529907
0.051939
0.050914
0.0499171
0.0489499
0.0480142
0.047112
0.0462458
0.045418
0.0446318
0.0438904
0.0431978
0.0425586
0.0419785
0.0414643
0.0410246
0.0406701
0.0404145
0.0402755
0.961692
0.892185
0.829086
0.771729
0.719524
0.671945
0.628524
0.588844
0.552532
0.519257
0.488722
0.460663
0.434844
0.411053
0.389099
0.368815
0.350046
0.332656
0.316522
0.301534
0.287593
0.274607
0.262497
0.251188
0.240616
0.23072
0.221445
0.212743
0.204568
0.196881
0.189644
0.182823
0.176388
0.17031
0.164564
0.159126
0.153974
0.14909
0.144454
0.14005
0.135862
0.131877
0.128081
0.124462
0.121009
0.117712
0.114561
0.111547
0.108661
0.105897
0.103246
0.100702
0.0982597
0.095912
0.0936537
0.0914797
0.0893852
0.0873654
0.0854161
0.0835333
0.081713
0.0799516
0.0782456
0.0765917
0.0749869
0.0734281
0.0719125
0.0704376
0.0690008
0.0675999
0.0662327
0.0648972
0.0635918
0.0623147
0.0610648
0.0598408
0.0586419
0.0574676
0.0563174
0.0551913
0.0540896
0.0530127
0.0519614
0.0509368
0.0499402
0.0489732
0.0480376
0.0471354
0.046269
0.0454411
0.0446545
0.0439128
0.0432198
0.0425802
0.0419996
0.0414849
0.0410446
0.0406897
0.0404337
0.0402945
0.961692
0.892185
0.829086
0.771729
0.719524
0.671945
0.628524
0.588844
0.552532
0.519257
0.488722
0.460664
0.434844
0.411053
0.3891
0.368815
0.350046
0.332656
0.316523
0.301535
0.287593
0.274608
0.262497
0.251189
0.240617
0.230721
0.221446
0.212744
0.20457
0.196883
0.189646
0.182825
0.17639
0.170312
0.164566
0.159128
0.153977
0.149092
0.144456
0.140053
0.135865
0.13188
0.128084
0.124466
0.121013
0.117716
0.114565
0.111551
0.108666
0.105901
0.103251
0.100708
0.0982652
0.0959178
0.0936598
0.0914861
0.0893919
0.0873725
0.0854236
0.0835411
0.0817212
0.0799602
0.0782547
0.0766013
0.074997
0.0734387
0.0719237
0.0704494
0.0690133
0.067613
0.0662465
0.0649117
0.063607
0.0623307
0.0610814
0.0598582
0.05866
0.0574863
0.0563368
0.0552114
0.0541102
0.0530338
0.051983
0.0509588
0.0499624
0.0489956
0.0480601
0.0471579
0.0462915
0.0454633
0.0446765
0.0439344
0.043241
0.042601
0.0420199
0.0415047
0.041064
0.0407086
0.0404523
0.0403128
0.961692
0.892185
0.829086
0.771729
0.719524
0.671945
0.628524
0.588844
0.552532
0.519257
0.488722
0.460664
0.434844
0.411053
0.3891
0.368815
0.350046
0.332657
0.316523
0.301536
0.287594
0.274608
0.262498
0.25119
0.240618
0.230722
0.221447
0.212745
0.204571
0.196884
0.189647
0.182826
0.176391
0.170314
0.164568
0.15913
0.153979
0.149095
0.144459
0.140055
0.135868
0.131883
0.128088
0.124469
0.121017
0.11772
0.114569
0.111555
0.10867
0.105906
0.103256
0.100713
0.0982705
0.0959233
0.0936656
0.0914923
0.0893983
0.0873792
0.0854307
0.0835486
0.0817291
0.0799686
0.0782635
0.0766106
0.0750067
0.073449
0.0719345
0.0704608
0.0690253
0.0676256
0.0662597
0.0649256
0.0636216
0.0623459
0.0610974
0.0598748
0.0586774
0.0575044
0.0563555
0.0552306
0.05413
0.0530541
0.0520037
0.0509798
0.0499838
0.0490171
0.0480817
0.0471795
0.046313
0.0454847
0.0446977
0.0439553
0.0432615
0.042621
0.0420395
0.0415238
0.0410826
0.0407268
0.0404702
0.0403305
0.961692
0.892185
0.829086
0.771729
0.719524
0.671945
0.628524
0.588844
0.552532
0.519257
0.488722
0.460664
0.434845
0.411053
0.3891
0.368815
0.350047
0.332657
0.316524
0.301536
0.287594
0.274609
0.262499
0.251191
0.240619
0.230723
0.221448
0.212747
0.204572
0.196885
0.189649
0.182828
0.176393
0.170316
0.16457
0.159132
0.153981
0.149097
0.144461
0.140058
0.135871
0.131886
0.128091
0.124472
0.12102
0.117723
0.114573
0.111559
0.108674
0.10591
0.10326
0.100717
0.0982756
0.0959287
0.0936712
0.0914981
0.0894045
0.0873857
0.0854375
0.0835558
0.0817367
0.0799765
0.0782719
0.0766194
0.075016
0.0734588
0.0719449
0.0704717
0.0690367
0.0676376
0.0662724
0.0649389
0.0636355
0.0623605
0.0611127
0.0598908
0.058694
0.0575216
0.0563733
0.055249
0.0541489
0.0530735
0.0520235
0.051
0.0500042
0.0490378
0.0481024
0.0472003
0.0463336
0.0455052
0.0447179
0.0439752
0.043281
0.0426401
0.0420582
0.041542
0.0411004
0.0407442
0.0404873
0.0403473
0.961692
0.892185
0.829086
0.771729
0.719524
0.671945
0.628524
0.588844
0.552532
0.519257
0.488722
0.460664
0.434845
0.411053
0.3891
0.368816
0.350047
0.332657
0.316524
0.301537
0.287595
0.27461
0.2625
0.251192
0.24062
0.230724
0.221449
0.212748
0.204574
0.196887
0.18965
0.18283
0.176395
0.170317
0.164572
0.159134
0.153983
0.149099
0.144464
0.14006
0.135873
0.131889
0.128094
0.124475
0.121023
0.117727
0.114576
0.111563
0.108678
0.105914
0.103265
0.100722
0.0982804
0.0959337
0.0936765
0.0915037
0.0894104
0.0873919
0.085444
0.0835627
0.0817439
0.0799841
0.0782798
0.0766278
0.0750249
0.0734681
0.0719547
0.070482
0.0690476
0.0676491
0.0662844
0.0649516
0.0636488
0.0623744
0.0611272
0.0599059
0.0587097
0.057538
0.0563903
0.0552666
0.054167
0.053092
0.0520424
0.0510192
0.0500237
0.0490574
0.0481221
0.04722
0.0463533
0.0455247
0.0447372
0.0439942
0.0432997
0.0426584
0.042076
0.0415595
0.0411174
0.0407608
0.0405036
0.0403635
0.961692
0.892185
0.829086
0.771729
0.719524
0.671945
0.628524
0.588844
0.552532
0.519257
0.488722
0.460664
0.434845
0.411054
0.389101
0.368816
0.350047
0.332658
0.316525
0.301537
0.287596
0.27461
0.2625
0.251192
0.24062
0.230725
0.22145
0.212749
0.204575
0.196888
0.189651
0.182831
0.176396
0.170319
0.164573
0.159136
0.153985
0.149101
0.144466
0.140063
0.135876
0.131891
0.128096
0.124478
0.121026
0.11773
0.11458
0.111566
0.108682
0.105918
0.103269
0.100726
0.0982849
0.0959385
0.0936816
0.091509
0.0894159
0.0873978
0.0854502
0.0835691
0.0817507
0.0799913
0.0782874
0.0766358
0.0750333
0.0734769
0.071964
0.0704918
0.0690579
0.06766
0.0662958
0.0649636
0.0636613
0.0623876
0.061141
0.0599203
0.0587247
0.0575535
0.0564064
0.0552832
0.054184
0.0531095
0.0520603
0.0510374
0.0500421
0.049076
0.0481408
0.0472387
0.0463719
0.0455432
0.0447555
0.0440122
0.0433174
0.0426757
0.042093
0.041576
0.0411336
0.0407766
0.0405191
0.0403788
0.961692
0.892185
0.829086
0.771729
0.719524
0.671945
0.628524
0.588844
0.552532
0.519257
0.488722
0.460664
0.434845
0.411054
0.389101
0.368816
0.350048
0.332658
0.316525
0.301537
0.287596
0.274611
0.262501
0.251193
0.240621
0.230725
0.221451
0.21275
0.204576
0.196889
0.189653
0.182832
0.176398
0.17032
0.164575
0.159138
0.153987
0.149103
0.144468
0.140065
0.135878
0.131894
0.128099
0.124481
0.121029
0.117733
0.114583
0.11157
0.108685
0.105922
0.103273
0.100731
0.0982892
0.095943
0.0936863
0.091514
0.0894212
0.0874033
0.085456
0.0835753
0.0817572
0.0799981
0.0782945
0.0766433
0.0750412
0.0734853
0.0719728
0.0705011
0.0690676
0.0676702
0.0663066
0.0649749
0.0636732
0.0624
0.061154
0.0599338
0.0587388
0.0575682
0.0564215
0.0552988
0.0542002
0.053126
0.0520772
0.0510546
0.0500595
0.0490935
0.0481584
0.0472563
0.0463895
0.0455606
0.0447727
0.0440292
0.0433341
0.0426921
0.0421089
0.0415916
0.0411488
0.0407915
0.0405337
0.0403932
0.961692
0.892185
0.829085
0.771729
0.719524
0.671945
0.628524
0.588844
0.552532
0.519257
0.488723
0.460664
0.434845
0.411054
0.389101
0.368816
0.350048
0.332658
0.316525
0.301538
0.287596
0.274611
0.262501
0.251194
0.240622
0.230726
0.221452
0.212751
0.204577
0.19689
0.189654
0.182834
0.176399
0.170322
0.164576
0.159139
0.153989
0.149105
0.14447
0.140067
0.13588
0.131896
0.128101
0.124484
0.121032
0.117736
0.114586
0.111573
0.108689
0.105925
0.103276
0.100734
0.0982933
0.0959473
0.0936908
0.0915187
0.0894261
0.0874085
0.0854615
0.083581
0.0817632
0.0800044
0.0783012
0.0766503
0.0750486
0.0734931
0.071981
0.0705097
0.0690767
0.0676798
0.0663167
0.0649854
0.0636843
0.0624116
0.0611661
0.0599465
0.058752
0.0575819
0.0564357
0.0553135
0.0542152
0.0531415
0.052093
0.0510706
0.0500758
0.04911
0.048175
0.0472729
0.046406
0.045577
0.0447889
0.0440452
0.0433498
0.0427075
0.042124
0.0416063
0.0411631
0.0408055
0.0405474
0.0404067
0.961692
0.892185
0.829085
0.771729
0.719524
0.671945
0.628524
0.588844
0.552532
0.519257
0.488723
0.460664
0.434845
0.411054
0.389101
0.368817
0.350048
0.332659
0.316526
0.301538
0.287597
0.274612
0.262502
0.251194
0.240623
0.230727
0.221453
0.212751
0.204578
0.196891
0.189655
0.182835
0.1764
0.170323
0.164578
0.159141
0.15399
0.149107
0.144472
0.140069
0.135882
0.131898
0.128104
0.124486
0.121034
0.117738
0.114588
0.111576
0.108692
0.105929
0.10328
0.100738
0.098297
0.0959512
0.0936949
0.0915231
0.0894307
0.0874133
0.0854665
0.0835863
0.0817688
0.0800103
0.0783075
0.0766569
0.0750555
0.0735004
0.0719887
0.0705178
0.0690852
0.0676887
0.0663261
0.0649953
0.0636946
0.0624225
0.0611774
0.0599583
0.0587643
0.0575946
0.0564489
0.0553271
0.0542293
0.0531559
0.0521077
0.0510856
0.050091
0.0491253
0.0481904
0.0472883
0.0464214
0.0455923
0.044804
0.04406
0.0433644
0.0427218
0.042138
0.0416199
0.0411764
0.0408185
0.0405602
0.0404194
0.961692
0.892185
0.829085
0.771729
0.719524
0.671945
0.628524
0.588844
0.552532
0.519257
0.488723
0.460664
0.434845
0.411054
0.389101
0.368817
0.350048
0.332659
0.316526
0.301539
0.287597
0.274612
0.262503
0.251195
0.240623
0.230728
0.221454
0.212752
0.204579
0.196892
0.189656
0.182836
0.176401
0.170324
0.164579
0.159142
0.153992
0.149108
0.144474
0.140071
0.135884
0.1319
0.128106
0.124488
0.121037
0.117741
0.114591
0.111578
0.108694
0.105932
0.103283
0.100741
0.0983005
0.0959549
0.0936988
0.0915271
0.0894349
0.0874178
0.0854712
0.0835913
0.081774
0.0800158
0.0783132
0.0766629
0.0750619
0.0735071
0.0719957
0.0705252
0.0690931
0.0676969
0.0663347
0.0650044
0.0637042
0.0624324
0.0611879
0.0599692
0.0587756
0.0576064
0.0564612
0.0553397
0.0542423
0.0531692
0.0521213
0.0510995
0.050105
0.0491395
0.0482046
0.0473026
0.0464356
0.0456064
0.044818
0.0440738
0.0433779
0.042735
0.0421509
0.0416326
0.0411888
0.0408306
0.040572
0.0404311
0.961692
0.892185
0.829085
0.771729
0.719524
0.671945
0.628524
0.588844
0.552532
0.519257
0.488723
0.460664
0.434845
0.411054
0.389101
0.368817
0.350048
0.332659
0.316526
0.301539
0.287598
0.274613
0.262503
0.251195
0.240624
0.230728
0.221454
0.212753
0.204579
0.196893
0.189657
0.182837
0.176402
0.170326
0.16458
0.159143
0.153993
0.14911
0.144475
0.140072
0.135886
0.131902
0.128108
0.12449
0.121039
0.117743
0.114593
0.111581
0.108697
0.105934
0.103286
0.100744
0.0983037
0.0959582
0.0937023
0.0915308
0.0894388
0.0874218
0.0854755
0.0835958
0.0817787
0.0800208
0.0783185
0.0766685
0.0750677
0.0735132
0.0720022
0.070532
0.0691002
0.0677045
0.0663426
0.0650127
0.0637129
0.0624416
0.0611974
0.0599792
0.058786
0.0576172
0.0564723
0.0553513
0.0542542
0.0531814
0.0521337
0.0511121
0.0501179
0.0491525
0.0482177
0.0473156
0.0464486
0.0456193
0.0448308
0.0440864
0.0433903
0.0427472
0.0421628
0.0416442
0.0412001
0.0408417
0.0405829
0.0404418
0.961692
0.892185
0.829085
0.771729
0.719524
0.671945
0.628524
0.588844
0.552532
0.519257
0.488723
0.460664
0.434845
0.411054
0.389102
0.368817
0.350049
0.332659
0.316526
0.301539
0.287598
0.274613
0.262503
0.251196
0.240624
0.230729
0.221455
0.212754
0.20458
0.196894
0.189658
0.182838
0.176403
0.170327
0.164581
0.159145
0.153994
0.149111
0.144476
0.140074
0.135888
0.131904
0.128109
0.124492
0.121041
0.117745
0.114596
0.111583
0.108699
0.105937
0.103288
0.100747
0.0983065
0.0959612
0.0937055
0.0915341
0.0894423
0.0874255
0.0854794
0.0835998
0.081783
0.0800253
0.0783232
0.0766735
0.075073
0.0735188
0.0720081
0.0705382
0.0691067
0.0677113
0.0663498
0.0650202
0.0637208
0.0624499
0.0612061
0.0599883
0.0587955
0.057627
0.0564825
0.0553617
0.0542649
0.0531925
0.052145
0.0511236
0.0501295
0.0491642
0.0482295
0.0473275
0.0464605
0.0456311
0.0448424
0.0440979
0.0434016
0.0427582
0.0421736
0.0416547
0.0412104
0.0408517
0.0405928
0.0404515
0.961692
0.892185
0.829085
0.771729
0.719524
0.671945
0.628524
0.588844
0.552532
0.519257
0.488723
0.460664
0.434846
0.411054
0.389102
0.368817
0.350049
0.33266
0.316527
0.301539
0.287598
0.274613
0.262504
0.251196
0.240625
0.230729
0.221455
0.212754
0.204581
0.196894
0.189658
0.182838
0.176404
0.170327
0.164582
0.159146
0.153996
0.149112
0.144478
0.140075
0.135889
0.131905
0.128111
0.124494
0.121042
0.117747
0.114597
0.111585
0.108702
0.105939
0.103291
0.100749
0.0983091
0.0959639
0.0937083
0.0915371
0.0894455
0.0874288
0.0854829
0.0836035
0.0817869
0.0800294
0.0783275
0.076678
0.0750777
0.0735238
0.0720133
0.0705437
0.0691125
0.0677174
0.0663562
0.065027
0.0637279
0.0624573
0.0612138
0.0599964
0.0588039
0.0576358
0.0564916
0.0553711
0.0542746
0.0532024
0.0521552
0.0511339
0.05014
0.0491748
0.0482401
0.0473381
0.0464711
0.0456416
0.0448528
0.0441082
0.0434117
0.0427681
0.0421832
0.0416641
0.0412196
0.0408607
0.0406016
0.0404603
0.961692
0.892185
0.829085
0.771729
0.719524
0.671945
0.628524
0.588844
0.552532
0.519257
0.488723
0.460664
0.434846
0.411055
0.389102
0.368817
0.350049
0.33266
0.316527
0.30154
0.287598
0.274614
0.262504
0.251197
0.240625
0.23073
0.221456
0.212755
0.204581
0.196895
0.189659
0.182839
0.176405
0.170328
0.164583
0.159147
0.153996
0.149113
0.144479
0.140076
0.13589
0.131907
0.128112
0.124495
0.121044
0.117748
0.114599
0.111587
0.108703
0.105941
0.103293
0.100752
0.0983114
0.0959663
0.0937108
0.0915397
0.0894482
0.0874317
0.0854859
0.0836067
0.0817903
0.0800329
0.0783312
0.0766819
0.0750819
0.0735281
0.0720179
0.0705486
0.0691176
0.0677228
0.0663619
0.0650329
0.0637341
0.0624638
0.0612207
0.0600035
0.0588113
0.0576435
0.0564995
0.0553794
0.0542831
0.0532111
0.0521641
0.051143
0.0501492
0.0491841
0.0482495
0.0473475
0.0464804
0.0456509
0.044862
0.0441172
0.0434206
0.0427768
0.0421918
0.0416725
0.0412277
0.0408687
0.0406094
0.040468
0.961692
0.892185
0.829085
0.771729
0.719524
0.671945
0.628524
0.588844
0.552532
0.519257
0.488723
0.460665
0.434846
0.411055
0.389102
0.368817
0.350049
0.33266
0.316527
0.30154
0.287599
0.274614
0.262504
0.251197
0.240625
0.23073
0.221456
0.212755
0.204582
0.196896
0.189659
0.18284
0.176406
0.170329
0.164584
0.159147
0.153997
0.149114
0.14448
0.140077
0.135891
0.131908
0.128113
0.124496
0.121045
0.11775
0.114601
0.111588
0.108705
0.105943
0.103294
0.100753
0.0983133
0.0959683
0.0937129
0.091542
0.0894506
0.0874342
0.0854885
0.0836095
0.0817932
0.080036
0.0783345
0.0766853
0.0750855
0.0735319
0.0720219
0.0705528
0.069122
0.0677274
0.0663668
0.065038
0.0637395
0.0624694
0.0612265
0.0600096
0.0588177
0.0576501
0.0565064
0.0553865
0.0542904
0.0532186
0.0521718
0.0511509
0.0501571
0.0491921
0.0482576
0.0473556
0.0464885
0.0456589
0.04487
0.0441251
0.0434283
0.0427844
0.0421991
0.0416797
0.0412348
0.0408756
0.0406161
0.0404746
0.961692
0.892185
0.829085
0.771729
0.719524
0.671945
0.628524
0.588844
0.552532
0.519257
0.488723
0.460665
0.434846
0.411055
0.389102
0.368818
0.350049
0.33266
0.316527
0.30154
0.287599
0.274614
0.262505
0.251197
0.240626
0.23073
0.221457
0.212755
0.204582
0.196896
0.18966
0.18284
0.176406
0.170329
0.164585
0.159148
0.153998
0.149115
0.14448
0.140078
0.135892
0.131909
0.128114
0.124497
0.121046
0.117751
0.114602
0.11159
0.108706
0.105944
0.103296
0.100755
0.0983149
0.09597
0.0937147
0.0915439
0.0894526
0.0874363
0.0854907
0.0836118
0.0817956
0.0800386
0.0783372
0.0766882
0.0750884
0.0735351
0.0720252
0.0705563
0.0691257
0.0677313
0.0663708
0.0650423
0.063744
0.0624742
0.0612315
0.0600148
0.0588231
0.0576557
0.0565122
0.0553925
0.0542966
0.0532249
0.0521782
0.0511575
0.0501638
0.0491989
0.0482644
0.0473624
0.0464953
0.0456657
0.0448766
0.0441316
0.0434347
0.0427907
0.0422053
0.0416857
0.0412407
0.0408813
0.0406218
0.0404802
0.961692
0.892185
0.829085
0.771729
0.719524
0.671945
0.628524
0.588844
0.552532
0.519257
0.488723
0.460665
0.434846
0.411055
0.389102
0.368818
0.350049
0.33266
0.316527
0.30154
0.287599
0.274614
0.262505
0.251197
0.240626
0.23073
0.221457
0.212756
0.204582
0.196896
0.18966
0.182841
0.176407
0.17033
0.164585
0.159148
0.153999
0.149115
0.144481
0.140079
0.135893
0.131909
0.128115
0.124498
0.121047
0.117752
0.114603
0.111591
0.108707
0.105945
0.103297
0.100756
0.0983162
0.0959714
0.0937162
0.0915454
0.0894542
0.087438
0.0854925
0.0836136
0.0817976
0.0800406
0.0783393
0.0766905
0.0750909
0.0735376
0.0720279
0.0705591
0.0691287
0.0677344
0.0663741
0.0650458
0.0637476
0.062478
0.0612355
0.0600189
0.0588274
0.0576602
0.0565169
0.0553973
0.0543016
0.05323
0.0521835
0.0511628
0.0501692
0.0492043
0.0482699
0.0473679
0.0465008
0.0456711
0.044882
0.044137
0.04344
0.0427958
0.0422104
0.0416906
0.0412455
0.040886
0.0406264
0.0404847
0.961692
0.892185
0.829085
0.771729
0.719524
0.671945
0.628524
0.588844
0.552532
0.519257
0.488723
0.460665
0.434846
0.411055
0.389102
0.368818
0.350049
0.33266
0.316527
0.30154
0.287599
0.274614
0.262505
0.251197
0.240626
0.230731
0.221457
0.212756
0.204583
0.196897
0.189661
0.182841
0.176407
0.17033
0.164585
0.159149
0.153999
0.149116
0.144481
0.140079
0.135893
0.13191
0.128116
0.124499
0.121048
0.117753
0.114603
0.111591
0.108708
0.105946
0.103298
0.100757
0.0983172
0.0959724
0.0937172
0.0915465
0.0894554
0.0874392
0.0854938
0.083615
0.081799
0.0800422
0.078341
0.0766922
0.0750927
0.0735395
0.0720299
0.0705612
0.0691309
0.0677368
0.0663766
0.0650484
0.0637503
0.0624808
0.0612385
0.0600221
0.0588307
0.0576636
0.0565204
0.055401
0.0543053
0.0532339
0.0521875
0.0511668
0.0501734
0.0492085
0.0482741
0.0473721
0.046505
0.0456753
0.0448862
0.044141
0.043444
0.0427998
0.0422142
0.0416944
0.0412491
0.0408896
0.0406299
0.0404882
0.961692
0.892185
0.829085
0.771729
0.719524
0.671945
0.628524
0.588844
0.552532
0.519257
0.488723
0.460665
0.434846
0.411055
0.389102
0.368818
0.350049
0.33266
0.316527
0.30154
0.287599
0.274614
0.262505
0.251198
0.240626
0.230731
0.221457
0.212756
0.204583
0.196897
0.189661
0.182841
0.176407
0.170331
0.164586
0.159149
0.153999
0.149116
0.144482
0.140079
0.135894
0.13191
0.128116
0.124499
0.121048
0.117753
0.114604
0.111592
0.108709
0.105947
0.103299
0.100758
0.0983179
0.0959731
0.093718
0.0915473
0.0894562
0.0874401
0.0854947
0.083616
0.0818
0.0800432
0.0783421
0.0766933
0.0750939
0.0735408
0.0720313
0.0705626
0.0691325
0.0677384
0.0663783
0.0650502
0.0637522
0.0624828
0.0612405
0.0600242
0.0588329
0.057666
0.0565229
0.0554035
0.0543079
0.0532366
0.0521902
0.0511696
0.0501762
0.0492114
0.048277
0.047375
0.0465079
0.0456782
0.044889
0.0441438
0.0434467
0.0428024
0.0422168
0.0416969
0.0412516
0.040892
0.0406323
0.0404905
0.961692
0.892185
0.829085
0.771729
0.719524
0.671945
0.628524
0.588844
0.552532
0.519257
0.488723
0.460665
0.434846
0.411055
0.389102
0.368818
0.350049
0.33266
0.316527
0.30154
0.287599
0.274614
0.262505
0.251198
0.240626
0.230731
0.221457
0.212756
0.204583
0.196897
0.189661
0.182841
0.176407
0.170331
0.164586
0.159149
0.153999
0.149116
0.144482
0.14008
0.135894
0.13191
0.128116
0.124499
0.121048
0.117753
0.114604
0.111592
0.108709
0.105947
0.103299
0.100758
0.0983182
0.0959735
0.0937183
0.0915477
0.0894566
0.0874405
0.0854952
0.0836165
0.0818005
0.0800437
0.0783426
0.0766939
0.0750945
0.0735415
0.072032
0.0705634
0.0691332
0.0677392
0.0663792
0.0650511
0.0637532
0.0624838
0.0612416
0.0600254
0.0588341
0.0576672
0.0565242
0.0554048
0.0543093
0.053238
0.0521916
0.0511711
0.0501777
0.0492129
0.0482785
0.0473766
0.0465094
0.0456797
0.0448906
0.0441454
0.0434482
0.0428039
0.0422182
0.0416983
0.0412529
0.0408933
0.0406336
0.0404918
0.961692
0.892185
0.829085
0.771729
0.719524
0.671945
0.628524
0.588844
0.552532
0.519257
0.488723
0.460665
0.434846
0.411055
0.389102
0.368818
0.350049
0.33266
0.316527
0.30154
0.287599
0.274614
0.262505
0.251198
0.240626
0.230731
0.221457
0.212756
0.204583
0.196897
0.189661
0.182841
0.176407
0.170331
0.164586
0.159149
0.153999
0.149116
0.144482
0.14008
0.135894
0.13191
0.128116
0.124499
0.121048
0.117753
0.114604
0.111592
0.108709
0.105947
0.103299
0.100758
0.0983182
0.0959735
0.0937183
0.0915477
0.0894566
0.0874405
0.0854952
0.0836165
0.0818005
0.0800438
0.0783426
0.0766939
0.0750945
0.0735415
0.072032
0.0705634
0.0691333
0.0677393
0.0663792
0.0650512
0.0637533
0.0624839
0.0612417
0.0600255
0.0588343
0.0576673
0.0565243
0.055405
0.0543095
0.0532382
0.0521919
0.0511714
0.0501779
0.0492132
0.0482788
0.0473768
0.0465097
0.04568
0.0448908
0.0441456
0.0434484
0.0428041
0.0422184
0.0416985
0.0412531
0.0408935
0.0406337
0.0404919
0.961692
0.892185
0.829085
0.771729
0.719524
0.671945
0.628524
0.588844
0.552532
0.519257
0.488723
0.460665
0.434846
0.411055
0.389102
0.368818
0.350049
0.33266
0.316527
0.30154
0.287599
0.274614
0.262505
0.251198
0.240626
0.230731
0.221457
0.212756
0.204583
0.196897
0.189661
0.182841
0.176407
0.170331
0.164586
0.159149
0.153999
0.149116
0.144482
0.140079
0.135894
0.13191
0.128116
0.124499
0.121048
0.117753
0.114604
0.111592
0.108709
0.105947
0.103299
0.100758
0.0983179
0.0959731
0.093718
0.0915473
0.0894562
0.0874401
0.0854947
0.083616
0.0818001
0.0800433
0.0783421
0.0766934
0.075094
0.0735409
0.0720314
0.0705628
0.0691326
0.0677386
0.0663785
0.0650504
0.0637525
0.0624831
0.0612409
0.0600246
0.0588333
0.0576664
0.0565233
0.055404
0.0543085
0.0532372
0.0521908
0.0511703
0.0501769
0.0492121
0.0482777
0.0473757
0.0465086
0.0456789
0.0448897
0.0441446
0.0434474
0.0428031
0.0422175
0.0416975
0.0412522
0.0408926
0.0406328
0.040491
0.961692
0.892185
0.829085
0.771729
0.719524
0.671945
0.628524
0.588844
0.552532
0.519257
0.488723
0.460665
0.434846
0.411055
0.389102
0.368818
0.350049
0.33266
0.316527
0.30154
0.287599
0.274614
0.262505
0.251197
0.240626
0.230731
0.221457
0.212756
0.204583
0.196897
0.189661
0.182841
0.176407
0.17033
0.164585
0.159149
0.153999
0.149116
0.144482
0.140079
0.135893
0.13191
0.128116
0.124499
0.121048
0.117753
0.114603
0.111591
0.108708
0.105946
0.103298
0.100757
0.0983172
0.0959724
0.0937173
0.0915465
0.0894554
0.0874393
0.0854939
0.0836151
0.0817991
0.0800422
0.0783411
0.0766923
0.0750928
0.0735397
0.0720301
0.0705614
0.0691312
0.0677371
0.0663769
0.0650488
0.0637508
0.0624813
0.061239
0.0600227
0.0588314
0.0576644
0.0565212
0.0554018
0.0543063
0.0532349
0.0521885
0.051168
0.0501745
0.0492097
0.0482753
0.0473734
0.0465062
0.0456766
0.0448874
0.0441422
0.0434451
0.0428009
0.0422153
0.0416954
0.0412501
0.0408905
0.0406308
0.040489
0.961692
0.892185
0.829085
0.771729
0.719524
0.671945
0.628524
0.588844
0.552532
0.519257
0.488723
0.460665
0.434846
0.411055
0.389102
0.368818
0.350049
0.33266
0.316527
0.30154
0.287599
0.274614
0.262505
0.251197
0.240626
0.23073
0.221457
0.212756
0.204583
0.196896
0.18966
0.182841
0.176407
0.17033
0.164585
0.159148
0.153999
0.149115
0.144481
0.140079
0.135893
0.131909
0.128115
0.124498
0.121047
0.117752
0.114603
0.111591
0.108707
0.105945
0.103297
0.100756
0.0983162
0.0959714
0.0937162
0.0915454
0.0894542
0.087438
0.0854926
0.0836137
0.0817977
0.0800407
0.0783395
0.0766906
0.075091
0.0735378
0.0720281
0.0705594
0.0691291
0.0677348
0.0663746
0.0650463
0.0637482
0.0624786
0.0612362
0.0600198
0.0588283
0.0576612
0.056518
0.0553985
0.0543029
0.0532314
0.0521849
0.0511643
0.0501709
0.049206
0.0482716
0.0473697
0.0465025
0.0456729
0.0448838
0.0441387
0.0434416
0.0427974
0.0422119
0.0416921
0.0412468
0.0408873
0.0406276
0.0404859
0.961692
0.892185
0.829085
0.771729
0.719524
0.671945
0.628524
0.588844
0.552532
0.519257
0.488723
0.460665
0.434846
0.411055
0.389102
0.368818
0.350049
0.33266
0.316527
0.30154
0.287599
0.274614
0.262505
0.251197
0.240626
0.23073
0.221457
0.212756
0.204582
0.196896
0.18966
0.18284
0.176406
0.170329
0.164585
0.159148
0.153998
0.149115
0.14448
0.140078
0.135892
0.131909
0.128114
0.124497
0.121046
0.117751
0.114602
0.11159
0.108706
0.105944
0.103296
0.100755
0.0983149
0.09597
0.0937148
0.0915439
0.0894526
0.0874364
0.0854908
0.0836119
0.0817957
0.0800387
0.0783373
0.0766884
0.0750887
0.0735353
0.0720255
0.0705566
0.0691262
0.0677318
0.0663714
0.065043
0.0637448
0.062475
0.0612325
0.0600159
0.0588243
0.057657
0.0565137
0.055394
0.0542983
0.0532267
0.0521801
0.0511595
0.0501659
0.049201
0.0482666
0.0473646
0.0464975
0.0456679
0.0448789
0.0441338
0.0434368
0.0427927
0.0422073
0.0416876
0.0412424
0.040883
0.0406234
0.0404817
0.961692
0.892185
0.829085
0.771729
0.719524
0.671945
0.628524
0.588844
0.552532
0.519257
0.488723
0.460665
0.434846
0.411055
0.389102
0.368817
0.350049
0.33266
0.316527
0.30154
0.287599
0.274614
0.262504
0.251197
0.240625
0.23073
0.221456
0.212755
0.204582
0.196896
0.189659
0.18284
0.176406
0.170329
0.164584
0.159147
0.153997
0.149114
0.14448
0.140077
0.135891
0.131908
0.128113
0.124496
0.121045
0.11775
0.114601
0.111588
0.108705
0.105943
0.103294
0.100753
0.0983133
0.0959683
0.093713
0.091542
0.0894507
0.0874343
0.0854886
0.0836096
0.0817933
0.0800362
0.0783347
0.0766856
0.0750858
0.0735323
0.0720223
0.0705532
0.0691226
0.0677281
0.0663675
0.0650389
0.0637404
0.0624705
0.0612278
0.060011
0.0588192
0.0576518
0.0565082
0.0553884
0.0542925
0.0532208
0.0521741
0.0511533
0.0501597
0.0491948
0.0482603
0.0473583
0.0464912
0.0456617
0.0448727
0.0441277
0.0434308
0.0427869
0.0422015
0.0416819
0.0412369
0.0408776
0.0406181
0.0404765
0.961692
0.892185
0.829085
0.771729
0.719524
0.671945
0.628524
0.588844
0.552532
0.519257
0.488723
0.460664
0.434846
0.411055
0.389102
0.368817
0.350049
0.33266
0.316527
0.30154
0.287599
0.274614
0.262504
0.251197
0.240625
0.23073
0.221456
0.212755
0.204581
0.196895
0.189659
0.182839
0.176405
0.170328
0.164583
0.159147
0.153996
0.149113
0.144479
0.140076
0.13589
0.131907
0.128112
0.124495
0.121044
0.117748
0.114599
0.111587
0.108703
0.105941
0.103293
0.100752
0.0983114
0.0959663
0.0937108
0.0915398
0.0894483
0.0874318
0.085486
0.0836069
0.0817904
0.0800331
0.0783315
0.0766822
0.0750822
0.0735286
0.0720184
0.0705492
0.0691183
0.0677236
0.0663628
0.0650339
0.0637353
0.0624651
0.0612221
0.0600051
0.0588131
0.0576454
0.0565017
0.0553817
0.0542855
0.0532137
0.0521669
0.0511459
0.0501522
0.0491872
0.0482527
0.0473507
0.0464837
0.0456542
0.0448652
0.0441204
0.0434236
0.0427798
0.0421946
0.0416752
0.0412303
0.0408711
0.0406117
0.0404702
0.961692
0.892185
0.829085
0.771729
0.719524
0.671945
0.628524
0.588844
0.552532
0.519257
0.488723
0.460664
0.434846
0.411054
0.389102
0.368817
0.350049
0.33266
0.316527
0.301539
0.287598
0.274613
0.262504
0.251196
0.240625
0.230729
0.221455
0.212754
0.204581
0.196894
0.189658
0.182838
0.176404
0.170327
0.164582
0.159146
0.153996
0.149112
0.144478
0.140075
0.135889
0.131905
0.128111
0.124494
0.121042
0.117747
0.114597
0.111585
0.108702
0.105939
0.103291
0.100749
0.0983091
0.0959639
0.0937083
0.0915372
0.0894456
0.0874289
0.085483
0.0836037
0.0817871
0.0800296
0.0783278
0.0766783
0.0750781
0.0735243
0.0720139
0.0705444
0.0691133
0.0677183
0.0663573
0.0650282
0.0637292
0.0624588
0.0612155
0.0599982
0.058806
0.057638
0.056494
0.0553738
0.0542774
0.0532054
0.0521584
0.0511373
0.0501435
0.0491784
0.0482439
0.0473419
0.0464749
0.0456454
0.0448566
0.0441118
0.0434152
0.0427715
0.0421865
0.0416672
0.0412226
0.0408635
0.0406043
0.0404629
0.961692
0.892185
0.829085
0.771729
0.719524
0.671945
0.628524
0.588844
0.552532
0.519257
0.488723
0.460664
0.434845
0.411054
0.389102
0.368817
0.350049
0.332659
0.316526
0.301539
0.287598
0.274613
0.262503
0.251196
0.240624
0.230729
0.221455
0.212754
0.20458
0.196894
0.189658
0.182838
0.176403
0.170327
0.164581
0.159145
0.153994
0.149111
0.144476
0.140074
0.135888
0.131904
0.128109
0.124492
0.121041
0.117745
0.114596
0.111583
0.108699
0.105937
0.103288
0.100747
0.0983066
0.0959613
0.0937055
0.0915342
0.0894424
0.0874257
0.0854796
0.0836
0.0817833
0.0800256
0.0783236
0.0766739
0.0750735
0.0735194
0.0720087
0.070539
0.0691076
0.0677124
0.066351
0.0650216
0.0637223
0.0624516
0.061208
0.0599904
0.0587978
0.0576296
0.0564853
0.0553648
0.0542682
0.053196
0.0521487
0.0511275
0.0501336
0.0491684
0.0482338
0.0473318
0.0464648
0.0456354
0.0448467
0.0441021
0.0434056
0.0427621
0.0421773
0.0416582
0.0412137
0.0408549
0.0405958
0.0404545
0.961692
0.892185
0.829085
0.771729
0.719524
0.671945
0.628524
0.588844
0.552532
0.519257
0.488723
0.460664
0.434845
0.411054
0.389101
0.368817
0.350048
0.332659
0.316526
0.301539
0.287598
0.274613
0.262503
0.251195
0.240624
0.230728
0.221454
0.212753
0.204579
0.196893
0.189657
0.182837
0.176402
0.170326
0.16458
0.159143
0.153993
0.14911
0.144475
0.140072
0.135886
0.131902
0.128108
0.12449
0.121039
0.117743
0.114593
0.111581
0.108697
0.105934
0.103286
0.100744
0.0983037
0.0959583
0.0937024
0.0915309
0.0894389
0.087422
0.0854757
0.083596
0.081779
0.0800211
0.0783189
0.076669
0.0750683
0.0735139
0.072003
0.0705329
0.0691013
0.0677057
0.066344
0.0650142
0.0637146
0.0624436
0.0611996
0.0599816
0.0587887
0.0576202
0.0564755
0.0553547
0.0542578
0.0531853
0.0521379
0.0511165
0.0501224
0.0491571
0.0482225
0.0473205
0.0464535
0.0456242
0.0448356
0.0440911
0.0433948
0.0427515
0.042167
0.0416481
0.0412039
0.0408452
0.0405863
0.0404451
0.961692
0.892185
0.829085
0.771729
0.719524
0.671945
0.628524
0.588844
0.552532
0.519257
0.488723
0.460664
0.434845
0.411054
0.389101
0.368817
0.350048
0.332659
0.316526
0.301539
0.287597
0.274612
0.262503
0.251195
0.240623
0.230728
0.221454
0.212752
0.204579
0.196892
0.189656
0.182836
0.176401
0.170324
0.164579
0.159142
0.153992
0.149108
0.144474
0.140071
0.135884
0.1319
0.128106
0.124488
0.121037
0.117741
0.114591
0.111578
0.108694
0.105932
0.103283
0.100741
0.0983006
0.0959549
0.0936989
0.0915272
0.0894351
0.0874179
0.0854714
0.0835915
0.0817743
0.0800162
0.0783137
0.0766635
0.0750625
0.0735078
0.0719966
0.0705262
0.0690942
0.0676983
0.0663362
0.0650061
0.0637061
0.0624346
0.0611903
0.059972
0.0587786
0.0576097
0.0564647
0.0553436
0.0542464
0.0531736
0.0521259
0.0511043
0.0501101
0.0491447
0.0482099
0.0473079
0.046441
0.0456118
0.0448233
0.044079
0.0433829
0.0427399
0.0421555
0.041637
0.0411929
0.0408345
0.0405758
0.0404347
0.961692
0.892185
0.829085
0.771729
0.719524
0.671945
0.628524
0.588844
0.552532
0.519257
0.488723
0.460664
0.434845
0.411054
0.389101
0.368817
0.350048
0.332659
0.316526
0.301538
0.287597
0.274612
0.262502
0.251194
0.240623
0.230727
0.221453
0.212751
0.204578
0.196891
0.189655
0.182835
0.1764
0.170323
0.164578
0.159141
0.15399
0.149107
0.144472
0.140069
0.135882
0.131898
0.128104
0.124486
0.121034
0.117738
0.114589
0.111576
0.108692
0.105929
0.10328
0.100738
0.0982971
0.0959513
0.0936951
0.0915232
0.0894309
0.0874135
0.0854668
0.0835866
0.0817692
0.0800108
0.078308
0.0766575
0.0750562
0.0735012
0.0719896
0.0705189
0.0690865
0.0676902
0.0663278
0.0649972
0.0636968
0.0624249
0.0611801
0.0599614
0.0587676
0.0575983
0.0564529
0.0553314
0.0542339
0.0531608
0.0521128
0.051091
0.0500966
0.049131
0.0481963
0.0472942
0.0464273
0.0455982
0.0448099
0.0440658
0.0433699
0.0427271
0.042143
0.0416247
0.041181
0.0408229
0.0405643
0.0404234
0.961692
0.892185
0.829085
0.771729
0.719524
0.671945
0.628524
0.588844
0.552532
0.519257
0.488723
0.460664
0.434845
0.411054
0.389101
0.368816
0.350048
0.332658
0.316525
0.301538
0.287597
0.274611
0.262502
0.251194
0.240622
0.230726
0.221452
0.212751
0.204577
0.19689
0.189654
0.182834
0.176399
0.170322
0.164576
0.159139
0.153989
0.149105
0.14447
0.140067
0.13588
0.131896
0.128101
0.124484
0.121032
0.117736
0.114586
0.111573
0.108689
0.105926
0.103276
0.100734
0.0982934
0.0959474
0.0936909
0.0915189
0.0894263
0.0874087
0.0854618
0.0835813
0.0817636
0.0800049
0.0783018
0.076651
0.0750494
0.073494
0.0719821
0.070511
0.0690782
0.0676814
0.0663186
0.0649876
0.0636867
0.0624143
0.0611691
0.0599499
0.0587557
0.0575859
0.0564401
0.0553182
0.0542203
0.0531468
0.0520986
0.0510765
0.0500819
0.0491163
0.0481814
0.0472794
0.0464125
0.0455835
0.0447953
0.0440514
0.0433558
0.0427133
0.0421295
0.0416115
0.0411681
0.0408102
0.0405519
0.0404111
0.961692
0.892185
0.829086
0.771729
0.719524
0.671945
0.628524
0.588844
0.552532
0.519257
0.488723
0.460664
0.434845
0.411054
0.389101
0.368816
0.350048
0.332658
0.316525
0.301538
0.287596
0.274611
0.262501
0.251193
0.240621
0.230725
0.221451
0.21275
0.204576
0.196889
0.189653
0.182832
0.176398
0.17032
0.164575
0.159138
0.153987
0.149103
0.144468
0.140065
0.135878
0.131894
0.128099
0.124481
0.121029
0.117733
0.114583
0.11157
0.108685
0.105922
0.103273
0.100731
0.0982893
0.0959432
0.0936865
0.0915142
0.0894214
0.0874036
0.0854563
0.0835756
0.0817576
0.0799986
0.0782952
0.0766441
0.0750421
0.0734863
0.071974
0.0705025
0.0690692
0.067672
0.0663087
0.0649772
0.0636759
0.062403
0.0611573
0.0599375
0.0587428
0.0575726
0.0564263
0.0553039
0.0542056
0.0531319
0.0520833
0.051061
0.0500662
0.0491004
0.0481655
0.0472634
0.0463966
0.0455677
0.0447797
0.044036
0.0433407
0.0426984
0.042115
0.0415973
0.0411542
0.0407966
0.0405386
0.0403979
0.961692
0.892185
0.829086
0.771729
0.719524
0.671945
0.628524
0.588844
0.552532
0.519257
0.488722
0.460664
0.434845
0.411054
0.389101
0.368816
0.350047
0.332658
0.316525
0.301537
0.287596
0.27461
0.2625
0.251192
0.24062
0.230725
0.22145
0.212749
0.204575
0.196888
0.189651
0.182831
0.176396
0.170319
0.164573
0.159136
0.153985
0.149101
0.144466
0.140063
0.135876
0.131892
0.128096
0.124478
0.121026
0.11773
0.11458
0.111566
0.108682
0.105918
0.103269
0.100727
0.0982851
0.0959387
0.0936818
0.0915092
0.0894162
0.0873981
0.0854506
0.0835696
0.0817512
0.0799919
0.0782881
0.0766366
0.0750343
0.0734781
0.0719653
0.0704934
0.0690597
0.067662
0.0662981
0.0649662
0.0636643
0.0623909
0.0611446
0.0599243
0.0587291
0.0575583
0.0564116
0.0552888
0.05419
0.0531159
0.052067
0.0510444
0.0500494
0.0490834
0.0481484
0.0472464
0.0463796
0.0455508
0.044763
0.0440195
0.0433245
0.0426826
0.0420995
0.0415822
0.0411394
0.0407821
0.0405243
0.0403839
0.961692
0.892185
0.829086
0.771729
0.719524
0.671945
0.628524
0.588844
0.552532
0.519257
0.488722
0.460664
0.434845
0.411053
0.3891
0.368816
0.350047
0.332658
0.316524
0.301537
0.287595
0.27461
0.2625
0.251192
0.24062
0.230724
0.221449
0.212748
0.204574
0.196887
0.18965
0.18283
0.176395
0.170317
0.164572
0.159134
0.153983
0.149099
0.144464
0.14006
0.135873
0.131889
0.128094
0.124475
0.121023
0.117727
0.114576
0.111563
0.108678
0.105914
0.103265
0.100722
0.0982805
0.0959339
0.0936768
0.091504
0.0894107
0.0873923
0.0854445
0.0835631
0.0817445
0.0799848
0.0782807
0.0766288
0.075026
0.0734694
0.0719562
0.0704837
0.0690495
0.0676513
0.066287
0.0649544
0.063652
0.062378
0.0611312
0.0599103
0.0587145
0.0575432
0.0563959
0.0552726
0.0541735
0.0530989
0.0520497
0.0510268
0.0500315
0.0490654
0.0481303
0.0472283
0.0463616
0.0455329
0.0447453
0.0440021
0.0433073
0.0426658
0.042083
0.0415661
0.0411237
0.0407668
0.0405092
0.0403689
0.961692
0.892185
0.829086
0.771729
0.719524
0.671945
0.628524
0.588844
0.552532
0.519257
0.488722
0.460664
0.434845
0.411053
0.3891
0.368815
0.350047
0.332657
0.316524
0.301536
0.287594
0.274609
0.262499
0.251191
0.240619
0.230723
0.221448
0.212747
0.204572
0.196886
0.189649
0.182828
0.176393
0.170316
0.16457
0.159132
0.153981
0.149097
0.144461
0.140058
0.135871
0.131886
0.128091
0.124472
0.12102
0.117723
0.114573
0.111559
0.108674
0.10591
0.10326
0.100718
0.0982757
0.0959288
0.0936715
0.0914984
0.0894048
0.0873861
0.085438
0.0835564
0.0817374
0.0799773
0.0782728
0.0766204
0.0750172
0.0734602
0.0719465
0.0704735
0.0690388
0.0676401
0.0662751
0.064942
0.063639
0.0623644
0.061117
0.0598955
0.0586992
0.0575273
0.0563794
0.0552556
0.054156
0.053081
0.0520314
0.0510082
0.0500127
0.0490464
0.0481113
0.0472092
0.0463426
0.045514
0.0447266
0.0439837
0.0432893
0.042648
0.0420657
0.0415491
0.0411071
0.0407506
0.0404933
0.0403532
0.961692
0.892185
0.829086
0.771729
0.719524
0.671945
0.628524
0.588844
0.552532
0.519257
0.488722
0.460664
0.434845
0.411053
0.3891
0.368815
0.350046
0.332657
0.316523
0.301536
0.287594
0.274608
0.262498
0.25119
0.240618
0.230722
0.221447
0.212745
0.204571
0.196884
0.189647
0.182826
0.176391
0.170314
0.164568
0.15913
0.153979
0.149095
0.144459
0.140055
0.135868
0.131883
0.128088
0.124469
0.121017
0.11772
0.114569
0.111555
0.10867
0.105906
0.103256
0.100713
0.0982707
0.0959236
0.0936659
0.0914926
0.0893987
0.0873797
0.0854312
0.0835492
0.0817299
0.0799694
0.0782645
0.0766117
0.0750081
0.0734505
0.0719363
0.0704628
0.0690276
0.0676283
0.0662627
0.064929
0.0636253
0.0623502
0.0611021
0.05988
0.058683
0.0575105
0.0563621
0.0552377
0.0541376
0.0530621
0.0520122
0.0509886
0.0499929
0.0490265
0.0480912
0.0471891
0.0463226
0.0454942
0.044707
0.0439644
0.0432703
0.0426294
0.0420475
0.0415314
0.0410898
0.0407336
0.0404766
0.0403367
0.961692
0.892185
0.829086
0.771729
0.719524
0.671945
0.628524
0.588844
0.552532
0.519257
0.488722
0.460664
0.434844
0.411053
0.3891
0.368815
0.350046
0.332656
0.316523
0.301535
0.287593
0.274608
0.262497
0.251189
0.240617
0.230721
0.221446
0.212744
0.20457
0.196883
0.189646
0.182825
0.17639
0.170312
0.164566
0.159128
0.153977
0.149092
0.144456
0.140053
0.135865
0.13188
0.128084
0.124466
0.121013
0.117716
0.114565
0.111551
0.108666
0.105901
0.103251
0.100708
0.0982654
0.095918
0.0936601
0.0914865
0.0893923
0.087373
0.0854242
0.0835418
0.081722
0.0799612
0.0782558
0.0766026
0.0749985
0.0734404
0.0719257
0.0704517
0.0690158
0.0676159
0.0662498
0.0649154
0.0636111
0.0623352
0.0610865
0.0598637
0.0586661
0.057493
0.056344
0.055219
0.0541184
0.0530425
0.0519921
0.0509682
0.0499722
0.0490056
0.0480703
0.0471682
0.0463017
0.0454735
0.0446865
0.0439442
0.0432504
0.04261
0.0420285
0.0415128
0.0410716
0.0407158
0.0404592
0.0403195
0.961692
0.892185
0.829086
0.771729
0.719524
0.671945
0.628524
0.588844
0.552532
0.519257
0.488722
0.460663
0.434844
0.411053
0.389099
0.368815
0.350046
0.332656
0.316522
0.301534
0.287593
0.274607
0.262497
0.251188
0.240616
0.23072
0.221445
0.212743
0.204568
0.196881
0.189644
0.182823
0.176388
0.17031
0.164564
0.159126
0.153974
0.14909
0.144454
0.14005
0.135862
0.131877
0.128081
0.124462
0.121009
0.117712
0.114561
0.111547
0.108661
0.105897
0.103246
0.100703
0.09826
0.0959123
0.0936541
0.0914802
0.0893856
0.087366
0.0854168
0.0835341
0.0817139
0.0799526
0.0782468
0.0765931
0.0749885
0.0734299
0.0719147
0.07044
0.0690036
0.0676031
0.0662363
0.0649012
0.0635962
0.0623197
0.0610703
0.0598468
0.0586485
0.0574747
0.0563251
0.0551996
0.0540983
0.0530219
0.0519711
0.0509469
0.0499507
0.0489839
0.0480485
0.0471464
0.04628
0.0454519
0.0446652
0.0439232
0.0432298
0.0425898
0.0420087
0.0414935
0.0410527
0.0406973
0.040441
0.0403015
0.961692
0.892185
0.829086
0.771729
0.719524
0.671945
0.628524
0.588844
0.552532
0.519257
0.488722
0.460663
0.434844
0.411052
0.389099
0.368814
0.350045
0.332655
0.316522
0.301534
0.287592
0.274606
0.262496
0.251187
0.240615
0.230718
0.221444
0.212741
0.204567
0.19688
0.189642
0.182821
0.176386
0.170308
0.164561
0.159123
0.153972
0.149087
0.144451
0.140047
0.135859
0.131874
0.128078
0.124459
0.121006
0.117708
0.114557
0.111542
0.108657
0.105892
0.103241
0.100697
0.0982543
0.0959063
0.0936478
0.0914736
0.0893787
0.0873587
0.0854092
0.0835261
0.0817055
0.0799438
0.0782375
0.0765833
0.0749782
0.073419
0.0719032
0.070428
0.0689909
0.0675897
0.0662223
0.0648865
0.0635808
0.0623036
0.0610534
0.0598293
0.0586302
0.0574558
0.0563055
0.0551793
0.0540776
0.0530007
0.0519494
0.0509249
0.0499283
0.0489614
0.0480258
0.0471238
0.0462575
0.0454296
0.0446431
0.0439014
0.0432084
0.0425688
0.0419882
0.0414734
0.0410332
0.0406782
0.0404222
0.040283
0.961692
0.892185
0.829086
0.771729
0.719524
0.671945
0.628524
0.588844
0.552532
0.519257
0.488722
0.460663
0.434844
0.411052
0.389099
0.368814
0.350045
0.332655
0.316521
0.301533
0.287591
0.274605
0.262495
0.251186
0.240614
0.230717
0.221442
0.21274
0.204565
0.196878
0.18964
0.182819
0.176384
0.170306
0.164559
0.159121
0.153969
0.149084
0.144448
0.140044
0.135856
0.13187
0.128074
0.124455
0.121002
0.117704
0.114552
0.111538
0.108652
0.105887
0.103236
0.100692
0.0982485
0.0959002
0.0936414
0.0914668
0.0893716
0.0873512
0.0854013
0.0835178
0.0816968
0.0799346
0.0782278
0.0765732
0.0749675
0.0734078
0.0718914
0.0704155
0.0689778
0.067576
0.0662078
0.0648714
0.0635649
0.0622869
0.061036
0.0598111
0.0586114
0.0574362
0.0562852
0.0551584
0.0540561
0.0529787
0.051927
0.0509021
0.0499053
0.0489381
0.0480025
0.0471004
0.0462342
0.0454065
0.0446203
0.0438789
0.0431863
0.0425472
0.041967
0.0414528
0.041013
0.0406584
0.0404028
0.0402638
0.961692
0.892185
0.829086
0.771729
0.719524
0.671945
0.628524
0.588844
0.552532
0.519256
0.488722
0.460663
0.434844
0.411052
0.389099
0.368813
0.350044
0.332654
0.316521
0.301533
0.28759
0.274605
0.262494
0.251185
0.240613
0.230716
0.221441
0.212739
0.204564
0.196876
0.189639
0.182817
0.176382
0.170303
0.164557
0.159118
0.153966
0.149081
0.144445
0.140041
0.135853
0.131867
0.12807
0.124451
0.120998
0.1177
0.114548
0.111533
0.108647
0.105882
0.10323
0.100686
0.0982424
0.0958939
0.0936347
0.0914598
0.0893643
0.0873435
0.0853932
0.0835093
0.0816878
0.0799252
0.0782179
0.0765627
0.0749565
0.0733962
0.0718792
0.0704027
0.0689644
0.0675618
0.0661929
0.0648557
0.0635485
0.0622698
0.0610181
0.0597924
0.0585919
0.057416
0.0562644
0.0551369
0.054034
0.052956
0.0519039
0.0508786
0.0498815
0.0489142
0.0479784
0.0470763
0.0462102
0.0453827
0.0445968
0.0438558
0.0431636
0.0425249
0.0419453
0.0414315
0.0409922
0.0406381
0.0403829
0.0402441
0.961692
0.892185
0.829086
0.771729
0.719524
0.671945
0.628524
0.588844
0.552532
0.519256
0.488722
0.460663
0.434843
0.411052
0.389098
0.368813
0.350044
0.332654
0.31652
0.301532
0.28759
0.274604
0.262493
0.251184
0.240611
0.230715
0.22144
0.212737
0.204562
0.196874
0.189637
0.182815
0.176379
0.170301
0.164554
0.159116
0.153964
0.149079
0.144442
0.140037
0.135849
0.131863
0.128067
0.124447
0.120993
0.117695
0.114543
0.111528
0.108642
0.105876
0.103225
0.10068
0.0982363
0.0958874
0.0936279
0.0914527
0.0893568
0.0873357
0.0853849
0.0835006
0.0816787
0.0799156
0.0782078
0.0765521
0.0749452
0.0733844
0.0718667
0.0703896
0.0689505
0.0675473
0.0661776
0.0648397
0.0635317
0.0622522
0.0609997
0.0597733
0.058572
0.0573953
0.056243
0.0551149
0.0540113
0.0529328
0.0518802
0.0508545
0.0498571
0.0488896
0.0479538
0.0470517
0.0461857
0.0453584
0.0445727
0.0438321
0.0431403
0.0425021
0.041923
0.0414098
0.040971
0.0406173
0.0403624
0.0402238
0.961692
0.892185
0.829086
0.771729
0.719524
0.671945
0.628524
0.588844
0.552532
0.519256
0.488722
0.460663
0.434843
0.411051
0.389098
0.368813
0.350043
0.332653
0.316519
0.301531
0.287589
0.274603
0.262492
0.251183
0.24061
0.230713
0.221438
0.212735
0.20456
0.196873
0.189635
0.182813
0.176377
0.170299
0.164552
0.159113
0.153961
0.149076
0.144439
0.140034
0.135846
0.13186
0.128063
0.124443
0.120989
0.117691
0.114538
0.111523
0.108636
0.105871
0.103219
0.100674
0.09823
0.0958808
0.093621
0.0914454
0.0893491
0.0873276
0.0853765
0.0834917
0.0816693
0.0799057
0.0781974
0.0765411
0.0749338
0.0733723
0.071854
0.0703762
0.0689364
0.0675324
0.066162
0.0648233
0.0635146
0.0622342
0.0609809
0.0597537
0.0585516
0.0573742
0.0562211
0.0550923
0.0539881
0.052909
0.0518559
0.0508299
0.0498322
0.0488645
0.0479285
0.0470265
0.0461606
0.0453335
0.0445482
0.0438079
0.0431166
0.0424788
0.0419002
0.0413875
0.0409492
0.0405961
0.0403416
0.0402032
0.961692
0.892185
0.829086
0.771729
0.719524
0.671945
0.628524
0.588844
0.552532
0.519256
0.488721
0.460663
0.434843
0.411051
0.389098
0.368812
0.350043
0.332653
0.316519
0.30153
0.287588
0.274602
0.262491
0.251182
0.240609
0.230712
0.221437
0.212734
0.204559
0.196871
0.189633
0.182811
0.176375
0.170296
0.164549
0.15911
0.153958
0.149072
0.144436
0.140031
0.135842
0.131856
0.128059
0.124439
0.120985
0.117686
0.114534
0.111518
0.108631
0.105865
0.103213
0.100668
0.0982236
0.0958741
0.0936139
0.091438
0.0893414
0.0873194
0.0853679
0.0834826
0.0816598
0.0798957
0.0781869
0.07653
0.0749221
0.07336
0.071841
0.0703625
0.068922
0.0675173
0.0661461
0.0648066
0.063497
0.0622159
0.0609618
0.0597337
0.0585308
0.0573526
0.0561987
0.0550693
0.0539644
0.0528848
0.0518312
0.0508048
0.0498068
0.0488389
0.0479029
0.0470008
0.0461351
0.0453082
0.0445231
0.0437832
0.0430924
0.0424552
0.0418771
0.0413649
0.0409271
0.0405744
0.0403203
0.0401822
0.961692
0.892185
0.829086
0.771729
0.719524
0.671945
0.628524
0.588844
0.552532
0.519256
0.488721
0.460662
0.434843
0.411051
0.389097
0.368812
0.350042
0.332652
0.316518
0.301529
0.287587
0.274601
0.26249
0.251181
0.240608
0.23071
0.221435
0.212732
0.204557
0.196869
0.189631
0.182809
0.176373
0.170294
0.164546
0.159107
0.153955
0.149069
0.144432
0.140027
0.135838
0.131852
0.128055
0.124435
0.12098
0.117682
0.114529
0.111513
0.108626
0.10586
0.103207
0.100662
0.098217
0.0958672
0.0936068
0.0914305
0.0893335
0.0873111
0.0853592
0.0834734
0.0816501
0.0798855
0.0781762
0.0765188
0.0749102
0.0733475
0.0718278
0.0703487
0.0689075
0.0675019
0.06613
0.0647897
0.0634793
0.0621973
0.0609423
0.0597134
0.0585097
0.0573307
0.0561761
0.0550459
0.0539404
0.0528602
0.0518061
0.0507793
0.049781
0.0488129
0.0478768
0.0469748
0.0461091
0.0452825
0.0444977
0.0437582
0.0430678
0.0424311
0.0418536
0.041342
0.0409047
0.0405525
0.0402987
0.0401608
0.961692
0.892185
0.829086
0.771729
0.719524
0.671946
0.628524
0.588844
0.552531
0.519256
0.488721
0.460662
0.434842
0.411051
0.389097
0.368811
0.350042
0.332651
0.316517
0.301529
0.287586
0.2746
0.262488
0.251179
0.240606
0.230709
0.221433
0.21273
0.204555
0.196867
0.189628
0.182807
0.17637
0.170291
0.164544
0.159105
0.153952
0.149066
0.144429
0.140024
0.135835
0.131848
0.128051
0.12443
0.120976
0.117677
0.114524
0.111508
0.10862
0.105854
0.103201
0.100655
0.0982105
0.0958603
0.0935995
0.0914229
0.0893255
0.0873027
0.0853503
0.0834642
0.0816404
0.0798753
0.0781654
0.0765074
0.0748982
0.0733349
0.0718145
0.0703347
0.0688927
0.0674864
0.0661137
0.0647725
0.0634613
0.0621784
0.0609226
0.0596929
0.0584883
0.0573085
0.0561531
0.0550222
0.0539161
0.0528353
0.0517807
0.0507535
0.0497549
0.0487866
0.0478504
0.0469484
0.0460829
0.0452565
0.0444721
0.043733
0.043043
0.0424068
0.0418298
0.0413188
0.040882
0.0405303
0.0402769
0.0401393
0.961692
0.892185
0.829086
0.771729
0.719524
0.671946
0.628524
0.588844
0.552531
0.519256
0.488721
0.460662
0.434842
0.41105
0.389096
0.368811
0.350041
0.332651
0.316516
0.301528
0.287585
0.274599
0.262487
0.251178
0.240605
0.230707
0.221432
0.212728
0.204553
0.196865
0.189626
0.182804
0.176368
0.170288
0.164541
0.159102
0.153949
0.149063
0.144426
0.14002
0.135831
0.131844
0.128047
0.124426
0.120971
0.117672
0.114519
0.111503
0.108615
0.105848
0.103195
0.100649
0.0982039
0.0958534
0.0935923
0.0914152
0.0893174
0.0872943
0.0853415
0.0834549
0.0816306
0.0798649
0.0781545
0.0764959
0.0748861
0.0733221
0.0718012
0.0703205
0.0688779
0.0674708
0.0660972
0.0647553
0.0634432
0.0621595
0.0609028
0.0596722
0.0584668
0.0572862
0.05613
0.0549984
0.0538916
0.0528102
0.0517551
0.0507275
0.0497286
0.0487601
0.0478238
0.0469219
0.0460565
0.0452303
0.0444462
0.0437075
0.043018
0.0423824
0.0418059
0.0412954
0.0408592
0.0405079
0.040255
0.0401175
0.961692
0.892185
0.829086
0.771729
0.719524
0.671946
0.628524
0.588844
0.552531
0.519256
0.488721
0.460662
0.434842
0.41105
0.389096
0.36881
0.350041
0.33265
0.316516
0.301527
0.287584
0.274597
0.262486
0.251177
0.240603
0.230706
0.22143
0.212727
0.204551
0.196863
0.189624
0.182802
0.176365
0.170286
0.164538
0.159099
0.153946
0.14906
0.144422
0.140016
0.135827
0.13184
0.128042
0.124422
0.120967
0.117667
0.114514
0.111497
0.108609
0.105842
0.103189
0.100643
0.0981972
0.0958464
0.093585
0.0914076
0.0893094
0.0872858
0.0853326
0.0834455
0.0816207
0.0798546
0.0781436
0.0764845
0.074874
0.0733094
0.0717877
0.0703064
0.0688629
0.0674551
0.0660807
0.0647379
0.063425
0.0621404
0.0608829
0.0596514
0.0584452
0.0572637
0.0561068
0.0549744
0.053867
0.052785
0.0517294
0.0507014
0.0497022
0.0487335
0.0477971
0.0468952
0.0460299
0.045204
0.0444202
0.0436819
0.042993
0.0423578
0.0417819
0.041272
0.0408363
0.0404855
0.0402329
0.0400957
0.961692
0.892185
0.829086
0.771729
0.719524
0.671946
0.628524
0.588844
0.552531
0.519256
0.488721
0.460661
0.434842
0.411049
0.389095
0.36881
0.35004
0.332649
0.316515
0.301526
0.287583
0.274596
0.262485
0.251175
0.240602
0.230704
0.221428
0.212725
0.204549
0.19686
0.189622
0.182799
0.176363
0.170283
0.164535
0.159096
0.153943
0.149056
0.144419
0.140013
0.135823
0.131836
0.128038
0.124417
0.120962
0.117663
0.114509
0.111492
0.108604
0.105837
0.103183
0.100636
0.0981906
0.0958395
0.0935777
0.0913999
0.0893014
0.0872774
0.0853237
0.0834362
0.0816109
0.0798443
0.0781327
0.076473
0.074862
0.0732967
0.0717743
0.0702923
0.0688481
0.0674394
0.0660642
0.0647206
0.0634068
0.0621213
0.0608629
0.0596306
0.0584235
0.0572412
0.0560835
0.0549504
0.0538423
0.0527598
0.0517037
0.0506752
0.0496757
0.0487069
0.0477704
0.0468685
0.0460034
0.0451777
0.0443943
0.0436564
0.0429679
0.0423333
0.0417579
0.0412485
0.0408134
0.0404631
0.0402109
0.0400739
0.961692
0.892185
0.829086
0.771729
0.719524
0.671946
0.628524
0.588844
0.552531
0.519256
0.48872
0.460661
0.434841
0.411049
0.389095
0.368809
0.350039
0.332649
0.316514
0.301525
0.287582
0.274595
0.262483
0.251174
0.2406
0.230702
0.221426
0.212723
0.204547
0.196858
0.18962
0.182797
0.17636
0.170281
0.164533
0.159093
0.15394
0.149053
0.144415
0.140009
0.13582
0.131832
0.128034
0.124413
0.120958
0.117658
0.114504
0.111487
0.108598
0.105831
0.103177
0.10063
0.098184
0.0958326
0.0935704
0.0913923
0.0892934
0.087269
0.0853149
0.0834269
0.0816011
0.079834
0.0781219
0.0764616
0.0748499
0.073284
0.071761
0.0702782
0.0688332
0.0674238
0.0660478
0.0647034
0.0633887
0.0621024
0.0608431
0.0596099
0.0584019
0.0572188
0.0560603
0.0549265
0.0538177
0.0527346
0.051678
0.0506492
0.0496494
0.0486803
0.0477438
0.046842
0.045977
0.0451515
0.0443684
0.043631
0.042943
0.0423089
0.0417341
0.0412252
0.0407907
0.0404408
0.040189
0.0400522
0.961692
0.892185
0.829086
0.771729
0.719524
0.671946
0.628524
0.588843
0.552531
0.519255
0.48872
0.460661
0.434841
0.411049
0.389094
0.368809
0.350039
0.332648
0.316513
0.301524
0.287581
0.274594
0.262482
0.251172
0.240599
0.230701
0.221425
0.212721
0.204545
0.196856
0.189617
0.182795
0.176358
0.170278
0.16453
0.15909
0.153936
0.14905
0.144412
0.140006
0.135816
0.131828
0.12803
0.124409
0.120953
0.117653
0.114499
0.111482
0.108593
0.105825
0.103171
0.100624
0.0981775
0.0958257
0.0935632
0.0913848
0.0892855
0.0872607
0.0853062
0.0834177
0.0815915
0.0798238
0.0781112
0.0764503
0.074838
0.0732715
0.0717477
0.0702643
0.0688186
0.0674084
0.0660316
0.0646863
0.0633707
0.0620835
0.0608234
0.0595893
0.0583806
0.0571966
0.0560374
0.0549028
0.0537934
0.0527097
0.0516526
0.0506233
0.0496233
0.048654
0.0477175
0.0468156
0.0459508
0.0451256
0.0443428
0.0436058
0.0429182
0.0422847
0.0417104
0.0412022
0.0407681
0.0404187
0.0401672
0.0400307
0.961692
0.892185
0.829086
0.771729
0.719524
0.671946
0.628524
0.588843
0.552531
0.519255
0.48872
0.460661
0.434841
0.411048
0.389094
0.368808
0.350038
0.332647
0.316512
0.301523
0.28758
0.274593
0.262481
0.251171
0.240597
0.230699
0.221423
0.212719
0.204543
0.196854
0.189615
0.182792
0.176355
0.170275
0.164527
0.159087
0.153933
0.149047
0.144408
0.140002
0.135812
0.131824
0.128026
0.124404
0.120949
0.117648
0.114494
0.111476
0.108588
0.10582
0.103165
0.100618
0.098171
0.095819
0.0935562
0.0913773
0.0892777
0.0872525
0.0852976
0.0834087
0.081582
0.0798138
0.0781006
0.0764392
0.0748263
0.0732591
0.0717347
0.0702505
0.0688041
0.0673931
0.0660155
0.0646694
0.063353
0.062065
0.060804
0.059569
0.0583594
0.0571747
0.0560147
0.0548794
0.0537693
0.052685
0.0516275
0.0505978
0.0495975
0.0486281
0.0476914
0.0467896
0.045925
0.0451
0.0443176
0.0435809
0.0428939
0.0422608
0.0416871
0.0411794
0.0407458
0.0403969
0.0401458
0.0400095
0.961693
0.892186
0.829086
0.771729
0.719524
0.671946
0.628524
0.588843
0.552531
0.519255
0.48872
0.46066
0.43484
0.411048
0.389093
0.368807
0.350037
0.332646
0.316511
0.301522
0.287578
0.274591
0.262479
0.25117
0.240595
0.230697
0.221421
0.212717
0.204541
0.196852
0.189613
0.18279
0.176352
0.170272
0.164524
0.159084
0.15393
0.149043
0.144405
0.139999
0.135808
0.131821
0.128022
0.1244
0.120944
0.117644
0.114489
0.111471
0.108582
0.105814
0.103159
0.100612
0.0981647
0.0958124
0.0935492
0.0913701
0.08927
0.0872445
0.0852891
0.0833998
0.0815727
0.079804
0.0780903
0.0764283
0.0748149
0.073247
0.071722
0.0702371
0.0687899
0.0673782
0.0659998
0.0646529
0.0633357
0.0620468
0.0607849
0.0595491
0.0583387
0.0571532
0.0559924
0.0548564
0.0537457
0.0526609
0.0516028
0.0505728
0.0495722
0.0486026
0.0476659
0.0467641
0.0458996
0.0450749
0.0442928
0.0435566
0.04287
0.0422374
0.0416643
0.0411571
0.040724
0.0403755
0.0401248
0.0399887
0.961693
0.892186
0.829086
0.771729
0.719524
0.671946
0.628524
0.588843
0.552531
0.519255
0.488719
0.46066
0.43484
0.411047
0.389093
0.368806
0.350036
0.332645
0.31651
0.301521
0.287577
0.27459
0.262478
0.251168
0.240594
0.230696
0.221419
0.212715
0.204539
0.19685
0.18961
0.182787
0.17635
0.17027
0.164521
0.159081
0.153927
0.14904
0.144402
0.139995
0.135805
0.131817
0.128018
0.124396
0.12094
0.117639
0.114484
0.111467
0.108577
0.105809
0.103154
0.100606
0.0981586
0.0958059
0.0935425
0.091363
0.0892626
0.0872367
0.0852809
0.0833912
0.0815636
0.0797944
0.0780803
0.0764177
0.0748037
0.0732352
0.0717095
0.070224
0.0687761
0.0673636
0.0659845
0.0646367
0.0633187
0.062029
0.0607663
0.0595297
0.0583185
0.0571322
0.0559707
0.054834
0.0537226
0.0526373
0.0515788
0.0505484
0.0495475
0.0485777
0.047641
0.0467393
0.0458749
0.0450504
0.0442686
0.0435328
0.0428467
0.0422146
0.041642
0.0411353
0.0407028
0.0403547
0.0401043
0.0399684
0.961693
0.892186
0.829086
0.771729
0.719524
0.671945
0.628524
0.588843
0.55253
0.519255
0.488719
0.460659
0.434839
0.411047
0.389092
0.368806
0.350035
0.332644
0.316509
0.30152
0.287576
0.274589
0.262477
0.251167
0.240592
0.230694
0.221417
0.212713
0.204537
0.196848
0.189608
0.182785
0.176347
0.170267
0.164519
0.159078
0.153924
0.149037
0.144398
0.139992
0.135801
0.131813
0.128014
0.124392
0.120936
0.117635
0.11448
0.111462
0.108572
0.105804
0.103148
0.1006
0.0981526
0.0957997
0.0935359
0.0913561
0.0892554
0.0872292
0.085273
0.0833829
0.0815548
0.0797852
0.0780705
0.0764075
0.0747929
0.0732239
0.0716975
0.0702113
0.0687628
0.0673496
0.0659697
0.0646211
0.0633024
0.0620118
0.0607484
0.059511
0.0582989
0.0571119
0.0559496
0.0548123
0.0537003
0.0526144
0.0515554
0.0505247
0.0495235
0.0485536
0.0476168
0.0467151
0.0458509
0.0450267
0.0442452
0.0435098
0.0428241
0.0421925
0.0416204
0.0411142
0.0406822
0.0403345
0.0400844
0.0399488
0.961693
0.892186
0.829086
0.771729
0.719524
0.671945
0.628524
0.588843
0.55253
0.519254
0.488719
0.460659
0.434839
0.411046
0.389091
0.368805
0.350035
0.332643
0.316508
0.301518
0.287575
0.274587
0.262475
0.251165
0.240591
0.230692
0.221416
0.212711
0.204535
0.196845
0.189606
0.182783
0.176345
0.170265
0.164516
0.159075
0.153921
0.149034
0.144395
0.139988
0.135798
0.13181
0.12801
0.124388
0.120932
0.117631
0.114476
0.111457
0.108567
0.105799
0.103143
0.100595
0.0981469
0.0957937
0.0935297
0.0913496
0.0892485
0.0872219
0.0852654
0.0833749
0.0815464
0.0797764
0.0780612
0.0763977
0.0747826
0.0732129
0.071686
0.0701992
0.0687499
0.0673361
0.0659554
0.0646062
0.0632866
0.0619953
0.0607311
0.0594929
0.0582801
0.0570923
0.0559294
0.0547914
0.0536788
0.0525924
0.051533
0.0505019
0.0495005
0.0485304
0.0475936
0.046692
0.0458279
0.0450039
0.0442228
0.0434877
0.0428024
0.0421713
0.0415997
0.041094
0.0406624
0.0403151
0.0400653
0.0399299
0.961693
0.892186
0.829086
0.771729
0.719524
0.671945
0.628524
0.588843
0.55253
0.519254
0.488718
0.460659
0.434838
0.411045
0.389091
0.368804
0.350034
0.332642
0.316507
0.301517
0.287574
0.274586
0.262474
0.251164
0.240589
0.230691
0.221414
0.21271
0.204533
0.196843
0.189604
0.182781
0.176343
0.170262
0.164514
0.159073
0.153919
0.149031
0.144392
0.139985
0.135795
0.131806
0.128007
0.124384
0.120928
0.117627
0.114471
0.111453
0.108563
0.105794
0.103138
0.10059
0.0981414
0.095788
0.0935237
0.0913433
0.089242
0.0872151
0.0852582
0.0833673
0.0815385
0.079768
0.0780524
0.0763883
0.0747727
0.0732026
0.0716751
0.0701876
0.0687378
0.0673232
0.0659419
0.0645919
0.0632717
0.0619796
0.0607146
0.0594757
0.0582622
0.0570737
0.0559101
0.0547715
0.0536584
0.0525714
0.0515116
0.0504802
0.0494786
0.0485084
0.0475714
0.0466699
0.045806
0.0449822
0.0442013
0.0434666
0.0427818
0.0421511
0.0415799
0.0410747
0.0406435
0.0402966
0.0400471
0.0399119
0.961693
0.892186
0.829086
0.771729
0.719524
0.671945
0.628524
0.588843
0.55253
0.519254
0.488718
0.460658
0.434838
0.411045
0.38909
0.368803
0.350033
0.332641
0.316506
0.301516
0.287572
0.274585
0.262472
0.251162
0.240588
0.230689
0.221412
0.212708
0.204531
0.196841
0.189602
0.182778
0.176341
0.17026
0.164511
0.15907
0.153916
0.149029
0.144389
0.139982
0.135791
0.131803
0.128003
0.124381
0.120924
0.117623
0.114467
0.111449
0.108559
0.105789
0.103134
0.100585
0.0981363
0.0957826
0.0935181
0.0913374
0.0892358
0.0872086
0.0852514
0.0833602
0.081531
0.0797601
0.0780441
0.0763796
0.0747635
0.0731928
0.0716648
0.0701768
0.0687263
0.0673111
0.0659292
0.0645786
0.0632576
0.0619648
0.0606991
0.0594595
0.0582453
0.0570562
0.0558919
0.0547527
0.0536391
0.0525517
0.0514915
0.0504598
0.0494579
0.0484875
0.0475506
0.0466491
0.0457853
0.0449617
0.0441812
0.0434468
0.0427623
0.0421321
0.0415613
0.0410565
0.0406257
0.0402792
0.04003
0.0398949
0.961693
0.892186
0.829086
0.771729
0.719524
0.671945
0.628524
0.588842
0.55253
0.519253
0.488718
0.460658
0.434837
0.411044
0.389089
0.368803
0.350032
0.33264
0.316505
0.301515
0.287571
0.274584
0.262471
0.251161
0.240586
0.230687
0.221411
0.212706
0.204529
0.19684
0.1896
0.182776
0.176338
0.170258
0.164509
0.159068
0.153914
0.149026
0.144387
0.139979
0.135789
0.1318
0.128
0.124378
0.120921
0.117619
0.114464
0.111445
0.108555
0.105785
0.103129
0.10058
0.0981315
0.0957777
0.0935129
0.091332
0.0892301
0.0872026
0.0852451
0.0833535
0.081524
0.0797528
0.0780364
0.0763715
0.0747549
0.0731838
0.0716553
0.0701667
0.0687157
0.0673
0.0659174
0.0645661
0.0632445
0.0619511
0.0606848
0.0594445
0.0582297
0.0570399
0.055875
0.0547353
0.0536212
0.0525333
0.0514728
0.0504407
0.0494387
0.0484682
0.0475312
0.0466297
0.0457661
0.0449427
0.0441624
0.0434284
0.0427443
0.0421144
0.041544
0.0410396
0.0406092
0.040263
0.0400141
0.0398791
0.961693
0.892186
0.829086
0.771729
0.719524
0.671945
0.628523
0.588842
0.552529
0.519253
0.488717
0.460657
0.434836
0.411043
0.389088
0.368802
0.350031
0.332639
0.316504
0.301514
0.28757
0.274582
0.26247
0.251159
0.240585
0.230686
0.221409
0.212704
0.204528
0.196838
0.189598
0.182774
0.176336
0.170256
0.164507
0.159066
0.153911
0.149024
0.144384
0.139977
0.135786
0.131797
0.127997
0.124375
0.120918
0.117616
0.11446
0.111441
0.108551
0.105781
0.103125
0.100576
0.0981272
0.0957731
0.0935081
0.091327
0.0892249
0.0871971
0.0852394
0.0833475
0.0815177
0.0797461
0.0780293
0.0763641
0.0747471
0.0731756
0.0716466
0.0701576
0.068706
0.0672898
0.0659066
0.0645548
0.0632326
0.0619386
0.0606717
0.0594308
0.0582154
0.057025
0.0558596
0.0547194
0.0536048
0.0525166
0.0514557
0.0504234
0.0494211
0.0484505
0.0475135
0.046612
0.0457485
0.0449253
0.0441452
0.0434115
0.0427277
0.0420982
0.0415282
0.0410241
0.0405941
0.0402482
0.0399995
0.0398647
0.961693
0.892186
0.829086
0.771729
0.719524
0.671945
0.628523
0.588842
0.552529
0.519253
0.488717
0.460657
0.434836
0.411043
0.389088
0.368801
0.35003
0.332638
0.316503
0.301513
0.287569
0.274581
0.262469
0.251158
0.240583
0.230685
0.221408
0.212703
0.204526
0.196836
0.189596
0.182773
0.176335
0.170254
0.164505
0.159064
0.153909
0.149021
0.144382
0.139975
0.135783
0.131795
0.127995
0.124372
0.120915
0.117613
0.114457
0.111438
0.108547
0.105778
0.103121
0.100572
0.0981232
0.095769
0.0935038
0.0913225
0.0892202
0.0871922
0.0852342
0.0833421
0.081512
0.0797401
0.0780231
0.0763574
0.0747402
0.0731682
0.0716388
0.0701494
0.0686974
0.0672807
0.065897
0.0645447
0.063222
0.0619275
0.06066
0.0594186
0.0582026
0.0570117
0.0558459
0.0547052
0.0535902
0.0525016
0.0514404
0.0504078
0.0494054
0.0484347
0.0474976
0.0465962
0.0457328
0.0449097
0.0441299
0.0433964
0.0427129
0.0420837
0.041514
0.0410103
0.0405805
0.0402349
0.0399864
0.0398517
0.961693
0.892186
0.829086
0.771729
0.719524
0.671945
0.628523
0.588842
0.552528
0.519252
0.488716
0.460656
0.434835
0.411042
0.389087
0.3688
0.350029
0.332638
0.316502
0.301512
0.287568
0.27458
0.262467
0.251157
0.240582
0.230683
0.221406
0.212702
0.204525
0.196835
0.189595
0.182771
0.176333
0.170252
0.164503
0.159062
0.153907
0.149019
0.14438
0.139972
0.135781
0.131792
0.127992
0.124369
0.120912
0.11761
0.114454
0.111435
0.108545
0.105775
0.103118
0.100569
0.0981198
0.0957654
0.0935001
0.0913186
0.0892161
0.0871879
0.0852297
0.0833374
0.0815071
0.079735
0.0780176
0.0763517
0.0747341
0.0731619
0.0716321
0.0701423
0.06869
0.0672728
0.0658888
0.064536
0.0632128
0.0619178
0.0606498
0.059408
0.0581915
0.0570002
0.0558339
0.0546929
0.0535775
0.0524886
0.0514271
0.0503943
0.0493917
0.0484209
0.0474838
0.0465825
0.0457191
0.0448962
0.0441165
0.0433833
0.0427
0.0420711
0.0415017
0.0409982
0.0405686
0.0402232
0.0399749
0.0398404
0.961693
0.892186
0.829086
0.771729
0.719524
0.671945
0.628523
0.588841
0.552528
0.519252
0.488716
0.460655
0.434835
0.411041
0.389086
0.368799
0.350029
0.332637
0.316501
0.301511
0.287567
0.274579
0.262466
0.251156
0.240581
0.230682
0.221405
0.2127
0.204523
0.196833
0.189593
0.18277
0.176332
0.170251
0.164501
0.15906
0.153906
0.149018
0.144378
0.139971
0.135779
0.13179
0.12799
0.124367
0.12091
0.117608
0.114452
0.111433
0.108542
0.105772
0.103116
0.100566
0.0981169
0.0957624
0.0934969
0.0913153
0.0892127
0.0871844
0.085226
0.0833335
0.081503
0.0797307
0.0780131
0.076347
0.0747291
0.0731566
0.0716266
0.0701365
0.0686838
0.0672663
0.0658819
0.0645288
0.0632052
0.0619098
0.0606415
0.0593992
0.0581824
0.0569907
0.0558241
0.0546827
0.053567
0.0524778
0.0514161
0.0503832
0.0493804
0.0484095
0.0474724
0.0465711
0.0457077
0.0448849
0.0441054
0.0433723
0.0426893
0.0420606
0.0414914
0.0409881
0.0405587
0.0402135
0.0399653
0.0398309
0.961693
0.892186
0.829086
0.771729
0.719524
0.671944
0.628522
0.588841
0.552528
0.519251
0.488715
0.460655
0.434834
0.411041
0.389086
0.368799
0.350028
0.332636
0.3165
0.30151
0.287566
0.274578
0.262466
0.251155
0.24058
0.230681
0.221404
0.212699
0.204522
0.196832
0.189592
0.182769
0.17633
0.170249
0.1645
0.159059
0.153904
0.149016
0.144377
0.139969
0.135778
0.131789
0.127989
0.124366
0.120908
0.117606
0.11445
0.111431
0.10854
0.10577
0.103114
0.100564
0.0981146
0.09576
0.0934945
0.0913128
0.08921
0.0871816
0.0852231
0.0833305
0.0814998
0.0797273
0.0780096
0.0763433
0.0747253
0.0731526
0.0716223
0.070132
0.0686791
0.0672613
0.0658766
0.0645232
0.0631994
0.0619037
0.060635
0.0593925
0.0581754
0.0569834
0.0558165
0.0546749
0.053559
0.0524696
0.0514077
0.0503746
0.0493717
0.0484008
0.0474636
0.0465622
0.045699
0.0448762
0.0440968
0.0433639
0.042681
0.0420524
0.0414833
0.0409802
0.0405509
0.0402058
0.0399577
0.0398234
0.961693
0.892186
0.829086
0.771729
0.719524
0.671944
0.628522
0.588841
0.552527
0.519251
0.488715
0.460654
0.434833
0.41104
0.389085
0.368798
0.350027
0.332635
0.3165
0.30151
0.287565
0.274578
0.262465
0.251154
0.240579
0.23068
0.221403
0.212699
0.204521
0.196831
0.189591
0.182768
0.176329
0.170248
0.164499
0.159058
0.153903
0.149015
0.144376
0.139968
0.135777
0.131788
0.127987
0.124364
0.120907
0.117605
0.114449
0.11143
0.108539
0.105769
0.103112
0.100562
0.098113
0.0957583
0.0934927
0.0913109
0.0892081
0.0871796
0.0852211
0.0833284
0.0814976
0.079725
0.0780072
0.0763408
0.0747227
0.0731498
0.0716194
0.0701289
0.0686759
0.0672579
0.0658731
0.0645195
0.0631955
0.0618996
0.0606307
0.059388
0.0581707
0.0569785
0.0558114
0.0546696
0.0535535
0.052464
0.051402
0.0503688
0.0493658
0.0483948
0.0474576
0.0465562
0.045693
0.0448703
0.0440909
0.043358
0.0426752
0.0420467
0.0414777
0.0409746
0.0405454
0.0402003
0.0399522
0.0398179
0.961693
0.892186
0.829086
0.771729
0.719523
0.671944
0.628522
0.58884
0.552527
0.51925
0.488714
0.460654
0.434833
0.41104
0.389085
0.368798
0.350027
0.332635
0.316499
0.301509
0.287565
0.274577
0.262464
0.251154
0.240579
0.23068
0.221403
0.212698
0.204521
0.196831
0.189591
0.182767
0.176329
0.170248
0.164498
0.159057
0.153903
0.149014
0.144375
0.139967
0.135776
0.131787
0.127987
0.124364
0.120906
0.117604
0.114448
0.111429
0.108538
0.105768
0.103111
0.100561
0.098112
0.0957573
0.0934917
0.0913099
0.089207
0.0871785
0.0852199
0.0833272
0.0814964
0.0797238
0.0780059
0.0763394
0.0747212
0.0731483
0.0716179
0.0701273
0.0686742
0.0672562
0.0658713
0.0645175
0.0631934
0.0618975
0.0606285
0.0593856
0.0581683
0.056976
0.0558088
0.0546669
0.0535508
0.0524611
0.0513991
0.0503658
0.0493627
0.0483917
0.0474544
0.046553
0.0456897
0.0448671
0.0440877
0.0433549
0.042672
0.0420435
0.0414746
0.0409715
0.0405423
0.0401971
0.0399489
0.0398145
0.961693
0.892185
0.829086
0.771729
0.719523
0.671944
0.628522
0.58884
0.552527
0.51925
0.488714
0.460654
0.434833
0.411039
0.389084
0.368797
0.350026
0.332635
0.316499
0.301509
0.287565
0.274577
0.262464
0.251153
0.240578
0.23068
0.221402
0.212698
0.204521
0.19683
0.18959
0.182767
0.176328
0.170247
0.164498
0.159057
0.153902
0.149014
0.144375
0.139967
0.135776
0.131786
0.127986
0.124363
0.120906
0.117604
0.114448
0.111428
0.108537
0.105767
0.103111
0.100561
0.0981116
0.0957569
0.0934912
0.0913094
0.0892066
0.0871781
0.0852195
0.0833268
0.0814959
0.0797234
0.0780055
0.076339
0.0747208
0.0731479
0.0716175
0.0701269
0.0686737
0.0672557
0.0658708
0.0645171
0.0631929
0.061897
0.060628
0.0593851
0.0581677
0.0569755
0.0558083
0.0546663
0.0535502
0.0524605
0.0513984
0.0503651
0.049362
0.0483909
0.0474536
0.0465522
0.0456889
0.0448662
0.0440869
0.043354
0.0426712
0.0420426
0.0414736
0.0409705
0.0405412
0.0401959
0.0399476
0.039813
0.961693
0.892185
0.829086
0.771729
0.719523
0.671944
0.628522
0.58884
0.552527
0.51925
0.488714
0.460654
0.434833
0.411039
0.389084
0.368797
0.350026
0.332634
0.316499
0.301509
0.287565
0.274577
0.262464
0.251153
0.240578
0.230679
0.221402
0.212697
0.20452
0.19683
0.18959
0.182767
0.176328
0.170247
0.164498
0.159057
0.153902
0.149014
0.144374
0.139967
0.135775
0.131786
0.127986
0.124363
0.120906
0.117604
0.114448
0.111428
0.108537
0.105767
0.103111
0.100561
0.0981115
0.0957569
0.0934912
0.0913095
0.0892066
0.0871781
0.0852195
0.0833268
0.081496
0.0797235
0.0780056
0.0763392
0.074721
0.0731481
0.0716177
0.0701271
0.068674
0.067256
0.0658711
0.0645175
0.0631934
0.0618974
0.0606285
0.0593857
0.0581683
0.0569761
0.0558089
0.0546671
0.0535509
0.0524613
0.0513993
0.0503659
0.0493628
0.0483916
0.0474543
0.0465529
0.0456897
0.044867
0.0440877
0.0433548
0.042672
0.0420434
0.0414743
0.0409711
0.0405418
0.0401963
0.0399478
0.0398129
)
;

boundaryField
{
    inlet
    {
        type            fixedValue;
        value           uniform 1;
    }
    outlet
    {
        type            inletOutlet;
        inletValue      uniform 1;
        value           nonuniform List<scalar> 
100
(
0.0397664
0.0397687
0.0397732
0.0397798
0.0397884
0.0397987
0.0398107
0.0398242
0.0398392
0.0398554
0.0398728
0.0398912
0.0399105
0.0399306
0.0399514
0.0399727
0.0399944
0.0400165
0.0400387
0.0400612
0.0400836
0.0401061
0.0401284
0.0401505
0.0401724
0.0401939
0.040215
0.0402357
0.0402559
0.0402755
0.0402945
0.0403128
0.0403305
0.0403473
0.0403635
0.0403788
0.0403932
0.0404067
0.0404194
0.0404311
0.0404418
0.0404515
0.0404603
0.040468
0.0404746
0.0404802
0.0404847
0.0404882
0.0404905
0.0404918
0.0404919
0.040491
0.040489
0.0404859
0.0404817
0.0404765
0.0404702
0.0404629
0.0404545
0.0404451
0.0404347
0.0404234
0.0404111
0.0403979
0.0403839
0.0403689
0.0403532
0.0403367
0.0403195
0.0403015
0.040283
0.0402638
0.0402441
0.0402238
0.0402032
0.0401822
0.0401608
0.0401393
0.0401175
0.0400957
0.0400739
0.0400522
0.0400307
0.0400095
0.0399887
0.0399684
0.0399488
0.0399299
0.0399119
0.0398949
0.0398791
0.0398647
0.0398517
0.0398404
0.0398309
0.0398234
0.0398179
0.0398145
0.039813
0.0398129
)
;
    }
    ground
    {
        type            empty;
    }
    top
    {
        type            empty;
    }
    front
    {
        type            inletOutlet;
        inletValue      uniform 1;
        value           nonuniform List<scalar> 
100
(
0.961693
0.892185
0.829086
0.771729
0.719523
0.671944
0.628522
0.58884
0.552527
0.51925
0.488714
0.460654
0.434833
0.411039
0.389084
0.368797
0.350026
0.332634
0.316499
0.301508
0.287564
0.274576
0.262464
0.251153
0.240578
0.230679
0.221402
0.212697
0.20452
0.196829
0.189589
0.182765
0.176327
0.170246
0.164496
0.159055
0.1539
0.149012
0.144372
0.139964
0.135772
0.131783
0.127983
0.124359
0.120901
0.117599
0.114442
0.111423
0.108531
0.105761
0.103103
0.100553
0.0981028
0.0957473
0.0934808
0.0912981
0.0891941
0.0871644
0.0852046
0.0833104
0.081478
0.0797038
0.0779841
0.0763156
0.0746952
0.07312
0.071587
0.0700938
0.0686378
0.0672168
0.0658287
0.0644716
0.0631441
0.0618446
0.0605721
0.0593257
0.0581049
0.0569093
0.0557389
0.054594
0.0534752
0.0523833
0.0513193
0.0502845
0.0492805
0.0483091
0.047372
0.0464715
0.0456098
0.0447891
0.0440124
0.0432824
0.0426029
0.0419779
0.0414126
0.0409131
0.0404873
0.0401451
0.0398993
0.0397664
)
;
    }
    back
    {
        type            inletOutlet;
        inletValue      uniform 1;
        value           nonuniform List<scalar> 
100
(
0.961693
0.892185
0.829086
0.771729
0.719523
0.671944
0.628522
0.58884
0.552527
0.51925
0.488714
0.460654
0.434833
0.411039
0.389084
0.368797
0.350026
0.332634
0.316499
0.301509
0.287565
0.274577
0.262464
0.251153
0.240578
0.230679
0.221402
0.212697
0.20452
0.19683
0.18959
0.182767
0.176328
0.170247
0.164498
0.159057
0.153902
0.149014
0.144374
0.139967
0.135775
0.131786
0.127986
0.124363
0.120906
0.117604
0.114448
0.111428
0.108537
0.105767
0.103111
0.100561
0.0981115
0.0957569
0.0934912
0.0913095
0.0892066
0.0871781
0.0852195
0.0833268
0.081496
0.0797235
0.0780056
0.0763392
0.074721
0.0731481
0.0716177
0.0701271
0.068674
0.067256
0.0658711
0.0645175
0.0631934
0.0618974
0.0606285
0.0593857
0.0581683
0.0569761
0.0558089
0.0546671
0.0535509
0.0524613
0.0513993
0.0503659
0.0493628
0.0483916
0.0474543
0.0465529
0.0456897
0.044867
0.0440877
0.0433548
0.042672
0.0420434
0.0414743
0.0409711
0.0405418
0.0401963
0.0399478
0.0398129
)
;
    }
}


// ************************************************************************* //
