/*--------------------------------*- C++ -*----------------------------------*\
  =========                 |
  \\      /  F ield         | OpenFOAM: The Open Source CFD Toolbox
   \\    /   O peration     | Website:  https://openfoam.org
    \\  /    A nd           | Version:  11
     \\/     M anipulation  |
\*---------------------------------------------------------------------------*/
FoamFile
{
    format      ascii;
    class       volScalarField;
    location    "216";
    object      omega;
}
// * * * * * * * * * * * * * * * * * * * * * * * * * * * * * * * * * * * * * //

dimensions      [0 0 -1 0 0 0 0];

internalField   nonuniform List<scalar> 
10000
(
0.961698
0.892198
0.829102
0.771744
0.719532
0.671941
0.628502
0.588798
0.552456
0.519145
0.488568
0.46046
0.434584
0.410729
0.388704
0.368339
0.349481
0.331992
0.315749
0.300639
0.286563
0.273429
0.261155
0.249666
0.238893
0.228776
0.219258
0.210287
0.201818
0.193806
0.186213
0.179005
0.172148
0.165615
0.15938
0.153421
0.147718
0.142256
0.137021
0.132004
0.127195
0.122589
0.118183
0.113974
0.109961
0.106143
0.102518
0.099085
0.0958426
0.0927873
0.0899156
0.0872233
0.0847047
0.0823537
0.0801632
0.0781256
0.0762327
0.0744765
0.0728485
0.071341
0.0699461
0.0686562
0.0674641
0.0663629
0.0653461
0.0644074
0.0635412
0.062742
0.0620047
0.0613248
0.0606977
0.0601196
0.0595866
0.0590953
0.0586426
0.0582254
0.057841
0.0574871
0.0571611
0.0568611
0.0565851
0.0563312
0.0560979
0.0558836
0.055687
0.0555068
0.0553419
0.0551913
0.055054
0.0549294
0.0548167
0.0547153
0.0546249
0.0545449
0.0544754
0.0544161
0.0543674
0.0543294
0.0543028
0.0542884
0.961698
0.892199
0.829103
0.771744
0.719533
0.671942
0.628503
0.588799
0.552458
0.519147
0.48857
0.460462
0.434586
0.410731
0.388706
0.368341
0.349483
0.331994
0.315751
0.300642
0.286565
0.273432
0.261158
0.249668
0.238896
0.228779
0.219261
0.210291
0.201822
0.19381
0.186218
0.17901
0.172154
0.165622
0.159387
0.153429
0.147727
0.142266
0.137032
0.132015
0.127207
0.122602
0.118196
0.113988
0.109975
0.106157
0.102532
0.0990997
0.0958573
0.0928022
0.0899307
0.0872383
0.0847196
0.0823681
0.0801769
0.0781385
0.0762447
0.0744876
0.0728589
0.0713507
0.0699552
0.0686647
0.0674721
0.0663704
0.065353
0.0644139
0.0635473
0.0627476
0.06201
0.0613297
0.0607023
0.0601238
0.0595905
0.059099
0.0586459
0.0582285
0.0578439
0.0574897
0.0571636
0.0568634
0.0565871
0.0563331
0.0560996
0.0558852
0.0556884
0.0555081
0.0553431
0.0551924
0.0550551
0.0549304
0.0548176
0.0547162
0.0546256
0.0545456
0.054476
0.0544167
0.054368
0.05433
0.0543034
0.0542889
0.961698
0.892199
0.829104
0.771746
0.719535
0.671944
0.628506
0.588802
0.552461
0.51915
0.488573
0.460465
0.43459
0.410734
0.38871
0.368345
0.349486
0.331998
0.315755
0.300645
0.28657
0.273436
0.261162
0.249673
0.238901
0.228784
0.219267
0.210297
0.201828
0.193817
0.186226
0.179018
0.172163
0.165632
0.159399
0.153441
0.147741
0.142281
0.137048
0.132032
0.127225
0.122622
0.118217
0.11401
0.109998
0.10618
0.102556
0.0991235
0.0958811
0.092826
0.0899544
0.0872617
0.0847425
0.0823903
0.0801983
0.0781588
0.076264
0.0745058
0.072876
0.0713668
0.0699702
0.0686788
0.0674853
0.0663827
0.0653645
0.0644246
0.0635572
0.0627569
0.0620186
0.0613377
0.0607097
0.0601307
0.0595969
0.0591048
0.0586514
0.0582335
0.0578486
0.057494
0.0571675
0.056867
0.0565905
0.0563362
0.0561025
0.0558878
0.0556908
0.0555103
0.0553451
0.0551943
0.0550568
0.054932
0.0548191
0.0547175
0.0546269
0.0545468
0.0544772
0.0544179
0.054369
0.0543311
0.0543044
0.0542899
0.961698
0.8922
0.829105
0.771748
0.719537
0.671947
0.628509
0.588806
0.552464
0.519154
0.488577
0.46047
0.434594
0.410739
0.388714
0.36835
0.349492
0.332003
0.31576
0.300651
0.286575
0.273442
0.261168
0.249679
0.238908
0.228792
0.219275
0.210305
0.201837
0.193827
0.186237
0.17903
0.172176
0.165646
0.159414
0.153459
0.14776
0.142301
0.13707
0.132056
0.127251
0.122649
0.118246
0.11404
0.110029
0.106212
0.102588
0.0991561
0.0959139
0.0928586
0.0899867
0.0872934
0.0847734
0.0824203
0.0802272
0.0781864
0.0762903
0.0745306
0.0728995
0.0713889
0.069991
0.0686983
0.0675035
0.0663998
0.0653805
0.0644395
0.0635711
0.0627698
0.0620305
0.0613487
0.06072
0.0601402
0.0596057
0.059113
0.0586589
0.0582404
0.057855
0.0574999
0.057173
0.056872
0.0565951
0.0563404
0.0561064
0.0558914
0.0556941
0.0555134
0.0553479
0.0551969
0.0550592
0.0549342
0.0548212
0.0547195
0.0546287
0.0545486
0.0544789
0.0544195
0.0543706
0.0543326
0.054306
0.0542914
0.961698
0.8922
0.829105
0.771749
0.719539
0.67195
0.628512
0.588809
0.552469
0.519158
0.488582
0.460475
0.4346
0.410745
0.38872
0.368356
0.349498
0.33201
0.315767
0.300658
0.286582
0.273449
0.261176
0.249688
0.238917
0.228801
0.219285
0.210316
0.201849
0.19384
0.18625
0.179045
0.172193
0.165665
0.159435
0.153481
0.147784
0.142328
0.137099
0.132087
0.127284
0.122684
0.118283
0.114078
0.110068
0.106252
0.102629
0.0991973
0.095955
0.0928995
0.0900271
0.0873331
0.0848121
0.0824578
0.0802632
0.0782209
0.0763231
0.0745619
0.072929
0.0714168
0.0700172
0.0687229
0.0675266
0.0664213
0.0654006
0.0644582
0.0635885
0.062786
0.0620456
0.0613627
0.0607329
0.0601522
0.0596168
0.0591233
0.0586684
0.0582492
0.0578631
0.0575074
0.0571798
0.0568783
0.0566009
0.0563458
0.0561113
0.0558959
0.0556983
0.0555172
0.0553515
0.0552002
0.0550623
0.0549371
0.0548238
0.054722
0.0546311
0.0545509
0.054481
0.0544216
0.0543727
0.0543346
0.054308
0.0542934
0.961698
0.8922
0.829106
0.77175
0.719541
0.671953
0.628516
0.588813
0.552473
0.519164
0.488588
0.460481
0.434606
0.410752
0.388727
0.368363
0.349505
0.332017
0.315775
0.300666
0.286591
0.273458
0.261185
0.249698
0.238927
0.228812
0.219297
0.210329
0.201863
0.193855
0.186267
0.179064
0.172213
0.165687
0.159459
0.153507
0.147813
0.142359
0.137133
0.132124
0.127323
0.122725
0.118326
0.114123
0.110115
0.1063
0.102677
0.0992461
0.0960038
0.092948
0.0900749
0.0873799
0.0848577
0.0825019
0.0803057
0.0782617
0.076362
0.0745988
0.072964
0.0714498
0.0700483
0.0687521
0.067554
0.0664469
0.0654245
0.0644806
0.0636093
0.0628054
0.0620636
0.0613794
0.0607484
0.0601666
0.0596301
0.0591356
0.0586797
0.0582597
0.0578727
0.0575163
0.0571881
0.0568859
0.0566079
0.0563522
0.0561172
0.0559014
0.0557034
0.0555219
0.0553558
0.0552042
0.055066
0.0549405
0.0548271
0.0547251
0.054634
0.0545536
0.0544837
0.0544242
0.0543752
0.0543371
0.0543104
0.0542958
0.961698
0.8922
0.829107
0.771751
0.719543
0.671955
0.628519
0.588817
0.552478
0.519169
0.488593
0.460487
0.434613
0.410759
0.388735
0.368371
0.349514
0.332026
0.315784
0.300676
0.286601
0.273468
0.261196
0.249709
0.238939
0.228825
0.219311
0.210344
0.201879
0.193873
0.186287
0.179085
0.172237
0.165712
0.159487
0.153538
0.147846
0.142396
0.137172
0.132166
0.127368
0.122772
0.118376
0.114175
0.110168
0.106354
0.102733
0.0993017
0.0960594
0.0930031
0.0901292
0.0874332
0.0849096
0.0825521
0.0803541
0.078308
0.0764062
0.0746408
0.0730039
0.0714874
0.0700838
0.0687855
0.0675852
0.0664762
0.0654519
0.0645061
0.0636332
0.0628275
0.0620842
0.0613986
0.0607662
0.060183
0.0596453
0.0591496
0.0586928
0.0582717
0.0578838
0.0575265
0.0571975
0.0568946
0.0566159
0.0563596
0.056124
0.0559077
0.0557092
0.0555272
0.0553608
0.0552088
0.0550703
0.0549445
0.0548308
0.0547286
0.0546374
0.0545568
0.0544868
0.0544272
0.0543781
0.05434
0.0543132
0.0542986
0.961698
0.8922
0.829107
0.771752
0.719544
0.671957
0.628522
0.588821
0.552482
0.519173
0.488599
0.460493
0.434619
0.410766
0.388742
0.368379
0.349522
0.332035
0.315793
0.300686
0.286612
0.27348
0.261208
0.249722
0.238953
0.22884
0.219326
0.210361
0.201898
0.193893
0.186309
0.179109
0.172263
0.165741
0.159519
0.153573
0.147884
0.142436
0.137216
0.132213
0.127418
0.122825
0.118431
0.114232
0.110227
0.106415
0.102794
0.0993634
0.0961211
0.0930643
0.0901895
0.0874922
0.084967
0.0826078
0.0804076
0.0783594
0.0764553
0.0746875
0.0730481
0.0715292
0.0701232
0.0688225
0.06762
0.0665088
0.0654824
0.0645346
0.0636597
0.0628522
0.0621072
0.0614199
0.060786
0.0602014
0.0596623
0.0591654
0.0587073
0.0582852
0.0578962
0.057538
0.0572081
0.0569044
0.0566249
0.0563679
0.0561317
0.0559147
0.0557157
0.0555333
0.0553663
0.0552139
0.0550751
0.054949
0.0548351
0.0547326
0.0546412
0.0545605
0.0544903
0.0544306
0.0543814
0.0543432
0.0543164
0.0543017
0.961698
0.8922
0.829107
0.771753
0.719545
0.671959
0.628524
0.588824
0.552486
0.519178
0.488604
0.460499
0.434626
0.410773
0.38875
0.368387
0.349531
0.332045
0.315803
0.300697
0.286623
0.273492
0.261221
0.249736
0.238968
0.228856
0.219344
0.21038
0.201918
0.193915
0.186333
0.179136
0.172292
0.165773
0.159554
0.153611
0.147925
0.142481
0.137264
0.132264
0.127472
0.122883
0.118491
0.114295
0.110292
0.106481
0.102861
0.0994306
0.0961881
0.0931308
0.090255
0.0875563
0.0850294
0.0826681
0.0804658
0.0784151
0.0765085
0.0747382
0.0730961
0.0715747
0.0701661
0.0688629
0.0676579
0.0665443
0.0655156
0.0645656
0.0636886
0.0628792
0.0621323
0.0614432
0.0608076
0.0602214
0.0596809
0.0591826
0.0587232
0.0582999
0.0579098
0.0575505
0.0572196
0.056915
0.0566347
0.056377
0.05614
0.0559224
0.0557228
0.0555399
0.0553725
0.0552196
0.0550804
0.054954
0.0548397
0.054737
0.0546454
0.0545645
0.0544941
0.0544343
0.0543851
0.0543468
0.0543199
0.0543051
0.961698
0.8922
0.829107
0.771753
0.719546
0.67196
0.628526
0.588826
0.552489
0.519182
0.488609
0.460505
0.434632
0.41078
0.388758
0.368396
0.34954
0.332054
0.315814
0.300708
0.286635
0.273505
0.261235
0.249751
0.238984
0.228873
0.219363
0.210401
0.20194
0.19394
0.18636
0.179165
0.172324
0.165808
0.159591
0.153652
0.14797
0.142529
0.137316
0.132319
0.127531
0.122944
0.118556
0.114362
0.110361
0.106551
0.102932
0.0995024
0.0962599
0.0932019
0.090325
0.0876249
0.0850961
0.0827327
0.080528
0.0784748
0.0765655
0.0747924
0.0731476
0.0716234
0.070212
0.0689062
0.0676986
0.0665824
0.0655513
0.0645989
0.0637197
0.0629082
0.0621593
0.0614683
0.0608309
0.060243
0.0597009
0.0592011
0.0587404
0.0583157
0.0579244
0.057564
0.0572321
0.0569265
0.0566453
0.0563867
0.0561491
0.0559308
0.0557305
0.055547
0.0553791
0.0552258
0.0550862
0.0549594
0.0548448
0.0547418
0.0546499
0.0545689
0.0544983
0.0544384
0.054389
0.0543506
0.0543237
0.0543089
0.961698
0.8922
0.829107
0.771753
0.719546
0.671961
0.628528
0.588829
0.552492
0.519186
0.488614
0.46051
0.434639
0.410787
0.388766
0.368404
0.34955
0.332064
0.315825
0.30072
0.286648
0.273519
0.26125
0.249766
0.239001
0.228892
0.219383
0.210422
0.201964
0.193966
0.186388
0.179196
0.172358
0.165845
0.159632
0.153696
0.148017
0.14258
0.137371
0.132378
0.127593
0.12301
0.118624
0.114433
0.110434
0.106626
0.103008
0.0995784
0.0963357
0.093277
0.090399
0.0876973
0.0851666
0.082801
0.0805938
0.0785379
0.0766258
0.0748498
0.0732021
0.0716749
0.0702607
0.068952
0.0677416
0.0666228
0.0655891
0.0646343
0.0637527
0.0629389
0.0621879
0.0614949
0.0608556
0.060266
0.0597222
0.0592208
0.0587586
0.0583326
0.05794
0.0575784
0.0572453
0.0569388
0.0566566
0.0563972
0.0561587
0.0559397
0.0557387
0.0555546
0.0553862
0.0552324
0.0550923
0.0549651
0.0548502
0.0547469
0.0546548
0.0545735
0.0545028
0.0544427
0.0543932
0.0543548
0.0543278
0.0543129
0.961698
0.8922
0.829107
0.771753
0.719547
0.671962
0.628529
0.588831
0.552495
0.51919
0.488618
0.460515
0.434644
0.410794
0.388773
0.368413
0.349559
0.332074
0.315836
0.300731
0.286661
0.273533
0.261265
0.249783
0.239019
0.228911
0.219404
0.210445
0.201989
0.193993
0.186418
0.179229
0.172394
0.165884
0.159674
0.153742
0.148067
0.142634
0.137429
0.13244
0.127658
0.123079
0.118696
0.114507
0.11051
0.106704
0.103087
0.0996578
0.0964149
0.0933556
0.0904764
0.087773
0.0852403
0.0828723
0.0806626
0.0786039
0.0766889
0.0749099
0.0732591
0.0717289
0.0703117
0.069
0.0677867
0.0666651
0.0656287
0.0646714
0.0637873
0.0629712
0.0622179
0.0615229
0.0608816
0.0602901
0.0597445
0.0592415
0.0587777
0.0583503
0.0579564
0.0575935
0.0572593
0.0569517
0.0566685
0.0564082
0.0561688
0.0559491
0.0557474
0.0555627
0.0553936
0.0552393
0.0550988
0.0549712
0.054856
0.0547524
0.05466
0.0545784
0.0545075
0.0544473
0.0543977
0.0543591
0.0543321
0.0543172
0.961698
0.8922
0.829107
0.771753
0.719547
0.671962
0.62853
0.588832
0.552497
0.519193
0.488622
0.46052
0.43465
0.4108
0.388781
0.368421
0.349568
0.332084
0.315847
0.300743
0.286674
0.273547
0.26128
0.2498
0.239037
0.228931
0.219426
0.210469
0.202015
0.194022
0.186449
0.179263
0.172431
0.165925
0.159719
0.15379
0.14812
0.142691
0.137489
0.132504
0.127726
0.12315
0.11877
0.114584
0.110589
0.106785
0.103169
0.0997402
0.0964971
0.0934371
0.0905566
0.0878515
0.0853167
0.0829464
0.0807339
0.0786724
0.0767543
0.0749722
0.0733183
0.071785
0.0703646
0.0690499
0.0678337
0.0667092
0.06567
0.0647099
0.0638233
0.0630048
0.0622492
0.061552
0.0609086
0.0603152
0.0597678
0.0592631
0.0587977
0.0583688
0.0579735
0.0576093
0.0572739
0.0569651
0.056681
0.0564196
0.0561794
0.0559589
0.0557565
0.0555711
0.0554014
0.0552466
0.0551056
0.0549776
0.0548619
0.054758
0.0546653
0.0545836
0.0545125
0.054452
0.0544023
0.0543637
0.0543365
0.0543216
0.961698
0.892199
0.829106
0.771753
0.719547
0.671963
0.628531
0.588834
0.552499
0.519195
0.488625
0.460524
0.434655
0.410806
0.388787
0.368429
0.349577
0.332094
0.315858
0.300755
0.286687
0.273561
0.261296
0.249817
0.239056
0.228952
0.219448
0.210494
0.202043
0.194051
0.186482
0.179299
0.17247
0.165967
0.159765
0.15384
0.148174
0.142749
0.137551
0.13257
0.127796
0.123224
0.118847
0.114664
0.110671
0.106868
0.103253
0.099825
0.0965817
0.0935209
0.0906392
0.0879324
0.0853954
0.0830226
0.0808074
0.0787429
0.0768218
0.0750365
0.0733794
0.0718428
0.0704192
0.0691014
0.0678821
0.0667546
0.0657125
0.0647498
0.0638606
0.0630395
0.0622816
0.0615821
0.0609366
0.0603411
0.0597919
0.0592854
0.0588184
0.0583879
0.0579911
0.0576256
0.057289
0.0569791
0.0566938
0.0564315
0.0561904
0.055969
0.0557659
0.0555798
0.0554095
0.0552541
0.0551126
0.0549842
0.0548682
0.0547639
0.0546709
0.0545889
0.0545176
0.054457
0.0544071
0.0543683
0.0543411
0.0543262
0.961698
0.892199
0.829106
0.771752
0.719547
0.671963
0.628531
0.588835
0.552501
0.519198
0.488628
0.460528
0.43466
0.410812
0.388794
0.368436
0.349585
0.332104
0.315869
0.300767
0.2867
0.273576
0.261312
0.249835
0.239076
0.228973
0.219471
0.210519
0.20207
0.194082
0.186515
0.179335
0.17251
0.166011
0.159812
0.153891
0.148229
0.142808
0.137615
0.132638
0.127868
0.123299
0.118926
0.114745
0.110755
0.106953
0.103339
0.0999116
0.0966682
0.0936066
0.0907236
0.088015
0.0854759
0.0831005
0.0808826
0.0788151
0.0768908
0.0751023
0.0734419
0.071902
0.0704752
0.0691541
0.0679317
0.0668012
0.0657562
0.0647907
0.0638988
0.0630751
0.0623148
0.061613
0.0609653
0.0603678
0.0598167
0.0593083
0.0588396
0.0584075
0.0580093
0.0576424
0.0573045
0.0569934
0.0567071
0.0564438
0.0562017
0.0559795
0.0557756
0.0555888
0.0554179
0.0552619
0.0551199
0.054991
0.0548745
0.0547699
0.0546766
0.0545944
0.0545228
0.054462
0.054412
0.0543732
0.0543459
0.0543308
0.961697
0.892199
0.829106
0.771752
0.719547
0.671963
0.628532
0.588836
0.552502
0.5192
0.488631
0.460532
0.434664
0.410817
0.3888
0.368443
0.349594
0.332113
0.315879
0.300779
0.286713
0.27359
0.261328
0.249852
0.239095
0.228995
0.219495
0.210545
0.202099
0.194113
0.186549
0.179372
0.172551
0.166055
0.15986
0.153944
0.148286
0.142869
0.13768
0.132707
0.127941
0.123376
0.119006
0.114828
0.11084
0.10704
0.103427
0.0999998
0.0967562
0.0936938
0.0908095
0.0880991
0.0855578
0.0831799
0.0809591
0.0788885
0.0769611
0.0751693
0.0735056
0.0719624
0.0705322
0.0692079
0.0679823
0.0668488
0.0658008
0.0648324
0.0639377
0.0631115
0.0623487
0.0616445
0.0609947
0.0603951
0.0598419
0.0593318
0.0588613
0.0584276
0.0580279
0.0576596
0.0573204
0.0570081
0.0567206
0.0564563
0.0562133
0.0559902
0.0557855
0.055598
0.0554264
0.0552699
0.0551273
0.054998
0.0548811
0.0547761
0.0546825
0.0545999
0.0545282
0.0544672
0.054417
0.054378
0.0543507
0.0543356
0.961697
0.892199
0.829105
0.771752
0.719546
0.671963
0.628532
0.588836
0.552504
0.519202
0.488634
0.460535
0.434668
0.410822
0.388806
0.36845
0.349602
0.332123
0.315889
0.300791
0.286726
0.273605
0.261344
0.24987
0.239115
0.229016
0.219519
0.210571
0.202127
0.194144
0.186584
0.17941
0.172592
0.1661
0.159909
0.153997
0.148343
0.142931
0.137746
0.132777
0.128015
0.123453
0.119087
0.114912
0.110926
0.107128
0.103516
0.100089
0.0968452
0.093782
0.0908964
0.0881842
0.0856407
0.0832602
0.0810365
0.078963
0.0770323
0.0752372
0.0735701
0.0720236
0.0705901
0.0692625
0.0680337
0.066897
0.065846
0.0648747
0.0639773
0.0631485
0.0623831
0.0616766
0.0610245
0.0604228
0.0598677
0.0593556
0.0588834
0.0584481
0.0580468
0.0576771
0.0573366
0.057023
0.0567344
0.056469
0.0562251
0.0560011
0.0557956
0.0556073
0.0554351
0.055278
0.0551349
0.055005
0.0548877
0.0547824
0.0546884
0.0546056
0.0545336
0.0544724
0.0544221
0.054383
0.0543555
0.0543404
0.961697
0.892199
0.829105
0.771751
0.719546
0.671963
0.628532
0.588837
0.552505
0.519203
0.488636
0.460538
0.434672
0.410827
0.388812
0.368457
0.349609
0.332131
0.3159
0.300802
0.286739
0.273619
0.26136
0.249888
0.239134
0.229038
0.219543
0.210598
0.202156
0.194176
0.186619
0.179448
0.172634
0.166146
0.159959
0.15405
0.148401
0.142993
0.137812
0.132848
0.12809
0.123532
0.119168
0.114996
0.111012
0.107216
0.103605
0.100179
0.0969347
0.0938708
0.0909839
0.0882699
0.0857242
0.0833411
0.0811146
0.079038
0.0771041
0.0753057
0.0736353
0.0720853
0.0706485
0.0693176
0.0680855
0.0669457
0.0658917
0.0649175
0.0640173
0.0631858
0.0624179
0.061709
0.0610547
0.0604508
0.0598937
0.0593797
0.0589058
0.0584688
0.058066
0.0576948
0.0573529
0.0570381
0.0567484
0.0564819
0.056237
0.0560121
0.0558058
0.0556168
0.0554439
0.0552861
0.0551425
0.0550122
0.0548945
0.0547887
0.0546945
0.0546113
0.0545391
0.0544777
0.0544272
0.0543879
0.0543604
0.0543452
0.961697
0.892198
0.829105
0.771751
0.719546
0.671963
0.628532
0.588837
0.552505
0.519204
0.488638
0.46054
0.434676
0.410831
0.388817
0.368463
0.349617
0.33214
0.315909
0.300813
0.286752
0.273633
0.261376
0.249905
0.239154
0.229059
0.219567
0.210624
0.202185
0.194208
0.186654
0.179487
0.172675
0.166191
0.160008
0.154104
0.148459
0.143055
0.137879
0.132918
0.128164
0.12361
0.11925
0.11508
0.111099
0.107304
0.103695
0.100269
0.0970246
0.0939599
0.0910717
0.0883559
0.085808
0.0834224
0.081193
0.0791134
0.0771763
0.0753745
0.0737007
0.0721474
0.0707072
0.0693729
0.0681377
0.0669947
0.0659377
0.0649606
0.0640576
0.0632234
0.062453
0.0617417
0.061085
0.060479
0.0599199
0.059404
0.0589283
0.0584896
0.0580853
0.0577127
0.0573694
0.0570534
0.0567625
0.0564949
0.0562491
0.0560232
0.0558161
0.0556263
0.0554528
0.0552944
0.0551502
0.0550194
0.0549012
0.0547951
0.0547005
0.054617
0.0545446
0.0544829
0.0544323
0.0543929
0.0543653
0.05435
0.961697
0.892198
0.829104
0.771751
0.719546
0.671962
0.628532
0.588838
0.552506
0.519206
0.48864
0.460543
0.434679
0.410835
0.388822
0.368469
0.349624
0.332148
0.315919
0.300824
0.286764
0.273647
0.261392
0.249923
0.239173
0.229081
0.21959
0.21065
0.202214
0.19424
0.186688
0.179525
0.172717
0.166237
0.160058
0.154158
0.148517
0.143117
0.137945
0.132989
0.128239
0.123688
0.119331
0.115165
0.111186
0.107393
0.103784
0.100359
0.0971143
0.0940489
0.0911594
0.0884419
0.0858917
0.0835036
0.0812715
0.0791887
0.0772485
0.0754434
0.0737662
0.0722095
0.070766
0.0694284
0.0681899
0.0670438
0.0659838
0.0650037
0.0640979
0.0632611
0.0624882
0.0617744
0.0611155
0.0605074
0.0599462
0.0594284
0.0589509
0.0585106
0.0581046
0.0577306
0.057386
0.0570686
0.0567766
0.056508
0.0562611
0.0560344
0.0558264
0.0556359
0.0554617
0.0553027
0.0551579
0.0550266
0.054908
0.0548015
0.0547065
0.0546228
0.05455
0.0544882
0.0544374
0.0543978
0.0543701
0.0543548
0.961697
0.892198
0.829104
0.77175
0.719545
0.671962
0.628532
0.588838
0.552507
0.519207
0.488641
0.460545
0.434682
0.410839
0.388827
0.368475
0.349631
0.332156
0.315928
0.300835
0.286776
0.273661
0.261407
0.24994
0.239192
0.229102
0.219614
0.210676
0.202243
0.194271
0.186723
0.179563
0.172759
0.166282
0.160107
0.154211
0.148574
0.143179
0.138012
0.133059
0.128313
0.123766
0.119412
0.115249
0.111272
0.107481
0.103873
0.100448
0.0972036
0.0941375
0.0912467
0.0885274
0.0859752
0.0835845
0.0813496
0.0792639
0.0773204
0.0755121
0.0738316
0.0722715
0.0708246
0.0694838
0.0682421
0.0670929
0.0660298
0.0650468
0.0641383
0.0632988
0.0625233
0.0618072
0.061146
0.0605357
0.0599724
0.0594528
0.0589735
0.0585315
0.058124
0.0577485
0.0574025
0.0570839
0.0567908
0.0565211
0.0562732
0.0560456
0.0558368
0.0556455
0.0554706
0.0553109
0.0551656
0.0550338
0.0549147
0.0548078
0.0547125
0.0546285
0.0545555
0.0544934
0.0544424
0.0544027
0.0543749
0.0543596
0.961697
0.892198
0.829104
0.77175
0.719545
0.671962
0.628532
0.588838
0.552507
0.519208
0.488643
0.460547
0.434685
0.410843
0.388832
0.368481
0.349637
0.332164
0.315937
0.300845
0.286788
0.273674
0.261422
0.249957
0.239211
0.229123
0.219637
0.210702
0.202271
0.194303
0.186758
0.179601
0.1728
0.166327
0.160156
0.154264
0.148632
0.143241
0.138077
0.133129
0.128387
0.123843
0.119493
0.115332
0.111357
0.107568
0.103961
0.100537
0.0972922
0.0942253
0.0913333
0.0886124
0.086058
0.0836649
0.0814272
0.0793385
0.0773919
0.0755803
0.0738965
0.0723331
0.0708829
0.0695389
0.068294
0.0671417
0.0660756
0.0650897
0.0641784
0.0633363
0.0625583
0.0618397
0.0611763
0.0605639
0.0599986
0.0594771
0.058996
0.0585523
0.0581433
0.0577663
0.057419
0.0570992
0.0568048
0.0565341
0.0562852
0.0560567
0.0558471
0.055655
0.0554794
0.0553192
0.0551733
0.055041
0.0549214
0.0548141
0.0547185
0.0546341
0.0545608
0.0544986
0.0544474
0.0544076
0.0543797
0.0543643
0.961697
0.892197
0.829103
0.77175
0.719545
0.671962
0.628532
0.588838
0.552508
0.519209
0.488644
0.460549
0.434687
0.410846
0.388836
0.368486
0.349644
0.332171
0.315946
0.300855
0.286799
0.273687
0.261437
0.249973
0.239229
0.229144
0.21966
0.210727
0.202299
0.194334
0.186792
0.179638
0.172841
0.166372
0.160205
0.154317
0.148688
0.143301
0.138142
0.133198
0.128459
0.123919
0.119572
0.115414
0.111442
0.107654
0.104048
0.100624
0.0973797
0.0943122
0.091419
0.0886964
0.0861399
0.0837444
0.081504
0.0794124
0.0774627
0.0756479
0.0739609
0.0723942
0.0709408
0.0695935
0.0683454
0.0671901
0.066121
0.0651323
0.0642182
0.0633735
0.062593
0.0618721
0.0612064
0.0605918
0.0600246
0.0595012
0.0590183
0.058573
0.0581624
0.057784
0.0574354
0.0571143
0.0568188
0.056547
0.0562972
0.0560677
0.0558573
0.0556645
0.0554882
0.0553273
0.0551809
0.055048
0.0549281
0.0548203
0.0547243
0.0546397
0.0545661
0.0545036
0.0544523
0.0544124
0.0543843
0.0543689
0.961697
0.892197
0.829103
0.771749
0.719544
0.671961
0.628532
0.588838
0.552508
0.519209
0.488645
0.460551
0.43469
0.410849
0.38884
0.368491
0.34965
0.332179
0.315954
0.300865
0.286811
0.2737
0.261451
0.249989
0.239248
0.229164
0.219682
0.210752
0.202327
0.194364
0.186825
0.179675
0.172881
0.166416
0.160252
0.154368
0.148744
0.143361
0.138206
0.133265
0.128531
0.123994
0.11965
0.115495
0.111525
0.107738
0.104134
0.100711
0.0974659
0.0943978
0.0915035
0.0887792
0.0862207
0.0838228
0.0815798
0.0794853
0.0775326
0.0757147
0.0740244
0.0724545
0.0709979
0.0696474
0.0683963
0.0672379
0.0661659
0.0651744
0.0642576
0.0634103
0.0626273
0.0619041
0.0612362
0.0606195
0.0600503
0.0595251
0.0590405
0.0585935
0.0581814
0.0578015
0.0574516
0.0571293
0.0568326
0.0565598
0.056309
0.0560786
0.0558674
0.0556738
0.0554969
0.0553354
0.0551884
0.055055
0.0549346
0.0548265
0.0547301
0.0546452
0.0545714
0.0545086
0.0544571
0.054417
0.0543889
0.0543734
0.961697
0.892197
0.829103
0.771749
0.719544
0.671961
0.628532
0.588838
0.552509
0.51921
0.488647
0.460553
0.434692
0.410853
0.388844
0.368496
0.349655
0.332186
0.315962
0.300874
0.286821
0.273712
0.261465
0.250005
0.239265
0.229183
0.219704
0.210776
0.202354
0.194394
0.186858
0.17971
0.17292
0.166458
0.160299
0.154419
0.148798
0.143419
0.138268
0.133332
0.128601
0.124068
0.119727
0.115574
0.111606
0.107822
0.104218
0.100795
0.0975506
0.0944819
0.0915864
0.0888606
0.0863002
0.0839
0.0816544
0.0795571
0.0776014
0.0757804
0.074087
0.072514
0.0710542
0.0697006
0.0684464
0.067285
0.0662102
0.0652159
0.0642964
0.0634466
0.0626612
0.0619357
0.0612656
0.0606468
0.0600757
0.0595486
0.0590623
0.0586137
0.0582001
0.0578188
0.0574676
0.0571441
0.0568463
0.0565724
0.0563206
0.0560894
0.0558773
0.055683
0.0555054
0.0553433
0.0551957
0.0550619
0.054941
0.0548325
0.0547358
0.0546505
0.0545765
0.0545135
0.0544618
0.0544216
0.0543934
0.0543778
0.961697
0.892197
0.829102
0.771749
0.719543
0.671961
0.628532
0.588838
0.552509
0.519211
0.488648
0.460555
0.434695
0.410856
0.388848
0.3685
0.349661
0.332192
0.31597
0.300883
0.286832
0.273724
0.261479
0.25002
0.239282
0.229203
0.219726
0.2108
0.20238
0.194423
0.18689
0.179746
0.172959
0.1665
0.160344
0.154468
0.148851
0.143477
0.138329
0.133397
0.12867
0.12414
0.119802
0.115652
0.111686
0.107903
0.104301
0.100878
0.0976336
0.0945643
0.0916677
0.0889404
0.0863781
0.0839756
0.0817275
0.0796274
0.0776689
0.0758449
0.0741484
0.0725723
0.0711094
0.0697528
0.0684956
0.0673313
0.0662537
0.0652566
0.0643346
0.0634822
0.0626945
0.0619667
0.0612944
0.0606737
0.0601006
0.0595717
0.0590837
0.0586336
0.0582185
0.0578358
0.0574833
0.0571586
0.0568597
0.0565848
0.056332
0.0561
0.0558871
0.0556921
0.0555138
0.055351
0.0552029
0.0550686
0.0549473
0.0548384
0.0547414
0.0546558
0.0545815
0.0545183
0.0544664
0.054426
0.0543977
0.0543821
0.961697
0.892197
0.829102
0.771748
0.719543
0.67196
0.628531
0.588838
0.552509
0.519212
0.488649
0.460556
0.434697
0.410858
0.388851
0.368505
0.349666
0.332198
0.315978
0.300892
0.286842
0.273736
0.261492
0.250035
0.239299
0.229221
0.219746
0.210823
0.202406
0.194451
0.186921
0.17978
0.172996
0.166541
0.160389
0.154516
0.148903
0.143532
0.138389
0.13346
0.128736
0.12421
0.119875
0.115727
0.111764
0.107982
0.104381
0.100959
0.0977145
0.0946447
0.0917472
0.0890184
0.0864542
0.0840496
0.081799
0.0796963
0.0777349
0.075908
0.0742085
0.0726294
0.0711635
0.0698039
0.0685438
0.0673767
0.0662963
0.0652966
0.064372
0.0635172
0.0627271
0.0619971
0.0613227
0.0607
0.0601251
0.0595944
0.0591047
0.058653
0.0582365
0.0578525
0.0574987
0.0571728
0.0568728
0.0565969
0.0563432
0.0561103
0.0558966
0.0557009
0.055522
0.0553586
0.05521
0.0550752
0.0549535
0.0548442
0.0547468
0.0546609
0.0545863
0.0545229
0.0544708
0.0544304
0.0544019
0.0543862
0.961697
0.892196
0.829102
0.771748
0.719543
0.67196
0.628531
0.588838
0.552509
0.519212
0.48865
0.460558
0.434699
0.410861
0.388854
0.368509
0.349671
0.332205
0.315985
0.300901
0.286851
0.273747
0.261504
0.250049
0.239315
0.229239
0.219766
0.210846
0.20243
0.194478
0.186951
0.179813
0.173032
0.166581
0.160432
0.154563
0.148954
0.143587
0.138447
0.133522
0.128801
0.124278
0.119946
0.115801
0.111839
0.10806
0.10446
0.101038
0.0977933
0.094723
0.0918245
0.0890943
0.0865283
0.0841216
0.0818687
0.0797634
0.0777993
0.0759696
0.0742672
0.0726851
0.0712163
0.0698538
0.0685909
0.067421
0.0663379
0.0653356
0.0644085
0.0635513
0.062759
0.0620268
0.0613504
0.0607257
0.060149
0.0596166
0.0591253
0.0586721
0.0582541
0.0578688
0.0575137
0.0571867
0.0568857
0.0566087
0.0563542
0.0561204
0.055906
0.0557096
0.0555299
0.055366
0.0552169
0.0550816
0.0549594
0.0548497
0.054752
0.0546658
0.054591
0.0545274
0.0544751
0.0544345
0.054406
0.0543903
0.961696
0.892196
0.829102
0.771748
0.719542
0.67196
0.628531
0.588838
0.55251
0.519213
0.488651
0.460559
0.434701
0.410863
0.388858
0.368513
0.349676
0.33221
0.315992
0.300909
0.286861
0.273757
0.261516
0.250063
0.23933
0.229257
0.219786
0.210867
0.202454
0.194505
0.18698
0.179845
0.173068
0.166619
0.160474
0.154608
0.149003
0.143639
0.138503
0.133581
0.128864
0.124344
0.120015
0.115872
0.111913
0.108134
0.104536
0.101115
0.0978697
0.094799
0.0918995
0.089168
0.0866003
0.0841916
0.0819364
0.0798286
0.0778619
0.0760294
0.0743242
0.0727393
0.0712676
0.0699024
0.0686367
0.0674641
0.0663784
0.0653736
0.0644441
0.0635845
0.06279
0.0620557
0.0613773
0.0607508
0.0601722
0.0596381
0.0591453
0.0586906
0.0582712
0.0578846
0.0575284
0.0572002
0.0568981
0.0566202
0.0563648
0.0561302
0.055915
0.0557179
0.0555377
0.0553732
0.0552235
0.0550878
0.0549652
0.0548551
0.0547571
0.0546706
0.0545955
0.0545317
0.0544793
0.0544385
0.0544099
0.0543941
0.961696
0.892196
0.829101
0.771747
0.719542
0.67196
0.628531
0.588838
0.55251
0.519213
0.488652
0.46056
0.434702
0.410866
0.388861
0.368517
0.349681
0.332216
0.315998
0.300916
0.28687
0.273768
0.261528
0.250076
0.239345
0.229273
0.219805
0.210888
0.202477
0.19453
0.187008
0.179876
0.173102
0.166656
0.160514
0.154652
0.14905
0.14369
0.138557
0.133639
0.128925
0.124408
0.120081
0.115941
0.111983
0.108207
0.104609
0.101188
0.0979437
0.0948725
0.0919721
0.0892394
0.08667
0.0842594
0.0820019
0.0798918
0.0779225
0.0760874
0.0743795
0.0727918
0.0713174
0.0699494
0.0686811
0.0675059
0.0664176
0.0654104
0.0644786
0.0636168
0.0628201
0.0620838
0.0614035
0.0607751
0.0601948
0.0596591
0.0591647
0.0587086
0.0582879
0.0579
0.0575426
0.0572133
0.0569102
0.0566314
0.0563751
0.0561397
0.0559238
0.0557261
0.0555452
0.0553802
0.05523
0.0550938
0.0549708
0.0548604
0.054762
0.0546753
0.0545999
0.0545359
0.0544833
0.0544424
0.0544137
0.0543978
0.961696
0.892196
0.829101
0.771747
0.719542
0.671959
0.628531
0.588838
0.55251
0.519214
0.488652
0.460561
0.434704
0.410868
0.388864
0.36852
0.349685
0.332221
0.316005
0.300924
0.286878
0.273777
0.261539
0.250089
0.23936
0.229289
0.219822
0.210908
0.2025
0.194555
0.187035
0.179906
0.173134
0.166692
0.160553
0.154694
0.149095
0.143738
0.138609
0.133694
0.128983
0.124469
0.120145
0.116007
0.112052
0.108276
0.10468
0.10126
0.0980149
0.0949433
0.0920422
0.0893082
0.0867373
0.0843248
0.0820652
0.0799528
0.0779811
0.0761434
0.0744329
0.0728426
0.0713656
0.0699949
0.068724
0.0675463
0.0664556
0.065446
0.0645119
0.063648
0.0628492
0.0621109
0.0614287
0.0607986
0.0602166
0.0596793
0.0591835
0.0587259
0.0583039
0.0579149
0.0575563
0.057226
0.0569219
0.0566422
0.0563851
0.0561489
0.0559323
0.0557339
0.0555524
0.0553869
0.0552362
0.0550996
0.0549762
0.0548654
0.0547667
0.0546797
0.0546041
0.0545399
0.0544871
0.0544461
0.0544173
0.0544014
0.961696
0.892196
0.829101
0.771747
0.719542
0.671959
0.628531
0.588838
0.55251
0.519214
0.488653
0.460563
0.434706
0.41087
0.388866
0.368524
0.34969
0.332226
0.31601
0.300931
0.286886
0.273787
0.26155
0.250101
0.239373
0.229305
0.21984
0.210927
0.202521
0.194578
0.187061
0.179934
0.173165
0.166726
0.16059
0.154734
0.149139
0.143785
0.138659
0.133747
0.129039
0.124528
0.120207
0.116071
0.112117
0.108343
0.104747
0.101328
0.0980833
0.0950114
0.0921095
0.0893743
0.0868019
0.0843877
0.0821261
0.0800115
0.0780375
0.0761973
0.0744843
0.0728915
0.0714119
0.0700388
0.0687654
0.0675853
0.0664922
0.0654804
0.0645441
0.063678
0.0628773
0.0621371
0.0614531
0.0608212
0.0602377
0.0596989
0.0592016
0.0587427
0.0583194
0.0579292
0.0575695
0.0572382
0.0569332
0.0566526
0.0563947
0.0561578
0.0559405
0.0557414
0.0555594
0.0553933
0.0552422
0.0551051
0.0549813
0.0548702
0.0547712
0.0546839
0.0546081
0.0545437
0.0544908
0.0544496
0.0544207
0.0544048
0.961696
0.892196
0.829101
0.771746
0.719541
0.671959
0.62853
0.588838
0.55251
0.519214
0.488654
0.460564
0.434707
0.410872
0.388869
0.368527
0.349694
0.332231
0.316016
0.300937
0.286894
0.273796
0.26156
0.250113
0.239386
0.229319
0.219856
0.210945
0.202541
0.194601
0.187086
0.179961
0.173195
0.166759
0.160625
0.154773
0.14918
0.14383
0.138706
0.133797
0.129093
0.124584
0.120265
0.116131
0.11218
0.108407
0.104812
0.101393
0.0981488
0.0950765
0.0921739
0.0894377
0.0868639
0.0844479
0.0821845
0.0800678
0.0780915
0.076249
0.0745336
0.0729384
0.0714564
0.0700808
0.0688051
0.0676226
0.0665273
0.0655133
0.0645749
0.0637069
0.0629042
0.0621622
0.0614765
0.060843
0.0602579
0.0597176
0.0592189
0.0587588
0.0583343
0.0579429
0.0575822
0.0572499
0.056944
0.0566626
0.0564038
0.0561662
0.0559483
0.0557486
0.0555661
0.0553995
0.0552479
0.0551104
0.0549862
0.0548748
0.0547755
0.054688
0.0546119
0.0545473
0.0544942
0.054453
0.054424
0.054408
0.961696
0.892195
0.8291
0.771746
0.719541
0.671959
0.62853
0.588838
0.552511
0.519215
0.488654
0.460565
0.434709
0.410874
0.388871
0.36853
0.349697
0.332236
0.316022
0.300944
0.286901
0.273804
0.26157
0.250124
0.239399
0.229333
0.219872
0.210963
0.20256
0.194622
0.18711
0.179987
0.173224
0.16679
0.160659
0.154809
0.149219
0.143872
0.138752
0.133846
0.129144
0.124638
0.120321
0.116189
0.112239
0.108468
0.104874
0.101456
0.0982113
0.0951387
0.0922354
0.0894981
0.086923
0.0845054
0.0822402
0.0801215
0.0781431
0.0762984
0.0745807
0.0729832
0.0714989
0.070121
0.068843
0.0676584
0.0665609
0.0655448
0.0646044
0.0637345
0.06293
0.0621862
0.0614988
0.0608638
0.0602772
0.0597355
0.0592355
0.0587741
0.0583485
0.0579561
0.0575943
0.0572611
0.0569543
0.0566721
0.0564126
0.0561743
0.0559557
0.0557555
0.0555724
0.0554053
0.0552533
0.0551154
0.0549909
0.0548792
0.0547796
0.0546918
0.0546156
0.0545508
0.0544975
0.0544561
0.054427
0.054411
0.961696
0.892195
0.8291
0.771746
0.719541
0.671958
0.62853
0.588838
0.552511
0.519215
0.488655
0.460566
0.43471
0.410876
0.388874
0.368533
0.349701
0.33224
0.316027
0.30095
0.286908
0.273812
0.261579
0.250134
0.23941
0.229346
0.219886
0.210979
0.202579
0.194642
0.187132
0.180012
0.17325
0.166819
0.160691
0.154844
0.149257
0.143912
0.138795
0.133891
0.129192
0.124688
0.120374
0.116244
0.112296
0.108526
0.104933
0.101515
0.0982705
0.0951977
0.0922937
0.0895555
0.0869792
0.0845601
0.0822932
0.0801726
0.0781922
0.0763454
0.0746256
0.0730258
0.0715393
0.0701593
0.0688791
0.0676924
0.0665929
0.0655748
0.0646325
0.0637608
0.0629545
0.0622091
0.0615201
0.0608836
0.0602956
0.0597526
0.0592513
0.0587888
0.058362
0.0579686
0.0576059
0.0572718
0.0569641
0.0566811
0.0564209
0.056182
0.0559628
0.055762
0.0555784
0.0554109
0.0552584
0.0551202
0.0549954
0.0548833
0.0547834
0.0546954
0.054619
0.054554
0.0545006
0.0544591
0.0544299
0.0544138
0.961696
0.892195
0.8291
0.771746
0.719541
0.671958
0.62853
0.588838
0.552511
0.519215
0.488656
0.460567
0.434711
0.410878
0.388876
0.368536
0.349704
0.332244
0.316031
0.300955
0.286915
0.27382
0.261587
0.250144
0.239421
0.229359
0.2199
0.210995
0.202596
0.194661
0.187153
0.180035
0.173276
0.166847
0.160721
0.154877
0.149292
0.14395
0.138835
0.133934
0.129238
0.124736
0.120424
0.116296
0.112349
0.10858
0.104988
0.101571
0.0983265
0.0952534
0.0923489
0.0896098
0.0870323
0.0846118
0.0823432
0.0802209
0.0782386
0.0763899
0.074668
0.0730662
0.0715776
0.0701955
0.0689133
0.0677246
0.0666232
0.0656032
0.0646591
0.0637856
0.0629777
0.0622307
0.0615403
0.0609023
0.060313
0.0597687
0.0592663
0.0588026
0.0583749
0.0579804
0.0576168
0.0572818
0.0569734
0.0566897
0.0564288
0.0561892
0.0559695
0.0557682
0.0555841
0.0554161
0.0552633
0.0551247
0.0549995
0.0548872
0.0547871
0.0546988
0.0546222
0.054557
0.0545035
0.0544619
0.0544326
0.0544164
0.961696
0.892195
0.8291
0.771746
0.71954
0.671958
0.62853
0.588838
0.552511
0.519216
0.488656
0.460567
0.434712
0.410879
0.388878
0.368538
0.349707
0.332248
0.316036
0.30096
0.286921
0.273827
0.261595
0.250153
0.239432
0.22937
0.219913
0.211009
0.202612
0.194679
0.187173
0.180057
0.1733
0.166873
0.160749
0.154907
0.149325
0.143986
0.138873
0.133975
0.12928
0.124781
0.120471
0.116345
0.112399
0.108631
0.10504
0.101623
0.0983791
0.0953058
0.0924007
0.0896608
0.0870822
0.0846604
0.0823904
0.0802664
0.0782823
0.0764317
0.0747079
0.0731042
0.0716136
0.0702296
0.0689455
0.0677549
0.0666517
0.06563
0.0646842
0.0638091
0.0629996
0.0622512
0.0615593
0.06092
0.0603294
0.0597839
0.0592804
0.0588157
0.0583869
0.0579915
0.0576271
0.0572913
0.0569822
0.0566977
0.0564362
0.0561961
0.0559758
0.0557739
0.0555894
0.055421
0.0552678
0.0551289
0.0550034
0.0548908
0.0547905
0.054702
0.0546252
0.0545599
0.0545062
0.0544645
0.0544351
0.0544189
0.961696
0.892195
0.8291
0.771745
0.71954
0.671958
0.62853
0.588838
0.552511
0.519216
0.488657
0.460568
0.434713
0.410881
0.38888
0.368541
0.34971
0.332251
0.31604
0.300965
0.286927
0.273833
0.261603
0.250161
0.239441
0.229381
0.219925
0.211023
0.202627
0.194696
0.187191
0.180077
0.173322
0.166897
0.160776
0.154936
0.149356
0.144019
0.138909
0.134013
0.12932
0.124823
0.120515
0.11639
0.112446
0.108679
0.105089
0.101672
0.0984283
0.0953548
0.0924492
0.0897085
0.0871289
0.0847059
0.0824345
0.0803089
0.0783232
0.0764709
0.0747453
0.0731397
0.0716474
0.0702616
0.0689757
0.0677833
0.0666784
0.0656551
0.0647077
0.063831
0.0630201
0.0622703
0.0615771
0.0609365
0.0603447
0.0597982
0.0592936
0.0588279
0.0583982
0.0580019
0.0576367
0.0573002
0.0569903
0.0567052
0.0564431
0.0562024
0.0559816
0.0557793
0.0555944
0.0554256
0.055272
0.0551328
0.055007
0.0548942
0.0547936
0.054705
0.054628
0.0545625
0.0545087
0.0544669
0.0544375
0.0544212
0.961696
0.892195
0.8291
0.771745
0.71954
0.671958
0.62853
0.588838
0.552511
0.519216
0.488657
0.460569
0.434714
0.410882
0.388882
0.368543
0.349713
0.332254
0.316044
0.30097
0.286932
0.273839
0.26161
0.250169
0.23945
0.229391
0.219937
0.211035
0.202641
0.194711
0.187208
0.180096
0.173342
0.166919
0.1608
0.154962
0.149385
0.144049
0.138941
0.134047
0.129357
0.124862
0.120555
0.116432
0.112489
0.108724
0.105134
0.101718
0.098474
0.0954003
0.0924943
0.0897529
0.0871723
0.0847482
0.0824755
0.0803485
0.0783613
0.0765073
0.0747801
0.0731728
0.0716788
0.0702913
0.0690037
0.0678098
0.0667033
0.0656784
0.0647295
0.0638515
0.0630392
0.0622881
0.0615937
0.0609519
0.060359
0.0598114
0.0593059
0.0588392
0.0584087
0.0580116
0.0576456
0.0573084
0.0569979
0.0567122
0.0564495
0.0562083
0.055987
0.0557843
0.055599
0.0554298
0.0552759
0.0551364
0.0550104
0.0548973
0.0547965
0.0547077
0.0546305
0.054565
0.0545111
0.0544691
0.0544397
0.0544233
0.961696
0.892195
0.8291
0.771745
0.71954
0.671958
0.62853
0.588838
0.552511
0.519217
0.488658
0.46057
0.434715
0.410883
0.388883
0.368545
0.349715
0.332257
0.316047
0.300974
0.286937
0.273845
0.261616
0.250177
0.239458
0.2294
0.219947
0.211047
0.202654
0.194725
0.187224
0.180113
0.173361
0.16694
0.160823
0.154987
0.149411
0.144078
0.138972
0.13408
0.129391
0.124898
0.120592
0.116471
0.112529
0.108765
0.105175
0.10176
0.0985161
0.0954422
0.0925358
0.0897938
0.0872124
0.0847872
0.0825133
0.080385
0.0783964
0.0765409
0.0748122
0.0732034
0.0717078
0.0703187
0.0690296
0.0678342
0.0667262
0.0656999
0.0647497
0.0638703
0.0630568
0.0623045
0.0616089
0.0609661
0.0603722
0.0598237
0.0593172
0.0588497
0.0584184
0.0580206
0.0576538
0.057316
0.0570049
0.0567186
0.0564554
0.0562137
0.055992
0.0557889
0.0556032
0.0554337
0.0552795
0.0551397
0.0550135
0.0549001
0.0547992
0.0547102
0.0546329
0.0545672
0.0545132
0.0544712
0.0544416
0.0544252
0.961696
0.892195
0.829099
0.771745
0.71954
0.671957
0.628529
0.588838
0.552511
0.519217
0.488658
0.46057
0.434716
0.410884
0.388885
0.368547
0.349718
0.33226
0.316051
0.300978
0.286941
0.27385
0.261622
0.250183
0.239466
0.229409
0.219956
0.211057
0.202665
0.194738
0.187238
0.180128
0.173378
0.166959
0.160843
0.155009
0.149435
0.144104
0.138999
0.134109
0.129422
0.12493
0.120627
0.116506
0.112566
0.108802
0.105213
0.101798
0.0985545
0.0954805
0.0925738
0.0898311
0.087249
0.0848229
0.0825479
0.0804184
0.0784284
0.0765717
0.0748415
0.0732313
0.0717343
0.0703438
0.0690533
0.0678565
0.0667472
0.0657196
0.0647682
0.0638876
0.0630729
0.0623195
0.0616229
0.0609791
0.0603843
0.0598348
0.0593275
0.0588593
0.0584272
0.0580287
0.0576614
0.0573229
0.0570112
0.0567245
0.0564608
0.0562187
0.0559965
0.0557931
0.055607
0.0554372
0.0552828
0.0551427
0.0550162
0.0549027
0.0548016
0.0547124
0.054635
0.0545692
0.0545151
0.054473
0.0544434
0.054427
0.961696
0.892195
0.829099
0.771745
0.71954
0.671957
0.628529
0.588838
0.552511
0.519217
0.488658
0.460571
0.434717
0.410885
0.388886
0.368548
0.34972
0.332263
0.316054
0.300981
0.286945
0.273854
0.261627
0.250189
0.239473
0.229416
0.219965
0.211067
0.202676
0.19475
0.187251
0.180143
0.173394
0.166976
0.160862
0.155029
0.149457
0.144127
0.139024
0.134136
0.12945
0.12496
0.120657
0.116538
0.112598
0.108836
0.105248
0.101833
0.0985892
0.0955151
0.0926081
0.0898649
0.0872821
0.0848551
0.0825791
0.0804486
0.0784575
0.0765995
0.0748681
0.0732566
0.0717583
0.0703665
0.0690748
0.0678767
0.0667662
0.0657374
0.0647849
0.0639032
0.0630875
0.0623331
0.0616356
0.0609909
0.0603952
0.0598449
0.0593369
0.0588679
0.0584352
0.0580361
0.0576681
0.0573291
0.057017
0.0567297
0.0564657
0.0562231
0.0560006
0.0557968
0.0556104
0.0554404
0.0552857
0.0551454
0.0550187
0.054905
0.0548037
0.0547144
0.0546369
0.054571
0.0545168
0.0544747
0.054445
0.0544285
0.961696
0.892195
0.829099
0.771745
0.719539
0.671957
0.628529
0.588838
0.552511
0.519217
0.488659
0.460571
0.434718
0.410886
0.388887
0.36855
0.349721
0.332265
0.316056
0.300984
0.286949
0.273858
0.261632
0.250194
0.239479
0.229423
0.219972
0.211075
0.202685
0.19476
0.187262
0.180155
0.173408
0.166991
0.160878
0.155047
0.149476
0.144148
0.139046
0.134159
0.129475
0.124986
0.120685
0.116567
0.112628
0.108866
0.105278
0.101864
0.0986202
0.095546
0.0926387
0.0898951
0.0873116
0.0848839
0.0826071
0.0804756
0.0784834
0.0766244
0.0748918
0.0732792
0.0717797
0.0703868
0.0690939
0.0678947
0.0667832
0.0657534
0.0647998
0.0639171
0.0631005
0.0623452
0.0616468
0.0610013
0.0604049
0.059854
0.0593452
0.0588756
0.0584423
0.0580426
0.0576742
0.0573347
0.0570221
0.0567344
0.0564699
0.0562271
0.0560042
0.0558001
0.0556135
0.0554432
0.0552882
0.0551477
0.0550209
0.054907
0.0548056
0.0547162
0.0546386
0.0545726
0.0545184
0.0544762
0.0544465
0.0544299
0.961696
0.892195
0.829099
0.771745
0.719539
0.671957
0.628529
0.588838
0.552511
0.519217
0.488659
0.460572
0.434718
0.410887
0.388888
0.368551
0.349723
0.332267
0.316058
0.300987
0.286952
0.273862
0.261636
0.250199
0.239484
0.229429
0.219979
0.211082
0.202693
0.19477
0.187272
0.180166
0.17342
0.167004
0.160893
0.155062
0.149493
0.144166
0.139066
0.13418
0.129497
0.125009
0.120709
0.116592
0.112654
0.108892
0.105305
0.101891
0.0986474
0.0955732
0.0926656
0.0899216
0.0873375
0.0849092
0.0826316
0.0804992
0.0785062
0.0766462
0.0749127
0.073299
0.0717985
0.0704046
0.0691108
0.0679106
0.0667981
0.0657673
0.0648129
0.0639294
0.0631119
0.0623558
0.0616567
0.0610105
0.0604134
0.0598619
0.0593525
0.0588823
0.0584485
0.0580483
0.0576794
0.0573395
0.0570265
0.0567385
0.0564737
0.0562305
0.0560074
0.055803
0.0556161
0.0554456
0.0552905
0.0551498
0.0550228
0.0549088
0.0548072
0.0547177
0.05464
0.0545739
0.0545197
0.0544774
0.0544477
0.0544311
0.961696
0.892194
0.829099
0.771744
0.719539
0.671957
0.628529
0.588838
0.552512
0.519217
0.488659
0.460572
0.434719
0.410888
0.388889
0.368552
0.349724
0.332268
0.31606
0.300989
0.286954
0.273865
0.261639
0.250203
0.239488
0.229434
0.219985
0.211089
0.2027
0.194777
0.187281
0.180176
0.17343
0.167015
0.160905
0.155076
0.149507
0.144181
0.139083
0.134198
0.129516
0.125029
0.12073
0.116613
0.112676
0.108915
0.105328
0.101914
0.0986708
0.0955965
0.0926887
0.0899443
0.0873599
0.0849309
0.0826527
0.0805196
0.0785258
0.076665
0.0749306
0.0733161
0.0718147
0.07042
0.0691252
0.0679242
0.0668109
0.0657794
0.0648241
0.0639399
0.0631217
0.062365
0.0616652
0.0610184
0.0604207
0.0598686
0.0593588
0.0588881
0.0584538
0.0580532
0.0576839
0.0573437
0.0570303
0.056742
0.0564769
0.0562334
0.05601
0.0558054
0.0556183
0.0554476
0.0552923
0.0551515
0.0550243
0.0549102
0.0548086
0.054719
0.0546412
0.0545751
0.0545207
0.0544785
0.0544487
0.054432
0.961696
0.892194
0.829099
0.771744
0.719539
0.671957
0.628529
0.588838
0.552512
0.519217
0.488659
0.460572
0.434719
0.410888
0.38889
0.368553
0.349725
0.33227
0.316062
0.300991
0.286956
0.273868
0.261642
0.250206
0.239492
0.229438
0.219989
0.211094
0.202706
0.194784
0.187288
0.180184
0.173439
0.167025
0.160915
0.155087
0.14952
0.144195
0.139097
0.134213
0.129532
0.125045
0.120747
0.116631
0.112694
0.108934
0.105347
0.101934
0.0986904
0.095616
0.092708
0.0899634
0.0873785
0.0849491
0.0826703
0.0805366
0.0785422
0.0766806
0.0749456
0.0733303
0.0718283
0.0704328
0.0691373
0.0679356
0.0668216
0.0657894
0.0648335
0.0639487
0.0631299
0.0623726
0.0616723
0.061025
0.0604268
0.0598743
0.059364
0.0588929
0.0584582
0.0580573
0.0576877
0.0573471
0.0570334
0.0567448
0.0564795
0.0562358
0.0560122
0.0558074
0.0556202
0.0554493
0.0552938
0.0551529
0.0550256
0.0549114
0.0548097
0.05472
0.0546421
0.054576
0.0545216
0.0544793
0.0544495
0.0544328
0.961696
0.892194
0.829099
0.771744
0.719539
0.671957
0.628529
0.588838
0.552512
0.519218
0.488659
0.460572
0.43472
0.410889
0.38889
0.368554
0.349726
0.332271
0.316063
0.300993
0.286958
0.27387
0.261645
0.250209
0.239495
0.229442
0.219993
0.211098
0.202711
0.194789
0.187294
0.18019
0.173446
0.167033
0.160924
0.155096
0.149529
0.144205
0.139108
0.134224
0.129544
0.125059
0.120761
0.116646
0.112709
0.108949
0.105363
0.101949
0.098706
0.0956316
0.0927235
0.0899786
0.0873935
0.0849637
0.0826845
0.0805503
0.0785553
0.0766932
0.0749576
0.0733418
0.0718391
0.070443
0.069147
0.0679447
0.0668301
0.0657974
0.064841
0.0639557
0.0631365
0.0623787
0.061678
0.0610302
0.0604317
0.0598787
0.0593681
0.0588967
0.0584617
0.0580605
0.0576906
0.0573498
0.0570359
0.0567471
0.0564815
0.0562377
0.0560139
0.055809
0.0556216
0.0554506
0.055295
0.0551539
0.0550266
0.0549123
0.0548105
0.0547208
0.0546429
0.0545767
0.0545223
0.0544799
0.0544501
0.0544334
0.961696
0.892194
0.829099
0.771744
0.719539
0.671957
0.628529
0.588838
0.552512
0.519218
0.48866
0.460573
0.43472
0.410889
0.388891
0.368554
0.349727
0.332272
0.316064
0.300994
0.28696
0.273871
0.261646
0.250211
0.239497
0.229444
0.219996
0.211101
0.202715
0.194793
0.187298
0.180195
0.173451
0.167038
0.16093
0.155103
0.149537
0.144213
0.139116
0.134233
0.129554
0.125069
0.120771
0.116656
0.11272
0.10896
0.105374
0.101961
0.0987178
0.0956434
0.0927351
0.0899901
0.0874047
0.0849746
0.0826951
0.0805605
0.0785652
0.0767027
0.0749666
0.0733503
0.0718472
0.0704507
0.0691543
0.0679516
0.0668366
0.0658034
0.0648466
0.0639609
0.0631413
0.0623832
0.0616822
0.0610341
0.0604353
0.0598821
0.0593712
0.0588995
0.0584643
0.0580629
0.0576928
0.0573517
0.0570377
0.0567487
0.056483
0.056239
0.0560151
0.0558101
0.0556225
0.0554515
0.0552958
0.0551547
0.0550272
0.0549129
0.054811
0.0547213
0.0546433
0.0545771
0.0545227
0.0544803
0.0544505
0.0544337
0.961696
0.892194
0.829099
0.771744
0.719539
0.671957
0.628529
0.588838
0.552512
0.519218
0.48866
0.460573
0.43472
0.410889
0.388891
0.368555
0.349727
0.332272
0.316065
0.300994
0.28696
0.273872
0.261648
0.250212
0.239499
0.229446
0.219998
0.211104
0.202717
0.194796
0.187301
0.180198
0.173455
0.167042
0.160934
0.155107
0.149541
0.144218
0.139122
0.134239
0.12956
0.125075
0.120778
0.116664
0.112728
0.108968
0.105382
0.101969
0.0987257
0.0956512
0.0927429
0.0899977
0.0874122
0.084982
0.0827022
0.0805674
0.0785717
0.076709
0.0749726
0.0733561
0.0718527
0.0704558
0.0691591
0.0679561
0.0668408
0.0658074
0.0648503
0.0639644
0.0631445
0.0623862
0.0616849
0.0610367
0.0604376
0.0598842
0.0593731
0.0589013
0.058466
0.0580644
0.0576941
0.057353
0.0570388
0.0567497
0.0564839
0.0562398
0.0560158
0.0558107
0.0556231
0.055452
0.0552962
0.055155
0.0550276
0.0549132
0.0548113
0.0547215
0.0546435
0.0545773
0.0545229
0.0544805
0.0544506
0.0544339
0.961696
0.892194
0.829099
0.771744
0.719539
0.671957
0.628529
0.588838
0.552512
0.519218
0.48866
0.460573
0.43472
0.410889
0.388891
0.368555
0.349728
0.332272
0.316065
0.300995
0.286961
0.273873
0.261648
0.250213
0.2395
0.229447
0.219999
0.211105
0.202718
0.194797
0.187302
0.1802
0.173456
0.167044
0.160936
0.15511
0.149544
0.144221
0.139125
0.134242
0.129563
0.125079
0.120782
0.116667
0.112731
0.108972
0.105386
0.101973
0.0987296
0.0956552
0.0927468
0.0900016
0.087416
0.0849856
0.0827057
0.0805708
0.078575
0.0767121
0.0749756
0.0733589
0.0718553
0.0704584
0.0691615
0.0679583
0.0668429
0.0658093
0.0648521
0.063966
0.0631461
0.0623876
0.0616862
0.0610379
0.0604387
0.0598852
0.059374
0.0589022
0.0584667
0.058065
0.0576947
0.0573535
0.0570393
0.0567501
0.0564843
0.0562401
0.0560161
0.0558109
0.0556233
0.0554521
0.0552963
0.0551551
0.0550276
0.0549132
0.0548113
0.0547215
0.0546435
0.0545773
0.0545228
0.0544804
0.0544506
0.0544338
0.961696
0.892194
0.829099
0.771744
0.719539
0.671957
0.628529
0.588838
0.552512
0.519218
0.48866
0.460573
0.43472
0.410889
0.388891
0.368555
0.349728
0.332272
0.316065
0.300995
0.286961
0.273873
0.261648
0.250213
0.2395
0.229447
0.219999
0.211105
0.202718
0.194797
0.187302
0.1802
0.173456
0.167044
0.160936
0.15511
0.149544
0.144221
0.139125
0.134242
0.129563
0.125079
0.120782
0.116667
0.112732
0.108972
0.105386
0.101973
0.0987297
0.0956552
0.0927468
0.0900016
0.087416
0.0849856
0.0827057
0.0805708
0.078575
0.0767121
0.0749756
0.0733589
0.0718553
0.0704583
0.0691614
0.0679582
0.0668428
0.0658092
0.064852
0.0639659
0.0631459
0.0623874
0.0616861
0.0610377
0.0604385
0.059885
0.0593738
0.0589019
0.0584665
0.0580648
0.0576945
0.0573533
0.057039
0.0567499
0.056484
0.0562398
0.0560158
0.0558106
0.055623
0.0554518
0.0552961
0.0551548
0.0550273
0.0549129
0.054811
0.0547212
0.0546432
0.054577
0.0545225
0.0544802
0.0544503
0.0544335
0.961696
0.892194
0.829099
0.771744
0.719539
0.671957
0.628529
0.588838
0.552512
0.519218
0.48866
0.460573
0.43472
0.410889
0.388891
0.368555
0.349727
0.332272
0.316065
0.300994
0.28696
0.273872
0.261648
0.250212
0.239499
0.229446
0.219998
0.211104
0.202717
0.194796
0.187301
0.180198
0.173455
0.167042
0.160934
0.155107
0.149542
0.144218
0.139122
0.134239
0.12956
0.125075
0.120778
0.116664
0.112728
0.108968
0.105382
0.101969
0.0987258
0.0956513
0.092743
0.0899978
0.0874123
0.084982
0.0827022
0.0805674
0.0785717
0.0767089
0.0749725
0.0733559
0.0718525
0.0704557
0.0691589
0.0679558
0.0668405
0.0658071
0.06485
0.063964
0.0631441
0.0623857
0.0616844
0.0610362
0.0604371
0.0598836
0.0593725
0.0589007
0.0584653
0.0580637
0.0576935
0.0573523
0.0570381
0.056749
0.0564832
0.056239
0.0560151
0.0558099
0.0556223
0.0554512
0.0552954
0.0551542
0.0550268
0.0549124
0.0548105
0.0547207
0.0546427
0.0545765
0.054522
0.0544796
0.0544498
0.054433
0.961696
0.892194
0.829099
0.771744
0.719539
0.671957
0.628529
0.588838
0.552512
0.519218
0.48866
0.460573
0.43472
0.410889
0.388891
0.368554
0.349727
0.332272
0.316064
0.300994
0.28696
0.273871
0.261646
0.250211
0.239497
0.229444
0.219996
0.211102
0.202715
0.194793
0.187298
0.180195
0.173451
0.167038
0.16093
0.155103
0.149537
0.144213
0.139116
0.134234
0.129554
0.125069
0.120771
0.116657
0.11272
0.108961
0.105375
0.101961
0.098718
0.0956435
0.0927353
0.0899902
0.0874048
0.0849747
0.0826951
0.0805605
0.0785651
0.0767026
0.0749665
0.0733501
0.071847
0.0704504
0.0691539
0.0679511
0.0668361
0.0658029
0.064846
0.0639603
0.0631406
0.0623824
0.0616814
0.0610333
0.0604344
0.0598811
0.0593702
0.0588985
0.0584632
0.0580618
0.0576916
0.0573506
0.0570365
0.0567475
0.0564818
0.0562377
0.0560138
0.0558087
0.0556212
0.0554501
0.0552944
0.0551533
0.0550259
0.0549115
0.0548096
0.0547199
0.0546419
0.0545757
0.0545213
0.0544789
0.0544491
0.0544323
0.961696
0.892194
0.829099
0.771744
0.719539
0.671957
0.628529
0.588838
0.552512
0.519218
0.488659
0.460572
0.43472
0.410889
0.38889
0.368554
0.349726
0.332271
0.316063
0.300993
0.286958
0.27387
0.261645
0.250209
0.239495
0.229442
0.219993
0.211098
0.202711
0.194789
0.187294
0.18019
0.173446
0.167033
0.160924
0.155096
0.149529
0.144205
0.139108
0.134225
0.129545
0.125059
0.120761
0.116646
0.112709
0.108949
0.105363
0.101949
0.0987063
0.0956319
0.0927237
0.0899788
0.0873936
0.0849638
0.0826845
0.0805503
0.0785552
0.0766931
0.0749574
0.0733415
0.0718388
0.0704426
0.0691465
0.0679441
0.0668295
0.0657967
0.0648402
0.0639548
0.0631355
0.0623776
0.0616768
0.061029
0.0604304
0.0598774
0.0593667
0.0588953
0.0584602
0.058059
0.057689
0.0573481
0.0570342
0.0567454
0.0564798
0.0562359
0.0560121
0.0558071
0.0556197
0.0554487
0.0552931
0.055152
0.0550246
0.0549103
0.0548085
0.0547188
0.0546409
0.0545747
0.0545203
0.054478
0.0544481
0.0544314
0.961696
0.892194
0.829099
0.771744
0.719539
0.671957
0.628529
0.588838
0.552512
0.519217
0.488659
0.460572
0.434719
0.410888
0.38889
0.368553
0.349725
0.33227
0.316062
0.300991
0.286956
0.273868
0.261642
0.250206
0.239492
0.229438
0.219989
0.211094
0.202706
0.194784
0.187288
0.180184
0.173439
0.167025
0.160916
0.155087
0.14952
0.144195
0.139097
0.134213
0.129532
0.125046
0.120747
0.116631
0.112695
0.108934
0.105348
0.101934
0.0986907
0.0956163
0.0927083
0.0899636
0.0873787
0.0849493
0.0826704
0.0805366
0.0785421
0.0766805
0.0749453
0.07333
0.0718278
0.0704322
0.0691367
0.0679348
0.0668207
0.0657884
0.0648324
0.0639475
0.0631286
0.0623712
0.0616708
0.0610234
0.0604252
0.0598725
0.0593622
0.058891
0.0584563
0.0580553
0.0576856
0.0573449
0.0570313
0.0567426
0.0564772
0.0562335
0.0560099
0.055805
0.0556177
0.0554469
0.0552914
0.0551504
0.0550231
0.0549089
0.0548072
0.0547175
0.0546396
0.0545735
0.0545191
0.0544768
0.054447
0.0544303
0.961696
0.892194
0.829099
0.771744
0.719539
0.671957
0.628529
0.588838
0.552512
0.519217
0.488659
0.460572
0.434719
0.410888
0.388889
0.368552
0.349724
0.332268
0.31606
0.300989
0.286954
0.273865
0.261639
0.250203
0.239488
0.229434
0.219985
0.211089
0.202701
0.194777
0.187281
0.180176
0.17343
0.167016
0.160905
0.155076
0.149508
0.144182
0.139083
0.134198
0.129516
0.125029
0.12073
0.116614
0.112676
0.108915
0.105329
0.101914
0.0986712
0.0955969
0.092689
0.0899446
0.0873601
0.0849311
0.0826528
0.0805196
0.0785257
0.0766647
0.0749303
0.0733156
0.0718142
0.0704193
0.0691244
0.0679233
0.0668098
0.0657782
0.0648228
0.0639385
0.0631202
0.0623633
0.0616634
0.0610165
0.0604187
0.0598665
0.0593566
0.0588858
0.0584514
0.0580508
0.0576814
0.057341
0.0570276
0.0567392
0.0564741
0.0562306
0.0560071
0.0558025
0.0556154
0.0554447
0.0552893
0.0551485
0.0550213
0.0549072
0.0548055
0.0547159
0.0546381
0.054572
0.0545177
0.0544754
0.0544456
0.054429
0.961696
0.892195
0.829099
0.771745
0.719539
0.671957
0.628529
0.588838
0.552511
0.519217
0.488659
0.460572
0.434718
0.410887
0.388888
0.368551
0.349723
0.332267
0.316058
0.300987
0.286952
0.273862
0.261636
0.250199
0.239484
0.229429
0.219979
0.211082
0.202693
0.19477
0.187272
0.180166
0.17342
0.167004
0.160893
0.155063
0.149493
0.144166
0.139066
0.13418
0.129498
0.12501
0.120709
0.116592
0.112654
0.108893
0.105306
0.101891
0.0986479
0.0955736
0.092666
0.0899219
0.0873378
0.0849094
0.0826317
0.0804992
0.0785061
0.0766459
0.0749123
0.0732985
0.0717979
0.0704038
0.0691098
0.0679095
0.0667968
0.0657659
0.0648113
0.0639277
0.0631101
0.0623538
0.0616546
0.0610083
0.060411
0.0598593
0.0593499
0.0588796
0.0584457
0.0580454
0.0576764
0.0573364
0.0570233
0.0567353
0.0564704
0.0562271
0.056004
0.0557995
0.0556126
0.0554421
0.0552869
0.0551462
0.0550192
0.0549051
0.0548036
0.0547141
0.0546363
0.0545703
0.054516
0.0544738
0.054444
0.0544274
0.961696
0.892195
0.829099
0.771745
0.719539
0.671957
0.628529
0.588838
0.552511
0.519217
0.488659
0.460571
0.434718
0.410886
0.388887
0.36855
0.349721
0.332265
0.316056
0.300984
0.286949
0.273858
0.261632
0.250194
0.239479
0.229423
0.219972
0.211075
0.202685
0.19476
0.187262
0.180155
0.173408
0.166991
0.160878
0.155047
0.149476
0.144148
0.139047
0.13416
0.129476
0.124987
0.120685
0.116567
0.112628
0.108866
0.105279
0.101864
0.0986208
0.0955466
0.0926391
0.0898955
0.0873119
0.0848841
0.0826072
0.0804755
0.0784833
0.0766241
0.0748914
0.0732786
0.0717789
0.0703859
0.0690928
0.0678934
0.0667817
0.0657517
0.064798
0.0639152
0.0630984
0.0623429
0.0616444
0.0609987
0.0604021
0.059851
0.0593422
0.0588724
0.058439
0.0580392
0.0576707
0.0573311
0.0570184
0.0567307
0.0564661
0.0562232
0.0560003
0.0557961
0.0556094
0.0554391
0.0552841
0.0551436
0.0550167
0.0549028
0.0548014
0.054712
0.0546343
0.0545683
0.0545141
0.0544719
0.0544422
0.0544257
0.961696
0.892195
0.829099
0.771745
0.71954
0.671957
0.628529
0.588838
0.552511
0.519217
0.488658
0.460571
0.434717
0.410885
0.388886
0.368548
0.34972
0.332263
0.316054
0.300981
0.286945
0.273854
0.261627
0.250189
0.239473
0.229416
0.219965
0.211067
0.202676
0.19475
0.187251
0.180143
0.173394
0.166976
0.160862
0.155029
0.149457
0.144127
0.139025
0.134136
0.129451
0.12496
0.120658
0.116539
0.112599
0.108836
0.105248
0.101833
0.0985899
0.0955157
0.0926086
0.0898654
0.0872824
0.0848554
0.0825793
0.0804486
0.0784573
0.0765992
0.0748676
0.0732559
0.0717574
0.0703654
0.0690735
0.0678752
0.0667645
0.0657356
0.0647828
0.0639009
0.063085
0.0623304
0.0616327
0.0609879
0.060392
0.0598416
0.0593334
0.0588643
0.0584314
0.0580322
0.0576642
0.057325
0.0570128
0.0567255
0.0564613
0.0562187
0.0559961
0.0557922
0.0556058
0.0554357
0.055281
0.0551406
0.0550139
0.0549002
0.0547989
0.0547096
0.0546321
0.0545662
0.054512
0.0544699
0.0544402
0.0544237
0.961696
0.892195
0.829099
0.771745
0.71954
0.671957
0.628529
0.588838
0.552511
0.519217
0.488658
0.46057
0.434716
0.410884
0.388885
0.368547
0.349718
0.33226
0.316051
0.300978
0.286941
0.27385
0.261622
0.250183
0.239466
0.229409
0.219956
0.211057
0.202665
0.194738
0.187238
0.180129
0.173379
0.166959
0.160843
0.155009
0.149435
0.144104
0.139
0.13411
0.129423
0.124931
0.120627
0.116507
0.112566
0.108803
0.105214
0.101799
0.0985552
0.0954812
0.0925743
0.0898316
0.0872494
0.0848232
0.082548
0.0804184
0.0784282
0.0765713
0.074841
0.0732305
0.0717333
0.0703426
0.0690519
0.0678548
0.0667453
0.0657175
0.0647658
0.063885
0.0630702
0.0623165
0.0616197
0.0609758
0.0603807
0.0598311
0.0593236
0.0588552
0.058423
0.0580244
0.0576569
0.0573183
0.0570065
0.0567197
0.0564559
0.0562137
0.0559915
0.0557879
0.0556018
0.055432
0.0552775
0.0551374
0.0550109
0.0548973
0.0547962
0.054707
0.0546296
0.0545638
0.0545097
0.0544676
0.054438
0.0544216
0.961696
0.892195
0.8291
0.771745
0.71954
0.671958
0.62853
0.588838
0.552511
0.519217
0.488658
0.46057
0.434715
0.410883
0.388883
0.368545
0.349715
0.332257
0.316047
0.300974
0.286937
0.273845
0.261616
0.250177
0.239458
0.229401
0.219947
0.211047
0.202654
0.194726
0.187224
0.180113
0.173361
0.16694
0.160823
0.154987
0.149411
0.144078
0.138972
0.13408
0.129392
0.124898
0.120593
0.116472
0.11253
0.108765
0.105176
0.101761
0.0985168
0.095443
0.0925365
0.0897943
0.0872128
0.0847875
0.0825134
0.080385
0.0783961
0.0765405
0.0748115
0.0732025
0.0717067
0.0703174
0.069028
0.0678323
0.0667241
0.0656976
0.0647471
0.0638675
0.0630537
0.0623012
0.0616054
0.0609624
0.0603683
0.0598195
0.0593129
0.0588452
0.0584137
0.0580157
0.0576489
0.0573109
0.0569997
0.0567133
0.05645
0.0562082
0.0559864
0.0557832
0.0555974
0.0554279
0.0552737
0.0551338
0.0550075
0.0548942
0.0547932
0.0547042
0.0546269
0.0545612
0.0545072
0.0544652
0.0544356
0.0544192
0.961696
0.892195
0.8291
0.771745
0.71954
0.671958
0.62853
0.588838
0.552511
0.519216
0.488657
0.460569
0.434714
0.410882
0.388882
0.368543
0.349713
0.332254
0.316044
0.30097
0.286932
0.273839
0.26161
0.250169
0.23945
0.229391
0.219937
0.211035
0.202641
0.194711
0.187208
0.180096
0.173342
0.166919
0.160801
0.154963
0.149385
0.14405
0.138942
0.134048
0.129358
0.124863
0.120556
0.116433
0.11249
0.108725
0.105135
0.101719
0.0984748
0.0954011
0.092495
0.0897535
0.0871728
0.0847486
0.0824756
0.0803485
0.078361
0.0765068
0.0747794
0.0731719
0.0716776
0.0702898
0.069002
0.0678077
0.0667009
0.0656758
0.0647267
0.0638483
0.0630358
0.0622844
0.0615898
0.0609478
0.0603547
0.0598069
0.0593011
0.0588343
0.0584035
0.0580063
0.0576401
0.0573028
0.0569921
0.0567063
0.0564436
0.0562022
0.0559808
0.0557781
0.0555926
0.0554234
0.0552695
0.0551299
0.0550038
0.0548907
0.0547899
0.0547011
0.0546239
0.0545583
0.0545044
0.0544625
0.054433
0.0544167
0.961696
0.892195
0.8291
0.771745
0.71954
0.671958
0.62853
0.588838
0.552511
0.519216
0.488657
0.460568
0.434713
0.410881
0.38888
0.368541
0.34971
0.332251
0.31604
0.300965
0.286927
0.273833
0.261603
0.250162
0.239441
0.229381
0.219925
0.211023
0.202627
0.194696
0.187191
0.180077
0.173322
0.166897
0.160776
0.154936
0.149357
0.144019
0.138909
0.134013
0.129321
0.124824
0.120515
0.116391
0.112447
0.10868
0.10509
0.101673
0.0984293
0.0953557
0.09245
0.0897092
0.0871294
0.0847063
0.0824346
0.0803089
0.0783229
0.0764703
0.0747445
0.0731387
0.071646
0.0702599
0.0689737
0.0677811
0.0666759
0.0656522
0.0647046
0.0638276
0.0630164
0.0622663
0.0615728
0.060932
0.06034
0.0597932
0.0592884
0.0588224
0.0583926
0.0579961
0.0576307
0.057294
0.056984
0.0566988
0.0564366
0.0561958
0.0559748
0.0557725
0.0555874
0.0554186
0.055265
0.0551257
0.0549999
0.054887
0.0547864
0.0546977
0.0546207
0.0545553
0.0545015
0.0544597
0.0544303
0.054414
0.961696
0.892195
0.8291
0.771746
0.71954
0.671958
0.62853
0.588838
0.552511
0.519216
0.488656
0.460567
0.434712
0.410879
0.388878
0.368538
0.349707
0.332248
0.316036
0.30096
0.286921
0.273827
0.261595
0.250153
0.239432
0.22937
0.219913
0.211009
0.202612
0.194679
0.187173
0.180057
0.1733
0.166873
0.16075
0.154908
0.149326
0.143986
0.138874
0.133976
0.129281
0.124782
0.120472
0.116346
0.1124
0.108633
0.105041
0.101624
0.0983802
0.0953068
0.0924016
0.0896615
0.0870828
0.0846608
0.0823905
0.0802663
0.078282
0.0764311
0.074707
0.073103
0.0716121
0.0702278
0.0689434
0.0677524
0.0666489
0.0656269
0.0646808
0.0638053
0.0629956
0.0622468
0.0615547
0.0609151
0.0603242
0.0597785
0.0592747
0.0588098
0.0583808
0.0579852
0.0576206
0.0572846
0.0569753
0.0566907
0.0564291
0.0561888
0.0559684
0.0557665
0.0555819
0.0554134
0.0552601
0.0551211
0.0549956
0.054883
0.0547826
0.0546941
0.0546173
0.054552
0.0544983
0.0544566
0.0544273
0.054411
0.961696
0.892195
0.8291
0.771746
0.719541
0.671958
0.62853
0.588838
0.552511
0.519215
0.488656
0.460567
0.434711
0.410878
0.388876
0.368536
0.349704
0.332244
0.316031
0.300955
0.286915
0.27382
0.261587
0.250144
0.239421
0.229359
0.2199
0.210995
0.202596
0.194662
0.187153
0.180035
0.173276
0.166847
0.160722
0.154877
0.149293
0.143951
0.138836
0.133935
0.129238
0.124737
0.120425
0.116297
0.11235
0.108581
0.104989
0.101572
0.0983276
0.0952544
0.0923498
0.0896105
0.0870329
0.0846122
0.0823434
0.0802208
0.0782382
0.0763892
0.074667
0.0730649
0.071576
0.0701935
0.068911
0.0677219
0.0666201
0.0655998
0.0646554
0.0637816
0.0629733
0.062226
0.0615353
0.060897
0.0603074
0.0597628
0.0592601
0.0587962
0.0583682
0.0579735
0.0576097
0.0572746
0.056966
0.0566821
0.0564211
0.0561814
0.0559615
0.0557601
0.0555759
0.0554079
0.055255
0.0551163
0.0549911
0.0548787
0.0547786
0.0546903
0.0546136
0.0545485
0.054495
0.0544533
0.0544241
0.0544079
0.961696
0.892195
0.8291
0.771746
0.719541
0.671958
0.62853
0.588838
0.552511
0.519215
0.488655
0.460566
0.43471
0.410876
0.388874
0.368533
0.349701
0.33224
0.316027
0.30095
0.286908
0.273812
0.261579
0.250134
0.23941
0.229347
0.219886
0.210979
0.202579
0.194643
0.187132
0.180012
0.173251
0.166819
0.160692
0.154845
0.149258
0.143913
0.138795
0.133892
0.129193
0.124689
0.120375
0.116245
0.112297
0.108527
0.104934
0.101516
0.0982717
0.0951988
0.0922947
0.0895563
0.0869798
0.0845605
0.0822933
0.0801725
0.0781918
0.0763447
0.0746245
0.0730244
0.0715375
0.0701571
0.0688766
0.0676895
0.0665896
0.0655712
0.0646285
0.0637564
0.0629498
0.062204
0.0615147
0.0608778
0.0602895
0.0597462
0.0592447
0.0587819
0.0583549
0.0579612
0.0575983
0.057264
0.0569561
0.056673
0.0564126
0.0561735
0.0559542
0.0557533
0.0555696
0.055402
0.0552495
0.0551111
0.0549863
0.0548741
0.0547743
0.0546862
0.0546098
0.0545448
0.0544914
0.0544499
0.0544207
0.0544046
0.961696
0.892195
0.8291
0.771746
0.719541
0.671959
0.62853
0.588838
0.552511
0.519215
0.488654
0.460565
0.434709
0.410874
0.388871
0.36853
0.349697
0.332236
0.316022
0.300944
0.286901
0.273804
0.26157
0.250124
0.239399
0.229333
0.219872
0.210963
0.202561
0.194622
0.18711
0.179988
0.173224
0.16679
0.16066
0.15481
0.14922
0.143873
0.138753
0.133847
0.129145
0.124639
0.120322
0.116191
0.11224
0.108469
0.104875
0.101457
0.0982126
0.0951399
0.0922364
0.089499
0.0869237
0.0845059
0.0822404
0.0801214
0.0781426
0.0762976
0.0745796
0.0729817
0.071497
0.0701187
0.0688403
0.0676552
0.0665574
0.0655409
0.0646001
0.0637298
0.0629249
0.0621807
0.061493
0.0608576
0.0602707
0.0597287
0.0592284
0.0587667
0.0583408
0.0579481
0.0575862
0.0572527
0.0569457
0.0566633
0.0564037
0.0561652
0.0559465
0.0557461
0.0555629
0.0553958
0.0552436
0.0551057
0.0549811
0.0548693
0.0547697
0.0546819
0.0546056
0.0545408
0.0544876
0.0544462
0.0544172
0.0544011
0.961696
0.892196
0.829101
0.771746
0.719541
0.671959
0.62853
0.588838
0.55251
0.519214
0.488654
0.460564
0.434707
0.410872
0.388869
0.368527
0.349694
0.332231
0.316016
0.300937
0.286894
0.273796
0.26156
0.250113
0.239386
0.229319
0.219856
0.210946
0.202541
0.194601
0.187086
0.179962
0.173196
0.166759
0.160626
0.154773
0.149181
0.14383
0.138707
0.133799
0.129094
0.124585
0.120267
0.116133
0.112181
0.108409
0.104814
0.101395
0.0981502
0.0950778
0.092175
0.0894386
0.0868646
0.0844484
0.0821847
0.0800676
0.078091
0.0762482
0.0745324
0.0729367
0.0714543
0.0700784
0.0688022
0.0676193
0.0665236
0.0655091
0.0645703
0.0637018
0.0628987
0.0621563
0.0614702
0.0608363
0.0602509
0.0597103
0.0592113
0.0587508
0.0583261
0.0579344
0.0575734
0.0572409
0.0569348
0.0566532
0.0563943
0.0561565
0.0559384
0.0557386
0.0555559
0.0553892
0.0552375
0.0551
0.0549758
0.0548643
0.0547649
0.0546774
0.0546013
0.0545367
0.0544836
0.0544424
0.0544134
0.0543974
0.961696
0.892196
0.829101
0.771747
0.719542
0.671959
0.628531
0.588838
0.55251
0.519214
0.488653
0.460563
0.434706
0.41087
0.388866
0.368524
0.34969
0.332226
0.31601
0.300931
0.286886
0.273787
0.26155
0.250101
0.239373
0.229305
0.21984
0.210927
0.202521
0.194579
0.187062
0.179935
0.173166
0.166727
0.160591
0.154735
0.149139
0.143786
0.13866
0.133748
0.129041
0.124529
0.120208
0.116072
0.112119
0.108345
0.104749
0.10133
0.0980848
0.0950127
0.0921107
0.0893753
0.0868027
0.0843881
0.0821263
0.0800113
0.0780369
0.0761964
0.074483
0.0728897
0.0714097
0.0700361
0.0687622
0.0675817
0.0664882
0.0654758
0.0645391
0.0636726
0.0628714
0.0621308
0.0614464
0.0608141
0.0602302
0.059691
0.0591934
0.0587342
0.0583106
0.0579201
0.0575601
0.0572286
0.0569234
0.0566425
0.0563844
0.0561473
0.0559299
0.0557307
0.0555485
0.0553823
0.0552311
0.055094
0.0549701
0.0548589
0.0547599
0.0546726
0.0545968
0.0545323
0.0544794
0.0544383
0.0544094
0.0543935
0.961696
0.892196
0.829101
0.771747
0.719542
0.671959
0.628531
0.588838
0.55251
0.519214
0.488652
0.460561
0.434704
0.410868
0.388864
0.36852
0.349685
0.332221
0.316005
0.300924
0.286878
0.273777
0.261539
0.250089
0.23936
0.22929
0.219823
0.210908
0.2025
0.194555
0.187036
0.179906
0.173135
0.166692
0.160554
0.154695
0.149096
0.143739
0.13861
0.133695
0.128985
0.124471
0.120147
0.116009
0.112053
0.108278
0.104681
0.101261
0.0980165
0.0949448
0.0920434
0.0893092
0.0867381
0.0843253
0.0820654
0.0799526
0.0779805
0.0761424
0.0744315
0.0728407
0.0713632
0.0699921
0.0687207
0.0675425
0.0664513
0.0654412
0.0645066
0.0636422
0.0628429
0.0621042
0.0614216
0.060791
0.0602086
0.059671
0.0591747
0.0587168
0.0582945
0.0579051
0.0575463
0.0572157
0.0569114
0.0566315
0.0563741
0.0561378
0.055921
0.0557224
0.0555409
0.0553752
0.0552244
0.0550877
0.0549642
0.0548534
0.0547546
0.0546676
0.054592
0.0545278
0.054475
0.054434
0.0544052
0.0543893
0.961696
0.892196
0.829101
0.771747
0.719542
0.67196
0.628531
0.588838
0.55251
0.519213
0.488652
0.46056
0.434702
0.410866
0.388861
0.368517
0.349681
0.332216
0.315998
0.300916
0.28687
0.273768
0.261528
0.250077
0.239345
0.229273
0.219805
0.210888
0.202478
0.194531
0.187009
0.179876
0.173102
0.166657
0.160515
0.154653
0.149051
0.143691
0.138558
0.13364
0.128926
0.124409
0.120083
0.115943
0.111985
0.108209
0.104611
0.10119
0.0979453
0.094874
0.0919735
0.0892405
0.0866709
0.0842599
0.0820021
0.0798916
0.0779219
0.0760863
0.0743779
0.0727898
0.0713149
0.0699464
0.0686775
0.0675018
0.066413
0.0654052
0.0644729
0.0636106
0.0628134
0.0620766
0.0613958
0.060767
0.0601863
0.0596502
0.0591554
0.0586989
0.0582778
0.0578896
0.0575319
0.0572024
0.056899
0.05662
0.0563635
0.0561279
0.0559118
0.0557139
0.0555329
0.0553677
0.0552174
0.0550811
0.0549581
0.0548476
0.0547492
0.0546624
0.054587
0.054523
0.0544704
0.0544295
0.0544008
0.054385
0.961696
0.892196
0.829102
0.771748
0.719542
0.67196
0.628531
0.588838
0.55251
0.519213
0.488651
0.460559
0.434701
0.410863
0.388858
0.368513
0.349676
0.33221
0.315992
0.300909
0.286861
0.273757
0.261516
0.250063
0.239331
0.229257
0.219786
0.210867
0.202455
0.194505
0.186981
0.179846
0.173068
0.16662
0.160475
0.154609
0.149004
0.14364
0.138504
0.133583
0.128866
0.124346
0.120017
0.115874
0.111915
0.108136
0.104537
0.101116
0.0978715
0.0948006
0.0919009
0.0891692
0.0866012
0.0841921
0.0819365
0.0798284
0.0778612
0.0760282
0.0743225
0.0727371
0.0712649
0.0698991
0.0686328
0.0674597
0.0663734
0.065368
0.064438
0.0635779
0.0627828
0.0620481
0.0613692
0.0607421
0.0601631
0.0596286
0.0591354
0.0586803
0.0582606
0.0578736
0.057517
0.0571886
0.0568862
0.0566081
0.0563524
0.0561176
0.0559023
0.055705
0.0555246
0.05536
0.0552102
0.0550743
0.0549517
0.0548415
0.0547434
0.0546569
0.0545818
0.054518
0.0544656
0.0544249
0.0543963
0.0543805
0.961697
0.892196
0.829102
0.771748
0.719543
0.67196
0.628531
0.588838
0.552509
0.519212
0.48865
0.460558
0.434699
0.410861
0.388854
0.368509
0.349671
0.332205
0.315985
0.300901
0.286851
0.273747
0.261504
0.25005
0.239315
0.229239
0.219767
0.210846
0.202431
0.194479
0.186951
0.179813
0.173033
0.166582
0.160433
0.154564
0.148955
0.143588
0.138448
0.133523
0.128803
0.12428
0.119948
0.115803
0.111841
0.108062
0.104462
0.10104
0.0977952
0.0947247
0.091826
0.0890955
0.0865292
0.0841222
0.0818688
0.0797631
0.0777985
0.0759683
0.0742654
0.0726827
0.0712134
0.0698503
0.0685868
0.0674163
0.0663326
0.0653297
0.0644021
0.0635443
0.0627514
0.0620186
0.0613417
0.0607166
0.0601393
0.0596065
0.0591147
0.0586611
0.0582427
0.0578571
0.0575017
0.0571743
0.056873
0.0565958
0.056341
0.056107
0.0558924
0.0556958
0.055516
0.055352
0.0552027
0.0550673
0.054945
0.0548353
0.0547375
0.0546513
0.0545764
0.0545128
0.0544606
0.05442
0.0543915
0.0543758
0.961697
0.892197
0.829102
0.771748
0.719543
0.67196
0.628531
0.588838
0.552509
0.519211
0.488649
0.460556
0.434697
0.410858
0.388851
0.368505
0.349666
0.332198
0.315978
0.300892
0.286842
0.273736
0.261492
0.250035
0.239299
0.229221
0.219747
0.210824
0.202406
0.194451
0.186921
0.17978
0.172997
0.166542
0.16039
0.154517
0.148905
0.143534
0.13839
0.133462
0.128738
0.124212
0.119877
0.115729
0.111766
0.107985
0.104384
0.100961
0.0977165
0.0946465
0.0917487
0.0890197
0.0864551
0.0840501
0.0817991
0.0796959
0.0777341
0.0759066
0.0742066
0.0726269
0.0711604
0.0698002
0.0685394
0.0673717
0.0662906
0.0652903
0.0643651
0.0635097
0.062719
0.0619884
0.0613136
0.0606903
0.0601148
0.0595837
0.0590936
0.0586414
0.0582245
0.0578401
0.0574859
0.0571597
0.0568594
0.0565832
0.0563293
0.0560961
0.0558822
0.0556863
0.0555072
0.0553437
0.0551949
0.05506
0.0549382
0.0548288
0.0547314
0.0546455
0.0545709
0.0545075
0.0544554
0.0544149
0.0543865
0.0543709
0.961697
0.892197
0.829102
0.771749
0.719543
0.671961
0.628532
0.588838
0.552509
0.519211
0.488648
0.460555
0.434695
0.410856
0.388848
0.3685
0.349661
0.332192
0.31597
0.300883
0.286832
0.273724
0.261479
0.250021
0.239282
0.229203
0.219726
0.2108
0.20238
0.194423
0.18689
0.179746
0.17296
0.166501
0.160345
0.154469
0.148853
0.143478
0.138331
0.133399
0.128672
0.124142
0.119804
0.115654
0.111688
0.107905
0.104303
0.100881
0.0976356
0.0945662
0.0916694
0.0889418
0.086379
0.0839762
0.0817276
0.0796271
0.077668
0.0758434
0.0741463
0.0725696
0.0711061
0.0697488
0.068491
0.067326
0.0662477
0.06525
0.0643273
0.0634743
0.0626859
0.0619575
0.0612847
0.0606634
0.0600898
0.0595604
0.0590718
0.0586212
0.0582057
0.0578227
0.0574697
0.0571447
0.0568455
0.0565702
0.0563172
0.0560849
0.0558718
0.0556766
0.0554981
0.0553352
0.055187
0.0550525
0.0549311
0.0548221
0.054725
0.0546394
0.0545651
0.0545019
0.05445
0.0544097
0.0543814
0.0543658
0.961697
0.892197
0.829103
0.771749
0.719544
0.671961
0.628532
0.588838
0.552509
0.51921
0.488647
0.460553
0.434692
0.410853
0.388844
0.368496
0.349655
0.332186
0.315962
0.300874
0.286821
0.273712
0.261465
0.250005
0.239265
0.229184
0.219704
0.210777
0.202354
0.194394
0.186858
0.179711
0.172921
0.166459
0.1603
0.15442
0.1488
0.143421
0.13827
0.133334
0.128603
0.12407
0.119729
0.115576
0.111609
0.107824
0.104221
0.100798
0.0975528
0.0944839
0.0915882
0.088862
0.0863012
0.0839006
0.0816545
0.0795566
0.0776004
0.0757788
0.0740848
0.0725111
0.0710506
0.0696963
0.0684414
0.0672794
0.0662038
0.0652088
0.0642887
0.0634381
0.0626521
0.0619259
0.0612552
0.0606359
0.0600642
0.0595365
0.0590497
0.0586006
0.0581866
0.0578049
0.0574532
0.0571293
0.0568312
0.056557
0.0563049
0.0560734
0.0558611
0.0556666
0.0554888
0.0553265
0.0551788
0.0550448
0.0549239
0.0548153
0.0547185
0.0546332
0.0545591
0.0544961
0.0544444
0.0544042
0.054376
0.0543605
0.961697
0.892197
0.829103
0.771749
0.719544
0.671961
0.628532
0.588838
0.552508
0.519209
0.488645
0.460551
0.43469
0.410849
0.38884
0.368491
0.34965
0.332179
0.315954
0.300865
0.286811
0.2737
0.261451
0.24999
0.239248
0.229164
0.219683
0.210752
0.202327
0.194364
0.186826
0.179675
0.172882
0.166417
0.160253
0.15437
0.148745
0.143363
0.138207
0.133268
0.128533
0.123997
0.119653
0.115497
0.111527
0.107741
0.104137
0.100713
0.0974682
0.0943999
0.0915053
0.0887807
0.0862218
0.0838234
0.0815799
0.0794848
0.0775315
0.075713
0.074022
0.0724514
0.0709941
0.0696429
0.068391
0.0672319
0.0661591
0.0651669
0.0642494
0.0634013
0.0626177
0.0618938
0.0612252
0.0606079
0.0600381
0.0595123
0.0590271
0.0585797
0.0581671
0.0577868
0.0574364
0.0571137
0.0568167
0.0565435
0.0562923
0.0560617
0.0558502
0.0556565
0.0554793
0.0553176
0.0551704
0.055037
0.0549164
0.0548082
0.0547118
0.0546268
0.054553
0.0544902
0.0544387
0.0543986
0.0543705
0.054355
0.961697
0.892197
0.829103
0.77175
0.719545
0.671962
0.628532
0.588838
0.552508
0.519209
0.488644
0.460549
0.434687
0.410846
0.388836
0.368486
0.349644
0.332171
0.315946
0.300855
0.286799
0.273687
0.261437
0.249974
0.23923
0.229144
0.21966
0.210728
0.2023
0.194334
0.186792
0.179639
0.172842
0.166373
0.160206
0.154318
0.14869
0.143303
0.138144
0.1332
0.128462
0.123922
0.119575
0.115417
0.111444
0.107657
0.104051
0.100627
0.0973821
0.0943144
0.0914209
0.0886979
0.086141
0.083745
0.0815041
0.0794118
0.0774615
0.0756461
0.0739583
0.0723909
0.0709367
0.0695886
0.0683398
0.0671836
0.0661138
0.0651243
0.0642095
0.063364
0.0625828
0.0618612
0.0611948
0.0605796
0.0600117
0.0594877
0.0590042
0.0585584
0.0581473
0.0577684
0.0574193
0.0570978
0.0568019
0.0565297
0.0562796
0.0560498
0.0558391
0.0556461
0.0554696
0.0553085
0.0551619
0.0550289
0.0549088
0.054801
0.0547049
0.0546202
0.0545466
0.0544841
0.0544328
0.0543929
0.0543649
0.0543494
0.961697
0.892198
0.829104
0.77175
0.719545
0.671962
0.628532
0.588838
0.552507
0.519208
0.488643
0.460547
0.434685
0.410843
0.388832
0.368481
0.349637
0.332164
0.315937
0.300845
0.286788
0.273674
0.261422
0.249957
0.239211
0.229123
0.219637
0.210702
0.202272
0.194303
0.186758
0.179602
0.172801
0.166328
0.160158
0.154266
0.148633
0.143243
0.138079
0.133131
0.128389
0.123846
0.119496
0.115335
0.11136
0.107571
0.103964
0.100539
0.0972947
0.0942276
0.0913353
0.088614
0.0860591
0.0836655
0.0814272
0.0793379
0.0773906
0.0755783
0.0738937
0.0723296
0.0708786
0.0695337
0.068288
0.0671349
0.066068
0.0650813
0.0641691
0.0633262
0.0625474
0.0618282
0.061164
0.0605508
0.0599849
0.0594628
0.058981
0.0585368
0.0581272
0.0577497
0.0574019
0.0570817
0.0567869
0.0565158
0.0562666
0.0560377
0.0558278
0.0556355
0.0554597
0.0552992
0.0551532
0.0550207
0.054901
0.0547936
0.0546979
0.0546135
0.0545402
0.0544779
0.0544267
0.0543869
0.054359
0.0543437
0.961697
0.892198
0.829104
0.77175
0.719545
0.671962
0.628532
0.588838
0.552507
0.519207
0.488641
0.460545
0.434682
0.410839
0.388827
0.368475
0.349631
0.332156
0.315928
0.300835
0.286776
0.273661
0.261407
0.24994
0.239192
0.229102
0.219614
0.210677
0.202243
0.194272
0.186724
0.179564
0.17276
0.166284
0.160109
0.154213
0.148576
0.143181
0.138014
0.133062
0.128316
0.123769
0.119415
0.115252
0.111275
0.107484
0.103876
0.100451
0.0972063
0.0941399
0.0912488
0.0885291
0.0859763
0.0835851
0.0813496
0.0792632
0.077319
0.0755099
0.0738286
0.0722677
0.07082
0.0694783
0.0682357
0.0670856
0.0660217
0.0650379
0.0641284
0.0632881
0.0625118
0.0617949
0.0611329
0.0605219
0.0599579
0.0594376
0.0589577
0.058515
0.058107
0.0577309
0.0573845
0.0570654
0.0567718
0.0565017
0.0562535
0.0560255
0.0558164
0.0556248
0.0554497
0.0552898
0.0551443
0.0550123
0.0548931
0.0547861
0.0546907
0.0546066
0.0545335
0.0544715
0.0544205
0.0543808
0.054353
0.0543377
0.961697
0.892198
0.829104
0.771751
0.719546
0.671962
0.628532
0.588838
0.552506
0.519206
0.48864
0.460543
0.434679
0.410835
0.388822
0.368469
0.349624
0.332148
0.315919
0.300824
0.286764
0.273647
0.261392
0.249923
0.239173
0.229081
0.219591
0.210651
0.202215
0.194241
0.186689
0.179526
0.172718
0.166238
0.16006
0.15416
0.148519
0.14312
0.137948
0.132992
0.128242
0.123691
0.119334
0.115168
0.111189
0.107396
0.103787
0.100362
0.0971171
0.0940514
0.0911615
0.0884436
0.0858929
0.0835042
0.0812714
0.079188
0.0772469
0.0754411
0.073763
0.0722055
0.070761
0.0694226
0.0681832
0.0670362
0.0659752
0.0649942
0.0640875
0.0632498
0.062476
0.0617614
0.0611017
0.0604928
0.0599308
0.0594123
0.0589341
0.0584932
0.0580866
0.057712
0.0573668
0.057049
0.0567565
0.0564875
0.0562402
0.0560131
0.0558049
0.055614
0.0554395
0.0552803
0.0551353
0.0550039
0.0548851
0.0547784
0.0546834
0.0545996
0.0545268
0.0544649
0.0544141
0.0543746
0.0543469
0.0543317
0.961697
0.892198
0.829105
0.771751
0.719546
0.671963
0.628532
0.588837
0.552505
0.519204
0.488638
0.46054
0.434676
0.410831
0.388817
0.368463
0.349617
0.33214
0.315909
0.300814
0.286752
0.273634
0.261376
0.249906
0.239154
0.22906
0.219567
0.210625
0.202186
0.194209
0.186654
0.179488
0.172677
0.166193
0.16001
0.154106
0.148461
0.143057
0.137881
0.132921
0.128167
0.123613
0.119253
0.115084
0.111103
0.107308
0.103698
0.100272
0.0970275
0.0939626
0.0910739
0.0883577
0.0858092
0.083423
0.0811929
0.0791125
0.0771746
0.075372
0.0736973
0.072143
0.0707019
0.0693667
0.0681305
0.0669866
0.0659286
0.0649505
0.0640465
0.0632114
0.0624401
0.0617279
0.0610704
0.0604636
0.0599036
0.059387
0.0589105
0.0584712
0.0580662
0.057693
0.0573492
0.0570326
0.0567412
0.0564732
0.0562269
0.0560007
0.0557932
0.0556032
0.0554293
0.0552707
0.0551263
0.0549953
0.0548769
0.0547707
0.054676
0.0545925
0.0545199
0.0544583
0.0544076
0.0543682
0.0543406
0.0543255
0.961697
0.892199
0.829105
0.771751
0.719546
0.671963
0.628532
0.588837
0.552505
0.519203
0.488636
0.460538
0.434672
0.410827
0.388812
0.368457
0.349609
0.332131
0.3159
0.300802
0.286739
0.273619
0.261361
0.249888
0.239135
0.229038
0.219543
0.210598
0.202157
0.194177
0.18662
0.179449
0.172635
0.166147
0.159961
0.154052
0.148403
0.142995
0.137815
0.132851
0.128093
0.123535
0.119172
0.114999
0.111016
0.107219
0.103609
0.100182
0.0969378
0.0938736
0.0909862
0.0882717
0.0857254
0.0833417
0.0811145
0.0790371
0.0771023
0.075303
0.0736316
0.0720807
0.0706429
0.0693109
0.0680779
0.066937
0.065882
0.0649068
0.0640056
0.0631731
0.0624043
0.0616944
0.0610392
0.0604344
0.0598764
0.0593617
0.058887
0.0584493
0.0580458
0.057674
0.0573315
0.0570161
0.0567259
0.0564589
0.0562135
0.0559882
0.0557816
0.0555922
0.055419
0.055261
0.0551171
0.0549866
0.0548687
0.0547628
0.0546685
0.0545852
0.0545129
0.0544515
0.054401
0.0543618
0.0543343
0.0543191
0.961697
0.892199
0.829105
0.771752
0.719546
0.671963
0.628532
0.588836
0.552504
0.519202
0.488634
0.460535
0.434668
0.410822
0.388806
0.36845
0.349602
0.332123
0.31589
0.300791
0.286727
0.273605
0.261345
0.249871
0.239115
0.229017
0.219519
0.210572
0.202128
0.194145
0.186585
0.179411
0.172593
0.166102
0.159911
0.153999
0.148345
0.142933
0.137749
0.13278
0.128018
0.123457
0.11909
0.114915
0.11093
0.107131
0.10352
0.100092
0.0968484
0.0937849
0.0908988
0.0881861
0.0856419
0.0832608
0.0810363
0.0789619
0.0770304
0.0752343
0.0735662
0.0720186
0.0705841
0.0692554
0.0680255
0.0668878
0.0658357
0.0648633
0.0639649
0.063135
0.0623686
0.0616611
0.0610081
0.0604054
0.0598494
0.0593365
0.0588635
0.0584274
0.0580254
0.057655
0.0573138
0.0569996
0.0567105
0.0564446
0.0562002
0.0559758
0.0557699
0.0555812
0.0554087
0.0552513
0.0551079
0.0549779
0.0548604
0.0547549
0.0546609
0.0545779
0.0545059
0.0544446
0.0543943
0.0543552
0.0543278
0.0543127
0.961697
0.892199
0.829106
0.771752
0.719547
0.671963
0.628532
0.588836
0.552502
0.5192
0.488631
0.460532
0.434664
0.410817
0.3888
0.368443
0.349594
0.332113
0.315879
0.300779
0.286714
0.273591
0.261329
0.249853
0.239095
0.228995
0.219496
0.210546
0.2021
0.194114
0.18655
0.179374
0.172552
0.166057
0.159862
0.153946
0.148288
0.142872
0.137683
0.13271
0.127945
0.123379
0.11901
0.114832
0.110844
0.107044
0.103431
0.100003
0.0967596
0.0936968
0.090812
0.0881011
0.0855591
0.0831804
0.0809588
0.0788874
0.076959
0.0751662
0.0735014
0.0719571
0.0705259
0.0692004
0.0679737
0.066839
0.0657899
0.0648203
0.0639245
0.0630972
0.0623333
0.0616281
0.0609772
0.0603767
0.0598226
0.0593115
0.0588402
0.0584057
0.0580052
0.0576362
0.0572963
0.0569833
0.0566953
0.0564304
0.0561869
0.0559633
0.0557582
0.0555703
0.0553984
0.0552415
0.0550987
0.0549691
0.0548521
0.0547469
0.0546532
0.0545705
0.0544987
0.0544377
0.0543875
0.0543485
0.0543212
0.0543062
0.961698
0.892199
0.829106
0.771752
0.719547
0.671963
0.628531
0.588835
0.552501
0.519198
0.488628
0.460528
0.43466
0.410812
0.388794
0.368436
0.349585
0.332104
0.315869
0.300768
0.2867
0.273576
0.261313
0.249835
0.239076
0.228974
0.219472
0.21052
0.202071
0.194083
0.186516
0.179336
0.172511
0.166013
0.159814
0.153894
0.148232
0.142811
0.137618
0.132641
0.127872
0.123303
0.11893
0.114749
0.110759
0.106957
0.103343
0.0999155
0.0966718
0.0936098
0.0907263
0.088017
0.0854772
0.0831011
0.0808822
0.0788138
0.0768885
0.0750989
0.0734374
0.0718964
0.0704684
0.0691461
0.0679225
0.0667908
0.0657446
0.0647778
0.0638847
0.06306
0.0622985
0.0615955
0.0609468
0.0603483
0.0597961
0.0592868
0.0588172
0.0583843
0.0579852
0.0576176
0.0572789
0.0569671
0.0566802
0.0564162
0.0561737
0.0559509
0.0557466
0.0555594
0.0553881
0.0552318
0.0550895
0.0549604
0.0548437
0.0547389
0.0546455
0.0545631
0.0544915
0.0544306
0.0543806
0.0543418
0.0543145
0.0542995
0.961698
0.892199
0.829106
0.771753
0.719547
0.671963
0.628531
0.588834
0.552499
0.519195
0.488625
0.460524
0.434655
0.410806
0.388788
0.368429
0.349577
0.332094
0.315858
0.300756
0.286687
0.273562
0.261297
0.249818
0.239057
0.228953
0.219449
0.210495
0.202044
0.194053
0.186483
0.1793
0.172472
0.165969
0.159767
0.153843
0.148176
0.142752
0.137555
0.132574
0.1278
0.123228
0.118851
0.114668
0.110676
0.106872
0.103257
0.099829
0.0965854
0.0935242
0.0906419
0.0879345
0.0853968
0.0830231
0.080807
0.0787415
0.0768193
0.0750329
0.0733746
0.0718368
0.070412
0.0690928
0.0678723
0.0667435
0.0657002
0.0647361
0.0638457
0.0630234
0.0622642
0.0615635
0.060917
0.0603204
0.0597701
0.0592625
0.0587946
0.0583631
0.0579655
0.0575992
0.0572618
0.0569511
0.0566652
0.0564023
0.0561606
0.0559387
0.0557351
0.0555485
0.0553779
0.0552221
0.0550803
0.0549516
0.0548353
0.0547309
0.0546378
0.0545556
0.0544842
0.0544236
0.0543737
0.0543349
0.0543078
0.0542928
0.961698
0.8922
0.829107
0.771753
0.719547
0.671962
0.62853
0.588832
0.552497
0.519193
0.488622
0.46052
0.43465
0.4108
0.388781
0.368421
0.349568
0.332085
0.315847
0.300744
0.286674
0.273547
0.261281
0.2498
0.239038
0.228932
0.219426
0.21047
0.202017
0.194023
0.186451
0.179265
0.172433
0.165927
0.159721
0.153793
0.148123
0.142694
0.137493
0.132508
0.12773
0.123154
0.118775
0.114589
0.110594
0.106789
0.103173
0.0997444
0.096501
0.0934405
0.0905595
0.0878537
0.0853181
0.0829469
0.0807334
0.0786708
0.0767517
0.0749684
0.0733132
0.0717786
0.0703569
0.0690408
0.0678232
0.0666974
0.0656568
0.0646954
0.0638075
0.0629876
0.0622308
0.0615323
0.0608877
0.0602931
0.0597446
0.0592388
0.0587724
0.0583425
0.0579462
0.0575812
0.057245
0.0569354
0.0566505
0.0563885
0.0561477
0.0559266
0.0557237
0.0555378
0.0553677
0.0552125
0.0550712
0.0549429
0.054827
0.0547229
0.05463
0.0545481
0.0544769
0.0544164
0.0543667
0.0543281
0.054301
0.0542861
0.961698
0.8922
0.829107
0.771753
0.719547
0.671962
0.628529
0.588831
0.552495
0.51919
0.488618
0.460515
0.434645
0.410794
0.388773
0.368413
0.349559
0.332075
0.315836
0.300732
0.286661
0.273533
0.261265
0.249783
0.23902
0.228912
0.219405
0.210446
0.20199
0.193994
0.18642
0.179231
0.172396
0.165886
0.159677
0.153745
0.148071
0.142638
0.137433
0.132444
0.127663
0.123083
0.118701
0.114512
0.110515
0.106709
0.103092
0.0996623
0.096419
0.0933592
0.0904794
0.0877753
0.0852417
0.0828728
0.080662
0.0786022
0.076686
0.0749057
0.0732537
0.0717221
0.0703034
0.0689903
0.0677756
0.0666526
0.0656147
0.0646559
0.0637705
0.062953
0.0621983
0.0615019
0.0608594
0.0602666
0.0597199
0.0592157
0.0587508
0.0583223
0.0579274
0.0575636
0.0572285
0.05692
0.0566361
0.056375
0.0561351
0.0559147
0.0557125
0.0555272
0.0553577
0.055203
0.0550621
0.0549342
0.0548187
0.0547149
0.0546223
0.0545406
0.0544696
0.0544093
0.0543597
0.0543212
0.0542941
0.0542793
0.961698
0.8922
0.829107
0.771753
0.719546
0.671961
0.628528
0.588829
0.552492
0.519186
0.488614
0.46051
0.434639
0.410787
0.388766
0.368404
0.34955
0.332065
0.315825
0.30072
0.286648
0.273519
0.26125
0.249767
0.239002
0.228893
0.219384
0.210423
0.201965
0.193967
0.18639
0.179198
0.17236
0.165847
0.159634
0.153699
0.148021
0.142584
0.137375
0.132382
0.127598
0.123015
0.118629
0.114438
0.110439
0.106631
0.103013
0.0995831
0.09634
0.0932808
0.0904022
0.0876996
0.0851681
0.0828014
0.0805932
0.0785361
0.0766227
0.0748454
0.0731963
0.0716676
0.0702519
0.0689417
0.0677298
0.0666094
0.0655742
0.0646179
0.0637348
0.0629195
0.062167
0.0614726
0.060832
0.060241
0.0596959
0.0591933
0.0587299
0.0583028
0.0579092
0.0575465
0.0572125
0.0569051
0.0566221
0.0563619
0.0561227
0.055903
0.0557015
0.0555168
0.0553478
0.0551936
0.0550531
0.0549257
0.0548104
0.0547069
0.0546146
0.0545332
0.0544624
0.0544022
0.0543527
0.0543142
0.0542873
0.0542725
0.961698
0.8922
0.829107
0.771753
0.719546
0.67196
0.628526
0.588826
0.552489
0.519182
0.488609
0.460505
0.434632
0.41078
0.388758
0.368396
0.349541
0.332055
0.315814
0.300708
0.286636
0.273505
0.261236
0.249751
0.238985
0.228874
0.219364
0.210402
0.201942
0.193941
0.186361
0.179167
0.172326
0.165811
0.159594
0.153655
0.147973
0.142533
0.13732
0.132324
0.127536
0.12295
0.118561
0.114367
0.110366
0.106557
0.102937
0.0995074
0.0962644
0.0932059
0.0903283
0.0876273
0.0850976
0.0827332
0.0805273
0.0784728
0.0765622
0.0747877
0.0731414
0.0716156
0.0702027
0.0688952
0.067686
0.0665682
0.0655354
0.0645815
0.0637006
0.0628875
0.062137
0.0614446
0.0608057
0.0602164
0.0596729
0.0591718
0.0587098
0.058284
0.0578916
0.05753
0.0571971
0.0568906
0.0566085
0.0563491
0.0561106
0.0558916
0.0556907
0.0555066
0.0553382
0.0551844
0.0550443
0.0549172
0.0548023
0.054699
0.054607
0.0545257
0.0544551
0.054395
0.0543457
0.0543073
0.0542804
0.0542657
0.961698
0.8922
0.829107
0.771752
0.719545
0.671959
0.628524
0.588824
0.552486
0.519178
0.488604
0.460499
0.434626
0.410773
0.38875
0.368387
0.349531
0.332045
0.315804
0.300697
0.286623
0.273493
0.261222
0.249736
0.238969
0.228857
0.219345
0.210381
0.20192
0.193917
0.186335
0.179138
0.172295
0.165776
0.159557
0.153614
0.147929
0.142485
0.137269
0.132269
0.127477
0.122888
0.118497
0.1143
0.110297
0.106486
0.102866
0.0994358
0.0961929
0.093135
0.0902585
0.0875589
0.085031
0.0826686
0.080465
0.078413
0.076505
0.0747331
0.0730895
0.0715664
0.0701561
0.0688512
0.0676445
0.0665291
0.0654987
0.064547
0.0636683
0.0628572
0.0621086
0.0614179
0.0607808
0.0601931
0.0596511
0.0591513
0.0586906
0.058266
0.0578747
0.0575142
0.0571823
0.0568766
0.0565954
0.0563367
0.0560989
0.0558806
0.0556802
0.0554967
0.0553287
0.0551753
0.0550356
0.0549089
0.0547943
0.0546913
0.0545994
0.0545183
0.0544479
0.054388
0.0543387
0.0543005
0.0542736
0.054259
0.961698
0.8922
0.829107
0.771752
0.719544
0.671957
0.628522
0.588821
0.552482
0.519173
0.488599
0.460493
0.434619
0.410766
0.388743
0.368379
0.349522
0.332035
0.315794
0.300686
0.286612
0.27348
0.261209
0.249723
0.238954
0.228841
0.219328
0.210363
0.201899
0.193895
0.186311
0.179112
0.172266
0.165744
0.159522
0.153576
0.147888
0.142441
0.137221
0.132218
0.127423
0.122831
0.118437
0.114238
0.110233
0.106421
0.1028
0.099369
0.0961261
0.0930687
0.0901932
0.0874949
0.0849686
0.0826082
0.0804068
0.0783571
0.0764514
0.074682
0.073041
0.0715204
0.0701125
0.0688101
0.0676057
0.0664926
0.0654644
0.0645147
0.063638
0.0628288
0.062082
0.061393
0.0607573
0.0601711
0.0596305
0.059132
0.0586725
0.058249
0.0578588
0.0574992
0.0571681
0.0568633
0.0565828
0.0563249
0.0560877
0.05587
0.0556701
0.055487
0.0553195
0.0551665
0.0550272
0.0549007
0.0547864
0.0546836
0.054592
0.0545111
0.0544408
0.054381
0.0543318
0.0542937
0.0542669
0.0542523
0.961698
0.8922
0.829107
0.771751
0.719543
0.671955
0.628519
0.588817
0.552478
0.519169
0.488593
0.460487
0.434613
0.410759
0.388735
0.368371
0.349514
0.332026
0.315784
0.300676
0.286601
0.273469
0.261197
0.24971
0.23894
0.228826
0.219312
0.210346
0.201881
0.193875
0.186289
0.179088
0.172239
0.165715
0.15949
0.153542
0.147851
0.1424
0.137177
0.132171
0.127374
0.122778
0.118382
0.114181
0.110174
0.106361
0.102739
0.0993075
0.0960647
0.0930078
0.0901331
0.087436
0.0849113
0.0825526
0.0803531
0.0783056
0.0764022
0.074635
0.0729963
0.071478
0.0700725
0.0687722
0.06757
0.066459
0.0654327
0.064485
0.06361
0.0628025
0.0620573
0.0613698
0.0607356
0.0601507
0.0596114
0.0591141
0.0586556
0.0582331
0.0578438
0.0574852
0.0571549
0.0568508
0.056571
0.0563136
0.0560771
0.0558598
0.0556605
0.0554778
0.0553107
0.055158
0.055019
0.0548928
0.0547787
0.0546761
0.0545847
0.0545039
0.0544338
0.0543741
0.0543251
0.054287
0.0542604
0.0542459
0.961698
0.8922
0.829106
0.77175
0.719541
0.671953
0.628516
0.588813
0.552473
0.519164
0.488588
0.460481
0.434606
0.410752
0.388727
0.368363
0.349506
0.332018
0.315775
0.300667
0.286592
0.273459
0.261186
0.249698
0.238928
0.228813
0.219298
0.210331
0.201864
0.193857
0.186269
0.179066
0.172216
0.16569
0.159463
0.153511
0.147817
0.142364
0.137138
0.132129
0.127329
0.122731
0.118333
0.11413
0.110122
0.106307
0.102684
0.0992522
0.0960094
0.0929529
0.0900789
0.0873829
0.0848595
0.0825024
0.0803047
0.0782591
0.0763577
0.0745926
0.072956
0.0714398
0.0700363
0.068738
0.0675378
0.0664286
0.0654041
0.0644581
0.0635847
0.0627787
0.062035
0.0613488
0.0607159
0.0601322
0.0595939
0.0590976
0.0586401
0.0582185
0.05783
0.0574721
0.0571426
0.0568391
0.0565599
0.0563031
0.0560671
0.0558503
0.0556513
0.055469
0.0553022
0.0551499
0.0550112
0.0548852
0.0547713
0.054669
0.0545777
0.0544971
0.054427
0.0543675
0.0543186
0.0542806
0.0542541
0.0542397
0.961698
0.8922
0.829105
0.771749
0.719539
0.67195
0.628512
0.588809
0.552469
0.519159
0.488582
0.460475
0.4346
0.410745
0.388721
0.368356
0.349498
0.33201
0.315767
0.300658
0.286583
0.27345
0.261177
0.249689
0.238918
0.228802
0.219286
0.210318
0.20185
0.193842
0.186253
0.179048
0.172196
0.165668
0.159438
0.153485
0.147789
0.142333
0.137105
0.132093
0.12729
0.122691
0.11829
0.114085
0.110075
0.106259
0.102636
0.0992037
0.0959609
0.0929047
0.0900313
0.0873362
0.084814
0.0824583
0.0802621
0.0782182
0.0763185
0.0745553
0.0729205
0.0714061
0.0700045
0.068708
0.0675094
0.0664019
0.0653789
0.0644343
0.0635624
0.0627577
0.0620152
0.0613302
0.0606984
0.0601156
0.0595783
0.0590829
0.0586263
0.0582054
0.0578176
0.0574604
0.0571314
0.0568285
0.0565498
0.0562935
0.0560579
0.0558414
0.0556429
0.0554609
0.0552944
0.0551423
0.0550038
0.0548781
0.0547644
0.0546622
0.054571
0.0544906
0.0544206
0.0543612
0.0543124
0.0542746
0.0542482
0.0542338
0.961698
0.8922
0.829105
0.771748
0.719537
0.671947
0.628509
0.588806
0.552465
0.519154
0.488577
0.46047
0.434594
0.410739
0.388715
0.36835
0.349492
0.332003
0.31576
0.300652
0.286576
0.273442
0.261169
0.24968
0.238909
0.228793
0.219276
0.210307
0.201839
0.193829
0.186239
0.179033
0.17218
0.16565
0.159418
0.153463
0.147765
0.142307
0.137076
0.132063
0.127258
0.122656
0.118253
0.114047
0.110036
0.106219
0.102595
0.0991629
0.0959201
0.092864
0.0899911
0.0872968
0.0847754
0.0824209
0.080226
0.0781835
0.0762854
0.0745238
0.0728905
0.0713777
0.0699776
0.0686825
0.0674854
0.0663792
0.0653576
0.0644142
0.0635435
0.0627398
0.0619984
0.0613143
0.0606834
0.0601015
0.0595649
0.0590703
0.0586143
0.058194
0.0578068
0.0574501
0.0571216
0.0568192
0.0565409
0.0562849
0.0560497
0.0558336
0.0556353
0.0554536
0.0552873
0.0551354
0.0549971
0.0548715
0.054758
0.0546559
0.0545649
0.0544846
0.0544148
0.0543555
0.0543068
0.0542691
0.0542428
0.0542286
0.961698
0.892199
0.829104
0.771746
0.719535
0.671944
0.628506
0.588802
0.552461
0.51915
0.488573
0.460465
0.43459
0.410735
0.38871
0.368345
0.349487
0.331998
0.315755
0.300646
0.28657
0.273437
0.261163
0.249674
0.238902
0.228786
0.219268
0.210299
0.20183
0.19382
0.186229
0.179022
0.172167
0.165636
0.159403
0.153446
0.147746
0.142286
0.137054
0.132039
0.127232
0.122629
0.118225
0.114018
0.110006
0.106188
0.102563
0.0991306
0.0958876
0.0928317
0.0899591
0.0872652
0.0847445
0.0823909
0.0801971
0.0781558
0.0762589
0.0744986
0.0728666
0.0713551
0.0699561
0.0686623
0.0674663
0.0663612
0.0653405
0.0643981
0.0635283
0.0627255
0.0619848
0.0613015
0.0606712
0.06009
0.059554
0.0590599
0.0586044
0.0581846
0.0577979
0.0574415
0.0571134
0.0568113
0.0565334
0.0562777
0.0560427
0.0558268
0.0556288
0.0554473
0.0552812
0.0551295
0.0549913
0.0548658
0.0547524
0.0546505
0.0545595
0.0544793
0.0544096
0.0543504
0.0543019
0.0542643
0.0542381
0.054224
0.961698
0.892199
0.829103
0.771744
0.719533
0.671942
0.628503
0.588799
0.552458
0.519147
0.48857
0.460462
0.434586
0.410731
0.388706
0.368341
0.349483
0.331994
0.315751
0.300642
0.286566
0.273433
0.261159
0.24967
0.238898
0.228781
0.219263
0.210293
0.201824
0.193813
0.186221
0.179013
0.172158
0.165626
0.159392
0.153434
0.147732
0.142272
0.137038
0.132022
0.127214
0.122609
0.118204
0.113996
0.109983
0.106165
0.10254
0.099107
0.095864
0.0928081
0.0899356
0.0872419
0.0847217
0.0823687
0.0801757
0.0781353
0.0762395
0.0744801
0.0728492
0.0713385
0.0699405
0.0686475
0.0674523
0.066348
0.065328
0.0643863
0.0635171
0.0627149
0.0619747
0.0612919
0.0606622
0.0600814
0.0595458
0.0590521
0.0585969
0.0581775
0.057791
0.057435
0.0571071
0.0568052
0.0565275
0.056272
0.0560372
0.0558215
0.0556236
0.0554422
0.0552762
0.0551247
0.0549866
0.0548612
0.0547479
0.054646
0.0545552
0.0544751
0.0544055
0.0543464
0.0542979
0.0542604
0.0542344
0.0542204
0.961698
0.892198
0.829102
0.771744
0.719532
0.671941
0.628502
0.588798
0.552456
0.519145
0.488568
0.46046
0.434585
0.410729
0.388704
0.368339
0.349481
0.331992
0.315749
0.30064
0.286564
0.27343
0.261156
0.249667
0.238895
0.228778
0.21926
0.210289
0.20182
0.193808
0.186216
0.179008
0.172152
0.165619
0.159385
0.153426
0.147724
0.142262
0.137028
0.132011
0.127202
0.122597
0.118191
0.113982
0.109969
0.106151
0.102526
0.0990925
0.0958495
0.0927933
0.0899206
0.0872269
0.0847069
0.0823543
0.080162
0.0781223
0.0762273
0.0744688
0.0728385
0.0713285
0.069931
0.0686385
0.0674438
0.0663399
0.0653204
0.064379
0.0635101
0.0627083
0.0619684
0.0612859
0.0606564
0.0600758
0.0595405
0.059047
0.058592
0.0581728
0.0577864
0.0574306
0.0571028
0.0568011
0.0565235
0.0562681
0.0560334
0.0558178
0.0556199
0.0554386
0.0552728
0.0551213
0.0549832
0.0548579
0.0547447
0.0546429
0.0545521
0.054472
0.0544025
0.0543435
0.0542952
0.0542578
0.0542319
0.0542181
)
;

boundaryField
{
    inlet
    {
        type            fixedValue;
        value           uniform 1;
    }
    outlet
    {
        type            inletOutlet;
        inletValue      uniform 1;
        value           nonuniform List<scalar> 
100
(
0.0542884
0.0542889
0.0542899
0.0542914
0.0542934
0.0542958
0.0542986
0.0543017
0.0543051
0.0543089
0.0543129
0.0543172
0.0543216
0.0543262
0.0543308
0.0543356
0.0543404
0.0543452
0.05435
0.0543548
0.0543596
0.0543643
0.0543689
0.0543734
0.0543778
0.0543821
0.0543862
0.0543903
0.0543941
0.0543978
0.0544014
0.0544048
0.054408
0.054411
0.0544138
0.0544164
0.0544189
0.0544212
0.0544233
0.0544252
0.054427
0.0544285
0.0544299
0.0544311
0.054432
0.0544328
0.0544334
0.0544337
0.0544339
0.0544338
0.0544335
0.054433
0.0544323
0.0544314
0.0544303
0.054429
0.0544274
0.0544257
0.0544237
0.0544216
0.0544192
0.0544167
0.054414
0.054411
0.0544079
0.0544046
0.0544011
0.0543974
0.0543935
0.0543893
0.054385
0.0543805
0.0543758
0.0543709
0.0543658
0.0543605
0.054355
0.0543494
0.0543437
0.0543377
0.0543317
0.0543255
0.0543191
0.0543127
0.0543062
0.0542995
0.0542928
0.0542861
0.0542793
0.0542725
0.0542657
0.054259
0.0542523
0.0542459
0.0542397
0.0542338
0.0542286
0.054224
0.0542204
0.0542181
)
;
    }
    ground
    {
        type            empty;
    }
    top
    {
        type            empty;
    }
    front
    {
        type            inletOutlet;
        inletValue      uniform 1;
        value           nonuniform List<scalar> 
100
(
0.961698
0.892198
0.829102
0.771744
0.719532
0.671941
0.628502
0.588798
0.552456
0.519145
0.488568
0.46046
0.434584
0.410729
0.388704
0.368339
0.349481
0.331992
0.315749
0.300639
0.286563
0.273429
0.261155
0.249666
0.238893
0.228776
0.219258
0.210287
0.201818
0.193806
0.186213
0.179005
0.172148
0.165615
0.15938
0.153421
0.147718
0.142256
0.137021
0.132004
0.127195
0.122589
0.118183
0.113974
0.109961
0.106143
0.102518
0.099085
0.0958426
0.0927873
0.0899156
0.0872233
0.0847047
0.0823537
0.0801632
0.0781256
0.0762327
0.0744765
0.0728485
0.071341
0.0699461
0.0686562
0.0674641
0.0663629
0.0653461
0.0644074
0.0635412
0.062742
0.0620047
0.0613248
0.0606977
0.0601196
0.0595866
0.0590953
0.0586426
0.0582254
0.057841
0.0574871
0.0571611
0.0568611
0.0565851
0.0563312
0.0560979
0.0558836
0.055687
0.0555068
0.0553419
0.0551913
0.055054
0.0549294
0.0548167
0.0547153
0.0546249
0.0545449
0.0544754
0.0544161
0.0543674
0.0543294
0.0543028
0.0542884
)
;
    }
    back
    {
        type            inletOutlet;
        inletValue      uniform 1;
        value           nonuniform List<scalar> 
100
(
0.961698
0.892198
0.829102
0.771744
0.719532
0.671941
0.628502
0.588798
0.552456
0.519145
0.488568
0.46046
0.434585
0.410729
0.388704
0.368339
0.349481
0.331992
0.315749
0.30064
0.286564
0.27343
0.261156
0.249667
0.238895
0.228778
0.21926
0.210289
0.20182
0.193808
0.186216
0.179008
0.172152
0.165619
0.159385
0.153426
0.147724
0.142262
0.137028
0.132011
0.127202
0.122597
0.118191
0.113982
0.109969
0.106151
0.102526
0.0990925
0.0958495
0.0927933
0.0899206
0.0872269
0.0847069
0.0823543
0.080162
0.0781223
0.0762273
0.0744688
0.0728385
0.0713285
0.069931
0.0686385
0.0674438
0.0663399
0.0653204
0.064379
0.0635101
0.0627083
0.0619684
0.0612859
0.0606564
0.0600758
0.0595405
0.059047
0.058592
0.0581728
0.0577864
0.0574306
0.0571028
0.0568011
0.0565235
0.0562681
0.0560334
0.0558178
0.0556199
0.0554386
0.0552728
0.0551213
0.0549832
0.0548579
0.0547447
0.0546429
0.0545521
0.054472
0.0544025
0.0543435
0.0542952
0.0542578
0.0542319
0.0542181
)
;
    }
}


// ************************************************************************* //
