/*--------------------------------*- C++ -*----------------------------------*\
  =========                 |
  \\      /  F ield         | OpenFOAM: The Open Source CFD Toolbox
   \\    /   O peration     | Website:  https://openfoam.org
    \\  /    A nd           | Version:  11
     \\/     M anipulation  |
\*---------------------------------------------------------------------------*/
FoamFile
{
    format      ascii;
    class       volScalarField;
    location    "604";
    object      omega;
}
// * * * * * * * * * * * * * * * * * * * * * * * * * * * * * * * * * * * * * //

dimensions      [0 0 -1 0 0 0 0];

internalField   nonuniform List<scalar> 
10000
(
0.961692
0.892185
0.829085
0.771728
0.719523
0.671944
0.628523
0.588843
0.552531
0.519257
0.488723
0.460665
0.434847
0.411058
0.389106
0.368824
0.350057
0.33267
0.31654
0.301556
0.287618
0.274636
0.26253
0.251227
0.24066
0.230769
0.221501
0.212805
0.204638
0.196958
0.189729
0.182916
0.176489
0.170421
0.164684
0.159257
0.154116
0.149243
0.14462
0.140228
0.136054
0.132084
0.128303
0.1247
0.121264
0.117984
0.114852
0.111858
0.108994
0.106252
0.103626
0.101108
0.0986927
0.0963744
0.0941477
0.0920075
0.0899492
0.0879684
0.086061
0.0842232
0.0824514
0.0807422
0.0790923
0.0774989
0.075959
0.07447
0.0730294
0.0716347
0.0702837
0.0689742
0.0677043
0.0664718
0.0652751
0.0641123
0.0629817
0.0618818
0.060811
0.0597679
0.058751
0.0577592
0.0567912
0.0558459
0.0549223
0.0540195
0.0531368
0.0522737
0.0514298
0.0506051
0.0498001
0.0490156
0.0482531
0.0475152
0.0468054
0.0461289
0.0454929
0.0449076
0.0443868
0.0439494
0.043621
0.0434359
0.961692
0.892185
0.829085
0.771728
0.719523
0.671944
0.628523
0.588843
0.552531
0.519257
0.488723
0.460665
0.434847
0.411058
0.389106
0.368824
0.350057
0.33267
0.31654
0.301556
0.287618
0.274636
0.262531
0.251227
0.24066
0.23077
0.221501
0.212805
0.204638
0.196958
0.189729
0.182916
0.17649
0.170421
0.164685
0.159257
0.154117
0.149243
0.14462
0.140229
0.136055
0.132084
0.128303
0.1247
0.121264
0.117985
0.114852
0.111858
0.108994
0.106252
0.103626
0.101108
0.098693
0.0963747
0.094148
0.0920078
0.0899495
0.0879687
0.0860614
0.0842236
0.0824518
0.0807426
0.0790928
0.0774993
0.0759595
0.0744705
0.0730299
0.0716352
0.0702842
0.0689748
0.0677048
0.0664724
0.0652757
0.0641129
0.0629824
0.0618825
0.0608117
0.0597686
0.0587518
0.05776
0.0567921
0.0558468
0.0549232
0.0540205
0.0531378
0.0522747
0.0514308
0.0506062
0.0498012
0.0490167
0.0482543
0.0475164
0.0468066
0.0461301
0.0454941
0.0449088
0.044388
0.0439505
0.0436222
0.043437
0.961692
0.892185
0.829085
0.771728
0.719523
0.671944
0.628523
0.588843
0.552531
0.519257
0.488723
0.460665
0.434848
0.411058
0.389106
0.368824
0.350057
0.33267
0.31654
0.301556
0.287618
0.274636
0.262531
0.251227
0.24066
0.23077
0.221501
0.212806
0.204638
0.196958
0.189729
0.182916
0.17649
0.170421
0.164685
0.159257
0.154117
0.149244
0.14462
0.140229
0.136055
0.132084
0.128303
0.1247
0.121264
0.117985
0.114853
0.111859
0.108994
0.106253
0.103626
0.101109
0.0986935
0.0963753
0.0941486
0.0920084
0.0899502
0.0879694
0.0860621
0.0842243
0.0824525
0.0807433
0.0790935
0.0775002
0.0759603
0.0744714
0.0730308
0.0716361
0.0702852
0.0689758
0.0677059
0.0664735
0.0652769
0.0641141
0.0629836
0.0618838
0.060813
0.05977
0.0587533
0.0577615
0.0567936
0.0558484
0.0549249
0.0540222
0.0531396
0.0522766
0.0514328
0.0506082
0.0498032
0.0490188
0.0482564
0.0475186
0.0468088
0.0461323
0.0454964
0.0449111
0.0443902
0.0439528
0.0436244
0.0434392
0.961692
0.892185
0.829085
0.771728
0.719523
0.671944
0.628523
0.588843
0.552531
0.519257
0.488723
0.460665
0.434848
0.411058
0.389107
0.368824
0.350058
0.332671
0.31654
0.301556
0.287618
0.274637
0.262531
0.251228
0.240661
0.23077
0.221501
0.212806
0.204638
0.196959
0.189729
0.182917
0.17649
0.170422
0.164685
0.159258
0.154117
0.149244
0.14462
0.140229
0.136055
0.132085
0.128304
0.124701
0.121265
0.117986
0.114853
0.111859
0.108995
0.106253
0.103627
0.101109
0.0986943
0.0963761
0.0941495
0.0920094
0.0899511
0.0879704
0.0860631
0.0842254
0.0824536
0.0807445
0.0790947
0.0775014
0.0759616
0.0744727
0.0730321
0.0716375
0.0702867
0.0689773
0.0677075
0.0664751
0.0652785
0.0641159
0.0629854
0.0618857
0.060815
0.059772
0.0587554
0.0577637
0.0567959
0.0558508
0.0549274
0.0540248
0.0531423
0.0522793
0.0514356
0.0506111
0.0498062
0.0490219
0.0482596
0.0475218
0.0468121
0.0461356
0.0454997
0.0449144
0.0443935
0.0439561
0.0436277
0.0434425
0.961692
0.892185
0.829085
0.771728
0.719523
0.671944
0.628523
0.588843
0.552531
0.519257
0.488723
0.460666
0.434848
0.411058
0.389107
0.368824
0.350058
0.332671
0.316541
0.301556
0.287618
0.274637
0.262531
0.251228
0.240661
0.23077
0.221502
0.212806
0.204639
0.196959
0.18973
0.182917
0.176491
0.170422
0.164686
0.159258
0.154118
0.149245
0.144621
0.14023
0.136056
0.132085
0.128304
0.124702
0.121266
0.117986
0.114854
0.11186
0.108996
0.106254
0.103628
0.10111
0.0986954
0.0963772
0.0941506
0.0920105
0.0899523
0.0879717
0.0860644
0.0842267
0.0824551
0.080746
0.0790963
0.077503
0.0759632
0.0744744
0.0730339
0.0716394
0.0702886
0.0689793
0.0677095
0.0664773
0.0652807
0.0641181
0.0629878
0.0618881
0.0608176
0.0597747
0.0587581
0.0577666
0.0567989
0.0558539
0.0549306
0.0540281
0.0531457
0.0522829
0.0514393
0.0506149
0.0498101
0.0490259
0.0482637
0.0475259
0.0468163
0.0461399
0.045504
0.0449187
0.0443978
0.0439604
0.043632
0.0434467
0.961692
0.892185
0.829085
0.771728
0.719523
0.671944
0.628523
0.588843
0.552531
0.519257
0.488723
0.460666
0.434848
0.411058
0.389107
0.368824
0.350058
0.332671
0.316541
0.301556
0.287618
0.274637
0.262531
0.251228
0.240661
0.230771
0.221502
0.212807
0.204639
0.196959
0.18973
0.182918
0.176491
0.170423
0.164686
0.159259
0.154118
0.149245
0.144622
0.140231
0.136057
0.132086
0.128305
0.124703
0.121267
0.117987
0.114855
0.111861
0.108997
0.106256
0.103629
0.101112
0.0986967
0.0963786
0.094152
0.092012
0.0899539
0.0879732
0.086066
0.0842284
0.0824568
0.0807478
0.0790981
0.0775049
0.0759652
0.0744765
0.0730361
0.0716416
0.0702909
0.0689817
0.067712
0.0664799
0.0652834
0.0641209
0.0629907
0.0618911
0.0608207
0.0597779
0.0587615
0.0577701
0.0568025
0.0558576
0.0549345
0.0540321
0.0531499
0.0522872
0.0514437
0.0506195
0.0498149
0.0490307
0.0482686
0.047531
0.0468214
0.0461451
0.0455092
0.044924
0.0444031
0.0439656
0.0436372
0.0434519
0.961692
0.892185
0.829085
0.771728
0.719523
0.671944
0.628523
0.588843
0.552531
0.519257
0.488723
0.460666
0.434848
0.411058
0.389107
0.368824
0.350058
0.332671
0.316541
0.301557
0.287619
0.274637
0.262532
0.251229
0.240662
0.230771
0.221503
0.212807
0.20464
0.19696
0.189731
0.182918
0.176492
0.170423
0.164687
0.15926
0.154119
0.149246
0.144623
0.140232
0.136058
0.132087
0.128306
0.124704
0.121268
0.117989
0.114856
0.111862
0.108998
0.106257
0.103631
0.101113
0.0986982
0.0963802
0.0941536
0.0920137
0.0899556
0.0879751
0.0860679
0.0842304
0.0824588
0.0807499
0.0791003
0.0775072
0.0759676
0.0744789
0.0730386
0.0716442
0.0702936
0.0689845
0.0677149
0.0664829
0.0652865
0.0641242
0.0629941
0.0618946
0.0608243
0.0597817
0.0587654
0.0577742
0.0568067
0.055862
0.054939
0.0540368
0.0531548
0.0522922
0.0514489
0.0506249
0.0498204
0.0490364
0.0482744
0.0475369
0.0468274
0.0461512
0.0455153
0.0449301
0.0444092
0.0439717
0.0436432
0.0434579
0.961692
0.892185
0.829085
0.771728
0.719523
0.671944
0.628523
0.588843
0.552532
0.519257
0.488723
0.460666
0.434848
0.411058
0.389107
0.368825
0.350058
0.332672
0.316541
0.301557
0.287619
0.274638
0.262532
0.251229
0.240662
0.230771
0.221503
0.212808
0.20464
0.196961
0.189731
0.182919
0.176493
0.170424
0.164688
0.15926
0.15412
0.149247
0.144624
0.140233
0.136059
0.132088
0.128308
0.124705
0.121269
0.11799
0.114858
0.111864
0.109
0.106258
0.103632
0.101115
0.0986999
0.0963819
0.0941555
0.0920156
0.0899576
0.0879771
0.0860701
0.0842326
0.0824611
0.0807522
0.0791028
0.0775097
0.0759702
0.0744816
0.0730414
0.0716472
0.0702967
0.0689877
0.0677182
0.0664863
0.0652901
0.0641279
0.0629979
0.0618986
0.0608284
0.059786
0.0587698
0.0577788
0.0568115
0.055867
0.0549442
0.0540422
0.0531603
0.0522979
0.0514548
0.0506309
0.0498266
0.0490428
0.048281
0.0475436
0.0468342
0.046158
0.0455222
0.044937
0.0444161
0.0439786
0.0436501
0.0434648
0.961692
0.892185
0.829085
0.771728
0.719523
0.671944
0.628523
0.588843
0.552532
0.519257
0.488724
0.460666
0.434848
0.411059
0.389107
0.368825
0.350059
0.332672
0.316542
0.301557
0.287619
0.274638
0.262533
0.251229
0.240662
0.230772
0.221504
0.212808
0.204641
0.196961
0.189732
0.18292
0.176493
0.170425
0.164689
0.159261
0.154121
0.149248
0.144625
0.140234
0.13606
0.132089
0.128309
0.124706
0.12127
0.117991
0.114859
0.111865
0.109002
0.10626
0.103634
0.101117
0.0987018
0.0963839
0.0941575
0.0920177
0.0899598
0.0879794
0.0860724
0.0842351
0.0824637
0.0807549
0.0791055
0.0775126
0.0759732
0.0744847
0.0730446
0.0716505
0.0703001
0.0689912
0.0677219
0.0664901
0.065294
0.0641319
0.0630021
0.061903
0.060833
0.0597907
0.0587748
0.0577839
0.0568168
0.0558725
0.0549498
0.0540481
0.0531664
0.0523042
0.0514613
0.0506376
0.0498335
0.0490499
0.0482882
0.047551
0.0468417
0.0461656
0.0455299
0.0449447
0.0444238
0.0439862
0.0436577
0.0434723
0.961692
0.892185
0.829085
0.771728
0.719523
0.671944
0.628523
0.588843
0.552532
0.519257
0.488724
0.460666
0.434848
0.411059
0.389108
0.368825
0.350059
0.332672
0.316542
0.301558
0.28762
0.274639
0.262533
0.25123
0.240663
0.230773
0.221504
0.212809
0.204642
0.196962
0.189733
0.18292
0.176494
0.170426
0.16469
0.159262
0.154122
0.149249
0.144626
0.140235
0.136061
0.132091
0.12831
0.124708
0.121272
0.117993
0.114861
0.111867
0.109003
0.106262
0.103636
0.101119
0.0987039
0.0963861
0.0941598
0.09202
0.0899622
0.0879819
0.086075
0.0842377
0.0824665
0.0807578
0.0791085
0.0775157
0.0759764
0.074488
0.073048
0.071654
0.0703038
0.068995
0.0677258
0.0664942
0.0652983
0.0641364
0.0630067
0.0619077
0.0608379
0.0597958
0.0587801
0.0577894
0.0568225
0.0558784
0.054956
0.0540545
0.053173
0.0523111
0.0514684
0.0506449
0.049841
0.0490576
0.0482961
0.047559
0.0468498
0.0461738
0.0455382
0.044953
0.0444321
0.0439946
0.043666
0.0434806
0.961692
0.892185
0.829085
0.771728
0.719523
0.671944
0.628523
0.588843
0.552532
0.519257
0.488724
0.460666
0.434849
0.411059
0.389108
0.368825
0.350059
0.332672
0.316542
0.301558
0.28762
0.274639
0.262533
0.25123
0.240664
0.230773
0.221505
0.21281
0.204642
0.196963
0.189734
0.182921
0.176495
0.170427
0.164691
0.159263
0.154123
0.14925
0.144627
0.140236
0.136063
0.132092
0.128312
0.124709
0.121274
0.117995
0.114863
0.111869
0.109005
0.106264
0.103638
0.101121
0.0987061
0.0963884
0.0941622
0.0920225
0.0899648
0.0879846
0.0860778
0.0842406
0.0824694
0.0807609
0.0791117
0.077519
0.0759798
0.0744916
0.0730517
0.0716579
0.0703077
0.0689991
0.0677301
0.0664986
0.0653029
0.0641411
0.0630117
0.0619129
0.0608433
0.0598014
0.0587858
0.0577953
0.0568287
0.0558848
0.0549626
0.0540613
0.0531801
0.0523184
0.051476
0.0506527
0.049849
0.0490658
0.0483045
0.0475675
0.0468585
0.0461826
0.0455471
0.0449619
0.0444411
0.0440035
0.0436749
0.0434895
0.961692
0.892185
0.829085
0.771728
0.719523
0.671944
0.628523
0.588843
0.552532
0.519257
0.488724
0.460666
0.434849
0.411059
0.389108
0.368826
0.350059
0.332673
0.316543
0.301558
0.287621
0.274639
0.262534
0.251231
0.240664
0.230774
0.221506
0.21281
0.204643
0.196963
0.189734
0.182922
0.176496
0.170428
0.164692
0.159264
0.154124
0.149252
0.144628
0.140238
0.136064
0.132094
0.128313
0.124711
0.121275
0.117996
0.114864
0.111871
0.109007
0.106266
0.10364
0.101123
0.0987084
0.0963908
0.0941647
0.0920251
0.0899675
0.0879874
0.0860807
0.0842437
0.0824726
0.0807641
0.0791151
0.0775225
0.0759835
0.0744954
0.0730556
0.0716619
0.0703119
0.0690035
0.0677346
0.0665033
0.0653078
0.0641462
0.0630169
0.0619183
0.0608489
0.0598072
0.0587919
0.0578016
0.0568352
0.0558916
0.0549696
0.0540686
0.0531876
0.0523262
0.051484
0.050661
0.0498575
0.0490745
0.0483134
0.0475766
0.0468678
0.046192
0.0455565
0.0449714
0.0444506
0.044013
0.0436844
0.0434989
0.961692
0.892185
0.829085
0.771728
0.719523
0.671944
0.628523
0.588843
0.552532
0.519257
0.488724
0.460667
0.434849
0.411059
0.389108
0.368826
0.35006
0.332673
0.316543
0.301559
0.287621
0.27464
0.262534
0.251231
0.240665
0.230774
0.221506
0.212811
0.204644
0.196964
0.189735
0.182923
0.176497
0.170429
0.164693
0.159266
0.154126
0.149253
0.14463
0.140239
0.136065
0.132095
0.128315
0.124712
0.121277
0.117998
0.114866
0.111873
0.109009
0.106268
0.103642
0.101125
0.0987109
0.0963933
0.0941673
0.0920279
0.0899704
0.0879904
0.0860838
0.0842468
0.0824759
0.0807676
0.0791187
0.0775262
0.0759873
0.0744993
0.0730597
0.0716662
0.0703163
0.0690081
0.0677394
0.0665082
0.0653128
0.0641515
0.0630224
0.061924
0.0608548
0.0598133
0.0587982
0.0578082
0.0568421
0.0558987
0.054977
0.0540762
0.0531955
0.0523343
0.0514924
0.0506696
0.0498664
0.0490836
0.0483227
0.0475861
0.0468775
0.0462018
0.0455664
0.0449814
0.0444605
0.0440229
0.0436943
0.0435088
0.961692
0.892185
0.829085
0.771728
0.719523
0.671944
0.628523
0.588843
0.552532
0.519258
0.488724
0.460667
0.434849
0.411059
0.389108
0.368826
0.35006
0.332673
0.316543
0.301559
0.287621
0.27464
0.262535
0.251232
0.240665
0.230775
0.221507
0.212812
0.204645
0.196965
0.189736
0.182924
0.176498
0.17043
0.164694
0.159267
0.154127
0.149254
0.144631
0.14024
0.136067
0.132097
0.128316
0.124714
0.121279
0.118
0.114868
0.111875
0.109011
0.10627
0.103645
0.101128
0.0987134
0.096396
0.0941701
0.0920308
0.0899733
0.0879934
0.086087
0.0842502
0.0824793
0.0807711
0.0791224
0.07753
0.0759913
0.0745034
0.073064
0.0716706
0.0703209
0.0690128
0.0677443
0.0665133
0.0653182
0.064157
0.0630281
0.0619299
0.0608609
0.0598197
0.0588048
0.0578151
0.0568492
0.055906
0.0549846
0.0540841
0.0532036
0.0523427
0.0515011
0.0506786
0.0498757
0.0490931
0.0483324
0.0475961
0.0468875
0.046212
0.0455767
0.0449917
0.0444709
0.0440333
0.0437046
0.0435191
0.961692
0.892185
0.829085
0.771728
0.719523
0.671944
0.628523
0.588843
0.552532
0.519258
0.488724
0.460667
0.434849
0.41106
0.389109
0.368826
0.35006
0.332674
0.316544
0.30156
0.287622
0.274641
0.262535
0.251232
0.240666
0.230776
0.221508
0.212812
0.204645
0.196966
0.189737
0.182925
0.176499
0.170431
0.164695
0.159268
0.154128
0.149256
0.144632
0.140242
0.136069
0.132098
0.128318
0.124716
0.121281
0.118002
0.11487
0.111877
0.109014
0.106273
0.103647
0.10113
0.0987161
0.0963987
0.0941729
0.0920337
0.0899764
0.0879966
0.0860903
0.0842536
0.0824829
0.0807748
0.0791262
0.077534
0.0759954
0.0745077
0.0730684
0.0716752
0.0703257
0.0690177
0.0677494
0.0665186
0.0653236
0.0641626
0.0630339
0.061936
0.0608672
0.0598263
0.0588116
0.0578221
0.0568565
0.0559136
0.0549925
0.0540922
0.0532121
0.0523515
0.0515101
0.0506879
0.0498852
0.0491029
0.0483424
0.0476063
0.0468979
0.0462226
0.0455874
0.0450025
0.0444817
0.0440441
0.0437154
0.0435297
0.961692
0.892185
0.829085
0.771728
0.719523
0.671944
0.628523
0.588843
0.552532
0.519258
0.488724
0.460667
0.434849
0.41106
0.389109
0.368826
0.35006
0.332674
0.316544
0.30156
0.287622
0.274641
0.262536
0.251233
0.240666
0.230776
0.221508
0.212813
0.204646
0.196967
0.189738
0.182926
0.1765
0.170432
0.164696
0.159269
0.154129
0.149257
0.144634
0.140243
0.13607
0.1321
0.12832
0.124718
0.121283
0.118004
0.114873
0.111879
0.109016
0.106275
0.10365
0.101133
0.0987188
0.0964015
0.0941759
0.0920368
0.0899796
0.0879999
0.0860937
0.0842571
0.0824865
0.0807786
0.0791301
0.077538
0.0759996
0.0745121
0.073073
0.0716799
0.0703305
0.0690228
0.0677546
0.066524
0.0653292
0.0641684
0.06304
0.0619423
0.0608737
0.059833
0.0588186
0.0578294
0.056864
0.0559214
0.0550005
0.0541006
0.0532207
0.0523604
0.0515193
0.0506974
0.049895
0.0491129
0.0483527
0.0476168
0.0469086
0.0462334
0.0455983
0.0450135
0.0444927
0.0440551
0.0437264
0.0435407
0.961692
0.892185
0.829085
0.771728
0.719523
0.671944
0.628523
0.588843
0.552532
0.519258
0.488724
0.460667
0.434849
0.41106
0.389109
0.368827
0.350061
0.332674
0.316544
0.30156
0.287623
0.274642
0.262536
0.251234
0.240667
0.230777
0.221509
0.212814
0.204647
0.196968
0.189739
0.182927
0.176501
0.170433
0.164697
0.159271
0.154131
0.149258
0.144635
0.140245
0.136072
0.132102
0.128322
0.12472
0.121285
0.118006
0.114875
0.111882
0.109018
0.106278
0.103652
0.101136
0.0987215
0.0964044
0.0941788
0.0920398
0.0899828
0.0880032
0.0860971
0.0842607
0.0824903
0.0807824
0.0791341
0.0775422
0.0760039
0.0745165
0.0730776
0.0716846
0.0703355
0.0690279
0.0677599
0.0665295
0.0653349
0.0641744
0.0630461
0.0619486
0.0608803
0.0598398
0.0588257
0.0578367
0.0568716
0.0559293
0.0550088
0.0541091
0.0532295
0.0523695
0.0515287
0.0507071
0.0499049
0.0491231
0.0483632
0.0476275
0.0469195
0.0462444
0.0456095
0.0450247
0.044504
0.0440664
0.0437376
0.0435519
0.961692
0.892185
0.829085
0.771728
0.719523
0.671944
0.628523
0.588843
0.552532
0.519258
0.488724
0.460667
0.434849
0.41106
0.389109
0.368827
0.350061
0.332674
0.316545
0.301561
0.287623
0.274642
0.262537
0.251234
0.240668
0.230778
0.22151
0.212815
0.204648
0.196969
0.18974
0.182928
0.176502
0.170434
0.164699
0.159272
0.154132
0.14926
0.144637
0.140247
0.136074
0.132104
0.128324
0.124722
0.121287
0.118008
0.114877
0.111884
0.109021
0.10628
0.103655
0.101138
0.0987243
0.0964073
0.0941818
0.092043
0.089986
0.0880066
0.0861006
0.0842643
0.082494
0.0807863
0.0791381
0.0775464
0.0760082
0.074521
0.0730822
0.0716895
0.0703405
0.0690331
0.0677653
0.0665351
0.0653407
0.0641804
0.0630524
0.0619551
0.0608871
0.0598468
0.0588329
0.0578442
0.0568794
0.0559374
0.0550171
0.0541177
0.0532384
0.0523787
0.0515382
0.0507169
0.049915
0.0491335
0.0483738
0.0476383
0.0469306
0.0462557
0.0456208
0.0450361
0.0445155
0.0440778
0.043749
0.0435633
0.961692
0.892185
0.829085
0.771728
0.719523
0.671944
0.628523
0.588843
0.552532
0.519258
0.488724
0.460667
0.43485
0.41106
0.389109
0.368827
0.350061
0.332675
0.316545
0.301561
0.287623
0.274643
0.262537
0.251235
0.240668
0.230778
0.22151
0.212815
0.204649
0.19697
0.189741
0.182929
0.176503
0.170435
0.1647
0.159273
0.154133
0.149261
0.144638
0.140248
0.136075
0.132105
0.128325
0.124724
0.121289
0.11801
0.114879
0.111886
0.109023
0.106283
0.103657
0.101141
0.0987271
0.0964102
0.0941849
0.0920461
0.0899893
0.08801
0.0861042
0.084268
0.0824978
0.0807903
0.0791422
0.0775506
0.0760126
0.0745256
0.0730869
0.0716944
0.0703456
0.0690384
0.0677707
0.0665408
0.0653466
0.0641864
0.0630586
0.0619616
0.0608938
0.0598538
0.0588402
0.0578518
0.0568872
0.0559455
0.0550255
0.0541264
0.0532474
0.052388
0.0515478
0.0507268
0.0499252
0.049144
0.0483846
0.0476493
0.0469417
0.046267
0.0456323
0.0450477
0.0445271
0.0440894
0.0437606
0.0435748
0.961692
0.892185
0.829085
0.771728
0.719523
0.671944
0.628523
0.588843
0.552532
0.519258
0.488724
0.460667
0.43485
0.41106
0.389109
0.368827
0.350061
0.332675
0.316545
0.301561
0.287624
0.274643
0.262538
0.251235
0.240669
0.230779
0.221511
0.212816
0.20465
0.19697
0.189742
0.18293
0.176504
0.170437
0.164701
0.159274
0.154135
0.149263
0.14464
0.14025
0.136077
0.132107
0.128327
0.124726
0.121291
0.118012
0.114881
0.111888
0.109026
0.106285
0.10366
0.101144
0.0987299
0.0964132
0.0941879
0.0920493
0.0899926
0.0880134
0.0861077
0.0842717
0.0825016
0.0807942
0.0791463
0.0775548
0.076017
0.0745301
0.0730917
0.0716993
0.0703506
0.0690436
0.0677762
0.0665464
0.0653525
0.0641925
0.063065
0.0619682
0.0609006
0.0598608
0.0588475
0.0578593
0.0568951
0.0559536
0.0550339
0.0541351
0.0532565
0.0523974
0.0515575
0.0507367
0.0499355
0.0491545
0.0483953
0.0476603
0.046953
0.0462784
0.0456438
0.0450593
0.0445387
0.0441011
0.0437722
0.0435864
0.961692
0.892185
0.829085
0.771728
0.719523
0.671944
0.628523
0.588843
0.552532
0.519258
0.488724
0.460667
0.43485
0.41106
0.38911
0.368827
0.350061
0.332675
0.316545
0.301562
0.287624
0.274643
0.262538
0.251236
0.240669
0.230779
0.221512
0.212817
0.20465
0.196971
0.189743
0.182931
0.176505
0.170438
0.164702
0.159276
0.154136
0.149264
0.144641
0.140251
0.136079
0.132109
0.128329
0.124727
0.121293
0.118015
0.114884
0.111891
0.109028
0.106288
0.103663
0.101146
0.0987328
0.0964161
0.094191
0.0920525
0.0899959
0.0880168
0.0861113
0.0842753
0.0825054
0.0807982
0.0791504
0.0775591
0.0760214
0.0745347
0.0730964
0.0717042
0.0703557
0.0690489
0.0677817
0.0665521
0.0653583
0.0641986
0.0630713
0.0619747
0.0609074
0.0598679
0.0588548
0.0578669
0.0569029
0.0559617
0.0550424
0.0541439
0.0532655
0.0524067
0.0515671
0.0507467
0.0499457
0.0491651
0.0484061
0.0476714
0.0469642
0.0462898
0.0456554
0.045071
0.0445504
0.0441128
0.0437839
0.043598
0.961692
0.892185
0.829085
0.771728
0.719523
0.671944
0.628523
0.588843
0.552532
0.519258
0.488724
0.460667
0.43485
0.41106
0.38911
0.368828
0.350062
0.332675
0.316546
0.301562
0.287625
0.274644
0.262539
0.251236
0.24067
0.23078
0.221512
0.212818
0.204651
0.196972
0.189744
0.182932
0.176506
0.170439
0.164703
0.159277
0.154138
0.149266
0.144643
0.140253
0.13608
0.132111
0.128331
0.124729
0.121295
0.118017
0.114886
0.111893
0.10903
0.10629
0.103665
0.101149
0.0987356
0.096419
0.094194
0.0920556
0.0899991
0.0880202
0.0861148
0.084279
0.0825092
0.0808021
0.0791545
0.0775633
0.0760258
0.0745392
0.0731011
0.0717091
0.0703608
0.0690541
0.0677871
0.0665577
0.0653642
0.0642047
0.0630776
0.0619812
0.0609141
0.0598749
0.0588621
0.0578744
0.0569107
0.0559698
0.0550508
0.0541526
0.0532745
0.052416
0.0515767
0.0507566
0.0499559
0.0491756
0.0484169
0.0476824
0.0469754
0.0463012
0.0456669
0.0450826
0.0445621
0.0441245
0.0437956
0.0436097
0.961692
0.892185
0.829085
0.771728
0.719523
0.671944
0.628523
0.588843
0.552532
0.519258
0.488724
0.460667
0.43485
0.411061
0.38911
0.368828
0.350062
0.332676
0.316546
0.301562
0.287625
0.274644
0.262539
0.251237
0.240671
0.230781
0.221513
0.212818
0.204652
0.196973
0.189745
0.182933
0.176507
0.17044
0.164705
0.159278
0.154139
0.149267
0.144644
0.140254
0.136082
0.132112
0.128333
0.124731
0.121297
0.118019
0.114888
0.111895
0.109033
0.106293
0.103668
0.101152
0.0987384
0.0964219
0.094197
0.0920587
0.0900024
0.0880236
0.0861183
0.0842826
0.082513
0.080806
0.0791586
0.0775675
0.0760302
0.0745438
0.0731058
0.0717139
0.0703658
0.0690594
0.0677925
0.0665633
0.06537
0.0642107
0.0630838
0.0619877
0.0609209
0.0598818
0.0588693
0.0578819
0.0569185
0.0559779
0.0550591
0.0541612
0.0532835
0.0524253
0.0515863
0.0507665
0.0499661
0.049186
0.0484276
0.0476933
0.0469866
0.0463126
0.0456784
0.0450942
0.0445737
0.0441361
0.0438072
0.0436212
0.961692
0.892185
0.829085
0.771728
0.719523
0.671944
0.628523
0.588843
0.552532
0.519258
0.488724
0.460667
0.43485
0.411061
0.38911
0.368828
0.350062
0.332676
0.316546
0.301563
0.287625
0.274645
0.26254
0.251237
0.240671
0.230781
0.221514
0.212819
0.204653
0.196974
0.189745
0.182934
0.176508
0.170441
0.164706
0.159279
0.15414
0.149268
0.144646
0.140256
0.136083
0.132114
0.128335
0.124733
0.121299
0.118021
0.11489
0.111897
0.109035
0.106295
0.10367
0.101154
0.0987411
0.0964248
0.0942
0.0920618
0.0900056
0.0880269
0.0861217
0.0842862
0.0825167
0.0808099
0.0791626
0.0775717
0.0760345
0.0745482
0.0731104
0.0717187
0.0703708
0.0690645
0.0677978
0.0665689
0.0653757
0.0642166
0.06309
0.0619941
0.0609275
0.0598887
0.0588764
0.0578893
0.0569262
0.0559858
0.0550673
0.0541697
0.0532923
0.0524344
0.0515957
0.0507762
0.0499761
0.0491963
0.0484382
0.0477041
0.0469976
0.0463238
0.0456898
0.0451056
0.0445852
0.0441477
0.0438187
0.0436327
0.961692
0.892185
0.829085
0.771728
0.719523
0.671944
0.628523
0.588843
0.552532
0.519258
0.488724
0.460667
0.43485
0.411061
0.38911
0.368828
0.350062
0.332676
0.316546
0.301563
0.287626
0.274645
0.26254
0.251238
0.240672
0.230782
0.221514
0.21282
0.204653
0.196975
0.189746
0.182935
0.176509
0.170442
0.164707
0.159281
0.154141
0.14927
0.144647
0.140258
0.136085
0.132116
0.128336
0.124735
0.121301
0.118023
0.114892
0.1119
0.109037
0.106297
0.103673
0.101157
0.0987438
0.0964276
0.0942029
0.0920649
0.0900087
0.0880302
0.0861252
0.0842898
0.0825204
0.0808137
0.0791665
0.0775758
0.0760387
0.0745526
0.073115
0.0717234
0.0703757
0.0690696
0.0678031
0.0665743
0.0653814
0.0642225
0.063096
0.0620004
0.060934
0.0598955
0.0588835
0.0578966
0.0569337
0.0559937
0.0550755
0.0541782
0.053301
0.0524434
0.0516051
0.0507858
0.049986
0.0492065
0.0484486
0.0477148
0.0470085
0.0463349
0.045701
0.045117
0.0445966
0.044159
0.0438301
0.043644
0.961692
0.892185
0.829085
0.771728
0.719523
0.671944
0.628523
0.588843
0.552532
0.519258
0.488725
0.460667
0.43485
0.411061
0.38911
0.368828
0.350062
0.332676
0.316547
0.301563
0.287626
0.274645
0.262541
0.251238
0.240672
0.230782
0.221515
0.21282
0.204654
0.196975
0.189747
0.182936
0.17651
0.170443
0.164708
0.159282
0.154143
0.149271
0.144649
0.140259
0.136087
0.132117
0.128338
0.124737
0.121302
0.118025
0.114894
0.111902
0.10904
0.1063
0.103675
0.10116
0.0987465
0.0964303
0.0942058
0.0920678
0.0900119
0.0880334
0.0861285
0.0842932
0.082524
0.0808174
0.0791704
0.0775798
0.0760429
0.0745569
0.0731195
0.0717281
0.0703805
0.0690746
0.0678083
0.0665797
0.0653869
0.0642282
0.063102
0.0620066
0.0609404
0.0599022
0.0588904
0.0579038
0.0569412
0.0560014
0.0550834
0.0541864
0.0533096
0.0524523
0.0516142
0.0507953
0.0499958
0.0492165
0.0484589
0.0477253
0.0470193
0.0463458
0.0457121
0.0451281
0.0446078
0.0441703
0.0438412
0.0436552
0.961692
0.892185
0.829085
0.771728
0.719523
0.671944
0.628523
0.588843
0.552532
0.519258
0.488725
0.460668
0.43485
0.411061
0.38911
0.368828
0.350063
0.332676
0.316547
0.301563
0.287626
0.274646
0.262541
0.251239
0.240673
0.230783
0.221516
0.212821
0.204655
0.196976
0.189748
0.182937
0.176511
0.170444
0.164709
0.159283
0.154144
0.149272
0.14465
0.14026
0.136088
0.132119
0.12834
0.124739
0.121304
0.118027
0.114896
0.111904
0.109042
0.106302
0.103678
0.101162
0.0987491
0.096433
0.0942086
0.0920708
0.0900149
0.0880366
0.0861318
0.0842966
0.0825275
0.0808211
0.0791742
0.0775837
0.0760469
0.0745611
0.0731238
0.0717326
0.0703852
0.0690794
0.0678133
0.0665849
0.0653923
0.0642339
0.0631078
0.0620126
0.0609467
0.0599087
0.0588971
0.0579108
0.0569484
0.0560089
0.0550913
0.0541945
0.053318
0.052461
0.0516232
0.0508045
0.0500053
0.0492263
0.048469
0.0477357
0.0470298
0.0463565
0.0457229
0.0451391
0.0446188
0.0441813
0.0438522
0.0436661
0.961692
0.892185
0.829084
0.771728
0.719523
0.671944
0.628523
0.588843
0.552532
0.519258
0.488725
0.460668
0.43485
0.411061
0.38911
0.368828
0.350063
0.332677
0.316547
0.301564
0.287627
0.274646
0.262541
0.251239
0.240673
0.230784
0.221516
0.212822
0.204656
0.196977
0.189749
0.182938
0.176512
0.170445
0.16471
0.159284
0.154145
0.149274
0.144651
0.140262
0.13609
0.13212
0.128341
0.12474
0.121306
0.118029
0.114898
0.111906
0.109044
0.106304
0.10368
0.101164
0.0987516
0.0964357
0.0942113
0.0920736
0.0900178
0.0880397
0.086135
0.0842999
0.082531
0.0808247
0.0791779
0.0775876
0.0760509
0.0745653
0.0731281
0.071737
0.0703898
0.0690842
0.0678182
0.06659
0.0653976
0.0642394
0.0631135
0.0620185
0.0609528
0.059915
0.0589037
0.0579176
0.0569555
0.0560163
0.0550989
0.0542024
0.0533261
0.0524694
0.0516319
0.0508136
0.0500146
0.0492359
0.0484788
0.0477457
0.0470401
0.0463669
0.0457335
0.0451498
0.0446296
0.044192
0.043863
0.0436769
0.961692
0.892185
0.829084
0.771728
0.719523
0.671944
0.628523
0.588843
0.552532
0.519258
0.488725
0.460668
0.43485
0.411061
0.38911
0.368829
0.350063
0.332677
0.316547
0.301564
0.287627
0.274646
0.262542
0.251239
0.240673
0.230784
0.221517
0.212822
0.204656
0.196978
0.18975
0.182938
0.176513
0.170446
0.164711
0.159285
0.154146
0.149275
0.144653
0.140263
0.136091
0.132122
0.128343
0.124742
0.121308
0.11803
0.1149
0.111908
0.109046
0.106306
0.103682
0.101167
0.0987541
0.0964382
0.094214
0.0920764
0.0900207
0.0880426
0.0861381
0.0843031
0.0825343
0.0808281
0.0791815
0.0775913
0.0760548
0.0745693
0.0731322
0.0717413
0.0703942
0.0690888
0.067823
0.066595
0.0654028
0.0642447
0.0631191
0.0620243
0.0609588
0.0599212
0.0589101
0.0579243
0.0569624
0.0560234
0.0551063
0.0542101
0.0533341
0.0524777
0.0516405
0.0508224
0.0500237
0.0492452
0.0484884
0.0477555
0.0470501
0.0463771
0.0457438
0.0451602
0.0446401
0.0442025
0.0438735
0.0436873
0.961692
0.892185
0.829084
0.771728
0.719523
0.671944
0.628523
0.588843
0.552532
0.519258
0.488725
0.460668
0.43485
0.411061
0.389111
0.368829
0.350063
0.332677
0.316548
0.301564
0.287627
0.274647
0.262542
0.25124
0.240674
0.230784
0.221517
0.212823
0.204657
0.196978
0.18975
0.182939
0.176514
0.170447
0.164712
0.159286
0.154147
0.149276
0.144654
0.140264
0.136092
0.132123
0.128344
0.124743
0.12131
0.118032
0.114902
0.11191
0.109048
0.106309
0.103684
0.101169
0.0987564
0.0964407
0.0942166
0.0920791
0.0900235
0.0880455
0.0861411
0.0843063
0.0825375
0.0808315
0.0791849
0.0775949
0.0760585
0.0745731
0.0731363
0.0717455
0.0703985
0.0690933
0.0678277
0.0665998
0.0654078
0.0642499
0.0631244
0.0620298
0.0609646
0.0599272
0.0589163
0.0579307
0.0569691
0.0560304
0.0551135
0.0542176
0.0533418
0.0524857
0.0516487
0.0508309
0.0500325
0.0492543
0.0484977
0.0477651
0.0470598
0.046387
0.0457539
0.0451703
0.0446503
0.0442127
0.0438837
0.0436975
0.961692
0.892184
0.829084
0.771728
0.719523
0.671944
0.628523
0.588843
0.552532
0.519258
0.488725
0.460668
0.43485
0.411061
0.389111
0.368829
0.350063
0.332677
0.316548
0.301564
0.287627
0.274647
0.262542
0.25124
0.240674
0.230785
0.221518
0.212823
0.204657
0.196979
0.189751
0.18294
0.176515
0.170448
0.164713
0.159287
0.154148
0.149277
0.144655
0.140266
0.136094
0.132125
0.128346
0.124745
0.121311
0.118034
0.114904
0.111912
0.10905
0.106311
0.103687
0.101171
0.0987587
0.0964431
0.0942191
0.0920817
0.0900262
0.0880483
0.086144
0.0843093
0.0825407
0.0808347
0.0791883
0.0775984
0.0760621
0.0745769
0.0731401
0.0717495
0.0704027
0.0690976
0.0678321
0.0666044
0.0654126
0.0642549
0.0631296
0.0620352
0.0609701
0.059933
0.0589223
0.0579369
0.0569755
0.0560371
0.0551204
0.0542248
0.0533493
0.0524934
0.0516567
0.0508392
0.050041
0.0492631
0.0485067
0.0477743
0.0470692
0.0463966
0.0457636
0.0451801
0.0446601
0.0442226
0.0438935
0.0437073
0.961692
0.892184
0.829084
0.771728
0.719523
0.671944
0.628523
0.588843
0.552532
0.519258
0.488725
0.460668
0.43485
0.411061
0.389111
0.368829
0.350063
0.332677
0.316548
0.301565
0.287628
0.274647
0.262543
0.251241
0.240675
0.230785
0.221518
0.212824
0.204658
0.19698
0.189752
0.182941
0.176516
0.170449
0.164714
0.159288
0.154149
0.149278
0.144656
0.140267
0.136095
0.132126
0.128347
0.124747
0.121313
0.118036
0.114905
0.111914
0.109052
0.106313
0.103689
0.101173
0.0987609
0.0964454
0.0942215
0.0920841
0.0900288
0.088051
0.0861468
0.0843122
0.0825437
0.0808378
0.0791915
0.0776017
0.0760656
0.0745805
0.0731439
0.0717534
0.0704067
0.0691017
0.0678365
0.0666089
0.0654172
0.0642597
0.0631346
0.0620404
0.0609755
0.0599385
0.0589281
0.0579429
0.0569818
0.0560435
0.0551271
0.0542317
0.0533565
0.0525008
0.0516644
0.0508471
0.0500492
0.0492715
0.0485154
0.0477832
0.0470783
0.0464058
0.0457729
0.0451896
0.0446696
0.0442322
0.043903
0.0437168
0.961692
0.892184
0.829084
0.771727
0.719523
0.671944
0.628523
0.588843
0.552532
0.519258
0.488725
0.460668
0.434851
0.411061
0.389111
0.368829
0.350063
0.332677
0.316548
0.301565
0.287628
0.274648
0.262543
0.251241
0.240675
0.230786
0.221519
0.212824
0.204659
0.19698
0.189752
0.182941
0.176516
0.170449
0.164715
0.159289
0.15415
0.149279
0.144657
0.140268
0.136096
0.132127
0.128349
0.124748
0.121314
0.118037
0.114907
0.111915
0.109054
0.106314
0.103691
0.101175
0.0987631
0.0964476
0.0942237
0.0920865
0.0900313
0.0880536
0.0861494
0.0843149
0.0825465
0.0808408
0.0791946
0.0776049
0.0760689
0.0745839
0.0731474
0.0717571
0.0704105
0.0691057
0.0678406
0.0666132
0.0654216
0.0642643
0.0631393
0.0620453
0.0609806
0.0599439
0.0589336
0.0579486
0.0569877
0.0560497
0.0551335
0.0542383
0.0533633
0.052508
0.0516718
0.0508547
0.0500571
0.0492796
0.0485237
0.0477917
0.047087
0.0464147
0.0457819
0.0451987
0.0446788
0.0442413
0.0439122
0.0437259
0.961692
0.892184
0.829084
0.771727
0.719523
0.671944
0.628523
0.588843
0.552532
0.519258
0.488725
0.460668
0.434851
0.411061
0.389111
0.368829
0.350064
0.332678
0.316548
0.301565
0.287628
0.274648
0.262543
0.251241
0.240676
0.230786
0.221519
0.212825
0.204659
0.196981
0.189753
0.182942
0.176517
0.17045
0.164716
0.15929
0.154151
0.14928
0.144658
0.140269
0.136097
0.132129
0.12835
0.124749
0.121316
0.118039
0.114909
0.111917
0.109055
0.106316
0.103692
0.101177
0.0987651
0.0964497
0.0942259
0.0920888
0.0900336
0.088056
0.086152
0.0843176
0.0825493
0.0808437
0.0791976
0.077608
0.0760721
0.0745872
0.0731509
0.0717606
0.0704142
0.0691095
0.0678445
0.0666172
0.0654259
0.0642687
0.0631439
0.06205
0.0609855
0.0599489
0.0589389
0.0579541
0.0569934
0.0560556
0.0551396
0.0542447
0.0533699
0.0525148
0.0516788
0.050862
0.0500646
0.0492873
0.0485317
0.0477998
0.0470953
0.0464232
0.0457905
0.0452074
0.0446875
0.0442501
0.0439209
0.0437346
0.961692
0.892184
0.829084
0.771727
0.719523
0.671944
0.628523
0.588843
0.552532
0.519258
0.488725
0.460668
0.434851
0.411061
0.389111
0.368829
0.350064
0.332678
0.316548
0.301565
0.287628
0.274648
0.262544
0.251242
0.240676
0.230787
0.22152
0.212825
0.20466
0.196981
0.189754
0.182943
0.176518
0.170451
0.164716
0.159291
0.154152
0.149281
0.144659
0.14027
0.136098
0.13213
0.128351
0.124751
0.121317
0.11804
0.11491
0.111918
0.109057
0.106318
0.103694
0.101179
0.098767
0.0964517
0.094228
0.0920909
0.0900359
0.0880584
0.0861544
0.0843201
0.0825519
0.0808464
0.0792004
0.0776109
0.0760751
0.0745903
0.0731541
0.071764
0.0704177
0.0691131
0.0678483
0.0666211
0.0654299
0.0642728
0.0631482
0.0620545
0.0609902
0.0599538
0.0589439
0.0579593
0.0569988
0.0560612
0.0551455
0.0542507
0.0533762
0.0525212
0.0516855
0.0508689
0.0500717
0.0492947
0.0485392
0.0478076
0.0471033
0.0464313
0.0457987
0.0452156
0.0446958
0.0442584
0.0439293
0.0437429
0.961692
0.892184
0.829084
0.771727
0.719523
0.671944
0.628523
0.588843
0.552532
0.519258
0.488725
0.460668
0.434851
0.411062
0.389111
0.368829
0.350064
0.332678
0.316549
0.301565
0.287629
0.274648
0.262544
0.251242
0.240676
0.230787
0.22152
0.212826
0.20466
0.196982
0.189754
0.182943
0.176518
0.170452
0.164717
0.159291
0.154153
0.149282
0.14466
0.140271
0.136099
0.132131
0.128352
0.124752
0.121318
0.118041
0.114911
0.11192
0.109058
0.106319
0.103696
0.101181
0.0987688
0.0964536
0.09423
0.092093
0.090038
0.0880606
0.0861567
0.0843225
0.0825543
0.0808489
0.079203
0.0776136
0.076078
0.0745933
0.0731572
0.0717671
0.070421
0.0691165
0.0678518
0.0666248
0.0654337
0.0642768
0.0631523
0.0620588
0.0609946
0.0599583
0.0589487
0.0579643
0.0570039
0.0560665
0.055151
0.0542564
0.0533821
0.0525274
0.0516919
0.0508755
0.0500785
0.0493017
0.0485464
0.047815
0.0471108
0.0464389
0.0458065
0.0452235
0.0447037
0.0442663
0.0439372
0.0437508
0.961692
0.892184
0.829084
0.771727
0.719523
0.671944
0.628523
0.588843
0.552532
0.519258
0.488725
0.460668
0.434851
0.411062
0.389111
0.368829
0.350064
0.332678
0.316549
0.301566
0.287629
0.274649
0.262544
0.251242
0.240676
0.230787
0.22152
0.212826
0.20466
0.196982
0.189755
0.182944
0.176519
0.170452
0.164718
0.159292
0.154154
0.149283
0.144661
0.140272
0.1361
0.132132
0.128353
0.124753
0.121319
0.118043
0.114913
0.111921
0.10906
0.106321
0.103697
0.101183
0.0987705
0.0964553
0.0942318
0.0920949
0.09004
0.0880626
0.0861588
0.0843247
0.0825567
0.0808513
0.0792055
0.0776162
0.0760806
0.0745961
0.07316
0.0717701
0.0704241
0.0691198
0.0678551
0.0666282
0.0654373
0.0642805
0.0631562
0.0620628
0.0609987
0.0599626
0.0589531
0.0579689
0.0570087
0.0560715
0.0551561
0.0542618
0.0533877
0.0525331
0.0516978
0.0508817
0.0500849
0.0493082
0.0485532
0.0478219
0.0471179
0.0464462
0.0458138
0.0452309
0.0447112
0.0442738
0.0439446
0.0437582
0.961692
0.892184
0.829084
0.771727
0.719523
0.671944
0.628523
0.588843
0.552532
0.519258
0.488725
0.460668
0.434851
0.411062
0.389111
0.368829
0.350064
0.332678
0.316549
0.301566
0.287629
0.274649
0.262544
0.251242
0.240677
0.230788
0.221521
0.212827
0.204661
0.196983
0.189755
0.182944
0.17652
0.170453
0.164718
0.159293
0.154154
0.149284
0.144662
0.140273
0.136101
0.132133
0.128354
0.124754
0.121321
0.118044
0.114914
0.111923
0.109061
0.106322
0.103699
0.101184
0.0987721
0.096457
0.0942335
0.0920967
0.0900418
0.0880646
0.0861608
0.0843268
0.0825588
0.0808536
0.0792078
0.0776186
0.0760831
0.0745987
0.0731627
0.0717729
0.070427
0.0691228
0.0678582
0.0666315
0.0654406
0.0642839
0.0631598
0.0620665
0.0610026
0.0599667
0.0589573
0.0579732
0.0570132
0.0560762
0.055161
0.0542668
0.0533929
0.0525386
0.0517034
0.0508875
0.0500909
0.0493144
0.0485595
0.0478284
0.0471245
0.0464529
0.0458207
0.0452378
0.0447182
0.0442808
0.0439516
0.0437652
0.961692
0.892184
0.829084
0.771727
0.719523
0.671944
0.628523
0.588843
0.552532
0.519258
0.488725
0.460668
0.434851
0.411062
0.389111
0.368829
0.350064
0.332678
0.316549
0.301566
0.287629
0.274649
0.262545
0.251243
0.240677
0.230788
0.221521
0.212827
0.204661
0.196983
0.189756
0.182945
0.17652
0.170453
0.164719
0.159293
0.154155
0.149284
0.144663
0.140274
0.136102
0.132134
0.128355
0.124755
0.121322
0.118045
0.114915
0.111924
0.109062
0.106324
0.1037
0.101186
0.0987736
0.0964585
0.0942351
0.0920984
0.0900436
0.0880664
0.0861627
0.0843287
0.0825608
0.0808556
0.07921
0.0776209
0.0760855
0.0746011
0.0731652
0.0717755
0.0704297
0.0691255
0.0678611
0.0666345
0.0654437
0.0642872
0.0631631
0.06207
0.0610062
0.0599704
0.0589612
0.0579773
0.0570174
0.0560805
0.0551655
0.0542715
0.0533977
0.0525436
0.0517087
0.0508928
0.0500964
0.0493201
0.0485654
0.0478344
0.0471307
0.0464592
0.0458271
0.0452443
0.0447247
0.0442873
0.0439581
0.0437717
0.961692
0.892184
0.829084
0.771727
0.719523
0.671944
0.628523
0.588843
0.552532
0.519258
0.488725
0.460668
0.434851
0.411062
0.389111
0.36883
0.350064
0.332678
0.316549
0.301566
0.287629
0.274649
0.262545
0.251243
0.240677
0.230788
0.221521
0.212827
0.204662
0.196983
0.189756
0.182945
0.176521
0.170454
0.16472
0.159294
0.154156
0.149285
0.144663
0.140275
0.136103
0.132135
0.128356
0.124756
0.121323
0.118046
0.114916
0.111925
0.109064
0.106325
0.103701
0.101187
0.0987749
0.0964599
0.0942366
0.0920999
0.0900451
0.088068
0.0861644
0.0843305
0.0825627
0.0808576
0.079212
0.0776229
0.0760876
0.0746033
0.0731675
0.0717779
0.0704321
0.0691281
0.0678638
0.0666372
0.0654466
0.0642901
0.0631662
0.0620732
0.0610095
0.0599739
0.0589648
0.057981
0.0570213
0.0560845
0.0551697
0.0542758
0.0534022
0.0525482
0.0517135
0.0508978
0.0501016
0.0493254
0.0485708
0.04784
0.0471364
0.0464651
0.045833
0.0452503
0.0447307
0.0442934
0.0439642
0.0437777
0.961692
0.892184
0.829084
0.771727
0.719523
0.671944
0.628523
0.588843
0.552532
0.519258
0.488725
0.460668
0.434851
0.411062
0.389111
0.36883
0.350064
0.332678
0.316549
0.301566
0.287629
0.274649
0.262545
0.251243
0.240677
0.230788
0.221522
0.212828
0.204662
0.196984
0.189756
0.182946
0.176521
0.170454
0.16472
0.159295
0.154156
0.149286
0.144664
0.140275
0.136104
0.132135
0.128357
0.124757
0.121323
0.118047
0.114917
0.111926
0.109065
0.106326
0.103703
0.101188
0.0987762
0.0964612
0.0942379
0.0921013
0.0900466
0.0880695
0.086166
0.0843321
0.0825644
0.0808593
0.0792138
0.0776248
0.0760896
0.0746053
0.0731696
0.0717801
0.0704344
0.0691305
0.0678662
0.0666397
0.0654492
0.0642929
0.063169
0.0620761
0.0610126
0.059977
0.058968
0.0579844
0.0570248
0.0560882
0.0551735
0.0542798
0.0534063
0.0525525
0.0517179
0.0509024
0.0501063
0.0493303
0.0485758
0.0478451
0.0471417
0.0464704
0.0458384
0.0452558
0.0447362
0.0442989
0.0439697
0.0437832
0.961692
0.892184
0.829084
0.771727
0.719523
0.671944
0.628523
0.588843
0.552532
0.519258
0.488725
0.460668
0.434851
0.411062
0.389111
0.36883
0.350064
0.332678
0.316549
0.301566
0.287629
0.274649
0.262545
0.251243
0.240678
0.230789
0.221522
0.212828
0.204662
0.196984
0.189757
0.182946
0.176521
0.170455
0.164721
0.159295
0.154157
0.149286
0.144665
0.140276
0.136104
0.132136
0.128358
0.124757
0.121324
0.118048
0.114918
0.111927
0.109066
0.106327
0.103704
0.101189
0.0987773
0.0964624
0.0942392
0.0921025
0.0900479
0.0880709
0.0861674
0.0843336
0.0825659
0.0808609
0.0792155
0.0776265
0.0760913
0.0746072
0.0731715
0.071782
0.0704364
0.0691326
0.0678684
0.066642
0.0654516
0.0642953
0.0631716
0.0620787
0.0610153
0.0599799
0.058971
0.0579874
0.057028
0.0560915
0.0551769
0.0542833
0.05341
0.0525563
0.0517218
0.0509065
0.0501105
0.0493347
0.0485804
0.0478498
0.0471464
0.0464752
0.0458434
0.0452608
0.0447413
0.0443039
0.0439747
0.0437882
0.961692
0.892184
0.829084
0.771727
0.719523
0.671944
0.628523
0.588843
0.552532
0.519258
0.488725
0.460668
0.434851
0.411062
0.389111
0.36883
0.350064
0.332679
0.316549
0.301566
0.28763
0.27465
0.262545
0.251243
0.240678
0.230789
0.221522
0.212828
0.204662
0.196984
0.189757
0.182946
0.176522
0.170455
0.164721
0.159296
0.154157
0.149287
0.144665
0.140276
0.136105
0.132137
0.128358
0.124758
0.121325
0.118048
0.114919
0.111928
0.109066
0.106328
0.103705
0.10119
0.0987783
0.0964634
0.0942402
0.0921037
0.0900491
0.0880721
0.0861687
0.0843349
0.0825673
0.0808623
0.0792169
0.0776281
0.0760929
0.0746088
0.0731732
0.0717838
0.0704383
0.0691345
0.0678704
0.0666441
0.0654537
0.0642975
0.0631738
0.0620811
0.0610178
0.0599824
0.0589736
0.0579902
0.0570308
0.0560944
0.05518
0.0542865
0.0534133
0.0525598
0.0517254
0.0509102
0.0501143
0.0493386
0.0485844
0.0478539
0.0471507
0.0464796
0.0458478
0.0452652
0.0447457
0.0443084
0.0439792
0.0437927
0.961692
0.892184
0.829084
0.771727
0.719523
0.671944
0.628523
0.588843
0.552532
0.519258
0.488725
0.460668
0.434851
0.411062
0.389111
0.36883
0.350064
0.332679
0.316549
0.301566
0.28763
0.27465
0.262545
0.251243
0.240678
0.230789
0.221522
0.212828
0.204663
0.196985
0.189757
0.182947
0.176522
0.170456
0.164721
0.159296
0.154158
0.149287
0.144666
0.140277
0.136105
0.132137
0.128359
0.124759
0.121326
0.118049
0.114919
0.111928
0.109067
0.106329
0.103705
0.101191
0.0987792
0.0964644
0.0942412
0.0921047
0.0900501
0.0880732
0.0861698
0.0843361
0.0825685
0.0808636
0.0792182
0.0776294
0.0760943
0.0746102
0.0731747
0.0717854
0.0704399
0.0691361
0.0678721
0.0666459
0.0654555
0.0642994
0.0631758
0.0620832
0.0610199
0.0599846
0.058976
0.0579926
0.0570333
0.056097
0.0551827
0.0542894
0.0534163
0.0525628
0.0517285
0.0509134
0.0501177
0.0493421
0.048588
0.0478576
0.0471544
0.0464834
0.0458517
0.0452691
0.0447497
0.0443124
0.0439832
0.0437966
0.961692
0.892184
0.829084
0.771727
0.719523
0.671944
0.628523
0.588843
0.552532
0.519258
0.488725
0.460668
0.434851
0.411062
0.389111
0.36883
0.350064
0.332679
0.31655
0.301566
0.28763
0.27465
0.262545
0.251244
0.240678
0.230789
0.221522
0.212828
0.204663
0.196985
0.189757
0.182947
0.176522
0.170456
0.164722
0.159296
0.154158
0.149287
0.144666
0.140277
0.136106
0.132138
0.128359
0.124759
0.121326
0.118049
0.11492
0.111929
0.109068
0.106329
0.103706
0.101192
0.0987799
0.0964651
0.094242
0.0921055
0.090051
0.0880741
0.0861707
0.0843371
0.0825695
0.0808646
0.0792193
0.0776305
0.0760955
0.0746115
0.073176
0.0717867
0.0704412
0.0691376
0.0678736
0.0666474
0.0654571
0.0643011
0.0631775
0.0620849
0.0610218
0.0599866
0.058978
0.0579947
0.0570355
0.0560993
0.055185
0.0542918
0.0534188
0.0525654
0.0517312
0.0509162
0.0501206
0.0493451
0.048591
0.0478608
0.0471577
0.0464867
0.045855
0.0452725
0.0447531
0.0443158
0.0439866
0.0438
0.961692
0.892184
0.829084
0.771727
0.719523
0.671944
0.628523
0.588843
0.552532
0.519258
0.488725
0.460668
0.434851
0.411062
0.389111
0.36883
0.350064
0.332679
0.31655
0.301566
0.28763
0.27465
0.262545
0.251244
0.240678
0.230789
0.221522
0.212829
0.204663
0.196985
0.189758
0.182947
0.176523
0.170456
0.164722
0.159296
0.154158
0.149288
0.144666
0.140278
0.136106
0.132138
0.12836
0.12476
0.121326
0.11805
0.114921
0.111929
0.109068
0.10633
0.103707
0.101192
0.0987805
0.0964658
0.0942427
0.0921062
0.0900517
0.0880749
0.0861715
0.0843379
0.0825703
0.0808655
0.0792202
0.0776315
0.0760965
0.0746125
0.0731771
0.0717878
0.0704424
0.0691387
0.0678748
0.0666487
0.0654585
0.0643025
0.063179
0.0620864
0.0610233
0.0599882
0.0589796
0.0579964
0.0570373
0.0561012
0.055187
0.0542938
0.0534209
0.0525676
0.0517335
0.0509186
0.050123
0.0493476
0.0485936
0.0478634
0.0471604
0.0464895
0.0458578
0.0452754
0.044756
0.0443187
0.0439895
0.0438029
0.961692
0.892184
0.829084
0.771727
0.719523
0.671944
0.628523
0.588843
0.552532
0.519258
0.488725
0.460668
0.434851
0.411062
0.389111
0.36883
0.350064
0.332679
0.31655
0.301567
0.28763
0.27465
0.262546
0.251244
0.240678
0.230789
0.221523
0.212829
0.204663
0.196985
0.189758
0.182947
0.176523
0.170456
0.164722
0.159297
0.154159
0.149288
0.144667
0.140278
0.136106
0.132138
0.12836
0.12476
0.121327
0.11805
0.114921
0.11193
0.109069
0.10633
0.103707
0.101193
0.098781
0.0964663
0.0942432
0.0921068
0.0900523
0.0880755
0.0861722
0.0843385
0.082571
0.0808662
0.079221
0.0776323
0.0760973
0.0746133
0.0731779
0.0717887
0.0704433
0.0691397
0.0678758
0.0666497
0.0654595
0.0643036
0.0631801
0.0620876
0.0610245
0.0599895
0.058981
0.0579978
0.0570388
0.0561027
0.0551885
0.0542954
0.0534226
0.0525693
0.0517353
0.0509205
0.050125
0.0493496
0.0485957
0.0478656
0.0471626
0.0464917
0.0458601
0.0452777
0.0447583
0.0443211
0.0439918
0.0438052
0.961692
0.892184
0.829084
0.771727
0.719523
0.671944
0.628523
0.588843
0.552532
0.519258
0.488725
0.460668
0.434851
0.411062
0.389111
0.36883
0.350065
0.332679
0.31655
0.301567
0.28763
0.27465
0.262546
0.251244
0.240678
0.230789
0.221523
0.212829
0.204663
0.196985
0.189758
0.182947
0.176523
0.170456
0.164722
0.159297
0.154159
0.149288
0.144667
0.140278
0.136107
0.132138
0.12836
0.12476
0.121327
0.118051
0.114921
0.11193
0.109069
0.106331
0.103707
0.101193
0.0987814
0.0964667
0.0942436
0.0921072
0.0900528
0.0880759
0.0861726
0.084339
0.0825715
0.0808668
0.0792215
0.0776328
0.0760979
0.0746139
0.0731786
0.0717893
0.070444
0.0691404
0.0678765
0.0666505
0.0654603
0.0643044
0.063181
0.0620885
0.0610255
0.0599904
0.058982
0.0579989
0.0570398
0.0561038
0.0551897
0.0542967
0.0534238
0.0525707
0.0517367
0.0509219
0.0501265
0.0493511
0.0485973
0.0478672
0.0471643
0.0464935
0.0458619
0.0452795
0.0447601
0.0443228
0.0439936
0.043807
0.961692
0.892184
0.829084
0.771727
0.719523
0.671944
0.628523
0.588843
0.552532
0.519258
0.488725
0.460668
0.434851
0.411062
0.389112
0.36883
0.350065
0.332679
0.31655
0.301567
0.28763
0.27465
0.262546
0.251244
0.240678
0.230789
0.221523
0.212829
0.204663
0.196985
0.189758
0.182947
0.176523
0.170456
0.164722
0.159297
0.154159
0.149288
0.144667
0.140278
0.136107
0.132139
0.12836
0.12476
0.121327
0.118051
0.114921
0.11193
0.109069
0.106331
0.103708
0.101193
0.0987817
0.096467
0.0942439
0.0921075
0.0900531
0.0880762
0.0861729
0.0843394
0.0825719
0.0808671
0.0792219
0.0776332
0.0760983
0.0746144
0.073179
0.0717898
0.0704445
0.0691409
0.067877
0.066651
0.0654609
0.0643049
0.0631816
0.0620891
0.0610261
0.0599911
0.0589827
0.0579996
0.0570406
0.0561046
0.0551905
0.0542975
0.0534247
0.0525716
0.0517377
0.0509229
0.0501275
0.0493522
0.0485984
0.0478683
0.0471654
0.0464946
0.0458631
0.0452807
0.0447613
0.0443241
0.0439948
0.0438082
0.961692
0.892184
0.829084
0.771727
0.719523
0.671944
0.628523
0.588843
0.552532
0.519258
0.488725
0.460668
0.434851
0.411062
0.389112
0.36883
0.350065
0.332679
0.31655
0.301567
0.28763
0.27465
0.262546
0.251244
0.240678
0.230789
0.221523
0.212829
0.204663
0.196985
0.189758
0.182947
0.176523
0.170457
0.164722
0.159297
0.154159
0.149288
0.144667
0.140278
0.136107
0.132139
0.128361
0.12476
0.121327
0.118051
0.114922
0.11193
0.109069
0.106331
0.103708
0.101193
0.0987818
0.0964671
0.094244
0.0921076
0.0900532
0.0880764
0.0861731
0.0843395
0.082572
0.0808673
0.0792221
0.0776334
0.0760985
0.0746146
0.0731792
0.07179
0.0704447
0.0691411
0.0678773
0.0666512
0.0654611
0.0643052
0.0631819
0.0620894
0.0610264
0.0599914
0.058983
0.0579999
0.057041
0.056105
0.0551909
0.0542979
0.0534252
0.052572
0.0517382
0.0509234
0.050128
0.0493528
0.048599
0.0478689
0.0471661
0.0464953
0.0458637
0.0452814
0.044762
0.0443247
0.0439955
0.0438089
0.961692
0.892184
0.829084
0.771727
0.719523
0.671944
0.628523
0.588843
0.552532
0.519258
0.488725
0.460668
0.434851
0.411062
0.389112
0.36883
0.350065
0.332679
0.31655
0.301567
0.28763
0.27465
0.262546
0.251244
0.240678
0.230789
0.221523
0.212829
0.204663
0.196985
0.189758
0.182947
0.176523
0.170457
0.164722
0.159297
0.154159
0.149288
0.144667
0.140278
0.136107
0.132139
0.128361
0.12476
0.121327
0.118051
0.114922
0.11193
0.109069
0.106331
0.103708
0.101193
0.0987818
0.0964671
0.094244
0.0921076
0.0900532
0.0880764
0.0861731
0.0843395
0.082572
0.0808673
0.0792221
0.0776334
0.0760984
0.0746145
0.0731792
0.07179
0.0704447
0.0691411
0.0678773
0.0666512
0.0654611
0.0643052
0.0631819
0.0620894
0.0610264
0.0599914
0.058983
0.0579999
0.057041
0.056105
0.055191
0.054298
0.0534252
0.0525721
0.0517382
0.0509235
0.0501281
0.0493528
0.0485991
0.047869
0.0471661
0.0464954
0.0458638
0.0452815
0.0447621
0.0443249
0.0439956
0.043809
0.961692
0.892184
0.829084
0.771727
0.719523
0.671944
0.628523
0.588843
0.552532
0.519258
0.488725
0.460668
0.434851
0.411062
0.389112
0.36883
0.350065
0.332679
0.31655
0.301567
0.28763
0.27465
0.262546
0.251244
0.240678
0.230789
0.221523
0.212829
0.204663
0.196985
0.189758
0.182947
0.176523
0.170456
0.164722
0.159297
0.154159
0.149288
0.144667
0.140278
0.136107
0.132139
0.12836
0.12476
0.121327
0.118051
0.114921
0.11193
0.109069
0.106331
0.103708
0.101193
0.0987816
0.096467
0.0942439
0.0921075
0.090053
0.0880762
0.0861729
0.0843393
0.0825719
0.0808671
0.0792219
0.0776332
0.0760982
0.0746143
0.073179
0.0717898
0.0704444
0.0691409
0.067877
0.066651
0.0654609
0.0643049
0.0631816
0.0620891
0.0610261
0.0599911
0.0589827
0.0579996
0.0570406
0.0561046
0.0551906
0.0542976
0.0534248
0.0525717
0.0517378
0.0509231
0.0501277
0.0493524
0.0485987
0.0478686
0.0471657
0.046495
0.0458634
0.045281
0.0447617
0.0443244
0.0439952
0.0438086
0.961692
0.892184
0.829084
0.771727
0.719523
0.671944
0.628523
0.588843
0.552532
0.519258
0.488725
0.460668
0.434851
0.411062
0.389111
0.36883
0.350065
0.332679
0.31655
0.301567
0.28763
0.27465
0.262546
0.251244
0.240678
0.230789
0.221523
0.212829
0.204663
0.196985
0.189758
0.182947
0.176523
0.170456
0.164722
0.159297
0.154159
0.149288
0.144667
0.140278
0.136107
0.132138
0.12836
0.12476
0.121327
0.118051
0.114921
0.11193
0.109069
0.106331
0.103707
0.101193
0.0987814
0.0964667
0.0942436
0.0921072
0.0900527
0.0880759
0.0861726
0.084339
0.0825715
0.0808667
0.0792215
0.0776328
0.0760978
0.0746139
0.0731785
0.0717893
0.070444
0.0691404
0.0678765
0.0666504
0.0654603
0.0643044
0.063181
0.0620885
0.0610255
0.0599905
0.058982
0.0579989
0.0570399
0.0561039
0.0551899
0.0542968
0.053424
0.0525709
0.051737
0.0509222
0.0501268
0.0493515
0.0485977
0.0478677
0.0471648
0.046494
0.0458624
0.0452801
0.0447607
0.0443234
0.0439942
0.0438076
0.961692
0.892184
0.829084
0.771727
0.719523
0.671944
0.628523
0.588843
0.552532
0.519258
0.488725
0.460668
0.434851
0.411062
0.389111
0.36883
0.350064
0.332679
0.31655
0.301567
0.28763
0.27465
0.262546
0.251244
0.240678
0.230789
0.221523
0.212829
0.204663
0.196985
0.189758
0.182947
0.176523
0.170456
0.164722
0.159297
0.154159
0.149288
0.144667
0.140278
0.136106
0.132138
0.12836
0.12476
0.121327
0.11805
0.114921
0.11193
0.109069
0.10633
0.103707
0.101193
0.098781
0.0964663
0.0942432
0.0921067
0.0900523
0.0880754
0.0861721
0.0843385
0.082571
0.0808662
0.0792209
0.0776322
0.0760972
0.0746133
0.0731779
0.0717886
0.0704433
0.0691397
0.0678758
0.0666497
0.0654595
0.0643036
0.0631801
0.0620876
0.0610246
0.0599895
0.058981
0.0579979
0.0570389
0.0561028
0.0551887
0.0542957
0.0534228
0.0525697
0.0517357
0.0509209
0.0501255
0.0493501
0.0485963
0.0478662
0.0471633
0.0464925
0.0458609
0.0452785
0.0447592
0.0443219
0.0439926
0.0438061
0.961692
0.892184
0.829084
0.771727
0.719523
0.671944
0.628523
0.588843
0.552532
0.519258
0.488725
0.460668
0.434851
0.411062
0.389111
0.36883
0.350064
0.332679
0.31655
0.301566
0.28763
0.27465
0.262545
0.251244
0.240678
0.230789
0.221522
0.212829
0.204663
0.196985
0.189758
0.182947
0.176523
0.170456
0.164722
0.159296
0.154158
0.149288
0.144666
0.140278
0.136106
0.132138
0.12836
0.12476
0.121326
0.11805
0.114921
0.111929
0.109068
0.10633
0.103707
0.101192
0.0987805
0.0964658
0.0942426
0.0921062
0.0900517
0.0880748
0.0861715
0.0843378
0.0825703
0.0808655
0.0792202
0.0776314
0.0760964
0.0746124
0.073177
0.0717877
0.0704423
0.0691387
0.0678748
0.0666486
0.0654584
0.0643024
0.063179
0.0620865
0.0610234
0.0599882
0.0589797
0.0579965
0.0570375
0.0561014
0.0551872
0.0542941
0.0534212
0.052568
0.051734
0.0509191
0.0501237
0.0493483
0.0485944
0.0478643
0.0471613
0.0464905
0.0458589
0.0452765
0.0447571
0.0443198
0.0439906
0.043804
0.961692
0.892184
0.829084
0.771727
0.719523
0.671944
0.628523
0.588843
0.552532
0.519258
0.488725
0.460668
0.434851
0.411062
0.389111
0.36883
0.350064
0.332679
0.31655
0.301566
0.28763
0.27465
0.262545
0.251244
0.240678
0.230789
0.221522
0.212828
0.204663
0.196985
0.189757
0.182947
0.176522
0.170456
0.164722
0.159296
0.154158
0.149287
0.144666
0.140277
0.136106
0.132138
0.128359
0.124759
0.121326
0.118049
0.11492
0.111929
0.109068
0.106329
0.103706
0.101192
0.0987799
0.0964651
0.094242
0.0921055
0.0900509
0.088074
0.0861707
0.084337
0.0825694
0.0808646
0.0792192
0.0776305
0.0760954
0.0746114
0.0731759
0.0717866
0.0704412
0.0691375
0.0678735
0.0666473
0.0654571
0.0643011
0.0631776
0.062085
0.0610218
0.0599866
0.0589781
0.0579948
0.0570357
0.0560995
0.0551853
0.0542921
0.0534192
0.0525659
0.0517318
0.0509169
0.0501214
0.0493459
0.048592
0.0478618
0.0471588
0.0464879
0.0458563
0.0452738
0.0447544
0.0443172
0.0439879
0.0438014
0.961692
0.892184
0.829084
0.771727
0.719523
0.671944
0.628523
0.588843
0.552532
0.519258
0.488725
0.460668
0.434851
0.411062
0.389111
0.36883
0.350064
0.332679
0.316549
0.301566
0.28763
0.27465
0.262545
0.251243
0.240678
0.230789
0.221522
0.212828
0.204663
0.196985
0.189757
0.182947
0.176522
0.170456
0.164721
0.159296
0.154158
0.149287
0.144666
0.140277
0.136105
0.132137
0.128359
0.124759
0.121325
0.118049
0.114919
0.111928
0.109067
0.106329
0.103705
0.101191
0.0987791
0.0964643
0.0942411
0.0921046
0.09005
0.0880731
0.0861697
0.084336
0.0825684
0.0808635
0.0792181
0.0776293
0.0760942
0.0746102
0.0731746
0.0717853
0.0704398
0.0691361
0.067872
0.0666458
0.0654555
0.0642994
0.0631758
0.0620832
0.06102
0.0599847
0.0589761
0.0579928
0.0570336
0.0560974
0.0551831
0.0542898
0.0534168
0.0525634
0.0517293
0.0509143
0.0501186
0.0493431
0.0485891
0.0478589
0.0471558
0.0464848
0.0458532
0.0452707
0.0447513
0.044314
0.0439848
0.0437982
0.961692
0.892184
0.829084
0.771727
0.719523
0.671944
0.628523
0.588843
0.552532
0.519258
0.488725
0.460668
0.434851
0.411062
0.389111
0.36883
0.350064
0.332679
0.316549
0.301566
0.28763
0.27465
0.262545
0.251243
0.240678
0.230789
0.221522
0.212828
0.204662
0.196984
0.189757
0.182946
0.176522
0.170455
0.164721
0.159295
0.154157
0.149287
0.144665
0.140276
0.136105
0.132137
0.128358
0.124758
0.121325
0.118048
0.114919
0.111928
0.109066
0.106328
0.103704
0.10119
0.0987782
0.0964634
0.0942402
0.0921036
0.090049
0.088072
0.0861686
0.0843348
0.0825672
0.0808622
0.0792168
0.077628
0.0760928
0.0746087
0.0731731
0.0717837
0.0704382
0.0691344
0.0678703
0.066644
0.0654537
0.0642975
0.0631739
0.0620811
0.0610179
0.0599825
0.0589738
0.0579904
0.0570311
0.0560948
0.0551804
0.0542871
0.053414
0.0525605
0.0517263
0.0509112
0.0501154
0.0493398
0.0485857
0.0478554
0.0471522
0.0464812
0.0458495
0.045267
0.0447476
0.0443103
0.0439811
0.0437945
0.961692
0.892184
0.829084
0.771727
0.719523
0.671944
0.628523
0.588843
0.552532
0.519258
0.488725
0.460668
0.434851
0.411062
0.389111
0.36883
0.350064
0.332678
0.316549
0.301566
0.287629
0.274649
0.262545
0.251243
0.240678
0.230789
0.221522
0.212828
0.204662
0.196984
0.189757
0.182946
0.176521
0.170455
0.164721
0.159295
0.154157
0.149286
0.144665
0.140276
0.136104
0.132136
0.128358
0.124757
0.121324
0.118048
0.114918
0.111927
0.109066
0.106327
0.103704
0.101189
0.0987772
0.0964623
0.0942391
0.0921025
0.0900478
0.0880708
0.0861673
0.0843335
0.0825658
0.0808608
0.0792153
0.0776264
0.0760912
0.0746071
0.0731714
0.071782
0.0704364
0.0691325
0.0678684
0.066642
0.0654516
0.0642953
0.0631716
0.0620788
0.0610154
0.05998
0.0589712
0.0579877
0.0570283
0.0560919
0.0551774
0.054284
0.0534108
0.0525572
0.0517228
0.0509076
0.0501118
0.0493361
0.0485819
0.0478515
0.0471482
0.0464772
0.0458454
0.0452628
0.0447434
0.0443061
0.0439769
0.0437903
0.961692
0.892184
0.829084
0.771727
0.719523
0.671944
0.628523
0.588843
0.552532
0.519258
0.488725
0.460668
0.434851
0.411062
0.389111
0.36883
0.350064
0.332678
0.316549
0.301566
0.287629
0.274649
0.262545
0.251243
0.240677
0.230788
0.221522
0.212828
0.204662
0.196984
0.189756
0.182946
0.176521
0.170454
0.16472
0.159295
0.154156
0.149285
0.144664
0.140275
0.136104
0.132135
0.128357
0.124757
0.121323
0.118047
0.114917
0.111926
0.109065
0.106326
0.103702
0.101188
0.0987761
0.0964611
0.0942378
0.0921012
0.0900465
0.0880694
0.0861659
0.084332
0.0825643
0.0808592
0.0792137
0.0776247
0.0760894
0.0746052
0.0731695
0.07178
0.0704343
0.0691304
0.0678662
0.0666397
0.0654492
0.0642929
0.0631691
0.0620762
0.0610127
0.0599772
0.0589683
0.0579847
0.0570252
0.0560887
0.0551741
0.0542805
0.0534072
0.0525535
0.051719
0.0509036
0.0501077
0.0493319
0.0485776
0.0478471
0.0471437
0.0464726
0.0458407
0.0452581
0.0447387
0.0443013
0.0439721
0.0437856
0.961692
0.892184
0.829084
0.771727
0.719523
0.671944
0.628523
0.588843
0.552532
0.519258
0.488725
0.460668
0.434851
0.411062
0.389111
0.36883
0.350064
0.332678
0.316549
0.301566
0.287629
0.274649
0.262545
0.251243
0.240677
0.230788
0.221521
0.212827
0.204662
0.196983
0.189756
0.182945
0.176521
0.170454
0.16472
0.159294
0.154156
0.149285
0.144663
0.140275
0.136103
0.132134
0.128356
0.124756
0.121322
0.118046
0.114916
0.111925
0.109064
0.106325
0.103701
0.101187
0.0987748
0.0964598
0.0942365
0.0920998
0.090045
0.0880679
0.0861643
0.0843304
0.0825626
0.0808574
0.0792119
0.0776228
0.0760875
0.0746032
0.0731674
0.0717778
0.070432
0.069128
0.0678637
0.0666372
0.0654466
0.0642902
0.0631663
0.0620733
0.0610097
0.0599741
0.0589651
0.0579814
0.0570217
0.0560851
0.0551704
0.0542766
0.0534032
0.0525493
0.0517147
0.0508993
0.0501032
0.0493272
0.0485728
0.0478422
0.0471387
0.0464675
0.0458356
0.045253
0.0447334
0.0442961
0.0439669
0.0437804
0.961692
0.892184
0.829084
0.771727
0.719523
0.671944
0.628523
0.588843
0.552532
0.519258
0.488725
0.460668
0.434851
0.411062
0.389111
0.368829
0.350064
0.332678
0.316549
0.301566
0.287629
0.274649
0.262545
0.251243
0.240677
0.230788
0.221521
0.212827
0.204661
0.196983
0.189755
0.182945
0.17652
0.170453
0.164719
0.159293
0.154155
0.149284
0.144663
0.140274
0.136102
0.132134
0.128355
0.124755
0.121322
0.118045
0.114915
0.111924
0.109062
0.106324
0.1037
0.101185
0.0987735
0.0964584
0.094235
0.0920982
0.0900434
0.0880662
0.0861626
0.0843286
0.0825607
0.0808555
0.0792099
0.0776207
0.0760853
0.074601
0.0731651
0.0717754
0.0704296
0.0691255
0.0678611
0.0666344
0.0654437
0.0642872
0.0631632
0.0620701
0.0610064
0.0599707
0.0589615
0.0579777
0.057018
0.0560812
0.0551663
0.0542724
0.0533988
0.0525448
0.0517101
0.0508945
0.0500982
0.0493222
0.0485676
0.0478368
0.0471333
0.046462
0.04583
0.0452473
0.0447277
0.0442904
0.0439612
0.0437747
0.961692
0.892184
0.829084
0.771727
0.719523
0.671944
0.628523
0.588843
0.552532
0.519258
0.488725
0.460668
0.434851
0.411062
0.389111
0.368829
0.350064
0.332678
0.316549
0.301566
0.287629
0.274649
0.262544
0.251242
0.240677
0.230788
0.221521
0.212827
0.204661
0.196983
0.189755
0.182944
0.17652
0.170453
0.164718
0.159293
0.154154
0.149284
0.144662
0.140273
0.136101
0.132133
0.128354
0.124754
0.12132
0.118044
0.114914
0.111923
0.109061
0.106322
0.103699
0.101184
0.098772
0.0964569
0.0942334
0.0920966
0.0900417
0.0880644
0.0861607
0.0843266
0.0825587
0.0808534
0.0792077
0.0776185
0.076083
0.0745985
0.0731626
0.0717728
0.0704269
0.0691227
0.0678582
0.0666315
0.0654406
0.064284
0.0631599
0.0620667
0.0610028
0.059967
0.0589577
0.0579737
0.0570138
0.0560769
0.0551619
0.0542679
0.0533941
0.05254
0.0517051
0.0508893
0.0500929
0.0493167
0.048562
0.0478311
0.0471274
0.046456
0.0458239
0.0452411
0.0447215
0.0442842
0.043955
0.0437686
0.961692
0.892184
0.829084
0.771727
0.719523
0.671944
0.628523
0.588843
0.552532
0.519258
0.488725
0.460668
0.434851
0.411062
0.389111
0.368829
0.350064
0.332678
0.316549
0.301566
0.287629
0.274649
0.262544
0.251242
0.240676
0.230787
0.22152
0.212826
0.20466
0.196982
0.189755
0.182944
0.176519
0.170452
0.164718
0.159292
0.154154
0.149283
0.144661
0.140272
0.1361
0.132132
0.128353
0.124753
0.121319
0.118042
0.114913
0.111921
0.10906
0.106321
0.103697
0.101182
0.0987704
0.0964552
0.0942317
0.0920948
0.0900398
0.0880625
0.0861587
0.0843245
0.0825565
0.0808512
0.0792054
0.0776161
0.0760805
0.0745959
0.0731599
0.07177
0.070424
0.0691197
0.0678551
0.0666282
0.0654373
0.0642806
0.0631563
0.062063
0.060999
0.059963
0.0589536
0.0579695
0.0570094
0.0560723
0.0551572
0.054263
0.053389
0.0525347
0.0516996
0.0508837
0.0500872
0.0493107
0.0485559
0.0478249
0.0471211
0.0464495
0.0458174
0.0452345
0.0447149
0.0442775
0.0439484
0.0437619
0.961692
0.892184
0.829084
0.771727
0.719523
0.671944
0.628523
0.588843
0.552532
0.519258
0.488725
0.460668
0.434851
0.411062
0.389111
0.368829
0.350064
0.332678
0.316549
0.301565
0.287629
0.274648
0.262544
0.251242
0.240676
0.230787
0.22152
0.212826
0.20466
0.196982
0.189754
0.182943
0.176518
0.170452
0.164717
0.159291
0.154153
0.149282
0.14466
0.140271
0.136099
0.132131
0.128352
0.124752
0.121318
0.118041
0.114911
0.11192
0.109058
0.106319
0.103696
0.101181
0.0987687
0.0964534
0.0942298
0.0920928
0.0900378
0.0880604
0.0861565
0.0843223
0.0825542
0.0808488
0.0792029
0.0776135
0.0760778
0.0745932
0.073157
0.071767
0.0704209
0.0691165
0.0678518
0.0666248
0.0654338
0.0642769
0.0631525
0.062059
0.0609949
0.0599588
0.0589492
0.0579649
0.0570047
0.0560674
0.0551521
0.0542578
0.0533836
0.0525291
0.0516939
0.0508777
0.050081
0.0493044
0.0485494
0.0478182
0.0471143
0.0464426
0.0458104
0.0452275
0.0447078
0.0442704
0.0439413
0.0437549
0.961692
0.892184
0.829084
0.771727
0.719523
0.671944
0.628523
0.588843
0.552532
0.519258
0.488725
0.460668
0.434851
0.411062
0.389111
0.368829
0.350064
0.332678
0.316548
0.301565
0.287628
0.274648
0.262544
0.251242
0.240676
0.230787
0.22152
0.212825
0.20466
0.196981
0.189753
0.182943
0.176518
0.170451
0.164716
0.159291
0.154152
0.149281
0.144659
0.14027
0.136098
0.13213
0.128351
0.12475
0.121317
0.11804
0.11491
0.111918
0.109057
0.106318
0.103694
0.101179
0.0987668
0.0964515
0.0942279
0.0920908
0.0900357
0.0880582
0.0861542
0.0843199
0.0825517
0.0808462
0.0792002
0.0776107
0.076075
0.0745902
0.073154
0.0717639
0.0704176
0.0691131
0.0678483
0.0666212
0.06543
0.064273
0.0631484
0.0620548
0.0609906
0.0599543
0.0589445
0.0579601
0.0569997
0.0560623
0.0551467
0.0542522
0.0533779
0.0525232
0.0516877
0.0508714
0.0500745
0.0492977
0.0485426
0.0478112
0.0471071
0.0464353
0.045803
0.04522
0.0447003
0.0442629
0.0439338
0.0437474
0.961692
0.892184
0.829084
0.771727
0.719523
0.671944
0.628523
0.588843
0.552532
0.519258
0.488725
0.460668
0.434851
0.411061
0.389111
0.368829
0.350064
0.332678
0.316548
0.301565
0.287628
0.274648
0.262543
0.251241
0.240676
0.230786
0.221519
0.212825
0.204659
0.196981
0.189753
0.182942
0.176517
0.17045
0.164716
0.15929
0.154151
0.14928
0.144658
0.140269
0.136097
0.132128
0.12835
0.124749
0.121316
0.118038
0.114909
0.111917
0.109055
0.106316
0.103692
0.101177
0.0987649
0.0964495
0.0942258
0.0920886
0.0900335
0.0880559
0.0861518
0.0843174
0.0825491
0.0808435
0.0791974
0.0776078
0.076072
0.0745871
0.0731507
0.0717605
0.0704142
0.0691095
0.0678445
0.0666173
0.065426
0.0642688
0.0631442
0.0620504
0.060986
0.0599495
0.0589396
0.057955
0.0569944
0.0560568
0.0551411
0.0542463
0.0533718
0.0525169
0.0516813
0.0508647
0.0500676
0.0492907
0.0485353
0.0478038
0.0470996
0.0464277
0.0457952
0.0452122
0.0446924
0.044255
0.0439258
0.0437395
0.961692
0.892184
0.829084
0.771727
0.719523
0.671944
0.628523
0.588843
0.552532
0.519258
0.488725
0.460668
0.434851
0.411061
0.389111
0.368829
0.350063
0.332678
0.316548
0.301565
0.287628
0.274648
0.262543
0.251241
0.240675
0.230786
0.221519
0.212824
0.204659
0.19698
0.189752
0.182941
0.176516
0.170449
0.164715
0.159289
0.15415
0.149279
0.144657
0.140268
0.136096
0.132127
0.128349
0.124748
0.121314
0.118037
0.114907
0.111915
0.109053
0.106314
0.10369
0.101175
0.0987629
0.0964474
0.0942236
0.0920864
0.0900311
0.0880534
0.0861493
0.0843148
0.0825464
0.0808407
0.0791945
0.0776048
0.0760688
0.0745838
0.0731474
0.071757
0.0704105
0.0691057
0.0678406
0.0666133
0.0654218
0.0642645
0.0631397
0.0620457
0.0609812
0.0599445
0.0589344
0.0579496
0.0569889
0.056051
0.0551351
0.0542402
0.0533655
0.0525103
0.0516745
0.0508577
0.0500604
0.0492833
0.0485277
0.047796
0.0470916
0.0464196
0.045787
0.0452039
0.0446841
0.0442467
0.0439175
0.0437312
0.961692
0.892184
0.829084
0.771728
0.719523
0.671944
0.628523
0.588843
0.552532
0.519258
0.488725
0.460668
0.43485
0.411061
0.389111
0.368829
0.350063
0.332677
0.316548
0.301565
0.287628
0.274647
0.262543
0.251241
0.240675
0.230785
0.221518
0.212824
0.204658
0.19698
0.189752
0.182941
0.176516
0.170449
0.164714
0.159288
0.154149
0.149278
0.144656
0.140267
0.136095
0.132126
0.128347
0.124746
0.121313
0.118035
0.114905
0.111913
0.109052
0.106312
0.103688
0.101173
0.0987608
0.0964452
0.0942213
0.092084
0.0900286
0.0880508
0.0861466
0.084312
0.0825435
0.0808377
0.0791914
0.0776016
0.0760655
0.0745804
0.0731438
0.0717533
0.0704067
0.0691018
0.0678365
0.066609
0.0654174
0.0642599
0.063135
0.0620408
0.0609761
0.0599393
0.058929
0.057944
0.0569831
0.056045
0.0551289
0.0542337
0.0533588
0.0525035
0.0516674
0.0508504
0.0500529
0.0492755
0.0485198
0.0477879
0.0470833
0.0464111
0.0457785
0.0451953
0.0446754
0.044238
0.0439089
0.0437226
0.961692
0.892184
0.829084
0.771728
0.719523
0.671944
0.628523
0.588843
0.552532
0.519258
0.488725
0.460668
0.43485
0.411061
0.389111
0.368829
0.350063
0.332677
0.316548
0.301564
0.287627
0.274647
0.262542
0.25124
0.240674
0.230785
0.221518
0.212823
0.204657
0.196979
0.189751
0.18294
0.176515
0.170448
0.164713
0.159287
0.154148
0.149277
0.144655
0.140266
0.136094
0.132125
0.128346
0.124745
0.121311
0.118034
0.114904
0.111912
0.10905
0.10631
0.103686
0.101171
0.0987586
0.0964429
0.0942189
0.0920815
0.090026
0.0880482
0.0861438
0.0843091
0.0825405
0.0808346
0.0791881
0.0775982
0.076062
0.0745768
0.0731401
0.0717495
0.0704027
0.0690976
0.0678323
0.0666046
0.0654128
0.0642552
0.0631301
0.0620358
0.0609708
0.0599338
0.0589234
0.0579382
0.056977
0.0560388
0.0551224
0.054227
0.0533519
0.0524963
0.05166
0.0508428
0.050045
0.0492675
0.0485115
0.0477794
0.0470747
0.0464024
0.0457696
0.0451863
0.0446664
0.044229
0.0438998
0.0437136
0.961692
0.892185
0.829084
0.771728
0.719523
0.671944
0.628523
0.588843
0.552532
0.519258
0.488725
0.460668
0.43485
0.411061
0.389111
0.368829
0.350063
0.332677
0.316548
0.301564
0.287627
0.274647
0.262542
0.25124
0.240674
0.230784
0.221517
0.212823
0.204657
0.196978
0.18975
0.182939
0.176514
0.170447
0.164712
0.159286
0.154147
0.149276
0.144654
0.140264
0.136092
0.132123
0.128344
0.124743
0.121309
0.118032
0.114902
0.11191
0.109048
0.106308
0.103684
0.101169
0.0987563
0.0964405
0.0942164
0.0920789
0.0900233
0.0880454
0.0861409
0.0843061
0.0825374
0.0808313
0.0791848
0.0775948
0.0760584
0.0745731
0.0731362
0.0717455
0.0703986
0.0690934
0.0678278
0.0666
0.0654081
0.0642503
0.063125
0.0620305
0.0609654
0.0599282
0.0589175
0.0579321
0.0569707
0.0560323
0.0551157
0.0542201
0.0533447
0.0524889
0.0516523
0.0508349
0.0500369
0.0492591
0.0485029
0.0477707
0.0470658
0.0463933
0.0457604
0.045177
0.0446571
0.0442196
0.0438905
0.0437043
0.961692
0.892185
0.829084
0.771728
0.719523
0.671944
0.628523
0.588843
0.552532
0.519258
0.488725
0.460668
0.43485
0.411061
0.38911
0.368829
0.350063
0.332677
0.316547
0.301564
0.287627
0.274646
0.262542
0.251239
0.240673
0.230784
0.221517
0.212822
0.204656
0.196978
0.18975
0.182938
0.176513
0.170446
0.164711
0.159285
0.154146
0.149275
0.144653
0.140263
0.136091
0.132122
0.128343
0.124742
0.121308
0.11803
0.1149
0.111908
0.109046
0.106306
0.103682
0.101167
0.0987539
0.0964381
0.0942138
0.0920762
0.0900205
0.0880425
0.0861379
0.084303
0.0825341
0.080828
0.0791813
0.0775912
0.0760547
0.0745692
0.0731322
0.0717413
0.0703943
0.0690889
0.0678232
0.0665953
0.0654032
0.0642452
0.0631197
0.062025
0.0609597
0.0599223
0.0589115
0.0579258
0.0569642
0.0560255
0.0551087
0.0542129
0.0533372
0.0524812
0.0516444
0.0508267
0.0500285
0.0492505
0.0484941
0.0477616
0.0470566
0.046384
0.0457509
0.0451675
0.0446475
0.04421
0.0438809
0.0436947
0.961692
0.892185
0.829085
0.771728
0.719523
0.671944
0.628523
0.588843
0.552532
0.519258
0.488725
0.460668
0.43485
0.411061
0.38911
0.368828
0.350063
0.332677
0.316547
0.301564
0.287627
0.274646
0.262541
0.251239
0.240673
0.230783
0.221516
0.212822
0.204655
0.196977
0.189749
0.182937
0.176512
0.170445
0.16471
0.159284
0.154145
0.149273
0.144651
0.140262
0.136089
0.13212
0.128341
0.12474
0.121306
0.118028
0.114898
0.111906
0.109044
0.106304
0.10368
0.101164
0.0987514
0.0964355
0.0942112
0.0920734
0.0900177
0.0880395
0.0861348
0.0842998
0.0825308
0.0808245
0.0791777
0.0775875
0.0760508
0.0745652
0.0731281
0.0717371
0.0703899
0.0690844
0.0678185
0.0665904
0.0653981
0.06424
0.0631143
0.0620194
0.0609539
0.0599163
0.0589052
0.0579194
0.0569575
0.0560186
0.0551016
0.0542055
0.0533296
0.0524733
0.0516363
0.0508184
0.0500199
0.0492416
0.048485
0.0477524
0.0470471
0.0463743
0.0457412
0.0451577
0.0446376
0.0442001
0.043871
0.0436849
0.961692
0.892185
0.829085
0.771728
0.719523
0.671944
0.628523
0.588843
0.552532
0.519258
0.488725
0.460668
0.43485
0.411061
0.38911
0.368828
0.350063
0.332676
0.316547
0.301563
0.287626
0.274646
0.262541
0.251239
0.240673
0.230783
0.221516
0.212821
0.204655
0.196976
0.189748
0.182937
0.176511
0.170444
0.164709
0.159283
0.154144
0.149272
0.14465
0.14026
0.136088
0.132119
0.12834
0.124738
0.121304
0.118027
0.114896
0.111904
0.109042
0.106302
0.103677
0.101162
0.0987489
0.0964329
0.0942084
0.0920706
0.0900147
0.0880364
0.0861316
0.0842965
0.0825274
0.080821
0.0791741
0.0775837
0.0760469
0.0745612
0.0731239
0.0717327
0.0703853
0.0690797
0.0678137
0.0665853
0.0653929
0.0642346
0.0631087
0.0620136
0.0609479
0.0599101
0.0588988
0.0579127
0.0569507
0.0560115
0.0550942
0.0541979
0.0533217
0.0524652
0.0516279
0.0508098
0.050011
0.0492326
0.0484757
0.0477429
0.0470374
0.0463645
0.0457312
0.0451476
0.0446275
0.04419
0.043861
0.0436748
0.961692
0.892185
0.829085
0.771728
0.719523
0.671944
0.628523
0.588843
0.552532
0.519258
0.488725
0.460667
0.43485
0.411061
0.38911
0.368828
0.350062
0.332676
0.316547
0.301563
0.287626
0.274645
0.262541
0.251238
0.240672
0.230782
0.221515
0.21282
0.204654
0.196975
0.189747
0.182936
0.17651
0.170443
0.164708
0.159282
0.154143
0.149271
0.144649
0.140259
0.136086
0.132117
0.128338
0.124737
0.121302
0.118025
0.114894
0.111902
0.109039
0.1063
0.103675
0.101159
0.0987463
0.0964302
0.0942056
0.0920677
0.0900117
0.0880333
0.0861283
0.0842931
0.0825239
0.0808173
0.0791703
0.0775797
0.0760429
0.074557
0.0731195
0.0717282
0.0703807
0.0690749
0.0678087
0.0665802
0.0653876
0.064229
0.063103
0.0620077
0.0609418
0.0599038
0.0588923
0.057906
0.0569437
0.0560043
0.0550867
0.0541901
0.0533137
0.0524569
0.0516194
0.050801
0.050002
0.0492233
0.0484662
0.0477332
0.0470276
0.0463545
0.0457211
0.0451374
0.0446172
0.0441797
0.0438507
0.0436646
0.961692
0.892185
0.829085
0.771728
0.719523
0.671944
0.628523
0.588843
0.552532
0.519258
0.488725
0.460667
0.43485
0.411061
0.38911
0.368828
0.350062
0.332676
0.316546
0.301563
0.287626
0.274645
0.26254
0.251238
0.240672
0.230782
0.221514
0.21282
0.204653
0.196975
0.189746
0.182935
0.176509
0.170442
0.164707
0.15928
0.154141
0.14927
0.144647
0.140257
0.136085
0.132115
0.128336
0.124735
0.1213
0.118023
0.114892
0.1119
0.109037
0.106297
0.103673
0.101157
0.0987436
0.0964274
0.0942027
0.0920647
0.0900086
0.0880301
0.086125
0.0842896
0.0825203
0.0808136
0.0791665
0.0775758
0.0760387
0.0745527
0.0731151
0.0717236
0.070376
0.06907
0.0678036
0.0665749
0.0653821
0.0642234
0.0630971
0.0620017
0.0609356
0.0598973
0.0588856
0.0578991
0.0569365
0.0559969
0.0550791
0.0541822
0.0533056
0.0524485
0.0516107
0.050792
0.0499928
0.0492139
0.0484566
0.0477233
0.0470175
0.0463443
0.0457108
0.045127
0.0446068
0.0441693
0.0438402
0.0436542
0.961692
0.892185
0.829085
0.771728
0.719523
0.671944
0.628523
0.588843
0.552532
0.519258
0.488724
0.460667
0.43485
0.411061
0.38911
0.368828
0.350062
0.332676
0.316546
0.301563
0.287625
0.274645
0.26254
0.251237
0.240671
0.230781
0.221514
0.212819
0.204653
0.196974
0.189745
0.182934
0.176508
0.170441
0.164706
0.159279
0.15414
0.149268
0.144646
0.140256
0.136083
0.132114
0.128334
0.124733
0.121299
0.118021
0.11489
0.111897
0.109035
0.106295
0.10367
0.101154
0.0987409
0.0964246
0.0941998
0.0920617
0.0900054
0.0880268
0.0861216
0.0842861
0.0825166
0.0808099
0.0791625
0.0775717
0.0760345
0.0745484
0.0731106
0.071719
0.0703711
0.069065
0.0677984
0.0665696
0.0653766
0.0642177
0.0630912
0.0619956
0.0609292
0.0598908
0.0588788
0.057892
0.0569293
0.0559894
0.0550713
0.0541742
0.0532973
0.05244
0.0516019
0.050783
0.0499835
0.0492043
0.0484468
0.0477133
0.0470074
0.046334
0.0457003
0.0451165
0.0445962
0.0441587
0.0438297
0.0436436
0.961692
0.892185
0.829085
0.771728
0.719523
0.671944
0.628523
0.588843
0.552532
0.519258
0.488724
0.460667
0.43485
0.411061
0.38911
0.368828
0.350062
0.332676
0.316546
0.301562
0.287625
0.274644
0.262539
0.251237
0.24067
0.230781
0.221513
0.212818
0.204652
0.196973
0.189744
0.182933
0.176507
0.17044
0.164705
0.159278
0.154139
0.149267
0.144644
0.140254
0.136082
0.132112
0.128333
0.124731
0.121297
0.118019
0.114888
0.111895
0.109033
0.106292
0.103668
0.101152
0.0987382
0.0964217
0.0941968
0.0920586
0.0900022
0.0880235
0.0861182
0.0842825
0.082513
0.080806
0.0791586
0.0775676
0.0760303
0.074544
0.0731061
0.0717143
0.0703663
0.0690599
0.0677932
0.0665642
0.065371
0.0642119
0.0630853
0.0619894
0.0609228
0.0598842
0.058872
0.057885
0.0569219
0.0559818
0.0550635
0.0541661
0.053289
0.0524314
0.051593
0.0507739
0.0499742
0.0491947
0.048437
0.0477033
0.0469971
0.0463236
0.0456898
0.0451059
0.0445856
0.0441481
0.0438191
0.0436331
0.961692
0.892185
0.829085
0.771728
0.719523
0.671944
0.628523
0.588843
0.552532
0.519258
0.488724
0.460667
0.43485
0.41106
0.38911
0.368828
0.350062
0.332675
0.316546
0.301562
0.287625
0.274644
0.262539
0.251236
0.24067
0.23078
0.221512
0.212818
0.204651
0.196972
0.189744
0.182932
0.176506
0.170439
0.164703
0.159277
0.154137
0.149265
0.144643
0.140253
0.13608
0.13211
0.128331
0.124729
0.121295
0.118017
0.114886
0.111893
0.10903
0.10629
0.103665
0.101149
0.0987354
0.0964188
0.0941938
0.0920555
0.089999
0.0880201
0.0861147
0.0842789
0.0825092
0.0808022
0.0791546
0.0775635
0.076026
0.0745395
0.0731015
0.0717095
0.0703613
0.0690548
0.067788
0.0665588
0.0653654
0.0642061
0.0630792
0.0619832
0.0609164
0.0598775
0.058865
0.0578778
0.0569146
0.0559742
0.0550556
0.054158
0.0532806
0.0524227
0.0515841
0.0507647
0.0499647
0.049185
0.0484271
0.0476932
0.0469869
0.0463132
0.0456793
0.0450953
0.0445749
0.0441374
0.0438084
0.0436224
0.961692
0.892185
0.829085
0.771728
0.719523
0.671944
0.628523
0.588843
0.552532
0.519258
0.488724
0.460667
0.43485
0.41106
0.38911
0.368827
0.350061
0.332675
0.316545
0.301562
0.287624
0.274643
0.262538
0.251236
0.240669
0.230779
0.221512
0.212817
0.20465
0.196971
0.189743
0.182931
0.176505
0.170438
0.164702
0.159276
0.154136
0.149264
0.144641
0.140251
0.136078
0.132109
0.128329
0.124727
0.121293
0.118014
0.114883
0.111891
0.109028
0.106287
0.103662
0.101146
0.0987326
0.0964159
0.0941908
0.0920523
0.0899957
0.0880167
0.0861112
0.0842753
0.0825055
0.0807983
0.0791505
0.0775593
0.0760217
0.074535
0.0730969
0.0717047
0.0703564
0.0690497
0.0677827
0.0665533
0.0653597
0.0642002
0.0630732
0.0619769
0.0609099
0.0598708
0.0588581
0.0578706
0.0569071
0.0559665
0.0550477
0.0541498
0.0532721
0.052414
0.0515752
0.0507555
0.0499553
0.0491754
0.0484172
0.0476831
0.0469766
0.0463028
0.0456688
0.0450847
0.0445643
0.0441267
0.0437978
0.0436119
0.961692
0.892185
0.829085
0.771728
0.719523
0.671944
0.628523
0.588843
0.552532
0.519258
0.488724
0.460667
0.43485
0.41106
0.389109
0.368827
0.350061
0.332675
0.316545
0.301561
0.287624
0.274643
0.262538
0.251235
0.240669
0.230779
0.221511
0.212816
0.204649
0.19697
0.189742
0.18293
0.176504
0.170436
0.164701
0.159274
0.154135
0.149263
0.14464
0.14025
0.136077
0.132107
0.128327
0.124725
0.121291
0.118012
0.114881
0.111888
0.109025
0.106285
0.10366
0.101143
0.0987298
0.096413
0.0941878
0.0920492
0.0899925
0.0880134
0.0861077
0.0842717
0.0825017
0.0807944
0.0791465
0.0775551
0.0760173
0.0745306
0.0730922
0.0716999
0.0703514
0.0690446
0.0677774
0.0665478
0.0653541
0.0641944
0.0630671
0.0619706
0.0609034
0.0598641
0.0588512
0.0578635
0.0568998
0.0559589
0.0550398
0.0541417
0.0532637
0.0524054
0.0515663
0.0507463
0.0499459
0.0491658
0.0484074
0.0476731
0.0469664
0.0462924
0.0456583
0.0450741
0.0445537
0.0441162
0.0437873
0.0436013
0.961692
0.892185
0.829085
0.771728
0.719523
0.671944
0.628523
0.588843
0.552532
0.519258
0.488724
0.460667
0.43485
0.41106
0.389109
0.368827
0.350061
0.332675
0.316545
0.301561
0.287623
0.274643
0.262537
0.251235
0.240668
0.230778
0.22151
0.212815
0.204649
0.196969
0.189741
0.182929
0.176503
0.170435
0.1647
0.159273
0.154133
0.149261
0.144638
0.140248
0.136075
0.132105
0.128325
0.124723
0.121289
0.11801
0.114879
0.111886
0.109023
0.106282
0.103657
0.101141
0.098727
0.0964101
0.0941848
0.092046
0.0899892
0.08801
0.0861042
0.084268
0.0824979
0.0807905
0.0791425
0.0775509
0.076013
0.0745261
0.0730876
0.0716952
0.0703465
0.0690395
0.0677721
0.0665423
0.0653484
0.0641885
0.0630611
0.0619644
0.060897
0.0598574
0.0588443
0.0578564
0.0568924
0.0559513
0.055032
0.0541336
0.0532554
0.0523968
0.0515574
0.0507373
0.0499366
0.0491562
0.0483976
0.0476632
0.0469563
0.0462822
0.045648
0.0450637
0.0445433
0.0441057
0.0437768
0.043591
0.961692
0.892185
0.829085
0.771728
0.719523
0.671944
0.628523
0.588843
0.552532
0.519258
0.488724
0.460667
0.434849
0.41106
0.389109
0.368827
0.350061
0.332674
0.316544
0.301561
0.287623
0.274642
0.262537
0.251234
0.240668
0.230778
0.22151
0.212815
0.204648
0.196969
0.18974
0.182928
0.176502
0.170434
0.164699
0.159272
0.154132
0.14926
0.144637
0.140246
0.136073
0.132103
0.128323
0.124722
0.121287
0.118008
0.114877
0.111884
0.109021
0.10628
0.103655
0.101138
0.0987242
0.0964072
0.0941818
0.0920429
0.089986
0.0880066
0.0861007
0.0842644
0.0824942
0.0807866
0.0791385
0.0775468
0.0760088
0.0745217
0.073083
0.0716904
0.0703416
0.0690344
0.0677669
0.0665369
0.0653428
0.0641828
0.0630551
0.0619582
0.0608906
0.0598508
0.0588375
0.0578493
0.0568851
0.0559438
0.0550242
0.0541256
0.0532472
0.0523883
0.0515487
0.0507283
0.0499274
0.0491468
0.048388
0.0476534
0.0469464
0.0462721
0.0456378
0.0450535
0.044533
0.0440955
0.0437666
0.0435808
0.961692
0.892185
0.829085
0.771728
0.719523
0.671944
0.628523
0.588843
0.552532
0.519258
0.488724
0.460667
0.434849
0.41106
0.389109
0.368827
0.350061
0.332674
0.316544
0.30156
0.287623
0.274642
0.262536
0.251234
0.240667
0.230777
0.221509
0.212814
0.204647
0.196968
0.189739
0.182927
0.176501
0.170433
0.164697
0.15927
0.154131
0.149258
0.144635
0.140245
0.136072
0.132102
0.128322
0.12472
0.121285
0.118006
0.114875
0.111881
0.109018
0.106277
0.103652
0.101135
0.0987214
0.0964043
0.0941788
0.0920398
0.0899828
0.0880033
0.0860973
0.0842609
0.0824905
0.0807828
0.0791345
0.0775427
0.0760045
0.0745173
0.0730785
0.0716858
0.0703368
0.0690294
0.0677617
0.0665316
0.0653373
0.0641771
0.0630492
0.0619521
0.0608843
0.0598443
0.0588308
0.0578424
0.056878
0.0559364
0.0550166
0.0541178
0.0532391
0.05238
0.0515402
0.0507196
0.0499184
0.0491376
0.0483787
0.0476438
0.0469367
0.0462623
0.0456279
0.0450435
0.044523
0.0440855
0.0437566
0.0435708
0.961692
0.892185
0.829085
0.771728
0.719523
0.671944
0.628523
0.588843
0.552532
0.519258
0.488724
0.460667
0.434849
0.41106
0.389109
0.368826
0.35006
0.332674
0.316544
0.30156
0.287622
0.274641
0.262536
0.251233
0.240666
0.230776
0.221508
0.212813
0.204646
0.196967
0.189738
0.182926
0.1765
0.170432
0.164696
0.159269
0.154129
0.149257
0.144634
0.140243
0.13607
0.1321
0.12832
0.124718
0.121283
0.118004
0.114872
0.111879
0.109016
0.106275
0.10365
0.101133
0.0987187
0.0964015
0.0941759
0.0920368
0.0899796
0.088
0.0860939
0.0842574
0.0824869
0.080779
0.0791306
0.0775387
0.0760004
0.074513
0.0730741
0.0716812
0.0703321
0.0690246
0.0677566
0.0665264
0.0653319
0.0641715
0.0630435
0.0619462
0.0608782
0.059838
0.0588243
0.0578357
0.056871
0.0559292
0.0550092
0.0541101
0.0532312
0.0523719
0.0515319
0.050711
0.0499097
0.0491287
0.0483695
0.0476345
0.0469273
0.0462528
0.0456183
0.0450339
0.0445134
0.0440758
0.043747
0.0435612
0.961692
0.892185
0.829085
0.771728
0.719523
0.671944
0.628523
0.588843
0.552532
0.519258
0.488724
0.460667
0.434849
0.41106
0.389109
0.368826
0.35006
0.332674
0.316544
0.301559
0.287622
0.274641
0.262535
0.251232
0.240666
0.230776
0.221507
0.212812
0.204645
0.196966
0.189737
0.182925
0.176499
0.170431
0.164695
0.159268
0.154128
0.149255
0.144632
0.140242
0.136068
0.132098
0.128318
0.124716
0.121281
0.118002
0.11487
0.111877
0.109014
0.106273
0.103647
0.10113
0.0987161
0.0963987
0.094173
0.0920338
0.0899766
0.0879968
0.0860906
0.084254
0.0824834
0.0807754
0.0791269
0.0775348
0.0759963
0.0745088
0.0730698
0.0716767
0.0703274
0.0690198
0.0677517
0.0665213
0.0653267
0.0641661
0.0630379
0.0619404
0.0608722
0.0598318
0.0588179
0.0578291
0.0568643
0.0559222
0.055002
0.0541027
0.0532236
0.0523641
0.0515238
0.0507028
0.0499013
0.0491201
0.0483608
0.0476256
0.0469182
0.0462436
0.0456091
0.0450246
0.044504
0.0440665
0.0437377
0.0435519
0.961692
0.892185
0.829085
0.771728
0.719523
0.671944
0.628523
0.588843
0.552532
0.519258
0.488724
0.460667
0.434849
0.411059
0.389108
0.368826
0.35006
0.332673
0.316543
0.301559
0.287621
0.27464
0.262535
0.251232
0.240665
0.230775
0.221507
0.212812
0.204645
0.196965
0.189736
0.182924
0.176498
0.17043
0.164694
0.159267
0.154127
0.149254
0.144631
0.14024
0.136067
0.132097
0.128316
0.124714
0.121279
0.118
0.114868
0.111875
0.109011
0.10627
0.103645
0.101128
0.0987135
0.0963961
0.0941702
0.0920309
0.0899736
0.0879938
0.0860874
0.0842507
0.0824799
0.0807718
0.0791232
0.077531
0.0759924
0.0745048
0.0730656
0.0716724
0.070323
0.0690152
0.067747
0.0665164
0.0653216
0.0641609
0.0630325
0.0619349
0.0608665
0.0598259
0.0588118
0.0578228
0.0568578
0.0559156
0.0549951
0.0540957
0.0532163
0.0523566
0.0515162
0.0506949
0.0498932
0.0491119
0.0483524
0.0476171
0.0469096
0.0462349
0.0456003
0.0450158
0.0444952
0.0440576
0.0437289
0.0435431
0.961692
0.892185
0.829085
0.771728
0.719523
0.671944
0.628523
0.588843
0.552532
0.519257
0.488724
0.460667
0.434849
0.411059
0.389108
0.368826
0.35006
0.332673
0.316543
0.301559
0.287621
0.27464
0.262534
0.251231
0.240665
0.230774
0.221506
0.212811
0.204644
0.196964
0.189735
0.182923
0.176497
0.170429
0.164693
0.159265
0.154125
0.149253
0.144629
0.140239
0.136065
0.132095
0.128315
0.124712
0.121277
0.117998
0.114866
0.111873
0.109009
0.106268
0.103642
0.101125
0.098711
0.0963935
0.0941675
0.0920282
0.0899707
0.0879908
0.0860843
0.0842475
0.0824766
0.0807684
0.0791197
0.0775274
0.0759887
0.0745009
0.0730616
0.0716683
0.0703187
0.0690108
0.0677424
0.0665117
0.0653168
0.0641559
0.0630273
0.0619296
0.060861
0.0598203
0.058806
0.0578168
0.0568516
0.0559092
0.0549886
0.0540889
0.0532094
0.0523495
0.0515089
0.0506875
0.0498856
0.0491041
0.0483445
0.0476091
0.0469014
0.0462267
0.045592
0.0450075
0.0444869
0.0440493
0.0437206
0.0435349
0.961692
0.892185
0.829085
0.771728
0.719523
0.671944
0.628523
0.588843
0.552532
0.519257
0.488724
0.460666
0.434849
0.411059
0.389108
0.368825
0.350059
0.332673
0.316542
0.301558
0.287621
0.274639
0.262534
0.251231
0.240664
0.230774
0.221505
0.21281
0.204643
0.196963
0.189734
0.182922
0.176496
0.170428
0.164692
0.159264
0.154124
0.149252
0.144628
0.140237
0.136064
0.132093
0.128313
0.124711
0.121275
0.117996
0.114864
0.111871
0.109007
0.106266
0.10364
0.101123
0.0987086
0.096391
0.094165
0.0920255
0.089968
0.0879879
0.0860814
0.0842444
0.0824735
0.0807652
0.0791163
0.0775239
0.0759851
0.0744972
0.0730578
0.0716643
0.0703147
0.0690066
0.0677381
0.0665073
0.0653122
0.0641512
0.0630225
0.0619245
0.0608559
0.059815
0.0588005
0.0578112
0.0568458
0.0559032
0.0549825
0.0540826
0.0532029
0.0523429
0.0515021
0.0506805
0.0498785
0.0490969
0.0483371
0.0476016
0.0468939
0.0462191
0.0455843
0.0449998
0.0444792
0.0440417
0.0437129
0.0435272
0.961692
0.892185
0.829085
0.771728
0.719523
0.671944
0.628523
0.588843
0.552532
0.519257
0.488724
0.460666
0.434849
0.411059
0.389108
0.368825
0.350059
0.332672
0.316542
0.301558
0.28762
0.274639
0.262533
0.25123
0.240663
0.230773
0.221505
0.212809
0.204642
0.196963
0.189733
0.182921
0.176495
0.170427
0.16469
0.159263
0.154123
0.14925
0.144627
0.140236
0.136062
0.132092
0.128312
0.124709
0.121274
0.117995
0.114863
0.111869
0.109005
0.106264
0.103638
0.101121
0.0987064
0.0963887
0.0941626
0.092023
0.0899654
0.0879853
0.0860786
0.0842416
0.0824705
0.0807621
0.0791132
0.0775207
0.0759818
0.0744938
0.0730542
0.0716607
0.0703109
0.0690027
0.0677341
0.0665031
0.0653079
0.0641468
0.063018
0.0619199
0.0608511
0.05981
0.0587954
0.057806
0.0568404
0.0558977
0.0549768
0.0540768
0.053197
0.0523368
0.0514958
0.0506741
0.049872
0.0490902
0.0483304
0.0475948
0.046887
0.0462121
0.0455774
0.0449928
0.0444722
0.0440347
0.043706
0.0435203
0.961692
0.892185
0.829085
0.771728
0.719523
0.671944
0.628523
0.588843
0.552532
0.519257
0.488724
0.460666
0.434848
0.411059
0.389108
0.368825
0.350059
0.332672
0.316542
0.301558
0.28762
0.274639
0.262533
0.25123
0.240663
0.230772
0.221504
0.212809
0.204641
0.196962
0.189733
0.18292
0.176494
0.170426
0.164689
0.159262
0.154122
0.149249
0.144626
0.140235
0.136061
0.132091
0.12831
0.124708
0.121272
0.117993
0.114861
0.111867
0.109003
0.106262
0.103636
0.101119
0.0987043
0.0963865
0.0941603
0.0920207
0.089963
0.0879828
0.0860761
0.0842389
0.0824678
0.0807593
0.0791103
0.0775177
0.0759787
0.0744906
0.0730509
0.0716573
0.0703074
0.0689991
0.0677304
0.0664993
0.065304
0.0641428
0.0630138
0.0619156
0.0608467
0.0598055
0.0587908
0.0578012
0.0568356
0.0558927
0.0549717
0.0540716
0.0531916
0.0523313
0.0514902
0.0506684
0.0498661
0.0490843
0.0483244
0.0475887
0.0468809
0.046206
0.0455712
0.0449866
0.044466
0.0440285
0.0436998
0.0435142
0.961692
0.892185
0.829085
0.771728
0.719523
0.671944
0.628523
0.588843
0.552532
0.519257
0.488723
0.460666
0.434848
0.411059
0.389107
0.368825
0.350058
0.332672
0.316541
0.301557
0.287619
0.274638
0.262532
0.251229
0.240662
0.230772
0.221503
0.212808
0.204641
0.196961
0.189732
0.182919
0.176493
0.170425
0.164689
0.159261
0.154121
0.149248
0.144625
0.140234
0.13606
0.132089
0.128309
0.124706
0.121271
0.117991
0.114859
0.111866
0.109002
0.10626
0.103634
0.101117
0.0987023
0.0963845
0.0941583
0.0920186
0.0899608
0.0879805
0.0860737
0.0842365
0.0824653
0.0807568
0.0791076
0.0775149
0.0759759
0.0744877
0.073048
0.0716542
0.0703043
0.0689959
0.0677271
0.0664959
0.0653005
0.0641392
0.0630101
0.0619118
0.0608428
0.0598015
0.0587867
0.057797
0.0568313
0.0558883
0.0549672
0.0540669
0.0531869
0.0523265
0.0514853
0.0506634
0.0498611
0.0490792
0.0483192
0.0475835
0.0468756
0.0462007
0.0455659
0.0449813
0.0444607
0.0440233
0.0436946
0.043509
0.961692
0.892185
0.829085
0.771728
0.719523
0.671944
0.628523
0.588843
0.552532
0.519257
0.488723
0.460666
0.434848
0.411058
0.389107
0.368825
0.350058
0.332671
0.316541
0.301557
0.287619
0.274638
0.262532
0.251229
0.240662
0.230771
0.221503
0.212807
0.20464
0.19696
0.189731
0.182919
0.176492
0.170424
0.164688
0.15926
0.15412
0.149247
0.144624
0.140233
0.136059
0.132088
0.128308
0.124705
0.121269
0.11799
0.114858
0.111864
0.109
0.106259
0.103633
0.101115
0.0987006
0.0963827
0.0941564
0.0920167
0.0899588
0.0879785
0.0860716
0.0842344
0.0824631
0.0807545
0.0791053
0.0775125
0.0759734
0.0744852
0.0730453
0.0716516
0.0703015
0.0689931
0.0677242
0.0664929
0.0652975
0.064136
0.0630069
0.0619086
0.0608394
0.0597981
0.0587832
0.0577934
0.0568276
0.0558846
0.0549633
0.054063
0.0531829
0.0523224
0.0514812
0.0506593
0.0498569
0.0490749
0.0483149
0.0475792
0.0468713
0.0461964
0.0455616
0.044977
0.0444565
0.044019
0.0436904
0.0435048
0.961692
0.892185
0.829085
0.771728
0.719523
0.671944
0.628523
0.588843
0.552531
0.519257
0.488723
0.460666
0.434848
0.411058
0.389107
0.368824
0.350058
0.332671
0.316541
0.301557
0.287619
0.274637
0.262532
0.251228
0.240661
0.230771
0.221502
0.212807
0.20464
0.19696
0.189731
0.182918
0.176492
0.170423
0.164687
0.159259
0.154119
0.149246
0.144623
0.140232
0.136058
0.132087
0.128307
0.124704
0.121268
0.117989
0.114857
0.111863
0.108999
0.106258
0.103631
0.101114
0.0986991
0.0963812
0.0941548
0.092015
0.0899571
0.0879768
0.0860698
0.0842325
0.0824612
0.0807525
0.0791033
0.0775105
0.0759713
0.074483
0.0730431
0.0716493
0.0702992
0.0689907
0.0677218
0.0664905
0.0652949
0.0641334
0.0630043
0.0619058
0.0608367
0.0597953
0.0587803
0.0577905
0.0568246
0.0558815
0.0549603
0.0540599
0.0531798
0.0523193
0.051478
0.050656
0.0498536
0.0490717
0.0483117
0.0475759
0.0468681
0.0461931
0.0455584
0.0449738
0.0444533
0.0440158
0.0436872
0.0435017
0.961692
0.892185
0.829085
0.771728
0.719523
0.671944
0.628523
0.588843
0.552531
0.519257
0.488723
0.460666
0.434848
0.411058
0.389107
0.368824
0.350058
0.332671
0.316541
0.301556
0.287618
0.274637
0.262531
0.251228
0.240661
0.23077
0.221502
0.212806
0.204639
0.196959
0.18973
0.182918
0.176491
0.170423
0.164686
0.159259
0.154118
0.149246
0.144622
0.140231
0.136057
0.132086
0.128306
0.124703
0.121267
0.117988
0.114856
0.111862
0.108998
0.106256
0.10363
0.101113
0.0986979
0.0963799
0.0941535
0.0920137
0.0899557
0.0879753
0.0860684
0.084231
0.0824597
0.080751
0.0791017
0.0775088
0.0759696
0.0744813
0.0730414
0.0716475
0.0702973
0.0689888
0.0677198
0.0664885
0.0652929
0.0641314
0.0630022
0.0619038
0.0608346
0.0597932
0.0587782
0.0577883
0.0568224
0.0558793
0.0549581
0.0540577
0.0531776
0.052317
0.0514758
0.0506538
0.0498514
0.0490695
0.0483095
0.0475738
0.046866
0.0461911
0.0455564
0.0449718
0.0444514
0.0440139
0.0436853
0.0434998
0.961692
0.892185
0.829085
0.771728
0.719523
0.671944
0.628523
0.588843
0.552531
0.519257
0.488723
0.460665
0.434848
0.411058
0.389107
0.368824
0.350058
0.332671
0.31654
0.301556
0.287618
0.274637
0.262531
0.251228
0.240661
0.23077
0.221502
0.212806
0.204639
0.196959
0.18973
0.182917
0.176491
0.170422
0.164686
0.159258
0.154118
0.149245
0.144621
0.14023
0.136056
0.132086
0.128305
0.124702
0.121266
0.117987
0.114855
0.111861
0.108997
0.106255
0.103629
0.101112
0.0986969
0.0963789
0.0941525
0.0920126
0.0899547
0.0879742
0.0860673
0.0842299
0.0824585
0.0807498
0.0791005
0.0775076
0.0759683
0.07448
0.0730401
0.0716462
0.070296
0.0689875
0.0677185
0.0664871
0.0652916
0.06413
0.0630008
0.0619024
0.0608332
0.0597918
0.0587768
0.057787
0.0568211
0.055878
0.0549568
0.0540565
0.0531763
0.0523159
0.0514747
0.0506527
0.0498504
0.0490685
0.0483086
0.047573
0.0468652
0.0461904
0.0455557
0.0449712
0.0444507
0.0440133
0.0436847
0.0434992
0.961692
0.892185
0.829085
0.771728
0.719523
0.671944
0.628523
0.588843
0.552531
0.519257
0.488723
0.460665
0.434848
0.411058
0.389106
0.368824
0.350057
0.332671
0.31654
0.301556
0.287618
0.274636
0.262531
0.251227
0.24066
0.23077
0.221501
0.212806
0.204638
0.196959
0.189729
0.182917
0.17649
0.170422
0.164685
0.159258
0.154117
0.149244
0.144621
0.14023
0.136056
0.132085
0.128304
0.124702
0.121266
0.117987
0.114854
0.11186
0.108996
0.106255
0.103629
0.101111
0.0986963
0.0963783
0.0941518
0.0920119
0.089954
0.0879735
0.0860665
0.0842291
0.0824578
0.080749
0.0790997
0.0775068
0.0759676
0.0744792
0.0730393
0.0716454
0.0702953
0.0689867
0.0677178
0.0664864
0.0652909
0.0641293
0.0630002
0.0619018
0.0608326
0.0597912
0.0587763
0.0577865
0.0568207
0.0558777
0.0549565
0.0540563
0.0531762
0.0523158
0.0514747
0.0506529
0.0498507
0.0490689
0.048309
0.0475735
0.0468658
0.0461911
0.0455565
0.0449721
0.0444516
0.0440142
0.0436856
0.0435001
0.961692
0.892185
0.829085
0.771728
0.719523
0.671944
0.628523
0.588843
0.552531
0.519257
0.488723
0.460665
0.434847
0.411058
0.389106
0.368824
0.350057
0.33267
0.31654
0.301556
0.287618
0.274636
0.262531
0.251227
0.24066
0.23077
0.221501
0.212806
0.204638
0.196958
0.189729
0.182916
0.17649
0.170421
0.164685
0.159258
0.154117
0.149244
0.144621
0.140229
0.136056
0.132085
0.128304
0.124701
0.121266
0.117986
0.114854
0.11186
0.108996
0.106255
0.103628
0.101111
0.0986959
0.0963779
0.0941515
0.0920116
0.0899536
0.0879732
0.0860662
0.0842288
0.0824575
0.0807487
0.0790994
0.0775066
0.0759673
0.074479
0.0730391
0.0716453
0.0702951
0.0689867
0.0677177
0.0664864
0.0652909
0.0641295
0.0630003
0.061902
0.0608329
0.0597916
0.0587768
0.0577871
0.0568214
0.0558785
0.0549574
0.0540573
0.0531774
0.0523171
0.0514761
0.0506544
0.0498524
0.0490707
0.048311
0.0475756
0.0468681
0.0461934
0.0455589
0.0449746
0.0444542
0.0440168
0.0436882
0.0435027
0.961692
0.892185
0.829085
0.771728
0.719523
0.671944
0.628523
0.588843
0.552531
0.519257
0.488723
0.460665
0.434847
0.411058
0.389106
0.368824
0.350057
0.33267
0.31654
0.301556
0.287618
0.274636
0.26253
0.251227
0.24066
0.23077
0.221501
0.212805
0.204638
0.196958
0.189729
0.182916
0.17649
0.170421
0.164685
0.159257
0.154117
0.149244
0.14462
0.140229
0.136056
0.132085
0.128304
0.124701
0.121265
0.117986
0.114854
0.11186
0.108996
0.106255
0.103628
0.101111
0.098696
0.096378
0.0941516
0.0920117
0.0899537
0.0879733
0.0860664
0.084229
0.0824577
0.080749
0.0790997
0.0775069
0.0759677
0.0744794
0.0730395
0.0716457
0.0702957
0.0689872
0.0677184
0.0664871
0.0652917
0.0641303
0.0630013
0.061903
0.0608341
0.0597929
0.0587782
0.0577886
0.056823
0.0558802
0.0549593
0.0540594
0.0531796
0.0523195
0.0514788
0.0506573
0.0498554
0.0490739
0.0483144
0.0475792
0.0468718
0.0461973
0.0455628
0.0449786
0.0444582
0.0440209
0.0436922
0.0435063
0.961692
0.892185
0.829085
0.771728
0.719523
0.671944
0.628523
0.588843
0.552531
0.519256
0.488723
0.460665
0.434847
0.411058
0.389106
0.368824
0.350057
0.33267
0.31654
0.301556
0.287618
0.274636
0.26253
0.251227
0.24066
0.23077
0.221501
0.212805
0.204638
0.196958
0.189729
0.182916
0.17649
0.170421
0.164685
0.159258
0.154117
0.149244
0.144621
0.140229
0.136056
0.132085
0.128304
0.124701
0.121266
0.117986
0.114854
0.11186
0.108996
0.106255
0.103629
0.101111
0.0986962
0.0963783
0.0941519
0.092012
0.0899541
0.0879737
0.0860668
0.0842295
0.0824582
0.0807495
0.0791003
0.0775075
0.0759683
0.0744801
0.0730403
0.0716465
0.0702965
0.0689882
0.0677194
0.0664882
0.0652929
0.0641316
0.0630026
0.0619045
0.0608356
0.0597945
0.0587799
0.0577905
0.0568251
0.0558825
0.0549617
0.0540619
0.0531823
0.0523224
0.0514818
0.0506605
0.0498588
0.0490775
0.0483182
0.0475831
0.0468758
0.0462015
0.0455672
0.0449829
0.0444627
0.0440253
0.0436964
0.04351
)
;

boundaryField
{
    inlet
    {
        type            fixedValue;
        value           uniform 1;
    }
    outlet
    {
        type            inletOutlet;
        inletValue      uniform 1;
        value           nonuniform List<scalar> 
100
(
0.0434359
0.043437
0.0434392
0.0434425
0.0434467
0.0434519
0.0434579
0.0434648
0.0434723
0.0434806
0.0434895
0.0434989
0.0435088
0.0435191
0.0435297
0.0435407
0.0435519
0.0435633
0.0435748
0.0435864
0.043598
0.0436097
0.0436212
0.0436327
0.043644
0.0436552
0.0436661
0.0436769
0.0436873
0.0436975
0.0437073
0.0437168
0.0437259
0.0437346
0.0437429
0.0437508
0.0437582
0.0437652
0.0437717
0.0437777
0.0437832
0.0437882
0.0437927
0.0437966
0.0438
0.0438029
0.0438052
0.043807
0.0438082
0.0438089
0.043809
0.0438086
0.0438076
0.0438061
0.043804
0.0438014
0.0437982
0.0437945
0.0437903
0.0437856
0.0437804
0.0437747
0.0437686
0.0437619
0.0437549
0.0437474
0.0437395
0.0437312
0.0437226
0.0437136
0.0437043
0.0436947
0.0436849
0.0436748
0.0436646
0.0436542
0.0436436
0.0436331
0.0436224
0.0436119
0.0436013
0.043591
0.0435808
0.0435708
0.0435612
0.0435519
0.0435431
0.0435349
0.0435272
0.0435203
0.0435142
0.043509
0.0435048
0.0435017
0.0434998
0.0434992
0.0435001
0.0435027
0.0435063
0.04351
)
;
    }
    ground
    {
        type            empty;
    }
    top
    {
        type            empty;
    }
    front
    {
        type            inletOutlet;
        inletValue      uniform 1;
        value           nonuniform List<scalar> 
100
(
0.961692
0.892185
0.829085
0.771728
0.719523
0.671944
0.628523
0.588843
0.552531
0.519257
0.488723
0.460665
0.434847
0.411058
0.389106
0.368824
0.350057
0.33267
0.31654
0.301556
0.287618
0.274636
0.26253
0.251227
0.24066
0.230769
0.221501
0.212805
0.204638
0.196958
0.189729
0.182916
0.176489
0.170421
0.164684
0.159257
0.154116
0.149243
0.14462
0.140228
0.136054
0.132084
0.128303
0.1247
0.121264
0.117984
0.114852
0.111858
0.108994
0.106252
0.103626
0.101108
0.0986927
0.0963744
0.0941477
0.0920075
0.0899492
0.0879684
0.086061
0.0842232
0.0824514
0.0807422
0.0790923
0.0774989
0.075959
0.07447
0.0730294
0.0716347
0.0702837
0.0689742
0.0677043
0.0664718
0.0652751
0.0641123
0.0629817
0.0618818
0.060811
0.0597679
0.058751
0.0577592
0.0567912
0.0558459
0.0549223
0.0540195
0.0531368
0.0522737
0.0514298
0.0506051
0.0498001
0.0490156
0.0482531
0.0475152
0.0468054
0.0461289
0.0454929
0.0449076
0.0443868
0.0439494
0.043621
0.0434359
)
;
    }
    back
    {
        type            inletOutlet;
        inletValue      uniform 1;
        value           nonuniform List<scalar> 
100
(
0.961692
0.892185
0.829085
0.771728
0.719523
0.671944
0.628523
0.588843
0.552531
0.519256
0.488723
0.460665
0.434847
0.411058
0.389106
0.368824
0.350057
0.33267
0.31654
0.301556
0.287618
0.274636
0.26253
0.251227
0.24066
0.23077
0.221501
0.212805
0.204638
0.196958
0.189729
0.182916
0.17649
0.170421
0.164685
0.159258
0.154117
0.149244
0.144621
0.140229
0.136056
0.132085
0.128304
0.124701
0.121266
0.117986
0.114854
0.11186
0.108996
0.106255
0.103629
0.101111
0.0986962
0.0963783
0.0941519
0.092012
0.0899541
0.0879737
0.0860668
0.0842295
0.0824582
0.0807495
0.0791003
0.0775075
0.0759683
0.0744801
0.0730403
0.0716465
0.0702965
0.0689882
0.0677194
0.0664882
0.0652929
0.0641316
0.0630026
0.0619045
0.0608356
0.0597945
0.0587799
0.0577905
0.0568251
0.0558825
0.0549617
0.0540619
0.0531823
0.0523224
0.0514818
0.0506605
0.0498588
0.0490775
0.0483182
0.0475831
0.0468758
0.0462015
0.0455672
0.0449829
0.0444627
0.0440253
0.0436964
0.04351
)
;
    }
}


// ************************************************************************* //
