/*--------------------------------*- C++ -*----------------------------------*\
  =========                 |
  \\      /  F ield         | OpenFOAM: The Open Source CFD Toolbox
   \\    /   O peration     | Website:  https://openfoam.org
    \\  /    A nd           | Version:  11
     \\/     M anipulation  |
\*---------------------------------------------------------------------------*/
FoamFile
{
    format      ascii;
    class       volScalarField;
    location    "38";
    object      omega;
}
// * * * * * * * * * * * * * * * * * * * * * * * * * * * * * * * * * * * * * //

dimensions      [0 0 -1 0 0 0 0];

internalField   nonuniform List<scalar> 
10000
(
0.961122
0.890192
0.825348
0.76591
0.711305
0.661062
0.614811
0.572273
0.533247
0.497586
0.465171
0.435894
0.409633
0.386242
0.365554
0.347377
0.331504
0.317722
0.305818
0.295584
0.286825
0.279359
0.273021
0.267662
0.263149
0.259364
0.2562
0.253564
0.251375
0.249563
0.24807
0.246842
0.245836
0.245013
0.244342
0.243796
0.243353
0.242993
0.242701
0.242464
0.242271
0.242115
0.241987
0.241883
0.241797
0.241726
0.241667
0.241617
0.241576
0.24154
0.241509
0.241483
0.24146
0.24144
0.241422
0.241405
0.241391
0.241378
0.241366
0.241355
0.241345
0.241336
0.241328
0.24132
0.241313
0.241306
0.2413
0.241294
0.241289
0.241284
0.241279
0.241274
0.24127
0.241266
0.241263
0.241259
0.241256
0.241253
0.24125
0.241247
0.241244
0.241241
0.241239
0.241236
0.241233
0.241231
0.241228
0.241226
0.241223
0.241221
0.241219
0.241216
0.241214
0.241212
0.24121
0.241208
0.241206
0.241205
0.241203
0.241203
0.961122
0.890197
0.825359
0.765927
0.711327
0.66109
0.614844
0.572312
0.533291
0.497634
0.465223
0.435948
0.409688
0.386297
0.365608
0.347429
0.331554
0.317769
0.305862
0.295625
0.286863
0.279394
0.273054
0.267693
0.263178
0.259389
0.256222
0.253582
0.251391
0.249578
0.248083
0.246854
0.245846
0.245022
0.244351
0.243804
0.243359
0.242999
0.242706
0.242469
0.242276
0.242119
0.241991
0.241886
0.2418
0.241729
0.24167
0.24162
0.241578
0.241542
0.241512
0.241485
0.241462
0.241442
0.241423
0.241407
0.241393
0.241379
0.241367
0.241357
0.241346
0.241337
0.241329
0.241321
0.241314
0.241307
0.241301
0.241295
0.241289
0.241284
0.24128
0.241275
0.241271
0.241267
0.241263
0.24126
0.241256
0.241253
0.24125
0.241247
0.241244
0.241242
0.241239
0.241236
0.241234
0.241231
0.241229
0.241226
0.241224
0.241221
0.241219
0.241216
0.241214
0.241212
0.24121
0.241208
0.241206
0.241205
0.241204
0.241203
0.961122
0.890204
0.825375
0.765954
0.711365
0.661138
0.614902
0.572379
0.533367
0.497717
0.465312
0.436041
0.409782
0.386391
0.3657
0.347517
0.331637
0.317847
0.305934
0.295691
0.286923
0.279449
0.273104
0.267739
0.263219
0.259425
0.256253
0.25361
0.251415
0.249599
0.248101
0.246869
0.24586
0.245034
0.244361
0.243813
0.243368
0.243006
0.242713
0.242475
0.242281
0.242124
0.241996
0.24189
0.241804
0.241733
0.241673
0.241623
0.241581
0.241545
0.241515
0.241488
0.241465
0.241444
0.241426
0.241409
0.241395
0.241381
0.241369
0.241358
0.241348
0.241339
0.24133
0.241322
0.241315
0.241308
0.241302
0.241296
0.241291
0.241286
0.241281
0.241276
0.241272
0.241268
0.241264
0.241261
0.241257
0.241254
0.241251
0.241248
0.241245
0.241242
0.24124
0.241237
0.241234
0.241232
0.241229
0.241227
0.241224
0.241222
0.241219
0.241217
0.241214
0.241212
0.24121
0.241208
0.241206
0.241205
0.241204
0.241203
0.961122
0.890211
0.825394
0.765986
0.711411
0.661199
0.614978
0.572469
0.533469
0.49783
0.465433
0.436166
0.40991
0.386518
0.365824
0.347637
0.331751
0.317954
0.306032
0.295781
0.287005
0.279524
0.273171
0.267799
0.263272
0.259472
0.256294
0.253645
0.251446
0.249625
0.248124
0.246889
0.245877
0.245049
0.244374
0.243824
0.243377
0.243014
0.24272
0.242481
0.242287
0.242129
0.242001
0.241895
0.241808
0.241737
0.241677
0.241627
0.241585
0.241549
0.241518
0.241491
0.241467
0.241447
0.241428
0.241412
0.241397
0.241384
0.241372
0.241361
0.24135
0.241341
0.241332
0.241324
0.241317
0.24131
0.241304
0.241298
0.241292
0.241287
0.241282
0.241278
0.241273
0.241269
0.241265
0.241262
0.241258
0.241255
0.241252
0.241249
0.241246
0.241243
0.24124
0.241238
0.241235
0.241232
0.24123
0.241227
0.241225
0.241222
0.24122
0.241217
0.241215
0.241213
0.24121
0.241208
0.241207
0.241205
0.241204
0.241203
0.961123
0.890218
0.825411
0.766019
0.711461
0.661268
0.615065
0.572575
0.533591
0.497965
0.465579
0.43632
0.410066
0.386675
0.365978
0.347785
0.331891
0.318085
0.306154
0.295892
0.287106
0.279615
0.273253
0.267872
0.263336
0.259529
0.256344
0.253688
0.251483
0.249658
0.248151
0.246913
0.245897
0.245066
0.244389
0.243837
0.243388
0.243024
0.242729
0.242489
0.242294
0.242135
0.242006
0.2419
0.241813
0.241741
0.241681
0.241631
0.241589
0.241552
0.241521
0.241494
0.241471
0.24145
0.241432
0.241415
0.2414
0.241387
0.241374
0.241363
0.241353
0.241343
0.241335
0.241327
0.241319
0.241312
0.241306
0.2413
0.241294
0.241289
0.241284
0.241279
0.241275
0.241271
0.241267
0.241263
0.24126
0.241256
0.241253
0.24125
0.241247
0.241244
0.241241
0.241239
0.241236
0.241233
0.241231
0.241228
0.241225
0.241223
0.24122
0.241218
0.241215
0.241213
0.241211
0.241209
0.241207
0.241206
0.241205
0.241204
0.961123
0.890223
0.825428
0.766051
0.711512
0.66134
0.615159
0.572689
0.533725
0.498116
0.465743
0.436493
0.410244
0.386854
0.366153
0.347954
0.332052
0.318236
0.306294
0.296021
0.287223
0.279721
0.273348
0.267956
0.263411
0.259594
0.2564
0.253738
0.251526
0.249694
0.248183
0.24694
0.24592
0.245086
0.244405
0.243851
0.243401
0.243035
0.242738
0.242497
0.242301
0.242142
0.242012
0.241906
0.241818
0.241746
0.241686
0.241635
0.241593
0.241556
0.241525
0.241498
0.241474
0.241453
0.241435
0.241418
0.241403
0.24139
0.241377
0.241366
0.241356
0.241346
0.241337
0.241329
0.241321
0.241314
0.241308
0.241302
0.241296
0.241291
0.241286
0.241281
0.241276
0.241272
0.241268
0.241265
0.241261
0.241258
0.241254
0.241251
0.241248
0.241245
0.241242
0.24124
0.241237
0.241234
0.241232
0.241229
0.241226
0.241224
0.241221
0.241219
0.241216
0.241214
0.241212
0.241209
0.241208
0.241206
0.241205
0.241204
0.961123
0.890228
0.825443
0.766081
0.711562
0.661411
0.615254
0.572809
0.533867
0.498277
0.465919
0.43668
0.410438
0.387049
0.366346
0.348141
0.33223
0.318403
0.306449
0.296164
0.287353
0.279838
0.273453
0.268049
0.263493
0.259666
0.256463
0.253792
0.251573
0.249735
0.248217
0.246969
0.245945
0.245107
0.244423
0.243867
0.243414
0.243046
0.242748
0.242505
0.242309
0.242149
0.242018
0.241911
0.241823
0.24175
0.24169
0.241639
0.241596
0.24156
0.241529
0.241501
0.241478
0.241457
0.241438
0.241421
0.241406
0.241393
0.24138
0.241369
0.241358
0.241349
0.24134
0.241331
0.241324
0.241317
0.24131
0.241304
0.241298
0.241292
0.241287
0.241283
0.241278
0.241274
0.24127
0.241266
0.241262
0.241259
0.241256
0.241252
0.241249
0.241246
0.241244
0.241241
0.241238
0.241235
0.241232
0.24123
0.241227
0.241224
0.241222
0.241219
0.241217
0.241214
0.241212
0.24121
0.241208
0.241207
0.241205
0.241205
0.961123
0.890233
0.825457
0.766109
0.711609
0.661481
0.615349
0.572928
0.534011
0.498442
0.466102
0.436875
0.410641
0.387254
0.36655
0.348339
0.33242
0.318582
0.306616
0.296317
0.287493
0.279964
0.273566
0.26815
0.263582
0.259744
0.256531
0.253851
0.251623
0.249778
0.248254
0.247
0.245972
0.24513
0.244442
0.243883
0.243427
0.243058
0.242758
0.242514
0.242316
0.242155
0.242024
0.241916
0.241828
0.241755
0.241694
0.241643
0.2416
0.241564
0.241532
0.241505
0.241481
0.24146
0.241441
0.241424
0.241409
0.241395
0.241383
0.241371
0.241361
0.241351
0.241342
0.241334
0.241326
0.241319
0.241312
0.241306
0.2413
0.241294
0.241289
0.241284
0.24128
0.241275
0.241271
0.241267
0.241264
0.24126
0.241257
0.241254
0.241251
0.241247
0.241245
0.241242
0.241239
0.241236
0.241233
0.241231
0.241228
0.241225
0.241223
0.24122
0.241217
0.241215
0.241213
0.241211
0.241209
0.241207
0.241206
0.241205
0.961124
0.890237
0.825469
0.766135
0.711653
0.661548
0.615441
0.573046
0.534154
0.498608
0.466287
0.437074
0.410849
0.387466
0.366761
0.348545
0.332618
0.318769
0.30679
0.296478
0.28764
0.280097
0.273685
0.268256
0.263675
0.259826
0.256602
0.253913
0.251676
0.249823
0.248293
0.247033
0.245999
0.245153
0.244462
0.243899
0.243441
0.243069
0.242768
0.242523
0.242323
0.242162
0.242029
0.241921
0.241833
0.241759
0.241698
0.241647
0.241604
0.241567
0.241535
0.241508
0.241484
0.241463
0.241444
0.241427
0.241412
0.241398
0.241385
0.241374
0.241363
0.241353
0.241344
0.241336
0.241328
0.241321
0.241314
0.241308
0.241302
0.241296
0.241291
0.241286
0.241281
0.241277
0.241273
0.241269
0.241265
0.241261
0.241258
0.241255
0.241252
0.241249
0.241246
0.241243
0.24124
0.241237
0.241234
0.241231
0.241229
0.241226
0.241223
0.241221
0.241218
0.241216
0.241213
0.241211
0.241209
0.241208
0.241207
0.241206
0.961124
0.89024
0.82548
0.766159
0.711695
0.661611
0.615529
0.57316
0.534293
0.498772
0.46647
0.437274
0.411058
0.38768
0.366975
0.348755
0.33282
0.318961
0.30697
0.296644
0.287792
0.280234
0.273808
0.268365
0.263772
0.259911
0.256676
0.253977
0.251731
0.24987
0.248333
0.247067
0.246028
0.245177
0.244482
0.243916
0.243455
0.243081
0.242777
0.242531
0.24233
0.242168
0.242035
0.241926
0.241837
0.241763
0.241702
0.24165
0.241607
0.24157
0.241538
0.241511
0.241487
0.241466
0.241447
0.24143
0.241414
0.241401
0.241388
0.241376
0.241366
0.241356
0.241346
0.241338
0.24133
0.241323
0.241316
0.241309
0.241303
0.241298
0.241292
0.241287
0.241283
0.241278
0.241274
0.24127
0.241266
0.241263
0.241259
0.241256
0.241253
0.241249
0.241246
0.241243
0.241241
0.241238
0.241235
0.241232
0.241229
0.241227
0.241224
0.241221
0.241219
0.241216
0.241214
0.241212
0.24121
0.241208
0.241207
0.241206
0.961124
0.890244
0.825491
0.766181
0.711734
0.661671
0.615613
0.57327
0.534429
0.498931
0.46665
0.43747
0.411266
0.387894
0.367189
0.348966
0.333024
0.319155
0.307151
0.296812
0.287946
0.280374
0.273934
0.268478
0.263871
0.259998
0.256752
0.254042
0.251787
0.249918
0.248373
0.247101
0.246056
0.245201
0.244502
0.243932
0.243469
0.243092
0.242787
0.242539
0.242337
0.242173
0.24204
0.24193
0.24184
0.241766
0.241705
0.241653
0.24161
0.241573
0.241541
0.241513
0.241489
0.241468
0.241449
0.241432
0.241417
0.241403
0.24139
0.241378
0.241367
0.241358
0.241348
0.24134
0.241332
0.241324
0.241317
0.241311
0.241305
0.241299
0.241294
0.241289
0.241284
0.241279
0.241275
0.241271
0.241267
0.241264
0.24126
0.241257
0.241253
0.24125
0.241247
0.241244
0.241241
0.241238
0.241236
0.241233
0.24123
0.241227
0.241224
0.241222
0.241219
0.241217
0.241214
0.241212
0.24121
0.241209
0.241207
0.241207
0.961124
0.890247
0.8255
0.766202
0.71177
0.661727
0.615692
0.573374
0.534559
0.499085
0.466825
0.437662
0.411469
0.388104
0.367402
0.349176
0.333227
0.319349
0.307334
0.296982
0.288101
0.280516
0.274061
0.268591
0.263972
0.260086
0.256829
0.254108
0.251844
0.249966
0.248414
0.247135
0.246085
0.245224
0.244522
0.243948
0.243482
0.243103
0.242796
0.242546
0.242343
0.242178
0.242044
0.241934
0.241844
0.241769
0.241707
0.241655
0.241612
0.241575
0.241543
0.241515
0.241491
0.24147
0.241451
0.241434
0.241418
0.241404
0.241392
0.24138
0.241369
0.241359
0.24135
0.241341
0.241333
0.241326
0.241319
0.241312
0.241306
0.2413
0.241295
0.24129
0.241285
0.24128
0.241276
0.241272
0.241268
0.241264
0.241261
0.241257
0.241254
0.241251
0.241248
0.241245
0.241242
0.241239
0.241236
0.241233
0.24123
0.241228
0.241225
0.241222
0.24122
0.241217
0.241215
0.241213
0.241211
0.241209
0.241208
0.241207
0.961125
0.89025
0.825509
0.766221
0.711804
0.66178
0.615767
0.573473
0.534682
0.499232
0.466994
0.437847
0.411667
0.38831
0.36761
0.349382
0.333428
0.31954
0.307515
0.29715
0.288256
0.280657
0.274188
0.268704
0.264072
0.260174
0.256905
0.254174
0.251901
0.250015
0.248455
0.24717
0.246113
0.245248
0.244541
0.243964
0.243495
0.243114
0.242804
0.242553
0.242349
0.242183
0.242048
0.241937
0.241846
0.241771
0.241709
0.241657
0.241614
0.241576
0.241544
0.241517
0.241492
0.241471
0.241452
0.241435
0.24142
0.241406
0.241393
0.241381
0.24137
0.24136
0.241351
0.241343
0.241334
0.241327
0.24132
0.241313
0.241307
0.241301
0.241296
0.241291
0.241286
0.241281
0.241277
0.241273
0.241269
0.241265
0.241262
0.241258
0.241255
0.241252
0.241248
0.241245
0.241242
0.241239
0.241237
0.241234
0.241231
0.241228
0.241225
0.241223
0.24122
0.241218
0.241215
0.241213
0.241211
0.241209
0.241208
0.241207
0.961125
0.890252
0.825518
0.766239
0.711836
0.661829
0.615837
0.573567
0.5348
0.499373
0.467155
0.438026
0.411859
0.388509
0.367812
0.349583
0.333624
0.319729
0.307693
0.297316
0.288409
0.280796
0.274314
0.268817
0.264172
0.260261
0.256981
0.25424
0.251957
0.250063
0.248495
0.247203
0.246141
0.245271
0.24456
0.24398
0.243507
0.243124
0.242812
0.242559
0.242354
0.242187
0.242051
0.241939
0.241848
0.241773
0.241711
0.241659
0.241615
0.241577
0.241545
0.241518
0.241493
0.241472
0.241453
0.241436
0.241421
0.241407
0.241394
0.241382
0.241371
0.241361
0.241352
0.241343
0.241335
0.241328
0.241321
0.241314
0.241308
0.241302
0.241297
0.241291
0.241286
0.241282
0.241277
0.241273
0.241269
0.241266
0.241262
0.241259
0.241255
0.241252
0.241249
0.241246
0.241243
0.24124
0.241237
0.241234
0.241231
0.241228
0.241226
0.241223
0.24122
0.241218
0.241216
0.241213
0.241211
0.24121
0.241209
0.241208
0.961125
0.890255
0.825526
0.766256
0.711866
0.661875
0.615903
0.573655
0.534911
0.499507
0.467309
0.438197
0.412042
0.388701
0.368008
0.349778
0.333815
0.319912
0.307867
0.297479
0.288559
0.280933
0.274438
0.268928
0.26427
0.260348
0.257057
0.254305
0.252013
0.25011
0.248535
0.247237
0.246169
0.245294
0.244578
0.243994
0.243519
0.243133
0.242819
0.242565
0.242358
0.24219
0.242053
0.241941
0.24185
0.241774
0.241712
0.241659
0.241615
0.241578
0.241546
0.241518
0.241494
0.241473
0.241454
0.241437
0.241421
0.241407
0.241395
0.241383
0.241372
0.241362
0.241353
0.241344
0.241336
0.241328
0.241321
0.241315
0.241308
0.241303
0.241297
0.241292
0.241287
0.241282
0.241278
0.241274
0.24127
0.241266
0.241262
0.241259
0.241255
0.241252
0.241249
0.241246
0.241243
0.24124
0.241237
0.241234
0.241231
0.241229
0.241226
0.241223
0.241221
0.241218
0.241216
0.241214
0.241212
0.24121
0.241209
0.241208
0.961125
0.890258
0.825533
0.766272
0.711893
0.661919
0.615965
0.573738
0.535016
0.499633
0.467455
0.43836
0.412218
0.388885
0.368196
0.349967
0.333999
0.32009
0.308035
0.297637
0.288706
0.281067
0.274559
0.269036
0.264366
0.260432
0.25713
0.254369
0.252067
0.250156
0.248574
0.247269
0.246196
0.245316
0.244596
0.244009
0.24353
0.243142
0.242826
0.24257
0.242362
0.242193
0.242055
0.241943
0.241851
0.241775
0.241712
0.24166
0.241615
0.241578
0.241546
0.241518
0.241494
0.241473
0.241454
0.241437
0.241422
0.241408
0.241395
0.241383
0.241372
0.241362
0.241353
0.241344
0.241336
0.241329
0.241322
0.241315
0.241309
0.241303
0.241297
0.241292
0.241287
0.241282
0.241278
0.241274
0.24127
0.241266
0.241262
0.241259
0.241256
0.241252
0.241249
0.241246
0.241243
0.24124
0.241237
0.241234
0.241231
0.241229
0.241226
0.241223
0.241221
0.241218
0.241216
0.241214
0.241212
0.24121
0.241209
0.241208
0.961126
0.89026
0.825541
0.766287
0.711919
0.661959
0.616023
0.573816
0.535115
0.499752
0.467594
0.438514
0.412385
0.389061
0.368376
0.350147
0.334177
0.320262
0.308199
0.29779
0.288848
0.281197
0.274677
0.269142
0.26446
0.260515
0.257202
0.254431
0.252121
0.250201
0.248612
0.2473
0.246222
0.245337
0.244613
0.244022
0.243541
0.24315
0.242832
0.242574
0.242365
0.242195
0.242057
0.241944
0.241851
0.241775
0.241712
0.241659
0.241615
0.241578
0.241546
0.241518
0.241494
0.241473
0.241454
0.241437
0.241421
0.241408
0.241395
0.241383
0.241372
0.241362
0.241353
0.241344
0.241336
0.241329
0.241322
0.241315
0.241309
0.241303
0.241297
0.241292
0.241287
0.241282
0.241278
0.241274
0.24127
0.241266
0.241262
0.241259
0.241255
0.241252
0.241249
0.241246
0.241243
0.24124
0.241237
0.241234
0.241231
0.241229
0.241226
0.241223
0.241221
0.241218
0.241216
0.241214
0.241212
0.24121
0.241209
0.241208
0.961126
0.890262
0.825547
0.766301
0.711944
0.661997
0.616078
0.573889
0.535208
0.499865
0.467724
0.43866
0.412544
0.389228
0.368548
0.35032
0.334347
0.320427
0.308356
0.297938
0.288985
0.281323
0.274791
0.269244
0.264551
0.260595
0.257272
0.254491
0.252172
0.250245
0.248649
0.247331
0.246247
0.245357
0.244629
0.244035
0.243551
0.243157
0.242838
0.242578
0.242368
0.242197
0.242057
0.241944
0.241851
0.241774
0.241711
0.241659
0.241614
0.241577
0.241545
0.241517
0.241493
0.241472
0.241453
0.241436
0.241421
0.241407
0.241394
0.241383
0.241372
0.241362
0.241353
0.241344
0.241336
0.241329
0.241321
0.241315
0.241309
0.241303
0.241297
0.241292
0.241287
0.241282
0.241278
0.241274
0.24127
0.241266
0.241262
0.241259
0.241255
0.241252
0.241249
0.241246
0.241243
0.24124
0.241237
0.241234
0.241231
0.241229
0.241226
0.241223
0.241221
0.241218
0.241216
0.241214
0.241212
0.24121
0.241209
0.241208
0.961126
0.890265
0.825554
0.766314
0.711966
0.662033
0.616129
0.573957
0.535295
0.49997
0.467847
0.438798
0.412694
0.389387
0.368711
0.350484
0.334509
0.320584
0.308506
0.298079
0.289117
0.281444
0.274901
0.269343
0.264639
0.260673
0.25734
0.25455
0.252222
0.250287
0.248684
0.24736
0.246271
0.245376
0.244644
0.244047
0.24356
0.243164
0.242843
0.242582
0.24237
0.242198
0.242058
0.241944
0.24185
0.241774
0.24171
0.241657
0.241613
0.241576
0.241544
0.241516
0.241492
0.241471
0.241452
0.241435
0.24142
0.241406
0.241394
0.241382
0.241371
0.241362
0.241352
0.241344
0.241336
0.241328
0.241321
0.241314
0.241308
0.241302
0.241297
0.241291
0.241287
0.241282
0.241277
0.241273
0.241269
0.241265
0.241262
0.241258
0.241255
0.241252
0.241249
0.241245
0.241242
0.24124
0.241237
0.241234
0.241231
0.241228
0.241226
0.241223
0.241221
0.241218
0.241216
0.241214
0.241212
0.24121
0.241209
0.241208
0.961126
0.890267
0.82556
0.766326
0.711988
0.662066
0.616176
0.574021
0.535376
0.500069
0.467963
0.438928
0.412835
0.389536
0.368866
0.35064
0.334664
0.320734
0.30865
0.298215
0.289243
0.28156
0.275007
0.269438
0.264724
0.260747
0.257405
0.254606
0.25227
0.250328
0.248718
0.247388
0.246294
0.245395
0.244659
0.244058
0.243568
0.24317
0.242847
0.242584
0.242371
0.242198
0.242058
0.241943
0.241849
0.241772
0.241709
0.241656
0.241612
0.241574
0.241542
0.241514
0.241491
0.241469
0.241451
0.241434
0.241419
0.241405
0.241393
0.241381
0.241371
0.241361
0.241352
0.241343
0.241335
0.241327
0.24132
0.241314
0.241308
0.241302
0.241296
0.241291
0.241286
0.241281
0.241277
0.241273
0.241269
0.241265
0.241261
0.241258
0.241254
0.241251
0.241248
0.241245
0.241242
0.241239
0.241236
0.241233
0.241231
0.241228
0.241225
0.241223
0.24122
0.241218
0.241216
0.241214
0.241212
0.24121
0.241209
0.241208
0.961127
0.890269
0.825565
0.766337
0.712008
0.662097
0.616221
0.574081
0.535452
0.500162
0.468071
0.43905
0.412969
0.389678
0.369012
0.350788
0.33481
0.320877
0.308787
0.298344
0.289363
0.281671
0.275108
0.269529
0.264805
0.260819
0.257468
0.25466
0.252317
0.250367
0.248751
0.247415
0.246315
0.245412
0.244673
0.244069
0.243576
0.243176
0.242851
0.242587
0.242373
0.242199
0.242057
0.241942
0.241848
0.241771
0.241707
0.241654
0.24161
0.241572
0.24154
0.241513
0.241489
0.241468
0.241449
0.241433
0.241418
0.241404
0.241392
0.24138
0.24137
0.24136
0.241351
0.241342
0.241334
0.241327
0.24132
0.241313
0.241307
0.241301
0.241295
0.24129
0.241285
0.241281
0.241276
0.241272
0.241268
0.241264
0.241261
0.241257
0.241254
0.241251
0.241247
0.241244
0.241241
0.241239
0.241236
0.241233
0.24123
0.241228
0.241225
0.241222
0.24122
0.241218
0.241215
0.241213
0.241211
0.24121
0.241209
0.241208
0.961127
0.890271
0.825571
0.766348
0.712026
0.662126
0.616262
0.574137
0.535524
0.500249
0.468172
0.439165
0.413094
0.389811
0.36915
0.350928
0.334949
0.321012
0.308917
0.298467
0.289478
0.281777
0.275204
0.269616
0.264883
0.260888
0.257528
0.254712
0.252361
0.250405
0.248782
0.247441
0.246336
0.245429
0.244686
0.244079
0.243584
0.243181
0.242854
0.242589
0.242374
0.242199
0.242057
0.241941
0.241847
0.241769
0.241705
0.241652
0.241608
0.24157
0.241538
0.241511
0.241487
0.241466
0.241447
0.241431
0.241416
0.241403
0.24139
0.241379
0.241368
0.241358
0.241349
0.241341
0.241333
0.241326
0.241319
0.241312
0.241306
0.2413
0.241295
0.241289
0.241284
0.24128
0.241275
0.241271
0.241267
0.241263
0.24126
0.241256
0.241253
0.24125
0.241247
0.241244
0.241241
0.241238
0.241235
0.241232
0.24123
0.241227
0.241225
0.241222
0.24122
0.241217
0.241215
0.241213
0.241211
0.24121
0.241209
0.241208
0.961127
0.890273
0.825576
0.766358
0.712044
0.662153
0.616301
0.574189
0.53559
0.50033
0.468267
0.439272
0.413211
0.389935
0.369279
0.351059
0.33508
0.32114
0.309039
0.298583
0.289587
0.281877
0.275296
0.269699
0.264957
0.260953
0.257585
0.254762
0.252403
0.25044
0.248812
0.247466
0.246356
0.245445
0.244698
0.244088
0.243591
0.243186
0.242857
0.242591
0.242374
0.242198
0.242056
0.24194
0.241845
0.241767
0.241703
0.24165
0.241605
0.241568
0.241536
0.241508
0.241485
0.241464
0.241446
0.241429
0.241414
0.241401
0.241389
0.241377
0.241367
0.241357
0.241348
0.24134
0.241332
0.241324
0.241317
0.241311
0.241305
0.241299
0.241293
0.241288
0.241283
0.241279
0.241274
0.24127
0.241266
0.241263
0.241259
0.241256
0.241252
0.241249
0.241246
0.241243
0.24124
0.241237
0.241235
0.241232
0.241229
0.241227
0.241224
0.241222
0.241219
0.241217
0.241215
0.241213
0.241211
0.241209
0.241208
0.241207
0.961128
0.890274
0.82558
0.766368
0.71206
0.662178
0.616337
0.574237
0.535652
0.500405
0.468356
0.439372
0.413321
0.390053
0.369401
0.351183
0.335203
0.32126
0.309155
0.298694
0.28969
0.281973
0.275383
0.269778
0.265027
0.261015
0.257639
0.254809
0.252444
0.250474
0.24884
0.247489
0.246375
0.24546
0.24471
0.244097
0.243597
0.24319
0.24286
0.242592
0.242374
0.242198
0.242055
0.241938
0.241843
0.241765
0.2417
0.241647
0.241603
0.241565
0.241533
0.241506
0.241482
0.241462
0.241443
0.241427
0.241412
0.241399
0.241387
0.241376
0.241365
0.241356
0.241347
0.241338
0.24133
0.241323
0.241316
0.24131
0.241304
0.241298
0.241292
0.241287
0.241282
0.241278
0.241273
0.241269
0.241265
0.241262
0.241258
0.241255
0.241251
0.241248
0.241245
0.241242
0.241239
0.241237
0.241234
0.241231
0.241229
0.241226
0.241223
0.241221
0.241219
0.241216
0.241214
0.241212
0.241211
0.241209
0.241208
0.241207
0.961128
0.890276
0.825585
0.766377
0.712075
0.662201
0.61637
0.574282
0.535709
0.500476
0.468438
0.439466
0.413423
0.390162
0.369515
0.351299
0.335318
0.321374
0.309265
0.298797
0.289787
0.282063
0.275466
0.269853
0.265094
0.261074
0.257691
0.254853
0.252482
0.250507
0.248867
0.247511
0.246393
0.245474
0.244721
0.244105
0.243603
0.243194
0.242862
0.242593
0.242374
0.242197
0.242053
0.241936
0.24184
0.241762
0.241698
0.241644
0.2416
0.241563
0.241531
0.241504
0.24148
0.241459
0.241441
0.241425
0.24141
0.241397
0.241385
0.241374
0.241363
0.241354
0.241345
0.241337
0.241329
0.241322
0.241315
0.241308
0.241302
0.241297
0.241291
0.241286
0.241281
0.241277
0.241272
0.241268
0.241264
0.241261
0.241257
0.241254
0.24125
0.241247
0.241244
0.241241
0.241238
0.241236
0.241233
0.24123
0.241228
0.241225
0.241223
0.24122
0.241218
0.241216
0.241214
0.241212
0.24121
0.241209
0.241208
0.241207
0.961128
0.890278
0.825589
0.766385
0.712089
0.662223
0.616401
0.574324
0.535763
0.500541
0.468515
0.439553
0.413519
0.390264
0.369621
0.351407
0.335427
0.32148
0.309368
0.298895
0.289879
0.282148
0.275544
0.269923
0.265157
0.26113
0.25774
0.254896
0.252518
0.250537
0.248893
0.247532
0.24641
0.245487
0.244731
0.244113
0.243608
0.243198
0.242864
0.242594
0.242374
0.242196
0.242051
0.241934
0.241838
0.24176
0.241695
0.241642
0.241597
0.24156
0.241528
0.241501
0.241477
0.241457
0.241439
0.241423
0.241408
0.241395
0.241383
0.241372
0.241362
0.241352
0.241343
0.241335
0.241327
0.24132
0.241313
0.241307
0.241301
0.241295
0.24129
0.241285
0.24128
0.241275
0.241271
0.241267
0.241263
0.241259
0.241256
0.241253
0.241249
0.241246
0.241243
0.24124
0.241238
0.241235
0.241232
0.24123
0.241227
0.241225
0.241222
0.24122
0.241217
0.241215
0.241213
0.241211
0.24121
0.241208
0.241207
0.241206
0.961128
0.890279
0.825593
0.766392
0.712102
0.662243
0.61643
0.574363
0.535812
0.500602
0.468586
0.439634
0.413608
0.39036
0.369721
0.351509
0.335528
0.32158
0.309464
0.298987
0.289966
0.282228
0.275617
0.26999
0.265217
0.261183
0.257786
0.254936
0.252552
0.250566
0.248917
0.247552
0.246426
0.2455
0.244741
0.24412
0.243613
0.243201
0.242866
0.242594
0.242374
0.242195
0.24205
0.241932
0.241836
0.241757
0.241692
0.241639
0.241594
0.241557
0.241525
0.241498
0.241475
0.241454
0.241436
0.24142
0.241406
0.241393
0.241381
0.24137
0.24136
0.24135
0.241342
0.241333
0.241326
0.241319
0.241312
0.241305
0.241299
0.241294
0.241288
0.241283
0.241279
0.241274
0.24127
0.241266
0.241262
0.241258
0.241255
0.241251
0.241248
0.241245
0.241242
0.241239
0.241237
0.241234
0.241231
0.241229
0.241226
0.241224
0.241221
0.241219
0.241217
0.241215
0.241213
0.241211
0.241209
0.241208
0.241207
0.241206
0.961129
0.890281
0.825596
0.766399
0.712114
0.662262
0.616457
0.574399
0.535858
0.500658
0.468653
0.439709
0.413691
0.390448
0.369813
0.351603
0.335623
0.321673
0.309554
0.299073
0.290046
0.282303
0.275686
0.270052
0.265273
0.261233
0.25783
0.254974
0.252585
0.250594
0.24894
0.247571
0.246441
0.245512
0.24475
0.244126
0.243618
0.243204
0.242867
0.242595
0.242373
0.242194
0.242048
0.24193
0.241833
0.241754
0.241689
0.241636
0.241591
0.241554
0.241522
0.241495
0.241472
0.241452
0.241434
0.241418
0.241404
0.241391
0.241379
0.241368
0.241358
0.241348
0.24134
0.241332
0.241324
0.241317
0.24131
0.241304
0.241298
0.241292
0.241287
0.241282
0.241277
0.241273
0.241269
0.241264
0.241261
0.241257
0.241254
0.24125
0.241247
0.241244
0.241241
0.241238
0.241236
0.241233
0.24123
0.241228
0.241225
0.241223
0.241221
0.241218
0.241216
0.241214
0.241212
0.24121
0.241209
0.241207
0.241206
0.241205
0.961129
0.890282
0.8256
0.766406
0.712125
0.662279
0.616482
0.574432
0.535901
0.50071
0.468714
0.439779
0.413768
0.390531
0.3699
0.351691
0.335711
0.32176
0.309638
0.299154
0.290122
0.282374
0.275751
0.270111
0.265326
0.26128
0.257871
0.255009
0.252615
0.250619
0.248961
0.247588
0.246455
0.245523
0.244758
0.244132
0.243622
0.243206
0.242869
0.242595
0.242372
0.242192
0.242046
0.241927
0.241831
0.241751
0.241687
0.241633
0.241588
0.241551
0.24152
0.241493
0.241469
0.241449
0.241431
0.241415
0.241401
0.241388
0.241377
0.241366
0.241356
0.241347
0.241338
0.24133
0.241322
0.241315
0.241309
0.241302
0.241296
0.241291
0.241286
0.241281
0.241276
0.241271
0.241267
0.241263
0.241259
0.241256
0.241252
0.241249
0.241246
0.241243
0.24124
0.241237
0.241235
0.241232
0.241229
0.241227
0.241225
0.241222
0.24122
0.241218
0.241216
0.241213
0.241212
0.24121
0.241208
0.241207
0.241206
0.241205
0.961129
0.890283
0.825603
0.766412
0.712136
0.662295
0.616504
0.574463
0.53594
0.500758
0.468771
0.439844
0.413839
0.390607
0.36998
0.351773
0.335794
0.321841
0.309717
0.299229
0.290193
0.28244
0.275812
0.270166
0.265375
0.261324
0.25791
0.255043
0.252644
0.250643
0.248981
0.247605
0.246468
0.245533
0.244766
0.244138
0.243626
0.243209
0.24287
0.242595
0.242372
0.242191
0.242044
0.241925
0.241828
0.241749
0.241684
0.24163
0.241586
0.241548
0.241517
0.24149
0.241467
0.241447
0.241429
0.241413
0.241399
0.241386
0.241374
0.241364
0.241354
0.241345
0.241336
0.241328
0.241321
0.241314
0.241307
0.241301
0.241295
0.241289
0.241284
0.241279
0.241274
0.24127
0.241266
0.241262
0.241258
0.241255
0.241251
0.241248
0.241245
0.241242
0.241239
0.241236
0.241234
0.241231
0.241229
0.241226
0.241224
0.241221
0.241219
0.241217
0.241215
0.241213
0.241211
0.241209
0.241208
0.241206
0.241205
0.241205
0.961129
0.890284
0.825606
0.766418
0.712145
0.66231
0.616526
0.574491
0.535977
0.500803
0.468823
0.439903
0.413905
0.390678
0.370054
0.351849
0.33587
0.321916
0.30979
0.299299
0.290259
0.282501
0.275868
0.270218
0.265421
0.261365
0.257946
0.255074
0.252671
0.250666
0.249
0.24762
0.24648
0.245543
0.244773
0.244143
0.243629
0.243211
0.242871
0.242595
0.242371
0.242189
0.242042
0.241923
0.241825
0.241746
0.241681
0.241627
0.241583
0.241545
0.241514
0.241487
0.241464
0.241444
0.241426
0.241411
0.241397
0.241384
0.241372
0.241362
0.241352
0.241343
0.241334
0.241326
0.241319
0.241312
0.241305
0.241299
0.241293
0.241288
0.241283
0.241278
0.241273
0.241269
0.241265
0.241261
0.241257
0.241253
0.24125
0.241247
0.241244
0.241241
0.241238
0.241235
0.241233
0.24123
0.241228
0.241225
0.241223
0.241221
0.241218
0.241216
0.241214
0.241212
0.24121
0.241209
0.241207
0.241206
0.241205
0.241204
0.961129
0.890285
0.825608
0.766423
0.712154
0.662323
0.616545
0.574518
0.53601
0.500844
0.468872
0.439959
0.413966
0.390744
0.370123
0.35192
0.335941
0.321986
0.309858
0.299364
0.29032
0.282558
0.275921
0.270266
0.265465
0.261403
0.257979
0.255103
0.252696
0.250687
0.249018
0.247634
0.246492
0.245552
0.24478
0.244148
0.243633
0.243213
0.242872
0.242595
0.24237
0.242188
0.24204
0.24192
0.241823
0.241743
0.241678
0.241625
0.24158
0.241543
0.241511
0.241485
0.241462
0.241442
0.241424
0.241408
0.241394
0.241382
0.24137
0.24136
0.24135
0.241341
0.241333
0.241325
0.241317
0.24131
0.241304
0.241298
0.241292
0.241286
0.241281
0.241276
0.241272
0.241267
0.241263
0.241259
0.241256
0.241252
0.241249
0.241246
0.241242
0.24124
0.241237
0.241234
0.241232
0.241229
0.241227
0.241224
0.241222
0.24122
0.241218
0.241215
0.241213
0.241212
0.24121
0.241208
0.241207
0.241205
0.241204
0.241204
0.96113
0.890286
0.825611
0.766428
0.712162
0.662336
0.616563
0.574542
0.536041
0.500882
0.468916
0.440009
0.414022
0.390804
0.370186
0.351985
0.336006
0.322051
0.309921
0.299424
0.290377
0.282612
0.27597
0.27031
0.265505
0.261439
0.258011
0.255131
0.252719
0.250707
0.249034
0.247648
0.246503
0.24556
0.244786
0.244153
0.243636
0.243215
0.242872
0.242594
0.242369
0.242186
0.242038
0.241918
0.241821
0.241741
0.241676
0.241622
0.241577
0.24154
0.241509
0.241482
0.241459
0.241439
0.241422
0.241406
0.241392
0.24138
0.241368
0.241358
0.241348
0.241339
0.241331
0.241323
0.241316
0.241309
0.241302
0.241296
0.24129
0.241285
0.24128
0.241275
0.24127
0.241266
0.241262
0.241258
0.241254
0.241251
0.241248
0.241244
0.241241
0.241238
0.241236
0.241233
0.241231
0.241228
0.241226
0.241223
0.241221
0.241219
0.241217
0.241215
0.241213
0.241211
0.241209
0.241207
0.241206
0.241205
0.241204
0.241203
0.96113
0.890287
0.825613
0.766432
0.71217
0.662347
0.616579
0.574564
0.536069
0.500917
0.468957
0.440056
0.414074
0.39086
0.370244
0.352045
0.336067
0.322111
0.309979
0.29948
0.29043
0.282661
0.276015
0.270352
0.265542
0.261472
0.25804
0.255156
0.252741
0.250725
0.249049
0.24766
0.246513
0.245568
0.244792
0.244157
0.243638
0.243216
0.242873
0.242594
0.242368
0.242185
0.242037
0.241916
0.241818
0.241738
0.241673
0.241619
0.241575
0.241537
0.241506
0.241479
0.241457
0.241437
0.241419
0.241404
0.24139
0.241378
0.241366
0.241356
0.241346
0.241337
0.241329
0.241321
0.241314
0.241307
0.241301
0.241295
0.241289
0.241284
0.241278
0.241274
0.241269
0.241265
0.241261
0.241257
0.241253
0.24125
0.241246
0.241243
0.24124
0.241237
0.241235
0.241232
0.24123
0.241227
0.241225
0.241223
0.24122
0.241218
0.241216
0.241214
0.241212
0.24121
0.241209
0.241207
0.241205
0.241204
0.241203
0.241203
0.96113
0.890288
0.825615
0.766436
0.712177
0.662358
0.616594
0.574584
0.536095
0.500948
0.468995
0.440099
0.414122
0.390911
0.370298
0.3521
0.336122
0.322166
0.310033
0.299531
0.290479
0.282706
0.276057
0.27039
0.265577
0.261503
0.258067
0.255179
0.252761
0.250743
0.249064
0.247672
0.246522
0.245575
0.244797
0.244161
0.243641
0.243218
0.242873
0.242594
0.242367
0.242184
0.242035
0.241914
0.241816
0.241736
0.241671
0.241617
0.241572
0.241535
0.241504
0.241477
0.241454
0.241434
0.241417
0.241402
0.241388
0.241376
0.241364
0.241354
0.241344
0.241336
0.241327
0.24132
0.241312
0.241306
0.241299
0.241293
0.241288
0.241282
0.241277
0.241272
0.241268
0.241263
0.241259
0.241256
0.241252
0.241249
0.241245
0.241242
0.241239
0.241236
0.241234
0.241231
0.241229
0.241226
0.241224
0.241222
0.241219
0.241217
0.241215
0.241213
0.241211
0.24121
0.241208
0.241206
0.241205
0.241204
0.241203
0.241202
0.96113
0.890289
0.825617
0.76644
0.712183
0.662368
0.616608
0.574603
0.536119
0.500977
0.469029
0.440138
0.414165
0.390957
0.370347
0.35215
0.336173
0.322216
0.310082
0.299578
0.290523
0.282748
0.276096
0.270425
0.265608
0.261531
0.258092
0.255201
0.25278
0.250758
0.249077
0.247683
0.246531
0.245582
0.244802
0.244164
0.243643
0.243219
0.242874
0.242594
0.242366
0.242182
0.242033
0.241912
0.241814
0.241734
0.241668
0.241614
0.24157
0.241533
0.241501
0.241475
0.241452
0.241432
0.241415
0.2414
0.241386
0.241374
0.241363
0.241352
0.241343
0.241334
0.241326
0.241318
0.241311
0.241304
0.241298
0.241292
0.241286
0.241281
0.241276
0.241271
0.241267
0.241262
0.241258
0.241254
0.241251
0.241247
0.241244
0.241241
0.241238
0.241235
0.241233
0.24123
0.241228
0.241225
0.241223
0.241221
0.241219
0.241217
0.241215
0.241213
0.241211
0.241209
0.241207
0.241206
0.241204
0.241203
0.241202
0.241202
0.96113
0.89029
0.825619
0.766444
0.712189
0.662376
0.616621
0.574619
0.536141
0.501004
0.46906
0.440174
0.414204
0.391
0.370392
0.352196
0.33622
0.322262
0.310127
0.299621
0.290564
0.282786
0.276131
0.270457
0.265637
0.261557
0.258115
0.255221
0.252797
0.250773
0.249089
0.247692
0.246538
0.245588
0.244807
0.244168
0.243645
0.24322
0.242874
0.242593
0.242366
0.242181
0.242032
0.24191
0.241812
0.241732
0.241666
0.241612
0.241567
0.24153
0.241499
0.241473
0.24145
0.24143
0.241413
0.241398
0.241384
0.241372
0.241361
0.241351
0.241341
0.241332
0.241324
0.241317
0.24131
0.241303
0.241296
0.241291
0.241285
0.24128
0.241275
0.24127
0.241265
0.241261
0.241257
0.241253
0.24125
0.241246
0.241243
0.24124
0.241237
0.241234
0.241232
0.241229
0.241227
0.241224
0.241222
0.24122
0.241218
0.241216
0.241214
0.241212
0.24121
0.241208
0.241207
0.241205
0.241204
0.241203
0.241202
0.241201
0.96113
0.89029
0.825621
0.766447
0.712194
0.662384
0.616632
0.574635
0.53616
0.501028
0.469089
0.440206
0.41424
0.391039
0.370433
0.352238
0.336262
0.322304
0.310168
0.299661
0.290602
0.282821
0.276164
0.270487
0.265664
0.261581
0.258136
0.255239
0.252812
0.250786
0.2491
0.247701
0.246546
0.245593
0.244811
0.244171
0.243647
0.243221
0.242874
0.242593
0.242365
0.24218
0.24203
0.241909
0.24181
0.24173
0.241664
0.24161
0.241565
0.241528
0.241497
0.241471
0.241448
0.241428
0.241411
0.241396
0.241382
0.24137
0.241359
0.241349
0.24134
0.241331
0.241323
0.241315
0.241308
0.241301
0.241295
0.241289
0.241284
0.241278
0.241273
0.241269
0.241264
0.24126
0.241256
0.241252
0.241249
0.241245
0.241242
0.241239
0.241236
0.241233
0.241231
0.241228
0.241226
0.241224
0.241221
0.241219
0.241217
0.241215
0.241213
0.241211
0.24121
0.241208
0.241206
0.241205
0.241204
0.241202
0.241201
0.241201
0.96113
0.890291
0.825622
0.76645
0.712199
0.662392
0.616642
0.574648
0.536178
0.50105
0.469114
0.440235
0.414273
0.391074
0.37047
0.352276
0.3363
0.322342
0.310205
0.299697
0.290636
0.282853
0.276193
0.270514
0.265688
0.261603
0.258155
0.255256
0.252827
0.250798
0.24911
0.24771
0.246552
0.245598
0.244815
0.244173
0.243649
0.243222
0.242874
0.242592
0.242364
0.242179
0.242029
0.241907
0.241808
0.241728
0.241662
0.241608
0.241563
0.241526
0.241495
0.241469
0.241446
0.241427
0.241409
0.241394
0.241381
0.241369
0.241358
0.241348
0.241338
0.24133
0.241321
0.241314
0.241307
0.2413
0.241294
0.241288
0.241283
0.241277
0.241272
0.241268
0.241263
0.241259
0.241255
0.241251
0.241248
0.241244
0.241241
0.241238
0.241235
0.241233
0.24123
0.241228
0.241225
0.241223
0.241221
0.241219
0.241217
0.241215
0.241213
0.241211
0.241209
0.241207
0.241206
0.241204
0.241203
0.241202
0.241201
0.2412
0.961131
0.890292
0.825623
0.766452
0.712203
0.662398
0.616652
0.574661
0.536194
0.501069
0.469137
0.440262
0.414302
0.391105
0.370503
0.352311
0.336335
0.322377
0.310238
0.299729
0.290666
0.282882
0.27622
0.270538
0.26571
0.261622
0.258172
0.255271
0.25284
0.250809
0.249119
0.247717
0.246558
0.245603
0.244818
0.244176
0.243651
0.243223
0.242875
0.242592
0.242363
0.242178
0.242027
0.241905
0.241806
0.241726
0.24166
0.241606
0.241561
0.241524
0.241493
0.241467
0.241444
0.241425
0.241408
0.241393
0.241379
0.241367
0.241356
0.241346
0.241337
0.241328
0.24132
0.241313
0.241306
0.241299
0.241293
0.241287
0.241281
0.241276
0.241271
0.241267
0.241262
0.241258
0.241254
0.24125
0.241247
0.241244
0.24124
0.241237
0.241235
0.241232
0.241229
0.241227
0.241224
0.241222
0.24122
0.241218
0.241216
0.241214
0.241212
0.24121
0.241209
0.241207
0.241205
0.241204
0.241203
0.241202
0.241201
0.2412
0.961131
0.890292
0.825625
0.766454
0.712207
0.662404
0.61666
0.574672
0.536208
0.501086
0.469158
0.440285
0.414328
0.391133
0.370532
0.352341
0.336366
0.322407
0.310269
0.299758
0.290694
0.282908
0.276243
0.27056
0.26573
0.26164
0.258188
0.255285
0.252851
0.250819
0.249127
0.247724
0.246563
0.245607
0.244821
0.244178
0.243652
0.243223
0.242875
0.242592
0.242362
0.242177
0.242026
0.241904
0.241805
0.241724
0.241658
0.241604
0.24156
0.241523
0.241492
0.241465
0.241443
0.241423
0.241406
0.241391
0.241378
0.241366
0.241355
0.241345
0.241336
0.241327
0.241319
0.241312
0.241305
0.241298
0.241292
0.241286
0.24128
0.241275
0.24127
0.241266
0.241261
0.241257
0.241253
0.24125
0.241246
0.241243
0.24124
0.241237
0.241234
0.241231
0.241229
0.241226
0.241224
0.241222
0.241219
0.241217
0.241215
0.241213
0.241212
0.24121
0.241208
0.241206
0.241205
0.241204
0.241202
0.241201
0.2412
0.2412
0.961131
0.890292
0.825626
0.766456
0.71221
0.662409
0.616667
0.574682
0.53622
0.501102
0.469176
0.440306
0.414351
0.391158
0.370559
0.352368
0.336393
0.322435
0.310295
0.299784
0.290718
0.28293
0.276265
0.270579
0.265748
0.261655
0.258202
0.255297
0.252862
0.250828
0.249134
0.24773
0.246568
0.245611
0.244824
0.24418
0.243653
0.243224
0.242875
0.242592
0.242362
0.242176
0.242025
0.241903
0.241804
0.241723
0.241657
0.241603
0.241558
0.241521
0.24149
0.241464
0.241441
0.241422
0.241405
0.24139
0.241377
0.241365
0.241354
0.241344
0.241334
0.241326
0.241318
0.241311
0.241304
0.241297
0.241291
0.241285
0.24128
0.241274
0.241269
0.241265
0.24126
0.241256
0.241252
0.241249
0.241245
0.241242
0.241239
0.241236
0.241233
0.24123
0.241228
0.241225
0.241223
0.241221
0.241219
0.241217
0.241215
0.241213
0.241211
0.241209
0.241208
0.241206
0.241205
0.241203
0.241202
0.241201
0.2412
0.241199
0.961131
0.890293
0.825627
0.766458
0.712213
0.662414
0.616673
0.57469
0.536231
0.501115
0.469192
0.440324
0.414371
0.39118
0.370582
0.352392
0.336417
0.322459
0.310319
0.299806
0.29074
0.282951
0.276283
0.270597
0.265763
0.261669
0.258214
0.255307
0.252871
0.250835
0.249141
0.247735
0.246572
0.245614
0.244827
0.244181
0.243654
0.243224
0.242875
0.242591
0.242361
0.242175
0.242024
0.241902
0.241802
0.241722
0.241656
0.241602
0.241557
0.24152
0.241489
0.241462
0.24144
0.241421
0.241404
0.241389
0.241375
0.241364
0.241353
0.241343
0.241333
0.241325
0.241317
0.24131
0.241303
0.241296
0.24129
0.241284
0.241279
0.241274
0.241269
0.241264
0.24126
0.241256
0.241252
0.241248
0.241245
0.241241
0.241238
0.241235
0.241232
0.24123
0.241227
0.241225
0.241223
0.24122
0.241218
0.241216
0.241214
0.241213
0.241211
0.241209
0.241207
0.241206
0.241204
0.241203
0.241202
0.241201
0.2412
0.241199
0.961131
0.890293
0.825627
0.76646
0.712216
0.662417
0.616679
0.574698
0.536241
0.501127
0.469206
0.44034
0.414389
0.391199
0.370602
0.352413
0.336438
0.322479
0.310339
0.299826
0.290758
0.282968
0.276299
0.270611
0.265776
0.261681
0.258224
0.255316
0.252879
0.250842
0.249146
0.24774
0.246576
0.245617
0.244829
0.244183
0.243655
0.243225
0.242875
0.242591
0.242361
0.242174
0.242023
0.241901
0.241801
0.24172
0.241654
0.2416
0.241556
0.241519
0.241488
0.241461
0.241439
0.24142
0.241403
0.241388
0.241374
0.241363
0.241352
0.241342
0.241333
0.241324
0.241316
0.241309
0.241302
0.241295
0.241289
0.241283
0.241278
0.241273
0.241268
0.241263
0.241259
0.241255
0.241251
0.241247
0.241244
0.241241
0.241238
0.241235
0.241232
0.241229
0.241227
0.241224
0.241222
0.24122
0.241218
0.241216
0.241214
0.241212
0.24121
0.241209
0.241207
0.241205
0.241204
0.241203
0.241201
0.2412
0.241199
0.241199
0.961131
0.890293
0.825628
0.766461
0.712218
0.662421
0.616684
0.574704
0.536249
0.501137
0.469217
0.440353
0.414404
0.391215
0.370618
0.35243
0.336456
0.322497
0.310356
0.299842
0.290774
0.282983
0.276313
0.270624
0.265788
0.261691
0.258233
0.255324
0.252885
0.250848
0.249151
0.247743
0.246579
0.245619
0.24483
0.244184
0.243656
0.243225
0.242875
0.242591
0.24236
0.242173
0.242022
0.2419
0.2418
0.241719
0.241653
0.241599
0.241555
0.241518
0.241486
0.24146
0.241438
0.241419
0.241402
0.241387
0.241374
0.241362
0.241351
0.241341
0.241332
0.241323
0.241315
0.241308
0.241301
0.241295
0.241289
0.241283
0.241277
0.241272
0.241267
0.241263
0.241258
0.241254
0.241251
0.241247
0.241243
0.24124
0.241237
0.241234
0.241231
0.241229
0.241226
0.241224
0.241222
0.24122
0.241217
0.241216
0.241214
0.241212
0.24121
0.241208
0.241207
0.241205
0.241204
0.241202
0.241201
0.2412
0.241199
0.241199
0.961131
0.890294
0.825629
0.766462
0.71222
0.662423
0.616687
0.574709
0.536255
0.501145
0.469227
0.440364
0.414416
0.391228
0.370632
0.352444
0.33647
0.322511
0.31037
0.299856
0.290787
0.282995
0.276324
0.270634
0.265797
0.2617
0.258241
0.255331
0.252891
0.250852
0.249155
0.247747
0.246582
0.245621
0.244832
0.244185
0.243656
0.243225
0.242875
0.24259
0.24236
0.242173
0.242022
0.241899
0.241799
0.241719
0.241652
0.241598
0.241554
0.241517
0.241486
0.241459
0.241437
0.241418
0.241401
0.241386
0.241373
0.241361
0.24135
0.24134
0.241331
0.241323
0.241315
0.241308
0.241301
0.241294
0.241288
0.241282
0.241277
0.241272
0.241267
0.241262
0.241258
0.241254
0.24125
0.241246
0.241243
0.24124
0.241237
0.241234
0.241231
0.241228
0.241226
0.241224
0.241221
0.241219
0.241217
0.241215
0.241213
0.241211
0.24121
0.241208
0.241206
0.241205
0.241203
0.241202
0.241201
0.2412
0.241199
0.241198
0.961131
0.890294
0.825629
0.766463
0.712221
0.662426
0.616691
0.574713
0.536261
0.501151
0.469235
0.440373
0.414426
0.391239
0.370643
0.352456
0.336482
0.322523
0.310381
0.299867
0.290797
0.283005
0.276333
0.270642
0.265805
0.261706
0.258247
0.255336
0.252895
0.250856
0.249158
0.247749
0.246584
0.245623
0.244833
0.244186
0.243657
0.243226
0.242875
0.24259
0.242359
0.242172
0.242021
0.241898
0.241799
0.241718
0.241652
0.241598
0.241553
0.241516
0.241485
0.241459
0.241436
0.241417
0.2414
0.241385
0.241372
0.24136
0.24135
0.24134
0.241331
0.241322
0.241314
0.241307
0.2413
0.241294
0.241288
0.241282
0.241276
0.241271
0.241266
0.241262
0.241258
0.241254
0.24125
0.241246
0.241243
0.241239
0.241236
0.241233
0.241231
0.241228
0.241226
0.241223
0.241221
0.241219
0.241217
0.241215
0.241213
0.241211
0.241209
0.241208
0.241206
0.241205
0.241203
0.241202
0.241201
0.2412
0.241199
0.241198
0.961131
0.890294
0.825629
0.766464
0.712222
0.662427
0.616693
0.574716
0.536265
0.501156
0.46924
0.44038
0.414433
0.391247
0.370652
0.352464
0.33649
0.322531
0.31039
0.299875
0.290805
0.283012
0.27634
0.270649
0.26581
0.261711
0.258251
0.25534
0.252899
0.250859
0.24916
0.247751
0.246585
0.245624
0.244834
0.244186
0.243657
0.243226
0.242875
0.24259
0.242359
0.242172
0.242021
0.241898
0.241798
0.241717
0.241651
0.241597
0.241552
0.241515
0.241484
0.241458
0.241436
0.241417
0.2414
0.241385
0.241372
0.24136
0.241349
0.241339
0.24133
0.241322
0.241314
0.241307
0.2413
0.241293
0.241287
0.241282
0.241276
0.241271
0.241266
0.241262
0.241257
0.241253
0.241249
0.241246
0.241242
0.241239
0.241236
0.241233
0.24123
0.241228
0.241225
0.241223
0.241221
0.241219
0.241217
0.241215
0.241213
0.241211
0.241209
0.241208
0.241206
0.241205
0.241203
0.241202
0.241201
0.2412
0.241199
0.241198
0.961131
0.890294
0.82563
0.766464
0.712223
0.662428
0.616694
0.574718
0.536267
0.501159
0.469244
0.440384
0.414438
0.391252
0.370657
0.35247
0.336496
0.322537
0.310395
0.29988
0.29081
0.283017
0.276345
0.270653
0.265814
0.261715
0.258254
0.255342
0.252901
0.250861
0.249162
0.247752
0.246586
0.245625
0.244834
0.244187
0.243657
0.243226
0.242875
0.24259
0.242359
0.242172
0.24202
0.241898
0.241798
0.241717
0.241651
0.241597
0.241552
0.241515
0.241484
0.241458
0.241435
0.241416
0.241399
0.241385
0.241371
0.24136
0.241349
0.241339
0.24133
0.241322
0.241314
0.241306
0.2413
0.241293
0.241287
0.241281
0.241276
0.241271
0.241266
0.241261
0.241257
0.241253
0.241249
0.241246
0.241242
0.241239
0.241236
0.241233
0.24123
0.241228
0.241225
0.241223
0.241221
0.241219
0.241217
0.241215
0.241213
0.241211
0.241209
0.241208
0.241206
0.241204
0.241203
0.241202
0.241201
0.2412
0.241199
0.241198
0.961131
0.890294
0.82563
0.766464
0.712223
0.662429
0.616695
0.574719
0.536269
0.501161
0.469246
0.440386
0.41444
0.391254
0.37066
0.352473
0.336499
0.32254
0.310398
0.299883
0.290813
0.283019
0.276347
0.270655
0.265816
0.261716
0.258255
0.255343
0.252902
0.250862
0.249163
0.247753
0.246586
0.245625
0.244834
0.244187
0.243657
0.243226
0.242875
0.24259
0.242359
0.242172
0.24202
0.241897
0.241798
0.241717
0.241651
0.241596
0.241552
0.241515
0.241484
0.241458
0.241435
0.241416
0.241399
0.241384
0.241371
0.241359
0.241349
0.241339
0.24133
0.241321
0.241314
0.241306
0.241299
0.241293
0.241287
0.241281
0.241276
0.241271
0.241266
0.241261
0.241257
0.241253
0.241249
0.241245
0.241242
0.241239
0.241236
0.241233
0.24123
0.241228
0.241225
0.241223
0.241221
0.241218
0.241216
0.241215
0.241213
0.241211
0.241209
0.241207
0.241206
0.241204
0.241203
0.241202
0.2412
0.241199
0.241199
0.241198
0.961131
0.890294
0.82563
0.766464
0.712223
0.662429
0.616695
0.574719
0.536269
0.501161
0.469246
0.440386
0.41444
0.391254
0.37066
0.352473
0.336499
0.32254
0.310398
0.299883
0.290813
0.283019
0.276347
0.270655
0.265816
0.261716
0.258255
0.255343
0.252902
0.250862
0.249163
0.247753
0.246586
0.245625
0.244834
0.244187
0.243657
0.243226
0.242875
0.24259
0.242359
0.242172
0.24202
0.241897
0.241798
0.241717
0.241651
0.241596
0.241552
0.241515
0.241484
0.241458
0.241435
0.241416
0.241399
0.241384
0.241371
0.241359
0.241349
0.241339
0.24133
0.241321
0.241313
0.241306
0.241299
0.241293
0.241287
0.241281
0.241276
0.241271
0.241266
0.241261
0.241257
0.241253
0.241249
0.241245
0.241242
0.241239
0.241236
0.241233
0.24123
0.241228
0.241225
0.241223
0.241221
0.241218
0.241216
0.241214
0.241213
0.241211
0.241209
0.241207
0.241206
0.241204
0.241203
0.241202
0.2412
0.241199
0.241199
0.241198
0.961131
0.890294
0.82563
0.766464
0.712223
0.662428
0.616694
0.574718
0.536267
0.501159
0.469244
0.440384
0.414438
0.391252
0.370657
0.35247
0.336496
0.322537
0.310395
0.29988
0.29081
0.283017
0.276344
0.270652
0.265814
0.261714
0.258254
0.255342
0.252901
0.250861
0.249162
0.247752
0.246586
0.245624
0.244834
0.244186
0.243657
0.243226
0.242875
0.24259
0.242359
0.242172
0.24202
0.241897
0.241798
0.241717
0.241651
0.241596
0.241552
0.241515
0.241484
0.241458
0.241435
0.241416
0.241399
0.241384
0.241371
0.241359
0.241349
0.241339
0.24133
0.241321
0.241314
0.241306
0.241299
0.241293
0.241287
0.241281
0.241276
0.241271
0.241266
0.241261
0.241257
0.241253
0.241249
0.241245
0.241242
0.241239
0.241236
0.241233
0.24123
0.241228
0.241225
0.241223
0.241221
0.241218
0.241216
0.241215
0.241213
0.241211
0.241209
0.241207
0.241206
0.241204
0.241203
0.241202
0.241201
0.241199
0.241199
0.241198
0.961131
0.890294
0.825629
0.766464
0.712222
0.662427
0.616693
0.574716
0.536265
0.501156
0.46924
0.44038
0.414433
0.391246
0.370652
0.352464
0.33649
0.322531
0.31039
0.299875
0.290805
0.283012
0.27634
0.270648
0.26581
0.261711
0.258251
0.255339
0.252898
0.250859
0.24916
0.247751
0.246585
0.245623
0.244833
0.244186
0.243657
0.243225
0.242875
0.24259
0.242359
0.242172
0.24202
0.241898
0.241798
0.241717
0.241651
0.241597
0.241552
0.241515
0.241484
0.241458
0.241436
0.241416
0.241399
0.241385
0.241371
0.24136
0.241349
0.241339
0.24133
0.241322
0.241314
0.241306
0.2413
0.241293
0.241287
0.241281
0.241276
0.241271
0.241266
0.241261
0.241257
0.241253
0.241249
0.241246
0.241242
0.241239
0.241236
0.241233
0.24123
0.241228
0.241225
0.241223
0.241221
0.241219
0.241217
0.241215
0.241213
0.241211
0.241209
0.241208
0.241206
0.241204
0.241203
0.241202
0.241201
0.2412
0.241199
0.241198
0.961131
0.890294
0.825629
0.766463
0.712221
0.662426
0.616691
0.574713
0.536261
0.501151
0.469235
0.440373
0.414425
0.391239
0.370643
0.352456
0.336482
0.322523
0.310381
0.299866
0.290797
0.283004
0.276333
0.270642
0.265804
0.261706
0.258246
0.255335
0.252895
0.250856
0.249158
0.247749
0.246583
0.245622
0.244832
0.244185
0.243656
0.243225
0.242875
0.24259
0.242359
0.242172
0.242021
0.241898
0.241798
0.241717
0.241651
0.241597
0.241553
0.241516
0.241484
0.241458
0.241436
0.241417
0.2414
0.241385
0.241372
0.24136
0.241349
0.241339
0.24133
0.241322
0.241314
0.241307
0.2413
0.241293
0.241287
0.241282
0.241276
0.241271
0.241266
0.241262
0.241257
0.241253
0.241249
0.241246
0.241242
0.241239
0.241236
0.241233
0.241231
0.241228
0.241225
0.241223
0.241221
0.241219
0.241217
0.241215
0.241213
0.241211
0.241209
0.241208
0.241206
0.241205
0.241203
0.241202
0.241201
0.2412
0.241199
0.241198
0.961131
0.890294
0.825629
0.766462
0.71222
0.662423
0.616687
0.574709
0.536255
0.501145
0.469227
0.440364
0.414416
0.391228
0.370632
0.352444
0.33647
0.322511
0.31037
0.299855
0.290787
0.282995
0.276324
0.270634
0.265797
0.261699
0.25824
0.25533
0.25289
0.250852
0.249155
0.247746
0.246581
0.245621
0.244831
0.244184
0.243656
0.243225
0.242874
0.24259
0.242359
0.242172
0.242021
0.241898
0.241799
0.241718
0.241652
0.241598
0.241553
0.241516
0.241485
0.241459
0.241437
0.241417
0.2414
0.241386
0.241372
0.24136
0.24135
0.24134
0.241331
0.241322
0.241314
0.241307
0.2413
0.241294
0.241288
0.241282
0.241277
0.241271
0.241267
0.241262
0.241258
0.241254
0.24125
0.241246
0.241243
0.24124
0.241236
0.241234
0.241231
0.241228
0.241226
0.241223
0.241221
0.241219
0.241217
0.241215
0.241213
0.241211
0.24121
0.241208
0.241206
0.241205
0.241203
0.241202
0.241201
0.2412
0.241199
0.241198
0.961131
0.890293
0.825628
0.766461
0.712218
0.662421
0.616684
0.574704
0.536249
0.501137
0.469217
0.440353
0.414404
0.391215
0.370618
0.35243
0.336456
0.322497
0.310356
0.299842
0.290774
0.282982
0.276313
0.270623
0.265787
0.261691
0.258233
0.255324
0.252885
0.250847
0.24915
0.247743
0.246578
0.245618
0.24483
0.244183
0.243655
0.243224
0.242874
0.24259
0.242359
0.242173
0.242021
0.241899
0.2418
0.241719
0.241653
0.241599
0.241554
0.241517
0.241486
0.24146
0.241437
0.241418
0.241401
0.241386
0.241373
0.241361
0.24135
0.24134
0.241331
0.241323
0.241315
0.241308
0.241301
0.241294
0.241288
0.241282
0.241277
0.241272
0.241267
0.241262
0.241258
0.241254
0.24125
0.241247
0.241243
0.24124
0.241237
0.241234
0.241231
0.241229
0.241226
0.241224
0.241222
0.241219
0.241217
0.241215
0.241213
0.241212
0.24121
0.241208
0.241207
0.241205
0.241204
0.241202
0.241201
0.2412
0.241199
0.241199
0.961131
0.890293
0.825627
0.76646
0.712216
0.662417
0.616679
0.574698
0.536241
0.501127
0.469206
0.44034
0.414389
0.391199
0.370601
0.352412
0.336438
0.322479
0.310338
0.299825
0.290758
0.282967
0.276299
0.270611
0.265776
0.261681
0.258224
0.255316
0.252878
0.250841
0.249146
0.247739
0.246575
0.245616
0.244828
0.244182
0.243654
0.243224
0.242874
0.24259
0.24236
0.242173
0.242022
0.2419
0.2418
0.24172
0.241654
0.241599
0.241555
0.241518
0.241487
0.241461
0.241438
0.241419
0.241402
0.241387
0.241374
0.241362
0.241351
0.241341
0.241332
0.241324
0.241316
0.241308
0.241301
0.241295
0.241289
0.241283
0.241278
0.241272
0.241268
0.241263
0.241259
0.241255
0.241251
0.241247
0.241244
0.24124
0.241237
0.241234
0.241232
0.241229
0.241227
0.241224
0.241222
0.24122
0.241218
0.241216
0.241214
0.241212
0.24121
0.241208
0.241207
0.241205
0.241204
0.241202
0.241201
0.2412
0.241199
0.241199
0.961131
0.890293
0.825627
0.766458
0.712213
0.662414
0.616673
0.57469
0.536231
0.501115
0.469192
0.440324
0.414371
0.39118
0.370582
0.352392
0.336417
0.322458
0.310318
0.299806
0.290739
0.28295
0.276283
0.270596
0.265762
0.261668
0.258213
0.255306
0.25287
0.250834
0.24914
0.247734
0.246571
0.245613
0.244826
0.24418
0.243653
0.243223
0.242874
0.24259
0.24236
0.242174
0.242023
0.241901
0.241801
0.241721
0.241655
0.241601
0.241556
0.241519
0.241488
0.241462
0.241439
0.24142
0.241403
0.241388
0.241375
0.241363
0.241352
0.241342
0.241333
0.241324
0.241316
0.241309
0.241302
0.241296
0.241289
0.241284
0.241278
0.241273
0.241268
0.241264
0.241259
0.241255
0.241251
0.241248
0.241244
0.241241
0.241238
0.241235
0.241232
0.24123
0.241227
0.241225
0.241222
0.24122
0.241218
0.241216
0.241214
0.241212
0.241211
0.241209
0.241207
0.241206
0.241204
0.241203
0.241201
0.2412
0.2412
0.241199
0.961131
0.890292
0.825626
0.766457
0.71221
0.662409
0.616667
0.574682
0.53622
0.501102
0.469176
0.440306
0.414351
0.391158
0.370559
0.352368
0.336393
0.322434
0.310295
0.299783
0.290718
0.28293
0.276264
0.270579
0.265747
0.261655
0.258201
0.255296
0.252861
0.250827
0.249133
0.247729
0.246567
0.24561
0.244823
0.244178
0.243652
0.243223
0.242874
0.24259
0.242361
0.242174
0.242024
0.241902
0.241802
0.241722
0.241656
0.241602
0.241557
0.24152
0.241489
0.241463
0.24144
0.241421
0.241404
0.241389
0.241376
0.241364
0.241353
0.241343
0.241334
0.241325
0.241317
0.24131
0.241303
0.241296
0.24129
0.241284
0.241279
0.241274
0.241269
0.241264
0.24126
0.241256
0.241252
0.241248
0.241245
0.241242
0.241238
0.241236
0.241233
0.24123
0.241228
0.241225
0.241223
0.241221
0.241219
0.241217
0.241215
0.241213
0.241211
0.241209
0.241208
0.241206
0.241204
0.241203
0.241202
0.241201
0.2412
0.241199
0.961131
0.890292
0.825625
0.766454
0.712207
0.662404
0.61666
0.574672
0.536208
0.501086
0.469158
0.440285
0.414328
0.391133
0.370532
0.352341
0.336365
0.322407
0.310268
0.299757
0.290693
0.282907
0.276243
0.270559
0.265729
0.261639
0.258187
0.255283
0.25285
0.250818
0.249126
0.247723
0.246562
0.245606
0.24482
0.244176
0.243651
0.243222
0.242873
0.24259
0.242361
0.242175
0.242025
0.241903
0.241804
0.241723
0.241657
0.241603
0.241559
0.241522
0.24149
0.241464
0.241442
0.241422
0.241405
0.24139
0.241377
0.241365
0.241354
0.241344
0.241335
0.241326
0.241318
0.241311
0.241304
0.241297
0.241291
0.241285
0.24128
0.241275
0.24127
0.241265
0.241261
0.241257
0.241253
0.241249
0.241246
0.241242
0.241239
0.241236
0.241233
0.241231
0.241228
0.241226
0.241223
0.241221
0.241219
0.241217
0.241215
0.241213
0.241211
0.24121
0.241208
0.241206
0.241205
0.241203
0.241202
0.241201
0.2412
0.2412
0.961131
0.890292
0.825623
0.766452
0.712203
0.662398
0.616652
0.574661
0.536194
0.501069
0.469137
0.440262
0.414302
0.391105
0.370503
0.35231
0.336335
0.322376
0.310238
0.299728
0.290666
0.282881
0.276219
0.270537
0.265709
0.261621
0.258171
0.25527
0.252838
0.250808
0.249118
0.247716
0.246557
0.245602
0.244817
0.244174
0.243649
0.243221
0.242873
0.242591
0.242362
0.242176
0.242026
0.241904
0.241805
0.241725
0.241659
0.241605
0.24156
0.241523
0.241492
0.241466
0.241443
0.241424
0.241407
0.241392
0.241378
0.241366
0.241355
0.241345
0.241336
0.241327
0.241319
0.241312
0.241305
0.241298
0.241292
0.241286
0.241281
0.241276
0.241271
0.241266
0.241262
0.241257
0.241254
0.24125
0.241246
0.241243
0.24124
0.241237
0.241234
0.241231
0.241229
0.241226
0.241224
0.241222
0.24122
0.241218
0.241216
0.241214
0.241212
0.24121
0.241208
0.241207
0.241205
0.241204
0.241202
0.241201
0.241201
0.2412
0.96113
0.890291
0.825622
0.76645
0.712199
0.662392
0.616642
0.574649
0.536178
0.50105
0.469114
0.440235
0.414273
0.391074
0.370469
0.352276
0.3363
0.322342
0.310204
0.299696
0.290635
0.282852
0.276192
0.270513
0.265687
0.261601
0.258154
0.255255
0.252825
0.250797
0.249108
0.247708
0.246551
0.245597
0.244813
0.244172
0.243647
0.24322
0.242873
0.242591
0.242362
0.242177
0.242027
0.241905
0.241807
0.241726
0.24166
0.241606
0.241562
0.241525
0.241494
0.241467
0.241445
0.241425
0.241408
0.241393
0.24138
0.241368
0.241357
0.241346
0.241337
0.241329
0.24132
0.241313
0.241306
0.241299
0.241293
0.241287
0.241282
0.241277
0.241272
0.241267
0.241263
0.241258
0.241254
0.241251
0.241247
0.241244
0.241241
0.241238
0.241235
0.241232
0.24123
0.241227
0.241225
0.241223
0.24122
0.241218
0.241216
0.241214
0.241212
0.241211
0.241209
0.241207
0.241206
0.241204
0.241203
0.241202
0.241201
0.2412
0.96113
0.89029
0.825621
0.766447
0.712194
0.662385
0.616632
0.574635
0.53616
0.501028
0.469089
0.440206
0.41424
0.391039
0.370432
0.352238
0.336261
0.322304
0.310167
0.29966
0.290601
0.28282
0.276163
0.270486
0.265663
0.26158
0.258134
0.255238
0.252811
0.250784
0.249098
0.2477
0.246544
0.245592
0.244809
0.244169
0.243646
0.243219
0.242872
0.242591
0.242363
0.242178
0.242028
0.241907
0.241808
0.241728
0.241662
0.241608
0.241564
0.241527
0.241496
0.241469
0.241446
0.241427
0.24141
0.241395
0.241381
0.241369
0.241358
0.241348
0.241338
0.24133
0.241322
0.241314
0.241307
0.241301
0.241294
0.241288
0.241283
0.241278
0.241273
0.241268
0.241264
0.241259
0.241255
0.241252
0.241248
0.241245
0.241242
0.241239
0.241236
0.241233
0.24123
0.241228
0.241226
0.241223
0.241221
0.241219
0.241217
0.241215
0.241213
0.241211
0.241209
0.241208
0.241206
0.241205
0.241203
0.241202
0.241201
0.241201
0.96113
0.89029
0.825619
0.766444
0.712189
0.662377
0.616621
0.57462
0.536141
0.501004
0.46906
0.440174
0.414204
0.391
0.370392
0.352196
0.336219
0.322262
0.310126
0.299621
0.290564
0.282785
0.27613
0.270456
0.265636
0.261556
0.258113
0.255219
0.252795
0.250771
0.249087
0.247691
0.246537
0.245586
0.244805
0.244166
0.243643
0.243218
0.242872
0.242591
0.242364
0.242179
0.24203
0.241908
0.24181
0.24173
0.241664
0.24161
0.241566
0.241529
0.241497
0.241471
0.241448
0.241429
0.241412
0.241396
0.241383
0.241371
0.24136
0.241349
0.24134
0.241331
0.241323
0.241316
0.241308
0.241302
0.241295
0.24129
0.241284
0.241279
0.241274
0.241269
0.241265
0.24126
0.241256
0.241253
0.241249
0.241246
0.241243
0.241239
0.241237
0.241234
0.241231
0.241229
0.241226
0.241224
0.241222
0.24122
0.241218
0.241216
0.241214
0.241212
0.24121
0.241208
0.241207
0.241205
0.241204
0.241203
0.241202
0.241201
0.96113
0.890289
0.825617
0.76644
0.712183
0.662368
0.616608
0.574603
0.536119
0.500977
0.469029
0.440138
0.414165
0.390957
0.370347
0.35215
0.336172
0.322215
0.310081
0.299577
0.290522
0.282747
0.276095
0.270424
0.265607
0.26153
0.25809
0.255199
0.252778
0.250756
0.249075
0.247681
0.246529
0.24558
0.2448
0.244162
0.243641
0.243217
0.242872
0.242591
0.242364
0.24218
0.242031
0.24191
0.241812
0.241732
0.241666
0.241612
0.241568
0.241531
0.2415
0.241473
0.24145
0.241431
0.241413
0.241398
0.241385
0.241372
0.241361
0.241351
0.241341
0.241333
0.241325
0.241317
0.24131
0.241303
0.241297
0.241291
0.241285
0.24128
0.241275
0.24127
0.241266
0.241261
0.241257
0.241254
0.24125
0.241247
0.241244
0.24124
0.241238
0.241235
0.241232
0.24123
0.241227
0.241225
0.241223
0.24122
0.241218
0.241216
0.241214
0.241212
0.24121
0.241209
0.241207
0.241206
0.241204
0.241203
0.241202
0.241201
0.96113
0.890288
0.825615
0.766437
0.712177
0.662358
0.616595
0.574584
0.536095
0.500948
0.468995
0.440099
0.414121
0.39091
0.370298
0.352099
0.336122
0.322165
0.310032
0.29953
0.290478
0.282705
0.276056
0.270388
0.265575
0.261501
0.258065
0.255178
0.252759
0.250741
0.249062
0.24767
0.24652
0.245573
0.244795
0.244159
0.243639
0.243215
0.242871
0.242592
0.242365
0.242182
0.242033
0.241912
0.241814
0.241734
0.241669
0.241615
0.24157
0.241533
0.241502
0.241475
0.241452
0.241433
0.241415
0.2414
0.241386
0.241374
0.241363
0.241353
0.241343
0.241334
0.241326
0.241318
0.241311
0.241304
0.241298
0.241292
0.241286
0.241281
0.241276
0.241271
0.241267
0.241263
0.241259
0.241255
0.241251
0.241248
0.241245
0.241241
0.241239
0.241236
0.241233
0.241231
0.241228
0.241226
0.241223
0.241221
0.241219
0.241217
0.241215
0.241213
0.241211
0.241209
0.241208
0.241206
0.241205
0.241203
0.241203
0.241202
0.96113
0.890287
0.825613
0.766432
0.71217
0.662348
0.616579
0.574564
0.53607
0.500917
0.468957
0.440056
0.414074
0.390859
0.370244
0.352044
0.336066
0.32211
0.309978
0.299479
0.290429
0.282659
0.276014
0.27035
0.26554
0.26147
0.258038
0.255154
0.252739
0.250723
0.249047
0.247658
0.24651
0.245566
0.24479
0.244155
0.243636
0.243214
0.24287
0.242592
0.242366
0.242183
0.242034
0.241914
0.241816
0.241736
0.241671
0.241617
0.241573
0.241535
0.241504
0.241478
0.241455
0.241435
0.241418
0.241402
0.241388
0.241376
0.241365
0.241354
0.241345
0.241336
0.241328
0.24132
0.241313
0.241306
0.241299
0.241293
0.241288
0.241282
0.241277
0.241273
0.241268
0.241264
0.24126
0.241256
0.241252
0.241249
0.241246
0.241243
0.24124
0.241237
0.241234
0.241231
0.241229
0.241227
0.241224
0.241222
0.24122
0.241218
0.241216
0.241214
0.241212
0.24121
0.241208
0.241207
0.241205
0.241204
0.241203
0.241202
0.96113
0.890286
0.825611
0.766428
0.712163
0.662336
0.616563
0.574542
0.536041
0.500882
0.468916
0.440009
0.414022
0.390804
0.370186
0.351984
0.336006
0.32205
0.30992
0.299423
0.290376
0.28261
0.275968
0.270309
0.265503
0.261437
0.258009
0.255128
0.252717
0.250705
0.249032
0.247645
0.2465
0.245558
0.244784
0.24415
0.243633
0.243212
0.24287
0.242592
0.242367
0.242184
0.242036
0.241916
0.241818
0.241739
0.241673
0.24162
0.241575
0.241538
0.241507
0.24148
0.241457
0.241437
0.24142
0.241404
0.24139
0.241378
0.241367
0.241356
0.241347
0.241338
0.241329
0.241321
0.241314
0.241307
0.241301
0.241295
0.241289
0.241284
0.241279
0.241274
0.241269
0.241265
0.241261
0.241257
0.241253
0.24125
0.241247
0.241244
0.241241
0.241238
0.241235
0.241232
0.24123
0.241227
0.241225
0.241223
0.241221
0.241218
0.241216
0.241214
0.241212
0.24121
0.241209
0.241207
0.241206
0.241204
0.241203
0.241203
0.961129
0.890285
0.825608
0.766423
0.712154
0.662324
0.616545
0.574518
0.53601
0.500844
0.468872
0.439959
0.413966
0.390743
0.370122
0.351919
0.33594
0.321985
0.309857
0.299362
0.290319
0.282557
0.275919
0.270264
0.265463
0.261401
0.257977
0.255101
0.252693
0.250685
0.249015
0.247632
0.246489
0.245549
0.244777
0.244146
0.24363
0.24321
0.242869
0.242592
0.242367
0.242185
0.242038
0.241918
0.24182
0.241741
0.241676
0.241622
0.241578
0.24154
0.241509
0.241482
0.241459
0.241439
0.241422
0.241406
0.241393
0.24138
0.241369
0.241358
0.241348
0.241339
0.241331
0.241323
0.241316
0.241309
0.241302
0.241296
0.241291
0.241285
0.24128
0.241275
0.241271
0.241266
0.241262
0.241258
0.241255
0.241251
0.241248
0.241245
0.241242
0.241239
0.241236
0.241233
0.241231
0.241228
0.241226
0.241224
0.241221
0.241219
0.241217
0.241215
0.241213
0.241211
0.241209
0.241208
0.241206
0.241205
0.241204
0.241203
0.961129
0.890284
0.825606
0.766418
0.712145
0.66231
0.616526
0.574492
0.535977
0.500803
0.468823
0.439903
0.413905
0.390678
0.370054
0.351849
0.335869
0.321915
0.309789
0.299297
0.290258
0.2825
0.275866
0.270216
0.265419
0.261363
0.257943
0.255072
0.252668
0.250664
0.248997
0.247617
0.246478
0.24554
0.24477
0.244141
0.243627
0.243208
0.242868
0.242592
0.242368
0.242187
0.242039
0.24192
0.241823
0.241743
0.241678
0.241625
0.24158
0.241543
0.241512
0.241485
0.241462
0.241442
0.241424
0.241409
0.241395
0.241382
0.24137
0.24136
0.24135
0.241341
0.241333
0.241325
0.241317
0.24131
0.241304
0.241298
0.241292
0.241287
0.241281
0.241277
0.241272
0.241268
0.241263
0.24126
0.241256
0.241252
0.241249
0.241246
0.241243
0.24124
0.241237
0.241234
0.241232
0.241229
0.241227
0.241225
0.241222
0.24122
0.241218
0.241216
0.241214
0.241212
0.24121
0.241208
0.241207
0.241205
0.241204
0.241204
0.961129
0.890283
0.825603
0.766412
0.712136
0.662295
0.616505
0.574463
0.535941
0.500759
0.468771
0.439844
0.413839
0.390607
0.369979
0.351773
0.335793
0.32184
0.309716
0.299227
0.290191
0.282438
0.27581
0.270164
0.265373
0.261321
0.257907
0.25504
0.252641
0.250641
0.248978
0.247602
0.246465
0.24553
0.244763
0.244135
0.243623
0.243206
0.242867
0.242592
0.242369
0.242188
0.242041
0.241922
0.241825
0.241746
0.241681
0.241627
0.241583
0.241546
0.241514
0.241488
0.241464
0.241444
0.241427
0.241411
0.241397
0.241384
0.241372
0.241362
0.241352
0.241343
0.241334
0.241326
0.241319
0.241312
0.241305
0.241299
0.241293
0.241288
0.241283
0.241278
0.241273
0.241269
0.241265
0.241261
0.241257
0.241254
0.24125
0.241247
0.241244
0.241241
0.241238
0.241235
0.241233
0.24123
0.241228
0.241225
0.241223
0.241221
0.241219
0.241216
0.241214
0.241212
0.24121
0.241209
0.241207
0.241206
0.241205
0.241204
0.961129
0.890282
0.8256
0.766406
0.712126
0.662279
0.616482
0.574433
0.535901
0.50071
0.468714
0.439779
0.413768
0.39053
0.369899
0.351691
0.33571
0.321759
0.309637
0.299152
0.290121
0.282372
0.275749
0.270109
0.265323
0.261277
0.257868
0.255007
0.252612
0.250616
0.248958
0.247585
0.246452
0.24552
0.244755
0.244129
0.243619
0.243203
0.242866
0.242592
0.242369
0.242189
0.242043
0.241924
0.241828
0.241749
0.241684
0.24163
0.241586
0.241548
0.241517
0.24149
0.241467
0.241447
0.241429
0.241413
0.241399
0.241386
0.241375
0.241364
0.241354
0.241345
0.241336
0.241328
0.241321
0.241314
0.241307
0.241301
0.241295
0.241289
0.241284
0.241279
0.241275
0.24127
0.241266
0.241262
0.241258
0.241255
0.241251
0.241248
0.241245
0.241242
0.241239
0.241236
0.241234
0.241231
0.241229
0.241226
0.241224
0.241222
0.241219
0.241217
0.241215
0.241213
0.241211
0.241209
0.241208
0.241206
0.241205
0.241205
0.961129
0.890281
0.825596
0.7664
0.712114
0.662262
0.616457
0.574399
0.535859
0.500658
0.468653
0.439709
0.413691
0.390448
0.369813
0.351602
0.335622
0.321672
0.309553
0.299071
0.290045
0.282301
0.275684
0.27005
0.265271
0.26123
0.257827
0.254971
0.252582
0.250591
0.248937
0.247567
0.246438
0.245508
0.244746
0.244123
0.243614
0.243201
0.242864
0.242591
0.24237
0.24219
0.242045
0.241926
0.24183
0.241751
0.241686
0.241633
0.241589
0.241551
0.24152
0.241493
0.241469
0.241449
0.241431
0.241415
0.241401
0.241388
0.241377
0.241366
0.241356
0.241346
0.241338
0.24133
0.241322
0.241315
0.241308
0.241302
0.241296
0.241291
0.241285
0.241281
0.241276
0.241271
0.241267
0.241263
0.241259
0.241256
0.241252
0.241249
0.241246
0.241243
0.24124
0.241237
0.241235
0.241232
0.24123
0.241227
0.241225
0.241222
0.24122
0.241218
0.241216
0.241214
0.241212
0.24121
0.241208
0.241207
0.241206
0.241205
0.961128
0.890279
0.825593
0.766393
0.712102
0.662243
0.61643
0.574363
0.535813
0.500602
0.468586
0.439634
0.413608
0.390359
0.36972
0.351508
0.335527
0.321578
0.309462
0.298985
0.289964
0.282226
0.275615
0.269987
0.265214
0.26118
0.257783
0.254933
0.252549
0.250563
0.248914
0.247549
0.246422
0.245496
0.244737
0.244116
0.24361
0.243197
0.242863
0.242591
0.24237
0.242191
0.242046
0.241928
0.241832
0.241754
0.241689
0.241636
0.241591
0.241554
0.241522
0.241495
0.241472
0.241452
0.241434
0.241418
0.241403
0.24139
0.241379
0.241368
0.241358
0.241348
0.24134
0.241331
0.241324
0.241317
0.24131
0.241304
0.241298
0.241292
0.241287
0.241282
0.241277
0.241273
0.241268
0.241264
0.241261
0.241257
0.241254
0.24125
0.241247
0.241244
0.241241
0.241238
0.241236
0.241233
0.24123
0.241228
0.241225
0.241223
0.241221
0.241218
0.241216
0.241214
0.241212
0.24121
0.241209
0.241207
0.241206
0.241205
0.961128
0.890278
0.825589
0.766385
0.712089
0.662223
0.616402
0.574325
0.535763
0.500541
0.468515
0.439553
0.413519
0.390264
0.369621
0.351406
0.335425
0.321479
0.309366
0.298893
0.289877
0.282146
0.275541
0.269921
0.265154
0.261127
0.257737
0.254893
0.252515
0.250534
0.248889
0.247529
0.246406
0.245484
0.244727
0.244109
0.243605
0.243194
0.242861
0.24259
0.24237
0.242192
0.242048
0.24193
0.241835
0.241756
0.241692
0.241638
0.241594
0.241557
0.241525
0.241498
0.241475
0.241454
0.241436
0.24142
0.241405
0.241392
0.24138
0.241369
0.241359
0.24135
0.241341
0.241333
0.241325
0.241318
0.241311
0.241305
0.241299
0.241293
0.241288
0.241283
0.241278
0.241274
0.24127
0.241266
0.241262
0.241258
0.241255
0.241251
0.241248
0.241245
0.241242
0.241239
0.241237
0.241234
0.241231
0.241229
0.241226
0.241224
0.241221
0.241219
0.241217
0.241215
0.241213
0.241211
0.241209
0.241208
0.241207
0.241206
0.961128
0.890276
0.825585
0.766377
0.712075
0.662202
0.616371
0.574283
0.53571
0.500476
0.468438
0.439466
0.413423
0.390161
0.369514
0.351297
0.335317
0.321372
0.309263
0.298795
0.289785
0.28206
0.275463
0.26985
0.265091
0.261071
0.257688
0.25485
0.252478
0.250503
0.248864
0.247507
0.246389
0.24547
0.244717
0.244101
0.243599
0.24319
0.242858
0.242589
0.242371
0.242193
0.242049
0.241932
0.241837
0.241759
0.241694
0.241641
0.241597
0.241559
0.241528
0.2415
0.241477
0.241456
0.241438
0.241422
0.241408
0.241394
0.241382
0.241371
0.241361
0.241352
0.241343
0.241334
0.241327
0.24132
0.241313
0.241306
0.2413
0.241295
0.241289
0.241284
0.241279
0.241275
0.241271
0.241267
0.241263
0.241259
0.241256
0.241252
0.241249
0.241246
0.241243
0.24124
0.241237
0.241235
0.241232
0.241229
0.241227
0.241224
0.241222
0.24122
0.241217
0.241215
0.241213
0.241211
0.241209
0.241208
0.241207
0.241206
0.961128
0.890275
0.82558
0.766368
0.71206
0.662178
0.616337
0.574238
0.535652
0.500406
0.468356
0.439372
0.41332
0.390052
0.3694
0.351181
0.335201
0.321258
0.309153
0.298691
0.289687
0.28197
0.27538
0.269775
0.265024
0.261012
0.257636
0.254805
0.25244
0.25047
0.248836
0.247485
0.246371
0.245456
0.244706
0.244093
0.243593
0.243186
0.242856
0.242588
0.24237
0.242194
0.242051
0.241934
0.241839
0.241761
0.241697
0.241644
0.241599
0.241562
0.24153
0.241503
0.241479
0.241459
0.24144
0.241424
0.241409
0.241396
0.241384
0.241373
0.241363
0.241353
0.241344
0.241336
0.241328
0.241321
0.241314
0.241308
0.241301
0.241296
0.24129
0.241285
0.241281
0.241276
0.241272
0.241268
0.241264
0.24126
0.241257
0.241253
0.24125
0.241247
0.241244
0.241241
0.241238
0.241235
0.241233
0.24123
0.241227
0.241225
0.241222
0.24122
0.241218
0.241216
0.241213
0.241211
0.24121
0.241208
0.241207
0.241206
0.961127
0.890273
0.825576
0.766359
0.712044
0.662153
0.616301
0.574189
0.53559
0.50033
0.468267
0.439272
0.41321
0.389935
0.369278
0.351057
0.335078
0.321138
0.309037
0.298581
0.289584
0.281874
0.275293
0.269696
0.264953
0.260949
0.257581
0.254758
0.252399
0.250436
0.248808
0.247461
0.246352
0.245441
0.244694
0.244084
0.243586
0.243182
0.242853
0.242586
0.24237
0.242194
0.242052
0.241936
0.241841
0.241763
0.241699
0.241646
0.241602
0.241564
0.241532
0.241505
0.241481
0.241461
0.241442
0.241426
0.241411
0.241398
0.241386
0.241374
0.241364
0.241354
0.241345
0.241337
0.241329
0.241322
0.241315
0.241309
0.241303
0.241297
0.241291
0.241286
0.241281
0.241277
0.241273
0.241268
0.241265
0.241261
0.241257
0.241254
0.241251
0.241248
0.241245
0.241242
0.241239
0.241236
0.241233
0.241231
0.241228
0.241225
0.241223
0.241221
0.241218
0.241216
0.241214
0.241212
0.24121
0.241209
0.241207
0.241207
0.961127
0.890271
0.825571
0.766349
0.712027
0.662126
0.616263
0.574137
0.535524
0.500249
0.468172
0.439165
0.413093
0.38981
0.369148
0.350926
0.334947
0.32101
0.308914
0.298464
0.289475
0.281774
0.275201
0.269613
0.264879
0.260884
0.257524
0.254708
0.252357
0.2504
0.248778
0.247437
0.246332
0.245424
0.244681
0.244074
0.243579
0.243177
0.24285
0.242584
0.242369
0.242194
0.242052
0.241937
0.241842
0.241765
0.241701
0.241648
0.241604
0.241566
0.241534
0.241507
0.241483
0.241463
0.241444
0.241428
0.241413
0.241399
0.241387
0.241376
0.241365
0.241356
0.241347
0.241338
0.24133
0.241323
0.241316
0.24131
0.241303
0.241298
0.241292
0.241287
0.241282
0.241278
0.241273
0.241269
0.241265
0.241262
0.241258
0.241255
0.241251
0.241248
0.241245
0.241242
0.241239
0.241237
0.241234
0.241231
0.241229
0.241226
0.241223
0.241221
0.241218
0.241216
0.241214
0.241212
0.24121
0.241209
0.241208
0.241207
0.961127
0.890269
0.825566
0.766338
0.712008
0.662097
0.616221
0.574082
0.535453
0.500162
0.468071
0.43905
0.412968
0.389676
0.36901
0.350786
0.334808
0.320874
0.308784
0.298341
0.28936
0.281667
0.275104
0.269525
0.264801
0.260815
0.257463
0.254656
0.252312
0.250362
0.248746
0.247411
0.246311
0.245408
0.244668
0.244064
0.243572
0.243171
0.242846
0.242582
0.242368
0.242194
0.242053
0.241938
0.241844
0.241767
0.241703
0.24165
0.241606
0.241568
0.241536
0.241509
0.241485
0.241464
0.241446
0.241429
0.241414
0.241401
0.241388
0.241377
0.241366
0.241357
0.241348
0.241339
0.241331
0.241324
0.241317
0.24131
0.241304
0.241298
0.241293
0.241288
0.241283
0.241278
0.241274
0.24127
0.241266
0.241262
0.241259
0.241255
0.241252
0.241249
0.241246
0.241243
0.24124
0.241237
0.241234
0.241232
0.241229
0.241226
0.241224
0.241221
0.241219
0.241216
0.241214
0.241212
0.24121
0.241209
0.241208
0.241207
0.961126
0.890267
0.82556
0.766326
0.711988
0.662067
0.616177
0.574022
0.535376
0.500069
0.467962
0.438928
0.412834
0.389535
0.368864
0.350638
0.334661
0.320731
0.308647
0.298211
0.289239
0.281556
0.275003
0.269434
0.264719
0.260743
0.2574
0.254601
0.252266
0.250323
0.248713
0.247383
0.246288
0.24539
0.244654
0.244053
0.243563
0.243165
0.242842
0.24258
0.242367
0.242194
0.242053
0.241939
0.241845
0.241768
0.241704
0.241652
0.241607
0.24157
0.241538
0.24151
0.241487
0.241466
0.241447
0.24143
0.241415
0.241402
0.241389
0.241378
0.241367
0.241358
0.241348
0.24134
0.241332
0.241325
0.241318
0.241311
0.241305
0.241299
0.241294
0.241288
0.241284
0.241279
0.241275
0.24127
0.241266
0.241263
0.241259
0.241256
0.241252
0.241249
0.241246
0.241243
0.24124
0.241237
0.241235
0.241232
0.241229
0.241226
0.241224
0.241221
0.241219
0.241217
0.241214
0.241212
0.24121
0.241209
0.241208
0.241207
0.961126
0.890265
0.825554
0.766314
0.711967
0.662033
0.616129
0.573958
0.535295
0.49997
0.467846
0.438797
0.412692
0.389385
0.368709
0.350481
0.334506
0.320581
0.308502
0.298075
0.289112
0.281439
0.274896
0.269338
0.264634
0.260668
0.257335
0.254545
0.252217
0.250282
0.248679
0.247355
0.246265
0.245371
0.244639
0.244041
0.243555
0.243159
0.242837
0.242576
0.242365
0.242193
0.242053
0.241939
0.241846
0.241769
0.241705
0.241653
0.241609
0.241571
0.241539
0.241512
0.241488
0.241467
0.241448
0.241431
0.241416
0.241403
0.24139
0.241379
0.241368
0.241358
0.241349
0.24134
0.241332
0.241325
0.241318
0.241311
0.241305
0.241299
0.241294
0.241289
0.241284
0.241279
0.241275
0.241271
0.241267
0.241263
0.241259
0.241256
0.241253
0.24125
0.241246
0.241243
0.24124
0.241238
0.241235
0.241232
0.241229
0.241227
0.241224
0.241221
0.241219
0.241217
0.241214
0.241212
0.24121
0.241209
0.241208
0.241207
0.961126
0.890263
0.825548
0.766301
0.711944
0.661998
0.616079
0.57389
0.535208
0.499865
0.467723
0.438659
0.412542
0.389226
0.368545
0.350316
0.334343
0.320422
0.308351
0.297933
0.28898
0.281318
0.274786
0.269239
0.264546
0.26059
0.257267
0.254486
0.252167
0.250239
0.248643
0.247325
0.246241
0.245351
0.244623
0.244029
0.243545
0.243152
0.242832
0.242573
0.242362
0.242191
0.242052
0.241939
0.241846
0.241769
0.241706
0.241654
0.241609
0.241572
0.24154
0.241513
0.241489
0.241467
0.241449
0.241432
0.241417
0.241403
0.24139
0.241379
0.241368
0.241358
0.241349
0.241341
0.241333
0.241325
0.241318
0.241312
0.241305
0.2413
0.241294
0.241289
0.241284
0.241279
0.241275
0.241271
0.241267
0.241263
0.24126
0.241256
0.241253
0.24125
0.241247
0.241243
0.241241
0.241238
0.241235
0.241232
0.241229
0.241227
0.241224
0.241221
0.241219
0.241216
0.241214
0.241212
0.24121
0.241209
0.241208
0.241207
0.961126
0.89026
0.825541
0.766287
0.71192
0.66196
0.616024
0.573816
0.535115
0.499752
0.467593
0.438513
0.412383
0.389058
0.368373
0.350143
0.334173
0.320257
0.308194
0.297785
0.288842
0.281191
0.274671
0.269136
0.264454
0.260509
0.257197
0.254425
0.252115
0.250195
0.248606
0.247294
0.246216
0.245331
0.244607
0.244016
0.243535
0.243144
0.242826
0.242568
0.242359
0.242189
0.242051
0.241938
0.241846
0.241769
0.241707
0.241654
0.24161
0.241573
0.241541
0.241513
0.241489
0.241468
0.241449
0.241432
0.241417
0.241403
0.241391
0.241379
0.241368
0.241358
0.241349
0.241341
0.241333
0.241325
0.241318
0.241311
0.241305
0.241299
0.241294
0.241289
0.241284
0.241279
0.241275
0.241271
0.241267
0.241263
0.241259
0.241256
0.241253
0.24125
0.241246
0.241243
0.24124
0.241238
0.241235
0.241232
0.241229
0.241226
0.241224
0.241221
0.241219
0.241216
0.241214
0.241212
0.24121
0.241208
0.241207
0.241206
0.961125
0.890258
0.825534
0.766273
0.711894
0.66192
0.615966
0.573739
0.535016
0.499633
0.467454
0.438358
0.412215
0.388882
0.368192
0.349962
0.333994
0.320085
0.30803
0.297631
0.2887
0.281061
0.274553
0.26903
0.26436
0.260426
0.257124
0.254362
0.252061
0.25015
0.248568
0.247263
0.246189
0.245309
0.244589
0.244002
0.243524
0.243135
0.24282
0.242564
0.242356
0.242187
0.242049
0.241937
0.241845
0.241769
0.241706
0.241654
0.24161
0.241573
0.241541
0.241513
0.241489
0.241468
0.241449
0.241432
0.241417
0.241403
0.24139
0.241379
0.241368
0.241358
0.241349
0.24134
0.241332
0.241325
0.241318
0.241311
0.241305
0.241299
0.241294
0.241288
0.241284
0.241279
0.241275
0.24127
0.241267
0.241263
0.241259
0.241256
0.241252
0.241249
0.241246
0.241243
0.24124
0.241237
0.241234
0.241232
0.241229
0.241226
0.241223
0.241221
0.241218
0.241216
0.241214
0.241212
0.24121
0.241208
0.241207
0.241206
0.961125
0.890255
0.825527
0.766257
0.711867
0.661876
0.615904
0.573656
0.534911
0.499506
0.467308
0.438195
0.412039
0.388697
0.368003
0.349773
0.333809
0.319906
0.30786
0.297472
0.288553
0.280926
0.274431
0.268921
0.264263
0.260341
0.25705
0.254298
0.252006
0.250103
0.248528
0.24723
0.246162
0.245287
0.244571
0.243988
0.243513
0.243126
0.242813
0.242558
0.242352
0.242184
0.242047
0.241935
0.241844
0.241768
0.241706
0.241653
0.241609
0.241572
0.24154
0.241513
0.241488
0.241467
0.241448
0.241431
0.241416
0.241402
0.24139
0.241378
0.241367
0.241357
0.241348
0.241339
0.241331
0.241324
0.241317
0.24131
0.241304
0.241298
0.241293
0.241288
0.241283
0.241278
0.241274
0.24127
0.241266
0.241262
0.241259
0.241255
0.241252
0.241249
0.241246
0.241243
0.24124
0.241237
0.241234
0.241231
0.241228
0.241226
0.241223
0.24122
0.241218
0.241215
0.241213
0.241211
0.241209
0.241208
0.241206
0.241206
0.961125
0.890253
0.825519
0.76624
0.711837
0.66183
0.615838
0.573567
0.5348
0.499372
0.467153
0.438023
0.411855
0.388505
0.367807
0.349577
0.333617
0.319722
0.307685
0.297309
0.288402
0.280789
0.274307
0.268809
0.264164
0.260254
0.256974
0.254233
0.25195
0.250055
0.248488
0.247196
0.246134
0.245264
0.244553
0.243972
0.2435
0.243117
0.242805
0.242552
0.242347
0.24218
0.242044
0.241933
0.241842
0.241767
0.241704
0.241652
0.241608
0.241571
0.241539
0.241512
0.241488
0.241466
0.241447
0.24143
0.241415
0.241401
0.241389
0.241377
0.241366
0.241356
0.241347
0.241338
0.24133
0.241323
0.241316
0.241309
0.241303
0.241297
0.241292
0.241287
0.241282
0.241277
0.241273
0.241269
0.241265
0.241261
0.241258
0.241255
0.241251
0.241248
0.241245
0.241242
0.241239
0.241236
0.241233
0.241231
0.241228
0.241225
0.241222
0.24122
0.241217
0.241215
0.241213
0.241211
0.241209
0.241207
0.241206
0.241205
0.961125
0.89025
0.82551
0.766222
0.711805
0.661781
0.615768
0.573474
0.534682
0.499231
0.466991
0.437844
0.411663
0.388305
0.367604
0.349375
0.33342
0.319533
0.307507
0.297142
0.288248
0.280648
0.27418
0.268696
0.264064
0.260166
0.256897
0.254166
0.251893
0.250007
0.248447
0.247162
0.246106
0.24524
0.244533
0.243957
0.243487
0.243106
0.242797
0.242545
0.242341
0.242175
0.24204
0.24193
0.241839
0.241764
0.241702
0.24165
0.241607
0.24157
0.241538
0.24151
0.241486
0.241465
0.241446
0.241429
0.241414
0.2414
0.241387
0.241375
0.241365
0.241355
0.241346
0.241337
0.241329
0.241322
0.241315
0.241308
0.241302
0.241296
0.241291
0.241286
0.241281
0.241276
0.241272
0.241268
0.241264
0.241261
0.241257
0.241254
0.24125
0.241247
0.241244
0.241241
0.241238
0.241235
0.241233
0.24123
0.241227
0.241224
0.241222
0.241219
0.241217
0.241214
0.241212
0.24121
0.241208
0.241206
0.241205
0.241205
0.961125
0.890247
0.825501
0.766203
0.711772
0.661728
0.615693
0.573375
0.534558
0.499083
0.466822
0.437658
0.411464
0.388098
0.367395
0.349168
0.333219
0.31934
0.307325
0.296973
0.288092
0.280507
0.274052
0.268582
0.263963
0.260077
0.25682
0.2541
0.251836
0.249958
0.248406
0.247127
0.246077
0.245216
0.244513
0.24394
0.243474
0.243095
0.242788
0.242538
0.242335
0.24217
0.242036
0.241926
0.241836
0.241762
0.2417
0.241648
0.241605
0.241567
0.241536
0.241508
0.241484
0.241463
0.241444
0.241427
0.241412
0.241398
0.241385
0.241374
0.241363
0.241353
0.241344
0.241335
0.241327
0.24132
0.241313
0.241306
0.2413
0.241295
0.241289
0.241284
0.241279
0.241275
0.241271
0.241267
0.241263
0.241259
0.241256
0.241252
0.241249
0.241246
0.241243
0.24124
0.241237
0.241234
0.241232
0.241229
0.241226
0.241223
0.241221
0.241218
0.241216
0.241213
0.241211
0.241209
0.241207
0.241206
0.241205
0.241204
0.961124
0.890244
0.825492
0.766183
0.711736
0.661672
0.615614
0.57327
0.534428
0.498929
0.466647
0.437465
0.411259
0.387887
0.367181
0.348957
0.333014
0.319145
0.307141
0.296802
0.287936
0.280364
0.273924
0.268468
0.263862
0.259988
0.256743
0.254033
0.251778
0.249909
0.248364
0.247092
0.246047
0.245192
0.244493
0.243923
0.24346
0.243084
0.242778
0.24253
0.242329
0.242165
0.242031
0.241922
0.241832
0.241758
0.241697
0.241645
0.241602
0.241565
0.241533
0.241506
0.241482
0.24146
0.241442
0.241425
0.241409
0.241396
0.241383
0.241371
0.241361
0.241351
0.241342
0.241333
0.241325
0.241318
0.241311
0.241305
0.241298
0.241293
0.241288
0.241283
0.241278
0.241273
0.241269
0.241265
0.241261
0.241258
0.241254
0.241251
0.241248
0.241245
0.241242
0.241239
0.241236
0.241233
0.24123
0.241228
0.241225
0.241222
0.24122
0.241217
0.241215
0.241212
0.24121
0.241208
0.241206
0.241205
0.241204
0.241203
0.961124
0.890241
0.825482
0.76616
0.711697
0.661613
0.61553
0.57316
0.534292
0.498769
0.466466
0.437268
0.411051
0.387672
0.366966
0.348745
0.332809
0.31895
0.306958
0.296633
0.28778
0.280223
0.273798
0.268355
0.263762
0.259901
0.256666
0.253967
0.251721
0.24986
0.248323
0.247057
0.246018
0.245167
0.244472
0.243906
0.243446
0.243072
0.242768
0.242522
0.242321
0.242159
0.242026
0.241917
0.241828
0.241754
0.241693
0.241642
0.241598
0.241562
0.24153
0.241503
0.241479
0.241457
0.241439
0.241422
0.241407
0.241393
0.24138
0.241369
0.241358
0.241348
0.241339
0.241331
0.241323
0.241316
0.241309
0.241302
0.241296
0.241291
0.241286
0.241281
0.241276
0.241272
0.241267
0.241264
0.24126
0.241256
0.241253
0.24125
0.241246
0.241243
0.24124
0.241238
0.241235
0.241232
0.241229
0.241226
0.241224
0.241221
0.241219
0.241216
0.241214
0.241211
0.241209
0.241207
0.241205
0.241204
0.241203
0.241202
0.961124
0.890237
0.82547
0.766137
0.711655
0.66155
0.615442
0.573046
0.534152
0.498605
0.466282
0.437068
0.410841
0.387457
0.36675
0.348534
0.332606
0.318757
0.306778
0.296466
0.287628
0.280085
0.273673
0.268244
0.263664
0.259815
0.256592
0.253902
0.251666
0.249813
0.248283
0.247023
0.245989
0.245143
0.244452
0.243889
0.243431
0.24306
0.242758
0.242513
0.242314
0.242152
0.24202
0.241912
0.241823
0.24175
0.241689
0.241638
0.241595
0.241558
0.241526
0.241499
0.241475
0.241454
0.241435
0.241419
0.241403
0.24139
0.241377
0.241366
0.241355
0.241345
0.241336
0.241328
0.24132
0.241313
0.241306
0.2413
0.241294
0.241288
0.241283
0.241278
0.241274
0.24127
0.241265
0.241262
0.241258
0.241254
0.241251
0.241248
0.241245
0.241242
0.241239
0.241236
0.241233
0.24123
0.241228
0.241225
0.241222
0.24122
0.241217
0.241215
0.241212
0.24121
0.241208
0.241206
0.241204
0.241203
0.241202
0.241201
0.961124
0.890234
0.825458
0.766111
0.711611
0.661483
0.61535
0.572928
0.534009
0.498439
0.466096
0.436868
0.410632
0.387244
0.366538
0.348327
0.332407
0.318569
0.306602
0.296304
0.28748
0.279951
0.273553
0.268137
0.26357
0.259732
0.256519
0.25384
0.251612
0.249767
0.248243
0.246989
0.245961
0.245119
0.244432
0.243872
0.243417
0.243047
0.242747
0.242504
0.242306
0.242145
0.242014
0.241906
0.241818
0.241745
0.241684
0.241633
0.241591
0.241554
0.241523
0.241495
0.241472
0.241451
0.241432
0.241415
0.2414
0.241386
0.241374
0.241362
0.241352
0.241342
0.241333
0.241325
0.241317
0.24131
0.241304
0.241297
0.241291
0.241286
0.241281
0.241276
0.241272
0.241267
0.241263
0.24126
0.241256
0.241252
0.241249
0.241246
0.241243
0.24124
0.241237
0.241234
0.241232
0.241229
0.241226
0.241224
0.241221
0.241219
0.241216
0.241214
0.241211
0.241209
0.241207
0.241205
0.241203
0.241202
0.241201
0.2412
0.961124
0.890229
0.825445
0.766083
0.711564
0.661413
0.615255
0.572808
0.533865
0.498273
0.465913
0.436672
0.410428
0.387037
0.366333
0.348127
0.332216
0.318389
0.306435
0.296149
0.287339
0.279824
0.273439
0.268036
0.26348
0.259654
0.256451
0.25378
0.251561
0.249723
0.248206
0.246957
0.245933
0.245096
0.244412
0.243855
0.243403
0.243035
0.242737
0.242494
0.242298
0.242138
0.242007
0.2419
0.241812
0.24174
0.241679
0.241629
0.241586
0.24155
0.241518
0.241491
0.241467
0.241447
0.241428
0.241411
0.241396
0.241383
0.24137
0.241359
0.241349
0.241339
0.24133
0.241322
0.241314
0.241307
0.241301
0.241295
0.241289
0.241283
0.241278
0.241274
0.241269
0.241265
0.241261
0.241257
0.241254
0.24125
0.241247
0.241244
0.241241
0.241238
0.241235
0.241233
0.24123
0.241227
0.241225
0.241222
0.24122
0.241217
0.241215
0.241212
0.24121
0.241208
0.241206
0.241204
0.241202
0.241201
0.2412
0.241199
0.961123
0.890224
0.82543
0.766053
0.711515
0.661341
0.61516
0.572689
0.533723
0.498112
0.465736
0.436484
0.410233
0.386841
0.36614
0.34794
0.332037
0.318221
0.306278
0.296006
0.287208
0.279706
0.273333
0.267942
0.263397
0.259581
0.256387
0.253725
0.251513
0.249682
0.24817
0.246927
0.245908
0.245074
0.244393
0.243839
0.243389
0.243023
0.242726
0.242485
0.242289
0.24213
0.242
0.241894
0.241807
0.241734
0.241674
0.241624
0.241581
0.241545
0.241514
0.241487
0.241463
0.241443
0.241424
0.241407
0.241393
0.241379
0.241367
0.241356
0.241345
0.241336
0.241327
0.241319
0.241311
0.241304
0.241298
0.241292
0.241286
0.241281
0.241276
0.241271
0.241267
0.241263
0.241259
0.241255
0.241252
0.241248
0.241245
0.241242
0.241239
0.241236
0.241234
0.241231
0.241228
0.241226
0.241223
0.241221
0.241218
0.241216
0.241213
0.241211
0.241209
0.241207
0.241205
0.241203
0.241201
0.2412
0.241199
0.241198
0.961123
0.890219
0.825413
0.766021
0.711464
0.66127
0.615066
0.572574
0.533588
0.49796
0.465571
0.43631
0.410054
0.386661
0.365963
0.347769
0.331875
0.318068
0.306137
0.295876
0.28709
0.279599
0.273238
0.267857
0.263322
0.259515
0.25633
0.253675
0.25147
0.249644
0.248138
0.2469
0.245884
0.245053
0.244376
0.243824
0.243376
0.243012
0.242716
0.242476
0.242282
0.242123
0.241994
0.241888
0.241801
0.241729
0.241669
0.241619
0.241577
0.241541
0.24151
0.241483
0.241459
0.241438
0.24142
0.241404
0.241389
0.241375
0.241363
0.241352
0.241342
0.241332
0.241324
0.241316
0.241308
0.241301
0.241295
0.241289
0.241283
0.241278
0.241273
0.241269
0.241264
0.24126
0.241257
0.241253
0.24125
0.241246
0.241243
0.24124
0.241237
0.241234
0.241232
0.241229
0.241227
0.241224
0.241221
0.241219
0.241217
0.241214
0.241212
0.24121
0.241207
0.241205
0.241203
0.241202
0.2412
0.241199
0.241198
0.241197
0.961123
0.890212
0.825396
0.765988
0.711414
0.661201
0.614979
0.572468
0.533466
0.497824
0.465424
0.436156
0.409897
0.386504
0.365809
0.34762
0.331734
0.317936
0.306015
0.295764
0.286988
0.279507
0.273155
0.267783
0.263257
0.259457
0.256279
0.253631
0.251432
0.249612
0.24811
0.246875
0.245863
0.245035
0.24436
0.243811
0.243364
0.243001
0.242707
0.242468
0.242274
0.242116
0.241988
0.241882
0.241795
0.241724
0.241664
0.241614
0.241572
0.241536
0.241505
0.241479
0.241455
0.241435
0.241416
0.2414
0.241385
0.241372
0.24136
0.241349
0.241339
0.241329
0.241321
0.241313
0.241306
0.241299
0.241292
0.241286
0.241281
0.241276
0.241271
0.241266
0.241262
0.241258
0.241254
0.241251
0.241248
0.241244
0.241241
0.241238
0.241235
0.241233
0.24123
0.241227
0.241225
0.241222
0.24122
0.241218
0.241215
0.241213
0.241211
0.241208
0.241206
0.241204
0.241202
0.241201
0.241199
0.241198
0.241197
0.241197
0.961123
0.890205
0.825377
0.765956
0.711367
0.66114
0.614903
0.572378
0.533364
0.497711
0.465303
0.43603
0.409768
0.386376
0.365683
0.3475
0.331619
0.317829
0.305916
0.295673
0.286906
0.279432
0.273088
0.267723
0.263203
0.25941
0.256238
0.253595
0.2514
0.249584
0.248087
0.246855
0.245845
0.24502
0.244347
0.243799
0.243354
0.242992
0.242699
0.242461
0.242268
0.24211
0.241982
0.241877
0.241791
0.241719
0.24166
0.24161
0.241568
0.241532
0.241501
0.241475
0.241452
0.241431
0.241413
0.241397
0.241382
0.241369
0.241357
0.241346
0.241336
0.241327
0.241318
0.24131
0.241303
0.241296
0.24129
0.241284
0.241279
0.241274
0.241269
0.241264
0.24126
0.241256
0.241253
0.241249
0.241246
0.241243
0.24124
0.241237
0.241234
0.241231
0.241229
0.241226
0.241224
0.241221
0.241219
0.241216
0.241214
0.241212
0.241209
0.241207
0.241205
0.241203
0.241201
0.2412
0.241198
0.241197
0.241196
0.241196
0.961123
0.890198
0.825361
0.76593
0.71133
0.661092
0.614845
0.572311
0.533288
0.497628
0.465214
0.435937
0.409674
0.386282
0.365591
0.347411
0.331535
0.317751
0.305843
0.295606
0.286844
0.279377
0.273037
0.267677
0.263162
0.259373
0.256206
0.253567
0.251376
0.249563
0.248068
0.246839
0.245831
0.245008
0.244336
0.243789
0.243345
0.242984
0.242692
0.242455
0.242262
0.242105
0.241977
0.241872
0.241786
0.241715
0.241656
0.241606
0.241564
0.241529
0.241498
0.241472
0.241449
0.241428
0.24141
0.241394
0.241379
0.241366
0.241354
0.241343
0.241334
0.241324
0.241316
0.241308
0.241301
0.241294
0.241288
0.241282
0.241277
0.241272
0.241267
0.241263
0.241259
0.241255
0.241251
0.241248
0.241244
0.241241
0.241238
0.241235
0.241233
0.24123
0.241227
0.241225
0.241222
0.24122
0.241218
0.241215
0.241213
0.241211
0.241209
0.241206
0.241204
0.241203
0.241201
0.241199
0.241198
0.241197
0.241196
0.241195
0.961123
0.890193
0.82535
0.765913
0.711308
0.661064
0.614811
0.572272
0.533244
0.497579
0.465162
0.435883
0.409618
0.386226
0.365536
0.347358
0.331485
0.317703
0.305799
0.295565
0.286807
0.279341
0.273003
0.267645
0.263133
0.259348
0.256184
0.253548
0.251359
0.249548
0.248055
0.246827
0.245821
0.244998
0.244327
0.243781
0.243338
0.242978
0.242686
0.242449
0.242257
0.2421
0.241973
0.241868
0.241782
0.241711
0.241653
0.241603
0.241561
0.241526
0.241495
0.241469
0.241446
0.241426
0.241408
0.241392
0.241377
0.241364
0.241352
0.241342
0.241332
0.241323
0.241314
0.241307
0.241299
0.241293
0.241287
0.241281
0.241276
0.241271
0.241266
0.241262
0.241258
0.241254
0.24125
0.241247
0.241243
0.24124
0.241237
0.241235
0.241232
0.241229
0.241227
0.241224
0.241222
0.241219
0.241217
0.241215
0.241212
0.24121
0.241208
0.241206
0.241204
0.241202
0.2412
0.241199
0.241197
0.241196
0.241195
0.241195
)
;

boundaryField
{
    inlet
    {
        type            fixedValue;
        value           uniform 1;
    }
    outlet
    {
        type            inletOutlet;
        inletValue      uniform 1;
        value           nonuniform List<scalar> 
100
(
0.241203
0.241203
0.241203
0.241203
0.241204
0.241204
0.241205
0.241205
0.241206
0.241206
0.241207
0.241207
0.241207
0.241208
0.241208
0.241208
0.241208
0.241208
0.241208
0.241208
0.241208
0.241208
0.241207
0.241207
0.241207
0.241206
0.241206
0.241205
0.241205
0.241205
0.241204
0.241204
0.241203
0.241203
0.241202
0.241202
0.241201
0.241201
0.2412
0.2412
0.2412
0.241199
0.241199
0.241199
0.241199
0.241198
0.241198
0.241198
0.241198
0.241198
0.241198
0.241198
0.241198
0.241198
0.241198
0.241199
0.241199
0.241199
0.241199
0.2412
0.2412
0.2412
0.241201
0.241201
0.241201
0.241202
0.241202
0.241203
0.241203
0.241204
0.241204
0.241205
0.241205
0.241205
0.241206
0.241206
0.241206
0.241207
0.241207
0.241207
0.241207
0.241207
0.241207
0.241206
0.241206
0.241206
0.241205
0.241205
0.241204
0.241203
0.241202
0.241201
0.2412
0.241199
0.241198
0.241197
0.241197
0.241196
0.241195
0.241195
)
;
    }
    ground
    {
        type            empty;
    }
    top
    {
        type            empty;
    }
    front
    {
        type            inletOutlet;
        inletValue      uniform 1;
        value           nonuniform List<scalar> 
100
(
0.961122
0.890192
0.825348
0.76591
0.711305
0.661062
0.614811
0.572273
0.533247
0.497586
0.465171
0.435894
0.409633
0.386242
0.365554
0.347377
0.331504
0.317722
0.305818
0.295584
0.286825
0.279359
0.273021
0.267662
0.263149
0.259364
0.2562
0.253564
0.251375
0.249563
0.24807
0.246842
0.245836
0.245013
0.244342
0.243796
0.243353
0.242993
0.242701
0.242464
0.242271
0.242115
0.241987
0.241883
0.241797
0.241726
0.241667
0.241617
0.241576
0.24154
0.241509
0.241483
0.24146
0.24144
0.241422
0.241405
0.241391
0.241378
0.241366
0.241355
0.241345
0.241336
0.241328
0.24132
0.241313
0.241306
0.2413
0.241294
0.241289
0.241284
0.241279
0.241274
0.24127
0.241266
0.241263
0.241259
0.241256
0.241253
0.24125
0.241247
0.241244
0.241241
0.241239
0.241236
0.241233
0.241231
0.241228
0.241226
0.241223
0.241221
0.241219
0.241216
0.241214
0.241212
0.24121
0.241208
0.241206
0.241205
0.241203
0.241203
)
;
    }
    back
    {
        type            inletOutlet;
        inletValue      uniform 1;
        value           nonuniform List<scalar> 
100
(
0.961123
0.890193
0.82535
0.765913
0.711308
0.661064
0.614811
0.572272
0.533244
0.497579
0.465162
0.435883
0.409618
0.386226
0.365536
0.347358
0.331485
0.317703
0.305799
0.295565
0.286807
0.279341
0.273003
0.267645
0.263133
0.259348
0.256184
0.253548
0.251359
0.249548
0.248055
0.246827
0.245821
0.244998
0.244327
0.243781
0.243338
0.242978
0.242686
0.242449
0.242257
0.2421
0.241973
0.241868
0.241782
0.241711
0.241653
0.241603
0.241561
0.241526
0.241495
0.241469
0.241446
0.241426
0.241408
0.241392
0.241377
0.241364
0.241352
0.241342
0.241332
0.241323
0.241314
0.241307
0.241299
0.241293
0.241287
0.241281
0.241276
0.241271
0.241266
0.241262
0.241258
0.241254
0.24125
0.241247
0.241243
0.24124
0.241237
0.241235
0.241232
0.241229
0.241227
0.241224
0.241222
0.241219
0.241217
0.241215
0.241212
0.24121
0.241208
0.241206
0.241204
0.241202
0.2412
0.241199
0.241197
0.241196
0.241195
0.241195
)
;
    }
}


// ************************************************************************* //
