/*--------------------------------*- C++ -*----------------------------------*\
  =========                 |
  \\      /  F ield         | OpenFOAM: The Open Source CFD Toolbox
   \\    /   O peration     | Website:  https://openfoam.org
    \\  /    A nd           | Version:  11
     \\/     M anipulation  |
\*---------------------------------------------------------------------------*/
FoamFile
{
    format      ascii;
    class       volScalarField;
    location    "710";
    object      omega;
}
// * * * * * * * * * * * * * * * * * * * * * * * * * * * * * * * * * * * * * //

dimensions      [0 0 -1 0 0 0 0];

internalField   nonuniform List<scalar> 
10000
(
0.961692
0.892185
0.829085
0.771728
0.719523
0.671944
0.628523
0.588843
0.552532
0.519258
0.488725
0.460668
0.43485
0.411061
0.389111
0.368829
0.350063
0.332677
0.316548
0.301565
0.287628
0.274648
0.262544
0.251242
0.240676
0.230787
0.22152
0.212827
0.204661
0.196983
0.189756
0.182946
0.176521
0.170455
0.164722
0.159297
0.154159
0.149289
0.144668
0.14028
0.13611
0.132142
0.128365
0.124766
0.121334
0.118059
0.114931
0.111942
0.109083
0.106346
0.103725
0.101213
0.0988034
0.0964912
0.094271
0.0921375
0.0900863
0.088113
0.0862135
0.084384
0.0826208
0.0809208
0.0792807
0.0776975
0.0761684
0.0746909
0.0732624
0.0718807
0.0705434
0.0692485
0.067994
0.066778
0.0655988
0.0644547
0.063344
0.0622652
0.0612169
0.0601977
0.0592063
0.0582414
0.0573019
0.0563866
0.0554946
0.0546248
0.0537765
0.0529489
0.0521415
0.0513539
0.0505861
0.0498385
0.0491118
0.0484078
0.0477292
0.0470802
0.0464672
0.0458992
0.0453898
0.0449577
0.0446299
0.0444436
0.961692
0.892185
0.829085
0.771728
0.719523
0.671944
0.628523
0.588843
0.552532
0.519258
0.488725
0.460668
0.43485
0.411061
0.389111
0.368829
0.350063
0.332677
0.316548
0.301565
0.287628
0.274648
0.262544
0.251242
0.240676
0.230787
0.22152
0.212827
0.204661
0.196983
0.189756
0.182946
0.176522
0.170455
0.164722
0.159297
0.154159
0.149289
0.144668
0.14028
0.13611
0.132142
0.128365
0.124766
0.121334
0.118059
0.114931
0.111942
0.109083
0.106346
0.103725
0.101213
0.0988035
0.0964914
0.0942711
0.0921377
0.0900865
0.0881132
0.0862137
0.0843841
0.082621
0.080921
0.0792809
0.0776977
0.0761687
0.0746912
0.0732627
0.0718809
0.0705436
0.0692487
0.0679943
0.0667783
0.0655991
0.064455
0.0633443
0.0622656
0.0612173
0.0601981
0.0592067
0.0582418
0.0573023
0.0563871
0.055495
0.0546253
0.053777
0.0529494
0.052142
0.0513545
0.0505867
0.049839
0.0491124
0.0484084
0.0477298
0.0470808
0.0464677
0.0458998
0.0453904
0.0449583
0.0446305
0.0444442
0.961692
0.892185
0.829085
0.771728
0.719523
0.671944
0.628523
0.588843
0.552532
0.519258
0.488725
0.460668
0.43485
0.411061
0.389111
0.368829
0.350063
0.332677
0.316548
0.301565
0.287628
0.274648
0.262544
0.251242
0.240676
0.230787
0.221521
0.212827
0.204661
0.196983
0.189756
0.182946
0.176522
0.170455
0.164722
0.159297
0.154159
0.149289
0.144668
0.140281
0.13611
0.132143
0.128366
0.124767
0.121335
0.11806
0.114932
0.111942
0.109083
0.106346
0.103725
0.101213
0.0988038
0.0964917
0.0942714
0.092138
0.0900869
0.0881135
0.086214
0.0843845
0.0826214
0.0809214
0.0792813
0.0776981
0.0761691
0.0746916
0.0732632
0.0718814
0.0705442
0.0692493
0.0679948
0.0667789
0.0655997
0.0644556
0.063345
0.0622663
0.061218
0.0601988
0.0592075
0.0582426
0.0573031
0.0563879
0.0554959
0.0546262
0.0537779
0.0529504
0.052143
0.0513555
0.0505877
0.0498401
0.0491135
0.0484095
0.0477309
0.047082
0.0464689
0.045901
0.0453915
0.0449595
0.0446316
0.0444453
0.961692
0.892185
0.829085
0.771728
0.719523
0.671944
0.628523
0.588843
0.552532
0.519258
0.488725
0.460668
0.43485
0.411061
0.389111
0.368829
0.350063
0.332678
0.316548
0.301565
0.287628
0.274648
0.262544
0.251242
0.240676
0.230787
0.221521
0.212827
0.204661
0.196984
0.189756
0.182946
0.176522
0.170456
0.164722
0.159297
0.154159
0.149289
0.144669
0.140281
0.13611
0.132143
0.128366
0.124767
0.121335
0.11806
0.114932
0.111943
0.109083
0.106347
0.103726
0.101213
0.0988042
0.0964921
0.0942719
0.0921385
0.0900874
0.0881141
0.0862146
0.0843851
0.082622
0.080922
0.0792819
0.0776988
0.0761698
0.0746923
0.0732639
0.0718822
0.070545
0.0692501
0.0679957
0.0667798
0.0656007
0.0644566
0.063346
0.0622673
0.061219
0.0601999
0.0592086
0.0582438
0.0573043
0.0563891
0.0554972
0.0546275
0.0537793
0.0529518
0.0521444
0.0513569
0.0505892
0.0498416
0.0491151
0.0484111
0.0477326
0.0470836
0.0464706
0.0459027
0.0453932
0.0449612
0.0446333
0.044447
0.961692
0.892185
0.829085
0.771728
0.719523
0.671944
0.628523
0.588843
0.552532
0.519258
0.488725
0.460668
0.43485
0.411061
0.389111
0.368829
0.350063
0.332678
0.316548
0.301565
0.287628
0.274648
0.262544
0.251242
0.240677
0.230788
0.221521
0.212827
0.204662
0.196984
0.189756
0.182946
0.176522
0.170456
0.164722
0.159297
0.15416
0.14929
0.144669
0.140281
0.136111
0.132143
0.128366
0.124767
0.121335
0.11806
0.114932
0.111943
0.109084
0.106347
0.103726
0.101214
0.0988048
0.0964927
0.0942725
0.0921392
0.090088
0.0881148
0.0862153
0.0843858
0.0826228
0.0809228
0.0792828
0.0776997
0.0761707
0.0746933
0.0732649
0.0718832
0.070546
0.0692512
0.0679968
0.0667809
0.0656018
0.0644578
0.0633472
0.0622686
0.0612204
0.0602013
0.05921
0.0582453
0.0573059
0.0563908
0.0554989
0.0546292
0.0537811
0.0529536
0.0521463
0.0513589
0.0505912
0.0498437
0.0491171
0.0484133
0.0477347
0.0470858
0.0464728
0.0459049
0.0453955
0.0449634
0.0446356
0.0444492
0.961692
0.892185
0.829085
0.771728
0.719523
0.671944
0.628523
0.588843
0.552532
0.519258
0.488725
0.460668
0.43485
0.411061
0.389111
0.368829
0.350064
0.332678
0.316548
0.301565
0.287628
0.274648
0.262544
0.251242
0.240677
0.230788
0.221521
0.212827
0.204662
0.196984
0.189757
0.182946
0.176522
0.170456
0.164722
0.159297
0.15416
0.14929
0.144669
0.140281
0.136111
0.132144
0.128367
0.124768
0.121336
0.118061
0.114933
0.111943
0.109084
0.106348
0.103727
0.101215
0.0988055
0.0964934
0.0942732
0.0921399
0.0900888
0.0881156
0.0862162
0.0843867
0.0826237
0.0809238
0.0792838
0.0777007
0.0761718
0.0746944
0.0732661
0.0718844
0.0705473
0.0692525
0.0679982
0.0667824
0.0656033
0.0644593
0.0633488
0.0622702
0.0612221
0.0602031
0.0592118
0.0582471
0.0573078
0.0563927
0.0555009
0.0546313
0.0537832
0.0529558
0.0521486
0.0513613
0.0505937
0.0498462
0.0491197
0.0484159
0.0477374
0.0470885
0.0464755
0.0459076
0.0453982
0.0449662
0.0446383
0.044452
0.961692
0.892185
0.829085
0.771728
0.719523
0.671944
0.628523
0.588843
0.552532
0.519258
0.488725
0.460668
0.434851
0.411061
0.389111
0.368829
0.350064
0.332678
0.316548
0.301565
0.287629
0.274648
0.262544
0.251242
0.240677
0.230788
0.221521
0.212827
0.204662
0.196984
0.189757
0.182947
0.176523
0.170456
0.164723
0.159298
0.15416
0.14929
0.14467
0.140282
0.136111
0.132144
0.128367
0.124768
0.121336
0.118061
0.114934
0.111944
0.109085
0.106348
0.103727
0.101215
0.0988063
0.0964943
0.0942741
0.0921408
0.0900898
0.0881166
0.0862172
0.0843878
0.0826248
0.080925
0.079285
0.0777019
0.0761731
0.0746957
0.0732674
0.0718858
0.0705487
0.069254
0.0679997
0.066784
0.065605
0.0644611
0.0633506
0.0622721
0.061224
0.0602051
0.0592139
0.0582493
0.05731
0.0563951
0.0555033
0.0546338
0.0537858
0.0529585
0.0521513
0.051364
0.0505965
0.0498491
0.0491227
0.0484189
0.0477405
0.0470917
0.0464787
0.0459108
0.0454014
0.0449694
0.0446415
0.0444552
0.961692
0.892185
0.829085
0.771728
0.719523
0.671944
0.628523
0.588843
0.552532
0.519258
0.488725
0.460668
0.434851
0.411061
0.389111
0.368829
0.350064
0.332678
0.316549
0.301565
0.287629
0.274649
0.262544
0.251242
0.240677
0.230788
0.221521
0.212828
0.204662
0.196984
0.189757
0.182947
0.176523
0.170457
0.164723
0.159298
0.154161
0.149291
0.14467
0.140282
0.136112
0.132145
0.128368
0.124769
0.121337
0.118062
0.114934
0.111945
0.109086
0.106349
0.103728
0.101216
0.0988072
0.0964952
0.0942751
0.0921418
0.0900908
0.0881177
0.0862183
0.084389
0.0826261
0.0809263
0.0792863
0.0777034
0.0761745
0.0746972
0.073269
0.0718875
0.0705504
0.0692558
0.0680016
0.0667859
0.0656069
0.0644631
0.0633527
0.0622742
0.0612263
0.0602074
0.0592163
0.0582518
0.0573126
0.0563977
0.055506
0.0546366
0.0537887
0.0529614
0.0521544
0.0513672
0.0505998
0.0498524
0.0491261
0.0484224
0.047744
0.0470952
0.0464823
0.0459145
0.0454051
0.0449731
0.0446452
0.0444588
0.961692
0.892185
0.829085
0.771728
0.719523
0.671944
0.628523
0.588843
0.552532
0.519258
0.488725
0.460668
0.434851
0.411061
0.389111
0.368829
0.350064
0.332678
0.316549
0.301565
0.287629
0.274649
0.262544
0.251243
0.240677
0.230788
0.221522
0.212828
0.204662
0.196985
0.189757
0.182947
0.176523
0.170457
0.164723
0.159299
0.154161
0.149291
0.144671
0.140283
0.136112
0.132145
0.128368
0.124769
0.121338
0.118063
0.114935
0.111946
0.109087
0.10635
0.103729
0.101217
0.0988082
0.0964963
0.0942762
0.092143
0.090092
0.0881189
0.0862196
0.0843903
0.0826275
0.0809277
0.0792878
0.0777049
0.0761762
0.0746989
0.0732707
0.0718893
0.0705523
0.0692577
0.0680036
0.066788
0.0656091
0.0644653
0.063355
0.0622766
0.0612287
0.0602099
0.059219
0.0582545
0.0573154
0.0564006
0.055509
0.0546397
0.0537919
0.0529648
0.0521578
0.0513707
0.0506034
0.0498561
0.0491299
0.0484262
0.047748
0.0470992
0.0464863
0.0459186
0.0454092
0.0449771
0.0446493
0.0444629
0.961692
0.892185
0.829084
0.771728
0.719523
0.671944
0.628523
0.588843
0.552532
0.519258
0.488725
0.460668
0.434851
0.411062
0.389111
0.368829
0.350064
0.332678
0.316549
0.301566
0.287629
0.274649
0.262545
0.251243
0.240677
0.230788
0.221522
0.212828
0.204663
0.196985
0.189758
0.182948
0.176524
0.170457
0.164724
0.159299
0.154162
0.149292
0.144671
0.140283
0.136113
0.132146
0.128369
0.12477
0.121338
0.118063
0.114936
0.111947
0.109087
0.106351
0.10373
0.101218
0.0988093
0.0964974
0.0942774
0.0921442
0.0900933
0.0881203
0.086221
0.0843918
0.082629
0.0809293
0.0792895
0.0777066
0.0761779
0.0747008
0.0732726
0.0718912
0.0705543
0.0692598
0.0680058
0.0667902
0.0656115
0.0644678
0.0633575
0.0622792
0.0612314
0.0602127
0.0592218
0.0582575
0.0573185
0.0564038
0.0555123
0.0546431
0.0537954
0.0529684
0.0521615
0.0513745
0.0506073
0.0498601
0.049134
0.0484304
0.0477522
0.0471036
0.0464907
0.045923
0.0454136
0.0449816
0.0446537
0.0444673
0.961692
0.892185
0.829084
0.771728
0.719523
0.671944
0.628523
0.588843
0.552532
0.519258
0.488725
0.460668
0.434851
0.411062
0.389111
0.368829
0.350064
0.332678
0.316549
0.301566
0.287629
0.274649
0.262545
0.251243
0.240678
0.230789
0.221522
0.212828
0.204663
0.196985
0.189758
0.182948
0.176524
0.170458
0.164724
0.1593
0.154162
0.149292
0.144672
0.140284
0.136114
0.132147
0.12837
0.124771
0.121339
0.118064
0.114937
0.111947
0.109088
0.106352
0.103731
0.101219
0.0988104
0.0964986
0.0942787
0.0921456
0.0900947
0.0881217
0.0862225
0.0843934
0.0826306
0.080931
0.0792912
0.0777084
0.0761798
0.0747027
0.0732747
0.0718934
0.0705565
0.0692621
0.0680081
0.0667927
0.065614
0.0644704
0.0633602
0.062282
0.0612343
0.0602157
0.0592249
0.0582607
0.0573218
0.0564072
0.0555158
0.0546468
0.0537991
0.0529722
0.0521655
0.0513786
0.0506115
0.0498645
0.0491384
0.048435
0.0477568
0.0471082
0.0464955
0.0459278
0.0454184
0.0449864
0.0446586
0.0444721
0.961692
0.892185
0.829084
0.771728
0.719523
0.671944
0.628523
0.588843
0.552532
0.519258
0.488725
0.460668
0.434851
0.411062
0.389111
0.368829
0.350064
0.332678
0.316549
0.301566
0.287629
0.274649
0.262545
0.251243
0.240678
0.230789
0.221522
0.212829
0.204663
0.196986
0.189758
0.182948
0.176524
0.170458
0.164725
0.1593
0.154163
0.149293
0.144672
0.140285
0.136114
0.132147
0.12837
0.124772
0.12134
0.118065
0.114938
0.111948
0.109089
0.106353
0.103732
0.101221
0.0988117
0.0964999
0.09428
0.092147
0.0900962
0.0881232
0.0862241
0.084395
0.0826324
0.0809328
0.0792931
0.0777104
0.0761818
0.0747048
0.0732768
0.0718956
0.0705589
0.0692645
0.0680106
0.0667952
0.0656167
0.0644731
0.0633631
0.062285
0.0612374
0.0602189
0.0592282
0.0582641
0.0573253
0.0564108
0.0555196
0.0546506
0.0538031
0.0529764
0.0521698
0.051383
0.050616
0.0498691
0.0491431
0.0484398
0.0477617
0.0471132
0.0465005
0.0459329
0.0454236
0.0449916
0.0446637
0.0444773
0.961692
0.892184
0.829084
0.771728
0.719523
0.671944
0.628523
0.588843
0.552532
0.519258
0.488725
0.460668
0.434851
0.411062
0.389111
0.368829
0.350064
0.332678
0.316549
0.301566
0.287629
0.274649
0.262545
0.251243
0.240678
0.230789
0.221522
0.212829
0.204664
0.196986
0.189759
0.182949
0.176525
0.170459
0.164725
0.159301
0.154163
0.149293
0.144673
0.140285
0.136115
0.132148
0.128371
0.124773
0.121341
0.118066
0.114939
0.111949
0.109091
0.106354
0.103734
0.101222
0.098813
0.0965013
0.0942814
0.0921485
0.0900977
0.0881248
0.0862258
0.0843968
0.0826342
0.0809346
0.079295
0.0777124
0.0761839
0.074707
0.0732791
0.071898
0.0705613
0.0692671
0.0680132
0.066798
0.0656195
0.0644761
0.0633661
0.0622881
0.0612406
0.0602223
0.0592317
0.0582677
0.057329
0.0564147
0.0555235
0.0546547
0.0538073
0.0529807
0.0521742
0.0513876
0.0506207
0.0498739
0.0491481
0.0484448
0.0477669
0.0471185
0.0465059
0.0459383
0.045429
0.044997
0.0446691
0.0444827
0.961692
0.892184
0.829084
0.771728
0.719523
0.671944
0.628523
0.588843
0.552532
0.519258
0.488725
0.460668
0.434851
0.411062
0.389111
0.368829
0.350064
0.332678
0.316549
0.301566
0.287629
0.274649
0.262545
0.251243
0.240678
0.230789
0.221523
0.212829
0.204664
0.196986
0.189759
0.182949
0.176525
0.170459
0.164726
0.159301
0.154164
0.149294
0.144674
0.140286
0.136116
0.132149
0.128372
0.124773
0.121342
0.118067
0.11494
0.111951
0.109092
0.106355
0.103735
0.101223
0.0988143
0.0965027
0.0942829
0.09215
0.0900993
0.0881265
0.0862276
0.0843986
0.0826361
0.0809366
0.0792971
0.0777145
0.0761861
0.0747093
0.0732815
0.0719004
0.0705639
0.0692697
0.068016
0.0668008
0.0656224
0.0644791
0.0633693
0.0622914
0.061244
0.0602257
0.0592353
0.0582714
0.0573329
0.0564186
0.0555276
0.054659
0.0538117
0.0529852
0.0521789
0.0513924
0.0506256
0.0498789
0.0491532
0.0484501
0.0477723
0.047124
0.0465114
0.0459439
0.0454346
0.0450027
0.0446748
0.0444883
0.961692
0.892184
0.829084
0.771727
0.719523
0.671944
0.628523
0.588843
0.552532
0.519258
0.488725
0.460668
0.434851
0.411062
0.389111
0.368829
0.350064
0.332678
0.316549
0.301566
0.287629
0.27465
0.262545
0.251244
0.240678
0.23079
0.221523
0.212829
0.204664
0.196987
0.18976
0.18295
0.176526
0.17046
0.164726
0.159302
0.154164
0.149295
0.144674
0.140287
0.136117
0.13215
0.128373
0.124774
0.121343
0.118068
0.114941
0.111952
0.109093
0.106357
0.103736
0.101224
0.0988157
0.0965042
0.0942844
0.0921516
0.090101
0.0881283
0.0862294
0.0844005
0.082638
0.0809386
0.0792992
0.0777167
0.0761884
0.0747117
0.0732839
0.071903
0.0705665
0.0692724
0.0680188
0.0668037
0.0656255
0.0644823
0.0633725
0.0622948
0.0612475
0.0602294
0.059239
0.0582752
0.0573369
0.0564228
0.0555319
0.0546633
0.0538162
0.0529899
0.0521837
0.0513973
0.0506307
0.0498842
0.0491586
0.0484556
0.0477779
0.0471296
0.0465172
0.0459497
0.0454405
0.0450086
0.0446807
0.0444942
0.961692
0.892184
0.829084
0.771727
0.719523
0.671944
0.628523
0.588843
0.552532
0.519258
0.488725
0.460668
0.434851
0.411062
0.389111
0.36883
0.350064
0.332678
0.316549
0.301566
0.28763
0.27465
0.262546
0.251244
0.240679
0.23079
0.221523
0.21283
0.204665
0.196987
0.18976
0.18295
0.176526
0.17046
0.164727
0.159302
0.154165
0.149295
0.144675
0.140287
0.136117
0.13215
0.128374
0.124775
0.121344
0.118069
0.114942
0.111953
0.109094
0.106358
0.103737
0.101226
0.0988172
0.0965057
0.094286
0.0921532
0.0901027
0.08813
0.0862312
0.0844024
0.08264
0.0809407
0.0793014
0.077719
0.0761908
0.0747141
0.0732865
0.0719056
0.0705692
0.0692752
0.0680217
0.0668068
0.0656286
0.0644855
0.0633759
0.0622982
0.0612511
0.0602331
0.0592428
0.0582792
0.057341
0.056427
0.0555363
0.0546679
0.0538209
0.0529947
0.0521886
0.0514024
0.0506359
0.0498895
0.0491641
0.0484612
0.0477836
0.0471355
0.0465231
0.0459557
0.0454466
0.0450147
0.0446868
0.0445003
0.961692
0.892184
0.829084
0.771727
0.719523
0.671944
0.628523
0.588843
0.552532
0.519258
0.488725
0.460668
0.434851
0.411062
0.389111
0.36883
0.350064
0.332678
0.316549
0.301566
0.28763
0.27465
0.262546
0.251244
0.240679
0.23079
0.221524
0.21283
0.204665
0.196987
0.18976
0.18295
0.176527
0.170461
0.164727
0.159303
0.154166
0.149296
0.144676
0.140288
0.136118
0.132151
0.128375
0.124776
0.121345
0.11807
0.114943
0.111954
0.109095
0.106359
0.103739
0.101227
0.0988186
0.0965072
0.0942876
0.0921549
0.0901044
0.0881319
0.0862331
0.0844044
0.0826421
0.0809429
0.0793036
0.0777213
0.0761931
0.0747166
0.073289
0.0719082
0.070572
0.0692781
0.0680247
0.0668098
0.0656318
0.0644888
0.0633793
0.0623018
0.0612547
0.0602368
0.0592468
0.0582833
0.0573451
0.0564313
0.0555407
0.0546725
0.0538256
0.0529996
0.0521937
0.0514076
0.0506413
0.049895
0.0491697
0.048467
0.0477895
0.0471415
0.0465292
0.0459618
0.0454528
0.0450209
0.044693
0.0445065
0.961692
0.892184
0.829084
0.771727
0.719523
0.671944
0.628523
0.588843
0.552532
0.519258
0.488725
0.460668
0.434851
0.411062
0.389111
0.36883
0.350064
0.332679
0.316549
0.301566
0.28763
0.27465
0.262546
0.251244
0.240679
0.23079
0.221524
0.21283
0.204665
0.196988
0.189761
0.182951
0.176527
0.170461
0.164728
0.159303
0.154166
0.149297
0.144676
0.140289
0.136119
0.132152
0.128376
0.124777
0.121346
0.118071
0.114944
0.111955
0.109096
0.106361
0.10374
0.101229
0.0988201
0.0965088
0.0942892
0.0921566
0.0901062
0.0881337
0.086235
0.0844064
0.0826442
0.080945
0.0793058
0.0777236
0.0761956
0.0747191
0.0732917
0.071911
0.0705748
0.069281
0.0680277
0.066813
0.065635
0.0644921
0.0633828
0.0623053
0.0612584
0.0602407
0.0592507
0.0582874
0.0573494
0.0564357
0.0555453
0.0546771
0.0538305
0.0530046
0.0521988
0.0514129
0.0506467
0.0499006
0.0491755
0.0484728
0.0477955
0.0471476
0.0465354
0.0459681
0.0454591
0.0450272
0.0446994
0.0445128
0.961692
0.892184
0.829084
0.771727
0.719523
0.671944
0.628523
0.588843
0.552532
0.519258
0.488725
0.460668
0.434851
0.411062
0.389111
0.36883
0.350064
0.332679
0.31655
0.301567
0.28763
0.27465
0.262546
0.251244
0.240679
0.230791
0.221524
0.212831
0.204666
0.196988
0.189761
0.182951
0.176527
0.170462
0.164728
0.159304
0.154167
0.149297
0.144677
0.14029
0.13612
0.132153
0.128376
0.124778
0.121347
0.118072
0.114945
0.111956
0.109098
0.106362
0.103741
0.10123
0.0988216
0.0965103
0.0942909
0.0921583
0.090108
0.0881356
0.086237
0.0844084
0.0826463
0.0809472
0.0793081
0.077726
0.076198
0.0747216
0.0732943
0.0719137
0.0705776
0.069284
0.0680308
0.0668161
0.0656383
0.0644955
0.0633863
0.062309
0.0612622
0.0602446
0.0592547
0.0582915
0.0573537
0.0564401
0.0555498
0.0546819
0.0538354
0.0530096
0.052204
0.0514182
0.0506522
0.0499063
0.0491812
0.0484788
0.0478015
0.0471537
0.0465416
0.0459745
0.0454655
0.0450337
0.0447058
0.0445193
0.961692
0.892184
0.829084
0.771727
0.719523
0.671944
0.628523
0.588843
0.552532
0.519258
0.488725
0.460668
0.434851
0.411062
0.389111
0.36883
0.350064
0.332679
0.31655
0.301567
0.28763
0.27465
0.262546
0.251245
0.240679
0.230791
0.221524
0.212831
0.204666
0.196988
0.189762
0.182952
0.176528
0.170462
0.164729
0.159305
0.154167
0.149298
0.144678
0.140291
0.136121
0.132154
0.128377
0.124779
0.121348
0.118073
0.114946
0.111958
0.109099
0.106363
0.103743
0.101232
0.0988231
0.0965119
0.0942925
0.09216
0.0901098
0.0881374
0.0862389
0.0844104
0.0826484
0.0809494
0.0793104
0.0777284
0.0762005
0.0747242
0.0732969
0.0719164
0.0705805
0.0692869
0.0680338
0.0668193
0.0656415
0.0644989
0.0633898
0.0623126
0.061266
0.0602485
0.0592588
0.0582957
0.057358
0.0564446
0.0555544
0.0546866
0.0538403
0.0530147
0.0522092
0.0514236
0.0506577
0.049912
0.0491871
0.0484848
0.0478077
0.04716
0.046548
0.0459809
0.0454719
0.0450402
0.0447123
0.0445257
0.961692
0.892184
0.829084
0.771727
0.719523
0.671944
0.628523
0.588843
0.552532
0.519258
0.488725
0.460668
0.434851
0.411062
0.389111
0.36883
0.350064
0.332679
0.31655
0.301567
0.28763
0.27465
0.262546
0.251245
0.24068
0.230791
0.221525
0.212831
0.204666
0.196989
0.189762
0.182952
0.176528
0.170463
0.16473
0.159305
0.154168
0.149299
0.144679
0.140291
0.136121
0.132155
0.128378
0.12478
0.121349
0.118075
0.114947
0.111959
0.1091
0.106364
0.103744
0.101233
0.0988247
0.0965135
0.0942942
0.0921618
0.0901116
0.0881393
0.0862409
0.0844125
0.0826505
0.0809516
0.0793127
0.0777307
0.076203
0.0747267
0.0732996
0.0719192
0.0705833
0.0692899
0.0680369
0.0668225
0.0656448
0.0645023
0.0633933
0.0623163
0.0612697
0.0602524
0.0592628
0.0582999
0.0573623
0.056449
0.0555591
0.0546914
0.0538452
0.0530197
0.0522145
0.051429
0.0506633
0.0499177
0.0491929
0.0484907
0.0478138
0.0471662
0.0465543
0.0459873
0.0454784
0.0450467
0.0447188
0.0445323
0.961692
0.892184
0.829084
0.771727
0.719522
0.671944
0.628523
0.588843
0.552532
0.519258
0.488725
0.460668
0.434851
0.411062
0.389111
0.36883
0.350064
0.332679
0.31655
0.301567
0.28763
0.274651
0.262546
0.251245
0.24068
0.230791
0.221525
0.212832
0.204667
0.196989
0.189762
0.182953
0.176529
0.170463
0.16473
0.159306
0.154169
0.149299
0.144679
0.140292
0.136122
0.132156
0.128379
0.124781
0.12135
0.118076
0.114949
0.11196
0.109101
0.106366
0.103746
0.101234
0.0988262
0.0965151
0.0942958
0.0921635
0.0901134
0.0881412
0.0862428
0.0844145
0.0826526
0.0809538
0.079315
0.0777331
0.0762054
0.0747293
0.0733023
0.0719219
0.0705862
0.0692928
0.0680399
0.0668256
0.0656481
0.0645057
0.0633968
0.0623199
0.0612735
0.0602563
0.0592668
0.058304
0.0573666
0.0564535
0.0555637
0.0546961
0.0538501
0.0530248
0.0522197
0.0514344
0.0506688
0.0499233
0.0491988
0.0484967
0.0478199
0.0471724
0.0465606
0.0459937
0.0454849
0.0450532
0.0447254
0.0445388
0.961692
0.892184
0.829084
0.771727
0.719522
0.671944
0.628523
0.588843
0.552532
0.519258
0.488725
0.460668
0.434851
0.411062
0.389111
0.36883
0.350065
0.332679
0.31655
0.301567
0.28763
0.274651
0.262547
0.251245
0.24068
0.230791
0.221525
0.212832
0.204667
0.196989
0.189763
0.182953
0.176529
0.170464
0.164731
0.159306
0.154169
0.1493
0.14468
0.140293
0.136123
0.132156
0.12838
0.124782
0.121351
0.118077
0.11495
0.111961
0.109103
0.106367
0.103747
0.101236
0.0988276
0.0965166
0.0942975
0.0921652
0.0901152
0.088143
0.0862448
0.0844165
0.0826547
0.080956
0.0793172
0.0777354
0.0762079
0.0747318
0.0733049
0.0719247
0.070589
0.0692958
0.068043
0.0668288
0.0656514
0.0645091
0.0634003
0.0623235
0.0612772
0.0602601
0.0592708
0.0583082
0.0573709
0.0564579
0.0555682
0.0547009
0.053855
0.0530298
0.0522249
0.0514397
0.0506743
0.049929
0.0492046
0.0485027
0.047826
0.0471787
0.046567
0.0460001
0.0454914
0.0450597
0.0447319
0.0445453
0.961692
0.892184
0.829084
0.771727
0.719522
0.671944
0.628523
0.588843
0.552532
0.519258
0.488725
0.460668
0.434851
0.411062
0.389111
0.36883
0.350065
0.332679
0.31655
0.301567
0.287631
0.274651
0.262547
0.251245
0.24068
0.230792
0.221525
0.212832
0.204667
0.19699
0.189763
0.182953
0.17653
0.170464
0.164731
0.159307
0.15417
0.149301
0.144681
0.140294
0.136124
0.132157
0.128381
0.124783
0.121352
0.118078
0.114951
0.111962
0.109104
0.106368
0.103748
0.101237
0.0988291
0.0965182
0.0942991
0.0921669
0.0901169
0.0881449
0.0862467
0.0844185
0.0826568
0.0809581
0.0793195
0.0777378
0.0762103
0.0747343
0.0733075
0.0719274
0.0705918
0.0692987
0.068046
0.0668319
0.0656546
0.0645124
0.0634038
0.0623271
0.0612809
0.060264
0.0592748
0.0583123
0.0573751
0.0564623
0.0555727
0.0547055
0.0538598
0.0530348
0.05223
0.051445
0.0506798
0.0499346
0.0492103
0.0485086
0.047832
0.0471848
0.0465732
0.0460065
0.0454978
0.0450662
0.0447384
0.0445517
0.961692
0.892184
0.829084
0.771727
0.719522
0.671944
0.628523
0.588843
0.552532
0.519258
0.488725
0.460668
0.434851
0.411062
0.389111
0.36883
0.350065
0.332679
0.31655
0.301567
0.287631
0.274651
0.262547
0.251245
0.24068
0.230792
0.221526
0.212832
0.204667
0.19699
0.189763
0.182954
0.17653
0.170465
0.164732
0.159307
0.154171
0.149301
0.144681
0.140294
0.136125
0.132158
0.128382
0.124784
0.121353
0.118079
0.114952
0.111963
0.109105
0.10637
0.10375
0.101239
0.0988306
0.0965197
0.0943007
0.0921685
0.0901187
0.0881467
0.0862486
0.0844205
0.0826588
0.0809603
0.0793217
0.0777401
0.0762127
0.0747368
0.07331
0.07193
0.0705946
0.0693015
0.0680489
0.066835
0.0656578
0.0645157
0.0634072
0.0623306
0.0612846
0.0602677
0.0592787
0.0583163
0.0573793
0.0564666
0.0555772
0.0547101
0.0538646
0.0530397
0.0522351
0.0514503
0.0506852
0.0499402
0.049216
0.0485144
0.047838
0.0471909
0.0465794
0.0460127
0.0455041
0.0450725
0.0447447
0.0445581
0.961692
0.892184
0.829084
0.771727
0.719522
0.671944
0.628523
0.588843
0.552532
0.519258
0.488725
0.460668
0.434851
0.411062
0.389111
0.36883
0.350065
0.332679
0.31655
0.301567
0.287631
0.274651
0.262547
0.251246
0.240681
0.230792
0.221526
0.212833
0.204668
0.19699
0.189764
0.182954
0.176531
0.170465
0.164732
0.159308
0.154171
0.149302
0.144682
0.140295
0.136125
0.132159
0.128383
0.124785
0.121354
0.11808
0.114953
0.111964
0.109106
0.106371
0.103751
0.10124
0.098832
0.0965212
0.0943022
0.0921702
0.0901204
0.0881485
0.0862504
0.0844224
0.0826608
0.0809624
0.0793238
0.0777423
0.076215
0.0747392
0.0733126
0.0719326
0.0705973
0.0693043
0.0680519
0.066838
0.0656609
0.064519
0.0634105
0.0623341
0.0612882
0.0602714
0.0592825
0.0583203
0.0573834
0.0564709
0.0555816
0.0547147
0.0538692
0.0530446
0.0522401
0.0514554
0.0506905
0.0499456
0.0492216
0.0485202
0.0478439
0.0471969
0.0465855
0.0460189
0.0455104
0.0450788
0.0447511
0.0445644
0.961692
0.892184
0.829084
0.771727
0.719522
0.671944
0.628523
0.588843
0.552532
0.519258
0.488725
0.460668
0.434851
0.411062
0.389111
0.36883
0.350065
0.332679
0.31655
0.301567
0.287631
0.274651
0.262547
0.251246
0.240681
0.230792
0.221526
0.212833
0.204668
0.196991
0.189764
0.182955
0.176531
0.170466
0.164733
0.159308
0.154172
0.149302
0.144683
0.140296
0.136126
0.13216
0.128384
0.124786
0.121355
0.118081
0.114954
0.111966
0.109107
0.106372
0.103752
0.101241
0.0988334
0.0965226
0.0943038
0.0921718
0.090122
0.0881502
0.0862522
0.0844243
0.0826628
0.0809644
0.079326
0.0777445
0.0762173
0.0747416
0.073315
0.0719352
0.0705999
0.0693071
0.0680547
0.0668409
0.065664
0.0645221
0.0634138
0.0623375
0.0612917
0.0602751
0.0592863
0.0583241
0.0573874
0.056475
0.0555859
0.0547191
0.0538738
0.0530493
0.052245
0.0514604
0.0506957
0.049951
0.0492271
0.0485258
0.0478496
0.0472028
0.0465915
0.046025
0.0455165
0.045085
0.0447573
0.0445706
0.961692
0.892184
0.829084
0.771727
0.719522
0.671944
0.628523
0.588843
0.552532
0.519258
0.488725
0.460668
0.434851
0.411062
0.389111
0.36883
0.350065
0.332679
0.31655
0.301567
0.287631
0.274651
0.262547
0.251246
0.240681
0.230793
0.221526
0.212833
0.204668
0.196991
0.189765
0.182955
0.176531
0.170466
0.164733
0.159309
0.154172
0.149303
0.144683
0.140296
0.136127
0.13216
0.128384
0.124786
0.121356
0.118082
0.114955
0.111967
0.109109
0.106373
0.103753
0.101243
0.0988348
0.0965241
0.0943052
0.0921733
0.0901237
0.0881519
0.086254
0.0844261
0.0826647
0.0809664
0.079328
0.0777467
0.0762195
0.0747439
0.0733174
0.0719377
0.0706025
0.0693098
0.0680575
0.0668438
0.0656669
0.0645252
0.063417
0.0623408
0.0612951
0.0602786
0.05929
0.0583279
0.0573913
0.0564791
0.0555901
0.0547235
0.0538783
0.0530539
0.0522497
0.0514654
0.0507008
0.0499562
0.0492325
0.0485313
0.0478553
0.0472086
0.0465974
0.046031
0.0455225
0.0450911
0.0447633
0.0445766
0.961692
0.892184
0.829084
0.771727
0.719522
0.671944
0.628523
0.588843
0.552532
0.519258
0.488725
0.460668
0.434851
0.411062
0.389111
0.36883
0.350065
0.332679
0.31655
0.301567
0.287631
0.274651
0.262547
0.251246
0.240681
0.230793
0.221527
0.212833
0.204669
0.196991
0.189765
0.182955
0.176532
0.170466
0.164734
0.159309
0.154173
0.149304
0.144684
0.140297
0.136127
0.132161
0.128385
0.124787
0.121357
0.118083
0.114956
0.111968
0.10911
0.106374
0.103755
0.101244
0.0988361
0.0965255
0.0943067
0.0921748
0.0901252
0.0881535
0.0862557
0.0844279
0.0826666
0.0809683
0.0793301
0.0777488
0.0762217
0.0747462
0.0733198
0.0719401
0.070605
0.0693124
0.0680602
0.0668466
0.0656698
0.0645282
0.0634201
0.062344
0.0612984
0.0602821
0.0592935
0.0583316
0.0573952
0.056483
0.0555942
0.0547277
0.0538827
0.0530584
0.0522544
0.0514702
0.0507057
0.0499613
0.0492377
0.0485367
0.0478608
0.0472142
0.0466031
0.0460368
0.0455284
0.045097
0.0447692
0.0445826
0.961692
0.892184
0.829084
0.771727
0.719522
0.671944
0.628523
0.588843
0.552532
0.519258
0.488725
0.460668
0.434851
0.411062
0.389111
0.36883
0.350065
0.332679
0.31655
0.301567
0.287631
0.274651
0.262548
0.251246
0.240681
0.230793
0.221527
0.212834
0.204669
0.196992
0.189765
0.182956
0.176532
0.170467
0.164734
0.15931
0.154173
0.149304
0.144684
0.140298
0.136128
0.132162
0.128386
0.124788
0.121357
0.118084
0.114957
0.111969
0.109111
0.106375
0.103756
0.101245
0.0988374
0.0965268
0.0943081
0.0921763
0.0901268
0.0881551
0.0862574
0.0844296
0.0826684
0.0809702
0.079332
0.0777508
0.0762238
0.0747484
0.0733221
0.0719425
0.0706075
0.0693149
0.0680628
0.0668493
0.0656727
0.0645311
0.0634231
0.0623471
0.0613017
0.0602854
0.059297
0.0583352
0.0573989
0.0564868
0.0555981
0.0547318
0.0538869
0.0530628
0.0522589
0.0514748
0.0507105
0.0499662
0.0492428
0.0485419
0.0478661
0.0472196
0.0466087
0.0460424
0.0455341
0.0451027
0.044775
0.0445883
0.961692
0.892184
0.829084
0.771727
0.719522
0.671944
0.628523
0.588843
0.552532
0.519258
0.488725
0.460668
0.434851
0.411062
0.389111
0.36883
0.350065
0.332679
0.31655
0.301567
0.287631
0.274652
0.262548
0.251246
0.240681
0.230793
0.221527
0.212834
0.204669
0.196992
0.189765
0.182956
0.176533
0.170467
0.164734
0.15931
0.154174
0.149305
0.144685
0.140298
0.136129
0.132163
0.128387
0.124789
0.121358
0.118084
0.114958
0.11197
0.109112
0.106377
0.103757
0.101246
0.0988386
0.0965281
0.0943095
0.0921777
0.0901282
0.0881567
0.086259
0.0844313
0.0826701
0.080972
0.0793339
0.0777528
0.0762258
0.0747505
0.0733242
0.0719448
0.0706098
0.0693173
0.0680653
0.0668519
0.0656754
0.0645339
0.063426
0.0623501
0.0613048
0.0602886
0.0593003
0.0583387
0.0574024
0.0564905
0.055602
0.0547357
0.053891
0.053067
0.0522633
0.0514793
0.0507151
0.049971
0.0492477
0.0485469
0.0478713
0.0472249
0.046614
0.0460479
0.0455396
0.0451083
0.0447806
0.0445939
0.961692
0.892184
0.829084
0.771727
0.719522
0.671944
0.628523
0.588843
0.552532
0.519258
0.488725
0.460668
0.434851
0.411062
0.389111
0.36883
0.350065
0.332679
0.31655
0.301568
0.287631
0.274652
0.262548
0.251246
0.240682
0.230793
0.221527
0.212834
0.204669
0.196992
0.189766
0.182956
0.176533
0.170468
0.164735
0.159311
0.154174
0.149305
0.144686
0.140299
0.136129
0.132163
0.128387
0.12479
0.121359
0.118085
0.114959
0.111971
0.109113
0.106378
0.103758
0.101247
0.0988398
0.0965293
0.0943108
0.0921791
0.0901297
0.0881582
0.0862605
0.0844329
0.0826718
0.0809738
0.0793357
0.0777546
0.0762278
0.0747525
0.0733263
0.0719469
0.0706121
0.0693197
0.0680678
0.0668545
0.065678
0.0645366
0.0634288
0.062353
0.0613078
0.0602917
0.0593035
0.058342
0.0574059
0.0564941
0.0556056
0.0547395
0.0538949
0.0530711
0.0522675
0.0514837
0.0507196
0.0499756
0.0492525
0.0485518
0.0478763
0.04723
0.0466192
0.0460531
0.045545
0.0451136
0.0447859
0.0445992
0.961692
0.892184
0.829084
0.771727
0.719522
0.671944
0.628523
0.588843
0.552532
0.519258
0.488725
0.460668
0.434851
0.411062
0.389111
0.36883
0.350065
0.332679
0.31655
0.301568
0.287631
0.274652
0.262548
0.251247
0.240682
0.230793
0.221527
0.212834
0.204669
0.196992
0.189766
0.182957
0.176533
0.170468
0.164735
0.159311
0.154175
0.149306
0.144686
0.140299
0.13613
0.132164
0.128388
0.12479
0.12136
0.118086
0.11496
0.111971
0.109114
0.106379
0.103759
0.101249
0.0988409
0.0965305
0.094312
0.0921804
0.090131
0.0881596
0.086262
0.0844344
0.0826734
0.0809754
0.0793374
0.0777564
0.0762297
0.0747545
0.0733284
0.071949
0.0706142
0.0693219
0.0680701
0.0668569
0.0656805
0.0645392
0.0634315
0.0623558
0.0613107
0.0602947
0.0593066
0.0583452
0.0574092
0.0564975
0.0556092
0.0547432
0.0538987
0.053075
0.0522715
0.0514878
0.0507239
0.04998
0.049257
0.0485565
0.047881
0.0472349
0.0466242
0.0460582
0.0455501
0.0451188
0.0447911
0.0446044
0.961692
0.892184
0.829084
0.771727
0.719522
0.671944
0.628523
0.588843
0.552532
0.519258
0.488725
0.460668
0.434851
0.411062
0.389111
0.36883
0.350065
0.332679
0.31655
0.301568
0.287631
0.274652
0.262548
0.251247
0.240682
0.230794
0.221527
0.212834
0.20467
0.196993
0.189766
0.182957
0.176534
0.170468
0.164736
0.159312
0.154175
0.149306
0.144687
0.1403
0.136131
0.132164
0.128389
0.124791
0.121361
0.118087
0.11496
0.111972
0.109115
0.10638
0.10376
0.10125
0.098842
0.0965317
0.0943132
0.0921816
0.0901323
0.0881609
0.0862634
0.0844359
0.0826749
0.080977
0.0793391
0.0777582
0.0762314
0.0747563
0.0733303
0.071951
0.0706163
0.0693241
0.0680723
0.0668592
0.0656829
0.0645417
0.0634341
0.0623585
0.0613134
0.0602975
0.0593096
0.0583482
0.0574123
0.0565008
0.0556125
0.0547467
0.0539023
0.0530787
0.0522753
0.0514918
0.050728
0.0499842
0.0492613
0.0485609
0.0478856
0.0472395
0.046629
0.046063
0.045555
0.0451237
0.044796
0.0446093
0.961692
0.892184
0.829084
0.771727
0.719522
0.671944
0.628523
0.588843
0.552532
0.519258
0.488725
0.460668
0.434851
0.411062
0.389111
0.36883
0.350065
0.332679
0.31655
0.301568
0.287631
0.274652
0.262548
0.251247
0.240682
0.230794
0.221528
0.212835
0.20467
0.196993
0.189766
0.182957
0.176534
0.170469
0.164736
0.159312
0.154176
0.149307
0.144687
0.1403
0.136131
0.132165
0.128389
0.124792
0.121361
0.118088
0.114961
0.111973
0.109115
0.10638
0.103761
0.101251
0.0988431
0.0965328
0.0943143
0.0921828
0.0901335
0.0881622
0.0862647
0.0844373
0.0826764
0.0809785
0.0793407
0.0777598
0.0762331
0.0747581
0.0733321
0.0719529
0.0706183
0.0693261
0.0680744
0.0668614
0.0656851
0.064544
0.0634365
0.062361
0.061316
0.0603002
0.0593124
0.0583511
0.0574153
0.0565039
0.0556157
0.05475
0.0539057
0.0530822
0.052279
0.0514956
0.0507319
0.0499882
0.0492655
0.0485652
0.04789
0.047244
0.0466335
0.0460676
0.0455596
0.0451284
0.0448008
0.044614
0.961692
0.892184
0.829084
0.771727
0.719522
0.671944
0.628523
0.588843
0.552532
0.519258
0.488725
0.460668
0.434851
0.411062
0.389111
0.36883
0.350065
0.332679
0.316551
0.301568
0.287631
0.274652
0.262548
0.251247
0.240682
0.230794
0.221528
0.212835
0.20467
0.196993
0.189767
0.182957
0.176534
0.170469
0.164736
0.159312
0.154176
0.149307
0.144688
0.140301
0.136132
0.132166
0.12839
0.124792
0.121362
0.118088
0.114962
0.111974
0.109116
0.106381
0.103762
0.101251
0.098844
0.0965338
0.0943154
0.0921839
0.0901347
0.0881634
0.086266
0.0844386
0.0826777
0.08098
0.0793421
0.0777613
0.0762347
0.0747597
0.0733338
0.0719547
0.0706201
0.069328
0.0680764
0.0668634
0.0656873
0.0645463
0.0634388
0.0623634
0.0613185
0.0603028
0.059315
0.0583538
0.0574181
0.0565068
0.0556188
0.0547531
0.053909
0.0530856
0.0522824
0.0514991
0.0507356
0.049992
0.0492694
0.0485692
0.0478941
0.0472482
0.0466378
0.046072
0.045564
0.0451329
0.0448052
0.0446185
0.961692
0.892184
0.829084
0.771727
0.719522
0.671944
0.628523
0.588843
0.552532
0.519258
0.488725
0.460668
0.434851
0.411062
0.389112
0.36883
0.350065
0.332679
0.316551
0.301568
0.287632
0.274652
0.262548
0.251247
0.240682
0.230794
0.221528
0.212835
0.20467
0.196993
0.189767
0.182958
0.176534
0.170469
0.164737
0.159313
0.154176
0.149307
0.144688
0.140301
0.136132
0.132166
0.12839
0.124793
0.121362
0.118089
0.114962
0.111975
0.109117
0.106382
0.103763
0.101252
0.0988449
0.0965347
0.0943164
0.092185
0.0901358
0.0881646
0.0862672
0.0844399
0.082679
0.0809813
0.0793435
0.0777628
0.0762362
0.0747613
0.0733355
0.0719564
0.0706219
0.0693298
0.0680783
0.0668654
0.0656893
0.0645483
0.063441
0.0623656
0.0613208
0.0603052
0.0593175
0.0583564
0.0574208
0.0565095
0.0556216
0.0547561
0.053912
0.0530888
0.0522857
0.0515025
0.050739
0.0499956
0.0492731
0.048573
0.047898
0.0472522
0.0466418
0.0460761
0.0455682
0.0451371
0.0448094
0.0446227
0.961692
0.892184
0.829084
0.771727
0.719522
0.671944
0.628523
0.588843
0.552532
0.519258
0.488724
0.460668
0.434851
0.411062
0.389112
0.36883
0.350065
0.332679
0.316551
0.301568
0.287632
0.274652
0.262548
0.251247
0.240682
0.230794
0.221528
0.212835
0.20467
0.196993
0.189767
0.182958
0.176535
0.17047
0.164737
0.159313
0.154177
0.149308
0.144688
0.140302
0.136132
0.132167
0.128391
0.124793
0.121363
0.118089
0.114963
0.111975
0.109118
0.106383
0.103763
0.101253
0.0988458
0.0965356
0.0943173
0.0921859
0.0901368
0.0881656
0.0862683
0.084441
0.0826802
0.0809825
0.0793448
0.0777641
0.0762377
0.0747628
0.073337
0.071958
0.0706235
0.0693315
0.0680801
0.0668672
0.0656912
0.0645503
0.063443
0.0623677
0.061323
0.0603074
0.0593198
0.0583588
0.0574233
0.0565121
0.0556243
0.0547588
0.0539149
0.0530917
0.0522888
0.0515057
0.0507423
0.049999
0.0492765
0.0485765
0.0479016
0.0472559
0.0466456
0.04608
0.0455721
0.045141
0.0448134
0.0446266
0.961692
0.892184
0.829084
0.771727
0.719522
0.671944
0.628523
0.588843
0.552532
0.519258
0.488724
0.460668
0.434851
0.411062
0.389112
0.36883
0.350065
0.332679
0.316551
0.301568
0.287632
0.274652
0.262548
0.251247
0.240682
0.230794
0.221528
0.212835
0.204671
0.196994
0.189767
0.182958
0.176535
0.17047
0.164737
0.159313
0.154177
0.149308
0.144689
0.140302
0.136133
0.132167
0.128391
0.124794
0.121364
0.11809
0.114964
0.111976
0.109118
0.106383
0.103764
0.101254
0.0988466
0.0965365
0.0943182
0.0921868
0.0901378
0.0881666
0.0862693
0.0844421
0.0826813
0.0809837
0.0793461
0.0777654
0.076239
0.0747641
0.0733384
0.0719594
0.070625
0.0693331
0.0680817
0.0668689
0.0656929
0.0645521
0.0634449
0.0623696
0.061325
0.0603095
0.059322
0.058361
0.0574256
0.0565145
0.0556268
0.0547614
0.0539175
0.0530944
0.0522916
0.0515086
0.0507453
0.0500021
0.0492797
0.0485798
0.047905
0.0472594
0.0466492
0.0460836
0.0455757
0.0451447
0.044817
0.0446303
0.961692
0.892184
0.829084
0.771727
0.719522
0.671944
0.628523
0.588843
0.552532
0.519258
0.488724
0.460668
0.434851
0.411062
0.389112
0.36883
0.350065
0.332679
0.316551
0.301568
0.287632
0.274652
0.262548
0.251247
0.240682
0.230794
0.221528
0.212835
0.204671
0.196994
0.189767
0.182958
0.176535
0.17047
0.164737
0.159314
0.154177
0.149308
0.144689
0.140302
0.136133
0.132167
0.128392
0.124794
0.121364
0.11809
0.114964
0.111976
0.109119
0.106384
0.103765
0.101255
0.0988473
0.0965372
0.094319
0.0921877
0.0901386
0.0881675
0.0862703
0.0844431
0.0826824
0.0809848
0.0793472
0.0777666
0.0762402
0.0747654
0.0733397
0.0719608
0.0706264
0.0693346
0.0680832
0.0668704
0.0656945
0.0645538
0.0634466
0.0623714
0.0613268
0.0603114
0.0593239
0.0583631
0.0574277
0.0565167
0.055629
0.0547637
0.05392
0.053097
0.0522942
0.0515113
0.0507481
0.050005
0.0492827
0.0485829
0.0479081
0.0472626
0.0466524
0.0460869
0.0455791
0.045148
0.0448204
0.0446337
0.961692
0.892184
0.829084
0.771727
0.719522
0.671944
0.628523
0.588843
0.552532
0.519258
0.488724
0.460668
0.434851
0.411062
0.389112
0.36883
0.350065
0.332679
0.316551
0.301568
0.287632
0.274652
0.262548
0.251247
0.240683
0.230794
0.221528
0.212835
0.204671
0.196994
0.189768
0.182958
0.176535
0.17047
0.164738
0.159314
0.154177
0.149309
0.144689
0.140303
0.136134
0.132168
0.128392
0.124795
0.121364
0.118091
0.114965
0.111977
0.109119
0.106385
0.103765
0.101255
0.098848
0.0965379
0.0943197
0.0921884
0.0901394
0.0881684
0.0862712
0.084444
0.0826833
0.0809858
0.0793482
0.0777676
0.0762413
0.0747665
0.0733409
0.071962
0.0706277
0.0693359
0.0680846
0.0668719
0.065696
0.0645553
0.0634482
0.062373
0.0613285
0.0603132
0.0593258
0.058365
0.0574297
0.0565187
0.0556311
0.0547659
0.0539222
0.0530993
0.0522966
0.0515138
0.0507507
0.0500076
0.0492854
0.0485857
0.047911
0.0472655
0.0466554
0.0460899
0.0455822
0.0451511
0.0448235
0.0446368
0.961692
0.892184
0.829084
0.771727
0.719522
0.671944
0.628523
0.588843
0.552532
0.519258
0.488724
0.460668
0.434851
0.411062
0.389112
0.36883
0.350065
0.332679
0.316551
0.301568
0.287632
0.274652
0.262549
0.251247
0.240683
0.230794
0.221528
0.212836
0.204671
0.196994
0.189768
0.182958
0.176535
0.17047
0.164738
0.159314
0.154178
0.149309
0.14469
0.140303
0.136134
0.132168
0.128393
0.124795
0.121365
0.118091
0.114965
0.111977
0.10912
0.106385
0.103766
0.101256
0.0988486
0.0965385
0.0943204
0.0921891
0.0901402
0.0881691
0.0862719
0.0844448
0.0826842
0.0809866
0.0793491
0.0777686
0.0762423
0.0747675
0.0733419
0.0719631
0.0706289
0.0693371
0.0680858
0.0668731
0.0656973
0.0645567
0.0634496
0.0623745
0.06133
0.0603148
0.0593274
0.0583667
0.0574314
0.0565205
0.055633
0.0547678
0.0539242
0.0531014
0.0522988
0.051516
0.050753
0.05001
0.0492879
0.0485882
0.0479136
0.0472681
0.0466581
0.0460927
0.045585
0.0451539
0.0448264
0.0446396
0.961692
0.892184
0.829084
0.771727
0.719522
0.671944
0.628523
0.588843
0.552532
0.519258
0.488724
0.460668
0.434851
0.411062
0.389112
0.36883
0.350065
0.33268
0.316551
0.301568
0.287632
0.274652
0.262549
0.251247
0.240683
0.230794
0.221529
0.212836
0.204671
0.196994
0.189768
0.182959
0.176536
0.170471
0.164738
0.159314
0.154178
0.149309
0.14469
0.140303
0.136134
0.132168
0.128393
0.124795
0.121365
0.118092
0.114966
0.111978
0.10912
0.106386
0.103766
0.101256
0.0988491
0.0965391
0.094321
0.0921897
0.0901408
0.0881698
0.0862726
0.0844455
0.0826849
0.0809874
0.0793499
0.0777694
0.0762431
0.0747685
0.0733429
0.0719641
0.0706299
0.0693381
0.0680869
0.0668743
0.0656985
0.0645579
0.0634508
0.0623758
0.0613314
0.0603162
0.0593289
0.0583682
0.057433
0.0565222
0.0556347
0.0547696
0.053926
0.0531032
0.0523007
0.051518
0.050755
0.0500121
0.0492901
0.0485904
0.0479159
0.0472705
0.0466605
0.0460951
0.0455874
0.0451565
0.0448289
0.0446421
0.961692
0.892184
0.829084
0.771727
0.719522
0.671944
0.628523
0.588843
0.552532
0.519258
0.488724
0.460668
0.434851
0.411062
0.389112
0.36883
0.350065
0.33268
0.316551
0.301568
0.287632
0.274652
0.262549
0.251247
0.240683
0.230795
0.221529
0.212836
0.204671
0.196994
0.189768
0.182959
0.176536
0.170471
0.164738
0.159314
0.154178
0.149309
0.14469
0.140304
0.136134
0.132169
0.128393
0.124796
0.121366
0.118092
0.114966
0.111978
0.109121
0.106386
0.103767
0.101257
0.0988496
0.0965396
0.0943215
0.0921903
0.0901414
0.0881704
0.0862732
0.0844462
0.0826856
0.0809881
0.0793506
0.0777702
0.0762439
0.0747693
0.0733437
0.071965
0.0706308
0.0693391
0.0680879
0.0668753
0.0656995
0.064559
0.063452
0.062377
0.0613326
0.0603174
0.0593301
0.0583695
0.0574344
0.0565236
0.0556362
0.0547711
0.0539276
0.0531049
0.0523024
0.0515197
0.0507568
0.050014
0.049292
0.0485924
0.0479179
0.0472726
0.0466627
0.0460973
0.0455896
0.0451587
0.0448311
0.0446443
0.961692
0.892184
0.829084
0.771727
0.719522
0.671944
0.628523
0.588843
0.552532
0.519258
0.488724
0.460668
0.434851
0.411062
0.389112
0.36883
0.350065
0.33268
0.316551
0.301568
0.287632
0.274652
0.262549
0.251247
0.240683
0.230795
0.221529
0.212836
0.204671
0.196994
0.189768
0.182959
0.176536
0.170471
0.164738
0.159315
0.154178
0.14931
0.14469
0.140304
0.136135
0.132169
0.128393
0.124796
0.121366
0.118092
0.114966
0.111979
0.109121
0.106386
0.103767
0.101257
0.09885
0.09654
0.0943219
0.0921907
0.0901418
0.0881709
0.0862738
0.0844467
0.0826861
0.0809887
0.0793512
0.0777708
0.0762446
0.0747699
0.0733444
0.0719657
0.0706315
0.0693399
0.0680887
0.0668761
0.0657004
0.0645599
0.0634529
0.062378
0.0613336
0.0603185
0.0593312
0.0583706
0.0574355
0.0565248
0.0556374
0.0547724
0.0539289
0.0531063
0.0523038
0.0515212
0.0507584
0.0500156
0.0492936
0.0485941
0.0479197
0.0472744
0.0466645
0.0460991
0.0455915
0.0451606
0.044833
0.0446462
0.961692
0.892184
0.829084
0.771727
0.719522
0.671944
0.628523
0.588843
0.552532
0.519258
0.488724
0.460668
0.434851
0.411062
0.389112
0.36883
0.350065
0.33268
0.316551
0.301568
0.287632
0.274652
0.262549
0.251248
0.240683
0.230795
0.221529
0.212836
0.204671
0.196994
0.189768
0.182959
0.176536
0.170471
0.164738
0.159315
0.154178
0.14931
0.14469
0.140304
0.136135
0.132169
0.128394
0.124796
0.121366
0.118093
0.114966
0.111979
0.109121
0.106387
0.103768
0.101258
0.0988503
0.0965404
0.0943223
0.0921911
0.0901422
0.0881713
0.0862742
0.0844472
0.0826866
0.0809892
0.0793518
0.0777713
0.0762451
0.0747705
0.073345
0.0719663
0.0706322
0.0693405
0.0680894
0.0668768
0.0657012
0.0645607
0.0634537
0.0623788
0.0613345
0.0603194
0.0593321
0.0583716
0.0574365
0.0565258
0.0556385
0.0547735
0.0539301
0.0531075
0.052305
0.0515225
0.0507597
0.0500169
0.049295
0.0485956
0.0479211
0.0472759
0.046666
0.0461007
0.0455931
0.0451622
0.0448346
0.0446478
0.961692
0.892184
0.829084
0.771727
0.719522
0.671943
0.628523
0.588843
0.552532
0.519258
0.488724
0.460668
0.434851
0.411062
0.389112
0.36883
0.350065
0.33268
0.316551
0.301568
0.287632
0.274652
0.262549
0.251248
0.240683
0.230795
0.221529
0.212836
0.204671
0.196994
0.189768
0.182959
0.176536
0.170471
0.164738
0.159315
0.154178
0.14931
0.144691
0.140304
0.136135
0.132169
0.128394
0.124796
0.121366
0.118093
0.114967
0.111979
0.109122
0.106387
0.103768
0.101258
0.0988506
0.0965406
0.0943226
0.0921914
0.0901426
0.0881716
0.0862745
0.0844475
0.082687
0.0809896
0.0793522
0.0777717
0.0762456
0.074771
0.0733455
0.0719668
0.0706327
0.069341
0.0680899
0.0668774
0.0657018
0.0645613
0.0634543
0.0623794
0.0613351
0.0603201
0.0593329
0.0583724
0.0574373
0.0565266
0.0556393
0.0547744
0.053931
0.0531084
0.052306
0.0515235
0.0507607
0.050018
0.0492961
0.0485967
0.0479223
0.0472771
0.0466673
0.046102
0.0455944
0.0451634
0.0448359
0.0446491
0.961692
0.892184
0.829084
0.771727
0.719522
0.671943
0.628523
0.588843
0.552532
0.519258
0.488724
0.460668
0.434851
0.411062
0.389112
0.36883
0.350065
0.33268
0.316551
0.301568
0.287632
0.274652
0.262549
0.251248
0.240683
0.230795
0.221529
0.212836
0.204671
0.196995
0.189768
0.182959
0.176536
0.170471
0.164738
0.159315
0.154179
0.14931
0.144691
0.140304
0.136135
0.132169
0.128394
0.124797
0.121366
0.118093
0.114967
0.111979
0.109122
0.106387
0.103768
0.101258
0.0988508
0.0965409
0.0943228
0.0921917
0.0901428
0.0881719
0.0862748
0.0844478
0.0826873
0.0809899
0.0793525
0.0777721
0.0762459
0.0747713
0.0733458
0.0719672
0.0706331
0.0693414
0.0680903
0.0668778
0.0657022
0.0645617
0.0634548
0.0623799
0.0613357
0.0603206
0.0593334
0.0583729
0.0574379
0.0565273
0.0556399
0.054775
0.0539317
0.0531091
0.0523068
0.0515243
0.0507615
0.0500188
0.049297
0.0485976
0.0479232
0.047278
0.0466682
0.0461029
0.0455953
0.0451644
0.0448368
0.04465
0.961692
0.892184
0.829084
0.771727
0.719522
0.671943
0.628523
0.588843
0.552532
0.519258
0.488724
0.460668
0.434851
0.411062
0.389112
0.36883
0.350065
0.33268
0.316551
0.301568
0.287632
0.274652
0.262549
0.251248
0.240683
0.230795
0.221529
0.212836
0.204671
0.196995
0.189768
0.182959
0.176536
0.170471
0.164739
0.159315
0.154179
0.14931
0.144691
0.140304
0.136135
0.132169
0.128394
0.124797
0.121366
0.118093
0.114967
0.111979
0.109122
0.106387
0.103768
0.101258
0.0988509
0.096541
0.0943229
0.0921918
0.0901429
0.088172
0.086275
0.084448
0.0826875
0.0809901
0.0793527
0.0777723
0.0762461
0.0747715
0.0733461
0.0719674
0.0706333
0.0693417
0.0680906
0.0668781
0.0657025
0.064562
0.0634551
0.0623803
0.061336
0.0603209
0.0593338
0.0583733
0.0574383
0.0565277
0.0556404
0.0547755
0.0539321
0.0531096
0.0523072
0.0515248
0.050762
0.0500194
0.0492975
0.0485981
0.0479238
0.0472786
0.0466688
0.0461035
0.045596
0.0451651
0.0448375
0.0446507
0.961692
0.892184
0.829084
0.771727
0.719522
0.671943
0.628523
0.588843
0.552532
0.519258
0.488724
0.460668
0.434851
0.411062
0.389112
0.36883
0.350065
0.33268
0.316551
0.301568
0.287632
0.274652
0.262549
0.251248
0.240683
0.230795
0.221529
0.212836
0.204671
0.196995
0.189768
0.182959
0.176536
0.170471
0.164739
0.159315
0.154179
0.14931
0.144691
0.140304
0.136135
0.132169
0.128394
0.124797
0.121366
0.118093
0.114967
0.111979
0.109122
0.106387
0.103768
0.101258
0.098851
0.096541
0.094323
0.0921919
0.090143
0.0881721
0.086275
0.0844481
0.0826875
0.0809902
0.0793528
0.0777724
0.0762462
0.0747716
0.0733462
0.0719675
0.0706334
0.0693418
0.0680907
0.0668782
0.0657026
0.0645622
0.0634553
0.0623804
0.0613361
0.0603211
0.0593339
0.0583735
0.0574385
0.0565278
0.0556406
0.0547757
0.0539323
0.0531098
0.0523075
0.051525
0.0507623
0.0500196
0.0492978
0.0485984
0.0479241
0.0472789
0.0466692
0.0461039
0.0455963
0.0451654
0.0448378
0.044651
0.961692
0.892184
0.829084
0.771727
0.719522
0.671943
0.628523
0.588843
0.552532
0.519258
0.488724
0.460668
0.434851
0.411062
0.389112
0.36883
0.350065
0.33268
0.316551
0.301568
0.287632
0.274652
0.262549
0.251248
0.240683
0.230795
0.221529
0.212836
0.204671
0.196995
0.189768
0.182959
0.176536
0.170471
0.164739
0.159315
0.154179
0.14931
0.144691
0.140304
0.136135
0.132169
0.128394
0.124797
0.121366
0.118093
0.114967
0.111979
0.109122
0.106387
0.103768
0.101258
0.098851
0.096541
0.094323
0.0921919
0.090143
0.0881721
0.086275
0.084448
0.0826875
0.0809901
0.0793527
0.0777723
0.0762462
0.0747716
0.0733462
0.0719675
0.0706334
0.0693418
0.0680907
0.0668782
0.0657026
0.0645621
0.0634552
0.0623804
0.0613361
0.0603211
0.0593339
0.0583734
0.0574385
0.0565278
0.0556406
0.0547757
0.0539323
0.0531098
0.0523075
0.051525
0.0507623
0.0500196
0.0492978
0.0485984
0.0479241
0.047279
0.0466692
0.0461039
0.0455963
0.0451654
0.0448379
0.044651
0.961692
0.892184
0.829084
0.771727
0.719522
0.671943
0.628523
0.588843
0.552532
0.519258
0.488724
0.460668
0.434851
0.411062
0.389112
0.36883
0.350065
0.33268
0.316551
0.301568
0.287632
0.274652
0.262549
0.251248
0.240683
0.230795
0.221529
0.212836
0.204671
0.196995
0.189768
0.182959
0.176536
0.170471
0.164739
0.159315
0.154179
0.14931
0.144691
0.140304
0.136135
0.132169
0.128394
0.124797
0.121366
0.118093
0.114967
0.111979
0.109122
0.106387
0.103768
0.101258
0.0988509
0.096541
0.0943229
0.0921918
0.0901429
0.088172
0.0862749
0.0844479
0.0826874
0.08099
0.0793526
0.0777722
0.0762461
0.0747715
0.073346
0.0719674
0.0706333
0.0693416
0.0680905
0.066878
0.0657024
0.064562
0.0634551
0.0623802
0.0613359
0.0603209
0.0593337
0.0583732
0.0574382
0.0565276
0.0556403
0.0547754
0.0539321
0.0531095
0.0523072
0.0515248
0.050762
0.0500194
0.0492976
0.0485982
0.0479238
0.0472787
0.0466689
0.0461036
0.045596
0.0451651
0.0448376
0.0446507
0.961692
0.892184
0.829084
0.771727
0.719522
0.671943
0.628523
0.588843
0.552532
0.519258
0.488724
0.460668
0.434851
0.411062
0.389112
0.36883
0.350065
0.33268
0.316551
0.301568
0.287632
0.274652
0.262549
0.251248
0.240683
0.230795
0.221529
0.212836
0.204671
0.196994
0.189768
0.182959
0.176536
0.170471
0.164738
0.159315
0.154179
0.14931
0.144691
0.140304
0.136135
0.132169
0.128394
0.124796
0.121366
0.118093
0.114967
0.111979
0.109122
0.106387
0.103768
0.101258
0.0988507
0.0965408
0.0943227
0.0921916
0.0901427
0.0881718
0.0862747
0.0844477
0.0826872
0.0809898
0.0793524
0.077772
0.0762458
0.0747712
0.0733458
0.0719671
0.070633
0.0693414
0.0680902
0.0668777
0.0657021
0.0645616
0.0634547
0.0623798
0.0613356
0.0603205
0.0593333
0.0583728
0.0574378
0.0565272
0.0556399
0.054775
0.0539316
0.0531091
0.0523067
0.0515243
0.0507615
0.0500188
0.049297
0.0485976
0.0479233
0.0472781
0.0466683
0.046103
0.0455954
0.0451645
0.044837
0.0446501
0.961692
0.892184
0.829084
0.771727
0.719522
0.671943
0.628523
0.588843
0.552532
0.519258
0.488724
0.460668
0.434851
0.411062
0.389112
0.36883
0.350065
0.33268
0.316551
0.301568
0.287632
0.274652
0.262549
0.251248
0.240683
0.230795
0.221529
0.212836
0.204671
0.196994
0.189768
0.182959
0.176536
0.170471
0.164738
0.159315
0.154178
0.14931
0.14469
0.140304
0.136135
0.132169
0.128394
0.124796
0.121366
0.118093
0.114967
0.111979
0.109122
0.106387
0.103768
0.101258
0.0988505
0.0965406
0.0943225
0.0921914
0.0901425
0.0881715
0.0862745
0.0844474
0.0826869
0.0809895
0.0793521
0.0777716
0.0762455
0.0747709
0.0733454
0.0719667
0.0706326
0.0693409
0.0680898
0.0668773
0.0657016
0.0645611
0.0634542
0.0623793
0.061335
0.0603199
0.0593328
0.0583722
0.0574372
0.0565266
0.0556392
0.0547743
0.0539309
0.0531083
0.052306
0.0515235
0.0507607
0.050018
0.0492962
0.0485968
0.0479224
0.0472772
0.0466674
0.0461021
0.0455945
0.0451636
0.044836
0.0446492
0.961692
0.892184
0.829084
0.771727
0.719522
0.671944
0.628523
0.588843
0.552532
0.519258
0.488724
0.460668
0.434851
0.411062
0.389112
0.36883
0.350065
0.33268
0.316551
0.301568
0.287632
0.274652
0.262549
0.251248
0.240683
0.230795
0.221529
0.212836
0.204671
0.196994
0.189768
0.182959
0.176536
0.170471
0.164738
0.159315
0.154178
0.14931
0.14469
0.140304
0.136135
0.132169
0.128393
0.124796
0.121366
0.118093
0.114966
0.111979
0.109121
0.106387
0.103768
0.101257
0.0988502
0.0965403
0.0943222
0.092191
0.0901421
0.0881712
0.0862741
0.0844471
0.0826865
0.0809891
0.0793516
0.0777712
0.076245
0.0747704
0.0733449
0.0719662
0.070632
0.0693404
0.0680892
0.0668767
0.065701
0.0645605
0.0634535
0.0623786
0.0613343
0.0603192
0.059332
0.0583715
0.0574364
0.0565257
0.0556384
0.0547734
0.05393
0.0531074
0.052305
0.0515225
0.0507597
0.050017
0.0492951
0.0485957
0.0479213
0.0472761
0.0466662
0.0461009
0.0455933
0.0451624
0.0448348
0.044648
0.961692
0.892184
0.829084
0.771727
0.719522
0.671944
0.628523
0.588843
0.552532
0.519258
0.488724
0.460668
0.434851
0.411062
0.389112
0.36883
0.350065
0.33268
0.316551
0.301568
0.287632
0.274652
0.262549
0.251247
0.240683
0.230795
0.221529
0.212836
0.204671
0.196994
0.189768
0.182959
0.176536
0.170471
0.164738
0.159315
0.154178
0.149309
0.14469
0.140304
0.136135
0.132169
0.128393
0.124796
0.121366
0.118092
0.114966
0.111978
0.109121
0.106386
0.103767
0.101257
0.0988499
0.0965399
0.0943218
0.0921906
0.0901417
0.0881707
0.0862736
0.0844466
0.082686
0.0809886
0.0793511
0.0777706
0.0762444
0.0747698
0.0733443
0.0719655
0.0706314
0.0693397
0.0680885
0.0668759
0.0657002
0.0645597
0.0634527
0.0623778
0.0613334
0.0603183
0.0593311
0.0583705
0.0574354
0.0565247
0.0556373
0.0547723
0.0539289
0.0531062
0.0523038
0.0515212
0.0507584
0.0500157
0.0492937
0.0485943
0.0479198
0.0472746
0.0466647
0.0460994
0.0455918
0.0451608
0.0448333
0.0446464
0.961692
0.892184
0.829084
0.771727
0.719522
0.671944
0.628523
0.588843
0.552532
0.519258
0.488724
0.460668
0.434851
0.411062
0.389112
0.36883
0.350065
0.33268
0.316551
0.301568
0.287632
0.274652
0.262549
0.251247
0.240683
0.230795
0.221529
0.212836
0.204671
0.196994
0.189768
0.182959
0.176536
0.170471
0.164738
0.159314
0.154178
0.149309
0.14469
0.140303
0.136134
0.132169
0.128393
0.124796
0.121365
0.118092
0.114966
0.111978
0.109121
0.106386
0.103767
0.101257
0.0988495
0.0965395
0.0943214
0.0921901
0.0901412
0.0881702
0.0862731
0.084446
0.0826854
0.0809879
0.0793504
0.07777
0.0762437
0.0747691
0.0733435
0.0719647
0.0706306
0.0693388
0.0680876
0.066875
0.0656993
0.0645587
0.0634517
0.0623768
0.0613324
0.0603172
0.0593299
0.0583693
0.0574342
0.0565234
0.055636
0.054771
0.0539275
0.0531048
0.0523023
0.0515197
0.0507569
0.0500141
0.0492921
0.0485926
0.0479181
0.0472729
0.046663
0.0460976
0.04559
0.045159
0.0448314
0.0446446
0.961692
0.892184
0.829084
0.771727
0.719522
0.671944
0.628523
0.588843
0.552532
0.519258
0.488724
0.460668
0.434851
0.411062
0.389112
0.36883
0.350065
0.33268
0.316551
0.301568
0.287632
0.274652
0.262549
0.251247
0.240683
0.230794
0.221529
0.212836
0.204671
0.196994
0.189768
0.182959
0.176536
0.170471
0.164738
0.159314
0.154178
0.149309
0.14469
0.140303
0.136134
0.132168
0.128393
0.124795
0.121365
0.118092
0.114965
0.111978
0.10912
0.106386
0.103766
0.101256
0.098849
0.096539
0.0943208
0.0921896
0.0901406
0.0881696
0.0862725
0.0844453
0.0826847
0.0809872
0.0793497
0.0777692
0.0762429
0.0747682
0.0733426
0.0719639
0.0706296
0.0693379
0.0680866
0.066874
0.0656982
0.0645576
0.0634506
0.0623756
0.0613312
0.0603159
0.0593286
0.058368
0.0574328
0.056522
0.0556345
0.0547694
0.0539259
0.0531032
0.0523007
0.051518
0.0507551
0.0500122
0.0492902
0.0485907
0.0479161
0.0472708
0.0466609
0.0460955
0.0455878
0.0451568
0.0448293
0.0446425
0.961692
0.892184
0.829084
0.771727
0.719522
0.671944
0.628523
0.588843
0.552532
0.519258
0.488724
0.460668
0.434851
0.411062
0.389112
0.36883
0.350065
0.332679
0.316551
0.301568
0.287632
0.274652
0.262549
0.251247
0.240683
0.230794
0.221528
0.212836
0.204671
0.196994
0.189768
0.182958
0.176535
0.17047
0.164738
0.159314
0.154178
0.149309
0.14469
0.140303
0.136134
0.132168
0.128392
0.124795
0.121365
0.118091
0.114965
0.111977
0.10912
0.106385
0.103766
0.101256
0.0988484
0.0965384
0.0943202
0.092189
0.09014
0.0881689
0.0862717
0.0844446
0.0826839
0.0809864
0.0793489
0.0777683
0.076242
0.0747673
0.0733417
0.0719628
0.0706286
0.0693368
0.0680855
0.0668728
0.065697
0.0645564
0.0634493
0.0623742
0.0613298
0.0603145
0.0593271
0.0583664
0.0574312
0.0565204
0.0556328
0.0547677
0.0539241
0.0531013
0.0522987
0.051516
0.0507531
0.0500101
0.0492881
0.0485884
0.0479139
0.0472685
0.0466585
0.0460931
0.0455854
0.0451544
0.0448268
0.04464
0.961692
0.892184
0.829084
0.771727
0.719522
0.671944
0.628523
0.588843
0.552532
0.519258
0.488724
0.460668
0.434851
0.411062
0.389112
0.36883
0.350065
0.332679
0.316551
0.301568
0.287632
0.274652
0.262548
0.251247
0.240683
0.230794
0.221528
0.212835
0.204671
0.196994
0.189768
0.182958
0.176535
0.17047
0.164738
0.159314
0.154177
0.149309
0.144689
0.140303
0.136134
0.132168
0.128392
0.124795
0.121364
0.118091
0.114965
0.111977
0.109119
0.106385
0.103765
0.101255
0.0988478
0.0965377
0.0943195
0.0921882
0.0901392
0.0881681
0.0862709
0.0844438
0.0826831
0.0809855
0.0793479
0.0777673
0.076241
0.0747662
0.0733406
0.0719617
0.0706274
0.0693356
0.0680842
0.0668715
0.0656957
0.064555
0.0634478
0.0623727
0.0613282
0.0603129
0.0593255
0.0583647
0.0574294
0.0565185
0.0556309
0.0547657
0.0539221
0.0530992
0.0522966
0.0515138
0.0507508
0.0500078
0.0492857
0.048586
0.0479114
0.0472659
0.0466559
0.0460904
0.0455827
0.0451517
0.0448241
0.0446373
0.961692
0.892184
0.829084
0.771727
0.719522
0.671944
0.628523
0.588843
0.552532
0.519258
0.488724
0.460668
0.434851
0.411062
0.389112
0.36883
0.350065
0.332679
0.316551
0.301568
0.287632
0.274652
0.262548
0.251247
0.240682
0.230794
0.221528
0.212835
0.204671
0.196994
0.189767
0.182958
0.176535
0.17047
0.164737
0.159314
0.154177
0.149308
0.144689
0.140302
0.136133
0.132167
0.128392
0.124794
0.121364
0.11809
0.114964
0.111976
0.109119
0.106384
0.103765
0.101254
0.0988471
0.096537
0.0943188
0.0921875
0.0901384
0.0881673
0.08627
0.0844428
0.0826821
0.0809845
0.0793469
0.0777663
0.0762399
0.0747651
0.0733394
0.0719604
0.0706261
0.0693342
0.0680828
0.0668701
0.0656942
0.0645534
0.0634462
0.0623711
0.0613265
0.0603111
0.0593236
0.0583628
0.0574275
0.0565165
0.0556289
0.0547636
0.0539199
0.0530969
0.0522942
0.0515114
0.0507483
0.0500052
0.049283
0.0485833
0.0479086
0.0472631
0.046653
0.0460875
0.0455797
0.0451487
0.0448211
0.0446343
0.961692
0.892184
0.829084
0.771727
0.719522
0.671944
0.628523
0.588843
0.552532
0.519258
0.488724
0.460668
0.434851
0.411062
0.389112
0.36883
0.350065
0.332679
0.316551
0.301568
0.287632
0.274652
0.262548
0.251247
0.240682
0.230794
0.221528
0.212835
0.204671
0.196994
0.189767
0.182958
0.176535
0.17047
0.164737
0.159313
0.154177
0.149308
0.144689
0.140302
0.136133
0.132167
0.128391
0.124794
0.121363
0.11809
0.114964
0.111976
0.109118
0.106383
0.103764
0.101254
0.0988464
0.0965362
0.094318
0.0921866
0.0901375
0.0881664
0.0862691
0.0844418
0.0826811
0.0809834
0.0793457
0.0777651
0.0762386
0.0747638
0.073338
0.0719591
0.0706247
0.0693327
0.0680813
0.0668685
0.0656925
0.0645517
0.0634445
0.0623693
0.0613246
0.0603092
0.0593216
0.0583608
0.0574253
0.0565143
0.0556266
0.0547612
0.0539174
0.0530944
0.0522916
0.0515087
0.0507455
0.0500024
0.0492801
0.0485803
0.0479055
0.04726
0.0466498
0.0460843
0.0455765
0.0451454
0.0448178
0.044631
0.961692
0.892184
0.829084
0.771727
0.719522
0.671944
0.628523
0.588843
0.552532
0.519258
0.488725
0.460668
0.434851
0.411062
0.389112
0.36883
0.350065
0.332679
0.316551
0.301568
0.287632
0.274652
0.262548
0.251247
0.240682
0.230794
0.221528
0.212835
0.20467
0.196993
0.189767
0.182958
0.176535
0.170469
0.164737
0.159313
0.154177
0.149308
0.144688
0.140302
0.136132
0.132166
0.128391
0.124793
0.121363
0.118089
0.114963
0.111975
0.109118
0.106383
0.103763
0.101253
0.0988456
0.0965354
0.0943171
0.0921857
0.0901366
0.0881654
0.086268
0.0844407
0.0826799
0.0809822
0.0793445
0.0777638
0.0762373
0.0747624
0.0733366
0.0719576
0.0706231
0.0693311
0.0680797
0.0668668
0.0656908
0.0645499
0.0634426
0.0623673
0.0613226
0.0603071
0.0593195
0.0583585
0.057423
0.0565119
0.0556241
0.0547587
0.0539148
0.0530917
0.0522888
0.0515058
0.0507425
0.0499993
0.049277
0.0485771
0.0479022
0.0472566
0.0466464
0.0460808
0.045573
0.0451419
0.0448142
0.0446274
0.961692
0.892184
0.829084
0.771727
0.719522
0.671944
0.628523
0.588843
0.552532
0.519258
0.488725
0.460668
0.434851
0.411062
0.389112
0.36883
0.350065
0.332679
0.316551
0.301568
0.287632
0.274652
0.262548
0.251247
0.240682
0.230794
0.221528
0.212835
0.20467
0.196993
0.189767
0.182958
0.176534
0.170469
0.164736
0.159313
0.154176
0.149307
0.144688
0.140301
0.136132
0.132166
0.12839
0.124793
0.121362
0.118089
0.114962
0.111974
0.109117
0.106382
0.103762
0.101252
0.0988447
0.0965345
0.0943161
0.0921847
0.0901355
0.0881643
0.0862669
0.0844395
0.0826787
0.0809809
0.0793432
0.0777624
0.0762359
0.0747609
0.0733351
0.071956
0.0706215
0.0693294
0.0680779
0.066865
0.0656889
0.0645479
0.0634405
0.0623652
0.0613204
0.0603048
0.0593172
0.0583561
0.0574205
0.0565093
0.0556215
0.054756
0.053912
0.0530888
0.0522858
0.0515027
0.0507394
0.049996
0.0492736
0.0485736
0.0478987
0.047253
0.0466427
0.046077
0.0455692
0.0451381
0.0448104
0.0446236
0.961692
0.892184
0.829084
0.771727
0.719522
0.671944
0.628523
0.588843
0.552532
0.519258
0.488725
0.460668
0.434851
0.411062
0.389112
0.36883
0.350065
0.332679
0.316551
0.301568
0.287631
0.274652
0.262548
0.251247
0.240682
0.230794
0.221528
0.212835
0.20467
0.196993
0.189767
0.182957
0.176534
0.170469
0.164736
0.159312
0.154176
0.149307
0.144687
0.140301
0.136131
0.132165
0.12839
0.124792
0.121362
0.118088
0.114962
0.111974
0.109116
0.106381
0.103762
0.101251
0.0988438
0.0965335
0.0943151
0.0921836
0.0901344
0.0881631
0.0862657
0.0844383
0.0826774
0.0809796
0.0793418
0.0777609
0.0762343
0.0747593
0.0733334
0.0719543
0.0706197
0.0693276
0.068076
0.066863
0.0656868
0.0645458
0.0634384
0.0623629
0.0613181
0.0603024
0.0593147
0.0583535
0.0574179
0.0565066
0.0556186
0.054753
0.053909
0.0530857
0.0522826
0.0514994
0.050736
0.0499925
0.04927
0.0485699
0.0478949
0.0472492
0.0466388
0.0460731
0.0455652
0.045134
0.0448063
0.0446196
0.961692
0.892184
0.829084
0.771727
0.719522
0.671944
0.628523
0.588843
0.552532
0.519258
0.488725
0.460668
0.434851
0.411062
0.389112
0.36883
0.350065
0.332679
0.31655
0.301568
0.287631
0.274652
0.262548
0.251247
0.240682
0.230794
0.221528
0.212835
0.20467
0.196993
0.189766
0.182957
0.176534
0.170469
0.164736
0.159312
0.154175
0.149306
0.144687
0.1403
0.136131
0.132165
0.128389
0.124792
0.121361
0.118087
0.114961
0.111973
0.109115
0.10638
0.103761
0.10125
0.0988428
0.0965325
0.094314
0.0921825
0.0901332
0.0881619
0.0862644
0.0844369
0.082676
0.0809781
0.0793402
0.0777594
0.0762327
0.0747576
0.0733317
0.0719525
0.0706178
0.0693256
0.068074
0.0668609
0.0656847
0.0645436
0.0634361
0.0623606
0.0613156
0.0602999
0.059312
0.0583508
0.0574151
0.0565037
0.0556156
0.0547499
0.0539058
0.0530824
0.0522792
0.0514959
0.0507324
0.0499888
0.0492662
0.048566
0.0478909
0.0472451
0.0466347
0.0460689
0.0455609
0.0451297
0.044802
0.0446153
0.961692
0.892184
0.829084
0.771727
0.719522
0.671944
0.628523
0.588843
0.552532
0.519258
0.488725
0.460668
0.434851
0.411062
0.389111
0.36883
0.350065
0.332679
0.31655
0.301568
0.287631
0.274652
0.262548
0.251247
0.240682
0.230793
0.221527
0.212834
0.20467
0.196993
0.189766
0.182957
0.176533
0.170468
0.164735
0.159312
0.154175
0.149306
0.144686
0.1403
0.13613
0.132164
0.128388
0.124791
0.12136
0.118087
0.11496
0.111972
0.109114
0.106379
0.10376
0.101249
0.0988417
0.0965314
0.0943129
0.0921813
0.090132
0.0881606
0.086263
0.0844355
0.0826745
0.0809766
0.0793387
0.0777577
0.076231
0.0747558
0.0733298
0.0719505
0.0706158
0.0693236
0.0680718
0.0668587
0.0656824
0.0645412
0.0634336
0.062358
0.061313
0.0602972
0.0593092
0.0583479
0.0574121
0.0565006
0.0556125
0.0547467
0.0539024
0.0530789
0.0522757
0.0514922
0.0507286
0.0499849
0.0492622
0.0485619
0.0478867
0.0472408
0.0466303
0.0460644
0.0455564
0.0451252
0.0447975
0.0446108
0.961692
0.892184
0.829084
0.771727
0.719522
0.671944
0.628523
0.588843
0.552532
0.519258
0.488725
0.460668
0.434851
0.411062
0.389111
0.36883
0.350065
0.332679
0.31655
0.301568
0.287631
0.274652
0.262548
0.251247
0.240682
0.230793
0.221527
0.212834
0.204669
0.196992
0.189766
0.182956
0.176533
0.170468
0.164735
0.159311
0.154175
0.149306
0.144686
0.140299
0.13613
0.132164
0.128388
0.12479
0.12136
0.118086
0.114959
0.111971
0.109113
0.106378
0.103759
0.101248
0.0988406
0.0965302
0.0943117
0.09218
0.0901306
0.0881592
0.0862616
0.084434
0.0826729
0.080975
0.079337
0.077756
0.0762292
0.074754
0.0733279
0.0719485
0.0706138
0.0693214
0.0680696
0.0668564
0.06568
0.0645388
0.0634311
0.0623554
0.0613103
0.0602944
0.0593063
0.0583449
0.057409
0.0564974
0.0556091
0.0547432
0.0538989
0.0530753
0.0522719
0.0514884
0.0507246
0.0499808
0.049258
0.0485576
0.0478823
0.0472363
0.0466257
0.0460598
0.0455517
0.0451205
0.0447928
0.044606
0.961692
0.892184
0.829084
0.771727
0.719522
0.671944
0.628523
0.588843
0.552532
0.519258
0.488725
0.460668
0.434851
0.411062
0.389111
0.36883
0.350065
0.332679
0.31655
0.301568
0.287631
0.274652
0.262548
0.251246
0.240682
0.230793
0.221527
0.212834
0.204669
0.196992
0.189766
0.182956
0.176533
0.170468
0.164735
0.159311
0.154174
0.149305
0.144685
0.140299
0.136129
0.132163
0.128387
0.124789
0.121359
0.118085
0.114958
0.11197
0.109112
0.106377
0.103758
0.101247
0.0988395
0.096529
0.0943104
0.0921787
0.0901293
0.0881578
0.0862601
0.0844325
0.0826713
0.0809733
0.0793352
0.0777542
0.0762273
0.074752
0.0733258
0.0719464
0.0706116
0.0693192
0.0680673
0.066854
0.0656775
0.0645362
0.0634284
0.0623526
0.0613074
0.0602914
0.0593033
0.0583418
0.0574057
0.056494
0.0556057
0.0547397
0.0538952
0.0530715
0.052268
0.0514843
0.0507204
0.0499766
0.0492536
0.0485531
0.0478777
0.0472316
0.046621
0.046055
0.0455468
0.0451155
0.0447878
0.0446011
0.961692
0.892184
0.829084
0.771727
0.719522
0.671944
0.628523
0.588843
0.552532
0.519258
0.488725
0.460668
0.434851
0.411062
0.389111
0.36883
0.350065
0.332679
0.31655
0.301568
0.287631
0.274652
0.262548
0.251246
0.240681
0.230793
0.221527
0.212834
0.204669
0.196992
0.189765
0.182956
0.176532
0.170467
0.164734
0.15931
0.154174
0.149305
0.144685
0.140298
0.136129
0.132162
0.128386
0.124789
0.121358
0.118084
0.114958
0.111969
0.109111
0.106376
0.103757
0.101246
0.0988383
0.0965277
0.0943091
0.0921773
0.0901278
0.0881563
0.0862585
0.0844308
0.0826696
0.0809715
0.0793334
0.0777523
0.0762253
0.07475
0.0733237
0.0719442
0.0706093
0.0693168
0.0680648
0.0668514
0.0656749
0.0645335
0.0634256
0.0623497
0.0613044
0.0602883
0.0593001
0.0583385
0.0574023
0.0564905
0.055602
0.0547359
0.0538913
0.0530675
0.0522639
0.0514801
0.0507161
0.0499721
0.0492491
0.0485484
0.047873
0.0472267
0.046616
0.0460499
0.0455418
0.0451104
0.0447827
0.044596
0.961692
0.892184
0.829084
0.771727
0.719522
0.671944
0.628523
0.588843
0.552532
0.519258
0.488725
0.460668
0.434851
0.411062
0.389111
0.36883
0.350065
0.332679
0.31655
0.301567
0.287631
0.274651
0.262548
0.251246
0.240681
0.230793
0.221527
0.212834
0.204669
0.196992
0.189765
0.182955
0.176532
0.170467
0.164734
0.15931
0.154173
0.149304
0.144684
0.140297
0.136128
0.132162
0.128386
0.124788
0.121357
0.118083
0.114957
0.111968
0.10911
0.106375
0.103755
0.101245
0.098837
0.0965264
0.0943077
0.0921759
0.0901263
0.0881547
0.0862569
0.0844292
0.0826679
0.0809697
0.0793315
0.0777503
0.0762233
0.0747478
0.0733215
0.071942
0.0706069
0.0693144
0.0680623
0.0668488
0.0656722
0.0645307
0.0634227
0.0623467
0.0613013
0.0602851
0.0592968
0.0583351
0.0573988
0.0564869
0.0555983
0.0547321
0.0538873
0.0530634
0.0522597
0.0514758
0.0507116
0.0499675
0.0492443
0.0485436
0.047868
0.0472217
0.0466109
0.0460447
0.0455365
0.0451052
0.0447774
0.0445907
0.961692
0.892184
0.829084
0.771727
0.719522
0.671944
0.628523
0.588843
0.552532
0.519258
0.488725
0.460668
0.434851
0.411062
0.389111
0.36883
0.350065
0.332679
0.31655
0.301567
0.287631
0.274651
0.262547
0.251246
0.240681
0.230793
0.221526
0.212833
0.204668
0.196991
0.189765
0.182955
0.176532
0.170466
0.164733
0.159309
0.154173
0.149303
0.144684
0.140297
0.136127
0.132161
0.128385
0.124787
0.121356
0.118082
0.114956
0.111967
0.109109
0.106374
0.103754
0.101244
0.0988357
0.0965251
0.0943063
0.0921744
0.0901248
0.0881531
0.0862552
0.0844274
0.0826661
0.0809678
0.0793295
0.0777482
0.0762212
0.0747457
0.0733192
0.0719396
0.0706045
0.0693118
0.0680597
0.0668461
0.0656694
0.0645278
0.0634197
0.0623436
0.0612981
0.0602818
0.0592934
0.0583316
0.0573952
0.0564832
0.0555944
0.0547281
0.0538832
0.0530592
0.0522553
0.0514713
0.050707
0.0499628
0.0492395
0.0485387
0.047863
0.0472165
0.0466056
0.0460394
0.0455311
0.0450997
0.044772
0.0445853
0.961692
0.892184
0.829084
0.771727
0.719522
0.671944
0.628523
0.588843
0.552532
0.519258
0.488725
0.460668
0.434851
0.411062
0.389111
0.36883
0.350065
0.332679
0.31655
0.301567
0.287631
0.274651
0.262547
0.251246
0.240681
0.230792
0.221526
0.212833
0.204668
0.196991
0.189764
0.182955
0.176531
0.170466
0.164733
0.159309
0.154172
0.149303
0.144683
0.140296
0.136127
0.13216
0.128384
0.124786
0.121355
0.118081
0.114955
0.111966
0.109108
0.106373
0.103753
0.101242
0.0988344
0.0965237
0.0943048
0.0921729
0.0901232
0.0881514
0.0862535
0.0844256
0.0826642
0.0809659
0.0793275
0.0777461
0.076219
0.0747434
0.0733169
0.0719372
0.070602
0.0693092
0.068057
0.0668433
0.0656665
0.0645248
0.0634166
0.0623405
0.0612949
0.0602784
0.0592899
0.0583279
0.0573914
0.0564793
0.0555905
0.054724
0.053879
0.0530548
0.0522508
0.0514667
0.0507023
0.049958
0.0492345
0.0485336
0.0478577
0.0472112
0.0466002
0.0460339
0.0455256
0.0450942
0.0447664
0.0445797
0.961692
0.892184
0.829084
0.771727
0.719522
0.671944
0.628523
0.588843
0.552532
0.519258
0.488725
0.460668
0.434851
0.411062
0.389111
0.36883
0.350065
0.332679
0.31655
0.301567
0.287631
0.274651
0.262547
0.251246
0.240681
0.230792
0.221526
0.212833
0.204668
0.196991
0.189764
0.182954
0.176531
0.170466
0.164732
0.159308
0.154172
0.149302
0.144682
0.140295
0.136126
0.132159
0.128383
0.124785
0.121354
0.11808
0.114954
0.111965
0.109107
0.106372
0.103752
0.101241
0.098833
0.0965222
0.0943033
0.0921713
0.0901216
0.0881497
0.0862517
0.0844238
0.0826623
0.0809639
0.0793254
0.077744
0.0762167
0.0747411
0.0733145
0.0719347
0.0705994
0.0693066
0.0680542
0.0668405
0.0656635
0.0645217
0.0634135
0.0623372
0.0612915
0.0602749
0.0592863
0.0583242
0.0573876
0.0564754
0.0555864
0.0547198
0.0538747
0.0530504
0.0522462
0.051462
0.0506975
0.049953
0.0492294
0.0485284
0.0478524
0.0472058
0.0465947
0.0460283
0.04552
0.0450885
0.0447607
0.044574
0.961692
0.892184
0.829084
0.771727
0.719522
0.671944
0.628523
0.588843
0.552532
0.519258
0.488725
0.460668
0.434851
0.411062
0.389111
0.36883
0.350065
0.332679
0.31655
0.301567
0.287631
0.274651
0.262547
0.251246
0.240681
0.230792
0.221526
0.212833
0.204668
0.19699
0.189764
0.182954
0.176531
0.170465
0.164732
0.159308
0.154171
0.149302
0.144682
0.140295
0.136125
0.132159
0.128382
0.124784
0.121354
0.118079
0.114953
0.111964
0.109106
0.10637
0.103751
0.10124
0.0988316
0.0965207
0.0943018
0.0921697
0.0901199
0.088148
0.0862499
0.0844219
0.0826603
0.0809618
0.0793233
0.0777418
0.0762144
0.0747387
0.073312
0.0719321
0.0705967
0.0693038
0.0680514
0.0668375
0.0656605
0.0645186
0.0634102
0.0623339
0.061288
0.0602714
0.0592826
0.0583204
0.0573837
0.0564713
0.0555822
0.0547155
0.0538703
0.0530458
0.0522416
0.0514572
0.0506925
0.0499479
0.0492242
0.0485231
0.047847
0.0472003
0.0465891
0.0460227
0.0455142
0.0450827
0.0447549
0.0445682
0.961692
0.892184
0.829084
0.771727
0.719522
0.671944
0.628523
0.588843
0.552532
0.519258
0.488725
0.460668
0.434851
0.411062
0.389111
0.36883
0.350065
0.332679
0.31655
0.301567
0.287631
0.274651
0.262547
0.251245
0.24068
0.230792
0.221526
0.212832
0.204667
0.19699
0.189763
0.182954
0.17653
0.170465
0.164731
0.159307
0.15417
0.149301
0.144681
0.140294
0.136124
0.132158
0.128382
0.124784
0.121353
0.118078
0.114951
0.111963
0.109105
0.106369
0.103749
0.101238
0.0988301
0.0965192
0.0943002
0.0921681
0.0901182
0.0881462
0.086248
0.0844199
0.0826583
0.0809597
0.0793211
0.0777395
0.0762121
0.0747363
0.0733095
0.0719295
0.0705941
0.069301
0.0680485
0.0668346
0.0656574
0.0645154
0.0634069
0.0623305
0.0612845
0.0602678
0.0592789
0.0583166
0.0573797
0.0564672
0.055578
0.0547112
0.0538658
0.0530412
0.0522368
0.0514523
0.0506875
0.0499428
0.049219
0.0485177
0.0478415
0.0471947
0.0465834
0.0460169
0.0455084
0.0450769
0.0447491
0.0445624
0.961692
0.892184
0.829084
0.771727
0.719522
0.671944
0.628523
0.588843
0.552532
0.519258
0.488725
0.460668
0.434851
0.411062
0.389111
0.36883
0.350065
0.332679
0.31655
0.301567
0.287631
0.274651
0.262547
0.251245
0.24068
0.230792
0.221525
0.212832
0.204667
0.19699
0.189763
0.182953
0.17653
0.170464
0.164731
0.159307
0.15417
0.1493
0.14468
0.140293
0.136123
0.132157
0.128381
0.124783
0.121352
0.118077
0.11495
0.111962
0.109104
0.106368
0.103748
0.101237
0.0988287
0.0965177
0.0942986
0.0921664
0.0901164
0.0881444
0.0862461
0.084418
0.0826562
0.0809576
0.0793189
0.0777372
0.0762097
0.0747338
0.073307
0.0719269
0.0705913
0.0692982
0.0680456
0.0668315
0.0656543
0.0645122
0.0634036
0.062327
0.061281
0.0602641
0.0592751
0.0583127
0.0573757
0.0564631
0.0555737
0.0547068
0.0538613
0.0530366
0.052232
0.0514474
0.0506825
0.0499376
0.0492137
0.0485123
0.047836
0.0471891
0.0465777
0.0460111
0.0455026
0.045071
0.0447432
0.0445565
0.961692
0.892184
0.829084
0.771727
0.719522
0.671944
0.628523
0.588843
0.552532
0.519258
0.488725
0.460668
0.434851
0.411062
0.389111
0.36883
0.350065
0.332679
0.31655
0.301567
0.28763
0.274651
0.262547
0.251245
0.24068
0.230791
0.221525
0.212832
0.204667
0.196989
0.189763
0.182953
0.176529
0.170464
0.16473
0.159306
0.154169
0.1493
0.14468
0.140293
0.136123
0.132156
0.12838
0.124782
0.121351
0.118076
0.114949
0.111961
0.109102
0.106367
0.103747
0.101235
0.0988272
0.0965162
0.094297
0.0921647
0.0901147
0.0881425
0.0862442
0.084416
0.0826542
0.0809555
0.0793167
0.0777349
0.0762073
0.0747313
0.0733044
0.0719242
0.0705886
0.0692954
0.0680426
0.0668285
0.0656511
0.0645089
0.0634002
0.0623235
0.0612774
0.0602604
0.0592713
0.0583087
0.0573716
0.0564589
0.0555694
0.0547023
0.0538567
0.0530319
0.0522272
0.0514424
0.0506774
0.0499324
0.0492084
0.0485068
0.0478305
0.0471834
0.046572
0.0460053
0.0454967
0.0450651
0.0447373
0.0445507
0.961692
0.892184
0.829084
0.771727
0.719523
0.671944
0.628523
0.588843
0.552532
0.519258
0.488725
0.460668
0.434851
0.411062
0.389111
0.36883
0.350064
0.332679
0.31655
0.301567
0.28763
0.274651
0.262546
0.251245
0.24068
0.230791
0.221525
0.212831
0.204666
0.196989
0.189762
0.182952
0.176529
0.170463
0.16473
0.159306
0.154169
0.149299
0.144679
0.140292
0.136122
0.132155
0.128379
0.124781
0.12135
0.118075
0.114948
0.111959
0.109101
0.106365
0.103745
0.101234
0.0988257
0.0965146
0.0942953
0.092163
0.0901129
0.0881407
0.0862423
0.084414
0.0826521
0.0809533
0.0793144
0.0777326
0.0762049
0.0747288
0.0733018
0.0719215
0.0705858
0.0692925
0.0680396
0.0668254
0.065648
0.0645056
0.0633968
0.06232
0.0612738
0.0602567
0.0592674
0.0583048
0.0573676
0.0564547
0.0555651
0.0546979
0.0538521
0.0530272
0.0522224
0.0514375
0.0506723
0.0499272
0.049203
0.0485014
0.0478249
0.0471778
0.0465663
0.0459996
0.0454909
0.0450593
0.0447314
0.0445448
0.961692
0.892184
0.829084
0.771727
0.719523
0.671944
0.628523
0.588843
0.552532
0.519258
0.488725
0.460668
0.434851
0.411062
0.389111
0.36883
0.350064
0.332679
0.31655
0.301567
0.28763
0.27465
0.262546
0.251245
0.24068
0.230791
0.221525
0.212831
0.204666
0.196989
0.189762
0.182952
0.176528
0.170463
0.164729
0.159305
0.154168
0.149298
0.144678
0.140291
0.136121
0.132154
0.128378
0.12478
0.121349
0.118074
0.114947
0.111958
0.1091
0.106364
0.103744
0.101233
0.0988242
0.096513
0.0942937
0.0921613
0.0901111
0.0881388
0.0862404
0.0844119
0.08265
0.0809511
0.0793122
0.0777302
0.0762025
0.0747263
0.0732992
0.0719188
0.070583
0.0692896
0.0680366
0.0668223
0.0656448
0.0645023
0.0633934
0.0623165
0.0612701
0.0602529
0.0592636
0.0583008
0.0573635
0.0564505
0.0555608
0.0546934
0.0538475
0.0530225
0.0522176
0.0514325
0.0506672
0.049922
0.0491977
0.048496
0.0478194
0.0471722
0.0465606
0.0459938
0.0454851
0.0450534
0.0447256
0.044539
0.961692
0.892184
0.829084
0.771727
0.719523
0.671944
0.628523
0.588843
0.552532
0.519258
0.488725
0.460668
0.434851
0.411062
0.389111
0.36883
0.350064
0.332679
0.31655
0.301567
0.28763
0.27465
0.262546
0.251245
0.240679
0.230791
0.221524
0.212831
0.204666
0.196988
0.189761
0.182952
0.176528
0.170462
0.164729
0.159304
0.154167
0.149298
0.144678
0.14029
0.13612
0.132154
0.128377
0.124779
0.121348
0.118073
0.114946
0.111957
0.109099
0.106363
0.103742
0.101231
0.0988227
0.0965114
0.094292
0.0921595
0.0901093
0.0881369
0.0862384
0.0844099
0.0826479
0.0809489
0.0793099
0.0777279
0.0762
0.0747238
0.0732966
0.0719161
0.0705802
0.0692867
0.0680337
0.0668192
0.0656416
0.0644991
0.06339
0.062313
0.0612665
0.0602492
0.0592597
0.0582969
0.0573594
0.0564463
0.0555565
0.054689
0.053843
0.0530178
0.0522128
0.0514276
0.0506622
0.0499169
0.0491925
0.0484906
0.0478139
0.0471666
0.046555
0.0459881
0.0454794
0.0450477
0.0447198
0.0445332
0.961692
0.892184
0.829084
0.771727
0.719523
0.671944
0.628523
0.588843
0.552532
0.519258
0.488725
0.460668
0.434851
0.411062
0.389111
0.36883
0.350064
0.332679
0.31655
0.301567
0.28763
0.27465
0.262546
0.251244
0.240679
0.23079
0.221524
0.212831
0.204665
0.196988
0.189761
0.182951
0.176527
0.170462
0.164728
0.159304
0.154167
0.149297
0.144677
0.140289
0.136119
0.132153
0.128376
0.124778
0.121346
0.118072
0.114945
0.111956
0.109097
0.106361
0.103741
0.10123
0.0988212
0.0965098
0.0942904
0.0921578
0.0901075
0.0881351
0.0862365
0.0844079
0.0826458
0.0809468
0.0793077
0.0777256
0.0761976
0.0747213
0.073294
0.0719134
0.0705774
0.0692838
0.0680307
0.0668162
0.0656384
0.0644958
0.0633867
0.0623096
0.061263
0.0602455
0.0592559
0.058293
0.0573554
0.0564422
0.0555522
0.0546846
0.0538385
0.0530132
0.0522081
0.0514228
0.0506572
0.0499118
0.0491873
0.0484853
0.0478086
0.0471612
0.0465495
0.0459825
0.0454738
0.045042
0.0447142
0.0445276
0.961692
0.892184
0.829084
0.771727
0.719523
0.671944
0.628523
0.588843
0.552532
0.519258
0.488725
0.460668
0.434851
0.411062
0.389111
0.36883
0.350064
0.332679
0.316549
0.301566
0.28763
0.27465
0.262546
0.251244
0.240679
0.23079
0.221524
0.21283
0.204665
0.196988
0.189761
0.182951
0.176527
0.170461
0.164728
0.159303
0.154166
0.149296
0.144676
0.140289
0.136119
0.132152
0.128375
0.124777
0.121345
0.118071
0.114944
0.111955
0.109096
0.10636
0.10374
0.101228
0.0988197
0.0965083
0.0942888
0.0921561
0.0901057
0.0881332
0.0862346
0.0844059
0.0826437
0.0809446
0.0793054
0.0777232
0.0761952
0.0747188
0.0732914
0.0719108
0.0705747
0.069281
0.0680278
0.0668131
0.0656353
0.0644926
0.0633834
0.0623061
0.0612594
0.0602419
0.0592522
0.0582891
0.0573514
0.0564381
0.055548
0.0546803
0.0538341
0.0530087
0.0522034
0.051418
0.0506524
0.0499069
0.0491822
0.0484802
0.0478033
0.0471559
0.0465441
0.0459771
0.0454683
0.0450366
0.0447087
0.0445221
0.961692
0.892184
0.829084
0.771727
0.719523
0.671944
0.628523
0.588843
0.552532
0.519258
0.488725
0.460668
0.434851
0.411062
0.389111
0.36883
0.350064
0.332678
0.316549
0.301566
0.28763
0.27465
0.262546
0.251244
0.240679
0.23079
0.221523
0.21283
0.204665
0.196987
0.18976
0.18295
0.176526
0.170461
0.164727
0.159303
0.154165
0.149296
0.144675
0.140288
0.136118
0.132151
0.128374
0.124776
0.121344
0.11807
0.114942
0.111954
0.109095
0.106359
0.103738
0.101227
0.0988182
0.0965067
0.0942871
0.0921544
0.090104
0.0881314
0.0862327
0.0844039
0.0826417
0.0809425
0.0793032
0.077721
0.0761929
0.0747163
0.0732889
0.0719082
0.070572
0.0692782
0.0680249
0.0668102
0.0656322
0.0644894
0.0633801
0.0623028
0.061256
0.0602383
0.0592485
0.0582853
0.0573476
0.0564341
0.055544
0.0546761
0.0538298
0.0530043
0.0521989
0.0514134
0.0506477
0.049902
0.0491773
0.0484752
0.0477983
0.0471507
0.0465389
0.0459719
0.045463
0.0450313
0.0447034
0.0445168
0.961692
0.892184
0.829084
0.771727
0.719523
0.671944
0.628523
0.588843
0.552532
0.519258
0.488725
0.460668
0.434851
0.411062
0.389111
0.368829
0.350064
0.332678
0.316549
0.301566
0.28763
0.27465
0.262545
0.251244
0.240678
0.23079
0.221523
0.21283
0.204664
0.196987
0.18976
0.18295
0.176526
0.17046
0.164727
0.159302
0.154165
0.149295
0.144675
0.140287
0.136117
0.13215
0.128373
0.124775
0.121343
0.118069
0.114941
0.111952
0.109094
0.106357
0.103737
0.101225
0.0988167
0.0965052
0.0942856
0.0921528
0.0901023
0.0881296
0.0862308
0.084402
0.0826397
0.0809404
0.0793011
0.0777187
0.0761906
0.074714
0.0732864
0.0719056
0.0705693
0.0692755
0.0680221
0.0668073
0.0656293
0.0644863
0.0633769
0.0622995
0.0612526
0.0602349
0.059245
0.0582817
0.0573438
0.0564303
0.05554
0.0546721
0.0538257
0.053
0.0521946
0.051409
0.0506431
0.0498974
0.0491726
0.0484704
0.0477934
0.0471458
0.0465339
0.0459668
0.045458
0.0450262
0.0446983
0.0445117
0.961692
0.892184
0.829084
0.771727
0.719523
0.671944
0.628523
0.588843
0.552532
0.519258
0.488725
0.460668
0.434851
0.411062
0.389111
0.368829
0.350064
0.332678
0.316549
0.301566
0.287629
0.274649
0.262545
0.251244
0.240678
0.230789
0.221523
0.212829
0.204664
0.196986
0.189759
0.182949
0.176525
0.17046
0.164726
0.159301
0.154164
0.149294
0.144674
0.140286
0.136116
0.132149
0.128373
0.124774
0.121342
0.118068
0.11494
0.111951
0.109092
0.106356
0.103736
0.101224
0.0988153
0.0965037
0.094284
0.0921512
0.0901006
0.0881279
0.086229
0.0844002
0.0826377
0.0809384
0.079299
0.0777166
0.0761883
0.0747117
0.073284
0.0719032
0.0705668
0.0692729
0.0680194
0.0668045
0.0656264
0.0644834
0.0633739
0.0622964
0.0612494
0.0602316
0.0592416
0.0582782
0.0573402
0.0564266
0.0555362
0.0546682
0.0538217
0.0529959
0.0521904
0.0514047
0.0506388
0.049893
0.0491681
0.0484658
0.0477888
0.0471411
0.0465292
0.0459621
0.0454532
0.0450214
0.0446935
0.044507
0.961692
0.892184
0.829084
0.771728
0.719523
0.671944
0.628523
0.588843
0.552532
0.519258
0.488725
0.460668
0.434851
0.411062
0.389111
0.368829
0.350064
0.332678
0.316549
0.301566
0.287629
0.274649
0.262545
0.251243
0.240678
0.230789
0.221523
0.212829
0.204664
0.196986
0.189759
0.182949
0.176525
0.170459
0.164725
0.159301
0.154163
0.149294
0.144673
0.140286
0.136115
0.132148
0.128372
0.124773
0.121342
0.118067
0.114939
0.11195
0.109091
0.106355
0.103734
0.101223
0.0988139
0.0965023
0.0942825
0.0921496
0.090099
0.0881262
0.0862273
0.0843983
0.0826359
0.0809365
0.079297
0.0777145
0.0761862
0.0747094
0.0732817
0.0719008
0.0705643
0.0692703
0.0680168
0.0668018
0.0656236
0.0644805
0.0633709
0.0622934
0.0612463
0.0602284
0.0592383
0.0582748
0.0573368
0.056423
0.0555326
0.0546645
0.0538179
0.0529921
0.0521865
0.0514007
0.0506347
0.0498888
0.0491639
0.0484616
0.0477845
0.0471368
0.0465248
0.0459577
0.0454487
0.0450169
0.0446891
0.0445025
0.961692
0.892184
0.829084
0.771728
0.719523
0.671944
0.628523
0.588843
0.552532
0.519258
0.488725
0.460668
0.434851
0.411062
0.389111
0.368829
0.350064
0.332678
0.316549
0.301566
0.287629
0.274649
0.262545
0.251243
0.240678
0.230789
0.221522
0.212829
0.204663
0.196986
0.189759
0.182948
0.176524
0.170459
0.164725
0.1593
0.154163
0.149293
0.144673
0.140285
0.136115
0.132148
0.128371
0.124772
0.121341
0.118066
0.114938
0.111949
0.10909
0.106354
0.103733
0.101221
0.0988126
0.0965009
0.0942811
0.0921482
0.0900974
0.0881246
0.0862256
0.0843966
0.0826341
0.0809346
0.0792951
0.0777125
0.0761841
0.0747073
0.0732795
0.0718985
0.070562
0.0692679
0.0680143
0.0667992
0.065621
0.0644778
0.0633682
0.0622905
0.0612434
0.0602254
0.0592352
0.0582717
0.0573335
0.0564197
0.0555292
0.054661
0.0538144
0.0529885
0.0521828
0.051397
0.0506309
0.049885
0.04916
0.0484576
0.0477805
0.0471327
0.0465207
0.0459536
0.0454446
0.0450128
0.044685
0.0444984
0.961692
0.892185
0.829084
0.771728
0.719523
0.671944
0.628523
0.588843
0.552532
0.519258
0.488725
0.460668
0.434851
0.411062
0.389111
0.368829
0.350064
0.332678
0.316549
0.301566
0.287629
0.274649
0.262545
0.251243
0.240678
0.230789
0.221522
0.212828
0.204663
0.196985
0.189758
0.182948
0.176524
0.170458
0.164724
0.1593
0.154162
0.149292
0.144672
0.140284
0.136114
0.132147
0.12837
0.124771
0.12134
0.118065
0.114937
0.111948
0.109089
0.106353
0.103732
0.10122
0.0988114
0.0964996
0.0942798
0.0921467
0.090096
0.0881231
0.086224
0.084395
0.0826324
0.0809329
0.0792933
0.0777107
0.0761822
0.0747053
0.0732775
0.0718964
0.0705598
0.0692657
0.068012
0.0667969
0.0656185
0.0644753
0.0633656
0.0622878
0.0612406
0.0602226
0.0592324
0.0582687
0.0573306
0.0564167
0.0555261
0.0546579
0.0538111
0.0529852
0.0521794
0.0513936
0.0506275
0.0498815
0.0491565
0.048454
0.0477769
0.0471291
0.0465171
0.0459499
0.045441
0.0450092
0.0446813
0.0444948
0.961692
0.892185
0.829084
0.771728
0.719523
0.671944
0.628523
0.588843
0.552532
0.519258
0.488725
0.460668
0.434851
0.411061
0.389111
0.368829
0.350064
0.332678
0.316549
0.301566
0.287629
0.274649
0.262545
0.251243
0.240677
0.230788
0.221522
0.212828
0.204663
0.196985
0.189758
0.182948
0.176524
0.170458
0.164724
0.159299
0.154162
0.149292
0.144671
0.140284
0.136113
0.132146
0.128369
0.124771
0.121339
0.118064
0.114936
0.111947
0.109088
0.106352
0.103731
0.101219
0.0988102
0.0964984
0.0942785
0.0921454
0.0900946
0.0881217
0.0862226
0.0843935
0.0826308
0.0809312
0.0792916
0.0777089
0.0761804
0.0747035
0.0732756
0.0718944
0.0705578
0.0692636
0.0680098
0.0667947
0.0656163
0.064473
0.0633632
0.0622854
0.0612381
0.06022
0.0592298
0.0582661
0.0573278
0.0564139
0.0555233
0.054655
0.0538082
0.0529822
0.0521764
0.0513905
0.0506244
0.0498784
0.0491533
0.0484509
0.0477737
0.0471259
0.0465139
0.0459467
0.0454378
0.045006
0.0446781
0.0444916
0.961692
0.892185
0.829084
0.771728
0.719523
0.671944
0.628523
0.588843
0.552532
0.519258
0.488725
0.460668
0.434851
0.411061
0.389111
0.368829
0.350064
0.332678
0.316549
0.301565
0.287629
0.274649
0.262544
0.251243
0.240677
0.230788
0.221522
0.212828
0.204662
0.196985
0.189758
0.182947
0.176523
0.170457
0.164724
0.159299
0.154161
0.149291
0.144671
0.140283
0.136113
0.132146
0.128369
0.12477
0.121338
0.118063
0.114936
0.111946
0.109087
0.106351
0.10373
0.101218
0.0988091
0.0964973
0.0942773
0.0921442
0.0900934
0.0881204
0.0862212
0.0843921
0.0826294
0.0809297
0.0792901
0.0777073
0.0761788
0.0747018
0.0732738
0.0718926
0.070556
0.0692617
0.0680079
0.0667927
0.0656142
0.0644709
0.0633611
0.0622832
0.0612359
0.0602178
0.0592274
0.0582637
0.0573254
0.0564115
0.0555208
0.0546525
0.0538056
0.0529796
0.0521738
0.0513879
0.0506217
0.0498757
0.0491507
0.0484482
0.047771
0.0471232
0.0465112
0.0459441
0.0454351
0.0450033
0.0446755
0.044489
0.961692
0.892185
0.829085
0.771728
0.719523
0.671944
0.628523
0.588843
0.552532
0.519258
0.488725
0.460668
0.434851
0.411061
0.389111
0.368829
0.350064
0.332678
0.316549
0.301565
0.287629
0.274649
0.262544
0.251242
0.240677
0.230788
0.221521
0.212828
0.204662
0.196984
0.189757
0.182947
0.176523
0.170457
0.164723
0.159298
0.154161
0.149291
0.14467
0.140283
0.136112
0.132145
0.128368
0.124769
0.121337
0.118062
0.114935
0.111945
0.109086
0.10635
0.103729
0.101217
0.0988081
0.0964963
0.0942763
0.0921431
0.0900922
0.0881192
0.08622
0.0843908
0.0826281
0.0809284
0.0792887
0.0777059
0.0761773
0.0747003
0.0732723
0.0718911
0.0705543
0.06926
0.0680062
0.0667909
0.0656125
0.0644691
0.0633592
0.0622813
0.061234
0.0602158
0.0592254
0.0582617
0.0573234
0.0564094
0.0555187
0.0546503
0.0538035
0.0529775
0.0521716
0.0513857
0.0506196
0.0498735
0.0491485
0.048446
0.0477689
0.0471211
0.0465091
0.045942
0.0454331
0.0450013
0.0446734
0.044487
0.961692
0.892185
0.829085
0.771728
0.719523
0.671944
0.628523
0.588843
0.552532
0.519258
0.488725
0.460668
0.43485
0.411061
0.389111
0.368829
0.350064
0.332678
0.316548
0.301565
0.287628
0.274648
0.262544
0.251242
0.240677
0.230788
0.221521
0.212827
0.204662
0.196984
0.189757
0.182947
0.176523
0.170456
0.164723
0.159298
0.15416
0.14929
0.14467
0.140282
0.136112
0.132144
0.128367
0.124769
0.121337
0.118062
0.114934
0.111945
0.109086
0.106349
0.103728
0.101216
0.0988073
0.0964954
0.0942753
0.0921422
0.0900912
0.0881182
0.086219
0.0843897
0.082627
0.0809273
0.0792875
0.0777047
0.0761761
0.074699
0.073271
0.0718897
0.070553
0.0692586
0.0680048
0.0667895
0.065611
0.0644676
0.0633577
0.0622798
0.0612324
0.0602142
0.0592238
0.05826
0.0573217
0.0564077
0.055517
0.0546487
0.0538018
0.0529758
0.05217
0.051384
0.0506179
0.0498719
0.0491469
0.0484445
0.0477673
0.0471196
0.0465076
0.0459405
0.0454316
0.0449999
0.0446721
0.0444856
0.961692
0.892185
0.829085
0.771728
0.719523
0.671944
0.628523
0.588843
0.552532
0.519258
0.488725
0.460668
0.43485
0.411061
0.389111
0.368829
0.350063
0.332678
0.316548
0.301565
0.287628
0.274648
0.262544
0.251242
0.240677
0.230788
0.221521
0.212827
0.204662
0.196984
0.189757
0.182946
0.176522
0.170456
0.164722
0.159298
0.15416
0.14929
0.144669
0.140282
0.136111
0.132144
0.128367
0.124768
0.121336
0.118061
0.114933
0.111944
0.109085
0.106349
0.103728
0.101216
0.0988066
0.0964946
0.0942746
0.0921414
0.0900904
0.0881173
0.0862181
0.0843888
0.082626
0.0809263
0.0792865
0.0777037
0.076175
0.074698
0.0732699
0.0718886
0.0705518
0.0692575
0.0680036
0.0667883
0.0656098
0.0644664
0.0633565
0.0622785
0.0612312
0.0602129
0.0592226
0.0582588
0.0573205
0.0564065
0.0555158
0.0546475
0.0538006
0.0529746
0.0521688
0.051383
0.0506169
0.0498709
0.0491459
0.0484436
0.0477665
0.0471188
0.0465069
0.0459398
0.0454309
0.0449992
0.0446714
0.0444849
0.961692
0.892185
0.829085
0.771728
0.719523
0.671944
0.628523
0.588843
0.552532
0.519258
0.488725
0.460668
0.43485
0.411061
0.389111
0.368829
0.350063
0.332678
0.316548
0.301565
0.287628
0.274648
0.262544
0.251242
0.240676
0.230787
0.221521
0.212827
0.204662
0.196984
0.189756
0.182946
0.176522
0.170456
0.164722
0.159297
0.15416
0.14929
0.144669
0.140281
0.136111
0.132144
0.128367
0.124768
0.121336
0.118061
0.114933
0.111944
0.109085
0.106348
0.103727
0.101215
0.098806
0.096494
0.094274
0.0921407
0.0900898
0.0881167
0.0862174
0.0843881
0.0826253
0.0809256
0.0792858
0.0777029
0.0761743
0.0746972
0.0732691
0.0718878
0.070551
0.0692567
0.0680028
0.0667875
0.0656089
0.0644655
0.0633556
0.0622777
0.0612303
0.0602121
0.0592218
0.058258
0.0573197
0.0564057
0.0555151
0.0546468
0.0538
0.052974
0.0521683
0.0513825
0.0506165
0.0498706
0.0491457
0.0484434
0.0477663
0.0471187
0.0465068
0.0459398
0.045431
0.0449993
0.0446715
0.0444851
0.961692
0.892185
0.829085
0.771728
0.719523
0.671944
0.628523
0.588843
0.552532
0.519258
0.488725
0.460668
0.43485
0.411061
0.389111
0.368829
0.350063
0.332677
0.316548
0.301565
0.287628
0.274648
0.262544
0.251242
0.240676
0.230787
0.221521
0.212827
0.204661
0.196984
0.189756
0.182946
0.176522
0.170456
0.164722
0.159297
0.154159
0.149289
0.144669
0.140281
0.13611
0.132143
0.128366
0.124767
0.121336
0.11806
0.114933
0.111943
0.109084
0.106348
0.103727
0.101215
0.0988056
0.0964936
0.0942735
0.0921403
0.0900893
0.0881162
0.0862169
0.0843877
0.0826248
0.0809251
0.0792853
0.0777024
0.0761738
0.0746967
0.0732686
0.0718873
0.0705505
0.0692562
0.0680023
0.066787
0.0656085
0.0644651
0.0633552
0.0622773
0.0612299
0.0602118
0.0592214
0.0582577
0.0573195
0.0564055
0.0555149
0.0546467
0.0538
0.0529741
0.0521684
0.0513827
0.0506167
0.0498709
0.0491461
0.0484439
0.047767
0.0471195
0.0465076
0.0459407
0.0454319
0.0450002
0.0446725
0.044486
0.961692
0.892185
0.829085
0.771728
0.719523
0.671944
0.628523
0.588843
0.552532
0.519258
0.488725
0.460668
0.43485
0.411061
0.389111
0.368829
0.350063
0.332677
0.316548
0.301565
0.287628
0.274648
0.262544
0.251242
0.240676
0.230787
0.22152
0.212827
0.204661
0.196983
0.189756
0.182946
0.176522
0.170456
0.164722
0.159297
0.154159
0.149289
0.144669
0.140281
0.13611
0.132143
0.128366
0.124767
0.121335
0.11806
0.114932
0.111943
0.109084
0.106347
0.103726
0.101214
0.0988053
0.0964934
0.0942733
0.0921401
0.0900891
0.088116
0.0862167
0.0843874
0.0826246
0.0809249
0.0792851
0.0777022
0.0761736
0.0746965
0.0732685
0.0718872
0.0705504
0.0692561
0.0680022
0.0667869
0.0656084
0.0644651
0.0633552
0.0622774
0.06123
0.0602119
0.0592216
0.058258
0.0573198
0.0564059
0.0555154
0.0546473
0.0538006
0.0529748
0.0521693
0.0513836
0.0506178
0.0498721
0.0491474
0.0484453
0.0477684
0.047121
0.0465093
0.0459425
0.0454337
0.0450021
0.0446743
0.0444879
0.961692
0.892185
0.829085
0.771728
0.719523
0.671944
0.628523
0.588843
0.552532
0.519258
0.488725
0.460668
0.43485
0.411061
0.389111
0.368829
0.350063
0.332677
0.316548
0.301565
0.287628
0.274648
0.262544
0.251242
0.240676
0.230787
0.22152
0.212827
0.204661
0.196983
0.189756
0.182946
0.176522
0.170455
0.164722
0.159297
0.154159
0.149289
0.144669
0.140281
0.13611
0.132143
0.128366
0.124767
0.121335
0.11806
0.114932
0.111943
0.109084
0.106347
0.103726
0.101214
0.0988053
0.0964934
0.0942733
0.0921401
0.0900891
0.088116
0.0862167
0.0843875
0.0826247
0.080925
0.0792852
0.0777024
0.0761737
0.0746966
0.0732686
0.0718874
0.0705506
0.0692563
0.0680025
0.0667873
0.0656088
0.0644655
0.0633557
0.0622779
0.0612307
0.0602126
0.0592224
0.0582588
0.0573207
0.056407
0.0555165
0.0546485
0.053802
0.0529763
0.0521709
0.0513853
0.0506196
0.0498741
0.0491495
0.0484475
0.0477708
0.0471236
0.0465119
0.0459452
0.0454365
0.0450049
0.0446771
0.0444908
0.961692
0.892185
0.829084
0.771728
0.719523
0.671944
0.628523
0.588843
0.552532
0.519258
0.488724
0.460667
0.43485
0.411061
0.389111
0.368829
0.350063
0.332677
0.316548
0.301565
0.287628
0.274648
0.262544
0.251242
0.240676
0.230787
0.22152
0.212827
0.204661
0.196983
0.189756
0.182946
0.176522
0.170456
0.164722
0.159297
0.154159
0.149289
0.144669
0.140281
0.13611
0.132143
0.128366
0.124767
0.121335
0.11806
0.114933
0.111943
0.109084
0.106347
0.103727
0.101215
0.0988055
0.0964936
0.0942735
0.0921403
0.0900894
0.0881163
0.0862171
0.0843878
0.0826251
0.0809254
0.0792856
0.0777028
0.0761742
0.0746972
0.0732693
0.071888
0.0705514
0.0692571
0.0680033
0.0667881
0.0656098
0.0644665
0.0633568
0.0622791
0.0612319
0.060214
0.0592239
0.0582604
0.0573224
0.0564088
0.0555185
0.0546505
0.0538042
0.0529786
0.0521734
0.051388
0.0506225
0.0498771
0.0491527
0.0484509
0.0477743
0.0471272
0.0465157
0.045949
0.0454404
0.0450089
0.0446812
0.0444949
0.961692
0.892185
0.829084
0.771728
0.719523
0.671944
0.628523
0.588843
0.552532
0.519258
0.488724
0.460667
0.43485
0.411061
0.389111
0.368829
0.350063
0.332677
0.316548
0.301565
0.287628
0.274648
0.262544
0.251242
0.240676
0.230787
0.22152
0.212827
0.204661
0.196983
0.189756
0.182946
0.176522
0.170456
0.164722
0.159297
0.154159
0.149289
0.144669
0.140281
0.136111
0.132143
0.128366
0.124767
0.121336
0.118061
0.114933
0.111944
0.109084
0.106348
0.103727
0.101215
0.098806
0.0964941
0.0942741
0.0921409
0.09009
0.088117
0.0862178
0.0843886
0.0826259
0.0809262
0.0792865
0.0777038
0.0761752
0.0746983
0.0732704
0.0718892
0.0705526
0.0692584
0.0680047
0.0667896
0.0656113
0.0644682
0.0633586
0.062281
0.0612339
0.0602161
0.0592261
0.0582628
0.0573249
0.0564114
0.0555213
0.0546536
0.0538074
0.052982
0.052177
0.0513918
0.0506265
0.0498813
0.0491571
0.0484555
0.0477792
0.0471322
0.0465208
0.0459543
0.0454458
0.0450143
0.0446867
0.0445004
)
;

boundaryField
{
    inlet
    {
        type            fixedValue;
        value           uniform 1;
    }
    outlet
    {
        type            inletOutlet;
        inletValue      uniform 1;
        value           nonuniform List<scalar> 
100
(
0.0444436
0.0444442
0.0444453
0.044447
0.0444492
0.044452
0.0444552
0.0444588
0.0444629
0.0444673
0.0444721
0.0444773
0.0444827
0.0444883
0.0444942
0.0445003
0.0445065
0.0445128
0.0445193
0.0445257
0.0445323
0.0445388
0.0445453
0.0445517
0.0445581
0.0445644
0.0445706
0.0445766
0.0445826
0.0445883
0.0445939
0.0445992
0.0446044
0.0446093
0.044614
0.0446185
0.0446227
0.0446266
0.0446303
0.0446337
0.0446368
0.0446396
0.0446421
0.0446443
0.0446462
0.0446478
0.0446491
0.04465
0.0446507
0.044651
0.044651
0.0446507
0.0446501
0.0446492
0.044648
0.0446464
0.0446446
0.0446425
0.04464
0.0446373
0.0446343
0.044631
0.0446274
0.0446236
0.0446196
0.0446153
0.0446108
0.044606
0.0446011
0.044596
0.0445907
0.0445853
0.0445797
0.044574
0.0445682
0.0445624
0.0445565
0.0445507
0.0445448
0.044539
0.0445332
0.0445276
0.0445221
0.0445168
0.0445117
0.044507
0.0445025
0.0444984
0.0444948
0.0444916
0.044489
0.044487
0.0444856
0.0444849
0.0444851
0.044486
0.0444879
0.0444908
0.0444949
0.0445004
)
;
    }
    ground
    {
        type            empty;
    }
    top
    {
        type            empty;
    }
    front
    {
        type            inletOutlet;
        inletValue      uniform 1;
        value           nonuniform List<scalar> 
100
(
0.961692
0.892185
0.829085
0.771728
0.719523
0.671944
0.628523
0.588843
0.552532
0.519258
0.488725
0.460668
0.43485
0.411061
0.389111
0.368829
0.350063
0.332677
0.316548
0.301565
0.287628
0.274648
0.262544
0.251242
0.240676
0.230787
0.22152
0.212827
0.204661
0.196983
0.189756
0.182946
0.176521
0.170455
0.164722
0.159297
0.154159
0.149289
0.144668
0.14028
0.13611
0.132142
0.128365
0.124766
0.121334
0.118059
0.114931
0.111942
0.109083
0.106346
0.103725
0.101213
0.0988034
0.0964912
0.094271
0.0921375
0.0900863
0.088113
0.0862135
0.084384
0.0826208
0.0809208
0.0792807
0.0776975
0.0761684
0.0746909
0.0732624
0.0718807
0.0705434
0.0692485
0.067994
0.066778
0.0655988
0.0644547
0.063344
0.0622652
0.0612169
0.0601977
0.0592063
0.0582414
0.0573019
0.0563866
0.0554946
0.0546248
0.0537765
0.0529489
0.0521415
0.0513539
0.0505861
0.0498385
0.0491118
0.0484078
0.0477292
0.0470802
0.0464672
0.0458992
0.0453898
0.0449577
0.0446299
0.0444436
)
;
    }
    back
    {
        type            inletOutlet;
        inletValue      uniform 1;
        value           nonuniform List<scalar> 
100
(
0.961692
0.892185
0.829084
0.771728
0.719523
0.671944
0.628523
0.588843
0.552532
0.519258
0.488724
0.460667
0.43485
0.411061
0.389111
0.368829
0.350063
0.332677
0.316548
0.301565
0.287628
0.274648
0.262544
0.251242
0.240676
0.230787
0.22152
0.212827
0.204661
0.196983
0.189756
0.182946
0.176522
0.170456
0.164722
0.159297
0.154159
0.149289
0.144669
0.140281
0.136111
0.132143
0.128366
0.124767
0.121336
0.118061
0.114933
0.111944
0.109084
0.106348
0.103727
0.101215
0.098806
0.0964941
0.0942741
0.0921409
0.09009
0.088117
0.0862178
0.0843886
0.0826259
0.0809262
0.0792865
0.0777038
0.0761752
0.0746983
0.0732704
0.0718892
0.0705526
0.0692584
0.0680047
0.0667896
0.0656113
0.0644682
0.0633586
0.062281
0.0612339
0.0602161
0.0592261
0.0582628
0.0573249
0.0564114
0.0555213
0.0546536
0.0538074
0.052982
0.052177
0.0513918
0.0506265
0.0498813
0.0491571
0.0484555
0.0477792
0.0471322
0.0465208
0.0459543
0.0454458
0.0450143
0.0446867
0.0445004
)
;
    }
}


// ************************************************************************* //
