/*--------------------------------*- C++ -*----------------------------------*\
  =========                 |
  \\      /  F ield         | OpenFOAM: The Open Source CFD Toolbox
   \\    /   O peration     | Website:  https://openfoam.org
    \\  /    A nd           | Version:  11
     \\/     M anipulation  |
\*---------------------------------------------------------------------------*/
FoamFile
{
    format      ascii;
    class       volScalarField;
    location    "434";
    object      omega;
}
// * * * * * * * * * * * * * * * * * * * * * * * * * * * * * * * * * * * * * //

dimensions      [0 0 -1 0 0 0 0];

internalField   nonuniform List<scalar> 
10000
(
0.961693
0.892186
0.829086
0.771729
0.719524
0.671944
0.628521
0.588839
0.552525
0.519247
0.48871
0.460648
0.434825
0.41103
0.389073
0.368784
0.35001
0.332616
0.316478
0.301484
0.287537
0.274546
0.262429
0.251115
0.240536
0.230632
0.221351
0.212641
0.204459
0.196763
0.189517
0.182688
0.176243
0.170155
0.164399
0.15895
0.153787
0.148891
0.144242
0.139825
0.135623
0.131623
0.127812
0.124176
0.120706
0.11739
0.114218
0.111183
0.108274
0.105485
0.102808
0.100236
0.0977628
0.0953822
0.0930885
0.0908763
0.0887406
0.0866765
0.0846796
0.0827456
0.0808704
0.0790503
0.0772817
0.0755614
0.0738861
0.0722532
0.07066
0.0691044
0.0675843
0.0660982
0.0646445
0.0632224
0.0618313
0.0604706
0.0591406
0.0578414
0.0565736
0.0553381
0.0541358
0.052968
0.051836
0.0507414
0.0496855
0.0486697
0.0476955
0.046764
0.0458764
0.0450338
0.0442375
0.0434887
0.0427888
0.0421393
0.041542
0.0409994
0.0405144
0.0400909
0.039734
0.0394504
0.0392489
0.0391409
0.961693
0.892186
0.829086
0.771729
0.719524
0.671944
0.628521
0.588839
0.552525
0.519247
0.48871
0.460648
0.434825
0.41103
0.389073
0.368784
0.350011
0.332616
0.316478
0.301485
0.287537
0.274546
0.26243
0.251115
0.240536
0.230633
0.221351
0.212641
0.204459
0.196764
0.189518
0.182688
0.176243
0.170156
0.164399
0.15895
0.153788
0.148891
0.144243
0.139825
0.135624
0.131624
0.127812
0.124177
0.120707
0.11739
0.114219
0.111183
0.108275
0.105486
0.102809
0.100237
0.0977638
0.0953833
0.0930896
0.0908775
0.0887419
0.0866779
0.0846811
0.0827472
0.0808722
0.0790522
0.0772837
0.0755635
0.0738884
0.0722556
0.0706627
0.0691072
0.0675873
0.0661013
0.0646478
0.0632259
0.0618349
0.0604744
0.0591445
0.0578454
0.0565777
0.0553423
0.0541401
0.0529725
0.0518406
0.050746
0.0496901
0.0486743
0.0476999
0.0467682
0.0458803
0.0450376
0.0442412
0.0434922
0.0427921
0.0421424
0.041545
0.0410022
0.0405171
0.0400934
0.0397365
0.0394528
0.0392512
0.0391432
0.961693
0.892186
0.829086
0.771729
0.719524
0.671944
0.628522
0.588839
0.552525
0.519247
0.48871
0.460648
0.434826
0.411031
0.389074
0.368785
0.350011
0.332617
0.316478
0.301485
0.287538
0.274546
0.26243
0.251115
0.240537
0.230633
0.221352
0.212642
0.20446
0.196764
0.189518
0.182689
0.176244
0.170156
0.1644
0.158951
0.153788
0.148892
0.144244
0.139826
0.135625
0.131625
0.127813
0.124178
0.120708
0.117392
0.11422
0.111185
0.108276
0.105487
0.10281
0.100239
0.0977655
0.0953851
0.0930915
0.0908796
0.0887441
0.0866803
0.0846836
0.0827499
0.080875
0.0790552
0.077287
0.075567
0.0738921
0.0722596
0.0706669
0.0691117
0.0675921
0.0661064
0.0646532
0.0632316
0.0618408
0.0604806
0.059151
0.0578521
0.0565846
0.0553494
0.0541474
0.0529799
0.0518482
0.0507536
0.0496977
0.0486818
0.0477073
0.0467754
0.0458874
0.0450444
0.0442477
0.0434985
0.0427982
0.0421482
0.0415505
0.0410075
0.0405221
0.0400983
0.0397411
0.0394573
0.0392556
0.0391475
0.961693
0.892186
0.829087
0.77173
0.719524
0.671944
0.628522
0.58884
0.552526
0.519248
0.488711
0.460649
0.434826
0.411031
0.389074
0.368785
0.350012
0.332617
0.316479
0.301486
0.287539
0.274547
0.262431
0.251116
0.240537
0.230634
0.221352
0.212643
0.204461
0.196765
0.189519
0.18269
0.176245
0.170157
0.164401
0.158952
0.15379
0.148893
0.144245
0.139828
0.135626
0.131626
0.127815
0.12418
0.120709
0.117393
0.114222
0.111187
0.108278
0.105489
0.102813
0.100241
0.0977679
0.0953876
0.0930942
0.0908824
0.0887471
0.0866835
0.0846871
0.0827536
0.080879
0.0790595
0.0772915
0.0755718
0.0738973
0.0722651
0.0706728
0.069118
0.0675988
0.0661135
0.0646607
0.0632395
0.0618492
0.0604894
0.05916
0.0578615
0.0565944
0.0553594
0.0541577
0.0529903
0.0518587
0.0507643
0.0497084
0.0486924
0.0477177
0.0467856
0.0458974
0.0450541
0.0442571
0.0435076
0.0428068
0.0421565
0.0415585
0.0410152
0.0405295
0.0401054
0.0397479
0.0394639
0.0392621
0.0391539
0.961693
0.892186
0.829087
0.77173
0.719524
0.671945
0.628522
0.58884
0.552526
0.519248
0.488711
0.46065
0.434827
0.411032
0.389075
0.368786
0.350013
0.332618
0.31648
0.301487
0.287539
0.274548
0.262432
0.251117
0.240538
0.230635
0.221353
0.212644
0.204462
0.196766
0.189521
0.182691
0.176246
0.170159
0.164402
0.158954
0.153791
0.148895
0.144246
0.139829
0.135628
0.131628
0.127817
0.124182
0.120711
0.117395
0.114224
0.111189
0.108281
0.105492
0.102815
0.100244
0.097771
0.0953909
0.0930977
0.0908861
0.0887511
0.0866877
0.0846916
0.0827583
0.0808841
0.0790649
0.0772973
0.075578
0.073904
0.0722723
0.0706804
0.0691261
0.0676074
0.0661226
0.0646704
0.0632497
0.0618599
0.0605005
0.0591717
0.0578736
0.0566068
0.0553722
0.0541707
0.0530036
0.0518721
0.0507778
0.0497218
0.0487058
0.0477309
0.0467986
0.0459101
0.0450665
0.0442691
0.0435191
0.042818
0.0421673
0.0415688
0.041025
0.040539
0.0401145
0.0397568
0.0394725
0.0392705
0.0391622
0.961693
0.892186
0.829087
0.77173
0.719525
0.671945
0.628523
0.58884
0.552527
0.519249
0.488712
0.46065
0.434828
0.411033
0.389076
0.368787
0.350014
0.332619
0.316481
0.301488
0.28754
0.274549
0.262433
0.251118
0.24054
0.230636
0.221355
0.212645
0.204463
0.196768
0.189522
0.182692
0.176248
0.17016
0.164404
0.158955
0.153793
0.148897
0.144248
0.139831
0.13563
0.13163
0.127819
0.124184
0.120714
0.117398
0.114227
0.111192
0.108284
0.105495
0.102819
0.100247
0.0977748
0.0953949
0.093102
0.0908906
0.0887558
0.0866928
0.084697
0.0827641
0.0808903
0.0790715
0.0773044
0.0755856
0.073912
0.0722809
0.0706896
0.0691359
0.0676178
0.0661336
0.064682
0.0632619
0.0618727
0.0605139
0.0591856
0.057888
0.0566217
0.0553875
0.0541863
0.0530195
0.0518882
0.0507939
0.049738
0.0487218
0.0477468
0.0468142
0.0459253
0.0450814
0.0442835
0.0435331
0.0428315
0.0421802
0.0415813
0.041037
0.0405505
0.0401256
0.0397675
0.0394829
0.0392807
0.0391722
0.961693
0.892186
0.829087
0.77173
0.719525
0.671945
0.628523
0.588841
0.552527
0.51925
0.488713
0.460651
0.434829
0.411034
0.389077
0.368788
0.350015
0.33262
0.316482
0.301489
0.287542
0.27455
0.262434
0.25112
0.240541
0.230638
0.221356
0.212647
0.204465
0.196769
0.189524
0.182694
0.17625
0.170162
0.164406
0.158957
0.153795
0.148899
0.144251
0.139834
0.135633
0.131633
0.127822
0.124187
0.120717
0.117401
0.11423
0.111195
0.108287
0.105499
0.102823
0.100252
0.0977792
0.0953996
0.0931069
0.0908959
0.0887614
0.0866988
0.0847033
0.0827709
0.0808975
0.0790792
0.0773126
0.0755944
0.0739214
0.0722908
0.0707002
0.0691472
0.0676298
0.0661463
0.0646954
0.063276
0.0618875
0.0605294
0.0592017
0.0579047
0.0566389
0.0554051
0.0542043
0.0530378
0.0519067
0.0508125
0.0497566
0.0487403
0.0477651
0.0468322
0.0459429
0.0450985
0.0443002
0.0435492
0.0428471
0.0421952
0.0415957
0.0410509
0.0405638
0.0401385
0.0397799
0.039495
0.0392925
0.0391838
0.961693
0.892186
0.829087
0.77173
0.719525
0.671945
0.628523
0.588841
0.552528
0.51925
0.488713
0.460652
0.434829
0.411035
0.389078
0.368789
0.350016
0.332621
0.316483
0.30149
0.287543
0.274552
0.262436
0.251121
0.240543
0.230639
0.221358
0.212648
0.204467
0.196771
0.189526
0.182696
0.176252
0.170164
0.164408
0.15896
0.153797
0.148901
0.144253
0.139836
0.135635
0.131636
0.127825
0.12419
0.12072
0.117405
0.114234
0.111199
0.108291
0.105503
0.102827
0.100256
0.0977843
0.0954049
0.0931126
0.0909019
0.0887678
0.0867055
0.0847105
0.0827786
0.0809056
0.0790879
0.0773219
0.0756043
0.0739319
0.0723021
0.0707122
0.0691599
0.0676432
0.0661606
0.0647105
0.0632919
0.0619041
0.0605468
0.0592198
0.0579234
0.0566582
0.0554249
0.0542245
0.0530583
0.0519274
0.0508333
0.0497773
0.048761
0.0477855
0.0468523
0.0459626
0.0451178
0.0443189
0.0435674
0.0428646
0.0422121
0.041612
0.0410666
0.0405789
0.040153
0.039794
0.0395087
0.0393058
0.039197
0.961693
0.892186
0.829087
0.77173
0.719525
0.671946
0.628524
0.588842
0.552528
0.519251
0.488714
0.460652
0.43483
0.411035
0.389079
0.36879
0.350017
0.332623
0.316484
0.301492
0.287544
0.274553
0.262437
0.251123
0.240544
0.230641
0.22136
0.21265
0.204468
0.196773
0.189528
0.182698
0.176254
0.170167
0.164411
0.158962
0.1538
0.148904
0.144256
0.139839
0.135639
0.131639
0.127828
0.124194
0.120724
0.117409
0.114238
0.111203
0.108296
0.105508
0.102832
0.100262
0.0977898
0.0954108
0.0931188
0.0909085
0.0887748
0.086713
0.0847185
0.082787
0.0809146
0.0790975
0.0773322
0.0756152
0.0739436
0.0723145
0.0707254
0.0691739
0.0676581
0.0661763
0.064727
0.0633093
0.0619224
0.0605658
0.0592396
0.0579439
0.0566793
0.0554466
0.0542467
0.0530807
0.0519501
0.0508561
0.0498001
0.0487836
0.0478079
0.0468744
0.0459843
0.0451389
0.0443395
0.0435873
0.0428839
0.0422307
0.0416299
0.0410838
0.0405955
0.040169
0.0398095
0.0395238
0.0393206
0.0392115
0.961693
0.892186
0.829087
0.77173
0.719525
0.671946
0.628524
0.588842
0.552528
0.519251
0.488714
0.460653
0.434831
0.411036
0.38908
0.368791
0.350018
0.332624
0.316486
0.301493
0.287546
0.274555
0.262439
0.251125
0.240546
0.230643
0.221362
0.212652
0.204471
0.196775
0.18953
0.182701
0.176256
0.170169
0.164413
0.158965
0.153803
0.148907
0.144259
0.139843
0.135642
0.131643
0.127832
0.124198
0.120728
0.117413
0.114243
0.111208
0.108301
0.105513
0.102838
0.100267
0.0977959
0.0954172
0.0931256
0.0909157
0.0887825
0.0867211
0.0847271
0.0827963
0.0809245
0.079108
0.0773433
0.0756271
0.0739562
0.072328
0.0707397
0.0691891
0.0676742
0.0661933
0.064745
0.0633282
0.0619421
0.0605864
0.059261
0.0579661
0.0567022
0.05547
0.0542705
0.053105
0.0519746
0.0508807
0.0498247
0.0488081
0.0478321
0.0468982
0.0460077
0.0451617
0.0443617
0.0436089
0.0429047
0.0422509
0.0416493
0.0411025
0.0406136
0.0401864
0.0398264
0.0395401
0.0393366
0.0392273
0.961693
0.892186
0.829087
0.77173
0.719525
0.671946
0.628524
0.588842
0.552529
0.519252
0.488715
0.460654
0.434832
0.411037
0.389081
0.368792
0.350019
0.332625
0.316487
0.301494
0.287547
0.274556
0.26244
0.251126
0.240548
0.230645
0.221364
0.212654
0.204473
0.196778
0.189532
0.182703
0.176259
0.170172
0.164416
0.158968
0.153806
0.14891
0.144263
0.139846
0.135646
0.131647
0.127836
0.124202
0.120732
0.117417
0.114247
0.111213
0.108306
0.105519
0.102844
0.100274
0.0978025
0.0954242
0.093133
0.0909235
0.0887908
0.0867299
0.0847365
0.0828062
0.080935
0.0791192
0.0773553
0.0756398
0.0739698
0.0723424
0.070755
0.0692053
0.0676914
0.0662115
0.0647641
0.0633483
0.0619632
0.0606084
0.0592838
0.0579897
0.0567265
0.0554949
0.054296
0.0531308
0.0520006
0.0509068
0.0498509
0.0488341
0.0478579
0.0469236
0.0460326
0.0451861
0.0443854
0.0436319
0.042927
0.0422724
0.0416701
0.0411225
0.0406328
0.0402051
0.0398444
0.0395577
0.0393538
0.0392443
0.961693
0.892186
0.829087
0.77173
0.719525
0.671946
0.628524
0.588843
0.552529
0.519252
0.488716
0.460654
0.434833
0.411038
0.389081
0.368793
0.35002
0.332626
0.316488
0.301496
0.287549
0.274558
0.262442
0.251128
0.24055
0.230647
0.221366
0.212657
0.204475
0.19678
0.189535
0.182706
0.176262
0.170175
0.164419
0.158971
0.153809
0.148914
0.144266
0.13985
0.135649
0.131651
0.12784
0.124206
0.120737
0.117422
0.114253
0.111218
0.108312
0.105525
0.10285
0.10028
0.0978095
0.0954316
0.0931408
0.0909318
0.0887995
0.0867392
0.0847464
0.0828167
0.0809462
0.0791312
0.077368
0.0756533
0.0739842
0.0723577
0.0707712
0.0692225
0.0677096
0.0662307
0.0647843
0.0633695
0.0619854
0.0606316
0.0593079
0.0580146
0.0567521
0.0555212
0.0543227
0.0531579
0.052028
0.0509344
0.0498784
0.0488615
0.047885
0.0469504
0.0460589
0.0452118
0.0444104
0.0436562
0.0429505
0.0422951
0.041692
0.0411437
0.0406533
0.0402248
0.0398635
0.0395763
0.039372
0.0392623
0.961693
0.892186
0.829087
0.77173
0.719525
0.671946
0.628524
0.588843
0.552529
0.519253
0.488716
0.460655
0.434833
0.411039
0.389082
0.368794
0.350021
0.332627
0.31649
0.301497
0.28755
0.27456
0.262444
0.25113
0.240552
0.230649
0.221368
0.212659
0.204477
0.196783
0.189538
0.182708
0.176265
0.170178
0.164422
0.158974
0.153813
0.148917
0.14427
0.139854
0.135653
0.131655
0.127845
0.124211
0.120742
0.117427
0.114258
0.111224
0.108318
0.105531
0.102856
0.100287
0.0978168
0.0954393
0.093149
0.0909405
0.0888088
0.0867491
0.0847568
0.0828278
0.080958
0.0791437
0.0773813
0.0756675
0.0739993
0.0723737
0.0707882
0.0692405
0.0677286
0.0662508
0.0648055
0.0633917
0.0620086
0.0606558
0.059333
0.0580406
0.0567788
0.0555486
0.0543507
0.0531863
0.0520567
0.0509632
0.0499072
0.0488901
0.0479134
0.0469783
0.0460863
0.0452386
0.0444366
0.0436816
0.0429752
0.0423189
0.041715
0.0411659
0.0406747
0.0402455
0.0398836
0.0395958
0.0393911
0.0392811
0.961693
0.892186
0.829087
0.77173
0.719525
0.671946
0.628524
0.588843
0.55253
0.519253
0.488716
0.460656
0.434834
0.41104
0.389083
0.368795
0.350022
0.332629
0.316491
0.301499
0.287552
0.274561
0.262446
0.251132
0.240554
0.230651
0.22137
0.212661
0.20448
0.196785
0.18954
0.182711
0.176268
0.170181
0.164425
0.158978
0.153816
0.148921
0.144274
0.139858
0.135658
0.131659
0.127849
0.124216
0.120747
0.117433
0.114263
0.11123
0.108324
0.105538
0.102863
0.100294
0.0978245
0.0954475
0.0931576
0.0909496
0.0888185
0.0867593
0.0847677
0.0828394
0.0809703
0.0791568
0.0773952
0.0756823
0.0740149
0.0723903
0.0708059
0.0692593
0.0677484
0.0662716
0.0648274
0.0634147
0.0620327
0.0606809
0.0593591
0.0580675
0.0568065
0.055577
0.0543796
0.0532157
0.0520863
0.050993
0.049937
0.0489198
0.0479428
0.0470073
0.0461148
0.0452665
0.0444637
0.043708
0.0430007
0.0423437
0.0417389
0.0411889
0.0406969
0.040267
0.0399044
0.0396161
0.039411
0.0393008
0.961693
0.892186
0.829087
0.77173
0.719525
0.671946
0.628525
0.588843
0.55253
0.519253
0.488717
0.460656
0.434834
0.41104
0.389084
0.368796
0.350023
0.33263
0.316492
0.3015
0.287553
0.274563
0.262447
0.251134
0.240555
0.230653
0.221372
0.212663
0.204482
0.196788
0.189543
0.182714
0.17627
0.170184
0.164429
0.158981
0.15382
0.148925
0.144278
0.139862
0.135662
0.131664
0.127854
0.124221
0.120752
0.117438
0.114269
0.111236
0.10833
0.105544
0.10287
0.100302
0.0978325
0.0954559
0.0931665
0.0909591
0.0888285
0.0867699
0.084779
0.0828513
0.0809831
0.0791703
0.0774096
0.0756976
0.0740312
0.0724076
0.0708241
0.0692786
0.0677688
0.0662931
0.0648501
0.0634385
0.0620575
0.0607067
0.0593859
0.0580952
0.0568351
0.0556062
0.0544094
0.0532459
0.0521169
0.0510237
0.0499677
0.0489503
0.047973
0.0470371
0.0461441
0.0452951
0.0444917
0.0437352
0.0430271
0.0423692
0.0417635
0.0412127
0.0407199
0.0402892
0.0399259
0.039637
0.0394315
0.0393211
0.961693
0.892186
0.829087
0.77173
0.719525
0.671946
0.628525
0.588843
0.55253
0.519254
0.488717
0.460657
0.434835
0.411041
0.389085
0.368797
0.350024
0.332631
0.316493
0.301501
0.287555
0.274564
0.262449
0.251135
0.240557
0.230655
0.221374
0.212666
0.204485
0.19679
0.189546
0.182717
0.176274
0.170187
0.164432
0.158985
0.153823
0.148928
0.144282
0.139866
0.135666
0.131668
0.127859
0.124226
0.120758
0.117444
0.114275
0.111242
0.108337
0.105551
0.102878
0.10031
0.0978407
0.0954646
0.0931757
0.0909688
0.0888388
0.0867809
0.0847906
0.0828637
0.0809961
0.0791842
0.0774244
0.0757133
0.0740478
0.0724252
0.0708428
0.0692984
0.0677897
0.0663152
0.0648732
0.0634627
0.0620829
0.0607331
0.0594133
0.0581235
0.0568642
0.055636
0.0544399
0.0532768
0.0521481
0.051055
0.049999
0.0489815
0.0480039
0.0470677
0.0461741
0.0453245
0.0445203
0.043763
0.0430541
0.0423953
0.0417888
0.0412371
0.0407435
0.040312
0.039948
0.0396586
0.0394526
0.0393419
0.961693
0.892186
0.829087
0.77173
0.719525
0.671946
0.628525
0.588843
0.55253
0.519254
0.488718
0.460657
0.434836
0.411042
0.389086
0.368798
0.350025
0.332632
0.316495
0.301503
0.287556
0.274566
0.262451
0.251137
0.240559
0.230657
0.221377
0.212668
0.204487
0.196793
0.189548
0.18272
0.176277
0.17019
0.164435
0.158988
0.153827
0.148932
0.144286
0.13987
0.135671
0.131673
0.127864
0.124231
0.120763
0.11745
0.114281
0.111249
0.108344
0.105558
0.102885
0.100318
0.0978491
0.0954735
0.0931852
0.0909788
0.0888494
0.0867921
0.0848025
0.0828763
0.0810095
0.0791985
0.0774395
0.0757293
0.0740648
0.0724433
0.0708619
0.0693186
0.0678111
0.0663376
0.0648968
0.0634875
0.0621087
0.06076
0.0594412
0.0581524
0.0568939
0.0556664
0.0544708
0.0533082
0.0521798
0.0510869
0.0500309
0.0490133
0.0480354
0.0470987
0.0462046
0.0453544
0.0445495
0.0437914
0.0430816
0.042422
0.0418146
0.041262
0.0407675
0.0403352
0.0399706
0.0396805
0.0394741
0.0393631
0.961693
0.892186
0.829087
0.77173
0.719525
0.671946
0.628525
0.588843
0.55253
0.519254
0.488718
0.460657
0.434836
0.411042
0.389086
0.368798
0.350026
0.332633
0.316496
0.301504
0.287558
0.274568
0.262452
0.251139
0.240561
0.230659
0.221379
0.21267
0.20449
0.196796
0.189551
0.182723
0.17628
0.170194
0.164439
0.158992
0.153831
0.148936
0.14429
0.139875
0.135676
0.131678
0.127869
0.124236
0.120769
0.117456
0.114288
0.111255
0.108351
0.105566
0.102893
0.100326
0.0978577
0.0954826
0.0931948
0.090989
0.0888601
0.0868035
0.0848146
0.0828891
0.0810232
0.0792129
0.0774548
0.0757456
0.0740821
0.0724616
0.0708813
0.0693391
0.0678327
0.0663604
0.0649208
0.0635125
0.0621349
0.0607873
0.0594695
0.0581816
0.0569239
0.0556972
0.0545022
0.05334
0.0522119
0.0511192
0.0500632
0.0490455
0.0480673
0.0471302
0.0462356
0.0453847
0.0445791
0.0438202
0.0431096
0.0424491
0.0418408
0.0412873
0.0407919
0.0403589
0.0399935
0.0397028
0.039496
0.0393847
0.961693
0.892186
0.829087
0.77173
0.719525
0.671946
0.628525
0.588844
0.552531
0.519254
0.488718
0.460658
0.434837
0.411043
0.389087
0.368799
0.350027
0.332634
0.316497
0.301505
0.287559
0.274569
0.262454
0.251141
0.240563
0.230661
0.221381
0.212673
0.204492
0.196798
0.189554
0.182726
0.176283
0.170197
0.164442
0.158995
0.153835
0.14894
0.144294
0.139879
0.13568
0.131683
0.127874
0.124242
0.120774
0.117462
0.114294
0.111262
0.108358
0.105573
0.102901
0.100334
0.0978664
0.0954918
0.0932045
0.0909993
0.088871
0.086815
0.0848268
0.0829021
0.081037
0.0792276
0.0774704
0.0757621
0.0740996
0.0724801
0.0709009
0.0693598
0.0678545
0.0663834
0.0649449
0.0635378
0.0621613
0.0608148
0.059498
0.058211
0.0569542
0.0557281
0.0545338
0.0533721
0.0522443
0.0511517
0.0500958
0.0490779
0.0480995
0.047162
0.0462668
0.0454153
0.044609
0.0438493
0.0431378
0.0424764
0.0418672
0.0413128
0.0408166
0.0403827
0.0400166
0.0397254
0.039518
0.0394065
0.961693
0.892186
0.829087
0.77173
0.719525
0.671946
0.628525
0.588844
0.552531
0.519254
0.488718
0.460658
0.434837
0.411043
0.389088
0.3688
0.350028
0.332635
0.316498
0.301506
0.28756
0.27457
0.262456
0.251142
0.240565
0.230663
0.221383
0.212675
0.204494
0.196801
0.189557
0.182729
0.176286
0.1702
0.164446
0.158999
0.153839
0.148944
0.144298
0.139884
0.135685
0.131688
0.127879
0.124247
0.12078
0.117468
0.1143
0.111269
0.108365
0.105581
0.102909
0.100342
0.0978752
0.095501
0.0932143
0.0910097
0.088882
0.0868267
0.0848392
0.0829153
0.0810509
0.0792423
0.077486
0.0757787
0.0741172
0.0724987
0.0709206
0.0693806
0.0678765
0.0664065
0.0649691
0.0635632
0.0621878
0.0608423
0.0595266
0.0582405
0.0569845
0.0557592
0.0545655
0.0534042
0.0522768
0.0511844
0.0501285
0.0491105
0.0481318
0.0471939
0.0462982
0.0454461
0.044639
0.0438785
0.0431662
0.0425039
0.0418938
0.0413385
0.0408414
0.0404068
0.0400399
0.0397481
0.0395403
0.0394285
0.961693
0.892186
0.829086
0.77173
0.719525
0.671946
0.628525
0.588844
0.552531
0.519255
0.488719
0.460658
0.434837
0.411044
0.389088
0.368801
0.350029
0.332636
0.316499
0.301507
0.287562
0.274572
0.262457
0.251144
0.240567
0.230665
0.221385
0.212677
0.204497
0.196803
0.189559
0.182732
0.176289
0.170203
0.164449
0.159003
0.153842
0.148948
0.144303
0.139888
0.13569
0.131693
0.127885
0.124253
0.120786
0.117474
0.114307
0.111276
0.108372
0.105588
0.102917
0.100351
0.097884
0.0955104
0.0932242
0.0910201
0.0888931
0.0868384
0.0848516
0.0829284
0.0810648
0.0792571
0.0775017
0.0757953
0.0741348
0.0725174
0.0709404
0.0694014
0.0678984
0.0664296
0.0649934
0.0635886
0.0622143
0.0608699
0.0595551
0.05827
0.0570149
0.0557903
0.0545972
0.0534364
0.0523093
0.0512171
0.0501612
0.0491431
0.0481641
0.0472258
0.0463296
0.0454768
0.0446691
0.0439078
0.0431946
0.0425314
0.0419204
0.0413643
0.0408664
0.0404309
0.0400633
0.0397708
0.0395626
0.0394505
0.961693
0.892186
0.829086
0.77173
0.719525
0.671946
0.628525
0.588844
0.552531
0.519255
0.488719
0.460659
0.434838
0.411044
0.389089
0.368801
0.35003
0.332637
0.3165
0.301509
0.287563
0.274573
0.262459
0.251146
0.240569
0.230667
0.221387
0.21268
0.204499
0.196806
0.189562
0.182734
0.176292
0.170207
0.164453
0.159006
0.153846
0.148952
0.144307
0.139893
0.135694
0.131698
0.12789
0.124258
0.120792
0.11748
0.114313
0.111282
0.108379
0.105596
0.102925
0.100359
0.0978929
0.0955197
0.0932341
0.0910306
0.0889042
0.0868502
0.084864
0.0829416
0.0810788
0.0792719
0.0775174
0.0758119
0.0741524
0.072536
0.07096
0.0694222
0.0679203
0.0664527
0.0650176
0.0636139
0.0622407
0.0608974
0.0595836
0.0582994
0.0570451
0.0558213
0.0546287
0.0534684
0.0523417
0.0512496
0.0501938
0.0491755
0.0481963
0.0472576
0.0463609
0.0455076
0.0446991
0.043937
0.043223
0.0425589
0.0419471
0.04139
0.0408912
0.0404549
0.0400867
0.0397935
0.0395848
0.0394725
0.961693
0.892186
0.829086
0.77173
0.719525
0.671946
0.628525
0.588844
0.552531
0.519255
0.488719
0.460659
0.434838
0.411045
0.389089
0.368802
0.35003
0.332638
0.316501
0.30151
0.287564
0.274575
0.26246
0.251147
0.24057
0.230669
0.221389
0.212682
0.204502
0.196808
0.189565
0.182737
0.176295
0.17021
0.164456
0.15901
0.15385
0.148956
0.144311
0.139897
0.135699
0.131703
0.127895
0.124264
0.120797
0.117486
0.11432
0.111289
0.108386
0.105603
0.102933
0.100367
0.0979017
0.095529
0.0932439
0.091041
0.0889152
0.0868619
0.0848764
0.0829547
0.0810927
0.0792867
0.077533
0.0758285
0.0741699
0.0725545
0.0709796
0.0694429
0.0679421
0.0664756
0.0650416
0.0636391
0.062267
0.0609247
0.0596119
0.0583286
0.0570751
0.055852
0.0546601
0.0535003
0.0523738
0.051282
0.0502261
0.0492078
0.0482283
0.0472893
0.046392
0.0455381
0.0447289
0.0439661
0.0432512
0.0425863
0.0419735
0.0414156
0.040916
0.0404789
0.0401099
0.0398162
0.039607
0.0394944
0.961693
0.892186
0.829086
0.77173
0.719525
0.671946
0.628525
0.588844
0.552531
0.519255
0.488719
0.460659
0.434838
0.411045
0.38909
0.368802
0.350031
0.332638
0.316502
0.301511
0.287565
0.274576
0.262461
0.251149
0.240572
0.230671
0.221391
0.212684
0.204504
0.196811
0.189567
0.18274
0.176298
0.170213
0.164459
0.159013
0.153854
0.14896
0.144315
0.139901
0.135704
0.131708
0.1279
0.124269
0.120803
0.117492
0.114326
0.111296
0.108393
0.105611
0.10294
0.100376
0.0979104
0.0955383
0.0932537
0.0910513
0.0889262
0.0868735
0.0848887
0.0829677
0.0811065
0.0793013
0.0775485
0.0758449
0.0741873
0.0725729
0.070999
0.0694633
0.0679637
0.0664982
0.0650654
0.063664
0.0622929
0.0609517
0.0596399
0.0583575
0.0571048
0.0558824
0.0546911
0.0535317
0.0524056
0.0513139
0.0502582
0.0492397
0.04826
0.0473206
0.0464229
0.0455683
0.0447585
0.0439949
0.0432792
0.0426134
0.0419998
0.041441
0.0409405
0.0405026
0.0401329
0.0398386
0.0396289
0.0395161
0.961693
0.892186
0.829086
0.77173
0.719525
0.671946
0.628525
0.588844
0.552531
0.519255
0.488719
0.460659
0.434839
0.411045
0.38909
0.368803
0.350032
0.332639
0.316503
0.301512
0.287566
0.274577
0.262463
0.25115
0.240574
0.230673
0.221393
0.212686
0.204506
0.196813
0.18957
0.182743
0.176301
0.170216
0.164462
0.159017
0.153857
0.148964
0.144319
0.139906
0.135708
0.131712
0.127905
0.124274
0.120809
0.117498
0.114332
0.111302
0.1084
0.105618
0.102948
0.100384
0.0979191
0.0955475
0.0932634
0.0910616
0.088937
0.086885
0.0849009
0.0829806
0.0811202
0.0793158
0.0775638
0.0758611
0.0742045
0.072591
0.0710182
0.0694836
0.067985
0.0665206
0.0650889
0.0636885
0.0623185
0.0609783
0.0596675
0.058386
0.0571341
0.0559124
0.0547216
0.0535628
0.052437
0.0513455
0.0502898
0.0492712
0.0482913
0.0473515
0.0464533
0.0455982
0.0447876
0.0440233
0.0433069
0.0426402
0.0420258
0.0414661
0.0409648
0.0405261
0.0401557
0.0398608
0.0396507
0.0395375
0.961693
0.892186
0.829086
0.77173
0.719525
0.671946
0.628525
0.588844
0.552531
0.519255
0.48872
0.46066
0.434839
0.411046
0.389091
0.368804
0.350032
0.33264
0.316504
0.301513
0.287567
0.274578
0.262464
0.251152
0.240575
0.230674
0.221395
0.212688
0.204508
0.196815
0.189572
0.182745
0.176304
0.170219
0.164466
0.15902
0.153861
0.148968
0.144323
0.13991
0.135713
0.131717
0.12791
0.12428
0.120814
0.117504
0.114338
0.111309
0.108407
0.105625
0.102956
0.100392
0.0979277
0.0955565
0.093273
0.0910717
0.0889477
0.0868963
0.0849129
0.0829933
0.0811336
0.07933
0.0775789
0.0758771
0.0742214
0.0726089
0.0710371
0.0695035
0.0680059
0.0665426
0.065112
0.0637127
0.0623437
0.0610045
0.0596946
0.058414
0.0571629
0.0559419
0.0547517
0.0535933
0.0524678
0.0513765
0.0503208
0.0493022
0.0483221
0.0473819
0.0464833
0.0456276
0.0448164
0.0440513
0.0433341
0.0426667
0.0420513
0.0414909
0.0409887
0.0405493
0.0401782
0.0398826
0.0396721
0.0395587
0.961693
0.892186
0.829086
0.77173
0.719525
0.671946
0.628525
0.588844
0.552531
0.519255
0.48872
0.46066
0.434839
0.411046
0.389091
0.368804
0.350033
0.332641
0.316504
0.301513
0.287568
0.274579
0.262465
0.251153
0.240577
0.230676
0.221397
0.21269
0.20451
0.196818
0.189575
0.182748
0.176306
0.170222
0.164469
0.159023
0.153864
0.148972
0.144327
0.139914
0.135717
0.131722
0.127915
0.124285
0.12082
0.11751
0.114344
0.111315
0.108414
0.105632
0.102963
0.1004
0.0979361
0.0955654
0.0932824
0.0910817
0.0889583
0.0869074
0.0849247
0.0830058
0.0811468
0.079344
0.0775937
0.0758928
0.074238
0.0726264
0.0710556
0.069523
0.0680265
0.0665642
0.0651346
0.0637363
0.0623684
0.0610301
0.0597212
0.0584414
0.0571911
0.0559708
0.0547812
0.0536232
0.052498
0.0514069
0.0503513
0.0493326
0.0483522
0.0474118
0.0465126
0.0456564
0.0448446
0.0440788
0.0433608
0.0426926
0.0420764
0.0415151
0.0410122
0.040572
0.0402002
0.0399041
0.0396931
0.0395794
0.961693
0.892186
0.829086
0.77173
0.719525
0.671946
0.628525
0.588844
0.552531
0.519255
0.48872
0.46066
0.434839
0.411046
0.389091
0.368804
0.350033
0.332641
0.316505
0.301514
0.287569
0.27458
0.262467
0.251155
0.240578
0.230678
0.221399
0.212692
0.204512
0.19682
0.189577
0.18275
0.176309
0.170225
0.164472
0.159027
0.153868
0.148975
0.144331
0.139918
0.135721
0.131726
0.12792
0.12429
0.120825
0.117515
0.11435
0.111322
0.108421
0.105639
0.102971
0.100408
0.0979443
0.0955741
0.0932916
0.0910914
0.0889686
0.0869183
0.0849362
0.083018
0.0811598
0.0793577
0.0776082
0.0759081
0.0742542
0.0726436
0.0710737
0.069542
0.0680465
0.0665853
0.0651567
0.0637594
0.0623925
0.0610552
0.0597471
0.0584682
0.0572187
0.055999
0.0548099
0.0536524
0.0525276
0.0514367
0.0503811
0.0493623
0.0483817
0.0474409
0.0465414
0.0456846
0.0448722
0.0441057
0.043387
0.042718
0.042101
0.0415389
0.0410352
0.0405943
0.0402218
0.0399251
0.0397136
0.0395997
0.961693
0.892186
0.829086
0.77173
0.719525
0.671946
0.628525
0.588844
0.552531
0.519255
0.48872
0.46066
0.43484
0.411047
0.389092
0.368805
0.350034
0.332642
0.316506
0.301515
0.28757
0.274582
0.262468
0.251156
0.24058
0.230679
0.2214
0.212694
0.204514
0.196822
0.189579
0.182753
0.176312
0.170227
0.164475
0.15903
0.153871
0.148979
0.144335
0.139922
0.135726
0.131731
0.127925
0.124295
0.12083
0.117521
0.114356
0.111328
0.108427
0.105646
0.102978
0.100415
0.0979524
0.0955826
0.0933006
0.0911009
0.0889786
0.086929
0.0849475
0.08303
0.0811724
0.079371
0.0776224
0.0759231
0.07427
0.0726603
0.0710913
0.0695606
0.0680661
0.0666058
0.0651782
0.0637819
0.0624159
0.0610796
0.0597724
0.0584943
0.0572455
0.0560265
0.0548379
0.0536808
0.0525563
0.0514656
0.0504101
0.0493912
0.0484105
0.0474694
0.0465694
0.0457121
0.0448991
0.0441319
0.0434125
0.0427427
0.042125
0.0415621
0.0410576
0.040616
0.0402429
0.0399456
0.0397337
0.0396195
0.961693
0.892186
0.829086
0.77173
0.719525
0.671946
0.628525
0.588844
0.552531
0.519256
0.48872
0.46066
0.43484
0.411047
0.389092
0.368805
0.350034
0.332642
0.316506
0.301516
0.287571
0.274583
0.262469
0.251157
0.240581
0.230681
0.221402
0.212695
0.204516
0.196824
0.189582
0.182755
0.176314
0.17023
0.164478
0.159033
0.153874
0.148982
0.144338
0.139926
0.13573
0.131735
0.127929
0.1243
0.120835
0.117526
0.114362
0.111334
0.108433
0.105653
0.102985
0.100423
0.0979602
0.0955909
0.0933093
0.0911102
0.0889884
0.0869393
0.0849584
0.0830415
0.0811847
0.079384
0.0776361
0.0759376
0.0742853
0.0726765
0.0711084
0.0695786
0.0680851
0.0666257
0.0651991
0.0638038
0.0624387
0.0611032
0.0597969
0.0585196
0.0572715
0.0560531
0.0548651
0.0537085
0.0525842
0.0514937
0.0504382
0.0494193
0.0484384
0.047497
0.0465966
0.0457388
0.0449252
0.0441574
0.0434373
0.0427668
0.0421483
0.0415847
0.0410795
0.0406371
0.0402633
0.0399655
0.0397532
0.0396388
0.961693
0.892186
0.829086
0.77173
0.719525
0.671946
0.628525
0.588844
0.552531
0.519256
0.48872
0.460661
0.43484
0.411047
0.389092
0.368806
0.350035
0.332643
0.316507
0.301517
0.287572
0.274583
0.26247
0.251158
0.240582
0.230682
0.221403
0.212697
0.204518
0.196826
0.189584
0.182757
0.176317
0.170233
0.16448
0.159036
0.153877
0.148986
0.144342
0.13993
0.135734
0.131739
0.127934
0.124304
0.12084
0.117531
0.114367
0.111339
0.108439
0.105659
0.102992
0.10043
0.0979678
0.0955989
0.0933178
0.0911191
0.0889979
0.0869493
0.084969
0.0830528
0.0811965
0.0793966
0.0776494
0.0759516
0.0743002
0.0726922
0.071125
0.0695961
0.0681034
0.066645
0.0652193
0.0638249
0.0624607
0.0611261
0.0598206
0.0585441
0.0572967
0.0560789
0.0548914
0.0537352
0.0526112
0.0515209
0.0504655
0.0494465
0.0484654
0.0475237
0.046623
0.0457647
0.0449505
0.0441821
0.0434613
0.0427901
0.0421709
0.0416065
0.0411006
0.0406576
0.0402832
0.0399848
0.0397721
0.0396574
0.961693
0.892186
0.829086
0.77173
0.719525
0.671946
0.628525
0.588844
0.552531
0.519256
0.48872
0.460661
0.43484
0.411047
0.389093
0.368806
0.350035
0.332644
0.316508
0.301517
0.287573
0.274584
0.262471
0.251159
0.240583
0.230683
0.221405
0.212699
0.20452
0.196828
0.189586
0.18276
0.176319
0.170235
0.164483
0.159039
0.15388
0.148989
0.144345
0.139933
0.135737
0.131743
0.127938
0.124309
0.120845
0.117536
0.114373
0.111345
0.108445
0.105665
0.102998
0.100437
0.0979751
0.0956067
0.093326
0.0911278
0.089007
0.086959
0.0849793
0.0830636
0.081208
0.0794087
0.0776622
0.0759652
0.0743145
0.0727073
0.0711409
0.0696129
0.0681211
0.0666636
0.0652388
0.0638452
0.0624819
0.0611481
0.0598434
0.0585676
0.0573209
0.0561037
0.0549168
0.0537609
0.0526373
0.0515471
0.0504918
0.0494727
0.0484915
0.0475495
0.0466484
0.0457897
0.044975
0.044206
0.0434845
0.0428126
0.0421927
0.0416276
0.041121
0.0406773
0.0403023
0.0400035
0.0397904
0.0396755
0.961693
0.892186
0.829086
0.77173
0.719525
0.671946
0.628525
0.588844
0.552532
0.519256
0.48872
0.460661
0.43484
0.411048
0.389093
0.368806
0.350036
0.332644
0.316508
0.301518
0.287574
0.274585
0.262472
0.25116
0.240585
0.230685
0.221406
0.2127
0.204521
0.19683
0.189588
0.182762
0.176321
0.170238
0.164486
0.159041
0.153883
0.148992
0.144349
0.139937
0.135741
0.131747
0.127942
0.124313
0.12085
0.117541
0.114378
0.11135
0.108451
0.105671
0.103005
0.100444
0.0979822
0.0956141
0.0933339
0.0911361
0.0890158
0.0869683
0.0849891
0.083074
0.081219
0.0794204
0.0776746
0.0759782
0.0743283
0.0727219
0.0711563
0.0696291
0.0681381
0.0666814
0.0652574
0.0638647
0.0625023
0.0611693
0.0598653
0.0585903
0.0573442
0.0561276
0.0549411
0.0537856
0.0526622
0.0515723
0.050517
0.0494979
0.0485165
0.0475743
0.0466728
0.0458137
0.0449985
0.0442289
0.0435068
0.0428343
0.0422137
0.0416479
0.0411406
0.0406963
0.0403208
0.0400214
0.0398079
0.0396928
0.961693
0.892186
0.829086
0.77173
0.719525
0.671946
0.628525
0.588844
0.552532
0.519256
0.48872
0.460661
0.434841
0.411048
0.389093
0.368807
0.350036
0.332645
0.316509
0.301519
0.287574
0.274586
0.262473
0.251161
0.240586
0.230686
0.221408
0.212702
0.204523
0.196831
0.189589
0.182764
0.176323
0.17024
0.164488
0.159044
0.153886
0.148995
0.144352
0.13994
0.135744
0.131751
0.127946
0.124317
0.120854
0.117546
0.114383
0.111356
0.108456
0.105677
0.103011
0.10045
0.0979889
0.0956213
0.0933414
0.0911441
0.0890243
0.0869772
0.0849986
0.083084
0.0812296
0.0794315
0.0776864
0.0759907
0.0743415
0.0727358
0.0711709
0.0696445
0.0681543
0.0666985
0.0652753
0.0638834
0.0625217
0.0611895
0.0598863
0.0586119
0.0573664
0.0561504
0.0549643
0.0538092
0.0526861
0.0515963
0.0505411
0.049522
0.0485404
0.047598
0.0466962
0.0458366
0.045021
0.0442508
0.0435282
0.042855
0.0422338
0.0416674
0.0411595
0.0407145
0.0403384
0.0400386
0.0398247
0.0397094
0.961693
0.892186
0.829086
0.77173
0.719525
0.671946
0.628525
0.588844
0.552532
0.519256
0.488721
0.460661
0.434841
0.411048
0.389094
0.368807
0.350037
0.332645
0.316509
0.301519
0.287575
0.274587
0.262474
0.251162
0.240587
0.230687
0.221409
0.212703
0.204524
0.196833
0.189591
0.182766
0.176325
0.170242
0.16449
0.159046
0.153889
0.148997
0.144355
0.139943
0.135748
0.131754
0.127949
0.124321
0.120858
0.11755
0.114387
0.11136
0.108462
0.105683
0.103016
0.100456
0.0979954
0.0956281
0.0933486
0.0911517
0.0890323
0.0869857
0.0850075
0.0830935
0.0812396
0.0794422
0.0776976
0.0760026
0.074354
0.072749
0.0711849
0.0696592
0.0681698
0.0667147
0.0652923
0.0639012
0.0625403
0.0612088
0.0599062
0.0586325
0.0573876
0.0561721
0.0549865
0.0538317
0.0527089
0.0516192
0.0505641
0.049545
0.0485633
0.0476206
0.0467185
0.0458585
0.0450424
0.0442718
0.0435485
0.0428748
0.0422529
0.0416859
0.0411774
0.0407319
0.0403553
0.040055
0.0398408
0.0397252
0.961693
0.892186
0.829086
0.77173
0.719525
0.671946
0.628525
0.588844
0.552532
0.519256
0.488721
0.460661
0.434841
0.411048
0.389094
0.368807
0.350037
0.332645
0.31651
0.30152
0.287576
0.274588
0.262474
0.251163
0.240588
0.230688
0.22141
0.212704
0.204526
0.196834
0.189593
0.182767
0.176327
0.170244
0.164492
0.159049
0.153891
0.149
0.144357
0.139946
0.135751
0.131758
0.127953
0.124325
0.120862
0.117554
0.114392
0.111365
0.108466
0.105688
0.103022
0.100462
0.0980015
0.0956345
0.0933554
0.0911589
0.0890399
0.0869938
0.085016
0.0831025
0.0812491
0.0794522
0.0777082
0.0760138
0.0743659
0.0727615
0.0711981
0.0696731
0.0681844
0.0667301
0.0653084
0.063918
0.0625578
0.061227
0.0599251
0.058652
0.0574077
0.0561926
0.0550074
0.053853
0.0527305
0.051641
0.0505859
0.0495667
0.0485849
0.047642
0.0467396
0.0458793
0.0450627
0.0442916
0.0435678
0.0428935
0.0422711
0.0417035
0.0411944
0.0407484
0.0403712
0.0400705
0.039856
0.0397402
0.961693
0.892186
0.829086
0.77173
0.719525
0.671946
0.628525
0.588844
0.552532
0.519256
0.488721
0.460661
0.434841
0.411049
0.389094
0.368808
0.350037
0.332646
0.31651
0.30152
0.287576
0.274588
0.262475
0.251164
0.240589
0.230689
0.221411
0.212705
0.204527
0.196836
0.189594
0.182769
0.176329
0.170246
0.164494
0.159051
0.153893
0.149003
0.14436
0.139949
0.135754
0.131761
0.127956
0.124328
0.120866
0.117558
0.114396
0.111369
0.108471
0.105693
0.103027
0.100467
0.0980072
0.0956406
0.0933618
0.0911657
0.0890471
0.0870014
0.0850241
0.083111
0.0812581
0.0794617
0.0777183
0.0760244
0.0743771
0.0727734
0.0712106
0.0696863
0.0681983
0.0667446
0.0653236
0.0639339
0.0625744
0.0612442
0.0599429
0.0586704
0.0574266
0.056212
0.0550272
0.0538731
0.0527508
0.0516615
0.0506065
0.0495872
0.0486053
0.0476622
0.0467596
0.0458989
0.0450819
0.0443103
0.0435861
0.0429112
0.0422883
0.0417201
0.0412105
0.0407639
0.0403863
0.0400852
0.0398704
0.0397544
0.961693
0.892186
0.829086
0.77173
0.719525
0.671946
0.628525
0.588844
0.552532
0.519256
0.488721
0.460661
0.434841
0.411049
0.389094
0.368808
0.350038
0.332646
0.316511
0.301521
0.287577
0.274589
0.262476
0.251165
0.24059
0.23069
0.221412
0.212707
0.204528
0.196837
0.189596
0.182771
0.176331
0.170248
0.164496
0.159053
0.153896
0.149005
0.144362
0.139951
0.135757
0.131764
0.127959
0.124332
0.120869
0.117562
0.1144
0.111374
0.108475
0.105697
0.103032
0.100473
0.0980126
0.0956463
0.0933679
0.091172
0.0890538
0.0870085
0.0850316
0.083119
0.0812665
0.0794706
0.0777277
0.0760344
0.0743876
0.0727845
0.0712223
0.0696986
0.0682112
0.0667582
0.0653378
0.0639487
0.0625898
0.0612603
0.0599596
0.0586876
0.0574443
0.0562302
0.0550458
0.053892
0.0527699
0.0516807
0.0506257
0.0496065
0.0486245
0.0476812
0.0467783
0.0459173
0.0450999
0.0443279
0.0436032
0.0429278
0.0423044
0.0417357
0.0412256
0.0407785
0.0404005
0.040099
0.0398838
0.0397677
0.961693
0.892186
0.829086
0.771729
0.719525
0.671946
0.628525
0.588844
0.552532
0.519256
0.488721
0.460661
0.434841
0.411049
0.389094
0.368808
0.350038
0.332646
0.316511
0.301521
0.287577
0.274589
0.262477
0.251166
0.24059
0.230691
0.221413
0.212708
0.20453
0.196838
0.189597
0.182772
0.176332
0.170249
0.164498
0.159055
0.153898
0.149007
0.144365
0.139954
0.135759
0.131766
0.127962
0.124335
0.120873
0.117565
0.114403
0.111377
0.108479
0.105702
0.103036
0.100477
0.0980177
0.0956516
0.0933735
0.091178
0.0890601
0.0870151
0.0850386
0.0831264
0.0812744
0.0794789
0.0777365
0.0760436
0.0743974
0.0727948
0.0712331
0.06971
0.0682232
0.0667708
0.0653511
0.0639626
0.0626043
0.0612753
0.0599752
0.0587036
0.0574608
0.0562471
0.055063
0.0539095
0.0527876
0.0516986
0.0506437
0.0496244
0.0486423
0.0476989
0.0467957
0.0459344
0.0451167
0.0443443
0.0436191
0.0429433
0.0423194
0.0417503
0.0412396
0.0407922
0.0404137
0.0401119
0.0398964
0.0397801
0.961693
0.892186
0.829086
0.771729
0.719525
0.671946
0.628525
0.588844
0.552532
0.519256
0.488721
0.460662
0.434841
0.411049
0.389095
0.368808
0.350038
0.332647
0.316512
0.301522
0.287578
0.27459
0.262477
0.251166
0.240591
0.230692
0.221414
0.212709
0.204531
0.19684
0.189598
0.182773
0.176333
0.170251
0.1645
0.159056
0.153899
0.149009
0.144367
0.139956
0.135762
0.131769
0.127965
0.124338
0.120875
0.117568
0.114407
0.111381
0.108483
0.105705
0.103041
0.100482
0.0980223
0.0956565
0.0933787
0.0911835
0.0890659
0.0870213
0.0850451
0.0831332
0.0812816
0.0794866
0.0777445
0.0760522
0.0744064
0.0728043
0.0712432
0.0697206
0.0682343
0.0667825
0.0653633
0.0639754
0.0626176
0.0612891
0.0599895
0.0587184
0.057476
0.0562627
0.055079
0.0539257
0.052804
0.0517151
0.0506603
0.049641
0.0486588
0.0477152
0.0468118
0.0459503
0.0451322
0.0443595
0.0436339
0.0429577
0.0423333
0.0417637
0.0412527
0.0408048
0.0404259
0.0401238
0.0399081
0.0397915
0.961693
0.892186
0.829086
0.771729
0.719525
0.671946
0.628525
0.588844
0.552532
0.519256
0.488721
0.460662
0.434842
0.411049
0.389095
0.368809
0.350038
0.332647
0.316512
0.301522
0.287578
0.27459
0.262478
0.251167
0.240592
0.230693
0.221415
0.212709
0.204532
0.196841
0.189599
0.182774
0.176335
0.170252
0.164501
0.159058
0.153901
0.149011
0.144369
0.139958
0.135764
0.131771
0.127967
0.12434
0.120878
0.117571
0.11441
0.111384
0.108487
0.105709
0.103044
0.100486
0.0980266
0.095661
0.0933834
0.0911885
0.0890712
0.0870269
0.085051
0.0831395
0.0812883
0.0794936
0.077752
0.07606
0.0744147
0.072813
0.0712524
0.0697303
0.0682445
0.0667932
0.0653745
0.063987
0.0626298
0.0613018
0.0600026
0.058732
0.05749
0.056277
0.0550936
0.0539406
0.052819
0.0517302
0.0506755
0.0496562
0.0486739
0.0477302
0.0468266
0.0459648
0.0451465
0.0443734
0.0436474
0.0429708
0.042346
0.041776
0.0412646
0.0408163
0.0404371
0.0401347
0.0399187
0.039802
0.961693
0.892186
0.829086
0.771729
0.719525
0.671946
0.628525
0.588844
0.552532
0.519256
0.488721
0.460662
0.434842
0.411049
0.389095
0.368809
0.350039
0.332647
0.316512
0.301522
0.287579
0.274591
0.262478
0.251167
0.240592
0.230693
0.221416
0.21271
0.204532
0.196842
0.1896
0.182776
0.176336
0.170254
0.164503
0.159059
0.153903
0.149012
0.14437
0.13996
0.135766
0.131773
0.12797
0.124342
0.120881
0.117574
0.114412
0.111387
0.10849
0.105712
0.103048
0.100489
0.0980304
0.0956651
0.0933877
0.091193
0.089076
0.087032
0.0850564
0.0831452
0.0812943
0.0794999
0.0777587
0.0760671
0.0744222
0.0728209
0.0712607
0.069739
0.0682537
0.0668028
0.0653846
0.0639976
0.0626408
0.0613133
0.0600145
0.0587443
0.0575026
0.0562899
0.0551068
0.053954
0.0528327
0.051744
0.0506892
0.04967
0.0486876
0.0477438
0.04684
0.045978
0.0451594
0.044386
0.0436597
0.0429827
0.0423576
0.0417872
0.0412754
0.0408268
0.0404473
0.0401445
0.0399284
0.0398116
0.961693
0.892186
0.829086
0.771729
0.719525
0.671946
0.628525
0.588844
0.552532
0.519256
0.488721
0.460662
0.434842
0.411049
0.389095
0.368809
0.350039
0.332648
0.316512
0.301523
0.287579
0.274591
0.262479
0.251168
0.240593
0.230694
0.221416
0.212711
0.204533
0.196842
0.189601
0.182777
0.176337
0.170255
0.164504
0.159061
0.153904
0.149014
0.144372
0.139962
0.135767
0.131775
0.127972
0.124345
0.120883
0.117576
0.114415
0.11139
0.108492
0.105715
0.103051
0.100493
0.0980339
0.0956687
0.0933916
0.0911971
0.0890803
0.0870365
0.0850612
0.0831503
0.0812996
0.0795056
0.0777647
0.0760735
0.0744289
0.072828
0.0712681
0.0697469
0.068262
0.0668115
0.0653937
0.0640071
0.0626507
0.0613236
0.0600252
0.0587553
0.057514
0.0563015
0.0551186
0.0539661
0.0528449
0.0517563
0.0507016
0.0496823
0.0486999
0.0477559
0.046852
0.0459898
0.0451709
0.0443973
0.0436707
0.0429934
0.0423679
0.0417972
0.0412851
0.0408362
0.0404564
0.0401534
0.0399371
0.0398201
0.961692
0.892186
0.829086
0.771729
0.719525
0.671946
0.628525
0.588844
0.552532
0.519256
0.488721
0.460662
0.434842
0.411049
0.389095
0.368809
0.350039
0.332648
0.316513
0.301523
0.287579
0.274592
0.262479
0.251168
0.240593
0.230694
0.221417
0.212712
0.204534
0.196843
0.189602
0.182777
0.176338
0.170256
0.164505
0.159062
0.153905
0.149015
0.144373
0.139963
0.135769
0.131777
0.127973
0.124346
0.120885
0.117578
0.114417
0.111392
0.108495
0.105718
0.103054
0.100495
0.0980369
0.0956719
0.0933949
0.0912007
0.0890841
0.0870405
0.0850654
0.0831547
0.0813044
0.0795106
0.07777
0.076079
0.0744348
0.0728342
0.0712747
0.0697538
0.0682692
0.0668191
0.0654016
0.0640155
0.0626594
0.0613326
0.0600345
0.058765
0.0575239
0.0563118
0.0551291
0.0539767
0.0528556
0.0517671
0.0507125
0.0496932
0.0487107
0.0477666
0.0468626
0.0460002
0.0451811
0.0444072
0.0436804
0.0430028
0.042377
0.0418061
0.0412937
0.0408445
0.0404644
0.0401612
0.0399447
0.0398276
0.961692
0.892186
0.829086
0.771729
0.719525
0.671946
0.628525
0.588844
0.552532
0.519256
0.488721
0.460662
0.434842
0.41105
0.389095
0.368809
0.350039
0.332648
0.316513
0.301523
0.287579
0.274592
0.262479
0.251169
0.240594
0.230695
0.221417
0.212712
0.204534
0.196844
0.189603
0.182778
0.176339
0.170256
0.164506
0.159063
0.153906
0.149016
0.144375
0.139964
0.13577
0.131778
0.127975
0.124348
0.120887
0.11758
0.114419
0.111394
0.108497
0.10572
0.103056
0.100498
0.0980395
0.0956747
0.0933979
0.0912037
0.0890873
0.0870439
0.0850691
0.0831586
0.0813084
0.0795149
0.0777745
0.0760838
0.0744398
0.0728396
0.0712803
0.0697597
0.0682755
0.0668257
0.0654085
0.0640227
0.0626669
0.0613404
0.0600426
0.0587733
0.0575325
0.0563206
0.0551381
0.0539858
0.0528649
0.0517765
0.0507219
0.0497025
0.04872
0.0477759
0.0468717
0.0460092
0.0451899
0.0444158
0.0436888
0.0430109
0.0423849
0.0418137
0.041301
0.0408516
0.0404713
0.0401679
0.0399513
0.0398341
0.961692
0.892186
0.829086
0.771729
0.719525
0.671946
0.628525
0.588844
0.552532
0.519256
0.488721
0.460662
0.434842
0.41105
0.389095
0.368809
0.350039
0.332648
0.316513
0.301523
0.28758
0.274592
0.26248
0.251169
0.240594
0.230695
0.221418
0.212713
0.204535
0.196844
0.189603
0.182779
0.176339
0.170257
0.164506
0.159064
0.153907
0.149017
0.144376
0.139965
0.135771
0.131779
0.127976
0.124349
0.120888
0.117582
0.11442
0.111396
0.108499
0.105722
0.103058
0.1005
0.0980417
0.095677
0.0934003
0.0912063
0.0890901
0.0870468
0.0850721
0.0831618
0.0813118
0.0795185
0.0777783
0.0760879
0.0744441
0.072844
0.0712851
0.0697647
0.0682807
0.0668312
0.0654143
0.0640287
0.0626732
0.0613469
0.0600494
0.0587803
0.0575397
0.056328
0.0551456
0.0539935
0.0528727
0.0517843
0.0507297
0.0497104
0.0487279
0.0477837
0.0468794
0.0460167
0.0451973
0.044423
0.0436958
0.0430178
0.0423915
0.0418201
0.0413072
0.0408576
0.0404771
0.0401736
0.0399568
0.0398396
0.961692
0.892186
0.829086
0.771729
0.719525
0.671946
0.628525
0.588844
0.552532
0.519256
0.488721
0.460662
0.434842
0.41105
0.389095
0.368809
0.350039
0.332648
0.316513
0.301524
0.28758
0.274592
0.26248
0.251169
0.240594
0.230695
0.221418
0.212713
0.204535
0.196845
0.189604
0.182779
0.17634
0.170258
0.164507
0.159064
0.153908
0.149018
0.144376
0.139966
0.135772
0.13178
0.127977
0.12435
0.120889
0.117583
0.114422
0.111397
0.1085
0.105723
0.10306
0.100502
0.0980434
0.0956788
0.0934023
0.0912084
0.0890923
0.0870491
0.0850746
0.0831644
0.0813146
0.0795214
0.0777814
0.0760911
0.0744475
0.0728477
0.0712889
0.0697687
0.068285
0.0668356
0.0654189
0.0640335
0.0626783
0.0613522
0.0600549
0.058786
0.0575456
0.056334
0.0551517
0.0539997
0.052879
0.0517907
0.0507361
0.0497168
0.0487342
0.04779
0.0468856
0.0460228
0.0452033
0.0444289
0.0437015
0.0430233
0.0423969
0.0418253
0.0413122
0.0408624
0.0404818
0.0401781
0.0399613
0.039844
0.961692
0.892186
0.829086
0.771729
0.719525
0.671946
0.628525
0.588844
0.552532
0.519256
0.488721
0.460662
0.434842
0.41105
0.389095
0.368809
0.350039
0.332648
0.316513
0.301524
0.28758
0.274592
0.26248
0.251169
0.240595
0.230696
0.221418
0.212713
0.204536
0.196845
0.189604
0.18278
0.17634
0.170258
0.164508
0.159065
0.153908
0.149019
0.144377
0.139967
0.135773
0.131781
0.127978
0.124351
0.12089
0.117584
0.114423
0.111398
0.108501
0.105725
0.103061
0.100503
0.0980447
0.0956802
0.0934037
0.09121
0.0890939
0.0870509
0.0850764
0.0831663
0.0813166
0.0795236
0.0777837
0.0760935
0.0744501
0.0728504
0.0712918
0.0697718
0.0682881
0.066839
0.0654225
0.0640372
0.0626821
0.0613562
0.060059
0.0587903
0.05755
0.0563385
0.0551564
0.0540045
0.0528838
0.0517955
0.050741
0.0497217
0.0487391
0.0477947
0.0468903
0.0460275
0.0452079
0.0444333
0.0437058
0.0430275
0.0424009
0.0418292
0.041316
0.0408661
0.0404854
0.0401816
0.0399646
0.0398473
0.961692
0.892186
0.829086
0.771729
0.719525
0.671946
0.628525
0.588844
0.552532
0.519256
0.488721
0.460662
0.434842
0.41105
0.389095
0.36881
0.350039
0.332648
0.316513
0.301524
0.28758
0.274593
0.26248
0.25117
0.240595
0.230696
0.221418
0.212713
0.204536
0.196845
0.189604
0.18278
0.176341
0.170258
0.164508
0.159065
0.153909
0.149019
0.144377
0.139967
0.135773
0.131781
0.127978
0.124352
0.12089
0.117584
0.114423
0.111399
0.108502
0.105725
0.103061
0.100504
0.0980456
0.0956812
0.0934047
0.091211
0.089095
0.087052
0.0850777
0.0831676
0.081318
0.0795251
0.0777852
0.0760952
0.0744518
0.0728522
0.0712937
0.0697738
0.0682903
0.0668412
0.0654248
0.0640397
0.0626847
0.0613589
0.0600618
0.0587932
0.057553
0.0563416
0.0551595
0.0540077
0.052887
0.0517988
0.0507443
0.049725
0.0487424
0.047798
0.0468936
0.0460306
0.045211
0.0444363
0.0437087
0.0430303
0.0424037
0.0418319
0.0413186
0.0408686
0.0404878
0.0401839
0.0399669
0.0398495
0.961692
0.892186
0.829086
0.771729
0.719525
0.671946
0.628525
0.588844
0.552532
0.519256
0.488721
0.460662
0.434842
0.41105
0.389096
0.36881
0.350039
0.332648
0.316513
0.301524
0.28758
0.274593
0.26248
0.25117
0.240595
0.230696
0.221418
0.212713
0.204536
0.196845
0.189605
0.18278
0.176341
0.170259
0.164508
0.159065
0.153909
0.149019
0.144378
0.139968
0.135774
0.131782
0.127978
0.124352
0.120891
0.117585
0.114424
0.111399
0.108502
0.105726
0.103062
0.100504
0.0980461
0.0956816
0.0934052
0.0912115
0.0890956
0.0870526
0.0850783
0.0831683
0.0813187
0.0795258
0.077786
0.076096
0.0744527
0.0728532
0.0712947
0.0697749
0.0682914
0.0668424
0.0654261
0.064041
0.0626861
0.0613604
0.0600633
0.0587947
0.0575546
0.0563432
0.0551612
0.0540094
0.0528888
0.0518005
0.0507461
0.0497267
0.0487441
0.0477998
0.0468953
0.0460323
0.0452126
0.0444379
0.0437103
0.0430318
0.0424052
0.0418333
0.0413199
0.0408699
0.040489
0.0401851
0.0399681
0.0398506
0.961692
0.892186
0.829086
0.771729
0.719525
0.671946
0.628525
0.588844
0.552532
0.519256
0.488721
0.460662
0.434842
0.41105
0.389096
0.36881
0.350039
0.332648
0.316513
0.301524
0.28758
0.274593
0.26248
0.25117
0.240595
0.230696
0.221418
0.212713
0.204536
0.196845
0.189605
0.18278
0.176341
0.170259
0.164508
0.159065
0.153909
0.149019
0.144378
0.139968
0.135774
0.131782
0.127978
0.124352
0.120891
0.117585
0.114424
0.111399
0.108502
0.105726
0.103062
0.100504
0.0980461
0.0956816
0.0934052
0.0912115
0.0890956
0.0870526
0.0850783
0.0831683
0.0813188
0.0795259
0.0777861
0.0760961
0.0744528
0.0728532
0.0712948
0.0697749
0.0682915
0.0668425
0.0654262
0.0640411
0.0626862
0.0613605
0.0600635
0.0587949
0.0575548
0.0563434
0.0551614
0.0540096
0.052889
0.0518008
0.0507463
0.049727
0.0487444
0.0478
0.0468955
0.0460326
0.0452128
0.0444381
0.0437105
0.043032
0.0424053
0.0418334
0.0413201
0.04087
0.0404891
0.0401852
0.0399681
0.0398507
0.961692
0.892186
0.829086
0.771729
0.719525
0.671946
0.628525
0.588844
0.552532
0.519256
0.488721
0.460662
0.434842
0.41105
0.389095
0.36881
0.350039
0.332648
0.316513
0.301524
0.28758
0.274593
0.26248
0.25117
0.240595
0.230696
0.221418
0.212713
0.204536
0.196845
0.189604
0.18278
0.176341
0.170258
0.164508
0.159065
0.153909
0.149019
0.144377
0.139967
0.135773
0.131781
0.127978
0.124352
0.12089
0.117584
0.114423
0.111399
0.108502
0.105725
0.103061
0.100504
0.0980456
0.0956812
0.0934047
0.091211
0.089095
0.0870521
0.0850777
0.0831677
0.0813181
0.0795252
0.0777853
0.0760953
0.074452
0.0728524
0.0712939
0.069774
0.0682906
0.0668415
0.0654252
0.0640401
0.0626851
0.0613594
0.0600623
0.0587937
0.0575535
0.0563422
0.0551602
0.0540083
0.0528877
0.0517995
0.050745
0.0497257
0.0487431
0.0477987
0.0468942
0.0460313
0.0452116
0.0444369
0.0437093
0.0430308
0.0424042
0.0418323
0.041319
0.0408689
0.0404881
0.0401842
0.0399671
0.0398497
0.961692
0.892186
0.829086
0.771729
0.719525
0.671946
0.628525
0.588844
0.552532
0.519256
0.488721
0.460662
0.434842
0.41105
0.389095
0.368809
0.350039
0.332648
0.316513
0.301524
0.28758
0.274592
0.26248
0.251169
0.240595
0.230696
0.221418
0.212713
0.204536
0.196845
0.189604
0.18278
0.17634
0.170258
0.164508
0.159065
0.153908
0.149019
0.144377
0.139967
0.135773
0.131781
0.127978
0.124351
0.12089
0.117584
0.114423
0.111398
0.108501
0.105725
0.103061
0.100503
0.0980448
0.0956803
0.0934038
0.09121
0.089094
0.0870509
0.0850765
0.0831664
0.0813168
0.0795238
0.0777839
0.0760938
0.0744503
0.0728507
0.0712921
0.0697721
0.0682886
0.0668394
0.065423
0.0640378
0.0626828
0.0613569
0.0600598
0.0587911
0.0575509
0.0563395
0.0551574
0.0540055
0.0528849
0.0517966
0.0507421
0.0497228
0.0487402
0.0477959
0.0468915
0.0460286
0.0452089
0.0444343
0.0437067
0.0430283
0.0424017
0.0418299
0.0413167
0.0408666
0.0404859
0.040182
0.039965
0.0398476
0.961692
0.892186
0.829086
0.771729
0.719525
0.671946
0.628525
0.588844
0.552532
0.519256
0.488721
0.460662
0.434842
0.41105
0.389095
0.368809
0.350039
0.332648
0.316513
0.301524
0.28758
0.274592
0.26248
0.251169
0.240594
0.230695
0.221418
0.212713
0.204535
0.196845
0.189604
0.182779
0.17634
0.170258
0.164507
0.159064
0.153908
0.149018
0.144376
0.139966
0.135772
0.13178
0.127977
0.12435
0.120889
0.117583
0.114422
0.111397
0.1085
0.105723
0.10306
0.100502
0.0980435
0.0956789
0.0934023
0.0912085
0.0890923
0.0870492
0.0850747
0.0831645
0.0813148
0.0795216
0.0777816
0.0760914
0.0744478
0.0728481
0.0712893
0.0697693
0.0682856
0.0668363
0.0654197
0.0640344
0.0626792
0.0613532
0.060056
0.0587872
0.0575469
0.0563353
0.0551532
0.0540012
0.0528805
0.0517923
0.0507378
0.0497185
0.0487359
0.0477916
0.0468872
0.0460244
0.0452048
0.0444303
0.0437028
0.0430245
0.042398
0.0418263
0.0413131
0.0408632
0.0404825
0.0401788
0.0399618
0.0398445
0.961692
0.892186
0.829086
0.771729
0.719525
0.671946
0.628525
0.588844
0.552532
0.519256
0.488721
0.460662
0.434842
0.41105
0.389095
0.368809
0.350039
0.332648
0.316513
0.301523
0.28758
0.274592
0.26248
0.251169
0.240594
0.230695
0.221418
0.212713
0.204535
0.196844
0.189603
0.182779
0.176339
0.170257
0.164506
0.159064
0.153907
0.149017
0.144376
0.139965
0.135771
0.131779
0.127976
0.124349
0.120888
0.117582
0.11442
0.111396
0.108499
0.105722
0.103058
0.1005
0.0980417
0.095677
0.0934004
0.0912064
0.0890902
0.087047
0.0850723
0.083162
0.0813121
0.0795188
0.0777786
0.0760883
0.0744445
0.0728446
0.0712857
0.0697654
0.0682815
0.066832
0.0654153
0.0640298
0.0626744
0.0613483
0.0600508
0.0587819
0.0575414
0.0563297
0.0551475
0.0539955
0.0528747
0.0517864
0.0507318
0.0497126
0.04873
0.0477858
0.0468815
0.0460187
0.0451992
0.0444248
0.0436975
0.0430193
0.042393
0.0418214
0.0413084
0.0408586
0.040478
0.0401744
0.0399575
0.0398402
0.961692
0.892186
0.829086
0.771729
0.719525
0.671946
0.628525
0.588844
0.552532
0.519256
0.488721
0.460662
0.434842
0.41105
0.389095
0.368809
0.350039
0.332648
0.316513
0.301523
0.287579
0.274592
0.262479
0.251169
0.240594
0.230695
0.221417
0.212712
0.204534
0.196844
0.189603
0.182778
0.176339
0.170256
0.164506
0.159063
0.153906
0.149016
0.144375
0.139964
0.13577
0.131778
0.127975
0.124348
0.120887
0.11758
0.114419
0.111394
0.108497
0.10572
0.103056
0.100498
0.0980395
0.0956747
0.093398
0.0912039
0.0890875
0.0870441
0.0850693
0.0831588
0.0813087
0.0795153
0.0777749
0.0760843
0.0744404
0.0728402
0.0712811
0.0697606
0.0682765
0.0668267
0.0654097
0.064024
0.0626684
0.061342
0.0600444
0.0587752
0.0575346
0.0563227
0.0551404
0.0539882
0.0528674
0.051779
0.0507244
0.0497051
0.0487226
0.0477785
0.0468742
0.0460116
0.0451923
0.044418
0.0436908
0.0430129
0.0423867
0.0418153
0.0413024
0.0408528
0.0404724
0.0401689
0.0399521
0.0398349
0.961692
0.892186
0.829086
0.771729
0.719525
0.671946
0.628525
0.588844
0.552532
0.519256
0.488721
0.460662
0.434842
0.411049
0.389095
0.368809
0.350039
0.332648
0.316513
0.301523
0.287579
0.274592
0.262479
0.251168
0.240593
0.230694
0.221417
0.212712
0.204534
0.196843
0.189602
0.182777
0.176338
0.170256
0.164505
0.159062
0.153905
0.149015
0.144373
0.139963
0.135769
0.131777
0.127973
0.124346
0.120885
0.117578
0.114417
0.111392
0.108495
0.105718
0.103054
0.100496
0.098037
0.095672
0.0933951
0.0912008
0.0890843
0.0870407
0.0850657
0.083155
0.0813047
0.079511
0.0777704
0.0760796
0.0744354
0.072835
0.0712756
0.0697548
0.0682704
0.0668204
0.0654031
0.0640171
0.0626612
0.0613345
0.0600366
0.0587672
0.0575264
0.0563143
0.0551318
0.0539795
0.0528585
0.0517701
0.0507155
0.0496962
0.0487138
0.0477697
0.0468656
0.0460031
0.0451839
0.0444098
0.0436828
0.0430051
0.0423791
0.0418079
0.0412953
0.0408459
0.0404657
0.0401623
0.0399457
0.0398286
0.961693
0.892186
0.829086
0.771729
0.719525
0.671946
0.628525
0.588844
0.552532
0.519256
0.488721
0.460662
0.434842
0.411049
0.389095
0.368809
0.350039
0.332648
0.316512
0.301523
0.287579
0.274591
0.262479
0.251168
0.240593
0.230694
0.221416
0.212711
0.204533
0.196842
0.189601
0.182777
0.176337
0.170255
0.164504
0.159061
0.153904
0.149014
0.144372
0.139962
0.135767
0.131775
0.127972
0.124345
0.120883
0.117576
0.114415
0.11139
0.108492
0.105715
0.103051
0.100493
0.0980339
0.0956688
0.0933917
0.0911973
0.0890805
0.0870367
0.0850615
0.0831506
0.0813001
0.0795061
0.0777653
0.0760741
0.0744296
0.0728289
0.0712692
0.0697481
0.0682633
0.066813
0.0653953
0.064009
0.0626528
0.0613258
0.0600276
0.0587579
0.0575168
0.0563045
0.0551218
0.0539693
0.0528483
0.0517597
0.0507051
0.0496859
0.0487034
0.0477594
0.0468554
0.0459931
0.0451741
0.0444003
0.0436735
0.042996
0.0423703
0.0417994
0.041287
0.0408379
0.0404579
0.0401547
0.0399382
0.0398212
0.961693
0.892186
0.829086
0.771729
0.719525
0.671946
0.628525
0.588844
0.552532
0.519256
0.488721
0.460662
0.434842
0.411049
0.389095
0.368809
0.350039
0.332647
0.316512
0.301522
0.287579
0.274591
0.262478
0.251167
0.240592
0.230693
0.221416
0.21271
0.204532
0.196842
0.189601
0.182776
0.176336
0.170254
0.164503
0.159059
0.153903
0.149012
0.14437
0.13996
0.135766
0.131773
0.12797
0.124342
0.120881
0.117574
0.114412
0.111387
0.10849
0.105712
0.103048
0.100489
0.0980305
0.0956652
0.0933879
0.0911932
0.0890762
0.0870322
0.0850567
0.0831456
0.0812947
0.0795005
0.0777593
0.0760679
0.0744231
0.072822
0.0712619
0.0697404
0.0682553
0.0668046
0.0653865
0.0639998
0.0626432
0.0613159
0.0600173
0.0587473
0.0575059
0.0562934
0.0551104
0.0539578
0.0528365
0.0517479
0.0506933
0.049674
0.0486917
0.0477478
0.0468439
0.0459818
0.045163
0.0443894
0.0436629
0.0429857
0.0423603
0.0417897
0.0412776
0.0408287
0.040449
0.040146
0.0399297
0.0398128
0.961693
0.892186
0.829086
0.771729
0.719525
0.671946
0.628525
0.588844
0.552532
0.519256
0.488721
0.460662
0.434842
0.411049
0.389095
0.368809
0.350038
0.332647
0.316512
0.301522
0.287578
0.27459
0.262478
0.251167
0.240592
0.230693
0.221415
0.212709
0.204532
0.196841
0.189599
0.182774
0.176335
0.170252
0.164501
0.159058
0.153901
0.149011
0.144369
0.139958
0.135764
0.131771
0.127967
0.12434
0.120878
0.117571
0.11441
0.111384
0.108487
0.105709
0.103044
0.100486
0.0980267
0.0956612
0.0933836
0.0911887
0.0890715
0.0870272
0.0850514
0.08314
0.0812888
0.0794942
0.0777527
0.0760609
0.0744157
0.0728142
0.0712537
0.0697318
0.0682463
0.0667951
0.0653766
0.0639895
0.0626324
0.0613047
0.0600058
0.0587354
0.0574936
0.0562808
0.0550976
0.0539448
0.0528234
0.0517347
0.05068
0.0496607
0.0486784
0.0477347
0.046831
0.045969
0.0451505
0.0443772
0.043651
0.0429741
0.042349
0.0417788
0.041267
0.0408184
0.040439
0.0401363
0.0399202
0.0398034
0.961693
0.892186
0.829086
0.771729
0.719525
0.671946
0.628525
0.588844
0.552532
0.519256
0.488721
0.460662
0.434841
0.411049
0.389095
0.368808
0.350038
0.332647
0.316512
0.301522
0.287578
0.27459
0.262477
0.251166
0.240591
0.230692
0.221414
0.212709
0.204531
0.19684
0.189598
0.182773
0.176333
0.170251
0.1645
0.159056
0.153899
0.149009
0.144367
0.139956
0.135762
0.131769
0.127965
0.124338
0.120876
0.117568
0.114407
0.111381
0.108483
0.105706
0.103041
0.100482
0.0980224
0.0956567
0.0933789
0.0911837
0.0890662
0.0870216
0.0850455
0.0831337
0.0812823
0.0794873
0.0777454
0.0760532
0.0744076
0.0728056
0.0712447
0.0697223
0.0682363
0.0667847
0.0653657
0.0639781
0.0626206
0.0612924
0.059993
0.0587222
0.0574801
0.056267
0.0550835
0.0539304
0.0528089
0.0517201
0.0506653
0.0496461
0.0486638
0.0477202
0.0468167
0.045955
0.0451367
0.0443637
0.0436379
0.0429613
0.0423366
0.0417667
0.0412553
0.0408071
0.040428
0.0401255
0.0399096
0.039793
0.961693
0.892186
0.829086
0.771729
0.719525
0.671946
0.628525
0.588844
0.552532
0.519256
0.488721
0.460661
0.434841
0.411049
0.389094
0.368808
0.350038
0.332646
0.316511
0.301521
0.287577
0.274589
0.262477
0.251166
0.24059
0.230691
0.221413
0.212708
0.20453
0.196838
0.189597
0.182772
0.176332
0.170249
0.164498
0.159055
0.153898
0.149007
0.144365
0.139954
0.135759
0.131766
0.127962
0.124335
0.120873
0.117565
0.114403
0.111377
0.108479
0.105702
0.103037
0.100477
0.0980178
0.0956518
0.0933737
0.0911783
0.0890604
0.0870156
0.0850391
0.083127
0.0812751
0.0794798
0.0777374
0.0760448
0.0743987
0.0727963
0.0712348
0.0697119
0.0682254
0.0667732
0.0653538
0.0639656
0.0626076
0.0612789
0.059979
0.0587078
0.0574653
0.0562518
0.055068
0.0539147
0.052793
0.051704
0.0506492
0.04963
0.0486479
0.0477044
0.0468011
0.0459396
0.0451217
0.044349
0.0436235
0.0429473
0.042323
0.0417535
0.0412426
0.0407947
0.0404159
0.0401138
0.0398982
0.0397817
0.961693
0.892186
0.829086
0.77173
0.719525
0.671946
0.628525
0.588844
0.552532
0.519256
0.488721
0.460661
0.434841
0.411049
0.389094
0.368808
0.350038
0.332646
0.316511
0.301521
0.287577
0.274589
0.262476
0.251165
0.24059
0.23069
0.221412
0.212707
0.204528
0.196837
0.189596
0.182771
0.176331
0.170248
0.164496
0.159053
0.153896
0.149005
0.144362
0.139951
0.135757
0.131764
0.127959
0.124332
0.120869
0.117562
0.1144
0.111374
0.108475
0.105697
0.103032
0.100473
0.0980128
0.0956465
0.0933681
0.0911724
0.0890542
0.087009
0.0850322
0.0831196
0.0812673
0.0794716
0.0777288
0.0760356
0.074389
0.0727861
0.0712241
0.0697007
0.0682136
0.0667609
0.0653408
0.0639521
0.0625935
0.0612643
0.0599639
0.0586922
0.0574492
0.0562354
0.0550512
0.0538977
0.0527757
0.0516867
0.0506318
0.0496126
0.0486306
0.0476872
0.0467841
0.0459229
0.0451053
0.044333
0.0436079
0.0429322
0.0423083
0.0417393
0.0412287
0.0407813
0.0404029
0.0401011
0.0398857
0.0397694
0.961693
0.892186
0.829086
0.77173
0.719525
0.671946
0.628525
0.588844
0.552532
0.519256
0.488721
0.460661
0.434841
0.411049
0.389094
0.368808
0.350037
0.332646
0.31651
0.30152
0.287576
0.274588
0.262475
0.251164
0.240589
0.230689
0.221411
0.212705
0.204527
0.196836
0.189594
0.182769
0.176329
0.170246
0.164494
0.159051
0.153893
0.149003
0.14436
0.139949
0.135754
0.131761
0.127956
0.124328
0.120866
0.117558
0.114396
0.11137
0.108471
0.105693
0.103027
0.100468
0.0980074
0.0956408
0.0933621
0.091166
0.0890475
0.0870019
0.0850247
0.0831117
0.081259
0.0794628
0.0777195
0.0760258
0.0743787
0.0727752
0.0712126
0.0696886
0.0682009
0.0667475
0.0653269
0.0639375
0.0625783
0.0612486
0.0599476
0.0586754
0.057432
0.0562177
0.0550332
0.0538793
0.0527572
0.051668
0.0506131
0.0495939
0.0486119
0.0476688
0.0467659
0.045905
0.0450878
0.0443159
0.0435912
0.042916
0.0422926
0.041724
0.0412139
0.0407669
0.0403889
0.0400875
0.0398724
0.0397562
0.961693
0.892186
0.829086
0.77173
0.719525
0.671946
0.628525
0.588844
0.552532
0.519256
0.488721
0.460661
0.434841
0.411048
0.389094
0.368807
0.350037
0.332645
0.31651
0.30152
0.287576
0.274588
0.262474
0.251163
0.240588
0.230688
0.22141
0.212704
0.204526
0.196834
0.189593
0.182767
0.176327
0.170244
0.164492
0.159049
0.153891
0.149
0.144357
0.139946
0.135751
0.131758
0.127953
0.124325
0.120862
0.117554
0.114392
0.111365
0.108467
0.105688
0.103022
0.100462
0.0980017
0.0956348
0.0933558
0.0911593
0.0890404
0.0869944
0.0850168
0.0831033
0.0812501
0.0794534
0.0777096
0.0760154
0.0743677
0.0727636
0.0712004
0.0696757
0.0681873
0.0667333
0.065312
0.063922
0.0625622
0.0612318
0.0599303
0.0586575
0.0574135
0.0561988
0.0550139
0.0538598
0.0527374
0.0516481
0.0505931
0.0495739
0.0485921
0.0476491
0.0467465
0.0458859
0.045069
0.0442976
0.0435734
0.0428986
0.0422757
0.0417077
0.0411981
0.0407516
0.040374
0.040073
0.0398581
0.0397422
0.961693
0.892186
0.829086
0.77173
0.719525
0.671946
0.628525
0.588844
0.552532
0.519256
0.488721
0.460661
0.434841
0.411048
0.389094
0.368807
0.350037
0.332645
0.316509
0.301519
0.287575
0.274587
0.262474
0.251162
0.240587
0.230687
0.221409
0.212703
0.204524
0.196833
0.189591
0.182766
0.176325
0.170242
0.16449
0.159046
0.153889
0.148998
0.144355
0.139943
0.135748
0.131754
0.127949
0.124321
0.120858
0.11755
0.114387
0.111361
0.108462
0.105683
0.103017
0.100456
0.0979956
0.0956284
0.093349
0.0911521
0.0890329
0.0869864
0.0850083
0.0830944
0.0812407
0.0794434
0.0776991
0.0760043
0.0743559
0.0727512
0.0711874
0.069662
0.068173
0.0667183
0.0652962
0.0639055
0.062545
0.0612139
0.0599118
0.0586385
0.057394
0.0561788
0.0549935
0.053839
0.0527164
0.0516269
0.0505719
0.0495527
0.048571
0.0476282
0.0467259
0.0458657
0.0450492
0.0442782
0.0435545
0.0428802
0.0422579
0.0416903
0.0411813
0.0407353
0.0403582
0.0400576
0.039843
0.0397273
0.961693
0.892186
0.829086
0.77173
0.719525
0.671946
0.628525
0.588844
0.552532
0.519256
0.48872
0.460661
0.434841
0.411048
0.389093
0.368807
0.350036
0.332645
0.316509
0.301519
0.287574
0.274586
0.262473
0.251161
0.240586
0.230686
0.221408
0.212702
0.204523
0.196831
0.189589
0.182764
0.176323
0.17024
0.164488
0.159044
0.153886
0.148995
0.144352
0.13994
0.135745
0.131751
0.127946
0.124317
0.120854
0.117546
0.114383
0.111356
0.108457
0.105677
0.103011
0.10045
0.0979892
0.0956216
0.0933418
0.0911446
0.0890249
0.086978
0.0849994
0.083085
0.0812308
0.0794329
0.077688
0.0759925
0.0743436
0.0727382
0.0711736
0.0696476
0.0681578
0.0667023
0.0652796
0.0638881
0.0625269
0.0611951
0.0598923
0.0586183
0.0573733
0.0561576
0.0549719
0.0538171
0.0526942
0.0516046
0.0505495
0.0495304
0.0485488
0.0476062
0.0467041
0.0458443
0.0450282
0.0442577
0.0435345
0.0428608
0.042239
0.0416721
0.0411636
0.0407182
0.0403416
0.0400413
0.0398271
0.0397116
0.961693
0.892186
0.829086
0.77173
0.719525
0.671946
0.628525
0.588844
0.552532
0.519256
0.48872
0.460661
0.43484
0.411048
0.389093
0.368807
0.350036
0.332644
0.316508
0.301518
0.287574
0.274585
0.262472
0.25116
0.240585
0.230685
0.221406
0.2127
0.204521
0.19683
0.189588
0.182762
0.176321
0.170238
0.164486
0.159041
0.153883
0.148992
0.144349
0.139937
0.135741
0.131747
0.127942
0.124313
0.12085
0.117541
0.114378
0.111351
0.108451
0.105672
0.103005
0.100444
0.0979825
0.0956145
0.0933344
0.0911367
0.0890165
0.0869692
0.0849901
0.0830752
0.0812203
0.0794219
0.0776763
0.0759803
0.0743306
0.0727245
0.0711592
0.0696324
0.0681418
0.0666856
0.0652621
0.0638698
0.0625078
0.0611753
0.0598719
0.0585972
0.0573516
0.0561354
0.0549492
0.0537941
0.0526709
0.0515811
0.050526
0.0495069
0.0485254
0.047583
0.0466813
0.0458218
0.0450062
0.0442362
0.0435136
0.0428405
0.0422193
0.0416529
0.041145
0.0407002
0.0403241
0.0400243
0.0398104
0.0396951
0.961693
0.892186
0.829086
0.77173
0.719525
0.671946
0.628525
0.588844
0.552531
0.519256
0.48872
0.460661
0.43484
0.411048
0.389093
0.368806
0.350035
0.332644
0.316508
0.301517
0.287573
0.274584
0.262471
0.251159
0.240583
0.230683
0.221405
0.212699
0.20452
0.196828
0.189586
0.18276
0.176319
0.170235
0.164483
0.159039
0.15388
0.148989
0.144345
0.139933
0.135737
0.131743
0.127938
0.124309
0.120845
0.117536
0.114373
0.111345
0.108445
0.105666
0.102999
0.100437
0.0979755
0.0956071
0.0933266
0.0911284
0.0890078
0.0869599
0.0849804
0.0830649
0.0812095
0.0794104
0.0776642
0.0759674
0.0743171
0.0727102
0.0711442
0.0696165
0.0681252
0.0666681
0.0652438
0.0638507
0.0624879
0.0611547
0.0598504
0.0585751
0.0573289
0.0561121
0.0549255
0.05377
0.0526466
0.0515566
0.0505014
0.0494823
0.048501
0.0475588
0.0466574
0.0457984
0.0449832
0.0442137
0.0434917
0.0428192
0.0421986
0.0416329
0.0411257
0.0406814
0.0403058
0.0400065
0.039793
0.0396779
0.961693
0.892186
0.829086
0.77173
0.719525
0.671946
0.628525
0.588844
0.552531
0.519256
0.48872
0.460661
0.43484
0.411047
0.389092
0.368806
0.350035
0.332643
0.316507
0.301517
0.287572
0.274583
0.26247
0.251158
0.240582
0.230682
0.221403
0.212697
0.204518
0.196826
0.189584
0.182758
0.176317
0.170233
0.16448
0.159036
0.153878
0.148986
0.144342
0.13993
0.135734
0.131739
0.127934
0.124304
0.120841
0.117531
0.114367
0.11134
0.10844
0.10566
0.102992
0.10043
0.0979683
0.0955995
0.0933184
0.0911199
0.0889987
0.0869504
0.0849702
0.0830541
0.0811981
0.0793984
0.0776515
0.0759541
0.0743029
0.0726953
0.0711285
0.0696
0.0681078
0.0666499
0.0652247
0.0638308
0.0624672
0.0611331
0.0598281
0.0585521
0.0573052
0.0560879
0.0549008
0.0537449
0.0526212
0.051531
0.0504757
0.0494567
0.0484755
0.0475336
0.0466326
0.045774
0.0449593
0.0441904
0.0434689
0.0427971
0.0421772
0.0416121
0.0411055
0.0406618
0.0402868
0.039988
0.0397749
0.03966
0.961693
0.892186
0.829086
0.77173
0.719525
0.671946
0.628525
0.588844
0.552531
0.519256
0.48872
0.46066
0.43484
0.411047
0.389092
0.368805
0.350034
0.332642
0.316506
0.301516
0.287571
0.274583
0.262469
0.251157
0.240581
0.230681
0.221402
0.212695
0.204516
0.196824
0.189582
0.182755
0.176314
0.17023
0.164478
0.159033
0.153874
0.148982
0.144338
0.139926
0.13573
0.131735
0.127929
0.1243
0.120836
0.117526
0.114362
0.111334
0.108434
0.105653
0.102985
0.100423
0.0979607
0.0955915
0.09331
0.091111
0.0889894
0.0869404
0.0849597
0.0830431
0.0811864
0.079386
0.0776384
0.0759402
0.0742883
0.0726799
0.0711122
0.0695829
0.0680898
0.066631
0.0652049
0.0638101
0.0624457
0.0611108
0.059805
0.0585282
0.0572807
0.0560627
0.0548752
0.0537188
0.0525949
0.0515045
0.0504492
0.0494302
0.0484492
0.0475075
0.0466068
0.0457486
0.0449345
0.0441662
0.0434453
0.0427741
0.0421549
0.0415906
0.0410846
0.0406415
0.0402671
0.0399688
0.0397561
0.0396414
0.961693
0.892186
0.829086
0.77173
0.719525
0.671946
0.628525
0.588844
0.552531
0.519255
0.48872
0.46066
0.43484
0.411047
0.389092
0.368805
0.350034
0.332642
0.316506
0.301515
0.28757
0.274582
0.262468
0.251156
0.24058
0.230679
0.2214
0.212694
0.204514
0.196822
0.189579
0.182753
0.176312
0.170228
0.164475
0.15903
0.153871
0.148979
0.144335
0.139922
0.135726
0.131731
0.127925
0.124295
0.120831
0.117521
0.114356
0.111328
0.108427
0.105647
0.102978
0.100416
0.097953
0.0955833
0.0933014
0.0911018
0.0889797
0.0869302
0.0849489
0.0830316
0.0811743
0.0793732
0.0776249
0.0759259
0.0742732
0.0726639
0.0710954
0.0695652
0.0680712
0.0666115
0.0651845
0.0637888
0.0624234
0.0610876
0.0597811
0.0585035
0.0572553
0.0560368
0.0548487
0.0536919
0.0525677
0.0514771
0.0504217
0.0494028
0.0484219
0.0474806
0.0465802
0.0457225
0.0449089
0.0441411
0.043421
0.0427505
0.042132
0.0415683
0.041063
0.0406206
0.0402468
0.039949
0.0397367
0.0396223
0.961693
0.892186
0.829086
0.77173
0.719525
0.671946
0.628525
0.588844
0.552531
0.519255
0.48872
0.46066
0.434839
0.411046
0.389091
0.368804
0.350033
0.332641
0.316505
0.301514
0.287569
0.27458
0.262467
0.251155
0.240578
0.230678
0.221399
0.212692
0.204512
0.19682
0.189577
0.18275
0.176309
0.170225
0.164472
0.159027
0.153868
0.148975
0.144331
0.139918
0.135721
0.131726
0.12792
0.12429
0.120825
0.117515
0.114351
0.111322
0.108421
0.10564
0.102971
0.100408
0.097945
0.0955749
0.0932925
0.0910924
0.0889697
0.0869197
0.0849378
0.0830198
0.0811619
0.0793601
0.077611
0.0759112
0.0742577
0.0726475
0.0710781
0.069547
0.0680521
0.0665914
0.0651634
0.0637668
0.0624005
0.0610638
0.0597564
0.0584781
0.0572291
0.05601
0.0548214
0.0536642
0.0525396
0.0514489
0.0503934
0.0493746
0.0483939
0.0474528
0.0465529
0.0456956
0.0448826
0.0441154
0.0433959
0.0427261
0.0421083
0.0415454
0.0410409
0.0405991
0.0402259
0.0399286
0.0397167
0.0396025
0.961693
0.892186
0.829086
0.77173
0.719525
0.671946
0.628525
0.588844
0.552531
0.519255
0.48872
0.46066
0.434839
0.411046
0.389091
0.368804
0.350033
0.332641
0.316504
0.301513
0.287568
0.274579
0.262465
0.251153
0.240577
0.230676
0.221397
0.21269
0.20451
0.196818
0.189575
0.182748
0.176306
0.170222
0.164469
0.159024
0.153864
0.148972
0.144327
0.139914
0.135717
0.131722
0.127915
0.124285
0.12082
0.11751
0.114345
0.111316
0.108414
0.105633
0.102964
0.100401
0.0979368
0.0955662
0.0932833
0.0910828
0.0889595
0.0869089
0.0849264
0.0830078
0.0811491
0.0793466
0.0775967
0.0758961
0.0742418
0.0726307
0.0710604
0.0695283
0.0680324
0.0665708
0.0651418
0.0637442
0.062377
0.0610394
0.0597311
0.058452
0.0572023
0.0559825
0.0547934
0.0536358
0.0525109
0.05142
0.0503644
0.0493456
0.0483651
0.0474243
0.0465248
0.045668
0.0448556
0.0440891
0.0433703
0.0427012
0.0420841
0.041522
0.0410181
0.0405771
0.0402045
0.0399078
0.0396963
0.0395823
0.961693
0.892186
0.829086
0.77173
0.719525
0.671946
0.628525
0.588844
0.552531
0.519255
0.48872
0.46066
0.434839
0.411046
0.389091
0.368804
0.350032
0.33264
0.316504
0.301513
0.287567
0.274578
0.262464
0.251152
0.240575
0.230674
0.221395
0.212688
0.204508
0.196815
0.189572
0.182745
0.176304
0.170219
0.164466
0.15902
0.153861
0.148968
0.144323
0.13991
0.135713
0.131717
0.12791
0.12428
0.120815
0.117504
0.114339
0.111309
0.108408
0.105626
0.102956
0.100393
0.0979285
0.0955574
0.093274
0.091073
0.0889492
0.0868979
0.0849148
0.0829955
0.0811361
0.0793328
0.0775822
0.0758808
0.0742255
0.0726136
0.0710423
0.0695093
0.0680124
0.0665497
0.0651198
0.0637212
0.0623529
0.0610144
0.0597052
0.0584253
0.0571749
0.0559544
0.0547647
0.0536067
0.0524815
0.0513904
0.0503348
0.049316
0.0483357
0.0473952
0.0464961
0.0456398
0.044828
0.0440621
0.043344
0.0426757
0.0420594
0.041498
0.0409949
0.0405546
0.0401827
0.0398864
0.0396754
0.0395617
0.961693
0.892186
0.829086
0.77173
0.719525
0.671946
0.628525
0.588844
0.552531
0.519255
0.488719
0.460659
0.434839
0.411045
0.38909
0.368803
0.350032
0.332639
0.316503
0.301512
0.287566
0.274577
0.262463
0.25115
0.240574
0.230673
0.221393
0.212686
0.204506
0.196813
0.18957
0.182743
0.176301
0.170216
0.164462
0.159017
0.153857
0.148964
0.144319
0.139906
0.135708
0.131713
0.127905
0.124275
0.120809
0.117498
0.114333
0.111303
0.108401
0.105618
0.102949
0.100385
0.09792
0.0955485
0.0932646
0.091063
0.0889386
0.0868868
0.084903
0.082983
0.0811229
0.0793189
0.0775674
0.0758651
0.074209
0.0725961
0.0710238
0.0694898
0.0679919
0.0665283
0.0650973
0.0636976
0.0623284
0.0609889
0.0596788
0.0583981
0.0571469
0.0559258
0.0547355
0.053577
0.0524515
0.0513602
0.0503045
0.0492859
0.0483057
0.0473656
0.0464669
0.0456111
0.0447998
0.0440347
0.0433173
0.0426497
0.0420342
0.0414736
0.0409713
0.0405317
0.0401604
0.0398647
0.0396541
0.0395406
0.961693
0.892186
0.829086
0.77173
0.719525
0.671946
0.628525
0.588844
0.552531
0.519255
0.488719
0.460659
0.434838
0.411045
0.38909
0.368802
0.350031
0.332638
0.316502
0.301511
0.287565
0.274576
0.262461
0.251149
0.240572
0.230671
0.221391
0.212684
0.204504
0.196811
0.189567
0.18274
0.176298
0.170213
0.164459
0.159013
0.153854
0.14896
0.144315
0.139902
0.135704
0.131708
0.1279
0.124269
0.120803
0.117492
0.114326
0.111296
0.108394
0.105611
0.102941
0.100377
0.0979114
0.0955394
0.093255
0.0910528
0.0889279
0.0868754
0.084891
0.0829703
0.0811095
0.0793047
0.0775523
0.0758492
0.0741922
0.0725783
0.0710051
0.0694701
0.0679712
0.0665065
0.0650744
0.0636738
0.0623035
0.0609631
0.059652
0.0583704
0.0571184
0.0558966
0.0547058
0.0535469
0.052421
0.0513295
0.0502738
0.0492552
0.0482753
0.0473354
0.0464372
0.045582
0.0447713
0.0440068
0.0432902
0.0426234
0.0420087
0.0414488
0.0409473
0.0405084
0.0401378
0.0398427
0.0396325
0.0395193
0.961693
0.892186
0.829086
0.77173
0.719525
0.671946
0.628525
0.588844
0.552531
0.519255
0.488719
0.460659
0.434838
0.411045
0.389089
0.368802
0.35003
0.332638
0.316501
0.30151
0.287564
0.274575
0.26246
0.251147
0.24057
0.230669
0.221389
0.212682
0.204502
0.196808
0.189565
0.182737
0.176295
0.17021
0.164456
0.15901
0.15385
0.148957
0.144311
0.139897
0.135699
0.131703
0.127895
0.124264
0.120798
0.117486
0.11432
0.11129
0.108387
0.105604
0.102933
0.100368
0.0979028
0.0955303
0.0932454
0.0910426
0.0889171
0.086864
0.0848789
0.0829576
0.0810959
0.0792903
0.0775372
0.0758332
0.0741752
0.0725604
0.0709862
0.0694502
0.0679502
0.0664844
0.0650513
0.0636496
0.0622783
0.0609369
0.0596249
0.0583424
0.0570896
0.0558671
0.0546757
0.0535163
0.0523902
0.0512985
0.0502427
0.0492242
0.0482445
0.047305
0.0464071
0.0455525
0.0447425
0.0439787
0.0432628
0.0425968
0.0419829
0.0414238
0.040923
0.0404849
0.0401149
0.0398204
0.0396106
0.0394977
0.961693
0.892186
0.829086
0.77173
0.719525
0.671946
0.628525
0.588844
0.552531
0.519255
0.488719
0.460659
0.434838
0.411044
0.389089
0.368801
0.35003
0.332637
0.3165
0.301509
0.287563
0.274573
0.262459
0.251146
0.240569
0.230667
0.221387
0.21268
0.204499
0.196806
0.189562
0.182734
0.176292
0.170207
0.164453
0.159006
0.153846
0.148953
0.144307
0.139893
0.135695
0.131698
0.12789
0.124259
0.120792
0.11748
0.114314
0.111283
0.10838
0.105596
0.102925
0.10036
0.0978941
0.0955211
0.0932357
0.0910324
0.0889063
0.0868526
0.0848668
0.0829447
0.0810823
0.0792759
0.0775219
0.075817
0.0741581
0.0725424
0.0709671
0.0694301
0.067929
0.0664622
0.065028
0.0636252
0.0622529
0.0609104
0.0595975
0.0583141
0.0570606
0.0558374
0.0546454
0.0534856
0.0523591
0.0512672
0.0502114
0.0491929
0.0482134
0.0472742
0.0463769
0.0455227
0.0447134
0.0439503
0.0432351
0.0425699
0.0419568
0.0413986
0.0408986
0.0404612
0.0400919
0.0397979
0.0395886
0.0394759
0.961693
0.892186
0.829086
0.77173
0.719525
0.671946
0.628525
0.588844
0.552531
0.519255
0.488719
0.460658
0.434837
0.411044
0.389088
0.368801
0.350029
0.332636
0.316499
0.301507
0.287562
0.274572
0.262457
0.251144
0.240567
0.230665
0.221385
0.212677
0.204497
0.196803
0.189559
0.182732
0.176289
0.170203
0.164449
0.159003
0.153842
0.148949
0.144303
0.139888
0.13569
0.131693
0.127885
0.124253
0.120786
0.117474
0.114307
0.111276
0.108373
0.105589
0.102918
0.100352
0.0978853
0.0955119
0.0932259
0.0910221
0.0888954
0.0868411
0.0848546
0.0829318
0.0810687
0.0792615
0.0775066
0.0758008
0.074141
0.0725242
0.070948
0.0694099
0.0679078
0.0664398
0.0650046
0.0636007
0.0622273
0.0608839
0.05957
0.0582857
0.0570314
0.0558075
0.0546149
0.0534546
0.0523278
0.0512357
0.0501798
0.0491615
0.0481822
0.0472434
0.0463465
0.0454929
0.0446841
0.0439218
0.0432074
0.042543
0.0419307
0.0413733
0.0408741
0.0404374
0.0400688
0.0397754
0.0395664
0.039454
0.961693
0.892186
0.829087
0.77173
0.719525
0.671946
0.628525
0.588844
0.552531
0.519254
0.488718
0.460658
0.434837
0.411043
0.389088
0.3688
0.350028
0.332635
0.316498
0.301506
0.28756
0.27457
0.262456
0.251142
0.240565
0.230663
0.221383
0.212675
0.204495
0.196801
0.189557
0.182729
0.176286
0.1702
0.164446
0.158999
0.153839
0.148945
0.144299
0.139884
0.135685
0.131688
0.12788
0.124248
0.120781
0.117468
0.114301
0.11127
0.108366
0.105582
0.10291
0.100344
0.0978767
0.0955027
0.0932163
0.0910119
0.0888846
0.0868296
0.0848425
0.082919
0.0810551
0.0792471
0.0774913
0.0757846
0.0741239
0.0725061
0.0709289
0.0693897
0.0678865
0.0664175
0.0649811
0.0635762
0.0622018
0.0608573
0.0595424
0.0582573
0.0570021
0.0557775
0.0545844
0.0534236
0.0522965
0.0512042
0.0501483
0.04913
0.048151
0.0472125
0.046316
0.045463
0.0446549
0.0438932
0.0431796
0.042516
0.0419046
0.0413479
0.0408495
0.0404136
0.0400456
0.0397528
0.0395443
0.0394321
0.961693
0.892186
0.829087
0.77173
0.719525
0.671946
0.628525
0.588844
0.552531
0.519254
0.488718
0.460658
0.434837
0.411043
0.389087
0.368799
0.350027
0.332634
0.316497
0.301505
0.287559
0.274569
0.262454
0.251141
0.240563
0.230661
0.221381
0.212673
0.204492
0.196798
0.189554
0.182726
0.176283
0.170197
0.164442
0.158996
0.153835
0.148941
0.144294
0.13988
0.135681
0.131683
0.127875
0.124242
0.120775
0.117462
0.114295
0.111263
0.108359
0.105574
0.102902
0.100336
0.097868
0.0954936
0.0932066
0.0910017
0.0888738
0.0868182
0.0848304
0.0829062
0.0810416
0.0792327
0.0774762
0.0757686
0.0741068
0.0724881
0.0709098
0.0693696
0.0678653
0.0663952
0.0649578
0.0635518
0.0621763
0.0608308
0.059515
0.0582289
0.0569729
0.0557477
0.0545539
0.0533927
0.0522652
0.0511728
0.0501168
0.0490987
0.0481198
0.0471817
0.0462857
0.0454332
0.0446258
0.0438648
0.043152
0.0424892
0.0418785
0.0413227
0.0408251
0.0403899
0.0400226
0.0397303
0.0395222
0.0394103
0.961693
0.892186
0.829087
0.77173
0.719525
0.671946
0.628525
0.588843
0.55253
0.519254
0.488718
0.460657
0.434836
0.411042
0.389086
0.368798
0.350026
0.332633
0.316496
0.301504
0.287558
0.274568
0.262452
0.251139
0.240561
0.230659
0.221379
0.21267
0.20449
0.196796
0.189551
0.182723
0.17628
0.170194
0.164439
0.158992
0.153831
0.148937
0.14429
0.139875
0.135676
0.131678
0.12787
0.124237
0.120769
0.117456
0.114288
0.111256
0.108352
0.105567
0.102894
0.100327
0.0978595
0.0954846
0.0931971
0.0909917
0.0888632
0.086807
0.0848185
0.0828936
0.0810282
0.0792185
0.0774611
0.0757526
0.07409
0.0724703
0.070891
0.0693497
0.0678444
0.0663732
0.0649346
0.0635275
0.062151
0.0608044
0.0594877
0.0582007
0.056944
0.055718
0.0545236
0.053362
0.0522342
0.0511416
0.0500855
0.0490675
0.0480889
0.0471511
0.0462555
0.0454037
0.0445969
0.0438366
0.0431246
0.0424625
0.0418527
0.0412977
0.0408008
0.0403663
0.0399997
0.039708
0.0395003
0.0393887
0.961693
0.892186
0.829087
0.77173
0.719525
0.671946
0.628525
0.588843
0.55253
0.519254
0.488718
0.460657
0.434836
0.411042
0.389086
0.368798
0.350025
0.332632
0.316495
0.301503
0.287556
0.274566
0.262451
0.251137
0.240559
0.230657
0.221377
0.212668
0.204487
0.196793
0.189548
0.18272
0.176277
0.17019
0.164436
0.158988
0.153827
0.148933
0.144286
0.139871
0.135671
0.131674
0.127864
0.124232
0.120764
0.117451
0.114282
0.11125
0.108345
0.10556
0.102887
0.10032
0.0978511
0.0954758
0.0931878
0.0909818
0.0888527
0.0867959
0.0848068
0.0828812
0.081015
0.0792046
0.0774463
0.075737
0.0740734
0.0724527
0.0708724
0.0693301
0.0678237
0.0663514
0.0649118
0.0635036
0.062126
0.0607785
0.0594607
0.0581729
0.0569153
0.0556887
0.0544938
0.0533316
0.0522035
0.0511107
0.0500547
0.0490367
0.0480583
0.0471209
0.0462258
0.0453745
0.0445683
0.0438088
0.0430975
0.0424362
0.0418272
0.041273
0.0407769
0.0403431
0.0399771
0.0396859
0.0394787
0.0393673
0.961693
0.892186
0.829087
0.77173
0.719525
0.671946
0.628525
0.588843
0.55253
0.519254
0.488717
0.460657
0.434835
0.411041
0.389085
0.368797
0.350024
0.332631
0.316493
0.301501
0.287555
0.274564
0.262449
0.251135
0.240557
0.230655
0.221374
0.212666
0.204485
0.19679
0.189546
0.182717
0.176274
0.170187
0.164432
0.158985
0.153824
0.148929
0.144282
0.139866
0.135667
0.131669
0.12786
0.124226
0.120758
0.117445
0.114276
0.111244
0.108338
0.105553
0.10288
0.100312
0.0978429
0.0954671
0.0931786
0.0909721
0.0888425
0.0867851
0.0847953
0.082869
0.0810021
0.0791909
0.0774319
0.0757216
0.0740571
0.0724355
0.0708542
0.0693108
0.0678034
0.06633
0.0648893
0.0634801
0.0621014
0.0607529
0.0594343
0.0581456
0.0568872
0.0556599
0.0544644
0.0533018
0.0521734
0.0510804
0.0500243
0.0490064
0.0480283
0.0470912
0.0461966
0.0453458
0.0445403
0.0437814
0.0430709
0.0424104
0.0418021
0.0412487
0.0407533
0.0403203
0.0399549
0.0396643
0.0394574
0.0393462
0.961693
0.892186
0.829087
0.77173
0.719525
0.671946
0.628525
0.588843
0.55253
0.519253
0.488717
0.460656
0.434834
0.41104
0.389084
0.368796
0.350023
0.33263
0.316492
0.3015
0.287553
0.274563
0.262447
0.251134
0.240555
0.230653
0.221372
0.212663
0.204482
0.196788
0.189543
0.182714
0.176271
0.170184
0.164429
0.158981
0.15382
0.148925
0.144278
0.139862
0.135663
0.131664
0.127855
0.124221
0.120753
0.117439
0.11427
0.111237
0.108332
0.105546
0.102872
0.100304
0.097835
0.0954587
0.0931698
0.0909627
0.0888326
0.0867745
0.0847842
0.0828572
0.0809896
0.0791776
0.0774178
0.0757067
0.0740412
0.0724187
0.0708364
0.069292
0.0677835
0.0663092
0.0648674
0.0634571
0.0620775
0.060728
0.0594084
0.0581188
0.0568597
0.0556317
0.0544356
0.0532726
0.0521439
0.0510508
0.0499946
0.0489769
0.0479989
0.0470622
0.046168
0.0453178
0.0445128
0.0437547
0.0430449
0.0423851
0.0417777
0.041225
0.0407304
0.040298
0.0399332
0.0396431
0.0394366
0.0393256
0.961693
0.892186
0.829087
0.77173
0.719525
0.671946
0.628524
0.588843
0.55253
0.519253
0.488716
0.460656
0.434834
0.41104
0.389083
0.368795
0.350022
0.332629
0.316491
0.301498
0.287552
0.274561
0.262446
0.251132
0.240554
0.230651
0.22137
0.212661
0.20448
0.196785
0.18954
0.182711
0.176268
0.170181
0.164426
0.158978
0.153816
0.148921
0.144274
0.139858
0.135658
0.13166
0.12785
0.124216
0.120748
0.117434
0.114265
0.111232
0.108326
0.105539
0.102865
0.100297
0.0978273
0.0954506
0.0931612
0.0909537
0.088823
0.0867644
0.0847734
0.0828458
0.0809775
0.0791648
0.0774041
0.0756922
0.0740259
0.0724025
0.0708192
0.0692739
0.0677644
0.066289
0.0648462
0.0634349
0.0620542
0.0607038
0.0593833
0.0580929
0.056833
0.0556043
0.0544077
0.0532443
0.0521153
0.051022
0.0499658
0.0489481
0.0479704
0.047034
0.0461402
0.0452905
0.0444862
0.0437287
0.0430196
0.0423606
0.0417539
0.0412019
0.040708
0.0402763
0.0399122
0.0396225
0.0394164
0.0393056
0.961693
0.892186
0.829087
0.77173
0.719525
0.671946
0.628524
0.588843
0.552529
0.519253
0.488716
0.460655
0.434833
0.411039
0.389082
0.368794
0.350021
0.332627
0.31649
0.301497
0.28755
0.27456
0.262444
0.25113
0.240552
0.230649
0.221368
0.212659
0.204477
0.196783
0.189538
0.182709
0.176265
0.170178
0.164422
0.158975
0.153813
0.148918
0.14427
0.139854
0.135654
0.131656
0.127846
0.124212
0.120743
0.117429
0.114259
0.111226
0.10832
0.105533
0.102859
0.10029
0.0978199
0.0954428
0.093153
0.090945
0.0888138
0.0867547
0.0847631
0.0828348
0.0809659
0.0791525
0.0773911
0.0756783
0.0740112
0.0723869
0.0708027
0.0692564
0.0677459
0.0662695
0.0648258
0.0634135
0.0620319
0.0606805
0.0593591
0.0580679
0.0568073
0.055578
0.0543808
0.053217
0.0520877
0.0509942
0.049938
0.0489204
0.0479429
0.0470068
0.0461135
0.0452643
0.0444606
0.0437037
0.0429953
0.042337
0.041731
0.0411798
0.0406865
0.0402554
0.0398918
0.0396026
0.0393969
0.0392863
0.961693
0.892186
0.829087
0.77173
0.719525
0.671946
0.628524
0.588843
0.552529
0.519252
0.488715
0.460654
0.434833
0.411038
0.389081
0.368793
0.35002
0.332626
0.316488
0.301496
0.287549
0.274558
0.262442
0.251128
0.24055
0.230647
0.221366
0.212657
0.204475
0.19678
0.189535
0.182706
0.176262
0.170175
0.164419
0.158971
0.15381
0.148914
0.144267
0.139851
0.13565
0.131651
0.127841
0.124207
0.120738
0.117424
0.114254
0.11122
0.108314
0.105527
0.102853
0.100283
0.0978129
0.0954355
0.0931452
0.0909367
0.0888051
0.0867454
0.0847533
0.0828245
0.0809549
0.0791408
0.0773787
0.0756652
0.0739972
0.072372
0.070787
0.0692398
0.0677284
0.066251
0.0648063
0.0633931
0.0620105
0.0606582
0.059336
0.058044
0.0567827
0.0555528
0.0543552
0.0531909
0.0520613
0.0509677
0.0499115
0.048894
0.0479167
0.0469809
0.046088
0.0452393
0.0444361
0.0436799
0.0429721
0.0423145
0.0417091
0.0411585
0.040666
0.0402355
0.0398724
0.0395837
0.0393782
0.0392679
0.961693
0.892186
0.829087
0.77173
0.719525
0.671946
0.628524
0.588842
0.552529
0.519252
0.488715
0.460654
0.434832
0.411037
0.38908
0.368792
0.350019
0.332625
0.316487
0.301494
0.287547
0.274556
0.26244
0.251126
0.240548
0.230645
0.221364
0.212655
0.204473
0.196778
0.189533
0.182703
0.176259
0.170172
0.164416
0.158968
0.153806
0.148911
0.144263
0.139847
0.135646
0.131648
0.127837
0.124203
0.120734
0.117419
0.114249
0.111215
0.108309
0.105522
0.102847
0.100277
0.0978064
0.0954285
0.0931379
0.090929
0.0887969
0.0867368
0.0847441
0.0828147
0.0809445
0.0791298
0.077367
0.0756528
0.0739841
0.0723581
0.0707722
0.0692241
0.0677118
0.0662336
0.0647879
0.0633738
0.0619904
0.0606373
0.0593142
0.0580215
0.0567595
0.055529
0.0543309
0.0531663
0.0520364
0.0509426
0.0498864
0.0488689
0.0478918
0.0469563
0.0460638
0.0452156
0.0444129
0.0436573
0.0429501
0.0422931
0.0416884
0.0411385
0.0406465
0.0402166
0.039854
0.0395657
0.0393606
0.0392504
0.961693
0.892186
0.829087
0.77173
0.719525
0.671946
0.628524
0.588842
0.552528
0.519251
0.488714
0.460653
0.434831
0.411036
0.38908
0.368791
0.350018
0.332624
0.316486
0.301493
0.287546
0.274555
0.262439
0.251125
0.240546
0.230643
0.221362
0.212652
0.204471
0.196776
0.18953
0.182701
0.176257
0.17017
0.164414
0.158966
0.153804
0.148908
0.14426
0.139844
0.135643
0.131644
0.127833
0.124199
0.12073
0.117415
0.114245
0.111211
0.108304
0.105516
0.102841
0.100271
0.0978003
0.0954221
0.0931311
0.0909218
0.0887893
0.0867287
0.0847356
0.0828057
0.080935
0.0791196
0.0773562
0.0756413
0.0739719
0.0723451
0.0707585
0.0692096
0.0676965
0.0662174
0.0647709
0.0633559
0.0619716
0.0606177
0.0592939
0.0580005
0.0567379
0.0555068
0.0543082
0.0531433
0.0520131
0.0509192
0.0498629
0.0488456
0.0478686
0.0469334
0.0460412
0.0451934
0.0443913
0.0436361
0.0429295
0.0422732
0.041669
0.0411197
0.0406283
0.0401988
0.0398367
0.0395488
0.039344
0.039234
0.961693
0.892186
0.829087
0.77173
0.719525
0.671946
0.628524
0.588842
0.552528
0.519251
0.488714
0.460652
0.43483
0.411035
0.389079
0.36879
0.350017
0.332623
0.316484
0.301491
0.287544
0.274553
0.262437
0.251123
0.240544
0.230641
0.22136
0.21265
0.204469
0.196774
0.189528
0.182699
0.176254
0.170167
0.164411
0.158963
0.153801
0.148905
0.144257
0.13984
0.13564
0.131641
0.12783
0.124195
0.120726
0.117411
0.114241
0.111206
0.108299
0.105512
0.102836
0.100266
0.0977947
0.0954163
0.0931249
0.0909153
0.0887824
0.0867214
0.0847279
0.0827975
0.0809262
0.0791104
0.0773463
0.0756308
0.0739608
0.0723333
0.0707459
0.0691963
0.0676824
0.0662025
0.0647552
0.0633395
0.0619545
0.0605998
0.0592753
0.0579812
0.056718
0.0554864
0.0542874
0.0531221
0.0519917
0.0508977
0.0498413
0.0488241
0.0478473
0.0469123
0.0460205
0.045173
0.0443713
0.0436167
0.0429106
0.0422548
0.0416512
0.0411024
0.0406114
0.0401825
0.0398208
0.0395332
0.0393287
0.0392189
0.961693
0.892186
0.829087
0.77173
0.719525
0.671945
0.628523
0.588841
0.552528
0.51925
0.488713
0.460652
0.434829
0.411035
0.389078
0.368789
0.350016
0.332621
0.316483
0.30149
0.287543
0.274552
0.262436
0.251121
0.240543
0.23064
0.221358
0.212649
0.204467
0.196772
0.189526
0.182697
0.176252
0.170165
0.164409
0.158961
0.153798
0.148902
0.144254
0.139838
0.135637
0.131638
0.127827
0.124192
0.120722
0.117407
0.114237
0.111202
0.108295
0.105507
0.102832
0.100261
0.0977897
0.095411
0.0931194
0.0909095
0.0887762
0.0867149
0.0847209
0.0827901
0.0809184
0.0791021
0.0773375
0.0756215
0.0739508
0.0723228
0.0707347
0.0691844
0.0676698
0.0661892
0.0647412
0.0633248
0.061939
0.0605837
0.0592586
0.0579639
0.0567001
0.0554681
0.0542687
0.0531031
0.0519725
0.0508783
0.0498219
0.0488047
0.047828
0.0468933
0.0460017
0.0451546
0.0443533
0.0435991
0.0428935
0.0422382
0.041635
0.0410867
0.0405962
0.0401677
0.0398063
0.039519
0.0393148
0.0392051
0.961693
0.892186
0.829087
0.77173
0.719525
0.671945
0.628523
0.588841
0.552527
0.51925
0.488712
0.460651
0.434829
0.411034
0.389077
0.368788
0.350014
0.33262
0.316482
0.301489
0.287542
0.274551
0.262434
0.25112
0.240541
0.230638
0.221356
0.212647
0.204465
0.19677
0.189524
0.182695
0.17625
0.170163
0.164407
0.158958
0.153796
0.1489
0.144252
0.139835
0.135634
0.131635
0.127824
0.124189
0.120719
0.117404
0.114234
0.111199
0.108291
0.105503
0.102828
0.100257
0.0977854
0.0954065
0.0931146
0.0909044
0.0887709
0.0867092
0.0847149
0.0827838
0.0809117
0.0790949
0.0773299
0.0756133
0.0739422
0.0723136
0.070725
0.0691741
0.0676589
0.0661777
0.064729
0.0633119
0.0619256
0.0605696
0.0592439
0.0579487
0.0566845
0.0554521
0.0542523
0.0530864
0.0519556
0.0508613
0.0498048
0.0487877
0.0478111
0.0468765
0.0459852
0.0451385
0.0443375
0.0435837
0.0428784
0.0422235
0.0416208
0.0410728
0.0405827
0.0401545
0.0397935
0.0395065
0.0393024
0.0391929
0.961693
0.892186
0.829087
0.77173
0.719525
0.671945
0.628523
0.58884
0.552527
0.519249
0.488712
0.46065
0.434828
0.411033
0.389076
0.368787
0.350013
0.332619
0.316481
0.301488
0.287541
0.274549
0.262433
0.251119
0.24054
0.230637
0.221355
0.212646
0.204464
0.196768
0.189523
0.182693
0.176249
0.170161
0.164405
0.158957
0.153794
0.148898
0.14425
0.139833
0.135632
0.131633
0.127822
0.124187
0.120717
0.117401
0.114231
0.111196
0.108288
0.1055
0.102824
0.100254
0.0977818
0.0954027
0.0931106
0.0909002
0.0887664
0.0867045
0.0847099
0.0827785
0.080906
0.0790889
0.0773235
0.0756066
0.073935
0.0723059
0.0707168
0.0691654
0.0676497
0.066168
0.0647188
0.0633012
0.0619143
0.0605579
0.0592317
0.057936
0.0566714
0.0554386
0.0542385
0.0530723
0.0519414
0.0508469
0.0497904
0.0487733
0.0477968
0.0468624
0.0459713
0.0451247
0.044324
0.0435705
0.0428656
0.042211
0.0416086
0.041061
0.0405711
0.0401432
0.0397824
0.0394956
0.0392917
0.0391823
0.961693
0.892186
0.829087
0.77173
0.719524
0.671945
0.628522
0.58884
0.552526
0.519248
0.488711
0.46065
0.434827
0.411032
0.389075
0.368786
0.350013
0.332618
0.31648
0.301487
0.287539
0.274548
0.262432
0.251117
0.240539
0.230635
0.221354
0.212644
0.204462
0.196767
0.189521
0.182692
0.176247
0.17016
0.164403
0.158955
0.153793
0.148896
0.144248
0.139831
0.13563
0.131631
0.12782
0.124185
0.120715
0.117399
0.114229
0.111194
0.108286
0.105498
0.102822
0.100251
0.0977789
0.0953997
0.0931074
0.0908969
0.0887629
0.0867008
0.084706
0.0827743
0.0809016
0.0790842
0.0773186
0.0756013
0.0739294
0.0722999
0.0707105
0.0691587
0.0676426
0.0661604
0.0647108
0.0632928
0.0619055
0.0605486
0.059222
0.057926
0.0566611
0.0554279
0.0542276
0.0530612
0.0519301
0.0508355
0.049779
0.0487618
0.0477854
0.0468511
0.0459601
0.0451137
0.0443133
0.04356
0.0428553
0.0422009
0.0415987
0.0410513
0.0405617
0.0401339
0.0397733
0.0394866
0.0392828
0.0391735
0.961693
0.892186
0.829086
0.77173
0.719524
0.671944
0.628522
0.58884
0.552526
0.519248
0.488711
0.460649
0.434826
0.411031
0.389074
0.368785
0.350012
0.332617
0.316479
0.301486
0.287539
0.274547
0.262431
0.251117
0.240538
0.230635
0.221353
0.212643
0.204461
0.196766
0.18952
0.182691
0.176246
0.170159
0.164402
0.158954
0.153791
0.148895
0.144247
0.13983
0.135629
0.131629
0.127818
0.124183
0.120713
0.117398
0.114227
0.111192
0.108284
0.105496
0.10282
0.100249
0.0977769
0.0953975
0.0931052
0.0908945
0.0887604
0.0866982
0.0847033
0.0827714
0.0808985
0.0790809
0.0773151
0.0755976
0.0739254
0.0722957
0.070706
0.0691539
0.0676375
0.066155
0.0647051
0.0632868
0.0618992
0.060542
0.0592151
0.0579189
0.0566536
0.0554203
0.0542197
0.0530532
0.0519219
0.0508272
0.0497706
0.0487534
0.047777
0.0468428
0.0459519
0.0451056
0.0443053
0.0435521
0.0428476
0.0421933
0.0415913
0.041044
0.0405545
0.0401269
0.0397663
0.0394797
0.0392759
0.0391666
0.961693
0.892186
0.829086
0.771729
0.719524
0.671944
0.628522
0.588839
0.552525
0.519247
0.48871
0.460648
0.434826
0.411031
0.389074
0.368785
0.350011
0.332617
0.316478
0.301485
0.287538
0.274547
0.26243
0.251116
0.240537
0.230634
0.221352
0.212643
0.20446
0.196765
0.18952
0.18269
0.176245
0.170158
0.164402
0.158953
0.15379
0.148894
0.144246
0.139829
0.135628
0.131628
0.127817
0.124182
0.120712
0.117397
0.114226
0.111191
0.108283
0.105495
0.102819
0.100248
0.0977756
0.0953962
0.0931038
0.0908931
0.0887589
0.0866966
0.0847016
0.0827696
0.0808967
0.079079
0.077313
0.0755954
0.073923
0.0722932
0.0707033
0.0691511
0.0676345
0.0661518
0.0647017
0.0632832
0.0618954
0.060538
0.059211
0.0579145
0.0566491
0.0554156
0.0542149
0.0530482
0.0519168
0.050822
0.0497653
0.0487481
0.0477718
0.0468375
0.0459467
0.0451005
0.0443002
0.043547
0.0428426
0.0421884
0.0415864
0.0410391
0.0405496
0.040122
0.0397614
0.0394748
0.039271
0.0391617
0.961693
0.892186
0.829086
0.771729
0.719524
0.671944
0.628521
0.588839
0.552525
0.519247
0.48871
0.460648
0.434825
0.41103
0.389073
0.368784
0.350011
0.332616
0.316478
0.301485
0.287538
0.274546
0.26243
0.251115
0.240537
0.230633
0.221352
0.212642
0.20446
0.196765
0.189519
0.182689
0.176245
0.170157
0.164401
0.158953
0.15379
0.148894
0.144246
0.139829
0.135628
0.131628
0.127817
0.124182
0.120712
0.117396
0.114225
0.11119
0.108283
0.105494
0.102818
0.100247
0.097775
0.0953956
0.0931032
0.0908924
0.0887583
0.0866959
0.0847009
0.0827689
0.0808959
0.0790781
0.0773121
0.0755944
0.073922
0.0722921
0.0707022
0.0691498
0.0676331
0.0661504
0.0647002
0.0632816
0.0618937
0.0605362
0.0592091
0.0579126
0.0566471
0.0554135
0.0542127
0.0530459
0.0519144
0.0508195
0.0497628
0.0487456
0.0477692
0.046835
0.0459441
0.0450979
0.0442976
0.0435445
0.04284
0.0421858
0.0415838
0.0410365
0.040547
0.0401193
0.0397587
0.0394719
0.039268
0.0391587
0.961693
0.892186
0.829086
0.771729
0.719524
0.671944
0.628521
0.588839
0.552525
0.519247
0.48871
0.460648
0.434825
0.41103
0.389073
0.368784
0.350011
0.332616
0.316478
0.301485
0.287537
0.274546
0.26243
0.251115
0.240536
0.230633
0.221352
0.212642
0.20446
0.196765
0.189519
0.182689
0.176245
0.170157
0.164401
0.158952
0.15379
0.148894
0.144245
0.139829
0.135627
0.131628
0.127817
0.124182
0.120712
0.117396
0.114225
0.11119
0.108282
0.105494
0.102818
0.100247
0.0977749
0.0953954
0.093103
0.0908922
0.0887581
0.0866957
0.0847007
0.0827687
0.0808957
0.0790779
0.0773119
0.0755942
0.0739218
0.0722919
0.0707019
0.0691496
0.0676329
0.0661501
0.0646999
0.0632812
0.0618934
0.0605359
0.0592088
0.0579122
0.0566468
0.0554132
0.0542123
0.0530454
0.0519138
0.0508189
0.0497621
0.0487449
0.0477686
0.0468345
0.0459437
0.0450975
0.0442972
0.0435441
0.0428395
0.0421852
0.0415832
0.0410358
0.0405462
0.0401185
0.0397578
0.039471
0.039267
0.0391575
)
;

boundaryField
{
    inlet
    {
        type            fixedValue;
        value           uniform 1;
    }
    outlet
    {
        type            inletOutlet;
        inletValue      uniform 1;
        value           nonuniform List<scalar> 
100
(
0.0391409
0.0391432
0.0391475
0.0391539
0.0391622
0.0391722
0.0391838
0.039197
0.0392115
0.0392273
0.0392443
0.0392623
0.0392811
0.0393008
0.0393211
0.0393419
0.0393631
0.0393847
0.0394065
0.0394285
0.0394505
0.0394725
0.0394944
0.0395161
0.0395375
0.0395587
0.0395794
0.0395997
0.0396195
0.0396388
0.0396574
0.0396755
0.0396928
0.0397094
0.0397252
0.0397402
0.0397544
0.0397677
0.0397801
0.0397915
0.039802
0.0398116
0.0398201
0.0398276
0.0398341
0.0398396
0.039844
0.0398473
0.0398495
0.0398506
0.0398507
0.0398497
0.0398476
0.0398445
0.0398402
0.0398349
0.0398286
0.0398212
0.0398128
0.0398034
0.039793
0.0397817
0.0397694
0.0397562
0.0397422
0.0397273
0.0397116
0.0396951
0.0396779
0.03966
0.0396414
0.0396223
0.0396025
0.0395823
0.0395617
0.0395406
0.0395193
0.0394977
0.0394759
0.039454
0.0394321
0.0394103
0.0393887
0.0393673
0.0393462
0.0393256
0.0393056
0.0392863
0.0392679
0.0392504
0.039234
0.0392189
0.0392051
0.0391929
0.0391823
0.0391735
0.0391666
0.0391617
0.0391587
0.0391575
)
;
    }
    ground
    {
        type            empty;
    }
    top
    {
        type            empty;
    }
    front
    {
        type            inletOutlet;
        inletValue      uniform 1;
        value           nonuniform List<scalar> 
100
(
0.961693
0.892186
0.829086
0.771729
0.719524
0.671944
0.628521
0.588839
0.552525
0.519247
0.48871
0.460648
0.434825
0.41103
0.389073
0.368784
0.35001
0.332616
0.316478
0.301484
0.287537
0.274546
0.262429
0.251115
0.240536
0.230632
0.221351
0.212641
0.204459
0.196763
0.189517
0.182688
0.176243
0.170155
0.164399
0.15895
0.153787
0.148891
0.144242
0.139825
0.135623
0.131623
0.127812
0.124176
0.120706
0.11739
0.114218
0.111183
0.108274
0.105485
0.102808
0.100236
0.0977628
0.0953822
0.0930885
0.0908763
0.0887406
0.0866765
0.0846796
0.0827456
0.0808704
0.0790503
0.0772817
0.0755614
0.0738861
0.0722532
0.07066
0.0691044
0.0675843
0.0660982
0.0646445
0.0632224
0.0618313
0.0604706
0.0591406
0.0578414
0.0565736
0.0553381
0.0541358
0.052968
0.051836
0.0507414
0.0496855
0.0486697
0.0476955
0.046764
0.0458764
0.0450338
0.0442375
0.0434887
0.0427888
0.0421393
0.041542
0.0409994
0.0405144
0.0400909
0.039734
0.0394504
0.0392489
0.0391409
)
;
    }
    back
    {
        type            inletOutlet;
        inletValue      uniform 1;
        value           nonuniform List<scalar> 
100
(
0.961693
0.892186
0.829086
0.771729
0.719524
0.671944
0.628521
0.588839
0.552525
0.519247
0.48871
0.460648
0.434825
0.41103
0.389073
0.368784
0.350011
0.332616
0.316478
0.301485
0.287537
0.274546
0.26243
0.251115
0.240536
0.230633
0.221352
0.212642
0.20446
0.196765
0.189519
0.182689
0.176245
0.170157
0.164401
0.158952
0.15379
0.148894
0.144245
0.139829
0.135627
0.131628
0.127817
0.124182
0.120712
0.117396
0.114225
0.11119
0.108282
0.105494
0.102818
0.100247
0.0977749
0.0953954
0.093103
0.0908922
0.0887581
0.0866957
0.0847007
0.0827687
0.0808957
0.0790779
0.0773119
0.0755942
0.0739218
0.0722919
0.0707019
0.0691496
0.0676329
0.0661501
0.0646999
0.0632812
0.0618934
0.0605359
0.0592088
0.0579122
0.0566468
0.0554132
0.0542123
0.0530454
0.0519138
0.0508189
0.0497621
0.0487449
0.0477686
0.0468345
0.0459437
0.0450975
0.0442972
0.0435441
0.0428395
0.0421852
0.0415832
0.0410358
0.0405462
0.0401185
0.0397578
0.039471
0.039267
0.0391575
)
;
    }
}


// ************************************************************************* //
