/*--------------------------------*- C++ -*----------------------------------*\
  =========                 |
  \\      /  F ield         | OpenFOAM: The Open Source CFD Toolbox
   \\    /   O peration     | Website:  https://openfoam.org
    \\  /    A nd           | Version:  11
     \\/     M anipulation  |
\*---------------------------------------------------------------------------*/
FoamFile
{
    format      ascii;
    class       volScalarField;
    location    "10";
    object      omega;
}
// * * * * * * * * * * * * * * * * * * * * * * * * * * * * * * * * * * * * * //

dimensions      [0 0 -1 0 0 0 0];

internalField   nonuniform List<scalar> 
10000
(
0.956729
0.882462
0.816792
0.761099
0.714772
0.676885
0.646412
0.622298
0.603506
0.589062
0.578099
0.56987
0.563767
0.559282
0.556001
0.553614
0.551886
0.550637
0.549737
0.549086
0.548615
0.548272
0.548021
0.547835
0.547696
0.54759
0.547509
0.547445
0.547394
0.547353
0.547319
0.54729
0.547266
0.547245
0.547227
0.547211
0.547198
0.547185
0.547174
0.547164
0.547155
0.547147
0.54714
0.547134
0.547128
0.547122
0.547117
0.547113
0.547108
0.547105
0.547101
0.547098
0.547095
0.547092
0.547089
0.547087
0.547085
0.547083
0.547081
0.547079
0.547078
0.547076
0.547075
0.547074
0.547072
0.547071
0.54707
0.547069
0.547068
0.547067
0.547067
0.547066
0.547065
0.547065
0.547064
0.547063
0.547063
0.547062
0.547062
0.547062
0.547061
0.547061
0.54706
0.54706
0.547059
0.547059
0.547058
0.547058
0.547057
0.547057
0.547056
0.547056
0.547055
0.547055
0.547054
0.547053
0.547053
0.547052
0.547052
0.547052
0.956779
0.881596
0.816237
0.760732
0.714516
0.676703
0.646288
0.622219
0.603462
0.589045
0.578102
0.569891
0.563793
0.559305
0.556022
0.553634
0.551904
0.550654
0.549752
0.5491
0.548628
0.548284
0.548032
0.547845
0.547705
0.547599
0.547517
0.547453
0.547401
0.547359
0.547325
0.547296
0.547271
0.54725
0.547232
0.547216
0.547202
0.547189
0.547178
0.547168
0.547159
0.54715
0.547143
0.547136
0.54713
0.547124
0.547119
0.547114
0.54711
0.547106
0.547103
0.547099
0.547096
0.547093
0.547091
0.547088
0.547086
0.547084
0.547082
0.54708
0.547079
0.547077
0.547076
0.547074
0.547073
0.547072
0.547071
0.54707
0.547069
0.547068
0.547067
0.547066
0.547066
0.547065
0.547064
0.547064
0.547063
0.547063
0.547062
0.547062
0.547061
0.547061
0.54706
0.54706
0.54706
0.547059
0.547059
0.547058
0.547058
0.547057
0.547057
0.547056
0.547055
0.547055
0.547054
0.547053
0.547053
0.547052
0.547052
0.547052
0.956798
0.881109
0.815698
0.760266
0.714136
0.676407
0.646069
0.622067
0.603361
0.588984
0.578073
0.569884
0.563798
0.559314
0.556034
0.553647
0.551918
0.550668
0.549765
0.549113
0.548641
0.548296
0.548044
0.547857
0.547716
0.54761
0.547527
0.547462
0.54741
0.547368
0.547333
0.547304
0.547279
0.547257
0.547239
0.547222
0.547208
0.547195
0.547183
0.547173
0.547163
0.547155
0.547147
0.54714
0.547134
0.547128
0.547122
0.547117
0.547113
0.547109
0.547105
0.547102
0.547098
0.547095
0.547093
0.54709
0.547088
0.547085
0.547083
0.547082
0.54708
0.547078
0.547077
0.547075
0.547074
0.547073
0.547072
0.547071
0.54707
0.547069
0.547068
0.547067
0.547066
0.547066
0.547065
0.547064
0.547064
0.547063
0.547063
0.547062
0.547062
0.547061
0.547061
0.54706
0.54706
0.54706
0.547059
0.547059
0.547058
0.547058
0.547057
0.547056
0.547056
0.547055
0.547054
0.547054
0.547053
0.547053
0.547052
0.547052
0.956812
0.880845
0.8153
0.759837
0.713739
0.676076
0.645814
0.621883
0.603237
0.588907
0.57803
0.569864
0.563793
0.559318
0.556042
0.553657
0.551929
0.55068
0.549777
0.549125
0.548652
0.548308
0.548055
0.547868
0.547728
0.547621
0.547538
0.547473
0.547421
0.547378
0.547343
0.547313
0.547288
0.547266
0.547246
0.54723
0.547215
0.547201
0.547189
0.547178
0.547169
0.54716
0.547152
0.547145
0.547138
0.547132
0.547126
0.547121
0.547116
0.547112
0.547108
0.547104
0.547101
0.547098
0.547095
0.547092
0.54709
0.547087
0.547085
0.547083
0.547081
0.54708
0.547078
0.547077
0.547075
0.547074
0.547073
0.547072
0.547071
0.54707
0.547069
0.547068
0.547067
0.547067
0.547066
0.547065
0.547065
0.547064
0.547063
0.547063
0.547062
0.547062
0.547062
0.547061
0.547061
0.54706
0.54706
0.547059
0.547059
0.547058
0.547057
0.547057
0.547056
0.547055
0.547055
0.547054
0.547053
0.547053
0.547052
0.547052
0.956828
0.880715
0.815032
0.759493
0.713387
0.675766
0.645567
0.621701
0.603114
0.58883
0.577986
0.569843
0.563786
0.559319
0.556048
0.553665
0.551938
0.550689
0.549787
0.549135
0.548663
0.548318
0.548066
0.547879
0.547738
0.547631
0.547548
0.547483
0.547431
0.547388
0.547352
0.547322
0.547296
0.547274
0.547254
0.547237
0.547222
0.547208
0.547196
0.547185
0.547175
0.547165
0.547157
0.547149
0.547142
0.547136
0.54713
0.547125
0.54712
0.547115
0.547111
0.547107
0.547104
0.5471
0.547097
0.547095
0.547092
0.54709
0.547087
0.547085
0.547083
0.547081
0.54708
0.547078
0.547077
0.547075
0.547074
0.547073
0.547072
0.547071
0.54707
0.547069
0.547068
0.547067
0.547067
0.547066
0.547065
0.547065
0.547064
0.547064
0.547063
0.547063
0.547062
0.547062
0.547061
0.547061
0.54706
0.54706
0.547059
0.547058
0.547058
0.547057
0.547056
0.547056
0.547055
0.547054
0.547054
0.547053
0.547053
0.547052
0.956845
0.880655
0.814862
0.75924
0.713107
0.675505
0.645353
0.621541
0.603003
0.588759
0.577945
0.569822
0.563778
0.559319
0.556051
0.553671
0.551944
0.550695
0.549794
0.549142
0.54867
0.548326
0.548074
0.547887
0.547746
0.54764
0.547557
0.547492
0.547439
0.547396
0.54736
0.54733
0.547304
0.547282
0.547262
0.547244
0.547229
0.547215
0.547202
0.547191
0.54718
0.547171
0.547162
0.547154
0.547147
0.54714
0.547134
0.547129
0.547124
0.547119
0.547114
0.54711
0.547107
0.547103
0.5471
0.547097
0.547094
0.547092
0.547089
0.547087
0.547085
0.547083
0.547081
0.54708
0.547078
0.547077
0.547075
0.547074
0.547073
0.547072
0.547071
0.54707
0.547069
0.547068
0.547068
0.547067
0.547066
0.547066
0.547065
0.547064
0.547064
0.547063
0.547063
0.547062
0.547062
0.547061
0.547061
0.54706
0.547059
0.547059
0.547058
0.547058
0.547057
0.547056
0.547055
0.547055
0.547054
0.547053
0.547053
0.547053
0.956865
0.880631
0.814757
0.759065
0.712899
0.675303
0.645182
0.621411
0.602913
0.588702
0.577911
0.569804
0.563771
0.559317
0.556052
0.553673
0.551947
0.550698
0.549797
0.549145
0.548673
0.54833
0.548078
0.547891
0.547752
0.547645
0.547563
0.547498
0.547446
0.547403
0.547367
0.547337
0.547311
0.547288
0.547268
0.54725
0.547235
0.54722
0.547207
0.547196
0.547185
0.547175
0.547167
0.547158
0.547151
0.547144
0.547138
0.547132
0.547127
0.547122
0.547117
0.547113
0.547109
0.547106
0.547102
0.547099
0.547096
0.547094
0.547091
0.547089
0.547087
0.547085
0.547083
0.547081
0.54708
0.547078
0.547077
0.547075
0.547074
0.547073
0.547072
0.547071
0.54707
0.547069
0.547068
0.547068
0.547067
0.547066
0.547066
0.547065
0.547064
0.547064
0.547063
0.547063
0.547062
0.547062
0.547061
0.547061
0.54706
0.547059
0.547059
0.547058
0.547057
0.547056
0.547056
0.547055
0.547054
0.547054
0.547053
0.547053
0.956885
0.880625
0.814694
0.758947
0.712751
0.675155
0.645054
0.621312
0.602843
0.588657
0.577885
0.569791
0.563764
0.559314
0.556051
0.553672
0.551946
0.550697
0.549796
0.549144
0.548673
0.54833
0.548078
0.547893
0.547754
0.547648
0.547566
0.547502
0.54745
0.547407
0.547372
0.547342
0.547316
0.547293
0.547273
0.547255
0.547239
0.547225
0.547212
0.5472
0.547189
0.547179
0.54717
0.547162
0.547155
0.547148
0.547141
0.547135
0.54713
0.547125
0.54712
0.547116
0.547112
0.547108
0.547104
0.547101
0.547098
0.547095
0.547093
0.54709
0.547088
0.547086
0.547084
0.547082
0.547081
0.547079
0.547078
0.547076
0.547075
0.547074
0.547073
0.547072
0.547071
0.54707
0.547069
0.547068
0.547068
0.547067
0.547066
0.547066
0.547065
0.547064
0.547064
0.547063
0.547063
0.547062
0.547062
0.547061
0.54706
0.54706
0.547059
0.547058
0.547058
0.547057
0.547056
0.547055
0.547055
0.547054
0.547053
0.547053
0.956903
0.880628
0.814657
0.758869
0.712649
0.67505
0.644962
0.621241
0.602794
0.588626
0.577868
0.569782
0.56376
0.559311
0.556048
0.553669
0.551942
0.550693
0.549791
0.54914
0.548668
0.548326
0.548076
0.547891
0.547753
0.547648
0.547567
0.547503
0.547452
0.54741
0.547374
0.547345
0.547319
0.547296
0.547277
0.547259
0.547243
0.547228
0.547215
0.547203
0.547193
0.547183
0.547174
0.547165
0.547157
0.54715
0.547144
0.547138
0.547132
0.547127
0.547122
0.547118
0.547114
0.54711
0.547106
0.547103
0.5471
0.547097
0.547094
0.547092
0.547089
0.547087
0.547085
0.547083
0.547082
0.54708
0.547079
0.547077
0.547076
0.547075
0.547074
0.547072
0.547071
0.547071
0.54707
0.547069
0.547068
0.547067
0.547067
0.547066
0.547065
0.547065
0.547064
0.547064
0.547063
0.547062
0.547062
0.547061
0.547061
0.54706
0.547059
0.547059
0.547058
0.547057
0.547056
0.547055
0.547055
0.547054
0.547054
0.547053
0.956919
0.880635
0.814635
0.758818
0.71258
0.674977
0.644898
0.621192
0.602761
0.588606
0.577857
0.569776
0.563756
0.559308
0.556044
0.553664
0.551936
0.550686
0.549783
0.549132
0.548661
0.548319
0.54807
0.547886
0.547749
0.547645
0.547565
0.547502
0.547451
0.54741
0.547375
0.547346
0.54732
0.547298
0.547278
0.547261
0.547245
0.547231
0.547218
0.547206
0.547195
0.547185
0.547176
0.547167
0.54716
0.547152
0.547146
0.54714
0.547134
0.547129
0.547124
0.547119
0.547115
0.547111
0.547108
0.547104
0.547101
0.547098
0.547095
0.547093
0.54709
0.547088
0.547086
0.547084
0.547083
0.547081
0.547079
0.547078
0.547077
0.547075
0.547074
0.547073
0.547072
0.547071
0.54707
0.547069
0.547068
0.547068
0.547067
0.547066
0.547066
0.547065
0.547064
0.547064
0.547063
0.547063
0.547062
0.547062
0.547061
0.54706
0.547059
0.547059
0.547058
0.547057
0.547056
0.547056
0.547055
0.547054
0.547054
0.547053
0.956933
0.880643
0.814624
0.758785
0.712533
0.674928
0.644856
0.621161
0.602741
0.588596
0.577852
0.569774
0.563755
0.559306
0.55604
0.553657
0.551927
0.550676
0.549773
0.549122
0.548651
0.54831
0.548061
0.547878
0.547742
0.547639
0.54756
0.547498
0.547448
0.547408
0.547374
0.547345
0.54732
0.547298
0.547279
0.547262
0.547246
0.547232
0.547219
0.547207
0.547196
0.547186
0.547177
0.547169
0.547161
0.547154
0.547147
0.547141
0.547135
0.54713
0.547125
0.54712
0.547116
0.547112
0.547109
0.547105
0.547102
0.547099
0.547096
0.547094
0.547091
0.547089
0.547087
0.547085
0.547083
0.547081
0.54708
0.547078
0.547077
0.547076
0.547075
0.547073
0.547072
0.547071
0.54707
0.54707
0.547069
0.547068
0.547067
0.547067
0.547066
0.547065
0.547065
0.547064
0.547063
0.547063
0.547062
0.547062
0.547061
0.54706
0.54706
0.547059
0.547058
0.547057
0.547057
0.547056
0.547055
0.547054
0.547054
0.547053
0.956944
0.880652
0.814618
0.758763
0.712502
0.674895
0.644828
0.621142
0.602731
0.588591
0.577852
0.569775
0.563754
0.559303
0.556035
0.55365
0.551918
0.550665
0.549761
0.549109
0.548639
0.548299
0.548051
0.547869
0.547734
0.547632
0.547554
0.547493
0.547444
0.547404
0.547371
0.547343
0.547319
0.547297
0.547278
0.547261
0.547246
0.547232
0.547219
0.547208
0.547197
0.547187
0.547178
0.54717
0.547162
0.547155
0.547148
0.547142
0.547136
0.547131
0.547126
0.547121
0.547117
0.547113
0.547109
0.547106
0.547103
0.5471
0.547097
0.547094
0.547092
0.54709
0.547087
0.547085
0.547084
0.547082
0.54708
0.547079
0.547077
0.547076
0.547075
0.547074
0.547073
0.547072
0.547071
0.54707
0.547069
0.547068
0.547067
0.547067
0.547066
0.547065
0.547065
0.547064
0.547064
0.547063
0.547062
0.547062
0.547061
0.54706
0.54706
0.547059
0.547058
0.547057
0.547057
0.547056
0.547055
0.547054
0.547054
0.547054
0.956955
0.880661
0.814616
0.758749
0.71248
0.674873
0.64481
0.621131
0.602726
0.588592
0.577854
0.569777
0.563755
0.559301
0.55603
0.553642
0.551908
0.550653
0.549748
0.549096
0.548626
0.548286
0.548039
0.547858
0.547724
0.547623
0.547546
0.547486
0.547439
0.5474
0.547367
0.54734
0.547316
0.547295
0.547277
0.54726
0.547245
0.547231
0.547219
0.547208
0.547197
0.547187
0.547178
0.54717
0.547162
0.547155
0.547148
0.547142
0.547137
0.547131
0.547126
0.547122
0.547117
0.547113
0.54711
0.547106
0.547103
0.5471
0.547097
0.547095
0.547092
0.54709
0.547088
0.547086
0.547084
0.547082
0.54708
0.547079
0.547078
0.547076
0.547075
0.547074
0.547073
0.547072
0.547071
0.54707
0.547069
0.547068
0.547068
0.547067
0.547066
0.547065
0.547065
0.547064
0.547064
0.547063
0.547062
0.547062
0.547061
0.54706
0.54706
0.547059
0.547058
0.547057
0.547057
0.547056
0.547055
0.547054
0.547054
0.547054
0.956964
0.88067
0.814616
0.75874
0.712465
0.674858
0.644799
0.621125
0.602726
0.588595
0.577859
0.569781
0.563756
0.559299
0.556025
0.553634
0.551897
0.550641
0.549735
0.549082
0.548612
0.548272
0.548026
0.547846
0.547713
0.547614
0.547538
0.547479
0.547432
0.547394
0.547362
0.547336
0.547313
0.547292
0.547274
0.547258
0.547244
0.54723
0.547218
0.547207
0.547196
0.547187
0.547178
0.54717
0.547162
0.547155
0.547148
0.547142
0.547137
0.547131
0.547126
0.547122
0.547118
0.547114
0.54711
0.547106
0.547103
0.5471
0.547097
0.547095
0.547092
0.54709
0.547088
0.547086
0.547084
0.547082
0.547081
0.547079
0.547078
0.547076
0.547075
0.547074
0.547073
0.547072
0.547071
0.54707
0.547069
0.547068
0.547068
0.547067
0.547066
0.547065
0.547065
0.547064
0.547064
0.547063
0.547062
0.547062
0.547061
0.54706
0.54706
0.547059
0.547058
0.547057
0.547057
0.547056
0.547055
0.547054
0.547054
0.547054
0.956972
0.880678
0.814617
0.758733
0.712454
0.674847
0.644791
0.621123
0.602728
0.5886
0.577864
0.569785
0.563758
0.559298
0.55602
0.553626
0.551886
0.550628
0.549721
0.549068
0.548598
0.548258
0.548013
0.547834
0.547702
0.547603
0.547528
0.54747
0.547425
0.547387
0.547357
0.547331
0.547308
0.547289
0.547271
0.547256
0.547241
0.547228
0.547216
0.547205
0.547195
0.547186
0.547177
0.547169
0.547162
0.547155
0.547148
0.547142
0.547137
0.547131
0.547126
0.547122
0.547118
0.547114
0.54711
0.547106
0.547103
0.5471
0.547097
0.547095
0.547092
0.54709
0.547088
0.547086
0.547084
0.547082
0.547081
0.547079
0.547078
0.547076
0.547075
0.547074
0.547073
0.547072
0.547071
0.54707
0.547069
0.547068
0.547067
0.547067
0.547066
0.547065
0.547065
0.547064
0.547063
0.547063
0.547062
0.547062
0.547061
0.54706
0.54706
0.547059
0.547058
0.547057
0.547057
0.547056
0.547055
0.547054
0.547054
0.547054
0.956979
0.880685
0.814619
0.758727
0.712445
0.674838
0.644786
0.621122
0.602731
0.588605
0.57787
0.56979
0.56376
0.559296
0.556015
0.553618
0.551876
0.550616
0.549707
0.549054
0.548583
0.548244
0.547999
0.547821
0.54769
0.547592
0.547518
0.547462
0.547417
0.54738
0.547351
0.547325
0.547304
0.547285
0.547268
0.547252
0.547239
0.547226
0.547214
0.547204
0.547194
0.547185
0.547176
0.547168
0.547161
0.547154
0.547148
0.547142
0.547136
0.547131
0.547126
0.547122
0.547117
0.547113
0.54711
0.547106
0.547103
0.5471
0.547097
0.547095
0.547092
0.54709
0.547088
0.547086
0.547084
0.547082
0.54708
0.547079
0.547077
0.547076
0.547075
0.547074
0.547073
0.547072
0.547071
0.54707
0.547069
0.547068
0.547067
0.547067
0.547066
0.547065
0.547065
0.547064
0.547063
0.547063
0.547062
0.547061
0.547061
0.54706
0.547059
0.547059
0.547058
0.547057
0.547056
0.547056
0.547055
0.547054
0.547054
0.547053
0.956985
0.880692
0.81462
0.758723
0.712437
0.674831
0.644782
0.621122
0.602735
0.588611
0.577876
0.569794
0.563762
0.559295
0.556011
0.553611
0.551866
0.550604
0.549694
0.54904
0.548569
0.54823
0.547986
0.547808
0.547678
0.547581
0.547508
0.547452
0.547409
0.547373
0.547344
0.54732
0.547299
0.54728
0.547264
0.547249
0.547236
0.547223
0.547212
0.547202
0.547192
0.547183
0.547175
0.547167
0.54716
0.547153
0.547147
0.547141
0.547135
0.54713
0.547126
0.547121
0.547117
0.547113
0.547109
0.547106
0.547103
0.5471
0.547097
0.547094
0.547092
0.54709
0.547088
0.547086
0.547084
0.547082
0.54708
0.547079
0.547077
0.547076
0.547075
0.547073
0.547072
0.547071
0.54707
0.547069
0.547069
0.547068
0.547067
0.547066
0.547066
0.547065
0.547064
0.547064
0.547063
0.547062
0.547062
0.547061
0.547061
0.54706
0.547059
0.547059
0.547058
0.547057
0.547056
0.547056
0.547055
0.547054
0.547054
0.547053
0.95699
0.880698
0.814621
0.758719
0.71243
0.674824
0.644778
0.621122
0.602738
0.588616
0.577882
0.569799
0.563764
0.559295
0.556007
0.553604
0.551857
0.550593
0.549682
0.549026
0.548555
0.548217
0.547973
0.547796
0.547666
0.54757
0.547498
0.547443
0.5474
0.547366
0.547338
0.547314
0.547293
0.547276
0.54726
0.547245
0.547232
0.547221
0.54721
0.5472
0.54719
0.547181
0.547173
0.547166
0.547159
0.547152
0.547146
0.54714
0.547135
0.54713
0.547125
0.547121
0.547116
0.547113
0.547109
0.547106
0.547102
0.547099
0.547097
0.547094
0.547092
0.547089
0.547087
0.547085
0.547083
0.547082
0.54708
0.547078
0.547077
0.547076
0.547074
0.547073
0.547072
0.547071
0.54707
0.547069
0.547068
0.547068
0.547067
0.547066
0.547065
0.547065
0.547064
0.547063
0.547063
0.547062
0.547062
0.547061
0.54706
0.54706
0.547059
0.547058
0.547058
0.547057
0.547056
0.547055
0.547055
0.547054
0.547054
0.547053
0.956995
0.880703
0.814623
0.758715
0.712423
0.674818
0.644774
0.621122
0.602741
0.588621
0.577887
0.569803
0.563766
0.559294
0.556003
0.553597
0.551848
0.550582
0.54967
0.549014
0.548542
0.548204
0.54796
0.547783
0.547655
0.54756
0.547489
0.547434
0.547392
0.547358
0.547331
0.547308
0.547288
0.547271
0.547255
0.547242
0.547229
0.547218
0.547207
0.547197
0.547188
0.54718
0.547172
0.547164
0.547157
0.547151
0.547145
0.547139
0.547134
0.547129
0.547124
0.54712
0.547116
0.547112
0.547108
0.547105
0.547102
0.547099
0.547096
0.547094
0.547091
0.547089
0.547087
0.547085
0.547083
0.547081
0.54708
0.547078
0.547077
0.547075
0.547074
0.547073
0.547072
0.547071
0.54707
0.547069
0.547068
0.547067
0.547067
0.547066
0.547065
0.547064
0.547064
0.547063
0.547063
0.547062
0.547061
0.547061
0.54706
0.547059
0.547059
0.547058
0.547057
0.547057
0.547056
0.547055
0.547055
0.547054
0.547053
0.547053
0.956999
0.880708
0.814623
0.758712
0.712417
0.674812
0.644771
0.621122
0.602744
0.588626
0.577892
0.569807
0.563768
0.559293
0.556
0.553592
0.55184
0.550573
0.549659
0.549001
0.54853
0.548191
0.547948
0.547772
0.547643
0.547549
0.547479
0.547425
0.547384
0.547351
0.547324
0.547302
0.547283
0.547266
0.547251
0.547238
0.547226
0.547215
0.547204
0.547195
0.547186
0.547178
0.54717
0.547163
0.547156
0.54715
0.547144
0.547138
0.547133
0.547128
0.547123
0.547119
0.547115
0.547111
0.547108
0.547104
0.547101
0.547098
0.547096
0.547093
0.547091
0.547089
0.547086
0.547085
0.547083
0.547081
0.547079
0.547078
0.547076
0.547075
0.547074
0.547073
0.547072
0.54707
0.54707
0.547069
0.547068
0.547067
0.547066
0.547066
0.547065
0.547064
0.547064
0.547063
0.547062
0.547062
0.547061
0.54706
0.54706
0.547059
0.547059
0.547058
0.547057
0.547056
0.547056
0.547055
0.547054
0.547054
0.547053
0.547053
0.957003
0.880712
0.814624
0.758708
0.712411
0.674806
0.644767
0.621121
0.602746
0.58863
0.577896
0.56981
0.56377
0.559293
0.555997
0.553586
0.551833
0.550563
0.549648
0.54899
0.548518
0.548179
0.547936
0.54776
0.547633
0.547539
0.54747
0.547417
0.547376
0.547344
0.547318
0.547296
0.547277
0.547261
0.547247
0.547234
0.547222
0.547211
0.547201
0.547192
0.547184
0.547176
0.547168
0.547161
0.547154
0.547148
0.547142
0.547137
0.547132
0.547127
0.547123
0.547118
0.547114
0.547111
0.547107
0.547104
0.547101
0.547098
0.547095
0.547093
0.54709
0.547088
0.547086
0.547084
0.547082
0.547081
0.547079
0.547077
0.547076
0.547075
0.547073
0.547072
0.547071
0.54707
0.547069
0.547068
0.547067
0.547067
0.547066
0.547065
0.547064
0.547064
0.547063
0.547063
0.547062
0.547061
0.547061
0.54706
0.54706
0.547059
0.547058
0.547058
0.547057
0.547056
0.547056
0.547055
0.547054
0.547054
0.547053
0.547053
0.957007
0.880716
0.814625
0.758705
0.712406
0.6748
0.644764
0.62112
0.602748
0.588633
0.5779
0.569813
0.563772
0.559292
0.555994
0.553581
0.551826
0.550555
0.549638
0.54898
0.548507
0.548168
0.547925
0.54775
0.547623
0.54753
0.547461
0.547409
0.547368
0.547337
0.547311
0.54729
0.547272
0.547256
0.547243
0.54723
0.547219
0.547208
0.547199
0.54719
0.547181
0.547174
0.547166
0.547159
0.547153
0.547147
0.547141
0.547136
0.547131
0.547126
0.547122
0.547118
0.547114
0.54711
0.547106
0.547103
0.5471
0.547097
0.547095
0.547092
0.54709
0.547088
0.547086
0.547084
0.547082
0.54708
0.547079
0.547077
0.547076
0.547074
0.547073
0.547072
0.547071
0.54707
0.547069
0.547068
0.547067
0.547066
0.547066
0.547065
0.547064
0.547063
0.547063
0.547062
0.547062
0.547061
0.54706
0.54706
0.547059
0.547059
0.547058
0.547057
0.547057
0.547056
0.547055
0.547055
0.547054
0.547053
0.547053
0.547053
0.95701
0.880719
0.814625
0.758701
0.7124
0.674795
0.64476
0.621119
0.602749
0.588636
0.577903
0.569816
0.563773
0.559292
0.555992
0.553577
0.551819
0.550547
0.549629
0.54897
0.548497
0.548158
0.547915
0.54774
0.547613
0.54752
0.547452
0.547401
0.547361
0.54733
0.547305
0.547285
0.547267
0.547252
0.547238
0.547226
0.547215
0.547205
0.547196
0.547187
0.547179
0.547171
0.547164
0.547158
0.547151
0.547145
0.54714
0.547135
0.54713
0.547125
0.547121
0.547117
0.547113
0.547109
0.547106
0.547103
0.5471
0.547097
0.547094
0.547092
0.547089
0.547087
0.547085
0.547083
0.547081
0.54708
0.547078
0.547077
0.547075
0.547074
0.547073
0.547072
0.54707
0.547069
0.547068
0.547068
0.547067
0.547066
0.547065
0.547064
0.547064
0.547063
0.547063
0.547062
0.547061
0.547061
0.54706
0.54706
0.547059
0.547058
0.547058
0.547057
0.547056
0.547056
0.547055
0.547054
0.547054
0.547053
0.547053
0.547053
0.957012
0.880722
0.814625
0.758698
0.712394
0.674789
0.644756
0.621118
0.60275
0.588638
0.577906
0.569818
0.563774
0.559291
0.555989
0.553573
0.551813
0.55054
0.549621
0.548961
0.548487
0.548148
0.547905
0.54773
0.547604
0.547512
0.547444
0.547393
0.547354
0.547324
0.547299
0.547279
0.547262
0.547247
0.547234
0.547223
0.547212
0.547202
0.547193
0.547185
0.547177
0.547169
0.547163
0.547156
0.54715
0.547144
0.547139
0.547133
0.547129
0.547124
0.54712
0.547116
0.547112
0.547108
0.547105
0.547102
0.547099
0.547096
0.547094
0.547091
0.547089
0.547087
0.547085
0.547083
0.547081
0.547079
0.547078
0.547076
0.547075
0.547073
0.547072
0.547071
0.54707
0.547069
0.547068
0.547067
0.547066
0.547066
0.547065
0.547064
0.547063
0.547063
0.547062
0.547062
0.547061
0.54706
0.54706
0.547059
0.547059
0.547058
0.547057
0.547057
0.547056
0.547056
0.547055
0.547054
0.547054
0.547053
0.547053
0.547052
0.957015
0.880725
0.814625
0.758694
0.712389
0.674784
0.644752
0.621116
0.60275
0.58864
0.577908
0.56982
0.563775
0.559291
0.555987
0.553569
0.551808
0.550533
0.549613
0.548952
0.548478
0.548139
0.547896
0.547721
0.547595
0.547504
0.547436
0.547386
0.547347
0.547318
0.547294
0.547274
0.547257
0.547243
0.54723
0.547219
0.547209
0.547199
0.547191
0.547182
0.547175
0.547167
0.547161
0.547154
0.547148
0.547143
0.547137
0.547132
0.547128
0.547123
0.547119
0.547115
0.547111
0.547108
0.547104
0.547101
0.547098
0.547096
0.547093
0.547091
0.547088
0.547086
0.547084
0.547082
0.54708
0.547079
0.547077
0.547076
0.547074
0.547073
0.547072
0.547071
0.54707
0.547069
0.547068
0.547067
0.547066
0.547065
0.547064
0.547064
0.547063
0.547062
0.547062
0.547061
0.547061
0.54706
0.547059
0.547059
0.547058
0.547058
0.547057
0.547057
0.547056
0.547055
0.547055
0.547054
0.547053
0.547053
0.547053
0.547052
0.957017
0.880727
0.814625
0.758691
0.712383
0.674778
0.644747
0.621114
0.60275
0.588641
0.57791
0.569822
0.563776
0.559291
0.555985
0.553565
0.551803
0.550527
0.549606
0.548944
0.54847
0.54813
0.547887
0.547713
0.547587
0.547496
0.547429
0.547379
0.547341
0.547312
0.547288
0.547269
0.547253
0.547239
0.547227
0.547216
0.547206
0.547197
0.547188
0.54718
0.547173
0.547166
0.547159
0.547153
0.547147
0.547141
0.547136
0.547131
0.547126
0.547122
0.547118
0.547114
0.54711
0.547107
0.547104
0.547101
0.547098
0.547095
0.547092
0.54709
0.547088
0.547086
0.547084
0.547082
0.54708
0.547078
0.547077
0.547075
0.547074
0.547073
0.547071
0.54707
0.547069
0.547068
0.547067
0.547066
0.547066
0.547065
0.547064
0.547063
0.547063
0.547062
0.547061
0.547061
0.54706
0.54706
0.547059
0.547059
0.547058
0.547057
0.547057
0.547056
0.547056
0.547055
0.547054
0.547054
0.547053
0.547053
0.547052
0.547052
0.957019
0.880729
0.814624
0.758687
0.712378
0.674772
0.644743
0.621111
0.602749
0.588642
0.577912
0.569824
0.563777
0.55929
0.555984
0.553562
0.551799
0.550521
0.549599
0.548937
0.548462
0.548123
0.547879
0.547705
0.54758
0.547489
0.547422
0.547373
0.547335
0.547306
0.547283
0.547264
0.547249
0.547235
0.547223
0.547212
0.547203
0.547194
0.547185
0.547178
0.54717
0.547164
0.547157
0.547151
0.547145
0.54714
0.547135
0.54713
0.547125
0.547121
0.547117
0.547113
0.54711
0.547106
0.547103
0.5471
0.547097
0.547094
0.547092
0.54709
0.547087
0.547085
0.547083
0.547081
0.54708
0.547078
0.547076
0.547075
0.547074
0.547072
0.547071
0.54707
0.547069
0.547068
0.547067
0.547066
0.547065
0.547064
0.547064
0.547063
0.547062
0.547062
0.547061
0.547061
0.54706
0.547059
0.547059
0.547058
0.547058
0.547057
0.547057
0.547056
0.547055
0.547055
0.547054
0.547054
0.547053
0.547053
0.547052
0.547052
0.957021
0.880731
0.814624
0.758684
0.712373
0.674767
0.644738
0.621108
0.602748
0.588642
0.577913
0.569825
0.563778
0.55929
0.555982
0.553559
0.551795
0.550516
0.549593
0.54893
0.548455
0.548115
0.547872
0.547698
0.547573
0.547482
0.547416
0.547367
0.547329
0.547301
0.547278
0.54726
0.547244
0.547231
0.54722
0.547209
0.5472
0.547191
0.547183
0.547176
0.547168
0.547162
0.547156
0.54715
0.547144
0.547139
0.547134
0.547129
0.547124
0.54712
0.547116
0.547112
0.547109
0.547105
0.547102
0.547099
0.547096
0.547094
0.547091
0.547089
0.547087
0.547085
0.547083
0.547081
0.547079
0.547077
0.547076
0.547074
0.547073
0.547072
0.547071
0.54707
0.547068
0.547067
0.547067
0.547066
0.547065
0.547064
0.547063
0.547063
0.547062
0.547061
0.547061
0.54706
0.54706
0.547059
0.547058
0.547058
0.547057
0.547057
0.547056
0.547056
0.547055
0.547054
0.547054
0.547053
0.547053
0.547052
0.547052
0.547052
0.957023
0.880733
0.814623
0.758681
0.712367
0.674761
0.644734
0.621105
0.602747
0.588643
0.577914
0.569826
0.563778
0.559289
0.555981
0.553557
0.551791
0.550511
0.549588
0.548924
0.548449
0.548108
0.547865
0.547691
0.547566
0.547476
0.54741
0.547361
0.547324
0.547296
0.547274
0.547256
0.54724
0.547228
0.547216
0.547206
0.547197
0.547189
0.547181
0.547173
0.547167
0.54716
0.547154
0.547148
0.547143
0.547137
0.547132
0.547128
0.547123
0.547119
0.547115
0.547112
0.547108
0.547105
0.547102
0.547099
0.547096
0.547093
0.547091
0.547088
0.547086
0.547084
0.547082
0.54708
0.547079
0.547077
0.547075
0.547074
0.547073
0.547071
0.54707
0.547069
0.547068
0.547067
0.547066
0.547065
0.547064
0.547064
0.547063
0.547062
0.547062
0.547061
0.54706
0.54706
0.547059
0.547059
0.547058
0.547058
0.547057
0.547056
0.547056
0.547055
0.547055
0.547054
0.547054
0.547053
0.547053
0.547052
0.547052
0.547052
0.957024
0.880735
0.814623
0.758677
0.712362
0.674755
0.644729
0.621102
0.602746
0.588642
0.577914
0.569827
0.563778
0.559289
0.555979
0.553554
0.551787
0.550507
0.549583
0.548919
0.548443
0.548102
0.547859
0.547685
0.54756
0.54747
0.547404
0.547356
0.547319
0.547291
0.547269
0.547252
0.547237
0.547224
0.547213
0.547203
0.547194
0.547186
0.547179
0.547171
0.547165
0.547158
0.547152
0.547147
0.547141
0.547136
0.547131
0.547127
0.547122
0.547118
0.547114
0.547111
0.547107
0.547104
0.547101
0.547098
0.547095
0.547093
0.54709
0.547088
0.547086
0.547084
0.547082
0.54708
0.547078
0.547077
0.547075
0.547074
0.547072
0.547071
0.54707
0.547069
0.547068
0.547067
0.547066
0.547065
0.547064
0.547063
0.547063
0.547062
0.547061
0.547061
0.54706
0.547059
0.547059
0.547058
0.547058
0.547057
0.547057
0.547056
0.547056
0.547055
0.547055
0.547054
0.547053
0.547053
0.547052
0.547052
0.547052
0.547051
0.957025
0.880736
0.814622
0.758674
0.712357
0.67475
0.644724
0.621099
0.602744
0.588642
0.577915
0.569827
0.563779
0.559289
0.555978
0.553552
0.551784
0.550503
0.549578
0.548913
0.548437
0.548096
0.547853
0.547679
0.547554
0.547464
0.547399
0.547351
0.547314
0.547287
0.547265
0.547248
0.547233
0.547221
0.54721
0.547201
0.547192
0.547184
0.547176
0.547169
0.547163
0.547157
0.547151
0.547145
0.54714
0.547135
0.54713
0.547126
0.547122
0.547117
0.547114
0.54711
0.547107
0.547103
0.5471
0.547097
0.547095
0.547092
0.54709
0.547087
0.547085
0.547083
0.547081
0.547079
0.547078
0.547076
0.547075
0.547073
0.547072
0.547071
0.547069
0.547068
0.547067
0.547066
0.547065
0.547065
0.547064
0.547063
0.547062
0.547062
0.547061
0.54706
0.54706
0.547059
0.547059
0.547058
0.547057
0.547057
0.547056
0.547056
0.547055
0.547055
0.547054
0.547054
0.547053
0.547053
0.547052
0.547052
0.547051
0.547051
0.957027
0.880737
0.814621
0.758671
0.712352
0.674745
0.64472
0.621096
0.602742
0.588642
0.577915
0.569828
0.563779
0.559288
0.555977
0.55355
0.551781
0.550499
0.549574
0.548909
0.548432
0.548091
0.547848
0.547674
0.547549
0.547459
0.547394
0.547346
0.54731
0.547283
0.547261
0.547244
0.54723
0.547218
0.547207
0.547198
0.54719
0.547182
0.547174
0.547168
0.547161
0.547155
0.547149
0.547144
0.547139
0.547134
0.547129
0.547125
0.547121
0.547117
0.547113
0.547109
0.547106
0.547103
0.5471
0.547097
0.547094
0.547092
0.547089
0.547087
0.547085
0.547083
0.547081
0.547079
0.547077
0.547076
0.547074
0.547073
0.547072
0.54707
0.547069
0.547068
0.547067
0.547066
0.547065
0.547064
0.547063
0.547063
0.547062
0.547061
0.547061
0.54706
0.547059
0.547059
0.547058
0.547058
0.547057
0.547057
0.547056
0.547056
0.547055
0.547055
0.547054
0.547053
0.547053
0.547052
0.547052
0.547052
0.547051
0.547051
0.957028
0.880738
0.81462
0.758668
0.712348
0.67474
0.644716
0.621093
0.602741
0.588641
0.577915
0.569828
0.563779
0.559288
0.555976
0.553548
0.551779
0.550496
0.54957
0.548904
0.548427
0.548086
0.547843
0.547669
0.547544
0.547454
0.547389
0.547342
0.547306
0.547279
0.547258
0.547241
0.547227
0.547215
0.547205
0.547196
0.547187
0.54718
0.547173
0.547166
0.54716
0.547154
0.547148
0.547143
0.547138
0.547133
0.547128
0.547124
0.54712
0.547116
0.547112
0.547109
0.547105
0.547102
0.547099
0.547096
0.547094
0.547091
0.547089
0.547086
0.547084
0.547082
0.54708
0.547079
0.547077
0.547075
0.547074
0.547072
0.547071
0.54707
0.547069
0.547068
0.547067
0.547066
0.547065
0.547064
0.547063
0.547062
0.547062
0.547061
0.54706
0.54706
0.547059
0.547058
0.547058
0.547057
0.547057
0.547056
0.547056
0.547055
0.547055
0.547054
0.547054
0.547053
0.547053
0.547052
0.547052
0.547051
0.547051
0.547051
0.957029
0.880739
0.81462
0.758665
0.712343
0.674735
0.644711
0.62109
0.602739
0.58864
0.577915
0.569828
0.563779
0.559287
0.555975
0.553546
0.551776
0.550493
0.549566
0.5489
0.548423
0.548082
0.547838
0.547664
0.547539
0.54745
0.547385
0.547337
0.547302
0.547275
0.547254
0.547238
0.547224
0.547212
0.547202
0.547193
0.547185
0.547178
0.547171
0.547164
0.547158
0.547152
0.547147
0.547141
0.547137
0.547132
0.547127
0.547123
0.547119
0.547115
0.547111
0.547108
0.547105
0.547101
0.547099
0.547096
0.547093
0.547091
0.547088
0.547086
0.547084
0.547082
0.54708
0.547078
0.547077
0.547075
0.547073
0.547072
0.547071
0.54707
0.547068
0.547067
0.547066
0.547065
0.547064
0.547064
0.547063
0.547062
0.547061
0.547061
0.54706
0.547059
0.547059
0.547058
0.547058
0.547057
0.547057
0.547056
0.547056
0.547055
0.547055
0.547054
0.547054
0.547053
0.547053
0.547052
0.547052
0.547051
0.547051
0.547051
0.95703
0.88074
0.814619
0.758662
0.712339
0.674731
0.644708
0.621087
0.602737
0.58864
0.577915
0.569828
0.563779
0.559287
0.555974
0.553545
0.551774
0.55049
0.549563
0.548896
0.548419
0.548077
0.547834
0.54766
0.547535
0.547446
0.547381
0.547334
0.547299
0.547272
0.547251
0.547235
0.547221
0.54721
0.5472
0.547191
0.547183
0.547176
0.547169
0.547163
0.547157
0.547151
0.547146
0.54714
0.547135
0.547131
0.547126
0.547122
0.547118
0.547114
0.547111
0.547107
0.547104
0.547101
0.547098
0.547095
0.547093
0.54709
0.547088
0.547086
0.547083
0.547081
0.54708
0.547078
0.547076
0.547075
0.547073
0.547072
0.54707
0.547069
0.547068
0.547067
0.547066
0.547065
0.547064
0.547063
0.547062
0.547062
0.547061
0.54706
0.54706
0.547059
0.547058
0.547058
0.547057
0.547057
0.547056
0.547056
0.547055
0.547055
0.547054
0.547054
0.547053
0.547053
0.547052
0.547052
0.547051
0.547051
0.547051
0.547051
0.957031
0.880741
0.814618
0.75866
0.712335
0.674726
0.644704
0.621084
0.602736
0.588639
0.577915
0.569828
0.563779
0.559287
0.555973
0.553543
0.551772
0.550487
0.54956
0.548893
0.548415
0.548074
0.54783
0.547656
0.547531
0.547442
0.547377
0.54733
0.547295
0.547269
0.547248
0.547232
0.547219
0.547208
0.547198
0.547189
0.547181
0.547174
0.547167
0.547161
0.547155
0.54715
0.547144
0.547139
0.547134
0.54713
0.547126
0.547121
0.547117
0.547114
0.54711
0.547107
0.547103
0.5471
0.547097
0.547095
0.547092
0.54709
0.547087
0.547085
0.547083
0.547081
0.547079
0.547077
0.547076
0.547074
0.547073
0.547071
0.54707
0.547069
0.547068
0.547067
0.547066
0.547065
0.547064
0.547063
0.547062
0.547061
0.547061
0.54706
0.547059
0.547059
0.547058
0.547058
0.547057
0.547057
0.547056
0.547056
0.547055
0.547055
0.547054
0.547054
0.547053
0.547053
0.547052
0.547052
0.547051
0.547051
0.547051
0.54705
0.957032
0.880742
0.814618
0.758657
0.712332
0.674723
0.644701
0.621082
0.602734
0.588638
0.577915
0.569829
0.563779
0.559286
0.555972
0.553542
0.55177
0.550485
0.549557
0.54889
0.548412
0.54807
0.547826
0.547652
0.547528
0.547439
0.547374
0.547327
0.547292
0.547266
0.547246
0.54723
0.547216
0.547205
0.547196
0.547187
0.54718
0.547173
0.547166
0.54716
0.547154
0.547149
0.547143
0.547138
0.547134
0.547129
0.547125
0.547121
0.547117
0.547113
0.547109
0.547106
0.547103
0.5471
0.547097
0.547094
0.547092
0.547089
0.547087
0.547085
0.547083
0.547081
0.547079
0.547077
0.547075
0.547074
0.547072
0.547071
0.54707
0.547069
0.547067
0.547066
0.547065
0.547064
0.547063
0.547063
0.547062
0.547061
0.54706
0.54706
0.547059
0.547058
0.547058
0.547057
0.547057
0.547056
0.547056
0.547055
0.547055
0.547054
0.547054
0.547053
0.547053
0.547052
0.547052
0.547052
0.547051
0.547051
0.547051
0.54705
0.957032
0.880742
0.814617
0.758655
0.712329
0.674719
0.644698
0.62108
0.602733
0.588638
0.577915
0.569829
0.563779
0.559286
0.555971
0.553541
0.551769
0.550483
0.549555
0.548887
0.548409
0.548067
0.547823
0.547649
0.547525
0.547435
0.547371
0.547324
0.54729
0.547263
0.547243
0.547227
0.547214
0.547203
0.547194
0.547186
0.547178
0.547171
0.547165
0.547159
0.547153
0.547147
0.547142
0.547137
0.547133
0.547128
0.547124
0.54712
0.547116
0.547112
0.547109
0.547106
0.547102
0.547099
0.547097
0.547094
0.547091
0.547089
0.547087
0.547084
0.547082
0.54708
0.547079
0.547077
0.547075
0.547074
0.547072
0.547071
0.54707
0.547068
0.547067
0.547066
0.547065
0.547064
0.547063
0.547062
0.547062
0.547061
0.54706
0.547059
0.547059
0.547058
0.547058
0.547057
0.547057
0.547056
0.547056
0.547055
0.547055
0.547054
0.547054
0.547053
0.547053
0.547052
0.547052
0.547051
0.547051
0.547051
0.54705
0.54705
0.957033
0.880743
0.814617
0.758654
0.712326
0.674716
0.644695
0.621078
0.602732
0.588637
0.577915
0.569829
0.563779
0.559286
0.555971
0.55354
0.551767
0.550481
0.549552
0.548885
0.548406
0.548064
0.54782
0.547646
0.547522
0.547433
0.547368
0.547322
0.547287
0.547261
0.547241
0.547225
0.547212
0.547202
0.547192
0.547184
0.547177
0.54717
0.547163
0.547157
0.547152
0.547146
0.547141
0.547136
0.547132
0.547127
0.547123
0.547119
0.547115
0.547112
0.547108
0.547105
0.547102
0.547099
0.547096
0.547093
0.547091
0.547088
0.547086
0.547084
0.547082
0.54708
0.547078
0.547076
0.547075
0.547073
0.547072
0.547071
0.547069
0.547068
0.547067
0.547066
0.547065
0.547064
0.547063
0.547062
0.547061
0.547061
0.54706
0.547059
0.547059
0.547058
0.547057
0.547057
0.547056
0.547056
0.547055
0.547055
0.547054
0.547054
0.547053
0.547053
0.547052
0.547052
0.547052
0.547051
0.547051
0.547051
0.54705
0.54705
0.957033
0.880744
0.814616
0.758652
0.712323
0.674713
0.644692
0.621076
0.602731
0.588637
0.577915
0.569829
0.563779
0.559286
0.55597
0.553539
0.551766
0.550479
0.54955
0.548882
0.548404
0.548062
0.547817
0.547643
0.547519
0.54743
0.547366
0.547319
0.547285
0.547259
0.547239
0.547223
0.54721
0.5472
0.547191
0.547183
0.547175
0.547168
0.547162
0.547156
0.547151
0.547146
0.54714
0.547136
0.547131
0.547127
0.547123
0.547119
0.547115
0.547111
0.547108
0.547105
0.547101
0.547099
0.547096
0.547093
0.547091
0.547088
0.547086
0.547084
0.547082
0.54708
0.547078
0.547076
0.547075
0.547073
0.547072
0.54707
0.547069
0.547068
0.547067
0.547066
0.547065
0.547064
0.547063
0.547062
0.547061
0.54706
0.54706
0.547059
0.547058
0.547058
0.547057
0.547057
0.547056
0.547056
0.547055
0.547055
0.547054
0.547054
0.547053
0.547053
0.547052
0.547052
0.547051
0.547051
0.547051
0.54705
0.54705
0.54705
0.957034
0.880744
0.814616
0.75865
0.712321
0.674711
0.64469
0.621074
0.602729
0.588636
0.577914
0.569829
0.563779
0.559285
0.55597
0.553538
0.551764
0.550478
0.549549
0.54888
0.548402
0.548059
0.547815
0.547641
0.547517
0.547428
0.547364
0.547317
0.547283
0.547257
0.547237
0.547222
0.547209
0.547198
0.547189
0.547181
0.547174
0.547167
0.547161
0.547155
0.54715
0.547145
0.54714
0.547135
0.54713
0.547126
0.547122
0.547118
0.547114
0.547111
0.547107
0.547104
0.547101
0.547098
0.547095
0.547093
0.54709
0.547088
0.547086
0.547083
0.547081
0.547079
0.547078
0.547076
0.547074
0.547073
0.547071
0.54707
0.547069
0.547068
0.547066
0.547065
0.547064
0.547063
0.547062
0.547062
0.547061
0.54706
0.547059
0.547059
0.547058
0.547058
0.547057
0.547056
0.547056
0.547055
0.547055
0.547054
0.547054
0.547053
0.547053
0.547053
0.547052
0.547052
0.547051
0.547051
0.547051
0.54705
0.54705
0.54705
0.957034
0.880744
0.814616
0.758649
0.712319
0.674709
0.644688
0.621072
0.602728
0.588636
0.577914
0.569829
0.563779
0.559285
0.555969
0.553537
0.551763
0.550476
0.549547
0.548879
0.5484
0.548057
0.547813
0.547639
0.547515
0.547426
0.547362
0.547315
0.547281
0.547255
0.547235
0.54722
0.547207
0.547197
0.547188
0.54718
0.547173
0.547166
0.54716
0.547154
0.547149
0.547144
0.547139
0.547134
0.54713
0.547126
0.547122
0.547118
0.547114
0.54711
0.547107
0.547104
0.547101
0.547098
0.547095
0.547092
0.54709
0.547088
0.547085
0.547083
0.547081
0.547079
0.547077
0.547076
0.547074
0.547073
0.547071
0.54707
0.547069
0.547067
0.547066
0.547065
0.547064
0.547063
0.547062
0.547061
0.547061
0.54706
0.547059
0.547059
0.547058
0.547057
0.547057
0.547056
0.547056
0.547055
0.547055
0.547054
0.547054
0.547053
0.547053
0.547052
0.547052
0.547052
0.547051
0.547051
0.547051
0.54705
0.54705
0.54705
0.957035
0.880745
0.814615
0.758648
0.712317
0.674707
0.644686
0.621071
0.602727
0.588635
0.577914
0.569829
0.563779
0.559285
0.555969
0.553536
0.551762
0.550475
0.549546
0.548877
0.548398
0.548055
0.547811
0.547637
0.547513
0.547424
0.54736
0.547313
0.547279
0.547254
0.547234
0.547219
0.547206
0.547196
0.547187
0.547179
0.547172
0.547165
0.547159
0.547154
0.547148
0.547143
0.547138
0.547134
0.547129
0.547125
0.547121
0.547117
0.547113
0.54711
0.547107
0.547103
0.5471
0.547097
0.547095
0.547092
0.54709
0.547087
0.547085
0.547083
0.547081
0.547079
0.547077
0.547075
0.547074
0.547072
0.547071
0.54707
0.547068
0.547067
0.547066
0.547065
0.547064
0.547063
0.547062
0.547061
0.54706
0.54706
0.547059
0.547058
0.547058
0.547057
0.547057
0.547056
0.547056
0.547055
0.547055
0.547054
0.547054
0.547053
0.547053
0.547052
0.547052
0.547051
0.547051
0.547051
0.54705
0.54705
0.54705
0.54705
0.957035
0.880745
0.814615
0.758647
0.712316
0.674705
0.644684
0.62107
0.602727
0.588635
0.577914
0.569828
0.563779
0.559285
0.555968
0.553536
0.551762
0.550474
0.549544
0.548876
0.548396
0.548054
0.547809
0.547635
0.547511
0.547422
0.547358
0.547312
0.547278
0.547252
0.547233
0.547217
0.547205
0.547195
0.547186
0.547178
0.547171
0.547165
0.547159
0.547153
0.547148
0.547143
0.547138
0.547133
0.547129
0.547125
0.547121
0.547117
0.547113
0.54711
0.547106
0.547103
0.5471
0.547097
0.547094
0.547092
0.547089
0.547087
0.547085
0.547083
0.547081
0.547079
0.547077
0.547075
0.547074
0.547072
0.547071
0.547069
0.547068
0.547067
0.547066
0.547065
0.547064
0.547063
0.547062
0.547061
0.54706
0.54706
0.547059
0.547058
0.547058
0.547057
0.547056
0.547056
0.547055
0.547055
0.547054
0.547054
0.547053
0.547053
0.547053
0.547052
0.547052
0.547051
0.547051
0.547051
0.54705
0.54705
0.54705
0.54705
0.957035
0.880745
0.814615
0.758646
0.712314
0.674703
0.644683
0.621068
0.602726
0.588634
0.577913
0.569828
0.563779
0.559284
0.555968
0.553535
0.551761
0.550473
0.549543
0.548874
0.548395
0.548052
0.547808
0.547634
0.54751
0.547421
0.547357
0.547311
0.547276
0.547251
0.547232
0.547216
0.547204
0.547194
0.547185
0.547177
0.54717
0.547164
0.547158
0.547152
0.547147
0.547142
0.547137
0.547133
0.547128
0.547124
0.54712
0.547116
0.547113
0.547109
0.547106
0.547103
0.5471
0.547097
0.547094
0.547092
0.547089
0.547087
0.547085
0.547082
0.54708
0.547079
0.547077
0.547075
0.547074
0.547072
0.547071
0.547069
0.547068
0.547067
0.547066
0.547065
0.547064
0.547063
0.547062
0.547061
0.54706
0.547059
0.547059
0.547058
0.547057
0.547057
0.547056
0.547056
0.547055
0.547055
0.547054
0.547054
0.547053
0.547053
0.547052
0.547052
0.547052
0.547051
0.547051
0.547051
0.54705
0.54705
0.54705
0.54705
0.957036
0.880745
0.814614
0.758645
0.712313
0.674702
0.644681
0.621067
0.602725
0.588633
0.577913
0.569828
0.563778
0.559284
0.555968
0.553535
0.55176
0.550472
0.549542
0.548873
0.548394
0.548051
0.547807
0.547633
0.547508
0.54742
0.547356
0.547309
0.547275
0.54725
0.547231
0.547215
0.547203
0.547193
0.547184
0.547177
0.54717
0.547163
0.547157
0.547152
0.547147
0.547142
0.547137
0.547132
0.547128
0.547124
0.54712
0.547116
0.547113
0.547109
0.547106
0.547103
0.5471
0.547097
0.547094
0.547091
0.547089
0.547087
0.547084
0.547082
0.54708
0.547078
0.547077
0.547075
0.547073
0.547072
0.54707
0.547069
0.547068
0.547067
0.547066
0.547065
0.547064
0.547063
0.547062
0.547061
0.54706
0.547059
0.547059
0.547058
0.547057
0.547057
0.547056
0.547056
0.547055
0.547055
0.547054
0.547054
0.547053
0.547053
0.547052
0.547052
0.547052
0.547051
0.547051
0.54705
0.54705
0.54705
0.54705
0.547049
0.957036
0.880746
0.814614
0.758644
0.712312
0.6747
0.64468
0.621066
0.602724
0.588633
0.577913
0.569828
0.563778
0.559284
0.555967
0.553534
0.55176
0.550472
0.549542
0.548873
0.548393
0.54805
0.547806
0.547632
0.547508
0.547419
0.547355
0.547309
0.547275
0.547249
0.54723
0.547215
0.547203
0.547192
0.547184
0.547176
0.547169
0.547163
0.547157
0.547151
0.547146
0.547141
0.547137
0.547132
0.547128
0.547124
0.54712
0.547116
0.547112
0.547109
0.547106
0.547102
0.547099
0.547097
0.547094
0.547091
0.547089
0.547087
0.547084
0.547082
0.54708
0.547078
0.547077
0.547075
0.547073
0.547072
0.54707
0.547069
0.547068
0.547067
0.547065
0.547064
0.547063
0.547062
0.547062
0.547061
0.54706
0.547059
0.547059
0.547058
0.547057
0.547057
0.547056
0.547056
0.547055
0.547055
0.547054
0.547054
0.547053
0.547053
0.547052
0.547052
0.547052
0.547051
0.547051
0.54705
0.54705
0.54705
0.54705
0.547049
0.957036
0.880746
0.814614
0.758644
0.712311
0.674699
0.644679
0.621065
0.602723
0.588632
0.577912
0.569827
0.563778
0.559284
0.555967
0.553534
0.551759
0.550471
0.549541
0.548872
0.548392
0.54805
0.547805
0.547631
0.547507
0.547418
0.547354
0.547308
0.547274
0.547249
0.547229
0.547214
0.547202
0.547192
0.547183
0.547176
0.547169
0.547162
0.547157
0.547151
0.547146
0.547141
0.547136
0.547132
0.547128
0.547123
0.54712
0.547116
0.547112
0.547109
0.547105
0.547102
0.547099
0.547096
0.547094
0.547091
0.547089
0.547086
0.547084
0.547082
0.54708
0.547078
0.547076
0.547075
0.547073
0.547072
0.54707
0.547069
0.547068
0.547067
0.547065
0.547064
0.547063
0.547062
0.547062
0.547061
0.54706
0.547059
0.547058
0.547058
0.547057
0.547057
0.547056
0.547056
0.547055
0.547055
0.547054
0.547054
0.547053
0.547053
0.547052
0.547052
0.547051
0.547051
0.547051
0.54705
0.54705
0.54705
0.54705
0.547049
0.957036
0.880746
0.814614
0.758643
0.71231
0.674698
0.644678
0.621064
0.602722
0.588632
0.577912
0.569827
0.563778
0.559283
0.555967
0.553534
0.551759
0.550471
0.549541
0.548872
0.548392
0.548049
0.547805
0.547631
0.547506
0.547418
0.547354
0.547308
0.547274
0.547248
0.547229
0.547214
0.547202
0.547192
0.547183
0.547175
0.547169
0.547162
0.547156
0.547151
0.547146
0.547141
0.547136
0.547132
0.547127
0.547123
0.547119
0.547116
0.547112
0.547109
0.547105
0.547102
0.547099
0.547096
0.547094
0.547091
0.547089
0.547086
0.547084
0.547082
0.54708
0.547078
0.547076
0.547075
0.547073
0.547072
0.54707
0.547069
0.547068
0.547066
0.547065
0.547064
0.547063
0.547062
0.547061
0.547061
0.54706
0.547059
0.547058
0.547058
0.547057
0.547057
0.547056
0.547055
0.547055
0.547054
0.547054
0.547054
0.547053
0.547053
0.547052
0.547052
0.547051
0.547051
0.547051
0.54705
0.54705
0.54705
0.54705
0.547049
0.957036
0.880746
0.814613
0.758642
0.712309
0.674697
0.644677
0.621064
0.602722
0.588631
0.577911
0.569827
0.563777
0.559283
0.555967
0.553533
0.551759
0.550471
0.54954
0.548871
0.548392
0.548049
0.547805
0.54763
0.547506
0.547417
0.547354
0.547307
0.547273
0.547248
0.547229
0.547214
0.547202
0.547191
0.547183
0.547175
0.547168
0.547162
0.547156
0.547151
0.547146
0.547141
0.547136
0.547132
0.547127
0.547123
0.547119
0.547116
0.547112
0.547109
0.547105
0.547102
0.547099
0.547096
0.547094
0.547091
0.547089
0.547086
0.547084
0.547082
0.54708
0.547078
0.547076
0.547075
0.547073
0.547072
0.54707
0.547069
0.547068
0.547066
0.547065
0.547064
0.547063
0.547062
0.547061
0.547061
0.54706
0.547059
0.547058
0.547058
0.547057
0.547057
0.547056
0.547055
0.547055
0.547054
0.547054
0.547053
0.547053
0.547053
0.547052
0.547052
0.547051
0.547051
0.547051
0.54705
0.54705
0.54705
0.54705
0.547049
0.957036
0.880746
0.814613
0.758642
0.712309
0.674697
0.644677
0.621063
0.602722
0.588631
0.577911
0.569827
0.563777
0.559283
0.555966
0.553533
0.551759
0.550471
0.54954
0.548871
0.548392
0.548049
0.547804
0.54763
0.547506
0.547417
0.547353
0.547307
0.547273
0.547248
0.547229
0.547214
0.547201
0.547191
0.547183
0.547175
0.547168
0.547162
0.547156
0.547151
0.547146
0.547141
0.547136
0.547132
0.547127
0.547123
0.547119
0.547116
0.547112
0.547109
0.547105
0.547102
0.547099
0.547096
0.547094
0.547091
0.547089
0.547086
0.547084
0.547082
0.54708
0.547078
0.547076
0.547075
0.547073
0.547072
0.54707
0.547069
0.547068
0.547066
0.547065
0.547064
0.547063
0.547062
0.547061
0.547061
0.54706
0.547059
0.547058
0.547058
0.547057
0.547057
0.547056
0.547055
0.547055
0.547054
0.547054
0.547053
0.547053
0.547053
0.547052
0.547052
0.547051
0.547051
0.547051
0.54705
0.54705
0.54705
0.54705
0.547049
0.957036
0.880746
0.814613
0.758642
0.712309
0.674697
0.644677
0.621063
0.602722
0.588631
0.577911
0.569827
0.563777
0.559283
0.555966
0.553533
0.551759
0.550471
0.549541
0.548871
0.548392
0.548049
0.547805
0.54763
0.547506
0.547417
0.547354
0.547307
0.547274
0.547248
0.547229
0.547214
0.547202
0.547192
0.547183
0.547175
0.547168
0.547162
0.547156
0.547151
0.547146
0.547141
0.547136
0.547132
0.547127
0.547123
0.547119
0.547116
0.547112
0.547109
0.547105
0.547102
0.547099
0.547096
0.547094
0.547091
0.547089
0.547086
0.547084
0.547082
0.54708
0.547078
0.547076
0.547075
0.547073
0.547072
0.54707
0.547069
0.547068
0.547066
0.547065
0.547064
0.547063
0.547062
0.547061
0.547061
0.54706
0.547059
0.547058
0.547058
0.547057
0.547057
0.547056
0.547055
0.547055
0.547054
0.547054
0.547054
0.547053
0.547053
0.547052
0.547052
0.547051
0.547051
0.547051
0.54705
0.54705
0.54705
0.54705
0.547049
0.957036
0.880745
0.814613
0.758642
0.712309
0.674697
0.644677
0.621064
0.602722
0.588631
0.577911
0.569827
0.563777
0.559283
0.555967
0.553534
0.551759
0.550471
0.549541
0.548872
0.548392
0.54805
0.547805
0.547631
0.547507
0.547418
0.547354
0.547308
0.547274
0.547249
0.547229
0.547214
0.547202
0.547192
0.547183
0.547176
0.547169
0.547162
0.547157
0.547151
0.547146
0.547141
0.547136
0.547132
0.547127
0.547123
0.547119
0.547116
0.547112
0.547109
0.547105
0.547102
0.547099
0.547096
0.547094
0.547091
0.547089
0.547086
0.547084
0.547082
0.54708
0.547078
0.547076
0.547075
0.547073
0.547072
0.54707
0.547069
0.547068
0.547066
0.547065
0.547064
0.547063
0.547062
0.547061
0.547061
0.54706
0.547059
0.547058
0.547058
0.547057
0.547057
0.547056
0.547055
0.547055
0.547054
0.547054
0.547054
0.547053
0.547053
0.547052
0.547052
0.547051
0.547051
0.547051
0.54705
0.54705
0.54705
0.54705
0.547049
0.957036
0.880745
0.814613
0.758643
0.71231
0.674698
0.644678
0.621064
0.602722
0.588632
0.577912
0.569827
0.563777
0.559283
0.555967
0.553534
0.551759
0.550472
0.549541
0.548872
0.548393
0.54805
0.547806
0.547632
0.547507
0.547419
0.547355
0.547308
0.547274
0.547249
0.54723
0.547215
0.547202
0.547192
0.547184
0.547176
0.547169
0.547163
0.547157
0.547151
0.547146
0.547141
0.547136
0.547132
0.547128
0.547124
0.54712
0.547116
0.547112
0.547109
0.547105
0.547102
0.547099
0.547096
0.547094
0.547091
0.547089
0.547086
0.547084
0.547082
0.54708
0.547078
0.547077
0.547075
0.547073
0.547072
0.54707
0.547069
0.547068
0.547067
0.547065
0.547064
0.547063
0.547062
0.547062
0.547061
0.54706
0.547059
0.547059
0.547058
0.547057
0.547057
0.547056
0.547056
0.547055
0.547055
0.547054
0.547054
0.547053
0.547053
0.547052
0.547052
0.547052
0.547051
0.547051
0.54705
0.54705
0.54705
0.54705
0.547049
0.957036
0.880745
0.814614
0.758644
0.712311
0.6747
0.64468
0.621066
0.602723
0.588632
0.577912
0.569827
0.563778
0.559284
0.555967
0.553534
0.55176
0.550472
0.549542
0.548873
0.548394
0.548051
0.547807
0.547632
0.547508
0.547419
0.547356
0.547309
0.547275
0.54725
0.54723
0.547215
0.547203
0.547193
0.547184
0.547176
0.547169
0.547163
0.547157
0.547152
0.547146
0.547142
0.547137
0.547132
0.547128
0.547124
0.54712
0.547116
0.547112
0.547109
0.547106
0.547102
0.547099
0.547097
0.547094
0.547091
0.547089
0.547087
0.547084
0.547082
0.54708
0.547078
0.547077
0.547075
0.547073
0.547072
0.54707
0.547069
0.547068
0.547067
0.547066
0.547064
0.547063
0.547063
0.547062
0.547061
0.54706
0.547059
0.547059
0.547058
0.547057
0.547057
0.547056
0.547056
0.547055
0.547055
0.547054
0.547054
0.547053
0.547053
0.547052
0.547052
0.547052
0.547051
0.547051
0.54705
0.54705
0.54705
0.54705
0.547049
0.957036
0.880746
0.814615
0.758645
0.712313
0.674702
0.644682
0.621067
0.602724
0.588633
0.577913
0.569827
0.563778
0.559284
0.555967
0.553535
0.55176
0.550473
0.549543
0.548874
0.548395
0.548052
0.547808
0.547634
0.547509
0.547421
0.547357
0.54731
0.547276
0.547251
0.547231
0.547216
0.547204
0.547194
0.547185
0.547177
0.54717
0.547164
0.547158
0.547152
0.547147
0.547142
0.547137
0.547133
0.547128
0.547124
0.54712
0.547116
0.547113
0.547109
0.547106
0.547103
0.5471
0.547097
0.547094
0.547091
0.547089
0.547087
0.547084
0.547082
0.54708
0.547079
0.547077
0.547075
0.547073
0.547072
0.547071
0.547069
0.547068
0.547067
0.547066
0.547065
0.547064
0.547063
0.547062
0.547061
0.54706
0.547059
0.547059
0.547058
0.547057
0.547057
0.547056
0.547056
0.547055
0.547055
0.547054
0.547054
0.547053
0.547053
0.547052
0.547052
0.547052
0.547051
0.547051
0.547051
0.54705
0.54705
0.54705
0.54705
0.957036
0.880745
0.814615
0.758647
0.712315
0.674704
0.644684
0.621069
0.602726
0.588634
0.577913
0.569828
0.563778
0.559284
0.555968
0.553535
0.551761
0.550474
0.549544
0.548875
0.548396
0.548053
0.547809
0.547635
0.547511
0.547422
0.547358
0.547312
0.547277
0.547252
0.547232
0.547217
0.547205
0.547194
0.547186
0.547178
0.547171
0.547164
0.547158
0.547153
0.547147
0.547142
0.547138
0.547133
0.547129
0.547124
0.54712
0.547117
0.547113
0.547109
0.547106
0.547103
0.5471
0.547097
0.547094
0.547092
0.547089
0.547087
0.547085
0.547083
0.547081
0.547079
0.547077
0.547075
0.547074
0.547072
0.547071
0.547069
0.547068
0.547067
0.547066
0.547065
0.547064
0.547063
0.547062
0.547061
0.54706
0.54706
0.547059
0.547058
0.547058
0.547057
0.547056
0.547056
0.547055
0.547055
0.547054
0.547054
0.547053
0.547053
0.547053
0.547052
0.547052
0.547051
0.547051
0.547051
0.54705
0.54705
0.54705
0.54705
0.957035
0.880745
0.814616
0.758648
0.712317
0.674706
0.644686
0.621071
0.602727
0.588635
0.577914
0.569828
0.563779
0.559285
0.555968
0.553536
0.551762
0.550475
0.549545
0.548877
0.548397
0.548055
0.547811
0.547637
0.547512
0.547423
0.547359
0.547313
0.547279
0.547253
0.547234
0.547218
0.547206
0.547195
0.547187
0.547179
0.547172
0.547165
0.547159
0.547153
0.547148
0.547143
0.547138
0.547134
0.547129
0.547125
0.547121
0.547117
0.547113
0.54711
0.547106
0.547103
0.5471
0.547097
0.547095
0.547092
0.547089
0.547087
0.547085
0.547083
0.547081
0.547079
0.547077
0.547075
0.547074
0.547072
0.547071
0.547069
0.547068
0.547067
0.547066
0.547065
0.547064
0.547063
0.547062
0.547061
0.54706
0.54706
0.547059
0.547058
0.547058
0.547057
0.547057
0.547056
0.547055
0.547055
0.547055
0.547054
0.547054
0.547053
0.547053
0.547052
0.547052
0.547051
0.547051
0.547051
0.54705
0.54705
0.54705
0.54705
0.957035
0.880745
0.814616
0.75865
0.71232
0.674709
0.644688
0.621073
0.602729
0.588636
0.577914
0.569829
0.563779
0.559285
0.555969
0.553537
0.551763
0.550476
0.549547
0.548878
0.548399
0.548057
0.547813
0.547638
0.547514
0.547425
0.547361
0.547315
0.54728
0.547255
0.547235
0.54722
0.547207
0.547197
0.547188
0.54718
0.547173
0.547166
0.54716
0.547154
0.547149
0.547144
0.547139
0.547134
0.54713
0.547125
0.547121
0.547117
0.547114
0.54711
0.547107
0.547104
0.5471
0.547098
0.547095
0.547092
0.54709
0.547087
0.547085
0.547083
0.547081
0.547079
0.547077
0.547076
0.547074
0.547072
0.547071
0.54707
0.547068
0.547067
0.547066
0.547065
0.547064
0.547063
0.547062
0.547061
0.547061
0.54706
0.547059
0.547058
0.547058
0.547057
0.547057
0.547056
0.547056
0.547055
0.547055
0.547054
0.547054
0.547053
0.547053
0.547052
0.547052
0.547052
0.547051
0.547051
0.54705
0.54705
0.54705
0.54705
0.957035
0.880745
0.814617
0.758652
0.712323
0.674712
0.644691
0.621075
0.60273
0.588637
0.577915
0.569829
0.563779
0.559285
0.55597
0.553538
0.551764
0.550477
0.549548
0.54888
0.548401
0.548059
0.547815
0.547641
0.547516
0.547427
0.547363
0.547317
0.547282
0.547256
0.547237
0.547221
0.547208
0.547198
0.547189
0.547181
0.547174
0.547167
0.547161
0.547155
0.54715
0.547144
0.547139
0.547135
0.54713
0.547126
0.547122
0.547118
0.547114
0.547111
0.547107
0.547104
0.547101
0.547098
0.547095
0.547092
0.54709
0.547088
0.547085
0.547083
0.547081
0.547079
0.547077
0.547076
0.547074
0.547073
0.547071
0.54707
0.547069
0.547067
0.547066
0.547065
0.547064
0.547063
0.547062
0.547062
0.547061
0.54706
0.547059
0.547059
0.547058
0.547057
0.547057
0.547056
0.547056
0.547055
0.547055
0.547054
0.547054
0.547053
0.547053
0.547053
0.547052
0.547052
0.547051
0.547051
0.547051
0.54705
0.54705
0.54705
0.957034
0.880744
0.814618
0.758654
0.712326
0.674715
0.644694
0.621077
0.602732
0.588638
0.577915
0.569829
0.563779
0.559286
0.55597
0.553539
0.551765
0.550479
0.54955
0.548882
0.548403
0.548061
0.547817
0.547643
0.547519
0.54743
0.547365
0.547319
0.547284
0.547258
0.547239
0.547223
0.54721
0.547199
0.54719
0.547182
0.547175
0.547168
0.547162
0.547156
0.54715
0.547145
0.54714
0.547135
0.547131
0.547126
0.547122
0.547118
0.547115
0.547111
0.547108
0.547104
0.547101
0.547098
0.547095
0.547093
0.54709
0.547088
0.547086
0.547083
0.547081
0.54708
0.547078
0.547076
0.547074
0.547073
0.547071
0.54707
0.547069
0.547068
0.547066
0.547065
0.547064
0.547063
0.547063
0.547062
0.547061
0.54706
0.54706
0.547059
0.547058
0.547058
0.547057
0.547057
0.547056
0.547056
0.547055
0.547055
0.547054
0.547054
0.547053
0.547053
0.547052
0.547052
0.547051
0.547051
0.547051
0.54705
0.54705
0.54705
0.957033
0.880744
0.814618
0.758656
0.712329
0.674719
0.644697
0.62108
0.602734
0.588639
0.577916
0.56983
0.56378
0.559286
0.555971
0.55354
0.551767
0.550481
0.549552
0.548884
0.548406
0.548064
0.54782
0.547646
0.547521
0.547432
0.547368
0.547321
0.547287
0.547261
0.547241
0.547225
0.547212
0.547201
0.547192
0.547184
0.547176
0.547169
0.547163
0.547157
0.547151
0.547146
0.547141
0.547136
0.547132
0.547127
0.547123
0.547119
0.547115
0.547112
0.547108
0.547105
0.547102
0.547099
0.547096
0.547093
0.547091
0.547088
0.547086
0.547084
0.547082
0.54708
0.547078
0.547076
0.547075
0.547073
0.547072
0.54707
0.547069
0.547068
0.547067
0.547066
0.547065
0.547064
0.547063
0.547062
0.547061
0.54706
0.54706
0.547059
0.547058
0.547058
0.547057
0.547057
0.547056
0.547056
0.547055
0.547055
0.547054
0.547054
0.547053
0.547053
0.547052
0.547052
0.547052
0.547051
0.547051
0.547051
0.54705
0.54705
0.957033
0.880743
0.814619
0.758658
0.712332
0.674723
0.644701
0.621083
0.602735
0.58864
0.577916
0.56983
0.56378
0.559287
0.555972
0.553541
0.551768
0.550483
0.549554
0.548887
0.548408
0.548066
0.547822
0.547648
0.547524
0.547435
0.547371
0.547324
0.547289
0.547263
0.547243
0.547227
0.547214
0.547203
0.547193
0.547185
0.547178
0.547171
0.547164
0.547158
0.547152
0.547147
0.547142
0.547137
0.547132
0.547128
0.547124
0.54712
0.547116
0.547112
0.547109
0.547105
0.547102
0.547099
0.547096
0.547094
0.547091
0.547089
0.547086
0.547084
0.547082
0.54708
0.547078
0.547077
0.547075
0.547073
0.547072
0.547071
0.547069
0.547068
0.547067
0.547066
0.547065
0.547064
0.547063
0.547062
0.547061
0.547061
0.54706
0.547059
0.547059
0.547058
0.547058
0.547057
0.547056
0.547056
0.547055
0.547055
0.547054
0.547054
0.547054
0.547053
0.547053
0.547052
0.547052
0.547051
0.547051
0.547051
0.54705
0.54705
0.957032
0.880743
0.81462
0.75866
0.712335
0.674726
0.644704
0.621085
0.602737
0.588641
0.577917
0.56983
0.56378
0.559287
0.555972
0.553542
0.55177
0.550485
0.549557
0.54889
0.548411
0.54807
0.547826
0.547652
0.547527
0.547438
0.547374
0.547327
0.547292
0.547265
0.547245
0.547229
0.547216
0.547205
0.547195
0.547187
0.547179
0.547172
0.547166
0.547159
0.547154
0.547148
0.547143
0.547138
0.547133
0.547129
0.547124
0.54712
0.547116
0.547113
0.547109
0.547106
0.547103
0.5471
0.547097
0.547094
0.547091
0.547089
0.547087
0.547084
0.547082
0.54708
0.547079
0.547077
0.547075
0.547074
0.547072
0.547071
0.54707
0.547068
0.547067
0.547066
0.547065
0.547064
0.547063
0.547063
0.547062
0.547061
0.54706
0.54706
0.547059
0.547058
0.547058
0.547057
0.547057
0.547056
0.547056
0.547055
0.547055
0.547054
0.547054
0.547053
0.547053
0.547052
0.547052
0.547052
0.547051
0.547051
0.54705
0.54705
0.957031
0.880742
0.81462
0.758663
0.712339
0.67473
0.644708
0.621088
0.602739
0.588641
0.577917
0.56983
0.56378
0.559287
0.555973
0.553543
0.551772
0.550487
0.549559
0.548893
0.548415
0.548073
0.547829
0.547655
0.547531
0.547441
0.547377
0.54733
0.547295
0.547268
0.547248
0.547232
0.547218
0.547207
0.547197
0.547189
0.547181
0.547174
0.547167
0.547161
0.547155
0.547149
0.547144
0.547139
0.547134
0.547129
0.547125
0.547121
0.547117
0.547113
0.54711
0.547106
0.547103
0.5471
0.547097
0.547094
0.547092
0.547089
0.547087
0.547085
0.547083
0.547081
0.547079
0.547077
0.547076
0.547074
0.547073
0.547071
0.54707
0.547069
0.547068
0.547066
0.547065
0.547065
0.547064
0.547063
0.547062
0.547061
0.547061
0.54706
0.547059
0.547059
0.547058
0.547058
0.547057
0.547056
0.547056
0.547055
0.547055
0.547054
0.547054
0.547054
0.547053
0.547053
0.547052
0.547052
0.547051
0.547051
0.547051
0.54705
0.95703
0.880741
0.814621
0.758665
0.712343
0.674734
0.644711
0.62109
0.60274
0.588642
0.577917
0.569829
0.56378
0.559287
0.555974
0.553544
0.551774
0.550489
0.549562
0.548896
0.548418
0.548077
0.547833
0.547659
0.547535
0.547445
0.54738
0.547333
0.547298
0.547271
0.547251
0.547234
0.547221
0.547209
0.547199
0.547191
0.547183
0.547175
0.547169
0.547162
0.547156
0.54715
0.547145
0.54714
0.547135
0.54713
0.547126
0.547122
0.547118
0.547114
0.54711
0.547107
0.547104
0.547101
0.547098
0.547095
0.547092
0.54709
0.547087
0.547085
0.547083
0.547081
0.547079
0.547078
0.547076
0.547074
0.547073
0.547072
0.54707
0.547069
0.547068
0.547067
0.547066
0.547065
0.547064
0.547063
0.547062
0.547062
0.547061
0.54706
0.54706
0.547059
0.547058
0.547058
0.547057
0.547057
0.547056
0.547056
0.547055
0.547055
0.547054
0.547054
0.547053
0.547053
0.547052
0.547052
0.547051
0.547051
0.547051
0.547051
0.95703
0.88074
0.814621
0.758667
0.712346
0.674738
0.644715
0.621093
0.602741
0.588642
0.577917
0.569829
0.56378
0.559288
0.555975
0.553546
0.551776
0.550492
0.549566
0.548899
0.548422
0.548081
0.547837
0.547663
0.547539
0.547449
0.547384
0.547337
0.547301
0.547275
0.547254
0.547237
0.547223
0.547212
0.547202
0.547193
0.547185
0.547177
0.54717
0.547164
0.547158
0.547152
0.547146
0.547141
0.547136
0.547131
0.547127
0.547123
0.547118
0.547115
0.547111
0.547108
0.547104
0.547101
0.547098
0.547095
0.547093
0.54709
0.547088
0.547086
0.547084
0.547082
0.54708
0.547078
0.547076
0.547075
0.547073
0.547072
0.547071
0.547069
0.547068
0.547067
0.547066
0.547065
0.547064
0.547063
0.547063
0.547062
0.547061
0.54706
0.54706
0.547059
0.547059
0.547058
0.547058
0.547057
0.547056
0.547056
0.547055
0.547055
0.547054
0.547054
0.547053
0.547053
0.547053
0.547052
0.547052
0.547051
0.547051
0.547051
0.957029
0.880739
0.814622
0.75867
0.71235
0.674742
0.644718
0.621095
0.602743
0.588643
0.577916
0.569829
0.563779
0.559288
0.555975
0.553548
0.551778
0.550495
0.549569
0.548903
0.548426
0.548085
0.547842
0.547668
0.547543
0.547453
0.547388
0.547341
0.547305
0.547278
0.547257
0.54724
0.547226
0.547214
0.547204
0.547195
0.547187
0.547179
0.547172
0.547165
0.547159
0.547153
0.547147
0.547142
0.547137
0.547132
0.547128
0.547123
0.547119
0.547115
0.547112
0.547108
0.547105
0.547102
0.547099
0.547096
0.547093
0.547091
0.547088
0.547086
0.547084
0.547082
0.54708
0.547078
0.547077
0.547075
0.547074
0.547072
0.547071
0.54707
0.547069
0.547067
0.547066
0.547065
0.547065
0.547064
0.547063
0.547062
0.547061
0.547061
0.54706
0.54706
0.547059
0.547058
0.547058
0.547057
0.547057
0.547056
0.547056
0.547055
0.547055
0.547054
0.547054
0.547053
0.547053
0.547052
0.547052
0.547051
0.547051
0.547051
0.957027
0.880738
0.814623
0.758673
0.712354
0.674747
0.644722
0.621098
0.602744
0.588643
0.577916
0.569828
0.563779
0.559288
0.555976
0.553549
0.551781
0.550498
0.549573
0.548908
0.548431
0.54809
0.547847
0.547673
0.547548
0.547458
0.547393
0.547345
0.547309
0.547282
0.547261
0.547243
0.547229
0.547217
0.547207
0.547197
0.547189
0.547181
0.547174
0.547167
0.547161
0.547155
0.547149
0.547143
0.547138
0.547133
0.547129
0.547124
0.54712
0.547116
0.547112
0.547109
0.547105
0.547102
0.547099
0.547096
0.547094
0.547091
0.547089
0.547087
0.547084
0.547082
0.547081
0.547079
0.547077
0.547075
0.547074
0.547073
0.547071
0.54707
0.547069
0.547068
0.547067
0.547066
0.547065
0.547064
0.547063
0.547062
0.547062
0.547061
0.54706
0.54706
0.547059
0.547059
0.547058
0.547058
0.547057
0.547057
0.547056
0.547056
0.547055
0.547054
0.547054
0.547053
0.547053
0.547052
0.547052
0.547052
0.547051
0.547051
0.957026
0.880737
0.814623
0.758675
0.712359
0.674751
0.644726
0.6211
0.602745
0.588643
0.577915
0.569827
0.563778
0.559288
0.555977
0.553551
0.551783
0.550502
0.549577
0.548912
0.548436
0.548095
0.547852
0.547678
0.547553
0.547463
0.547398
0.54735
0.547314
0.547286
0.547264
0.547247
0.547233
0.54722
0.547209
0.5472
0.547191
0.547183
0.547176
0.547169
0.547162
0.547156
0.54715
0.547145
0.547139
0.547134
0.54713
0.547125
0.547121
0.547117
0.547113
0.54711
0.547106
0.547103
0.5471
0.547097
0.547094
0.547092
0.547089
0.547087
0.547085
0.547083
0.547081
0.547079
0.547077
0.547076
0.547074
0.547073
0.547072
0.54707
0.547069
0.547068
0.547067
0.547066
0.547065
0.547064
0.547064
0.547063
0.547062
0.547061
0.547061
0.54706
0.54706
0.547059
0.547058
0.547058
0.547057
0.547057
0.547056
0.547056
0.547055
0.547055
0.547054
0.547054
0.547053
0.547053
0.547052
0.547052
0.547051
0.547051
0.957025
0.880736
0.814624
0.758678
0.712363
0.674756
0.64473
0.621103
0.602746
0.588642
0.577914
0.569826
0.563778
0.559288
0.555978
0.553553
0.551786
0.550506
0.549582
0.548918
0.548442
0.548101
0.547858
0.547684
0.547559
0.547469
0.547403
0.547355
0.547318
0.54729
0.547268
0.547251
0.547236
0.547223
0.547212
0.547203
0.547194
0.547185
0.547178
0.547171
0.547164
0.547158
0.547152
0.547146
0.547141
0.547136
0.547131
0.547126
0.547122
0.547118
0.547114
0.54711
0.547107
0.547104
0.547101
0.547098
0.547095
0.547092
0.54709
0.547088
0.547085
0.547083
0.547081
0.54708
0.547078
0.547076
0.547075
0.547073
0.547072
0.547071
0.54707
0.547069
0.547067
0.547066
0.547066
0.547065
0.547064
0.547063
0.547062
0.547062
0.547061
0.54706
0.54706
0.547059
0.547059
0.547058
0.547058
0.547057
0.547057
0.547056
0.547056
0.547055
0.547054
0.547054
0.547053
0.547053
0.547052
0.547052
0.547052
0.547051
0.957024
0.880734
0.814624
0.758681
0.712368
0.674761
0.644734
0.621105
0.602747
0.588642
0.577913
0.569825
0.563777
0.559289
0.55598
0.553556
0.55179
0.55051
0.549587
0.548923
0.548448
0.548107
0.547864
0.54769
0.547565
0.547475
0.547409
0.54736
0.547323
0.547295
0.547273
0.547255
0.54724
0.547227
0.547216
0.547205
0.547196
0.547188
0.54718
0.547173
0.547166
0.547159
0.547153
0.547147
0.547142
0.547137
0.547132
0.547127
0.547123
0.547119
0.547115
0.547111
0.547108
0.547104
0.547101
0.547098
0.547095
0.547093
0.54709
0.547088
0.547086
0.547084
0.547082
0.54708
0.547078
0.547077
0.547075
0.547074
0.547072
0.547071
0.54707
0.547069
0.547068
0.547067
0.547066
0.547065
0.547064
0.547064
0.547063
0.547062
0.547061
0.547061
0.54706
0.54706
0.547059
0.547059
0.547058
0.547057
0.547057
0.547056
0.547056
0.547055
0.547055
0.547054
0.547054
0.547053
0.547053
0.547052
0.547052
0.547051
0.957022
0.880733
0.814625
0.758685
0.712373
0.674766
0.644738
0.621108
0.602747
0.588641
0.577912
0.569824
0.563776
0.559289
0.555981
0.553558
0.551793
0.550515
0.549592
0.548929
0.548454
0.548114
0.547871
0.547697
0.547572
0.547481
0.547415
0.547366
0.547328
0.5473
0.547277
0.547259
0.547244
0.54723
0.547219
0.547208
0.547199
0.54719
0.547182
0.547175
0.547168
0.547161
0.547155
0.547149
0.547143
0.547138
0.547133
0.547128
0.547124
0.54712
0.547116
0.547112
0.547108
0.547105
0.547102
0.547099
0.547096
0.547093
0.547091
0.547089
0.547086
0.547084
0.547082
0.54708
0.547079
0.547077
0.547076
0.547074
0.547073
0.547072
0.54707
0.547069
0.547068
0.547067
0.547066
0.547065
0.547065
0.547064
0.547063
0.547062
0.547062
0.547061
0.547061
0.54706
0.547059
0.547059
0.547058
0.547058
0.547057
0.547057
0.547056
0.547056
0.547055
0.547054
0.547054
0.547053
0.547053
0.547052
0.547052
0.547052
0.95702
0.880731
0.814626
0.758688
0.712378
0.674772
0.644742
0.62111
0.602748
0.588641
0.57791
0.569822
0.563776
0.559289
0.555982
0.553561
0.551797
0.55052
0.549598
0.548936
0.548461
0.548121
0.547878
0.547704
0.547579
0.547488
0.547421
0.547372
0.547334
0.547305
0.547282
0.547263
0.547248
0.547234
0.547222
0.547212
0.547202
0.547193
0.547185
0.547177
0.54717
0.547163
0.547156
0.54715
0.547145
0.547139
0.547134
0.547129
0.547125
0.547121
0.547116
0.547113
0.547109
0.547106
0.547102
0.547099
0.547097
0.547094
0.547091
0.547089
0.547087
0.547085
0.547083
0.547081
0.547079
0.547078
0.547076
0.547075
0.547073
0.547072
0.547071
0.54707
0.547069
0.547068
0.547067
0.547066
0.547065
0.547064
0.547063
0.547063
0.547062
0.547062
0.547061
0.54706
0.54706
0.547059
0.547059
0.547058
0.547058
0.547057
0.547056
0.547056
0.547055
0.547055
0.547054
0.547053
0.547053
0.547052
0.547052
0.547052
0.957018
0.880729
0.814626
0.758692
0.712384
0.674778
0.644747
0.621112
0.602748
0.58864
0.577909
0.569821
0.563775
0.559289
0.555984
0.553564
0.551802
0.550525
0.549605
0.548943
0.548469
0.548129
0.547886
0.547712
0.547586
0.547495
0.547428
0.547378
0.54734
0.547311
0.547287
0.547268
0.547252
0.547238
0.547226
0.547215
0.547205
0.547196
0.547187
0.547179
0.547172
0.547165
0.547158
0.547152
0.547146
0.547141
0.547135
0.54713
0.547126
0.547121
0.547117
0.547113
0.54711
0.547106
0.547103
0.5471
0.547097
0.547095
0.547092
0.54709
0.547087
0.547085
0.547083
0.547081
0.54708
0.547078
0.547076
0.547075
0.547074
0.547072
0.547071
0.54707
0.547069
0.547068
0.547067
0.547066
0.547065
0.547065
0.547064
0.547063
0.547063
0.547062
0.547061
0.547061
0.54706
0.54706
0.547059
0.547058
0.547058
0.547057
0.547057
0.547056
0.547056
0.547055
0.547054
0.547054
0.547053
0.547053
0.547052
0.547052
0.957016
0.880727
0.814627
0.758695
0.712389
0.674783
0.644751
0.621115
0.602749
0.588638
0.577907
0.569819
0.563774
0.559289
0.555986
0.553567
0.551807
0.550531
0.549612
0.548951
0.548477
0.548138
0.547894
0.54772
0.547594
0.547502
0.547435
0.547385
0.547346
0.547316
0.547293
0.547273
0.547256
0.547242
0.547229
0.547218
0.547208
0.547198
0.54719
0.547181
0.547174
0.547167
0.54716
0.547154
0.547148
0.547142
0.547137
0.547132
0.547127
0.547122
0.547118
0.547114
0.547111
0.547107
0.547104
0.547101
0.547098
0.547095
0.547093
0.54709
0.547088
0.547086
0.547084
0.547082
0.54708
0.547078
0.547077
0.547075
0.547074
0.547073
0.547072
0.54707
0.547069
0.547068
0.547067
0.547067
0.547066
0.547065
0.547064
0.547064
0.547063
0.547062
0.547062
0.547061
0.54706
0.54706
0.547059
0.547059
0.547058
0.547058
0.547057
0.547056
0.547056
0.547055
0.547055
0.547054
0.547053
0.547053
0.547052
0.547052
0.957014
0.880724
0.814627
0.758699
0.712395
0.674789
0.644755
0.621117
0.602748
0.588637
0.577904
0.569817
0.563773
0.55929
0.555988
0.553571
0.551812
0.550538
0.549619
0.548959
0.548486
0.548147
0.547904
0.547729
0.547603
0.547511
0.547443
0.547392
0.547353
0.547323
0.547298
0.547278
0.547261
0.547246
0.547233
0.547222
0.547211
0.547201
0.547192
0.547184
0.547176
0.547169
0.547162
0.547155
0.547149
0.547143
0.547138
0.547133
0.547128
0.547123
0.547119
0.547115
0.547111
0.547108
0.547105
0.547101
0.547098
0.547096
0.547093
0.547091
0.547088
0.547086
0.547084
0.547082
0.54708
0.547079
0.547077
0.547076
0.547074
0.547073
0.547072
0.547071
0.54707
0.547069
0.547068
0.547067
0.547066
0.547065
0.547065
0.547064
0.547063
0.547063
0.547062
0.547061
0.547061
0.54706
0.54706
0.547059
0.547058
0.547058
0.547057
0.547057
0.547056
0.547055
0.547055
0.547054
0.547054
0.547053
0.547053
0.547052
0.957011
0.880721
0.814627
0.758703
0.712401
0.674795
0.64476
0.621119
0.602748
0.588634
0.577902
0.569814
0.563771
0.55929
0.55599
0.553575
0.551818
0.550545
0.549628
0.548968
0.548495
0.548156
0.547913
0.547738
0.547612
0.547519
0.547451
0.547399
0.54736
0.547329
0.547304
0.547283
0.547266
0.547251
0.547237
0.547225
0.547214
0.547204
0.547195
0.547186
0.547178
0.547171
0.547163
0.547157
0.547151
0.547145
0.547139
0.547134
0.547129
0.547124
0.54712
0.547116
0.547112
0.547109
0.547105
0.547102
0.547099
0.547096
0.547094
0.547091
0.547089
0.547087
0.547085
0.547083
0.547081
0.547079
0.547078
0.547076
0.547075
0.547074
0.547072
0.547071
0.54707
0.547069
0.547068
0.547067
0.547066
0.547066
0.547065
0.547064
0.547064
0.547063
0.547062
0.547062
0.547061
0.547061
0.54706
0.547059
0.547059
0.547058
0.547058
0.547057
0.547056
0.547056
0.547055
0.547054
0.547054
0.547053
0.547053
0.547052
0.957008
0.880718
0.814627
0.758707
0.712407
0.674801
0.644764
0.62112
0.602747
0.588632
0.577898
0.569812
0.56377
0.559291
0.555993
0.55358
0.551824
0.550553
0.549637
0.548978
0.548506
0.548167
0.547923
0.547748
0.547621
0.547528
0.547459
0.547407
0.547367
0.547336
0.54731
0.547289
0.547271
0.547255
0.547241
0.547229
0.547218
0.547207
0.547198
0.547189
0.54718
0.547173
0.547165
0.547158
0.547152
0.547146
0.54714
0.547135
0.54713
0.547125
0.547121
0.547117
0.547113
0.547109
0.547106
0.547103
0.5471
0.547097
0.547094
0.547092
0.547089
0.547087
0.547085
0.547083
0.547081
0.54708
0.547078
0.547077
0.547075
0.547074
0.547073
0.547071
0.54707
0.547069
0.547068
0.547068
0.547067
0.547066
0.547065
0.547065
0.547064
0.547063
0.547063
0.547062
0.547061
0.547061
0.54706
0.54706
0.547059
0.547058
0.547058
0.547057
0.547057
0.547056
0.547055
0.547055
0.547054
0.547053
0.547053
0.547053
0.957004
0.880715
0.814627
0.758711
0.712414
0.674808
0.644768
0.621121
0.602746
0.588629
0.577895
0.569809
0.563768
0.559291
0.555995
0.553585
0.551831
0.550562
0.549646
0.548989
0.548516
0.548178
0.547934
0.547759
0.547631
0.547538
0.547468
0.547415
0.547375
0.547343
0.547316
0.547295
0.547276
0.54726
0.547246
0.547233
0.547221
0.54721
0.5472
0.547191
0.547183
0.547175
0.547167
0.54716
0.547153
0.547147
0.547142
0.547136
0.547131
0.547126
0.547122
0.547118
0.547114
0.54711
0.547106
0.547103
0.5471
0.547097
0.547095
0.547092
0.54709
0.547088
0.547085
0.547084
0.547082
0.54708
0.547078
0.547077
0.547076
0.547074
0.547073
0.547072
0.547071
0.54707
0.547069
0.547068
0.547067
0.547066
0.547066
0.547065
0.547064
0.547064
0.547063
0.547062
0.547062
0.547061
0.547061
0.54706
0.547059
0.547059
0.547058
0.547057
0.547057
0.547056
0.547055
0.547055
0.547054
0.547053
0.547053
0.547053
0.957
0.880711
0.814627
0.758715
0.71242
0.674814
0.644772
0.621122
0.602744
0.588625
0.577891
0.569805
0.563767
0.559292
0.555998
0.55359
0.551838
0.550571
0.549657
0.549
0.548528
0.54819
0.547946
0.54777
0.547642
0.547548
0.547477
0.547424
0.547383
0.54735
0.547323
0.5473
0.547281
0.547265
0.54725
0.547237
0.547224
0.547213
0.547203
0.547194
0.547185
0.547177
0.547169
0.547162
0.547155
0.547149
0.547143
0.547137
0.547132
0.547127
0.547123
0.547118
0.547114
0.547111
0.547107
0.547104
0.547101
0.547098
0.547095
0.547093
0.54709
0.547088
0.547086
0.547084
0.547082
0.54708
0.547079
0.547077
0.547076
0.547075
0.547073
0.547072
0.547071
0.54707
0.547069
0.547068
0.547067
0.547067
0.547066
0.547065
0.547064
0.547064
0.547063
0.547063
0.547062
0.547061
0.547061
0.54706
0.54706
0.547059
0.547058
0.547058
0.547057
0.547056
0.547056
0.547055
0.547054
0.547054
0.547053
0.547053
0.956996
0.880706
0.814626
0.758719
0.712427
0.67482
0.644776
0.621123
0.602741
0.588621
0.577886
0.569801
0.563765
0.559292
0.556002
0.553596
0.551847
0.550581
0.549668
0.549012
0.548541
0.548202
0.547958
0.547782
0.547653
0.547558
0.547487
0.547433
0.547391
0.547357
0.547329
0.547306
0.547287
0.547269
0.547254
0.54724
0.547228
0.547216
0.547206
0.547196
0.547187
0.547178
0.547171
0.547163
0.547156
0.54715
0.547144
0.547138
0.547133
0.547128
0.547123
0.547119
0.547115
0.547111
0.547108
0.547104
0.547101
0.547098
0.547095
0.547093
0.547091
0.547088
0.547086
0.547084
0.547082
0.547081
0.547079
0.547078
0.547076
0.547075
0.547074
0.547072
0.547071
0.54707
0.547069
0.547068
0.547068
0.547067
0.547066
0.547065
0.547065
0.547064
0.547063
0.547063
0.547062
0.547062
0.547061
0.54706
0.54706
0.547059
0.547059
0.547058
0.547057
0.547056
0.547056
0.547055
0.547054
0.547054
0.547053
0.547053
0.956991
0.880701
0.814626
0.758723
0.712434
0.674827
0.64478
0.621123
0.602738
0.588616
0.577881
0.569797
0.563763
0.559293
0.556005
0.553602
0.551855
0.550591
0.54968
0.549025
0.548554
0.548215
0.547971
0.547794
0.547664
0.547569
0.547497
0.547442
0.547399
0.547364
0.547336
0.547312
0.547292
0.547274
0.547258
0.547244
0.547231
0.547219
0.547208
0.547198
0.547189
0.54718
0.547172
0.547165
0.547158
0.547151
0.547145
0.547139
0.547134
0.547129
0.547124
0.54712
0.547115
0.547112
0.547108
0.547105
0.547102
0.547099
0.547096
0.547093
0.547091
0.547089
0.547086
0.547085
0.547083
0.547081
0.547079
0.547078
0.547076
0.547075
0.547074
0.547073
0.547072
0.547071
0.54707
0.547069
0.547068
0.547067
0.547066
0.547066
0.547065
0.547064
0.547064
0.547063
0.547062
0.547062
0.547061
0.547061
0.54706
0.547059
0.547059
0.547058
0.547057
0.547057
0.547056
0.547055
0.547054
0.547054
0.547053
0.547053
0.956986
0.880695
0.814624
0.758727
0.712441
0.674833
0.644784
0.621123
0.602735
0.588611
0.577875
0.569793
0.563761
0.559294
0.556009
0.553609
0.551865
0.550602
0.549692
0.549038
0.548567
0.548229
0.547984
0.547806
0.547676
0.54758
0.547507
0.547451
0.547407
0.547372
0.547343
0.547318
0.547297
0.547279
0.547262
0.547248
0.547234
0.547222
0.547211
0.5472
0.547191
0.547182
0.547174
0.547166
0.547159
0.547152
0.547146
0.54714
0.547134
0.547129
0.547125
0.54712
0.547116
0.547112
0.547108
0.547105
0.547102
0.547099
0.547096
0.547094
0.547091
0.547089
0.547087
0.547085
0.547083
0.547081
0.547079
0.547078
0.547077
0.547075
0.547074
0.547073
0.547072
0.547071
0.54707
0.547069
0.547068
0.547067
0.547066
0.547066
0.547065
0.547064
0.547064
0.547063
0.547063
0.547062
0.547061
0.547061
0.54706
0.54706
0.547059
0.547058
0.547057
0.547057
0.547056
0.547055
0.547055
0.547054
0.547053
0.547053
0.956979
0.880689
0.814623
0.758732
0.712448
0.674841
0.644788
0.621123
0.602731
0.588605
0.577869
0.569788
0.563759
0.559295
0.556013
0.553616
0.551874
0.550614
0.549706
0.549052
0.548581
0.548242
0.547997
0.547819
0.547688
0.54759
0.547517
0.54746
0.547415
0.547379
0.547349
0.547324
0.547302
0.547283
0.547266
0.547251
0.547237
0.547225
0.547213
0.547202
0.547192
0.547183
0.547175
0.547167
0.54716
0.547153
0.547146
0.54714
0.547135
0.54713
0.547125
0.54712
0.547116
0.547112
0.547109
0.547105
0.547102
0.547099
0.547096
0.547094
0.547091
0.547089
0.547087
0.547085
0.547083
0.547081
0.54708
0.547078
0.547077
0.547075
0.547074
0.547073
0.547072
0.547071
0.54707
0.547069
0.547068
0.547067
0.547067
0.547066
0.547065
0.547065
0.547064
0.547063
0.547063
0.547062
0.547062
0.547061
0.54706
0.54706
0.547059
0.547058
0.547058
0.547057
0.547056
0.547055
0.547055
0.547054
0.547053
0.547053
0.956972
0.880681
0.814622
0.758737
0.712457
0.674849
0.644793
0.621124
0.602728
0.588599
0.577863
0.569784
0.563757
0.559296
0.556018
0.553624
0.551885
0.550626
0.549719
0.549066
0.548596
0.548256
0.548011
0.547832
0.5477
0.547601
0.547526
0.547469
0.547423
0.547386
0.547355
0.547329
0.547307
0.547287
0.54727
0.547254
0.54724
0.547227
0.547215
0.547204
0.547194
0.547184
0.547176
0.547168
0.54716
0.547153
0.547147
0.547141
0.547135
0.54713
0.547125
0.547121
0.547116
0.547112
0.547109
0.547105
0.547102
0.547099
0.547096
0.547094
0.547091
0.547089
0.547087
0.547085
0.547083
0.547081
0.54708
0.547078
0.547077
0.547075
0.547074
0.547073
0.547072
0.547071
0.54707
0.547069
0.547068
0.547067
0.547067
0.547066
0.547065
0.547065
0.547064
0.547063
0.547063
0.547062
0.547062
0.547061
0.54706
0.54706
0.547059
0.547058
0.547058
0.547057
0.547056
0.547055
0.547055
0.547054
0.547053
0.547053
0.956964
0.880673
0.814621
0.758744
0.712469
0.67486
0.6448
0.621126
0.602726
0.588594
0.577857
0.569779
0.563755
0.559297
0.556023
0.553632
0.551895
0.550639
0.549733
0.54908
0.54861
0.54827
0.548024
0.547844
0.547711
0.547612
0.547536
0.547477
0.54743
0.547392
0.547361
0.547334
0.547311
0.547291
0.547273
0.547256
0.547242
0.547229
0.547216
0.547205
0.547195
0.547185
0.547176
0.547168
0.547161
0.547154
0.547147
0.547141
0.547135
0.54713
0.547125
0.547121
0.547116
0.547112
0.547109
0.547105
0.547102
0.547099
0.547096
0.547094
0.547091
0.547089
0.547087
0.547085
0.547083
0.547081
0.54708
0.547078
0.547077
0.547075
0.547074
0.547073
0.547072
0.547071
0.54707
0.547069
0.547068
0.547067
0.547067
0.547066
0.547065
0.547065
0.547064
0.547063
0.547063
0.547062
0.547062
0.547061
0.54706
0.54706
0.547059
0.547058
0.547058
0.547057
0.547056
0.547055
0.547055
0.547054
0.547053
0.547053
0.956955
0.880664
0.814621
0.758753
0.712484
0.674875
0.644811
0.621131
0.602726
0.588591
0.577853
0.569775
0.563753
0.559299
0.556028
0.55364
0.551905
0.550651
0.549746
0.549094
0.548624
0.548284
0.548037
0.547856
0.547722
0.547621
0.547544
0.547484
0.547437
0.547398
0.547365
0.547338
0.547314
0.547293
0.547275
0.547258
0.547243
0.54723
0.547217
0.547206
0.547195
0.547186
0.547177
0.547168
0.547161
0.547154
0.547147
0.547141
0.547135
0.54713
0.547125
0.54712
0.547116
0.547112
0.547108
0.547105
0.547102
0.547099
0.547096
0.547093
0.547091
0.547089
0.547086
0.547084
0.547083
0.547081
0.547079
0.547078
0.547076
0.547075
0.547074
0.547073
0.547072
0.547071
0.54707
0.547069
0.547068
0.547067
0.547066
0.547066
0.547065
0.547064
0.547064
0.547063
0.547063
0.547062
0.547061
0.547061
0.54706
0.54706
0.547059
0.547058
0.547057
0.547057
0.547056
0.547055
0.547055
0.547054
0.547053
0.547053
0.956944
0.880655
0.814623
0.758767
0.712505
0.674897
0.644828
0.621141
0.602729
0.58859
0.57785
0.569773
0.563752
0.559301
0.556032
0.553647
0.551915
0.550663
0.549759
0.549107
0.548637
0.548296
0.548049
0.547867
0.547732
0.54763
0.547552
0.547491
0.547442
0.547402
0.547369
0.547341
0.547317
0.547295
0.547276
0.547259
0.547244
0.54723
0.547218
0.547206
0.547195
0.547185
0.547176
0.547168
0.54716
0.547153
0.547146
0.54714
0.547134
0.547129
0.547124
0.54712
0.547115
0.547111
0.547108
0.547104
0.547101
0.547098
0.547095
0.547093
0.54709
0.547088
0.547086
0.547084
0.547082
0.547081
0.547079
0.547077
0.547076
0.547075
0.547074
0.547072
0.547071
0.54707
0.547069
0.547069
0.547068
0.547067
0.547066
0.547066
0.547065
0.547064
0.547064
0.547063
0.547063
0.547062
0.547061
0.547061
0.54706
0.547059
0.547059
0.547058
0.547057
0.547057
0.547056
0.547055
0.547054
0.547054
0.547053
0.547053
0.956932
0.880646
0.814628
0.758788
0.712536
0.674929
0.644855
0.62116
0.602739
0.588593
0.57785
0.569772
0.563752
0.559303
0.556037
0.553655
0.551925
0.550674
0.54977
0.549119
0.548649
0.548308
0.548059
0.547876
0.54774
0.547637
0.547558
0.547496
0.547446
0.547406
0.547372
0.547343
0.547318
0.547296
0.547277
0.54726
0.547244
0.54723
0.547217
0.547205
0.547194
0.547184
0.547175
0.547167
0.547159
0.547152
0.547145
0.547139
0.547133
0.547128
0.547123
0.547119
0.547114
0.547111
0.547107
0.547103
0.5471
0.547097
0.547095
0.547092
0.54709
0.547087
0.547085
0.547083
0.547082
0.54708
0.547078
0.547077
0.547076
0.547074
0.547073
0.547072
0.547071
0.54707
0.547069
0.547068
0.547067
0.547067
0.547066
0.547065
0.547065
0.547064
0.547063
0.547063
0.547062
0.547062
0.547061
0.54706
0.54706
0.547059
0.547059
0.547058
0.547057
0.547056
0.547056
0.547055
0.547054
0.547054
0.547053
0.547053
0.956919
0.880638
0.81464
0.758821
0.712581
0.674977
0.644897
0.62119
0.602758
0.588603
0.577854
0.569773
0.563753
0.559305
0.556041
0.553661
0.551933
0.550683
0.54978
0.549129
0.548658
0.548317
0.548067
0.547883
0.547746
0.547642
0.547562
0.547499
0.547449
0.547407
0.547373
0.547343
0.547318
0.547296
0.547276
0.547259
0.547243
0.547228
0.547215
0.547204
0.547193
0.547183
0.547174
0.547165
0.547158
0.54715
0.547144
0.547138
0.547132
0.547127
0.547122
0.547117
0.547113
0.547109
0.547106
0.547102
0.547099
0.547096
0.547094
0.547091
0.547089
0.547087
0.547084
0.547083
0.547081
0.547079
0.547078
0.547076
0.547075
0.547074
0.547072
0.547071
0.54707
0.547069
0.547069
0.547068
0.547067
0.547066
0.547065
0.547065
0.547064
0.547064
0.547063
0.547062
0.547062
0.547061
0.547061
0.54706
0.54706
0.547059
0.547058
0.547058
0.547057
0.547056
0.547055
0.547055
0.547054
0.547053
0.547053
0.547053
0.956903
0.880632
0.814661
0.758871
0.712649
0.675048
0.644959
0.621237
0.60279
0.588622
0.577863
0.569778
0.563756
0.559308
0.556045
0.553666
0.551939
0.55069
0.549788
0.549137
0.548665
0.548323
0.548073
0.547888
0.54775
0.547645
0.547564
0.5475
0.547449
0.547407
0.547372
0.547342
0.547316
0.547294
0.547274
0.547256
0.54724
0.547226
0.547213
0.547201
0.54719
0.54718
0.547171
0.547163
0.547155
0.547148
0.547142
0.547135
0.54713
0.547125
0.54712
0.547116
0.547111
0.547108
0.547104
0.547101
0.547098
0.547095
0.547092
0.54709
0.547087
0.547085
0.547083
0.547082
0.54708
0.547078
0.547077
0.547075
0.547074
0.547073
0.547072
0.547071
0.54707
0.547069
0.547068
0.547067
0.547066
0.547066
0.547065
0.547064
0.547064
0.547063
0.547062
0.547062
0.547061
0.547061
0.54706
0.54706
0.547059
0.547059
0.547058
0.547057
0.547057
0.547056
0.547055
0.547054
0.547054
0.547053
0.547053
0.547052
0.956885
0.880629
0.814698
0.758948
0.71275
0.675151
0.645049
0.621306
0.602838
0.588652
0.57788
0.569786
0.56376
0.55931
0.556047
0.553669
0.551943
0.550694
0.549792
0.549141
0.548669
0.548327
0.548075
0.54789
0.547751
0.547645
0.547563
0.547499
0.547447
0.547405
0.547369
0.547339
0.547313
0.54729
0.54727
0.547253
0.547237
0.547222
0.547209
0.547198
0.547187
0.547177
0.547168
0.54716
0.547152
0.547145
0.547139
0.547133
0.547127
0.547122
0.547118
0.547113
0.547109
0.547106
0.547102
0.547099
0.547096
0.547093
0.547091
0.547088
0.547086
0.547084
0.547082
0.54708
0.547079
0.547077
0.547076
0.547074
0.547073
0.547072
0.547071
0.54707
0.547069
0.547068
0.547067
0.547066
0.547066
0.547065
0.547064
0.547064
0.547063
0.547062
0.547062
0.547061
0.547061
0.54706
0.54706
0.547059
0.547059
0.547058
0.547057
0.547057
0.547056
0.547055
0.547055
0.547054
0.547053
0.547053
0.547052
0.547052
0.956864
0.880635
0.81476
0.759064
0.712895
0.675297
0.645174
0.621403
0.602904
0.588694
0.577904
0.569798
0.563765
0.559312
0.556048
0.553669
0.551943
0.550695
0.549793
0.549142
0.54867
0.548326
0.548074
0.547888
0.547748
0.547642
0.54756
0.547495
0.547443
0.5474
0.547364
0.547334
0.547308
0.547285
0.547265
0.547248
0.547232
0.547217
0.547205
0.547193
0.547182
0.547173
0.547164
0.547156
0.547148
0.547142
0.547135
0.54713
0.547124
0.547119
0.547115
0.547111
0.547107
0.547103
0.5471
0.547097
0.547094
0.547091
0.547089
0.547086
0.547084
0.547082
0.547081
0.547079
0.547077
0.547076
0.547074
0.547073
0.547072
0.547071
0.54707
0.547069
0.547068
0.547067
0.547066
0.547065
0.547065
0.547064
0.547063
0.547063
0.547062
0.547062
0.547061
0.547061
0.54706
0.54706
0.547059
0.547059
0.547058
0.547057
0.547057
0.547056
0.547056
0.547055
0.547054
0.547054
0.547053
0.547052
0.547052
0.547052
0.956843
0.880658
0.814863
0.759236
0.713099
0.675494
0.645341
0.621529
0.602992
0.58875
0.577937
0.569815
0.563772
0.559313
0.556046
0.553666
0.55194
0.550692
0.54979
0.549138
0.548666
0.548322
0.54807
0.547883
0.547743
0.547636
0.547553
0.547488
0.547436
0.547393
0.547357
0.547327
0.547301
0.547279
0.547259
0.547241
0.547226
0.547212
0.547199
0.547188
0.547177
0.547168
0.547159
0.547151
0.547144
0.547137
0.547131
0.547126
0.547121
0.547116
0.547112
0.547108
0.547104
0.5471
0.547097
0.547094
0.547092
0.547089
0.547087
0.547084
0.547082
0.547081
0.547079
0.547077
0.547076
0.547074
0.547073
0.547072
0.547071
0.547069
0.547068
0.547068
0.547067
0.547066
0.547065
0.547064
0.547064
0.547063
0.547063
0.547062
0.547061
0.547061
0.54706
0.54706
0.547059
0.547059
0.547058
0.547058
0.547057
0.547057
0.547056
0.547056
0.547055
0.547054
0.547054
0.547053
0.547053
0.547052
0.547052
0.547051
0.956824
0.880715
0.81503
0.759484
0.713373
0.675749
0.64555
0.621685
0.603099
0.588817
0.577975
0.569834
0.563779
0.559313
0.556042
0.55366
0.551934
0.550685
0.549783
0.549131
0.548659
0.548315
0.548062
0.547875
0.547734
0.547628
0.547545
0.547479
0.547427
0.547384
0.547349
0.547319
0.547293
0.547271
0.547251
0.547234
0.547219
0.547205
0.547193
0.547181
0.547171
0.547162
0.547154
0.547146
0.547139
0.547133
0.547127
0.547122
0.547117
0.547112
0.547108
0.547104
0.547101
0.547098
0.547095
0.547092
0.547089
0.547087
0.547084
0.547082
0.54708
0.547079
0.547077
0.547075
0.547074
0.547073
0.547071
0.54707
0.547069
0.547068
0.547067
0.547066
0.547066
0.547065
0.547064
0.547063
0.547063
0.547062
0.547062
0.547061
0.547061
0.54706
0.54706
0.547059
0.547059
0.547058
0.547058
0.547057
0.547057
0.547056
0.547056
0.547055
0.547054
0.547054
0.547053
0.547053
0.547052
0.547052
0.547051
0.547051
0.956807
0.880843
0.815292
0.759822
0.713718
0.676054
0.645792
0.621863
0.60322
0.588893
0.578018
0.569854
0.563785
0.559311
0.556036
0.553652
0.551924
0.550675
0.549773
0.549121
0.548648
0.548304
0.548052
0.547864
0.547724
0.547617
0.547534
0.547469
0.547417
0.547374
0.547339
0.547309
0.547284
0.547262
0.547243
0.547226
0.547211
0.547198
0.547186
0.547175
0.547165
0.547156
0.547148
0.547141
0.547135
0.547128
0.547123
0.547118
0.547113
0.547109
0.547105
0.547101
0.547098
0.547095
0.547092
0.547089
0.547087
0.547084
0.547082
0.54708
0.547078
0.547077
0.547075
0.547074
0.547072
0.547071
0.54707
0.547069
0.547068
0.547067
0.547066
0.547065
0.547064
0.547064
0.547063
0.547062
0.547062
0.547061
0.547061
0.54706
0.54706
0.547059
0.547059
0.547058
0.547058
0.547057
0.547057
0.547057
0.547056
0.547056
0.547055
0.547055
0.547054
0.547053
0.547053
0.547052
0.547052
0.547051
0.547051
0.547051
0.956793
0.881103
0.815685
0.760244
0.714109
0.676379
0.646042
0.622042
0.60334
0.588967
0.578059
0.569872
0.563789
0.559307
0.556028
0.553641
0.551912
0.550663
0.549761
0.549109
0.548636
0.548292
0.54804
0.547853
0.547712
0.547606
0.547523
0.547458
0.547406
0.547364
0.547329
0.5473
0.547275
0.547254
0.547235
0.547218
0.547204
0.547191
0.547179
0.547169
0.54716
0.547151
0.547143
0.547136
0.54713
0.547124
0.547119
0.547114
0.54711
0.547105
0.547102
0.547098
0.547095
0.547092
0.547089
0.547087
0.547084
0.547082
0.54708
0.547078
0.547077
0.547075
0.547074
0.547072
0.547071
0.54707
0.547069
0.547067
0.547067
0.547066
0.547065
0.547064
0.547063
0.547063
0.547062
0.547061
0.547061
0.54706
0.54706
0.547059
0.547059
0.547058
0.547058
0.547058
0.547057
0.547057
0.547056
0.547056
0.547055
0.547055
0.547054
0.547054
0.547053
0.547053
0.547052
0.547052
0.547051
0.547051
0.547051
0.54705
0.956777
0.881587
0.816219
0.760705
0.714484
0.67667
0.646257
0.622192
0.603438
0.589025
0.578087
0.569878
0.563783
0.559296
0.556015
0.553628
0.551898
0.550649
0.549747
0.549096
0.548624
0.54828
0.548028
0.547841
0.547701
0.547595
0.547513
0.547448
0.547397
0.547355
0.547321
0.547292
0.547267
0.547246
0.547228
0.547212
0.547198
0.547185
0.547174
0.547164
0.547155
0.547147
0.547139
0.547132
0.547126
0.547121
0.547116
0.547111
0.547107
0.547103
0.547099
0.547096
0.547093
0.54709
0.547087
0.547085
0.547083
0.54708
0.547079
0.547077
0.547075
0.547074
0.547072
0.547071
0.54707
0.547068
0.547067
0.547066
0.547066
0.547065
0.547064
0.547063
0.547062
0.547062
0.547061
0.547061
0.54706
0.54706
0.547059
0.547059
0.547058
0.547058
0.547057
0.547057
0.547057
0.547056
0.547056
0.547055
0.547055
0.547054
0.547054
0.547054
0.547053
0.547052
0.547052
0.547051
0.547051
0.547051
0.54705
0.54705
0.956725
0.882452
0.816772
0.76107
0.714737
0.676849
0.646378
0.622268
0.603481
0.589041
0.578082
0.569857
0.563756
0.559273
0.555993
0.553607
0.55188
0.550632
0.549731
0.549081
0.54861
0.548268
0.548016
0.547831
0.547691
0.547586
0.547504
0.547441
0.54739
0.547348
0.547314
0.547286
0.547262
0.547241
0.547223
0.547207
0.547194
0.547181
0.54717
0.54716
0.547152
0.547144
0.547136
0.54713
0.547124
0.547118
0.547113
0.547109
0.547105
0.547101
0.547097
0.547094
0.547091
0.547088
0.547086
0.547083
0.547081
0.547079
0.547077
0.547076
0.547074
0.547073
0.547071
0.54707
0.547069
0.547068
0.547067
0.547066
0.547065
0.547064
0.547063
0.547063
0.547062
0.547061
0.547061
0.54706
0.54706
0.547059
0.547059
0.547058
0.547058
0.547057
0.547057
0.547057
0.547056
0.547056
0.547055
0.547055
0.547055
0.547054
0.547054
0.547053
0.547053
0.547052
0.547052
0.547051
0.547051
0.54705
0.54705
0.54705
)
;

boundaryField
{
    inlet
    {
        type            fixedValue;
        value           uniform 1;
    }
    outlet
    {
        type            inletOutlet;
        inletValue      uniform 1;
        value           nonuniform List<scalar> 
100
(
0.547052
0.547052
0.547052
0.547052
0.547052
0.547053
0.547053
0.547053
0.547053
0.547053
0.547053
0.547054
0.547054
0.547054
0.547054
0.547053
0.547053
0.547053
0.547053
0.547053
0.547053
0.547053
0.547053
0.547052
0.547052
0.547052
0.547052
0.547052
0.547052
0.547051
0.547051
0.547051
0.547051
0.547051
0.547051
0.54705
0.54705
0.54705
0.54705
0.54705
0.54705
0.54705
0.54705
0.54705
0.54705
0.547049
0.547049
0.547049
0.547049
0.547049
0.547049
0.547049
0.547049
0.547049
0.547049
0.54705
0.54705
0.54705
0.54705
0.54705
0.54705
0.54705
0.54705
0.54705
0.54705
0.547051
0.547051
0.547051
0.547051
0.547051
0.547051
0.547051
0.547052
0.547052
0.547052
0.547052
0.547052
0.547052
0.547053
0.547053
0.547053
0.547053
0.547053
0.547053
0.547053
0.547053
0.547053
0.547053
0.547053
0.547053
0.547053
0.547052
0.547052
0.547052
0.547051
0.547051
0.547051
0.54705
0.54705
0.54705
)
;
    }
    ground
    {
        type            empty;
    }
    top
    {
        type            empty;
    }
    front
    {
        type            inletOutlet;
        inletValue      uniform 1;
        value           nonuniform List<scalar> 
100
(
0.956729
0.882462
0.816792
0.761099
0.714772
0.676885
0.646412
0.622298
0.603506
0.589062
0.578099
0.56987
0.563767
0.559282
0.556001
0.553614
0.551886
0.550637
0.549737
0.549086
0.548615
0.548272
0.548021
0.547835
0.547696
0.54759
0.547509
0.547445
0.547394
0.547353
0.547319
0.54729
0.547266
0.547245
0.547227
0.547211
0.547198
0.547185
0.547174
0.547164
0.547155
0.547147
0.54714
0.547134
0.547128
0.547122
0.547117
0.547113
0.547108
0.547105
0.547101
0.547098
0.547095
0.547092
0.547089
0.547087
0.547085
0.547083
0.547081
0.547079
0.547078
0.547076
0.547075
0.547074
0.547072
0.547071
0.54707
0.547069
0.547068
0.547067
0.547067
0.547066
0.547065
0.547065
0.547064
0.547063
0.547063
0.547062
0.547062
0.547062
0.547061
0.547061
0.54706
0.54706
0.547059
0.547059
0.547058
0.547058
0.547057
0.547057
0.547056
0.547056
0.547055
0.547055
0.547054
0.547053
0.547053
0.547052
0.547052
0.547052
)
;
    }
    back
    {
        type            inletOutlet;
        inletValue      uniform 1;
        value           nonuniform List<scalar> 
100
(
0.956725
0.882452
0.816772
0.76107
0.714737
0.676849
0.646378
0.622268
0.603481
0.589041
0.578082
0.569857
0.563756
0.559273
0.555993
0.553607
0.55188
0.550632
0.549731
0.549081
0.54861
0.548268
0.548016
0.547831
0.547691
0.547586
0.547504
0.547441
0.54739
0.547348
0.547314
0.547286
0.547262
0.547241
0.547223
0.547207
0.547194
0.547181
0.54717
0.54716
0.547152
0.547144
0.547136
0.54713
0.547124
0.547118
0.547113
0.547109
0.547105
0.547101
0.547097
0.547094
0.547091
0.547088
0.547086
0.547083
0.547081
0.547079
0.547077
0.547076
0.547074
0.547073
0.547071
0.54707
0.547069
0.547068
0.547067
0.547066
0.547065
0.547064
0.547063
0.547063
0.547062
0.547061
0.547061
0.54706
0.54706
0.547059
0.547059
0.547058
0.547058
0.547057
0.547057
0.547057
0.547056
0.547056
0.547055
0.547055
0.547055
0.547054
0.547054
0.547053
0.547053
0.547052
0.547052
0.547051
0.547051
0.54705
0.54705
0.54705
)
;
    }
}


// ************************************************************************* //
