/*--------------------------------*- C++ -*----------------------------------*\
  =========                 |
  \\      /  F ield         | OpenFOAM: The Open Source CFD Toolbox
   \\    /   O peration     | Website:  https://openfoam.org
    \\  /    A nd           | Version:  11
     \\/     M anipulation  |
\*---------------------------------------------------------------------------*/
FoamFile
{
    format      ascii;
    class       volScalarField;
    location    "336";
    object      omega;
}
// * * * * * * * * * * * * * * * * * * * * * * * * * * * * * * * * * * * * * //

dimensions      [0 0 -1 0 0 0 0];

internalField   nonuniform List<scalar> 
10000
(
0.961694
0.892189
0.82909
0.771732
0.719526
0.671944
0.628518
0.588831
0.552512
0.519228
0.488683
0.460613
0.434781
0.410975
0.389006
0.368703
0.349916
0.332506
0.31635
0.301339
0.287372
0.27436
0.262221
0.250883
0.240279
0.230348
0.221037
0.212297
0.204082
0.196351
0.189067
0.182197
0.175709
0.169574
0.163767
0.158264
0.153042
0.148082
0.143365
0.138873
0.13459
0.130501
0.126593
0.122853
0.119269
0.115829
0.112524
0.109343
0.106278
0.10332
0.100462
0.0976969
0.0950188
0.0924221
0.0899021
0.0874548
0.085077
0.0827663
0.0805209
0.0783398
0.0762225
0.0741691
0.0721801
0.0702565
0.0683991
0.066609
0.0648875
0.0632355
0.061654
0.0601434
0.0587038
0.0573348
0.0560355
0.0548048
0.0536411
0.0525428
0.0515081
0.0505347
0.0496205
0.048763
0.0479599
0.0472089
0.0465074
0.0458533
0.0452444
0.0446786
0.0441539
0.0436686
0.0432212
0.0428102
0.0424346
0.0420934
0.0417862
0.0415126
0.0412728
0.0410672
0.040897
0.0407639
0.0406705
0.0406205
0.961694
0.892189
0.82909
0.771733
0.719526
0.671944
0.628518
0.588832
0.552512
0.519229
0.488684
0.460613
0.434781
0.410975
0.389006
0.368704
0.349916
0.332506
0.316351
0.30134
0.287373
0.274361
0.262222
0.250884
0.240279
0.230349
0.221038
0.212298
0.204082
0.196352
0.189068
0.182198
0.175709
0.169575
0.163768
0.158265
0.153043
0.148083
0.143366
0.138874
0.134591
0.130503
0.126595
0.122855
0.119271
0.115831
0.112526
0.109345
0.10628
0.103323
0.100465
0.0977006
0.0950228
0.0924265
0.0899068
0.0874598
0.0850824
0.082772
0.0805269
0.0783461
0.0762291
0.0741759
0.0721872
0.0702638
0.0684066
0.0666167
0.0648954
0.0632437
0.0616622
0.0601515
0.0587117
0.0573423
0.0560426
0.0548114
0.0536474
0.0525488
0.0515138
0.0505401
0.0496256
0.0487678
0.0479645
0.0472131
0.0465114
0.0458571
0.0452479
0.0446818
0.0441569
0.0436714
0.0432238
0.0428126
0.0424369
0.0420956
0.0417882
0.0415145
0.0412746
0.0410689
0.0408986
0.0407654
0.040672
0.0406219
0.961694
0.892189
0.82909
0.771733
0.719526
0.671945
0.628519
0.588833
0.552513
0.519229
0.488685
0.460614
0.434782
0.410976
0.389007
0.368705
0.349917
0.332507
0.316352
0.301341
0.287374
0.274362
0.262223
0.250885
0.24028
0.23035
0.221039
0.212299
0.204084
0.196353
0.189069
0.182199
0.175711
0.169576
0.16377
0.158267
0.153045
0.148085
0.143368
0.138876
0.134593
0.130505
0.126598
0.122858
0.119274
0.115835
0.11253
0.109349
0.106285
0.103328
0.10047
0.0977062
0.0950289
0.0924331
0.089914
0.0874676
0.0850907
0.0827809
0.0805364
0.0783561
0.0762396
0.0741869
0.0721986
0.0702754
0.0684186
0.066629
0.0649079
0.0632563
0.0616749
0.0601641
0.058724
0.0573543
0.0560542
0.0548226
0.0536582
0.0525591
0.0515236
0.0505494
0.0496344
0.0487762
0.0479724
0.0472206
0.0465184
0.0458637
0.0452541
0.0446876
0.0441623
0.0436765
0.0432285
0.0428171
0.042441
0.0420995
0.0417919
0.041518
0.0412779
0.0410721
0.0409017
0.0407684
0.0406749
0.0406248
0.961694
0.892189
0.82909
0.771733
0.719527
0.671945
0.62852
0.588834
0.552514
0.519231
0.488686
0.460616
0.434784
0.410978
0.389009
0.368706
0.349919
0.332509
0.316354
0.301342
0.287376
0.274363
0.262225
0.250886
0.240282
0.230352
0.221041
0.212301
0.204085
0.196355
0.189071
0.182201
0.175713
0.169578
0.163772
0.158269
0.153048
0.148088
0.143371
0.138879
0.134596
0.130509
0.126601
0.122862
0.119278
0.115839
0.112535
0.109355
0.106291
0.103334
0.100477
0.0977139
0.0950373
0.0924422
0.0899238
0.0874782
0.0851021
0.0827931
0.0805494
0.0783698
0.076254
0.0742019
0.0722142
0.0702916
0.0684351
0.0666459
0.064925
0.0632736
0.0616921
0.0601812
0.0587409
0.0573708
0.0560702
0.0548381
0.0536731
0.0525734
0.0515373
0.0505625
0.0496469
0.048788
0.0479835
0.0472311
0.0465283
0.045873
0.0452628
0.0446958
0.0441701
0.0436837
0.0432353
0.0428235
0.042447
0.0421051
0.0417973
0.0415231
0.0412827
0.0410767
0.0409061
0.0407727
0.0406792
0.040629
0.961694
0.892189
0.829091
0.771734
0.719528
0.671946
0.628521
0.588835
0.552516
0.519232
0.488687
0.460617
0.434785
0.410979
0.38901
0.368708
0.349921
0.332511
0.316355
0.301344
0.287378
0.274365
0.262227
0.250888
0.240284
0.230354
0.221043
0.212303
0.204088
0.196357
0.189074
0.182203
0.175715
0.169581
0.163775
0.158272
0.153051
0.148091
0.143374
0.138883
0.1346
0.130513
0.126606
0.122867
0.119284
0.115845
0.112541
0.109362
0.106298
0.103342
0.100487
0.0977238
0.0950481
0.0924538
0.0899364
0.0874918
0.0851167
0.0828086
0.0805659
0.0783872
0.0762723
0.074221
0.072234
0.070312
0.068456
0.0666672
0.0649466
0.0632952
0.0617138
0.0602027
0.0587621
0.0573916
0.0560905
0.0548577
0.053692
0.0525916
0.0515547
0.0505791
0.0496627
0.048803
0.0479977
0.0472445
0.046541
0.0458849
0.0452741
0.0447064
0.04418
0.0436931
0.0432441
0.0428317
0.0424548
0.0421125
0.0418042
0.0415297
0.041289
0.0410827
0.0409119
0.0407784
0.0406847
0.0406345
0.961694
0.892189
0.829091
0.771734
0.719528
0.671947
0.628522
0.588836
0.552517
0.519233
0.488689
0.460619
0.434787
0.410981
0.389012
0.36871
0.349923
0.332513
0.316358
0.301347
0.28738
0.274368
0.262229
0.250891
0.240287
0.230356
0.221046
0.212305
0.20409
0.19636
0.189076
0.182206
0.175719
0.169584
0.163778
0.158275
0.153054
0.148095
0.143378
0.138887
0.134605
0.130518
0.126612
0.122873
0.11929
0.115852
0.112549
0.10937
0.106308
0.103352
0.100497
0.0977357
0.095061
0.0924678
0.0899515
0.087508
0.0851341
0.0828273
0.0805856
0.0784081
0.0762941
0.0742438
0.0722576
0.0703363
0.0684809
0.0666925
0.0649722
0.063321
0.0617395
0.0602283
0.0587873
0.0574162
0.0561145
0.0548811
0.0537145
0.0526133
0.0515755
0.050599
0.0496816
0.048821
0.0480148
0.0472606
0.0465562
0.0458993
0.0452876
0.0447191
0.044192
0.0437043
0.0432547
0.0428417
0.0424642
0.0421214
0.0418126
0.0415377
0.0412966
0.0410901
0.040919
0.0407853
0.0406915
0.0406411
0.961694
0.892189
0.829091
0.771735
0.719529
0.671948
0.628523
0.588837
0.552518
0.519235
0.488691
0.460621
0.434789
0.410983
0.389015
0.368713
0.349925
0.332515
0.31636
0.301349
0.287382
0.27437
0.262232
0.250894
0.240289
0.230359
0.221049
0.212308
0.204094
0.196363
0.18908
0.18221
0.175722
0.169588
0.163782
0.15828
0.153059
0.1481
0.143383
0.138892
0.134611
0.130524
0.126618
0.12288
0.119298
0.115861
0.112558
0.10938
0.106318
0.103364
0.10051
0.0977495
0.095076
0.0924841
0.089969
0.0875268
0.0851542
0.0828487
0.0806083
0.078432
0.0763193
0.07427
0.0722847
0.0703642
0.0685095
0.0667216
0.0650016
0.0633505
0.061769
0.0602574
0.058816
0.0574445
0.056142
0.0549078
0.0537404
0.0526382
0.0515994
0.0506218
0.0497034
0.0488417
0.0480344
0.0472792
0.0465738
0.0459159
0.0453032
0.0447339
0.0442058
0.0437174
0.043267
0.0428533
0.0424752
0.0421317
0.0418224
0.041547
0.0413056
0.0410986
0.0409273
0.0407934
0.0406993
0.0406489
0.961694
0.892189
0.829091
0.771735
0.719529
0.671948
0.628524
0.588838
0.55252
0.519236
0.488692
0.460623
0.434791
0.410986
0.389017
0.368715
0.349928
0.332518
0.316363
0.301352
0.287385
0.274373
0.262235
0.250897
0.240293
0.230363
0.221052
0.212312
0.204097
0.196367
0.189084
0.182214
0.175726
0.169593
0.163787
0.158284
0.153064
0.148105
0.143389
0.138899
0.134618
0.130531
0.126626
0.122888
0.119307
0.11587
0.112568
0.109391
0.106331
0.103377
0.100525
0.0977652
0.0950929
0.0925023
0.0899887
0.087548
0.0851768
0.0828727
0.0806338
0.0784588
0.0763473
0.0742993
0.072315
0.0703954
0.0685413
0.0667539
0.0650343
0.0633833
0.0618017
0.0602899
0.0588481
0.0574759
0.0561727
0.0549376
0.0537692
0.052666
0.051626
0.0506473
0.0497277
0.0488648
0.0480564
0.0473001
0.0465935
0.0459345
0.0453208
0.0447504
0.0442214
0.0437321
0.0432809
0.0428664
0.0424875
0.0421434
0.0418335
0.0415576
0.0413157
0.0411084
0.0409367
0.0408025
0.0407083
0.0406577
0.961694
0.892189
0.829091
0.771735
0.71953
0.671949
0.628524
0.588839
0.552521
0.519238
0.488694
0.460624
0.434793
0.410988
0.389019
0.368717
0.34993
0.33252
0.316366
0.301355
0.287388
0.274376
0.262238
0.2509
0.240296
0.230366
0.221056
0.212316
0.204101
0.196371
0.189088
0.182218
0.175731
0.169597
0.163792
0.15829
0.15307
0.148111
0.143396
0.138905
0.134625
0.130539
0.126634
0.122897
0.119317
0.115881
0.11258
0.109404
0.106344
0.103392
0.100541
0.0977824
0.0951116
0.0925225
0.0900104
0.0875712
0.0852016
0.0828991
0.0806617
0.0784882
0.0763781
0.0743313
0.0723482
0.0704295
0.0685762
0.0667893
0.06507
0.0634192
0.0618375
0.0603254
0.058883
0.0575102
0.0562062
0.0549701
0.0538007
0.0526963
0.0516552
0.0506753
0.0497544
0.0488902
0.0480805
0.047323
0.0466152
0.045955
0.0453401
0.0447687
0.0442386
0.0437483
0.0432962
0.0428808
0.0425012
0.0421564
0.0418458
0.0415693
0.0413269
0.0411191
0.0409471
0.0408126
0.0407182
0.0406675
0.961694
0.892189
0.829091
0.771735
0.71953
0.671949
0.628525
0.58884
0.552522
0.519239
0.488695
0.460626
0.434795
0.41099
0.389021
0.36872
0.349933
0.332523
0.316368
0.301358
0.287391
0.27438
0.262241
0.250903
0.2403
0.23037
0.22106
0.21232
0.204105
0.196375
0.189092
0.182223
0.175736
0.169603
0.163797
0.158296
0.153076
0.148118
0.143403
0.138913
0.134633
0.130548
0.126643
0.122907
0.119327
0.115893
0.112593
0.109418
0.106359
0.103408
0.100558
0.0978012
0.0951319
0.0925443
0.0900339
0.0875964
0.0852285
0.0829276
0.0806918
0.0785199
0.0764113
0.0743658
0.0723838
0.0704661
0.0686136
0.0668274
0.0651084
0.0634577
0.0618759
0.0603635
0.0589206
0.0575471
0.0562422
0.0550052
0.0538346
0.052729
0.0516866
0.0507054
0.0497831
0.0489176
0.0481066
0.0473477
0.0466386
0.0459771
0.0453611
0.0447884
0.0442573
0.0437659
0.0433128
0.0428965
0.042516
0.0421704
0.0418592
0.041582
0.0413391
0.0411308
0.0409584
0.0408236
0.040729
0.0406781
0.961694
0.892189
0.829091
0.771735
0.71953
0.67195
0.628526
0.588841
0.552523
0.51924
0.488697
0.460628
0.434797
0.410992
0.389023
0.368722
0.349935
0.332526
0.316371
0.301361
0.287394
0.274383
0.262245
0.250907
0.240303
0.230374
0.221064
0.212324
0.20411
0.19638
0.189097
0.182228
0.175741
0.169608
0.163803
0.158302
0.153083
0.148125
0.14341
0.138921
0.134642
0.130557
0.126653
0.122918
0.119339
0.115905
0.112606
0.109432
0.106375
0.103425
0.100577
0.0978214
0.0951536
0.0925678
0.090059
0.0876233
0.0852571
0.082958
0.080724
0.0785537
0.0764466
0.0744025
0.0724218
0.0705051
0.0686535
0.0668678
0.0651492
0.0634986
0.0619167
0.0604039
0.0589605
0.0575862
0.0562805
0.0550424
0.0538706
0.0527638
0.05172
0.0507374
0.0498137
0.0489468
0.0481343
0.047374
0.0466635
0.0460007
0.0453834
0.0448095
0.0442772
0.0437847
0.0433305
0.0429133
0.0425319
0.0421855
0.0418735
0.0415957
0.0413522
0.0411434
0.0409706
0.0408354
0.0407406
0.0406895
0.961694
0.892189
0.829091
0.771735
0.71953
0.67195
0.628526
0.588841
0.552524
0.519241
0.488698
0.460629
0.434798
0.410994
0.389026
0.368724
0.349938
0.332529
0.316374
0.301364
0.287398
0.274386
0.262248
0.250911
0.240307
0.230378
0.221068
0.212328
0.204114
0.196385
0.189102
0.182234
0.175747
0.169614
0.16381
0.158309
0.15309
0.148132
0.143418
0.13893
0.134651
0.130567
0.126664
0.12293
0.119352
0.115919
0.112621
0.109448
0.106392
0.103444
0.100597
0.0978429
0.0951767
0.0925926
0.0900856
0.0876517
0.0852874
0.0829901
0.0807579
0.0785893
0.0764838
0.0744411
0.0724617
0.0705461
0.0686953
0.0669103
0.065192
0.0635415
0.0619595
0.0604464
0.0590024
0.0576274
0.0563207
0.0550814
0.0539085
0.0528003
0.0517552
0.0507711
0.049846
0.0489775
0.0481636
0.0474018
0.0466899
0.0460256
0.045407
0.0448318
0.0442983
0.0438046
0.0433493
0.0429311
0.0425488
0.0422015
0.0418887
0.0416102
0.041366
0.0411568
0.0409835
0.040848
0.0407529
0.0407017
0.961694
0.892189
0.829091
0.771735
0.71953
0.67195
0.628526
0.588842
0.552524
0.519242
0.488699
0.460631
0.4348
0.410995
0.389028
0.368727
0.34994
0.332531
0.316377
0.301367
0.287401
0.27439
0.262252
0.250915
0.240311
0.230382
0.221072
0.212333
0.204119
0.19639
0.189108
0.182239
0.175753
0.169621
0.163816
0.158316
0.153097
0.148141
0.143427
0.138939
0.134661
0.130578
0.126676
0.122942
0.119365
0.115933
0.112636
0.109465
0.10641
0.103463
0.100617
0.0978654
0.095201
0.0926187
0.0901135
0.0876815
0.0853191
0.0830237
0.0807933
0.0786265
0.0765226
0.0744815
0.0725033
0.0705889
0.0687389
0.0669545
0.0652367
0.0635863
0.0620041
0.0604907
0.0590461
0.0576702
0.0563625
0.0551222
0.053948
0.0528384
0.0517918
0.0508063
0.0498796
0.0490096
0.0481941
0.0474308
0.0467174
0.0460517
0.0454316
0.0448551
0.0443203
0.0438255
0.0433691
0.0429498
0.0425665
0.0422183
0.0419047
0.0416255
0.0413806
0.0411708
0.0409971
0.0408612
0.0407658
0.0407145
0.961694
0.892189
0.829091
0.771735
0.71953
0.67195
0.628527
0.588842
0.552525
0.519243
0.4887
0.460632
0.434801
0.410997
0.389029
0.368729
0.349942
0.332534
0.31638
0.30137
0.287404
0.274393
0.262256
0.250918
0.240315
0.230386
0.221077
0.212338
0.204124
0.196395
0.189113
0.182245
0.175759
0.169627
0.163823
0.158323
0.153105
0.148149
0.143436
0.138949
0.134671
0.130589
0.126687
0.122955
0.119379
0.115948
0.112652
0.109482
0.106429
0.103484
0.100639
0.0978889
0.0952263
0.0926458
0.0901426
0.0877124
0.085352
0.0830586
0.08083
0.078665
0.0765628
0.0745232
0.0725464
0.0706331
0.068784
0.0670003
0.0652828
0.0636326
0.0620503
0.0605364
0.0590912
0.0577146
0.0564059
0.0551643
0.0539888
0.0528779
0.0518298
0.0508427
0.0499144
0.0490429
0.0482258
0.0474609
0.046746
0.0460788
0.0454573
0.0448794
0.0443433
0.0438472
0.0433896
0.0429692
0.0425849
0.0422358
0.0419214
0.0416413
0.0413958
0.0411854
0.0410112
0.040875
0.0407793
0.0407278
0.961694
0.892189
0.829091
0.771735
0.71953
0.67195
0.628527
0.588843
0.552525
0.519244
0.488701
0.460633
0.434803
0.410999
0.389031
0.368731
0.349945
0.332536
0.316382
0.301373
0.287407
0.274396
0.262259
0.250922
0.240319
0.23039
0.221081
0.212343
0.204129
0.1964
0.189119
0.182251
0.175766
0.169634
0.163831
0.158331
0.153113
0.148158
0.143445
0.138959
0.134682
0.1306
0.1267
0.122968
0.119393
0.115963
0.112669
0.1095
0.106448
0.103505
0.100662
0.0979133
0.0952524
0.0926738
0.0901725
0.0877444
0.085386
0.0830945
0.0808678
0.0787047
0.0766042
0.0745661
0.0725907
0.0706785
0.0688304
0.0670473
0.0653302
0.0636801
0.0620976
0.0605834
0.0591376
0.0577601
0.0564504
0.0552077
0.0540308
0.0529184
0.0518688
0.0508801
0.0499503
0.0490771
0.0482584
0.0474919
0.0467754
0.0461067
0.0454837
0.0449044
0.0443669
0.0438696
0.0434108
0.0429893
0.0426039
0.0422539
0.0419386
0.0416578
0.0414116
0.0412006
0.0410259
0.0408892
0.0407933
0.0407417
0.961694
0.892189
0.829091
0.771735
0.71953
0.67195
0.628527
0.588843
0.552526
0.519244
0.488702
0.460634
0.434804
0.411
0.389033
0.368733
0.349947
0.332539
0.316385
0.301375
0.28741
0.2744
0.262263
0.250926
0.240323
0.230395
0.221086
0.212347
0.204134
0.196406
0.189125
0.182257
0.175772
0.169641
0.163838
0.158339
0.153122
0.148167
0.143455
0.138969
0.134693
0.130612
0.126713
0.122982
0.119408
0.115979
0.112686
0.109519
0.106468
0.103526
0.100685
0.0979383
0.0952793
0.0927026
0.0902033
0.0877772
0.0854207
0.0831312
0.0809065
0.0787452
0.0766465
0.07461
0.0726359
0.0707249
0.0688777
0.0670952
0.0653786
0.0637286
0.062146
0.0606314
0.059185
0.0578066
0.0564958
0.0552519
0.0540737
0.0529599
0.0519088
0.0509185
0.049987
0.0491121
0.0482918
0.0475236
0.0468055
0.0461353
0.0455108
0.0449301
0.0443912
0.0438926
0.0434326
0.0430099
0.0426235
0.0422724
0.0419562
0.0416746
0.0414278
0.0412161
0.0410409
0.0409039
0.0408076
0.0407559
0.961694
0.892189
0.829091
0.771735
0.71953
0.67195
0.628527
0.588843
0.552526
0.519245
0.488703
0.460635
0.434805
0.411001
0.389034
0.368734
0.349949
0.332541
0.316387
0.301378
0.287413
0.274403
0.262266
0.25093
0.240327
0.230399
0.221091
0.212352
0.20414
0.196412
0.189131
0.182264
0.175779
0.169648
0.163846
0.158347
0.153131
0.148176
0.143465
0.13898
0.134705
0.130625
0.126726
0.122996
0.119423
0.115996
0.112704
0.109538
0.106489
0.103548
0.100709
0.097964
0.0953068
0.092732
0.0902347
0.0878106
0.0854562
0.0831687
0.080946
0.0787865
0.0766895
0.0746546
0.0726819
0.0707721
0.0689258
0.067144
0.0654277
0.0637779
0.0621952
0.0606802
0.0592331
0.0578538
0.056542
0.0552969
0.0541174
0.0530021
0.0519494
0.0509575
0.0500243
0.0491478
0.0483258
0.047556
0.0468363
0.0461645
0.0455384
0.0449562
0.044416
0.043916
0.0434548
0.0430309
0.0426434
0.0422914
0.0419743
0.0416919
0.0414443
0.041232
0.0410563
0.0409188
0.0408223
0.0407704
0.961694
0.892189
0.829091
0.771735
0.71953
0.67195
0.628527
0.588843
0.552527
0.519245
0.488703
0.460636
0.434806
0.411003
0.389036
0.368736
0.349951
0.332543
0.31639
0.301381
0.287416
0.274406
0.26227
0.250934
0.240331
0.230403
0.221095
0.212357
0.204145
0.196417
0.189137
0.18227
0.175786
0.169656
0.163853
0.158355
0.15314
0.148186
0.143475
0.138991
0.134716
0.130637
0.12674
0.123011
0.119439
0.116013
0.112722
0.109557
0.10651
0.103571
0.100733
0.09799
0.0953348
0.0927619
0.0902666
0.0878445
0.0854922
0.0832067
0.0809859
0.0788283
0.076733
0.0746997
0.0727284
0.0708198
0.0689744
0.0671933
0.0654775
0.0638277
0.0622449
0.0607295
0.0592817
0.0579016
0.0565888
0.0553424
0.0541615
0.0530447
0.0519905
0.050997
0.0500621
0.049184
0.0483602
0.0475888
0.0468675
0.046194
0.0455665
0.0449828
0.0444412
0.0439398
0.0434773
0.0430523
0.0426637
0.0423107
0.0419927
0.0417094
0.0414611
0.0412482
0.0410719
0.0409341
0.0408373
0.0407852
0.961694
0.892189
0.829091
0.771735
0.71953
0.67195
0.628527
0.588843
0.552527
0.519246
0.488704
0.460636
0.434807
0.411004
0.389037
0.368738
0.349953
0.332545
0.316392
0.301383
0.287419
0.274409
0.262273
0.250937
0.240335
0.230408
0.2211
0.212362
0.20415
0.196423
0.189143
0.182277
0.175793
0.169663
0.163861
0.158364
0.153149
0.148195
0.143486
0.139002
0.134728
0.13065
0.126753
0.123025
0.119455
0.11603
0.112741
0.109577
0.106531
0.103594
0.100758
0.0980164
0.0953631
0.0927922
0.0902988
0.0878788
0.0855284
0.083245
0.0810262
0.0788704
0.0767769
0.0747452
0.0727753
0.0708678
0.0690234
0.067243
0.0655275
0.0638779
0.0622949
0.0607791
0.0593308
0.0579498
0.0566359
0.0553883
0.054206
0.0530878
0.0520319
0.0510368
0.0501003
0.0492204
0.048395
0.0476219
0.0468989
0.0462239
0.0455948
0.0450097
0.0444666
0.0439639
0.0435002
0.043074
0.0426843
0.0423302
0.0420113
0.0417272
0.0414781
0.0412646
0.0410878
0.0409495
0.0408524
0.0408001
0.961694
0.892189
0.829091
0.771735
0.71953
0.67195
0.628527
0.588844
0.552527
0.519246
0.488704
0.460637
0.434808
0.411005
0.389039
0.368739
0.349954
0.332547
0.316394
0.301386
0.287422
0.274412
0.262276
0.250941
0.240339
0.230412
0.221104
0.212367
0.204156
0.196429
0.189149
0.182283
0.1758
0.16967
0.163869
0.158372
0.153158
0.148205
0.143496
0.139013
0.13474
0.130663
0.126767
0.12304
0.119471
0.116047
0.112759
0.109597
0.106553
0.103617
0.100783
0.0980431
0.0953915
0.0928226
0.0903312
0.0879132
0.0855649
0.0832835
0.0810666
0.0789127
0.0768209
0.0747908
0.0728223
0.070916
0.0690725
0.0672928
0.0655777
0.0639282
0.0623451
0.0608289
0.0593799
0.0579981
0.0566831
0.0554343
0.0542507
0.053131
0.0520736
0.0510768
0.0501386
0.0492571
0.04843
0.0476552
0.0469306
0.046254
0.0456233
0.0450367
0.0444922
0.0439882
0.0435231
0.0430958
0.042705
0.0423499
0.04203
0.0417451
0.0414952
0.0412811
0.0411037
0.040965
0.0408676
0.0408151
0.961694
0.892189
0.82909
0.771735
0.71953
0.67195
0.628527
0.588844
0.552527
0.519246
0.488705
0.460638
0.434809
0.411006
0.38904
0.368741
0.349956
0.332549
0.316397
0.301388
0.287424
0.274415
0.26228
0.250944
0.240343
0.230416
0.221109
0.212372
0.204161
0.196434
0.189155
0.18229
0.175807
0.169678
0.163877
0.158381
0.153167
0.148215
0.143507
0.139024
0.134752
0.130676
0.126781
0.123056
0.119487
0.116065
0.112778
0.109617
0.106574
0.10364
0.100808
0.0980698
0.0954201
0.0928531
0.0903637
0.0879477
0.0856014
0.083322
0.081107
0.078955
0.076865
0.0748364
0.0728693
0.0709641
0.0691216
0.0673425
0.0656278
0.0639785
0.0623952
0.0608787
0.059429
0.0580464
0.0567304
0.0554804
0.0542954
0.0531742
0.0521152
0.0511168
0.050177
0.0492938
0.048465
0.0476885
0.0469623
0.0462841
0.0456519
0.0450638
0.0445178
0.0440125
0.0435462
0.0431176
0.0427257
0.0423696
0.0420488
0.041763
0.0415124
0.0412976
0.0411197
0.0409806
0.0408828
0.0408302
0.961694
0.892188
0.82909
0.771735
0.71953
0.67195
0.628527
0.588844
0.552527
0.519247
0.488705
0.460638
0.434809
0.411007
0.389041
0.368742
0.349957
0.332551
0.316399
0.301391
0.287427
0.274418
0.262283
0.250948
0.240347
0.23042
0.221113
0.212377
0.204166
0.19644
0.189161
0.182296
0.175814
0.169685
0.163885
0.15839
0.153176
0.148225
0.143517
0.139036
0.134765
0.130689
0.126795
0.123071
0.119503
0.116082
0.112797
0.109638
0.106596
0.103663
0.100833
0.0980965
0.0954487
0.0928836
0.0903962
0.0879821
0.0856379
0.0833604
0.0811473
0.0789972
0.0769088
0.0748818
0.0729161
0.0710121
0.0691704
0.067392
0.0656778
0.0640285
0.0624452
0.0609282
0.059478
0.0580945
0.0567775
0.0555262
0.0543399
0.0532173
0.0521568
0.0511567
0.0502153
0.0493304
0.0484999
0.0477218
0.0469939
0.0463141
0.0456804
0.0450908
0.0445435
0.0440368
0.0435692
0.0431395
0.0427464
0.0423893
0.0420676
0.0417809
0.0415296
0.0413141
0.0411357
0.0409961
0.0408981
0.0408453
0.961694
0.892188
0.82909
0.771735
0.71953
0.67195
0.628527
0.588844
0.552528
0.519247
0.488706
0.460639
0.43481
0.411008
0.389042
0.368743
0.349959
0.332552
0.316401
0.301393
0.287429
0.274421
0.262286
0.250951
0.240351
0.230424
0.221118
0.212382
0.204171
0.196445
0.189167
0.182303
0.175821
0.169693
0.163893
0.158398
0.153185
0.148235
0.143528
0.139047
0.134777
0.130702
0.126809
0.123086
0.119519
0.116099
0.112815
0.109658
0.106618
0.103687
0.100858
0.0981231
0.0954771
0.0929139
0.0904284
0.0880164
0.085674
0.0833985
0.0811874
0.079039
0.0769523
0.0749268
0.0729625
0.0710596
0.0692189
0.0674411
0.0657273
0.0640782
0.0624947
0.0609774
0.0595265
0.0581422
0.0568242
0.0555718
0.0543841
0.05326
0.052198
0.0511964
0.0502533
0.0493667
0.0485346
0.0477549
0.0470254
0.046344
0.0457088
0.0451177
0.044569
0.044061
0.0435921
0.0431612
0.0427671
0.0424089
0.0420863
0.0417988
0.0415467
0.0413306
0.0411516
0.0410116
0.0409133
0.0408603
0.961694
0.892188
0.82909
0.771734
0.71953
0.67195
0.628527
0.588844
0.552528
0.519247
0.488706
0.460639
0.434811
0.411008
0.389043
0.368744
0.34996
0.332554
0.316402
0.301395
0.287432
0.274423
0.262289
0.250954
0.240354
0.230428
0.221122
0.212386
0.204176
0.196451
0.189173
0.182309
0.175827
0.1697
0.163901
0.158407
0.153194
0.148245
0.143538
0.139058
0.134789
0.130715
0.126823
0.123101
0.119536
0.116117
0.112834
0.109678
0.106639
0.10371
0.100882
0.0981495
0.0955053
0.0929439
0.0904604
0.0880502
0.0857099
0.0834362
0.081227
0.0790804
0.0769954
0.0749714
0.0730084
0.0711066
0.0692668
0.0674897
0.0657763
0.0641273
0.0625437
0.061026
0.0595746
0.0581895
0.0568704
0.0556169
0.0544279
0.0533024
0.0522389
0.0512357
0.050291
0.0494028
0.048569
0.0477877
0.0470566
0.0463737
0.0457369
0.0451444
0.0445943
0.044085
0.0436149
0.0431828
0.0427876
0.0424284
0.0421048
0.0418165
0.0415637
0.0413469
0.0411674
0.041027
0.0409283
0.0408752
0.961694
0.892188
0.82909
0.771734
0.71953
0.67195
0.628527
0.588844
0.552528
0.519247
0.488706
0.46064
0.434811
0.411009
0.389044
0.368745
0.349962
0.332556
0.316404
0.301397
0.287434
0.274426
0.262292
0.250958
0.240358
0.230432
0.221126
0.212391
0.204181
0.196456
0.189179
0.182315
0.175834
0.169707
0.163909
0.158415
0.153203
0.148254
0.143549
0.13907
0.134801
0.130728
0.126837
0.123116
0.119552
0.116134
0.112852
0.109697
0.10666
0.103732
0.100907
0.0981755
0.0955331
0.0929736
0.0904919
0.0880837
0.0857452
0.0834735
0.081266
0.0791212
0.0770378
0.0750153
0.0730536
0.071153
0.069314
0.0675376
0.0658245
0.0641757
0.062592
0.061074
0.059622
0.0582361
0.056916
0.0556613
0.0544711
0.0533442
0.0522792
0.0512745
0.0503282
0.0494384
0.048603
0.0478201
0.0470874
0.046403
0.0457647
0.0451708
0.0446193
0.0441087
0.0436374
0.0432041
0.0428078
0.0424477
0.0421232
0.041834
0.0415805
0.0413631
0.041183
0.0410421
0.0409432
0.0408899
0.961694
0.892188
0.82909
0.771734
0.71953
0.67195
0.628527
0.588844
0.552528
0.519248
0.488706
0.46064
0.434812
0.41101
0.389045
0.368747
0.349963
0.332557
0.316406
0.301399
0.287436
0.274429
0.262294
0.250961
0.240361
0.230436
0.22113
0.212395
0.204186
0.196461
0.189184
0.182321
0.175841
0.169715
0.163917
0.158423
0.153212
0.148264
0.143559
0.139081
0.134813
0.130741
0.126851
0.12313
0.119567
0.116151
0.112871
0.109717
0.106681
0.103755
0.100931
0.0982012
0.0955606
0.0930028
0.090523
0.0881166
0.08578
0.0835101
0.0813044
0.0791613
0.0770795
0.0750585
0.0730981
0.0711985
0.0693604
0.0675846
0.065872
0.0642233
0.0626395
0.0611211
0.0596685
0.0582819
0.0569609
0.0557051
0.0545136
0.0533853
0.0523189
0.0513126
0.0503648
0.0494734
0.0486365
0.047852
0.0471178
0.0464318
0.0457921
0.0451968
0.044644
0.044132
0.0436595
0.0432251
0.0428278
0.0424667
0.0421412
0.0418513
0.041597
0.041379
0.0411984
0.0410571
0.0409578
0.0409044
0.961694
0.892188
0.82909
0.771734
0.71953
0.67195
0.628527
0.588844
0.552528
0.519248
0.488707
0.46064
0.434812
0.41101
0.389046
0.368748
0.349964
0.332558
0.316408
0.301401
0.287438
0.274431
0.262297
0.250964
0.240364
0.230439
0.221134
0.2124
0.204191
0.196467
0.18919
0.182327
0.175847
0.169722
0.163924
0.158431
0.153221
0.148273
0.143569
0.139091
0.134824
0.130753
0.126864
0.123145
0.119583
0.116168
0.112888
0.109736
0.106702
0.103777
0.100954
0.0982265
0.0955875
0.0930315
0.0905534
0.0881489
0.0858141
0.083546
0.0813421
0.0792006
0.0771204
0.0751008
0.0731416
0.0712431
0.0694059
0.0676307
0.0659184
0.0642699
0.062686
0.0611673
0.0597142
0.0583268
0.0570049
0.055748
0.0545553
0.0534257
0.0523578
0.0513501
0.0504007
0.0495078
0.0486693
0.0478833
0.0471476
0.0464601
0.045819
0.0452223
0.0446682
0.044155
0.0436813
0.0432458
0.0428474
0.0424853
0.042159
0.0418683
0.0416133
0.0413946
0.0412135
0.0410718
0.0409722
0.0409186
0.961693
0.892188
0.82909
0.771734
0.719529
0.67195
0.628527
0.588844
0.552528
0.519248
0.488707
0.460641
0.434813
0.411011
0.389046
0.368748
0.349965
0.33256
0.316409
0.301403
0.287441
0.274433
0.2623
0.250966
0.240368
0.230443
0.221138
0.212404
0.204195
0.196471
0.189195
0.182333
0.175854
0.169728
0.163932
0.158439
0.15323
0.148282
0.143579
0.139102
0.134836
0.130766
0.126878
0.123159
0.119598
0.116184
0.112906
0.109755
0.106722
0.103799
0.100977
0.0982511
0.0956138
0.0930595
0.0905832
0.0881804
0.0858474
0.083581
0.0813788
0.079239
0.0771603
0.075142
0.0731841
0.0712867
0.0694503
0.0676757
0.0659638
0.0643155
0.0627314
0.0612124
0.0597588
0.0583706
0.0570478
0.0557899
0.054596
0.0534651
0.0523959
0.0513867
0.0504359
0.0495414
0.0487015
0.0479139
0.0471767
0.0464879
0.0458453
0.0452473
0.0446919
0.0441775
0.0437026
0.043266
0.0428666
0.0425036
0.0421764
0.0418849
0.0416292
0.0414099
0.0412283
0.0410861
0.0409863
0.0409325
0.961693
0.892188
0.82909
0.771734
0.719529
0.67195
0.628527
0.588844
0.552528
0.519248
0.488707
0.460641
0.434813
0.411012
0.389047
0.368749
0.349966
0.332561
0.316411
0.301404
0.287442
0.274435
0.262302
0.250969
0.240371
0.230446
0.221142
0.212408
0.2042
0.196476
0.189201
0.182339
0.17586
0.169735
0.163939
0.158447
0.153238
0.148291
0.143589
0.139112
0.134847
0.130778
0.12689
0.123173
0.119613
0.1162
0.112923
0.109773
0.106742
0.10382
0.101
0.0982752
0.0956395
0.0930868
0.0906122
0.0882111
0.0858798
0.0836151
0.0814146
0.0792763
0.0771991
0.0751822
0.0732254
0.071329
0.0694935
0.0677195
0.066008
0.0643597
0.0627757
0.0612563
0.0598022
0.0584133
0.0570897
0.0558307
0.0546357
0.0535035
0.0524329
0.0514224
0.0504701
0.0495742
0.0487328
0.0479438
0.0472052
0.0465149
0.045871
0.0452716
0.044715
0.0441994
0.0437234
0.0432857
0.0428853
0.0425214
0.0421934
0.0419011
0.0416447
0.0414248
0.0412427
0.0411002
0.041
0.040946
0.961693
0.892188
0.82909
0.771734
0.719529
0.67195
0.628527
0.588844
0.552528
0.519248
0.488707
0.460641
0.434814
0.411012
0.389048
0.36875
0.349967
0.332562
0.316412
0.301406
0.287444
0.274438
0.262305
0.250972
0.240374
0.23045
0.221145
0.212412
0.204204
0.196481
0.189206
0.182344
0.175866
0.169742
0.163946
0.158455
0.153246
0.1483
0.143598
0.139123
0.134858
0.130789
0.126903
0.123186
0.119627
0.116215
0.11294
0.109791
0.106761
0.10384
0.101022
0.0982986
0.0956644
0.0931133
0.0906403
0.0882409
0.0859113
0.0836482
0.0814493
0.0793125
0.0772367
0.0752212
0.0732656
0.0713701
0.0695353
0.0677619
0.0660508
0.0644027
0.0628186
0.061299
0.0598443
0.0584548
0.0571303
0.0558703
0.0546742
0.0535408
0.052469
0.0514571
0.0505034
0.0496061
0.0487633
0.0479728
0.0472328
0.0465412
0.045896
0.0452953
0.0447374
0.0442207
0.0437436
0.0433049
0.0429035
0.0425387
0.0422099
0.0419168
0.0416598
0.0414393
0.0412567
0.0411138
0.0410134
0.0409592
0.961693
0.892188
0.82909
0.771734
0.719529
0.67195
0.628527
0.588844
0.552528
0.519248
0.488708
0.460642
0.434814
0.411013
0.389048
0.368751
0.349968
0.332563
0.316413
0.301407
0.287446
0.27444
0.262307
0.250974
0.240376
0.230453
0.221149
0.212416
0.204208
0.196486
0.189211
0.18235
0.175872
0.169748
0.163953
0.158462
0.153254
0.148309
0.143607
0.139132
0.134868
0.130801
0.126915
0.123199
0.119641
0.11623
0.112956
0.109808
0.106779
0.10386
0.101043
0.0983212
0.0956885
0.093139
0.0906676
0.0882697
0.0859417
0.0836802
0.0814828
0.0793476
0.0772731
0.0752588
0.0733043
0.0714098
0.0695758
0.067803
0.0660922
0.0644443
0.0628601
0.0613402
0.0598851
0.0584949
0.0571696
0.0559087
0.0547115
0.053577
0.0525038
0.0514906
0.0505356
0.049637
0.0487927
0.048001
0.0472596
0.0465666
0.0459202
0.0453183
0.0447592
0.0442413
0.0437632
0.0433235
0.0429212
0.0425555
0.0422258
0.0419321
0.0416744
0.0414534
0.0412703
0.041127
0.0410263
0.040972
0.961693
0.892188
0.82909
0.771734
0.719529
0.67195
0.628527
0.588844
0.552528
0.519248
0.488708
0.460642
0.434814
0.411013
0.389049
0.368752
0.349969
0.332565
0.316415
0.301409
0.287448
0.274442
0.262309
0.250977
0.240379
0.230456
0.221152
0.212419
0.204212
0.19649
0.189215
0.182355
0.175877
0.169754
0.163959
0.158469
0.153262
0.148317
0.143616
0.139142
0.134879
0.130811
0.126927
0.123212
0.119655
0.116245
0.112971
0.109825
0.106797
0.103879
0.101063
0.098343
0.0957117
0.0931637
0.0906938
0.0882975
0.085971
0.083711
0.0815151
0.0793813
0.0773082
0.0752951
0.0733416
0.0714481
0.0696148
0.0678425
0.0661321
0.0644843
0.0629
0.0613799
0.0599243
0.0585336
0.0572075
0.0559457
0.0547474
0.0536118
0.0525375
0.051523
0.0505667
0.0496667
0.0488212
0.0480281
0.0472854
0.0465912
0.0459435
0.0453404
0.0447802
0.0442613
0.0437821
0.0433414
0.0429382
0.0425717
0.0422413
0.0419468
0.0416885
0.0414669
0.0412834
0.0411397
0.0410387
0.0409843
0.961693
0.892188
0.82909
0.771734
0.719529
0.67195
0.628527
0.588844
0.552528
0.519248
0.488708
0.460642
0.434815
0.411014
0.38905
0.368753
0.34997
0.332566
0.316416
0.30141
0.287449
0.274443
0.262311
0.250979
0.240382
0.230459
0.221155
0.212423
0.204216
0.196494
0.18922
0.18236
0.175882
0.16976
0.163965
0.158476
0.153269
0.148325
0.143624
0.139151
0.134888
0.130822
0.126938
0.123224
0.119668
0.116259
0.112986
0.109841
0.106814
0.103897
0.101083
0.098364
0.095734
0.0931874
0.090719
0.0883242
0.0859991
0.0837406
0.0815461
0.0794136
0.0773418
0.0753298
0.0733775
0.0714848
0.0696522
0.0678804
0.0661703
0.0645227
0.0629384
0.061418
0.059962
0.0585707
0.0572439
0.0559812
0.054782
0.0536452
0.0525698
0.0515541
0.0505966
0.0496954
0.0488485
0.0480542
0.0473103
0.0466148
0.0459659
0.0453617
0.0448004
0.0442804
0.0438002
0.0433587
0.0429546
0.0425872
0.0422561
0.041961
0.041702
0.04148
0.0412959
0.0411519
0.0410507
0.0409961
0.961693
0.892188
0.82909
0.771734
0.719529
0.67195
0.628527
0.588844
0.552528
0.519249
0.488708
0.460642
0.434815
0.411014
0.38905
0.368753
0.349971
0.332567
0.316417
0.301412
0.287451
0.274445
0.262313
0.250981
0.240384
0.230461
0.221158
0.212426
0.20422
0.196498
0.189224
0.182365
0.175888
0.169765
0.163971
0.158482
0.153276
0.148332
0.143632
0.13916
0.134898
0.130832
0.126949
0.123236
0.11968
0.116272
0.113001
0.109857
0.106831
0.103915
0.101102
0.098384
0.0957554
0.0932101
0.090743
0.0883496
0.086026
0.0837689
0.0815757
0.0794445
0.0773739
0.0753631
0.0734117
0.0715198
0.0696879
0.0679167
0.0662069
0.0645594
0.0629751
0.0614545
0.0599981
0.0586062
0.0572787
0.0560152
0.054815
0.0536773
0.0526007
0.0515839
0.0506252
0.0497227
0.0488747
0.0480791
0.047334
0.0466375
0.0459874
0.0453821
0.0448198
0.0442988
0.0438176
0.0433752
0.0429703
0.0426021
0.0422703
0.0419745
0.041715
0.0414924
0.041308
0.0411636
0.0410622
0.0410074
0.961693
0.892188
0.82909
0.771734
0.719529
0.67195
0.628527
0.588844
0.552528
0.519249
0.488708
0.460643
0.434815
0.411015
0.389051
0.368754
0.349972
0.332567
0.316418
0.301413
0.287452
0.274447
0.262315
0.250984
0.240387
0.230464
0.221161
0.212429
0.204223
0.196502
0.189229
0.182369
0.175892
0.16977
0.163977
0.158488
0.153283
0.148339
0.14364
0.139168
0.134907
0.130842
0.126959
0.123247
0.119692
0.116285
0.113014
0.109871
0.106846
0.103932
0.10112
0.0984031
0.0957757
0.0932317
0.090766
0.0883739
0.0860516
0.0837958
0.0816039
0.0794739
0.0774045
0.0753947
0.0734442
0.0715532
0.0697219
0.0679512
0.0662417
0.0645944
0.06301
0.0614892
0.0600324
0.05864
0.0573118
0.0560475
0.0548465
0.0537078
0.0526302
0.0516123
0.0506524
0.0497488
0.0488997
0.0481029
0.0473567
0.046659
0.0460079
0.0454016
0.0448382
0.0443162
0.0438342
0.0433909
0.0429852
0.0426163
0.0422838
0.0419874
0.0417274
0.0415043
0.0413195
0.0411748
0.0410731
0.0410182
0.961693
0.892188
0.82909
0.771734
0.719529
0.67195
0.628527
0.588844
0.552528
0.519249
0.488708
0.460643
0.434816
0.411015
0.389051
0.368754
0.349972
0.332568
0.316419
0.301414
0.287454
0.274448
0.262317
0.250986
0.240389
0.230466
0.221164
0.212432
0.204226
0.196505
0.189232
0.182373
0.175897
0.169775
0.163982
0.158494
0.153289
0.148346
0.143648
0.139176
0.134915
0.130851
0.126969
0.123257
0.119704
0.116297
0.113027
0.109885
0.106861
0.103948
0.101137
0.0984211
0.095795
0.0932522
0.0907877
0.0883968
0.0860758
0.0838212
0.0816306
0.0795018
0.0774334
0.0754246
0.073475
0.0715848
0.0697541
0.0679839
0.0662747
0.0646275
0.063043
0.061522
0.0600649
0.058672
0.0573432
0.0560782
0.0548763
0.0537367
0.0526581
0.0516392
0.0506783
0.0497736
0.0489233
0.0481255
0.0473782
0.0466795
0.0460273
0.04542
0.0448557
0.0443328
0.04385
0.0434058
0.0429994
0.0426298
0.0422966
0.0419997
0.0417391
0.0415156
0.0413304
0.0411854
0.0410835
0.0410284
0.961693
0.892188
0.82909
0.771734
0.719529
0.67195
0.628527
0.588844
0.552529
0.519249
0.488709
0.460643
0.434816
0.411015
0.389052
0.368755
0.349973
0.332569
0.31642
0.301415
0.287455
0.27445
0.262318
0.250987
0.240391
0.230469
0.221167
0.212435
0.204229
0.196509
0.189236
0.182377
0.175901
0.16978
0.163988
0.1585
0.153295
0.148353
0.143654
0.139183
0.134923
0.130859
0.126978
0.123267
0.119714
0.116308
0.11304
0.109898
0.106875
0.103963
0.101153
0.0984382
0.0958131
0.0932715
0.0908081
0.0884185
0.0860986
0.0838452
0.0816557
0.079528
0.0774606
0.0754528
0.0735041
0.0716145
0.0697845
0.0680146
0.0663057
0.0646587
0.0630742
0.061553
0.0600956
0.0587022
0.0573728
0.0561071
0.0549044
0.0537639
0.0526844
0.0516645
0.0507026
0.0497969
0.0489456
0.0481468
0.0473985
0.0466987
0.0460456
0.0454374
0.0448722
0.0443485
0.0438648
0.0434199
0.0430127
0.0426425
0.0423087
0.0420112
0.0417502
0.0415262
0.0413406
0.0411954
0.0410932
0.0410381
0.961693
0.892188
0.82909
0.771734
0.719529
0.67195
0.628527
0.588844
0.552529
0.519249
0.488709
0.460643
0.434816
0.411016
0.389052
0.368756
0.349974
0.33257
0.316421
0.301416
0.287456
0.274451
0.26232
0.250989
0.240393
0.230471
0.221169
0.212438
0.204232
0.196512
0.18924
0.182381
0.175906
0.169785
0.163992
0.158505
0.1533
0.148359
0.143661
0.13919
0.134931
0.130867
0.126987
0.123276
0.119724
0.116319
0.113051
0.10991
0.106888
0.103977
0.101167
0.0984541
0.0958301
0.0932895
0.0908273
0.0884387
0.08612
0.0838677
0.0816792
0.0795525
0.0774862
0.0754792
0.0735313
0.0716424
0.0698129
0.0680435
0.0663348
0.0646879
0.0631034
0.061582
0.0601243
0.0587305
0.0574006
0.0561342
0.0549308
0.0537895
0.0527091
0.0516883
0.0507255
0.0498188
0.0489666
0.0481668
0.0474175
0.0467168
0.0460628
0.0454537
0.0448876
0.0443631
0.0438787
0.0434331
0.0430252
0.0426544
0.0423201
0.042022
0.0417605
0.0415362
0.0413502
0.0412047
0.0411024
0.0410471
0.961693
0.892188
0.82909
0.771734
0.719529
0.671949
0.628527
0.588844
0.552529
0.519249
0.488709
0.460643
0.434816
0.411016
0.389052
0.368756
0.349974
0.332571
0.316422
0.301417
0.287457
0.274452
0.262321
0.250991
0.240395
0.230473
0.221171
0.21244
0.204235
0.196515
0.189243
0.182385
0.175909
0.169789
0.163997
0.15851
0.153306
0.148364
0.143667
0.139197
0.134938
0.130875
0.126995
0.123285
0.119733
0.116329
0.113062
0.109922
0.1069
0.10399
0.101181
0.098469
0.0958459
0.0933063
0.0908451
0.0884575
0.0861398
0.0838886
0.0817011
0.0795754
0.0775099
0.0755037
0.0735565
0.0716683
0.0698393
0.0680703
0.0663619
0.0647151
0.0631306
0.061609
0.0601511
0.0587568
0.0574264
0.0561594
0.0549554
0.0538133
0.0527321
0.0517105
0.0507467
0.0498392
0.048986
0.0481854
0.0474352
0.0467337
0.0460788
0.0454689
0.044902
0.0443768
0.0438916
0.0434453
0.0430369
0.0426655
0.0423306
0.0420321
0.0417701
0.0415454
0.0413592
0.0412134
0.0411109
0.0410555
0.961693
0.892188
0.829089
0.771734
0.719529
0.671949
0.628527
0.588844
0.552529
0.519249
0.488709
0.460644
0.434817
0.411016
0.389053
0.368756
0.349975
0.332571
0.316423
0.301418
0.287458
0.274454
0.262323
0.250992
0.240396
0.230475
0.221173
0.212442
0.204237
0.196518
0.189246
0.182388
0.175913
0.169793
0.164001
0.158514
0.15331
0.148369
0.143672
0.139203
0.134944
0.130882
0.127002
0.123293
0.119742
0.116338
0.113071
0.109932
0.106912
0.104002
0.101194
0.0984827
0.0958605
0.0933218
0.0908615
0.0884749
0.0861582
0.0839078
0.0817213
0.0795964
0.0775318
0.0755264
0.0735799
0.0716922
0.0698637
0.068095
0.0663869
0.0647402
0.0631556
0.061634
0.0601758
0.0587812
0.0574503
0.0561828
0.0549781
0.0538353
0.0527534
0.0517309
0.0507664
0.0498581
0.0490041
0.0482025
0.0474516
0.0467492
0.0460936
0.0454829
0.0449153
0.0443894
0.0439036
0.0434567
0.0430476
0.0426757
0.0423403
0.0420414
0.041779
0.041554
0.0413674
0.0412214
0.0411187
0.0410632
0.961693
0.892188
0.829089
0.771733
0.719529
0.671949
0.628527
0.588844
0.552529
0.519249
0.488709
0.460644
0.434817
0.411016
0.389053
0.368757
0.349975
0.332572
0.316423
0.301419
0.287459
0.274455
0.262324
0.250994
0.240398
0.230476
0.221175
0.212444
0.20424
0.19652
0.189248
0.182391
0.175916
0.169796
0.164005
0.158518
0.153315
0.148374
0.143678
0.139208
0.13495
0.130888
0.127009
0.1233
0.11975
0.116347
0.11308
0.109942
0.106922
0.104013
0.101206
0.0984953
0.0958739
0.093336
0.0908766
0.0884909
0.0861749
0.0839255
0.0817398
0.0796157
0.0775518
0.0755471
0.0736012
0.0717141
0.069886
0.0681177
0.0664098
0.0647631
0.0631786
0.0616568
0.0601984
0.0588034
0.0574721
0.0562041
0.0549988
0.0538554
0.0527729
0.0517497
0.0507844
0.0498753
0.0490206
0.0482183
0.0474666
0.0467635
0.0461071
0.0454957
0.0449275
0.0444009
0.0439145
0.0434671
0.0430575
0.0426851
0.0423492
0.0420499
0.0417872
0.0415618
0.041375
0.0412287
0.0411259
0.0410702
0.961693
0.892188
0.829089
0.771733
0.719529
0.671949
0.628527
0.588844
0.552529
0.519249
0.488709
0.460644
0.434817
0.411017
0.389053
0.368757
0.349976
0.332572
0.316424
0.30142
0.28746
0.274456
0.262325
0.250995
0.240399
0.230478
0.221177
0.212446
0.204242
0.196522
0.189251
0.182393
0.175919
0.169799
0.164008
0.158522
0.153319
0.148378
0.143682
0.139213
0.134955
0.130894
0.127015
0.123307
0.119757
0.116354
0.113089
0.109951
0.106931
0.104023
0.101217
0.0985066
0.0958859
0.0933489
0.0908902
0.0885053
0.0861901
0.0839414
0.0817565
0.0796332
0.07757
0.0755659
0.0736206
0.0717339
0.0699062
0.0681382
0.0664305
0.064784
0.0631994
0.0616775
0.0602188
0.0588236
0.0574919
0.0562234
0.0550176
0.0538737
0.0527905
0.0517667
0.0508007
0.0498909
0.0490355
0.0482325
0.0474801
0.0467764
0.0461194
0.0455073
0.0449385
0.0444114
0.0439244
0.0434764
0.0430664
0.0426935
0.0423573
0.0420576
0.0417945
0.0415688
0.0413818
0.0412353
0.0411323
0.0410766
0.961693
0.892188
0.829089
0.771733
0.719529
0.671949
0.628527
0.588844
0.552529
0.519249
0.488709
0.460644
0.434817
0.411017
0.389054
0.368758
0.349976
0.332573
0.316424
0.30142
0.287461
0.274456
0.262326
0.250996
0.2404
0.230479
0.221178
0.212448
0.204244
0.196524
0.189253
0.182396
0.175922
0.169802
0.164011
0.158525
0.153322
0.148382
0.143686
0.139218
0.13496
0.130899
0.127021
0.123313
0.119763
0.116361
0.113096
0.109958
0.10694
0.104032
0.101226
0.0985168
0.0958968
0.0933604
0.0909023
0.0885181
0.0862037
0.0839557
0.0817714
0.0796488
0.0775862
0.0755827
0.0736378
0.0717516
0.0699243
0.0681565
0.066449
0.0648026
0.063218
0.061696
0.0602371
0.0588417
0.0575096
0.0562407
0.0550345
0.05389
0.0528063
0.0517819
0.0508153
0.0499049
0.0490489
0.0482453
0.0474923
0.0467879
0.0461303
0.0455177
0.0449484
0.0444207
0.0439333
0.0434848
0.0430743
0.0427011
0.0423645
0.0420644
0.0418011
0.0415751
0.0413879
0.0412412
0.0411381
0.0410823
0.961693
0.892188
0.829089
0.771733
0.719529
0.671949
0.628527
0.588844
0.552529
0.519249
0.488709
0.460644
0.434817
0.411017
0.389054
0.368758
0.349977
0.332573
0.316425
0.301421
0.287462
0.274457
0.262327
0.250997
0.240401
0.23048
0.22118
0.212449
0.204245
0.196526
0.189255
0.182398
0.175924
0.169804
0.164014
0.158528
0.153325
0.148386
0.14369
0.139221
0.134964
0.130904
0.127026
0.123318
0.119769
0.116367
0.113102
0.109965
0.106947
0.104039
0.101235
0.0985257
0.0959063
0.0933704
0.090913
0.0885294
0.0862156
0.0839683
0.0817846
0.0796625
0.0776004
0.0755974
0.073653
0.0717672
0.0699402
0.0681726
0.0664653
0.0648189
0.0632344
0.0617123
0.0602533
0.0588575
0.0575252
0.056256
0.0550493
0.0539044
0.0528201
0.0517952
0.0508282
0.0499172
0.0490606
0.0482565
0.0475029
0.0467981
0.04614
0.0455269
0.044957
0.0444289
0.043941
0.0434922
0.0430813
0.0427077
0.0423708
0.0420704
0.0418068
0.0415806
0.0413932
0.0412464
0.0411431
0.0410873
0.961693
0.892188
0.829089
0.771733
0.719529
0.671949
0.628527
0.588844
0.552529
0.519249
0.488709
0.460644
0.434817
0.411017
0.389054
0.368758
0.349977
0.332574
0.316425
0.301421
0.287462
0.274458
0.262327
0.250998
0.240402
0.230481
0.221181
0.212451
0.204247
0.196528
0.189257
0.1824
0.175926
0.169807
0.164016
0.158531
0.153328
0.148388
0.143693
0.139225
0.134968
0.130907
0.12703
0.123323
0.119774
0.116372
0.113108
0.109971
0.106953
0.104046
0.101242
0.0985334
0.0959144
0.0933791
0.0909223
0.0885392
0.0862259
0.0839791
0.0817959
0.0796743
0.0776127
0.0756101
0.0736661
0.0717806
0.0699539
0.0681865
0.0664793
0.064833
0.0632485
0.0617263
0.0602671
0.0588712
0.0575386
0.0562691
0.0550621
0.0539168
0.0528321
0.0518068
0.0508392
0.0499278
0.0490707
0.0482661
0.0475121
0.0468068
0.0461482
0.0455347
0.0449645
0.0444359
0.0439477
0.0434985
0.0430873
0.0427133
0.0423761
0.0420755
0.0418117
0.0415854
0.0413977
0.0412508
0.0411474
0.0410915
0.961693
0.892188
0.829089
0.771733
0.719529
0.671949
0.628527
0.588844
0.552529
0.519249
0.488709
0.460644
0.434818
0.411017
0.389054
0.368758
0.349977
0.332574
0.316426
0.301422
0.287463
0.274458
0.262328
0.250998
0.240403
0.230482
0.221182
0.212452
0.204248
0.196529
0.189258
0.182401
0.175927
0.169808
0.164018
0.158533
0.15333
0.148391
0.143696
0.139228
0.134971
0.130911
0.127033
0.123326
0.119778
0.116376
0.113112
0.109976
0.106959
0.104052
0.101248
0.0985398
0.0959213
0.0933864
0.09093
0.0885473
0.0862345
0.0839881
0.0818054
0.0796842
0.077623
0.0756208
0.0736771
0.0717918
0.0699653
0.0681982
0.0664911
0.0648448
0.0632603
0.0617381
0.0602788
0.0588827
0.0575499
0.0562801
0.0550727
0.0539271
0.0528421
0.0518164
0.0508485
0.0499367
0.0490792
0.0482742
0.0475198
0.0468141
0.0461551
0.0455412
0.0449706
0.0444418
0.0439532
0.0435037
0.0430922
0.042718
0.0423806
0.0420798
0.0418158
0.0415893
0.0414015
0.0412545
0.041151
0.041095
0.961693
0.892188
0.829089
0.771733
0.719529
0.671949
0.628527
0.588844
0.552529
0.519249
0.488709
0.460644
0.434818
0.411017
0.389054
0.368758
0.349977
0.332574
0.316426
0.301422
0.287463
0.274459
0.262329
0.250999
0.240404
0.230483
0.221182
0.212453
0.204249
0.19653
0.189259
0.182402
0.175929
0.16981
0.16402
0.158534
0.153332
0.148393
0.143698
0.13923
0.134973
0.130913
0.127036
0.123329
0.119781
0.11638
0.113116
0.10998
0.106963
0.104056
0.101253
0.098545
0.0959268
0.0933922
0.0909362
0.0885539
0.0862414
0.0839954
0.081813
0.0796921
0.0776312
0.0756293
0.0736859
0.0718009
0.0699746
0.0682075
0.0665005
0.0648543
0.0632697
0.0617475
0.0602881
0.0588919
0.0575589
0.0562889
0.0550813
0.0539354
0.0528501
0.0518241
0.0508559
0.0499438
0.049086
0.0482807
0.0475259
0.0468199
0.0461607
0.0455465
0.0449756
0.0444465
0.0439576
0.0435079
0.0430962
0.0427218
0.0423842
0.0420832
0.041819
0.0415923
0.0414045
0.0412573
0.0411538
0.0410978
0.961693
0.892188
0.829089
0.771733
0.719529
0.671949
0.628527
0.588844
0.552529
0.519249
0.488709
0.460644
0.434818
0.411018
0.389054
0.368759
0.349978
0.332574
0.316426
0.301422
0.287463
0.274459
0.262329
0.250999
0.240404
0.230484
0.221183
0.212453
0.204249
0.196531
0.18926
0.182403
0.17593
0.169811
0.164021
0.158536
0.153333
0.148394
0.143699
0.139232
0.134975
0.130915
0.127038
0.123332
0.119783
0.116383
0.113119
0.109983
0.106966
0.10406
0.101256
0.0985489
0.0959309
0.0933966
0.0909408
0.0885588
0.0862466
0.0840008
0.0818187
0.0796981
0.0776375
0.0756358
0.0736925
0.0718077
0.0699815
0.0682146
0.0665076
0.0648615
0.0632769
0.0617546
0.0602952
0.0588988
0.0575657
0.0562955
0.0550878
0.0539417
0.0528562
0.05183
0.0508615
0.0499491
0.0490911
0.0482855
0.0475305
0.0468243
0.0461648
0.0455504
0.0449793
0.0444499
0.0439609
0.043511
0.0430991
0.0427245
0.0423868
0.0420856
0.0418214
0.0415946
0.0414066
0.0412594
0.0411559
0.0410998
0.961693
0.892188
0.829089
0.771733
0.719529
0.671949
0.628527
0.588844
0.552529
0.519249
0.488709
0.460644
0.434818
0.411018
0.389055
0.368759
0.349978
0.332574
0.316426
0.301423
0.287464
0.274459
0.262329
0.251
0.240404
0.230484
0.221183
0.212454
0.20425
0.196531
0.18926
0.182404
0.17593
0.169812
0.164022
0.158536
0.153334
0.148395
0.1437
0.139233
0.134976
0.130917
0.12704
0.123333
0.119785
0.116384
0.113121
0.109985
0.106968
0.104062
0.101259
0.0985515
0.0959337
0.0933996
0.090944
0.0885621
0.0862501
0.0840045
0.0818226
0.0797021
0.0776416
0.0756401
0.073697
0.0718123
0.0699862
0.0682193
0.0665124
0.0648663
0.0632817
0.0617594
0.0602999
0.0589035
0.0575703
0.0563
0.0550922
0.0539459
0.0528603
0.0518339
0.0508652
0.0499527
0.0490945
0.0482888
0.0475336
0.0468272
0.0461675
0.045553
0.0449817
0.0444522
0.0439631
0.043513
0.043101
0.0427263
0.0423884
0.0420872
0.0418229
0.041596
0.041408
0.0412607
0.0411571
0.041101
0.961693
0.892188
0.829089
0.771733
0.719529
0.671949
0.628527
0.588844
0.552529
0.519249
0.488709
0.460644
0.434818
0.411018
0.389055
0.368759
0.349978
0.332575
0.316426
0.301423
0.287464
0.27446
0.262329
0.251
0.240405
0.230484
0.221184
0.212454
0.20425
0.196531
0.189261
0.182404
0.175931
0.169812
0.164022
0.158537
0.153335
0.148396
0.143701
0.139233
0.134977
0.130917
0.12704
0.123334
0.119786
0.116385
0.113122
0.109986
0.106969
0.104063
0.10126
0.0985528
0.0959351
0.0934011
0.0909455
0.0885638
0.0862519
0.0840064
0.0818245
0.0797042
0.0776438
0.0756423
0.0736993
0.0718146
0.0699886
0.0682218
0.0665149
0.0648688
0.0632842
0.0617619
0.0603024
0.0589059
0.0575727
0.0563023
0.0550944
0.0539481
0.0528623
0.0518359
0.0508671
0.0499545
0.0490962
0.0482904
0.0475351
0.0468286
0.0461689
0.0455542
0.0449829
0.0444533
0.0439641
0.0435139
0.0431019
0.0427271
0.0423892
0.0420879
0.0418235
0.0415966
0.0414085
0.0412613
0.0411576
0.0411015
0.961693
0.892188
0.829089
0.771733
0.719529
0.671949
0.628527
0.588844
0.552529
0.519249
0.488709
0.460644
0.434818
0.411018
0.389055
0.368759
0.349978
0.332575
0.316426
0.301423
0.287464
0.27446
0.262329
0.251
0.240405
0.230484
0.221184
0.212454
0.20425
0.196531
0.189261
0.182404
0.175931
0.169812
0.164022
0.158537
0.153335
0.148396
0.143701
0.139233
0.134977
0.130917
0.12704
0.123334
0.119786
0.116385
0.113122
0.109986
0.106969
0.104063
0.10126
0.0985528
0.0959351
0.0934011
0.0909456
0.0885639
0.086252
0.0840065
0.0818246
0.0797043
0.0776439
0.0756424
0.0736994
0.0718147
0.0699887
0.0682219
0.066515
0.0648689
0.0632844
0.061762
0.0603025
0.0589061
0.0575728
0.0563024
0.0550945
0.0539482
0.0528624
0.0518359
0.0508672
0.0499545
0.0490962
0.0482903
0.0475351
0.0468285
0.0461688
0.0455541
0.0449827
0.0444532
0.0439639
0.0435137
0.0431017
0.0427269
0.042389
0.0420877
0.0418232
0.0415963
0.0414083
0.041261
0.0411574
0.0411012
0.961693
0.892188
0.829089
0.771733
0.719529
0.671949
0.628527
0.588844
0.552529
0.519249
0.488709
0.460644
0.434818
0.411018
0.389055
0.368759
0.349978
0.332574
0.316426
0.301423
0.287464
0.274459
0.262329
0.251
0.240404
0.230484
0.221183
0.212454
0.20425
0.196531
0.18926
0.182404
0.17593
0.169812
0.164022
0.158536
0.153334
0.148395
0.1437
0.139233
0.134976
0.130917
0.12704
0.123333
0.119785
0.116384
0.113121
0.109985
0.106968
0.104062
0.101259
0.0985516
0.0959338
0.0933997
0.0909441
0.0885623
0.0862503
0.0840047
0.0818228
0.0797024
0.0776419
0.0756404
0.0736973
0.0718126
0.0699866
0.0682197
0.0665128
0.0648667
0.0632821
0.0617598
0.0603003
0.0589039
0.0575706
0.0563003
0.0550924
0.0539462
0.0528605
0.051834
0.0508653
0.0499528
0.0490945
0.0482887
0.0475335
0.046827
0.0461673
0.0455527
0.0449814
0.0444518
0.0439626
0.0435125
0.0431004
0.0427257
0.0423878
0.0420865
0.0418221
0.0415953
0.0414072
0.0412599
0.0411563
0.0411002
0.961693
0.892188
0.829089
0.771733
0.719529
0.671949
0.628527
0.588844
0.552529
0.519249
0.488709
0.460644
0.434818
0.411018
0.389054
0.368759
0.349978
0.332574
0.316426
0.301422
0.287463
0.274459
0.262329
0.250999
0.240404
0.230484
0.221183
0.212453
0.204249
0.196531
0.18926
0.182403
0.17593
0.169811
0.164021
0.158536
0.153333
0.148394
0.143699
0.139232
0.134975
0.130915
0.127038
0.123332
0.119783
0.116383
0.113119
0.109983
0.106966
0.10406
0.101256
0.098549
0.0959311
0.0933969
0.0909411
0.0885591
0.086247
0.0840012
0.0818191
0.0796986
0.077638
0.0756363
0.0736931
0.0718083
0.0699821
0.0682152
0.0665083
0.0648622
0.0632776
0.0617553
0.0602958
0.0588995
0.0575663
0.0562961
0.0550883
0.0539421
0.0528565
0.0518302
0.0508617
0.0499492
0.0490911
0.0482854
0.0475303
0.046824
0.0461644
0.0455499
0.0449787
0.0444492
0.0439601
0.0435101
0.0430982
0.0427235
0.0423857
0.0420845
0.0418201
0.0415933
0.0414053
0.0412581
0.0411545
0.0410984
0.961693
0.892188
0.829089
0.771733
0.719529
0.671949
0.628527
0.588844
0.552529
0.519249
0.488709
0.460644
0.434818
0.411017
0.389054
0.368758
0.349977
0.332574
0.316426
0.301422
0.287463
0.274459
0.262329
0.250999
0.240404
0.230483
0.221182
0.212453
0.204249
0.19653
0.189259
0.182402
0.175929
0.16981
0.16402
0.158534
0.153332
0.148393
0.143698
0.13923
0.134973
0.130913
0.127036
0.123329
0.119781
0.11638
0.113116
0.10998
0.106963
0.104056
0.101253
0.0985452
0.0959271
0.0933926
0.0909365
0.0885543
0.0862419
0.0839959
0.0818136
0.0796928
0.0776319
0.0756301
0.0736867
0.0718017
0.0699754
0.0682084
0.0665014
0.0648553
0.0632707
0.0617484
0.060289
0.0588927
0.0575597
0.0562896
0.055082
0.053936
0.0528506
0.0518245
0.0508561
0.0499439
0.0490859
0.0482805
0.0475256
0.0468195
0.0461601
0.0455458
0.0449748
0.0444455
0.0439565
0.0435067
0.0430949
0.0427203
0.0423826
0.0420815
0.0418173
0.0415906
0.0414026
0.0412555
0.0411519
0.0410958
0.961693
0.892188
0.829089
0.771733
0.719529
0.671949
0.628527
0.588844
0.552529
0.519249
0.488709
0.460644
0.434818
0.411017
0.389054
0.368758
0.349977
0.332574
0.316426
0.301422
0.287463
0.274458
0.262328
0.250998
0.240403
0.230482
0.221182
0.212452
0.204248
0.196529
0.189258
0.182401
0.175927
0.169808
0.164018
0.158533
0.15333
0.148391
0.143696
0.139228
0.134971
0.130911
0.127033
0.123326
0.119778
0.116377
0.113113
0.109976
0.106959
0.104052
0.101248
0.0985401
0.0959216
0.0933868
0.0909305
0.0885479
0.0862351
0.0839888
0.0818061
0.079685
0.0776239
0.0756217
0.0736781
0.0717929
0.0699665
0.0681993
0.0664923
0.064846
0.0632615
0.0617392
0.0602799
0.0588838
0.0575509
0.056281
0.0550736
0.0539278
0.0528427
0.0518168
0.0508488
0.0499368
0.0490791
0.048274
0.0475194
0.0468135
0.0461544
0.0455403
0.0449696
0.0444405
0.0439518
0.0435021
0.0430905
0.0427162
0.0423786
0.0420777
0.0418136
0.041587
0.0413991
0.041252
0.0411486
0.0410925
0.961693
0.892188
0.829089
0.771733
0.719529
0.671949
0.628527
0.588844
0.552529
0.519249
0.488709
0.460644
0.434817
0.411017
0.389054
0.368758
0.349977
0.332574
0.316425
0.301421
0.287462
0.274458
0.262327
0.250998
0.240402
0.230481
0.221181
0.212451
0.204247
0.196528
0.189257
0.1824
0.175926
0.169807
0.164016
0.158531
0.153328
0.148388
0.143693
0.139225
0.134968
0.130907
0.12703
0.123323
0.119774
0.116372
0.113108
0.109971
0.106954
0.104046
0.101242
0.0985338
0.0959149
0.0933797
0.0909229
0.0885399
0.0862267
0.0839799
0.0817968
0.0796753
0.0776138
0.0756113
0.0736674
0.0717819
0.0699553
0.068188
0.0664808
0.0648345
0.0632499
0.0617278
0.0602685
0.0588726
0.0575399
0.0562702
0.0550631
0.0539176
0.0528328
0.0518073
0.0508396
0.049928
0.0490707
0.0482659
0.0475116
0.0468061
0.0461473
0.0455336
0.0449631
0.0444344
0.0439459
0.0434965
0.0430852
0.0427111
0.0423737
0.042073
0.041809
0.0415825
0.0413948
0.0412478
0.0411444
0.0410885
0.961693
0.892188
0.829089
0.771733
0.719529
0.671949
0.628527
0.588844
0.552529
0.519249
0.488709
0.460644
0.434817
0.411017
0.389054
0.368758
0.349977
0.332573
0.316425
0.301421
0.287462
0.274457
0.262327
0.250997
0.240401
0.23048
0.22118
0.212449
0.204245
0.196526
0.189255
0.182398
0.175924
0.169804
0.164014
0.158528
0.153325
0.148386
0.14369
0.139222
0.134964
0.130904
0.127026
0.123318
0.119769
0.116367
0.113103
0.109966
0.106947
0.10404
0.101235
0.0985262
0.0959068
0.0933711
0.0909138
0.0885302
0.0862165
0.0839693
0.0817857
0.0796637
0.0776018
0.0755989
0.0736546
0.0717688
0.0699419
0.0681744
0.066467
0.0648207
0.0632361
0.061714
0.0602549
0.0588591
0.0575267
0.0562573
0.0550505
0.0539054
0.052821
0.0517959
0.0508286
0.0499174
0.0490605
0.0482562
0.0475024
0.0467972
0.0461389
0.0455255
0.0449554
0.0444271
0.043939
0.0434899
0.0430788
0.042705
0.0423679
0.0420674
0.0418036
0.0415773
0.0413897
0.0412429
0.0411396
0.0410837
0.961693
0.892188
0.829089
0.771733
0.719529
0.671949
0.628527
0.588844
0.552529
0.519249
0.488709
0.460644
0.434817
0.411017
0.389054
0.368758
0.349976
0.332573
0.316424
0.30142
0.287461
0.274456
0.262326
0.250996
0.2404
0.230479
0.221178
0.212448
0.204244
0.196524
0.189253
0.182396
0.175921
0.169802
0.164011
0.158525
0.153322
0.148382
0.143686
0.139218
0.13496
0.130899
0.127021
0.123313
0.119763
0.116361
0.113096
0.109959
0.10694
0.104032
0.101227
0.0985173
0.0958974
0.0933611
0.0909032
0.0885191
0.0862048
0.0839569
0.0817727
0.0796502
0.0775877
0.0755843
0.0736396
0.0717535
0.0699262
0.0681585
0.066451
0.0648046
0.06322
0.061698
0.0602391
0.0588435
0.0575113
0.0562423
0.0550359
0.0538912
0.0528072
0.0517826
0.0508158
0.0499051
0.0490488
0.0482449
0.0474916
0.0467869
0.0461291
0.0455162
0.0449465
0.0444186
0.0439309
0.0434822
0.0430714
0.0426979
0.0423611
0.0420609
0.0417974
0.0415713
0.0413839
0.0412372
0.041134
0.0410781
0.961693
0.892188
0.829089
0.771733
0.719529
0.671949
0.628527
0.588844
0.552529
0.519249
0.488709
0.460644
0.434817
0.411017
0.389053
0.368757
0.349976
0.332572
0.316424
0.30142
0.28746
0.274456
0.262325
0.250995
0.240399
0.230478
0.221177
0.212446
0.204242
0.196522
0.189251
0.182393
0.175919
0.169799
0.164008
0.158522
0.153319
0.148378
0.143682
0.139213
0.134955
0.130894
0.127015
0.123307
0.119757
0.116354
0.113089
0.109951
0.106932
0.104023
0.101217
0.0985072
0.0958867
0.0933497
0.0908911
0.0885063
0.0861913
0.0839428
0.081758
0.0796348
0.0775717
0.0755678
0.0736226
0.071736
0.0699084
0.0681405
0.0664328
0.0647863
0.0632017
0.0616798
0.060221
0.0588257
0.0574938
0.0562252
0.0550192
0.053875
0.0527916
0.0517675
0.0508013
0.0498911
0.0490354
0.0482321
0.0474794
0.0467753
0.0461179
0.0455056
0.0449364
0.0444089
0.0439217
0.0434734
0.0430631
0.0426899
0.0423535
0.0420535
0.0417903
0.0415644
0.0413773
0.0412307
0.0411276
0.0410719
0.961693
0.892188
0.829089
0.771733
0.719529
0.671949
0.628527
0.588844
0.552529
0.519249
0.488709
0.460644
0.434817
0.411016
0.389053
0.368757
0.349975
0.332572
0.316423
0.301419
0.287459
0.274455
0.262324
0.250994
0.240398
0.230476
0.221175
0.212444
0.20424
0.19652
0.189248
0.182391
0.175916
0.169796
0.164005
0.158518
0.153315
0.148374
0.143678
0.139208
0.13495
0.130888
0.127009
0.1233
0.11975
0.116347
0.113081
0.109942
0.106922
0.104013
0.101207
0.098496
0.0958747
0.093337
0.0908776
0.0884921
0.0861763
0.083927
0.0817415
0.0796176
0.0775538
0.0755493
0.0736035
0.0717165
0.0698885
0.0681202
0.0664124
0.0647658
0.0631812
0.0616594
0.0602008
0.0588058
0.0574743
0.0562061
0.0550006
0.0538569
0.052774
0.0517506
0.050785
0.0498755
0.0490204
0.0482178
0.0474657
0.0467622
0.0461055
0.0454937
0.0449251
0.0443982
0.0439114
0.0434636
0.0430538
0.042681
0.042345
0.0420453
0.0417824
0.0415568
0.0413699
0.0412235
0.0411206
0.0410649
0.961693
0.892188
0.829089
0.771734
0.719529
0.671949
0.628527
0.588844
0.552529
0.519249
0.488709
0.460644
0.434817
0.411016
0.389053
0.368756
0.349975
0.332571
0.316423
0.301418
0.287458
0.274454
0.262323
0.250992
0.240396
0.230475
0.221173
0.212442
0.204237
0.196518
0.189246
0.182388
0.175913
0.169793
0.164001
0.158514
0.15331
0.148369
0.143673
0.139203
0.134944
0.130882
0.127003
0.123293
0.119742
0.116338
0.113072
0.109933
0.106912
0.104002
0.101195
0.0984835
0.0958614
0.0933229
0.0908627
0.0884763
0.0861597
0.0839095
0.0817232
0.0795985
0.077534
0.0755288
0.0735824
0.0716948
0.0698665
0.0680979
0.0663898
0.0647431
0.0631585
0.0616368
0.0601785
0.0587837
0.0574527
0.0561849
0.05498
0.0538369
0.0527547
0.0517319
0.050767
0.0498583
0.0490039
0.048202
0.0474506
0.0467478
0.0460918
0.0454806
0.0449127
0.0443863
0.0439002
0.0434529
0.0430435
0.0426712
0.0423356
0.0420363
0.0417737
0.0415485
0.0413617
0.0412156
0.0411128
0.0410572
0.961693
0.892188
0.82909
0.771734
0.719529
0.671949
0.628527
0.588844
0.552529
0.519249
0.488709
0.460643
0.434816
0.411016
0.389052
0.368756
0.349974
0.332571
0.316422
0.301417
0.287457
0.274452
0.262321
0.250991
0.240395
0.230473
0.221171
0.21244
0.204235
0.196515
0.189243
0.182385
0.175909
0.169789
0.163997
0.15851
0.153306
0.148364
0.143667
0.139197
0.134938
0.130875
0.126995
0.123285
0.119734
0.116329
0.113062
0.109922
0.106901
0.10399
0.101182
0.0984699
0.0958469
0.0933075
0.0908464
0.0884591
0.0861415
0.0838905
0.0817032
0.0795776
0.0775123
0.0755064
0.0735593
0.0716712
0.0698424
0.0680734
0.0663651
0.0647183
0.0631337
0.0616122
0.060154
0.0587597
0.057429
0.0561618
0.0549575
0.0538151
0.0527336
0.0517115
0.0507474
0.0498394
0.0489858
0.0481847
0.0474341
0.0467321
0.0460768
0.0454664
0.0448991
0.0443734
0.0438878
0.0434411
0.0430323
0.0426605
0.0423253
0.0420265
0.0417643
0.0415393
0.0413529
0.041207
0.0411043
0.0410489
0.961693
0.892188
0.82909
0.771734
0.719529
0.67195
0.628527
0.588844
0.552529
0.519249
0.488709
0.460643
0.434816
0.411016
0.389052
0.368756
0.349974
0.33257
0.316421
0.301416
0.287456
0.274451
0.26232
0.250989
0.240393
0.230471
0.221169
0.212438
0.204232
0.196512
0.18924
0.182381
0.175906
0.169785
0.163992
0.158505
0.1533
0.148359
0.143661
0.13919
0.134931
0.130868
0.126987
0.123277
0.119724
0.116319
0.113051
0.109911
0.106889
0.103977
0.101168
0.0984551
0.0958312
0.0932908
0.0908287
0.0884404
0.0861218
0.0838698
0.0816815
0.079555
0.0774889
0.0754821
0.0735343
0.0716456
0.0698162
0.0680469
0.0663383
0.0646914
0.0631069
0.0615854
0.0601276
0.0587336
0.0574034
0.0561368
0.0549331
0.0537914
0.0527107
0.0516895
0.0507262
0.049819
0.0489663
0.048166
0.0474162
0.0467151
0.0460606
0.0454509
0.0448844
0.0443594
0.0438745
0.0434285
0.0430202
0.042649
0.0423143
0.0420159
0.0417541
0.0415295
0.0413434
0.0411977
0.0410952
0.0410399
0.961693
0.892188
0.82909
0.771734
0.719529
0.67195
0.628527
0.588844
0.552529
0.519249
0.488709
0.460643
0.434816
0.411015
0.389052
0.368755
0.349973
0.332569
0.31642
0.301415
0.287455
0.27445
0.262318
0.250987
0.240391
0.230469
0.221166
0.212435
0.204229
0.196509
0.189236
0.182377
0.175901
0.16978
0.163988
0.1585
0.153295
0.148353
0.143654
0.139183
0.134923
0.13086
0.126978
0.123267
0.119714
0.116309
0.11304
0.109899
0.106876
0.103963
0.101153
0.0984393
0.0958144
0.0932729
0.0908097
0.0884203
0.0861007
0.0838475
0.0816582
0.0795307
0.0774636
0.075456
0.0735074
0.071618
0.0697881
0.0680184
0.0663095
0.0646625
0.063078
0.0615567
0.0600991
0.0587056
0.0573759
0.0561099
0.0549069
0.053766
0.0526861
0.0516657
0.0507033
0.0497972
0.0489453
0.048146
0.0473971
0.0466968
0.0460432
0.0454344
0.0448686
0.0443444
0.0438602
0.0434148
0.0430072
0.0426366
0.0423024
0.0420046
0.0417432
0.0415189
0.0413331
0.0411877
0.0410854
0.0410302
0.961693
0.892188
0.82909
0.771734
0.719529
0.67195
0.628527
0.588844
0.552529
0.519249
0.488708
0.460643
0.434816
0.411015
0.389051
0.368754
0.349972
0.332568
0.316419
0.301414
0.287454
0.274448
0.262317
0.250986
0.240389
0.230466
0.221164
0.212432
0.204226
0.196505
0.189232
0.182373
0.175897
0.169775
0.163982
0.158494
0.153289
0.148346
0.143648
0.139176
0.134915
0.130851
0.126969
0.123258
0.119704
0.116297
0.113028
0.109886
0.106862
0.103948
0.101138
0.0984223
0.0957963
0.0932538
0.0907895
0.0883988
0.086078
0.0838237
0.0816333
0.0795047
0.0774366
0.075428
0.0734787
0.0715886
0.0697581
0.0679879
0.0662788
0.0646316
0.0630471
0.061526
0.0600688
0.0586756
0.0573465
0.0560812
0.054879
0.0537389
0.0526599
0.0516404
0.050679
0.0497738
0.048923
0.0481246
0.0473767
0.0466773
0.0460246
0.0454167
0.0448518
0.0443284
0.043845
0.0434003
0.0429934
0.0426234
0.0422898
0.0419924
0.0417315
0.0415077
0.0413222
0.0411771
0.041075
0.0410199
0.961693
0.892188
0.82909
0.771734
0.719529
0.67195
0.628527
0.588844
0.552528
0.519249
0.488708
0.460643
0.434815
0.411015
0.389051
0.368754
0.349972
0.332567
0.316418
0.301413
0.287452
0.274447
0.262315
0.250984
0.240387
0.230464
0.221161
0.212429
0.204223
0.196502
0.189228
0.182369
0.175892
0.16977
0.163977
0.158488
0.153283
0.148339
0.14364
0.139168
0.134907
0.130842
0.12696
0.123247
0.119693
0.116285
0.113015
0.109872
0.106847
0.103933
0.101121
0.0984044
0.0957772
0.0932335
0.0907679
0.0883761
0.086054
0.0837985
0.0816069
0.0794772
0.077408
0.0753984
0.0734482
0.0715573
0.0697262
0.0679556
0.0662462
0.0645988
0.0630144
0.0614934
0.0600365
0.0586439
0.0573154
0.0560507
0.0548493
0.0537101
0.052632
0.0516136
0.0506532
0.049749
0.0488992
0.0481019
0.047355
0.0466567
0.0460049
0.045398
0.044834
0.0443114
0.0438289
0.043385
0.0429787
0.0426094
0.0422764
0.0419796
0.0417192
0.0414958
0.0413107
0.0411658
0.041064
0.041009
0.961693
0.892188
0.82909
0.771734
0.719529
0.67195
0.628527
0.588844
0.552528
0.519249
0.488708
0.460643
0.434815
0.411014
0.38905
0.368753
0.349971
0.332567
0.316417
0.301412
0.287451
0.274445
0.262313
0.250981
0.240384
0.230461
0.221158
0.212426
0.20422
0.196498
0.189224
0.182365
0.175888
0.169765
0.163971
0.158482
0.153276
0.148332
0.143633
0.13916
0.134898
0.130832
0.126949
0.123236
0.119681
0.116273
0.113001
0.109857
0.106832
0.103916
0.101103
0.0983854
0.095757
0.093212
0.0907452
0.088352
0.0860286
0.0837718
0.0815789
0.079448
0.0773777
0.0753671
0.0734159
0.0715243
0.0696925
0.0679214
0.0662117
0.0645642
0.0629798
0.0614591
0.0600025
0.0586103
0.0572825
0.0560186
0.054818
0.0536798
0.0526027
0.0515853
0.050626
0.0497229
0.0488742
0.048078
0.0473322
0.0466349
0.0459842
0.0453782
0.0448152
0.0442936
0.0438118
0.0433688
0.0429633
0.0425946
0.0422623
0.0419661
0.0417062
0.0414833
0.0412986
0.041154
0.0410524
0.0409976
0.961693
0.892188
0.82909
0.771734
0.719529
0.67195
0.628527
0.588844
0.552528
0.519248
0.488708
0.460642
0.434815
0.411014
0.38905
0.368753
0.34997
0.332566
0.316416
0.30141
0.287449
0.274443
0.262311
0.250979
0.240382
0.230459
0.221155
0.212423
0.204216
0.196494
0.18922
0.18236
0.175882
0.16976
0.163965
0.158476
0.153269
0.148325
0.143625
0.139151
0.134889
0.130822
0.126938
0.123224
0.119668
0.116259
0.112987
0.109842
0.106815
0.103899
0.101084
0.0983655
0.0957358
0.0931895
0.0907213
0.0883267
0.086002
0.0837438
0.0815496
0.0794174
0.0773458
0.0753342
0.073382
0.0714895
0.0696571
0.0678855
0.0661755
0.0645278
0.0629434
0.0614229
0.0599667
0.0585751
0.0572479
0.0559849
0.0547852
0.0536479
0.0525719
0.0515556
0.0505974
0.0496955
0.048848
0.0480529
0.0473082
0.0466121
0.0459625
0.0453575
0.0447955
0.0442748
0.043794
0.0433518
0.0429471
0.0425792
0.0422475
0.0419519
0.0416926
0.0414701
0.0412858
0.0411416
0.0410402
0.0409855
0.961693
0.892188
0.82909
0.771734
0.719529
0.67195
0.628527
0.588844
0.552528
0.519248
0.488708
0.460642
0.434814
0.411013
0.389049
0.368752
0.349969
0.332565
0.316415
0.301409
0.287448
0.274442
0.262309
0.250977
0.240379
0.230456
0.221152
0.212419
0.204212
0.19649
0.189215
0.182355
0.175877
0.169754
0.163959
0.158469
0.153262
0.148317
0.143616
0.139142
0.134879
0.130812
0.126927
0.123212
0.119656
0.116246
0.112972
0.109826
0.106798
0.10388
0.101065
0.0983447
0.0957137
0.0931659
0.0906963
0.0883003
0.0859741
0.0837145
0.0815189
0.0793853
0.0773125
0.0752997
0.0733465
0.0714532
0.0696201
0.0678479
0.0661375
0.0644898
0.0629054
0.0613851
0.0599293
0.0585383
0.0572118
0.0559496
0.0547508
0.0536146
0.0525397
0.0515245
0.0505675
0.0496668
0.0488205
0.0480267
0.0472832
0.0465882
0.0459397
0.0453359
0.0447749
0.0442552
0.0437753
0.043334
0.0429302
0.042563
0.0422321
0.0419371
0.0416783
0.0414564
0.0412725
0.0411286
0.0410275
0.040973
0.961693
0.892188
0.82909
0.771734
0.719529
0.67195
0.628527
0.588844
0.552528
0.519248
0.488708
0.460642
0.434814
0.411013
0.389048
0.368751
0.349968
0.332563
0.316413
0.301407
0.287446
0.27444
0.262307
0.250974
0.240376
0.230453
0.221149
0.212416
0.204208
0.196486
0.189211
0.18235
0.175872
0.169748
0.163953
0.158462
0.153254
0.148309
0.143607
0.139133
0.134869
0.130801
0.126916
0.1232
0.119642
0.116231
0.112957
0.109809
0.10678
0.103861
0.101044
0.098323
0.0956906
0.0931414
0.0906702
0.0882727
0.085945
0.0836839
0.0814868
0.0793519
0.0772778
0.0752638
0.0733096
0.0714153
0.0695815
0.0678088
0.066098
0.0644501
0.0628658
0.0613457
0.0598904
0.0584999
0.0571742
0.0559128
0.054715
0.0535799
0.0525061
0.0514922
0.0505364
0.049637
0.048792
0.0479994
0.0472572
0.0465634
0.0459161
0.0453134
0.0447535
0.0442349
0.043756
0.0433155
0.0429126
0.0425462
0.042216
0.0419217
0.0416635
0.0414421
0.0412587
0.0411151
0.0410143
0.0409599
0.961693
0.892188
0.82909
0.771734
0.719529
0.67195
0.628527
0.588844
0.552528
0.519248
0.488707
0.460641
0.434814
0.411012
0.389048
0.36875
0.349967
0.332562
0.316412
0.301406
0.287444
0.274438
0.262305
0.250972
0.240374
0.23045
0.221145
0.212412
0.204204
0.196481
0.189206
0.182344
0.175866
0.169742
0.163946
0.158455
0.153246
0.1483
0.143598
0.139123
0.134858
0.13079
0.126903
0.123187
0.119628
0.116216
0.112941
0.109792
0.106762
0.103842
0.101023
0.0983006
0.0956666
0.0931159
0.0906432
0.0882441
0.0859149
0.0836522
0.0814536
0.0793172
0.0772418
0.0752265
0.0732712
0.071376
0.0695414
0.0677681
0.066057
0.0644089
0.0628247
0.0613049
0.0598499
0.0584601
0.0571351
0.0558747
0.0546779
0.0535439
0.0524713
0.0514587
0.0505042
0.0496061
0.0487624
0.0479711
0.0472302
0.0465377
0.0458916
0.0452901
0.0447313
0.0442137
0.0437359
0.0432964
0.0428943
0.0425288
0.0421994
0.0419058
0.0416482
0.0414273
0.0412443
0.0411011
0.0410006
0.0409463
0.961693
0.892188
0.82909
0.771734
0.719529
0.67195
0.628527
0.588844
0.552528
0.519248
0.488707
0.460641
0.434813
0.411012
0.389047
0.368749
0.349966
0.332561
0.316411
0.301404
0.287442
0.274435
0.262302
0.250969
0.240371
0.230446
0.221142
0.212408
0.2042
0.196476
0.189201
0.182339
0.17586
0.169735
0.163939
0.158447
0.153238
0.148292
0.143589
0.139113
0.134847
0.130778
0.126891
0.123173
0.119614
0.116201
0.112924
0.109775
0.106743
0.103821
0.101002
0.0982774
0.0956419
0.0930896
0.0906153
0.0882146
0.0858837
0.0836194
0.0814192
0.0792813
0.0772045
0.0751879
0.0732314
0.0713353
0.0694999
0.067726
0.0660146
0.0643663
0.0627821
0.0612626
0.0598081
0.0584189
0.0570948
0.0558352
0.0546396
0.0535067
0.0524354
0.051424
0.0504709
0.0495742
0.0487318
0.0479419
0.0472023
0.0465111
0.0458663
0.045266
0.0447084
0.0441919
0.0437151
0.0432767
0.0428755
0.0425108
0.0421822
0.0418893
0.0416324
0.041412
0.0412295
0.0410867
0.0409864
0.0409323
0.961693
0.892188
0.82909
0.771734
0.719529
0.67195
0.628527
0.588844
0.552528
0.519248
0.488707
0.460641
0.434813
0.411011
0.389046
0.368748
0.349965
0.33256
0.316409
0.301403
0.287441
0.274433
0.2623
0.250966
0.240368
0.230443
0.221138
0.212404
0.204195
0.196472
0.189195
0.182333
0.175854
0.169728
0.163932
0.158439
0.15323
0.148283
0.143579
0.139102
0.134836
0.130766
0.126878
0.12316
0.119599
0.116185
0.112907
0.109756
0.106723
0.1038
0.100979
0.0982535
0.0956164
0.0930625
0.0905865
0.0881841
0.0858515
0.0835855
0.0813838
0.0792443
0.077166
0.0751481
0.0731905
0.0712933
0.0694571
0.0676827
0.0659708
0.0643224
0.0627383
0.061219
0.0597651
0.0583765
0.0570532
0.0557947
0.0546001
0.0534685
0.0523984
0.0513884
0.0504366
0.0495413
0.0487003
0.0479118
0.0471736
0.0464838
0.0458402
0.0452412
0.0446848
0.0441695
0.0436938
0.0432563
0.0428561
0.0424923
0.0421645
0.0418723
0.0416161
0.0413963
0.0412143
0.0410718
0.0409718
0.0409179
0.961694
0.892188
0.82909
0.771734
0.71953
0.67195
0.628527
0.588844
0.552528
0.519248
0.488707
0.46064
0.434812
0.41101
0.389046
0.368748
0.349964
0.332558
0.316408
0.301401
0.287438
0.274431
0.262297
0.250964
0.240364
0.230439
0.221134
0.2124
0.204191
0.196467
0.18919
0.182327
0.175847
0.169722
0.163924
0.158432
0.153221
0.148273
0.143569
0.139092
0.134825
0.130754
0.126865
0.123146
0.119584
0.116169
0.11289
0.109738
0.106703
0.103779
0.100956
0.098229
0.0955903
0.0930347
0.090557
0.0881529
0.0858185
0.0835508
0.0813474
0.0792063
0.0771265
0.0751072
0.0731484
0.0712502
0.0694132
0.0676381
0.0659259
0.0642773
0.0626933
0.0611743
0.0597208
0.058333
0.0570105
0.055753
0.0545596
0.0534292
0.0523604
0.0513518
0.0504015
0.0495076
0.0486681
0.047881
0.0471442
0.0464557
0.0458135
0.0452158
0.0446607
0.0441465
0.0436719
0.0432355
0.0428362
0.0424734
0.0421463
0.0418549
0.0415993
0.0413802
0.0411986
0.0410566
0.0409568
0.0409031
0.961694
0.892188
0.82909
0.771734
0.71953
0.67195
0.628527
0.588844
0.552528
0.519248
0.488706
0.46064
0.434812
0.41101
0.389045
0.368747
0.349963
0.332557
0.316406
0.301399
0.287436
0.274429
0.262294
0.250961
0.240361
0.230436
0.22113
0.212395
0.204186
0.196461
0.189185
0.182321
0.175841
0.169715
0.163917
0.158423
0.153213
0.148264
0.143559
0.139081
0.134813
0.130741
0.126852
0.123131
0.119568
0.116152
0.112872
0.109719
0.106683
0.103757
0.100933
0.0982039
0.0955636
0.0930063
0.0905268
0.0881209
0.0857847
0.0835153
0.0813101
0.0791674
0.077086
0.0750654
0.0731053
0.071206
0.0693682
0.0675925
0.0658798
0.0642311
0.0626471
0.0611285
0.0596755
0.0582884
0.0569668
0.0557103
0.0545181
0.053389
0.0523216
0.0513144
0.0503655
0.0494731
0.0486351
0.0478494
0.0471141
0.046427
0.0457862
0.0451898
0.0446359
0.044123
0.0436495
0.0432141
0.0428159
0.042454
0.0421278
0.0418371
0.0415822
0.0413636
0.0411826
0.041041
0.0409415
0.0408879
0.961694
0.892188
0.82909
0.771734
0.71953
0.67195
0.628527
0.588844
0.552528
0.519247
0.488706
0.46064
0.434811
0.411009
0.389044
0.368745
0.349962
0.332556
0.316404
0.301397
0.287434
0.274426
0.262292
0.250958
0.240358
0.230432
0.221126
0.212391
0.204181
0.196456
0.189179
0.182315
0.175834
0.169708
0.163909
0.158415
0.153204
0.148255
0.143549
0.13907
0.134801
0.130729
0.126838
0.123117
0.119553
0.116135
0.112854
0.109699
0.106662
0.103735
0.100909
0.0981785
0.0955364
0.0929773
0.0904961
0.0880883
0.0857503
0.083479
0.0812721
0.0791277
0.0770448
0.0750227
0.0730613
0.0711609
0.0693222
0.0675459
0.0658329
0.064184
0.0626001
0.0610817
0.0596293
0.0582429
0.0569222
0.0556668
0.0544758
0.053348
0.052282
0.0512762
0.0503289
0.0494379
0.0486014
0.0478173
0.0470834
0.0463978
0.0457584
0.0451633
0.0446107
0.044099
0.0436267
0.0431924
0.0427952
0.0424342
0.0421088
0.041819
0.0415648
0.0413468
0.0411662
0.041025
0.0409259
0.0408724
0.961694
0.892188
0.82909
0.771734
0.71953
0.67195
0.628527
0.588844
0.552528
0.519247
0.488706
0.460639
0.434811
0.411008
0.389043
0.368744
0.34996
0.332554
0.316402
0.301395
0.287432
0.274423
0.262289
0.250954
0.240354
0.230428
0.221122
0.212386
0.204176
0.196451
0.189173
0.182309
0.175828
0.1697
0.163901
0.158407
0.153195
0.148245
0.143539
0.139059
0.134789
0.130716
0.126824
0.123102
0.119537
0.116118
0.112836
0.109679
0.106641
0.103712
0.100885
0.0981526
0.0955088
0.0929479
0.0904648
0.0880552
0.0857153
0.0834422
0.0812334
0.0790873
0.0770028
0.0749792
0.0730165
0.0711151
0.0692755
0.0674985
0.0657851
0.064136
0.0625522
0.0610342
0.0595823
0.0581966
0.0568769
0.0556226
0.0544328
0.0533063
0.0522417
0.0512374
0.0502916
0.0494022
0.0485672
0.0477846
0.0470523
0.0463681
0.0457302
0.0451364
0.0445851
0.0440747
0.0436035
0.0431703
0.0427741
0.0424141
0.0420896
0.0418005
0.041547
0.0413297
0.0411496
0.0410088
0.0409099
0.0408567
0.961694
0.892188
0.82909
0.771735
0.71953
0.67195
0.628527
0.588844
0.552528
0.519247
0.488706
0.460639
0.43481
0.411008
0.389042
0.368743
0.349959
0.332552
0.316401
0.301393
0.287429
0.274421
0.262286
0.250951
0.240351
0.230424
0.221118
0.212382
0.204171
0.196445
0.189167
0.182303
0.175821
0.169693
0.163893
0.158398
0.153186
0.148235
0.143528
0.139048
0.134777
0.130703
0.12681
0.123087
0.119521
0.116101
0.112817
0.10966
0.10662
0.103689
0.10086
0.0981264
0.0954809
0.0929181
0.0904332
0.0880216
0.0856798
0.0834048
0.0811942
0.0790464
0.0769602
0.0749351
0.0729711
0.0710686
0.069228
0.0674504
0.0657366
0.0640874
0.0625037
0.060986
0.0595347
0.0581498
0.056831
0.0555778
0.0543892
0.0532641
0.052201
0.0511982
0.0502539
0.049366
0.0485326
0.0477516
0.0470208
0.0463381
0.0457015
0.0451092
0.0445592
0.04405
0.04358
0.043148
0.0427528
0.0423937
0.0420701
0.0417818
0.041529
0.0413123
0.0411328
0.0409924
0.0408938
0.0408407
0.961694
0.892188
0.82909
0.771735
0.71953
0.67195
0.628527
0.588844
0.552527
0.519247
0.488705
0.460638
0.434809
0.411007
0.389041
0.368742
0.349957
0.332551
0.316399
0.301391
0.287427
0.274418
0.262283
0.250948
0.240347
0.23042
0.221113
0.212377
0.204166
0.19644
0.189161
0.182296
0.175814
0.169686
0.163886
0.15839
0.153177
0.148225
0.143518
0.139036
0.134765
0.13069
0.126796
0.123072
0.119505
0.116084
0.112798
0.10964
0.106598
0.103666
0.100836
0.0981001
0.0954528
0.0928881
0.0904012
0.0879878
0.085644
0.0833671
0.0811546
0.079005
0.0769171
0.0748906
0.0729252
0.0710215
0.0691801
0.0674018
0.0656876
0.0640383
0.0624546
0.0609373
0.0594865
0.0581024
0.0567846
0.0555325
0.0543452
0.0532214
0.0521598
0.0511585
0.0502158
0.0493295
0.0484977
0.0477182
0.0469889
0.0463077
0.0456727
0.0450817
0.0445331
0.0440251
0.0435563
0.0431254
0.0427313
0.0423731
0.0420504
0.041763
0.0415109
0.0412947
0.0411157
0.0409758
0.0408775
0.0408245
0.961694
0.892189
0.82909
0.771735
0.71953
0.67195
0.628527
0.588844
0.552527
0.519246
0.488705
0.460638
0.434809
0.411006
0.38904
0.368741
0.349956
0.332549
0.316397
0.301388
0.287424
0.274415
0.26228
0.250944
0.240343
0.230416
0.221109
0.212372
0.204161
0.196434
0.189155
0.18229
0.175807
0.169678
0.163878
0.158381
0.153167
0.148216
0.143507
0.139025
0.134753
0.130677
0.126782
0.123057
0.119488
0.116066
0.11278
0.10962
0.106577
0.103643
0.100811
0.0980737
0.0954245
0.092858
0.0903692
0.0879537
0.085608
0.0833292
0.0811148
0.0789634
0.0768738
0.0748457
0.072879
0.0709742
0.0691318
0.0673529
0.0656382
0.0639887
0.0624052
0.0608882
0.059438
0.0580547
0.0567379
0.0554869
0.0543009
0.0531785
0.0521183
0.0511186
0.0501774
0.0492927
0.0484625
0.0476846
0.0469569
0.0462772
0.0456436
0.045054
0.0445068
0.0440001
0.0435325
0.0431027
0.0427096
0.0423524
0.0420306
0.0417439
0.0414925
0.041277
0.0410986
0.040959
0.040861
0.0408082
0.961694
0.892189
0.829091
0.771735
0.71953
0.67195
0.628527
0.588844
0.552527
0.519246
0.488704
0.460637
0.434808
0.411005
0.389039
0.368739
0.349954
0.332547
0.316394
0.301386
0.287422
0.274412
0.262276
0.250941
0.240339
0.230412
0.221104
0.212367
0.204156
0.196429
0.189149
0.182283
0.1758
0.169671
0.16387
0.158373
0.153158
0.148206
0.143497
0.139014
0.134741
0.130664
0.126768
0.123042
0.119472
0.116049
0.112761
0.1096
0.106555
0.10362
0.100786
0.0980473
0.0953962
0.0928278
0.0903371
0.0879197
0.085572
0.0832911
0.0810749
0.0789216
0.0768304
0.0748007
0.0728326
0.0709266
0.0690834
0.0673037
0.0655887
0.063939
0.0623556
0.0608389
0.0593894
0.0580068
0.056691
0.0554412
0.0542564
0.0531354
0.0520767
0.0510786
0.050139
0.0492559
0.0484273
0.047651
0.0469248
0.0462466
0.0456145
0.0450263
0.0444804
0.043975
0.0435086
0.0430799
0.0426879
0.0423317
0.0420107
0.0417248
0.0414742
0.0412593
0.0410813
0.0409421
0.0408444
0.0407918
0.961694
0.892189
0.829091
0.771735
0.71953
0.67195
0.628527
0.588843
0.552527
0.519246
0.488704
0.460636
0.434807
0.411004
0.389037
0.368738
0.349953
0.332545
0.316392
0.301383
0.287419
0.274409
0.262273
0.250937
0.240335
0.230408
0.2211
0.212362
0.20415
0.196423
0.189143
0.182277
0.175793
0.169663
0.163862
0.158364
0.153149
0.148196
0.143486
0.139003
0.134729
0.130651
0.126755
0.123027
0.119456
0.116032
0.112743
0.10958
0.106534
0.103597
0.100762
0.098021
0.0953681
0.0927978
0.0903051
0.0878857
0.085536
0.0832532
0.081035
0.0788799
0.0767869
0.0747557
0.0727863
0.0708791
0.0690349
0.0672546
0.0655391
0.0638893
0.062306
0.0607897
0.0593407
0.0579589
0.0566441
0.0553954
0.054212
0.0530924
0.0520352
0.0510385
0.0501005
0.0492191
0.048392
0.0476173
0.0468927
0.046216
0.0455853
0.0449986
0.044454
0.0439499
0.0434847
0.0430571
0.0426661
0.0423109
0.0419908
0.0417057
0.0414558
0.0412415
0.041064
0.0409253
0.0408278
0.0407754
0.961694
0.892189
0.829091
0.771735
0.71953
0.67195
0.628527
0.588843
0.552527
0.519245
0.488703
0.460636
0.434806
0.411003
0.389036
0.368736
0.349951
0.332543
0.31639
0.301381
0.287416
0.274406
0.26227
0.250934
0.240331
0.230404
0.221095
0.212357
0.204145
0.196417
0.189137
0.18227
0.175786
0.169656
0.163854
0.158356
0.15314
0.148186
0.143476
0.138992
0.134717
0.130638
0.126741
0.123012
0.119441
0.116015
0.112725
0.10956
0.106513
0.103575
0.100738
0.0979949
0.0953402
0.092768
0.0902733
0.0878519
0.0855002
0.0832154
0.0809953
0.0788384
0.0767437
0.0747109
0.0727401
0.0708317
0.0689866
0.0672056
0.0654897
0.0638398
0.0622565
0.0607406
0.0592922
0.0579112
0.0565974
0.0553499
0.0541677
0.0530495
0.0519938
0.0509987
0.0500623
0.0491824
0.048357
0.0475838
0.0468607
0.0461856
0.0455564
0.044971
0.0444277
0.0439249
0.0434609
0.0430344
0.0426445
0.0422902
0.041971
0.0416867
0.0414374
0.0412237
0.0410468
0.0409084
0.0408113
0.040759
0.961694
0.892189
0.829091
0.771735
0.71953
0.67195
0.628527
0.588843
0.552526
0.519245
0.488703
0.460635
0.434805
0.411001
0.389034
0.368734
0.349949
0.332541
0.316387
0.301378
0.287413
0.274403
0.262266
0.25093
0.240327
0.230399
0.221091
0.212353
0.20414
0.196412
0.189131
0.182264
0.175779
0.169649
0.163846
0.158348
0.153131
0.148177
0.143466
0.138981
0.134706
0.130626
0.126728
0.122998
0.119425
0.115998
0.112707
0.109541
0.106492
0.103552
0.100714
0.0979692
0.0953127
0.0927385
0.0902419
0.0878185
0.0854648
0.083178
0.080956
0.0787972
0.0767008
0.0746665
0.0726943
0.0707848
0.0689387
0.0671571
0.0654407
0.0637906
0.0622075
0.0606919
0.0592441
0.0578639
0.0565511
0.0553047
0.0541238
0.053007
0.0519528
0.0509592
0.0500243
0.0491461
0.0483222
0.0475506
0.0468291
0.0461554
0.0455276
0.0449437
0.0444017
0.0439001
0.0434372
0.0430119
0.042623
0.0422696
0.0419513
0.0416678
0.0414192
0.0412061
0.0410296
0.0408916
0.0407948
0.0407427
0.961694
0.892189
0.829091
0.771735
0.71953
0.67195
0.628527
0.588843
0.552526
0.519244
0.488702
0.460634
0.434804
0.411
0.389033
0.368733
0.349947
0.332539
0.316385
0.301375
0.28741
0.2744
0.262263
0.250926
0.240323
0.230395
0.221086
0.212348
0.204135
0.196406
0.189125
0.182258
0.175773
0.169642
0.163839
0.15834
0.153123
0.148168
0.143456
0.13897
0.134694
0.130614
0.126715
0.122984
0.11941
0.115982
0.112689
0.109522
0.106472
0.103531
0.10069
0.097944
0.0952856
0.0927096
0.090211
0.0877856
0.08543
0.0831412
0.0809173
0.0787567
0.0766586
0.0746226
0.0726491
0.0707384
0.0688914
0.0671091
0.0653923
0.0637421
0.0621591
0.0606438
0.0591966
0.0578172
0.0565053
0.0552601
0.0540805
0.0529651
0.0519123
0.0509202
0.0499869
0.0491102
0.0482879
0.0475179
0.0467978
0.0461257
0.0454993
0.0449167
0.044376
0.0438756
0.0434139
0.0429897
0.0426017
0.0422493
0.0419318
0.041649
0.0414011
0.0411886
0.0410126
0.040875
0.0407784
0.0407265
0.961694
0.892189
0.829091
0.771735
0.71953
0.67195
0.628527
0.588843
0.552525
0.519244
0.488701
0.460633
0.434803
0.410999
0.389031
0.368731
0.349945
0.332536
0.316382
0.301373
0.287407
0.274396
0.262259
0.250922
0.240319
0.230391
0.221081
0.212343
0.204129
0.196401
0.189119
0.182252
0.175766
0.169635
0.163831
0.158332
0.153114
0.148159
0.143446
0.13896
0.134683
0.130602
0.126702
0.12297
0.119395
0.115966
0.112672
0.109504
0.106452
0.103509
0.100667
0.0979194
0.0952592
0.0926813
0.0901808
0.0877535
0.0853959
0.0831052
0.0808793
0.0787169
0.0766171
0.0745796
0.0726047
0.0706929
0.068845
0.067062
0.0653448
0.0636944
0.0621115
0.0605966
0.0591499
0.0577713
0.0564604
0.0552163
0.0540379
0.0529238
0.0518725
0.0508819
0.0499501
0.0490749
0.0482542
0.0474857
0.0467671
0.0460964
0.0454714
0.0448901
0.0443507
0.0438515
0.043391
0.0429678
0.0425808
0.0422293
0.0419126
0.0416306
0.0413833
0.0411713
0.0409958
0.0408586
0.0407623
0.0407105
0.961694
0.892189
0.829091
0.771735
0.71953
0.67195
0.628527
0.588842
0.552525
0.519243
0.4887
0.460632
0.434801
0.410997
0.389029
0.368729
0.349942
0.332534
0.31638
0.30137
0.287404
0.274393
0.262256
0.250918
0.240315
0.230386
0.221077
0.212338
0.204124
0.196395
0.189114
0.182246
0.17576
0.169628
0.163824
0.158324
0.153106
0.14815
0.143437
0.13895
0.134673
0.130591
0.12669
0.122957
0.119381
0.115951
0.112656
0.109486
0.106433
0.103489
0.100645
0.0978955
0.0952336
0.0926539
0.0901515
0.0877222
0.0853626
0.08307
0.0808423
0.0786781
0.0765766
0.0745376
0.0725614
0.0706484
0.0687996
0.0670159
0.0652983
0.0636477
0.0620649
0.0605504
0.0591042
0.0577264
0.0564164
0.0551734
0.0539963
0.0528836
0.0518336
0.0508445
0.0499142
0.0490405
0.0482213
0.0474542
0.0467371
0.0460678
0.0454441
0.0448642
0.044326
0.043828
0.0433685
0.0429463
0.0425603
0.0422097
0.0418938
0.0416125
0.0413658
0.0411544
0.0409794
0.0408425
0.0407464
0.0406947
0.961694
0.892189
0.829091
0.771735
0.71953
0.67195
0.628526
0.588842
0.552524
0.519242
0.488699
0.460631
0.4348
0.410995
0.389028
0.368727
0.34994
0.332531
0.316377
0.301367
0.287401
0.27439
0.262252
0.250915
0.240311
0.230382
0.221072
0.212333
0.204119
0.19639
0.189108
0.18224
0.175754
0.169621
0.163817
0.158317
0.153098
0.148142
0.143428
0.13894
0.134663
0.13058
0.126678
0.122945
0.119368
0.115936
0.11264
0.109469
0.106415
0.103469
0.100624
0.0978725
0.0952089
0.0926274
0.0901231
0.087692
0.0853305
0.083036
0.0808065
0.0786405
0.0765374
0.0744969
0.0725193
0.0706052
0.0687555
0.0669712
0.0652532
0.0636025
0.0620197
0.0605055
0.0590599
0.0576828
0.0563737
0.0551318
0.0539558
0.0528444
0.0517958
0.0508081
0.0498793
0.0490071
0.0481893
0.0474236
0.0467079
0.04604
0.0454176
0.0448389
0.044302
0.0438051
0.0433467
0.0429255
0.0425404
0.0421905
0.0418754
0.0415948
0.0413487
0.0411378
0.0409632
0.0408267
0.0407309
0.0406793
0.961694
0.892189
0.829091
0.771735
0.71953
0.67195
0.628526
0.588841
0.552524
0.519241
0.488698
0.460629
0.434798
0.410994
0.389026
0.368724
0.349938
0.332529
0.316374
0.301364
0.287398
0.274386
0.262248
0.250911
0.240307
0.230378
0.221068
0.212329
0.204115
0.196385
0.189103
0.182234
0.175748
0.169615
0.16381
0.15831
0.153091
0.148134
0.14342
0.138931
0.134653
0.130569
0.126667
0.122933
0.119355
0.115922
0.112625
0.109453
0.106397
0.10345
0.100603
0.0978506
0.0951853
0.0926021
0.090096
0.087663
0.0852997
0.0830034
0.0807721
0.0786044
0.0764997
0.0744577
0.0724788
0.0705637
0.0687131
0.0669281
0.0652097
0.0635588
0.0619762
0.0604622
0.0590172
0.0576408
0.0563326
0.0550917
0.0539169
0.0528067
0.0517594
0.0507731
0.0498456
0.0489748
0.0481584
0.0473941
0.0466798
0.0460131
0.0453921
0.0448145
0.0442787
0.0437829
0.0433255
0.0429052
0.042521
0.042172
0.0418576
0.0415776
0.0413321
0.0411217
0.0409475
0.0408113
0.0407157
0.0406643
0.961694
0.892189
0.829091
0.771735
0.71953
0.67195
0.628526
0.588841
0.552523
0.51924
0.488697
0.460628
0.434797
0.410992
0.389023
0.368722
0.349935
0.332526
0.316371
0.301361
0.287395
0.274383
0.262245
0.250907
0.240304
0.230374
0.221064
0.212324
0.20411
0.19638
0.189098
0.182229
0.175742
0.169609
0.163804
0.158303
0.153084
0.148126
0.143412
0.138923
0.134644
0.13056
0.126656
0.122921
0.119343
0.115909
0.112611
0.109438
0.106381
0.103432
0.100584
0.0978298
0.095163
0.0925781
0.0900703
0.0876355
0.0852705
0.0829724
0.0807393
0.07857
0.0764637
0.0744203
0.0724402
0.070524
0.0686725
0.0668869
0.0651681
0.0635171
0.0619345
0.0604208
0.0589763
0.0576006
0.0562932
0.0550533
0.0538796
0.0527706
0.0517245
0.0507395
0.0498133
0.0489439
0.0481288
0.0473659
0.0466528
0.0459874
0.0453675
0.0447911
0.0442564
0.0437616
0.0433052
0.0428858
0.0425024
0.0421541
0.0418404
0.041561
0.0413161
0.0411062
0.0409323
0.0407964
0.0407011
0.0406498
0.961694
0.892189
0.829091
0.771735
0.71953
0.671949
0.628525
0.58884
0.552522
0.519239
0.488695
0.460626
0.434795
0.41099
0.389021
0.36872
0.349933
0.332523
0.316368
0.301358
0.287391
0.27438
0.262241
0.250904
0.2403
0.23037
0.22106
0.21232
0.204106
0.196376
0.189093
0.182224
0.175737
0.169604
0.163798
0.158297
0.153077
0.148119
0.143404
0.138915
0.134635
0.130551
0.126647
0.122911
0.119332
0.115897
0.112598
0.109424
0.106366
0.103416
0.100566
0.0978104
0.095142
0.0925555
0.0900461
0.0876097
0.0852429
0.0829431
0.0807084
0.0785375
0.0764297
0.074385
0.0724037
0.0704864
0.0686342
0.0668479
0.0651288
0.0634775
0.061895
0.0603816
0.0589375
0.0575625
0.0562559
0.0550169
0.0538442
0.0527363
0.0516915
0.0507077
0.0497828
0.0489146
0.0481007
0.0473391
0.0466272
0.0459629
0.0453442
0.0447689
0.0442352
0.0437413
0.0432858
0.0428672
0.0424846
0.042137
0.0418239
0.0415451
0.0413007
0.0410912
0.0409177
0.0407821
0.0406869
0.0406358
0.961694
0.892189
0.829091
0.771735
0.71953
0.671949
0.628524
0.588839
0.552521
0.519238
0.488694
0.460624
0.434793
0.410988
0.389019
0.368717
0.34993
0.33252
0.316366
0.301355
0.287388
0.274376
0.262238
0.2509
0.240296
0.230366
0.221056
0.212316
0.204101
0.196371
0.189089
0.182219
0.175732
0.169599
0.163793
0.158291
0.153071
0.148113
0.143398
0.138908
0.134628
0.130542
0.126638
0.122901
0.119321
0.115886
0.112586
0.10941
0.106351
0.1034
0.10055
0.0977925
0.0951227
0.0925347
0.0900237
0.0875857
0.0852173
0.082916
0.0806797
0.0785073
0.0763981
0.0743521
0.0723696
0.0704514
0.0685984
0.0668115
0.065092
0.0634406
0.0618581
0.0603449
0.0589013
0.0575268
0.0562209
0.0549828
0.0538111
0.0527042
0.0516605
0.0506778
0.0497541
0.0488871
0.0480744
0.0473139
0.0466031
0.0459399
0.0453222
0.0447479
0.0442151
0.0437221
0.0432674
0.0428496
0.0424677
0.0421208
0.0418083
0.04153
0.041286
0.0410769
0.0409037
0.0407684
0.0406734
0.0406224
0.961694
0.892189
0.829091
0.771735
0.719529
0.671948
0.628524
0.588838
0.55252
0.519236
0.488692
0.460623
0.434791
0.410985
0.389017
0.368715
0.349928
0.332518
0.316363
0.301352
0.287385
0.274373
0.262235
0.250897
0.240293
0.230363
0.221053
0.212312
0.204098
0.196367
0.189085
0.182215
0.175727
0.169594
0.163788
0.158286
0.153066
0.148107
0.143392
0.138901
0.134621
0.130535
0.12663
0.122893
0.119312
0.115876
0.112575
0.109399
0.106339
0.103387
0.100535
0.0977763
0.0951051
0.0925158
0.0900034
0.0875639
0.085194
0.0828911
0.0806534
0.0784796
0.0763691
0.0743219
0.0723384
0.0704192
0.0685654
0.066778
0.0650581
0.0634065
0.0618241
0.0603111
0.0588678
0.0574939
0.0561887
0.0549514
0.0537805
0.0526746
0.0516319
0.0506503
0.0497276
0.0488616
0.04805
0.0472905
0.0465808
0.0459186
0.0453018
0.0447284
0.0441964
0.0437042
0.0432503
0.0428332
0.0424519
0.0421055
0.0417935
0.0415157
0.0412721
0.0410633
0.0408905
0.0407553
0.0406605
0.0406097
0.961694
0.892189
0.829091
0.771735
0.719529
0.671948
0.628523
0.588837
0.552518
0.519235
0.488691
0.460621
0.434789
0.410983
0.389015
0.368713
0.349925
0.332515
0.31636
0.301349
0.287383
0.274371
0.262232
0.250894
0.24029
0.23036
0.221049
0.212309
0.204094
0.196364
0.189081
0.182211
0.175724
0.16959
0.163784
0.158282
0.153061
0.148102
0.143386
0.138896
0.134615
0.130528
0.126623
0.122885
0.119304
0.115867
0.112565
0.109388
0.106327
0.103374
0.100521
0.0977619
0.0950895
0.0924989
0.0899852
0.0875444
0.0851731
0.0828689
0.0806298
0.0784548
0.0763431
0.0742948
0.0723102
0.0703902
0.0685357
0.0667478
0.0650275
0.0633758
0.0617933
0.0602806
0.0588376
0.0574641
0.0561595
0.0549229
0.0537528
0.0526478
0.0516059
0.0506252
0.0497035
0.0488385
0.0480278
0.0472692
0.0465604
0.045899
0.0452831
0.0447104
0.0441792
0.0436877
0.0432344
0.0428179
0.0424371
0.0420913
0.0417797
0.0415023
0.041259
0.0410506
0.040878
0.040743
0.0406484
0.0405976
0.961694
0.892189
0.829091
0.771734
0.719528
0.671947
0.628522
0.588836
0.552517
0.519233
0.488689
0.460619
0.434787
0.410981
0.389012
0.36871
0.349923
0.332513
0.316358
0.301347
0.28738
0.274368
0.26223
0.250891
0.240287
0.230357
0.221046
0.212306
0.204091
0.196361
0.189078
0.182208
0.17572
0.169586
0.16378
0.158278
0.153057
0.148098
0.143382
0.138891
0.13461
0.130523
0.126617
0.122879
0.119297
0.11586
0.112557
0.109379
0.106318
0.103364
0.10051
0.0977494
0.0950761
0.0924843
0.0899694
0.0875274
0.085155
0.0828496
0.0806093
0.0784331
0.0763203
0.074271
0.0722856
0.0703648
0.0685097
0.0667213
0.0650007
0.0633488
0.0617663
0.0602536
0.0588109
0.0574379
0.0561338
0.0548977
0.0537284
0.052624
0.051583
0.0506031
0.0496821
0.0488179
0.048008
0.0472502
0.0465421
0.0458815
0.0452662
0.0446943
0.0441637
0.0436727
0.0432199
0.0428039
0.0424236
0.0420782
0.041767
0.0414899
0.0412469
0.0410387
0.0408663
0.0407315
0.040637
0.0405863
0.961694
0.892189
0.829091
0.771734
0.719528
0.671946
0.628521
0.588835
0.552516
0.519232
0.488687
0.460617
0.434785
0.410979
0.38901
0.368708
0.349921
0.332511
0.316356
0.301345
0.287378
0.274366
0.262227
0.250889
0.240285
0.230355
0.221044
0.212304
0.204089
0.196358
0.189075
0.182205
0.175717
0.169583
0.163777
0.158274
0.153054
0.148094
0.143378
0.138887
0.134605
0.130518
0.126612
0.122874
0.119291
0.115854
0.11255
0.109372
0.10631
0.103355
0.100501
0.0977392
0.0950649
0.0924722
0.0899563
0.0875133
0.0851398
0.0828334
0.0805921
0.0784149
0.0763012
0.074251
0.0722648
0.0703434
0.0684877
0.0666989
0.0649779
0.0633258
0.0617433
0.0602307
0.0587882
0.0574155
0.0561118
0.0548762
0.0537074
0.0526037
0.0515632
0.050584
0.0496637
0.0488001
0.0479909
0.0472337
0.0465262
0.0458662
0.0452515
0.04468
0.0441499
0.0436594
0.0432071
0.0427914
0.0424115
0.0420663
0.0417554
0.0414786
0.0412358
0.0410277
0.0408555
0.0407208
0.0406264
0.0405759
0.961694
0.892189
0.82909
0.771733
0.719527
0.671945
0.62852
0.588834
0.552514
0.519231
0.488686
0.460616
0.434784
0.410978
0.389009
0.368707
0.349919
0.332509
0.316354
0.301343
0.287376
0.274364
0.262225
0.250887
0.240283
0.230353
0.221042
0.212302
0.204087
0.196356
0.189073
0.182203
0.175715
0.169581
0.163775
0.158272
0.153051
0.148092
0.143375
0.138884
0.134602
0.130515
0.126608
0.12287
0.119287
0.115849
0.112545
0.109367
0.106304
0.103348
0.100493
0.0977311
0.0950561
0.0924627
0.089946
0.0875021
0.0851278
0.0828205
0.0805784
0.0784004
0.0762859
0.074235
0.0722482
0.0703262
0.0684701
0.0666808
0.0649596
0.0633073
0.0617246
0.0602121
0.0587697
0.0573972
0.0560939
0.0548587
0.0536903
0.0525871
0.0515471
0.0505683
0.0496486
0.0487855
0.0479767
0.04722
0.0465129
0.0458533
0.045239
0.0446679
0.0441381
0.043648
0.0431959
0.0427805
0.0424008
0.0420559
0.0417452
0.0414685
0.0412258
0.0410179
0.0408458
0.0407112
0.0406169
0.0405665
0.961694
0.892189
0.82909
0.771733
0.719526
0.671945
0.628519
0.588833
0.552513
0.519229
0.488685
0.460614
0.434782
0.410976
0.389007
0.368705
0.349918
0.332508
0.316352
0.301341
0.287375
0.274362
0.262224
0.250886
0.240281
0.230351
0.221041
0.2123
0.204085
0.196355
0.189071
0.182201
0.175713
0.169579
0.163773
0.15827
0.153049
0.14809
0.143373
0.138882
0.1346
0.130512
0.126606
0.122867
0.119284
0.115845
0.112542
0.109362
0.106299
0.103344
0.100488
0.0977253
0.0950498
0.0924558
0.0899385
0.087494
0.085119
0.0828111
0.0805683
0.0783897
0.0762746
0.0742232
0.0722359
0.0703135
0.0684569
0.0666673
0.0649458
0.0632933
0.0617105
0.060198
0.0587557
0.0573834
0.0560804
0.0548455
0.0536774
0.0525744
0.0515348
0.0505563
0.0496369
0.0487741
0.0479657
0.0472092
0.0465024
0.0458431
0.045229
0.0446581
0.0441285
0.0436386
0.0431867
0.0427715
0.0423919
0.0420471
0.0417364
0.0414598
0.0412173
0.0410094
0.0408374
0.0407029
0.0406088
0.0405585
0.961694
0.892189
0.82909
0.771733
0.719526
0.671944
0.628518
0.588832
0.552512
0.519228
0.488684
0.460613
0.434781
0.410975
0.389006
0.368704
0.349917
0.332507
0.316351
0.30134
0.287374
0.274361
0.262223
0.250885
0.24028
0.23035
0.22104
0.212299
0.204084
0.196354
0.18907
0.1822
0.175712
0.169578
0.163772
0.158269
0.153048
0.148089
0.143372
0.13888
0.134598
0.130511
0.126604
0.122865
0.119282
0.115843
0.112539
0.10936
0.106296
0.10334
0.100484
0.0977215
0.0950456
0.0924512
0.0899335
0.0874886
0.0851132
0.0828048
0.0805616
0.0783826
0.0762671
0.0742153
0.0722277
0.070305
0.0684481
0.0666583
0.0649364
0.0632837
0.0617009
0.0601883
0.0587461
0.057374
0.0560711
0.0548364
0.0536685
0.0525658
0.0515263
0.0505481
0.0496288
0.0487662
0.0479579
0.0472016
0.0464949
0.0458357
0.0452217
0.0446509
0.0441214
0.0436315
0.0431797
0.0427645
0.042385
0.0420402
0.0417296
0.041453
0.0412105
0.0410026
0.0408306
0.0406963
0.0406023
0.0405523
0.961694
0.892189
0.82909
0.771732
0.719526
0.671944
0.628518
0.588831
0.552512
0.519228
0.488683
0.460613
0.434781
0.410975
0.389006
0.368704
0.349916
0.332506
0.316351
0.30134
0.287373
0.274361
0.262222
0.250884
0.24028
0.23035
0.221039
0.212299
0.204084
0.196353
0.18907
0.1822
0.175712
0.169578
0.163771
0.158268
0.153047
0.148088
0.143371
0.138879
0.134597
0.13051
0.126603
0.122864
0.11928
0.115842
0.112538
0.109358
0.106295
0.103338
0.100482
0.0977192
0.0950431
0.0924484
0.0899305
0.0874854
0.0851097
0.0828011
0.0805577
0.0783784
0.0762628
0.0742108
0.072223
0.0703001
0.0684432
0.066653
0.0649309
0.063278
0.061695
0.0601825
0.0587404
0.0573685
0.0560659
0.0548314
0.0536637
0.0525611
0.0515217
0.0505435
0.0496243
0.0487618
0.0479535
0.0471972
0.0464906
0.0458314
0.0452174
0.0446466
0.0441171
0.0436271
0.0431752
0.0427601
0.0423805
0.0420357
0.041725
0.0414484
0.0412059
0.0409981
0.0408261
0.0406919
0.0405981
0.0405483
)
;

boundaryField
{
    inlet
    {
        type            fixedValue;
        value           uniform 1;
    }
    outlet
    {
        type            inletOutlet;
        inletValue      uniform 1;
        value           nonuniform List<scalar> 
100
(
0.0406205
0.0406219
0.0406248
0.040629
0.0406345
0.0406411
0.0406489
0.0406577
0.0406675
0.0406781
0.0406895
0.0407017
0.0407145
0.0407278
0.0407417
0.0407559
0.0407704
0.0407852
0.0408001
0.0408151
0.0408302
0.0408453
0.0408603
0.0408752
0.0408899
0.0409044
0.0409186
0.0409325
0.040946
0.0409592
0.040972
0.0409843
0.0409961
0.0410074
0.0410182
0.0410284
0.0410381
0.0410471
0.0410555
0.0410632
0.0410702
0.0410766
0.0410823
0.0410873
0.0410915
0.041095
0.0410978
0.0410998
0.041101
0.0411015
0.0411012
0.0411002
0.0410984
0.0410958
0.0410925
0.0410885
0.0410837
0.0410781
0.0410719
0.0410649
0.0410572
0.0410489
0.0410399
0.0410302
0.0410199
0.041009
0.0409976
0.0409855
0.040973
0.0409599
0.0409463
0.0409323
0.0409179
0.0409031
0.0408879
0.0408724
0.0408567
0.0408407
0.0408245
0.0408082
0.0407918
0.0407754
0.040759
0.0407427
0.0407265
0.0407105
0.0406947
0.0406793
0.0406643
0.0406498
0.0406358
0.0406224
0.0406097
0.0405976
0.0405863
0.0405759
0.0405665
0.0405585
0.0405523
0.0405483
)
;
    }
    ground
    {
        type            empty;
    }
    top
    {
        type            empty;
    }
    front
    {
        type            inletOutlet;
        inletValue      uniform 1;
        value           nonuniform List<scalar> 
100
(
0.961694
0.892189
0.82909
0.771732
0.719526
0.671944
0.628518
0.588831
0.552512
0.519228
0.488683
0.460613
0.434781
0.410975
0.389006
0.368703
0.349916
0.332506
0.31635
0.301339
0.287372
0.27436
0.262221
0.250883
0.240279
0.230348
0.221037
0.212297
0.204082
0.196351
0.189067
0.182197
0.175709
0.169574
0.163767
0.158264
0.153042
0.148082
0.143365
0.138873
0.13459
0.130501
0.126593
0.122853
0.119269
0.115829
0.112524
0.109343
0.106278
0.10332
0.100462
0.0976969
0.0950188
0.0924221
0.0899021
0.0874548
0.085077
0.0827663
0.0805209
0.0783398
0.0762225
0.0741691
0.0721801
0.0702565
0.0683991
0.066609
0.0648875
0.0632355
0.061654
0.0601434
0.0587038
0.0573348
0.0560355
0.0548048
0.0536411
0.0525428
0.0515081
0.0505347
0.0496205
0.048763
0.0479599
0.0472089
0.0465074
0.0458533
0.0452444
0.0446786
0.0441539
0.0436686
0.0432212
0.0428102
0.0424346
0.0420934
0.0417862
0.0415126
0.0412728
0.0410672
0.040897
0.0407639
0.0406705
0.0406205
)
;
    }
    back
    {
        type            inletOutlet;
        inletValue      uniform 1;
        value           nonuniform List<scalar> 
100
(
0.961694
0.892189
0.82909
0.771732
0.719526
0.671944
0.628518
0.588831
0.552512
0.519228
0.488683
0.460613
0.434781
0.410975
0.389006
0.368704
0.349916
0.332506
0.316351
0.30134
0.287373
0.274361
0.262222
0.250884
0.24028
0.23035
0.221039
0.212299
0.204084
0.196353
0.18907
0.1822
0.175712
0.169578
0.163771
0.158268
0.153047
0.148088
0.143371
0.138879
0.134597
0.13051
0.126603
0.122864
0.11928
0.115842
0.112538
0.109358
0.106295
0.103338
0.100482
0.0977192
0.0950431
0.0924484
0.0899305
0.0874854
0.0851097
0.0828011
0.0805577
0.0783784
0.0762628
0.0742108
0.072223
0.0703001
0.0684432
0.066653
0.0649309
0.063278
0.061695
0.0601825
0.0587404
0.0573685
0.0560659
0.0548314
0.0536637
0.0525611
0.0515217
0.0505435
0.0496243
0.0487618
0.0479535
0.0471972
0.0464906
0.0458314
0.0452174
0.0446466
0.0441171
0.0436271
0.0431752
0.0427601
0.0423805
0.0420357
0.041725
0.0414484
0.0412059
0.0409981
0.0408261
0.0406919
0.0405981
0.0405483
)
;
    }
}


// ************************************************************************* //
