/*--------------------------------*- C++ -*----------------------------------*\
  =========                 |
  \\      /  F ield         | OpenFOAM: The Open Source CFD Toolbox
   \\    /   O peration     | Website:  https://openfoam.org
    \\  /    A nd           | Version:  11
     \\/     M anipulation  |
\*---------------------------------------------------------------------------*/
FoamFile
{
    format      ascii;
    class       volScalarField;
    location    "130";
    object      omega;
}
// * * * * * * * * * * * * * * * * * * * * * * * * * * * * * * * * * * * * * //

dimensions      [0 0 -1 0 0 0 0];

internalField   nonuniform List<scalar> 
10000
(
0.961705
0.89221
0.829107
0.77173
0.719485
0.671845
0.628338
0.588545
0.55209
0.51864
0.487893
0.459581
0.433462
0.409321
0.386962
0.36621
0.346908
0.328914
0.312103
0.296361
0.281591
0.267704
0.254626
0.242295
0.230659
0.219676
0.209312
0.199544
0.190351
0.181718
0.173632
0.16608
0.159049
0.152523
0.146485
0.140915
0.13579
0.131087
0.126782
0.122848
0.11926
0.115994
0.113023
0.110326
0.107878
0.105658
0.103647
0.101826
0.100178
0.0986872
0.0973397
0.0961224
0.0950232
0.0940313
0.0931367
0.0923304
0.0916041
0.0909502
0.090362
0.0898332
0.089358
0.0889314
0.0885487
0.0882055
0.0878979
0.0876224
0.0873759
0.0871552
0.0869579
0.0867814
0.0866237
0.0864826
0.0863565
0.0862438
0.0861429
0.0860525
0.0859715
0.0858989
0.0858337
0.085775
0.0857222
0.0856744
0.0856313
0.0855921
0.0855566
0.0855242
0.0854947
0.0854677
0.085443
0.0854204
0.0853997
0.0853807
0.0853636
0.0853481
0.0853343
0.0853222
0.0853121
0.085304
0.0852981
0.0852946
0.961705
0.892211
0.829109
0.771732
0.719488
0.671848
0.628342
0.588549
0.552095
0.518645
0.487898
0.459586
0.433468
0.409327
0.386969
0.366217
0.346916
0.328923
0.312113
0.296373
0.281603
0.267717
0.254641
0.242312
0.230677
0.219695
0.209334
0.199566
0.190375
0.181743
0.173658
0.166106
0.159075
0.152549
0.14651
0.140939
0.135814
0.131111
0.126805
0.12287
0.119282
0.116014
0.113043
0.110343
0.107894
0.105673
0.103661
0.101839
0.100189
0.0986979
0.0973496
0.0961315
0.0950316
0.0940391
0.0931439
0.0923371
0.0916102
0.0909559
0.0903672
0.089838
0.0893625
0.0889355
0.0885525
0.088209
0.0879011
0.0876254
0.0873786
0.0871577
0.0869602
0.0867836
0.0866256
0.0864844
0.0863582
0.0862453
0.0861442
0.0860538
0.0859727
0.0859
0.0858347
0.0857759
0.085723
0.0856752
0.085632
0.0855928
0.0855572
0.0855247
0.0854952
0.0854681
0.0854434
0.0854207
0.0854
0.085381
0.0853638
0.0853483
0.0853345
0.0853224
0.0853123
0.0853041
0.0852982
0.0852948
0.961705
0.892212
0.829111
0.771736
0.719493
0.671854
0.628349
0.588557
0.552103
0.518654
0.487908
0.459597
0.433479
0.409339
0.386981
0.366231
0.346931
0.328939
0.31213
0.296392
0.281624
0.267741
0.254667
0.24234
0.230708
0.219728
0.209369
0.199604
0.190414
0.181784
0.1737
0.166149
0.159118
0.152591
0.146552
0.14098
0.135854
0.131149
0.126842
0.122905
0.119315
0.116046
0.113073
0.110372
0.10792
0.105697
0.103683
0.101859
0.100208
0.0987151
0.0973655
0.0961461
0.095045
0.0940514
0.0931552
0.0923473
0.0916196
0.0909645
0.0903751
0.0898452
0.089369
0.0889415
0.0885579
0.0882139
0.0879056
0.0876295
0.0873823
0.0871611
0.0869632
0.0867863
0.0866281
0.0864867
0.0863602
0.0862471
0.0861459
0.0860553
0.0859741
0.0859012
0.0858358
0.0857769
0.0857239
0.085676
0.0856327
0.0855935
0.0855578
0.0855253
0.0854957
0.0854686
0.0854438
0.0854211
0.0854004
0.0853814
0.0853642
0.0853487
0.0853348
0.0853228
0.0853126
0.0853045
0.0852986
0.0852951
0.961705
0.892213
0.829114
0.77174
0.719499
0.671861
0.628357
0.588566
0.552114
0.518666
0.487921
0.459611
0.433494
0.409355
0.386999
0.36625
0.346951
0.328961
0.312155
0.296418
0.281653
0.267773
0.254702
0.242379
0.23075
0.219774
0.209418
0.199656
0.190469
0.18184
0.173758
0.166208
0.159177
0.15265
0.14661
0.141037
0.135908
0.131202
0.126892
0.122954
0.119361
0.116089
0.113113
0.110409
0.107955
0.10573
0.103713
0.101887
0.100234
0.0987387
0.0973871
0.0961659
0.0950632
0.094068
0.0931704
0.0923612
0.0916323
0.090976
0.0903856
0.0898547
0.0893777
0.0889493
0.088565
0.0882203
0.0879114
0.0876347
0.087387
0.0871653
0.0869671
0.0867897
0.0866312
0.0864895
0.0863627
0.0862493
0.0861479
0.0860571
0.0859757
0.0859027
0.0858371
0.0857781
0.085725
0.085677
0.0856336
0.0855943
0.0855585
0.085526
0.0854963
0.0854692
0.0854444
0.0854217
0.0854009
0.0853819
0.0853647
0.0853491
0.0853353
0.0853233
0.0853131
0.085305
0.0852991
0.0852956
0.961705
0.892214
0.829116
0.771744
0.719505
0.671869
0.628367
0.588577
0.552127
0.51868
0.487936
0.459627
0.433513
0.409375
0.38702
0.366273
0.346977
0.32899
0.312186
0.296452
0.281691
0.267814
0.254748
0.242428
0.230804
0.219832
0.20948
0.199722
0.190537
0.181912
0.173831
0.166282
0.159251
0.152724
0.146682
0.141108
0.135977
0.131268
0.126956
0.123014
0.119418
0.116143
0.113164
0.110457
0.107999
0.105771
0.103751
0.101922
0.100266
0.0987683
0.0974143
0.0961908
0.095086
0.0940889
0.0931894
0.0923786
0.0916481
0.0909905
0.0903987
0.0898666
0.0893885
0.0889591
0.0885738
0.0882283
0.0879186
0.0876412
0.0873928
0.0871706
0.0869717
0.0867939
0.086635
0.0864928
0.0863657
0.086252
0.0861503
0.0860592
0.0859776
0.0859044
0.0858386
0.0857795
0.0857262
0.0856781
0.0856346
0.0855952
0.0855594
0.0855268
0.0854971
0.0854699
0.085445
0.0854223
0.0854015
0.0853825
0.0853653
0.0853497
0.0853359
0.0853238
0.0853137
0.0853056
0.0852997
0.0852962
0.961705
0.892214
0.829118
0.771748
0.71951
0.671876
0.628376
0.588589
0.55214
0.518695
0.487953
0.459646
0.433533
0.409398
0.387045
0.366301
0.347007
0.329023
0.312222
0.296493
0.281735
0.267863
0.254801
0.242487
0.230867
0.219901
0.209553
0.199799
0.190619
0.181996
0.173917
0.166369
0.159339
0.152811
0.146768
0.141191
0.136058
0.131346
0.12703
0.123085
0.119486
0.116207
0.113223
0.110512
0.108051
0.105819
0.103795
0.101963
0.100304
0.0988032
0.0974463
0.0962203
0.095113
0.0941135
0.093212
0.0923992
0.0916668
0.0910075
0.0904141
0.0898806
0.0894011
0.0889706
0.0885842
0.0882376
0.087927
0.0876487
0.0873996
0.0871766
0.0869772
0.0867988
0.0866393
0.0864967
0.0863691
0.0862551
0.086153
0.0860616
0.0859797
0.0859063
0.0858403
0.085781
0.0857275
0.0856793
0.0856357
0.0855962
0.0855603
0.0855276
0.0854978
0.0854706
0.0854458
0.085423
0.0854022
0.0853832
0.0853659
0.0853504
0.0853366
0.0853245
0.0853144
0.0853063
0.0853004
0.085297
0.961705
0.892214
0.829119
0.77175
0.719514
0.671883
0.628385
0.5886
0.552153
0.51871
0.487971
0.459666
0.433556
0.409423
0.387073
0.366331
0.347041
0.32906
0.312264
0.296539
0.281786
0.267919
0.254863
0.242554
0.23094
0.219979
0.209637
0.199887
0.190711
0.182091
0.174015
0.166468
0.159438
0.15291
0.146866
0.141286
0.13615
0.131435
0.127115
0.123166
0.119562
0.116278
0.113291
0.110575
0.10811
0.105873
0.103846
0.102009
0.100347
0.0988429
0.0974828
0.0962537
0.0951436
0.0941416
0.0932376
0.0924225
0.0916881
0.0910268
0.0904317
0.0898965
0.0894155
0.0889836
0.0885959
0.0882482
0.0879365
0.0876572
0.0874072
0.0871834
0.0869832
0.0868042
0.0866441
0.0865009
0.0863729
0.0862584
0.086156
0.0860643
0.0859821
0.0859083
0.0858421
0.0857826
0.085729
0.0856806
0.0856369
0.0855972
0.0855613
0.0855285
0.0854987
0.0854714
0.0854465
0.0854237
0.0854029
0.0853839
0.0853667
0.0853511
0.0853373
0.0853253
0.0853152
0.0853071
0.0853012
0.0852978
0.961705
0.892214
0.829119
0.771752
0.719518
0.671888
0.628392
0.58861
0.552166
0.518726
0.487989
0.459687
0.433579
0.409449
0.387102
0.366364
0.347077
0.329101
0.312309
0.296589
0.281842
0.26798
0.25493
0.242628
0.23102
0.220065
0.209729
0.199985
0.190813
0.182197
0.174123
0.166578
0.159548
0.153019
0.146973
0.141391
0.136252
0.131532
0.127208
0.123255
0.119646
0.116358
0.113365
0.110645
0.108175
0.105934
0.103902
0.102061
0.100395
0.0988867
0.0975231
0.0962907
0.0951775
0.0941726
0.0932659
0.0924483
0.0917116
0.0910482
0.0904511
0.089914
0.0894314
0.0889979
0.0886088
0.0882598
0.0879469
0.0876666
0.0874155
0.0871909
0.0869899
0.0868101
0.0866493
0.0865056
0.086377
0.0862621
0.0861592
0.0860671
0.0859845
0.0859105
0.0858441
0.0857843
0.0857305
0.085682
0.0856381
0.0855983
0.0855623
0.0855294
0.0854995
0.0854723
0.0854473
0.0854245
0.0854037
0.0853847
0.0853674
0.0853519
0.0853381
0.0853261
0.085316
0.085308
0.0853021
0.0852986
0.961704
0.892214
0.829119
0.771753
0.71952
0.671893
0.628399
0.588619
0.552178
0.51874
0.488006
0.459707
0.433603
0.409476
0.387133
0.366399
0.347116
0.329144
0.312357
0.296643
0.281902
0.268047
0.255003
0.242707
0.231107
0.220158
0.209828
0.20009
0.190923
0.182311
0.174239
0.166696
0.159666
0.153136
0.147088
0.141504
0.136361
0.131638
0.127309
0.123351
0.119737
0.116443
0.113445
0.11072
0.108245
0.105999
0.103962
0.102117
0.100446
0.0989343
0.0975669
0.0963309
0.0952143
0.0942062
0.0932966
0.0924764
0.0917371
0.0910713
0.0904721
0.0899331
0.0894486
0.0890134
0.0886227
0.0882723
0.0879581
0.0876766
0.0874245
0.0871989
0.086997
0.0868164
0.0866549
0.0865105
0.0863814
0.0862659
0.0861625
0.08607
0.0859871
0.0859128
0.0858461
0.0857861
0.085732
0.0856833
0.0856393
0.0855994
0.0855632
0.0855304
0.0855004
0.0854731
0.0854481
0.0854253
0.0854044
0.0853855
0.0853682
0.0853527
0.085339
0.085327
0.0853169
0.0853089
0.085303
0.0852995
0.961704
0.892213
0.829119
0.771754
0.719522
0.671897
0.628405
0.588628
0.552189
0.518754
0.488023
0.459728
0.433626
0.409503
0.387164
0.366434
0.347156
0.32919
0.312408
0.2967
0.281965
0.268117
0.25508
0.242792
0.231199
0.220257
0.209934
0.200201
0.191039
0.182431
0.174363
0.166821
0.159792
0.153261
0.147211
0.141624
0.136478
0.13175
0.127416
0.123453
0.119834
0.116534
0.113531
0.1108
0.108319
0.106068
0.104027
0.102177
0.100501
0.098985
0.0976135
0.0963737
0.0952536
0.0942422
0.0933294
0.0925063
0.0917643
0.091096
0.0904945
0.0899534
0.0894669
0.0890299
0.0886376
0.0882856
0.0879701
0.0876873
0.0874341
0.0872074
0.0870045
0.0868231
0.0866608
0.0865157
0.0863859
0.0862699
0.086166
0.0860731
0.0859898
0.0859151
0.0858481
0.0857878
0.0857336
0.0856847
0.0856405
0.0856005
0.0855642
0.0855313
0.0855012
0.0854739
0.0854489
0.0854261
0.0854052
0.0853862
0.085369
0.0853536
0.0853398
0.0853279
0.0853178
0.0853098
0.0853039
0.0853005
0.961704
0.892213
0.829119
0.771754
0.719524
0.671899
0.62841
0.588635
0.552199
0.518767
0.488039
0.459747
0.43365
0.409531
0.387196
0.36647
0.347198
0.329236
0.312461
0.296759
0.282031
0.26819
0.255161
0.24288
0.231295
0.220361
0.210044
0.200318
0.191162
0.182558
0.174492
0.166952
0.159923
0.153392
0.14734
0.14175
0.1366
0.131867
0.127529
0.12356
0.119935
0.11663
0.113621
0.110884
0.108398
0.106141
0.104094
0.102239
0.100559
0.0990385
0.0976627
0.0964189
0.095295
0.0942801
0.093364
0.0925378
0.091793
0.0911221
0.0905181
0.0899747
0.0894862
0.0890473
0.0886532
0.0882997
0.0879826
0.0876985
0.087444
0.0872162
0.0870124
0.08683
0.0866669
0.086521
0.0863906
0.086274
0.0861696
0.0860762
0.0859925
0.0859174
0.0858501
0.0857896
0.0857351
0.085686
0.0856417
0.0856015
0.0855652
0.0855321
0.0855021
0.0854746
0.0854496
0.0854268
0.085406
0.085387
0.0853698
0.0853544
0.0853407
0.0853288
0.0853187
0.0853107
0.0853049
0.0853014
0.961704
0.892212
0.829118
0.771753
0.719524
0.671902
0.628414
0.588641
0.552208
0.518779
0.488054
0.459766
0.433672
0.409557
0.387227
0.366507
0.347239
0.329284
0.312515
0.296819
0.282099
0.268265
0.255244
0.242972
0.231394
0.220468
0.210159
0.200439
0.191288
0.182689
0.174626
0.167088
0.16006
0.153527
0.147474
0.14188
0.136726
0.131989
0.127646
0.123671
0.120041
0.11673
0.113715
0.110972
0.10848
0.106217
0.104165
0.102305
0.10062
0.0990943
0.0977141
0.0964661
0.0953382
0.0943196
0.0934002
0.0925707
0.091823
0.0911493
0.0905428
0.089997
0.0895063
0.0890654
0.0886695
0.0883143
0.0879957
0.0877101
0.0874544
0.0872254
0.0870205
0.0868371
0.0866732
0.0865265
0.0863954
0.0862781
0.0861732
0.0860793
0.0859952
0.0859198
0.0858521
0.0857913
0.0857366
0.0856873
0.0856428
0.0856025
0.085566
0.0855329
0.0855028
0.0854754
0.0854503
0.0854275
0.0854067
0.0853877
0.0853706
0.0853552
0.0853415
0.0853296
0.0853196
0.0853116
0.0853058
0.0853023
0.961703
0.892211
0.829117
0.771753
0.719525
0.671903
0.628417
0.588646
0.552216
0.51879
0.488068
0.459783
0.433694
0.409583
0.387258
0.366543
0.347281
0.329331
0.312569
0.296881
0.282167
0.268342
0.255329
0.243065
0.231496
0.220577
0.210276
0.200563
0.191418
0.182823
0.174764
0.167227
0.1602
0.153667
0.147611
0.142015
0.136857
0.132115
0.127766
0.123786
0.120149
0.116832
0.113811
0.111062
0.108564
0.106296
0.104238
0.102373
0.100682
0.099152
0.0977672
0.0965149
0.095383
0.0943606
0.0934376
0.0926048
0.091854
0.0911775
0.0905683
0.0900201
0.0895272
0.0890842
0.0886863
0.0883293
0.0880091
0.0877221
0.087465
0.0872348
0.0870288
0.0868445
0.0866796
0.0865321
0.0864003
0.0862824
0.0861769
0.0860824
0.0859979
0.0859221
0.0858541
0.085793
0.085738
0.0856885
0.0856438
0.0856035
0.0855669
0.0855337
0.0855035
0.085476
0.085451
0.0854281
0.0854073
0.0853884
0.0853713
0.0853559
0.0853423
0.0853304
0.0853204
0.0853125
0.0853066
0.0853032
0.961703
0.89221
0.829116
0.771752
0.719525
0.671904
0.62842
0.588651
0.552223
0.5188
0.488082
0.4598
0.433715
0.409609
0.387288
0.366578
0.347322
0.329379
0.312623
0.296942
0.282237
0.268419
0.255415
0.243159
0.231599
0.220689
0.210395
0.200689
0.19155
0.182959
0.174904
0.16737
0.160343
0.153809
0.147752
0.142152
0.13699
0.132244
0.127889
0.123903
0.120261
0.116938
0.11391
0.111155
0.108651
0.106377
0.104313
0.102442
0.100747
0.0992113
0.0978218
0.096565
0.0954289
0.0944026
0.093476
0.0926399
0.0918859
0.0912064
0.0905945
0.0900438
0.0895485
0.0891034
0.0887036
0.0883448
0.0880229
0.0877344
0.0874759
0.0872444
0.0870372
0.0868519
0.0866861
0.0865378
0.0864052
0.0862866
0.0861805
0.0860855
0.0860005
0.0859243
0.085856
0.0857946
0.0857394
0.0856897
0.0856448
0.0856043
0.0855676
0.0855343
0.0855041
0.0854766
0.0854515
0.0854287
0.0854079
0.085389
0.0853719
0.0853566
0.085343
0.0853312
0.0853212
0.0853133
0.0853075
0.085304
0.961702
0.89221
0.829115
0.771751
0.719524
0.671905
0.628422
0.588655
0.552229
0.518809
0.488094
0.459816
0.433735
0.409633
0.387317
0.366613
0.347363
0.329426
0.312677
0.297004
0.282306
0.268497
0.255501
0.243254
0.231702
0.220801
0.210515
0.200816
0.191683
0.183097
0.175046
0.167513
0.160487
0.153953
0.147894
0.142291
0.137125
0.132374
0.128015
0.124023
0.120374
0.117045
0.114011
0.111249
0.108739
0.106459
0.10439
0.102513
0.100812
0.0992717
0.0978774
0.0966161
0.0954759
0.0944456
0.0935152
0.0926756
0.0919184
0.0912359
0.0906212
0.090068
0.0895703
0.089123
0.0887211
0.0883605
0.0880369
0.0877468
0.0874869
0.0872541
0.0870458
0.0868594
0.0866926
0.0865435
0.0864101
0.0862908
0.0861841
0.0860886
0.0860031
0.0859265
0.0858578
0.0857961
0.0857407
0.0856907
0.0856457
0.0856051
0.0855683
0.0855349
0.0855046
0.0854771
0.085452
0.0854292
0.0854084
0.0853896
0.0853725
0.0853572
0.0853437
0.0853319
0.085322
0.085314
0.0853082
0.0853048
0.961702
0.892209
0.829114
0.77175
0.719524
0.671905
0.628424
0.588659
0.552235
0.518817
0.488105
0.459831
0.433754
0.409657
0.387346
0.366647
0.347402
0.329472
0.312731
0.297065
0.282375
0.268575
0.255588
0.243349
0.231806
0.220913
0.210635
0.200943
0.191816
0.183236
0.175188
0.167658
0.160633
0.154098
0.148037
0.142431
0.137262
0.132506
0.128141
0.124143
0.120488
0.117153
0.114113
0.111345
0.108828
0.106542
0.104467
0.102585
0.100879
0.099333
0.0979339
0.0966681
0.0955235
0.0944892
0.093555
0.0927119
0.0919514
0.0912659
0.0906484
0.0900925
0.0895924
0.0891428
0.0887389
0.0883763
0.088051
0.0877594
0.087498
0.0872639
0.0870544
0.0868669
0.0866992
0.0865491
0.086415
0.086295
0.0861877
0.0860916
0.0860056
0.0859286
0.0858595
0.0857976
0.0857418
0.0856917
0.0856465
0.0856057
0.0855688
0.0855354
0.0855051
0.0854775
0.0854524
0.0854296
0.0854089
0.08539
0.085373
0.0853577
0.0853442
0.0853325
0.0853226
0.0853147
0.0853089
0.0853054
0.961702
0.892208
0.829113
0.771749
0.719523
0.671905
0.628425
0.588662
0.55224
0.518825
0.488116
0.459845
0.433772
0.409679
0.387373
0.36668
0.347441
0.329518
0.312783
0.297125
0.282443
0.268651
0.255673
0.243444
0.231909
0.221025
0.210755
0.201071
0.19195
0.183375
0.17533
0.167803
0.160779
0.154243
0.14818
0.142572
0.137399
0.132638
0.128268
0.124264
0.120604
0.117262
0.114215
0.111441
0.108919
0.106626
0.104545
0.102657
0.100946
0.0993949
0.0979909
0.0967205
0.0955716
0.0945332
0.0935953
0.0927486
0.0919848
0.0912962
0.0906758
0.0901172
0.0896147
0.0891628
0.0887569
0.0883924
0.0880653
0.087772
0.0875092
0.0872738
0.087063
0.0868744
0.0867057
0.0865548
0.0864198
0.0862991
0.0861911
0.0860946
0.0860081
0.0859306
0.0858612
0.0857989
0.0857429
0.0856926
0.0856472
0.0856063
0.0855693
0.0855358
0.0855054
0.0854778
0.0854527
0.0854299
0.0854092
0.0853904
0.0853734
0.0853582
0.0853447
0.085333
0.0853232
0.0853153
0.0853095
0.085306
0.961701
0.892207
0.829112
0.771748
0.719522
0.671905
0.628426
0.588664
0.552245
0.518832
0.488126
0.459859
0.433789
0.409701
0.3874
0.366711
0.347479
0.329562
0.312835
0.297184
0.28251
0.268727
0.255757
0.243537
0.232012
0.221136
0.210874
0.201197
0.192083
0.183513
0.175472
0.167947
0.160924
0.154388
0.148324
0.142713
0.137535
0.13277
0.128395
0.124386
0.120719
0.117371
0.114318
0.111538
0.109009
0.106711
0.104624
0.10273
0.101013
0.0994571
0.0980483
0.0967732
0.0956199
0.0945775
0.0936357
0.0927855
0.0920183
0.0913266
0.0907033
0.0901421
0.0896371
0.0891829
0.0887749
0.0884084
0.0880796
0.0877847
0.0875203
0.0872836
0.0870716
0.0868819
0.0867121
0.0865603
0.0864246
0.0863031
0.0861945
0.0860974
0.0860104
0.0859326
0.0858628
0.0858001
0.0857439
0.0856933
0.0856478
0.0856067
0.0855696
0.085536
0.0855056
0.085478
0.0854529
0.0854301
0.0854094
0.0853906
0.0853737
0.0853585
0.0853451
0.0853334
0.0853236
0.0853158
0.08531
0.0853066
0.961701
0.892206
0.82911
0.771747
0.719521
0.671905
0.628427
0.588666
0.552249
0.518838
0.488135
0.459871
0.433805
0.409721
0.387425
0.366742
0.347516
0.329605
0.312885
0.297242
0.282576
0.268801
0.255841
0.243629
0.232112
0.221245
0.210991
0.201322
0.192214
0.183649
0.175613
0.16809
0.161068
0.154532
0.148466
0.142852
0.137671
0.132902
0.128521
0.124507
0.120834
0.11748
0.114421
0.111634
0.109099
0.106795
0.104702
0.102803
0.10108
0.0995194
0.0981057
0.096826
0.0956684
0.0946218
0.0936762
0.0928224
0.0920519
0.0913571
0.0907309
0.090167
0.0896594
0.089203
0.0887928
0.0884244
0.0880938
0.0877973
0.0875315
0.0872933
0.0870801
0.0868893
0.0867185
0.0865658
0.0864292
0.0863071
0.0861978
0.0861001
0.0860127
0.0859344
0.0858642
0.0858013
0.0857448
0.085694
0.0856483
0.085607
0.0855698
0.0855362
0.0855057
0.0854781
0.085453
0.0854302
0.0854095
0.0853908
0.0853739
0.0853588
0.0853454
0.0853338
0.085324
0.0853162
0.0853104
0.085307
0.961701
0.892205
0.829109
0.771746
0.71952
0.671905
0.628427
0.588668
0.552252
0.518844
0.488144
0.459883
0.433821
0.409741
0.38745
0.366772
0.347551
0.329647
0.312934
0.297298
0.282641
0.268874
0.255922
0.243719
0.232212
0.221353
0.211107
0.201445
0.192343
0.183784
0.175751
0.168231
0.16121
0.154674
0.148607
0.142991
0.137806
0.133032
0.128647
0.124627
0.120948
0.117588
0.114523
0.11173
0.109189
0.106879
0.10478
0.102875
0.101148
0.0995815
0.0981629
0.0968786
0.0957167
0.094666
0.0937166
0.0928592
0.0920854
0.0913874
0.0907584
0.0901918
0.0896818
0.0892231
0.0888107
0.0884404
0.088108
0.0878098
0.0875425
0.087303
0.0870885
0.0868966
0.0867248
0.0865712
0.0864338
0.0863109
0.086201
0.0861027
0.0860148
0.0859361
0.0858655
0.0858023
0.0857455
0.0856945
0.0856486
0.0856072
0.0855699
0.0855362
0.0855057
0.085478
0.0854529
0.0854302
0.0854095
0.0853908
0.085374
0.0853589
0.0853456
0.085334
0.0853243
0.0853165
0.0853107
0.0853073
0.961701
0.892205
0.829108
0.771744
0.719519
0.671904
0.628428
0.58867
0.552256
0.51885
0.488152
0.459895
0.433836
0.40976
0.387473
0.366801
0.347586
0.329688
0.312981
0.297353
0.282703
0.268945
0.256001
0.243808
0.232308
0.221458
0.211221
0.201566
0.19247
0.183916
0.175888
0.16837
0.161351
0.154815
0.148746
0.143127
0.137939
0.133161
0.128771
0.124746
0.121061
0.117695
0.114624
0.111825
0.109278
0.106962
0.104858
0.102947
0.101214
0.0996431
0.0982197
0.0969309
0.0957647
0.09471
0.0937568
0.0928958
0.0921187
0.0914177
0.0907857
0.0902164
0.0897039
0.0892429
0.0888285
0.0884562
0.088122
0.0878222
0.0875534
0.0873125
0.0870968
0.0869037
0.086731
0.0865764
0.0864382
0.0863146
0.0862041
0.0861053
0.0860168
0.0859376
0.0858667
0.0858032
0.0857461
0.0856949
0.0856488
0.0856073
0.0855699
0.0855361
0.0855056
0.0854779
0.0854528
0.08543
0.0854094
0.0853908
0.085374
0.0853589
0.0853457
0.0853341
0.0853244
0.0853167
0.085311
0.0853075
0.9617
0.892204
0.829107
0.771743
0.719518
0.671904
0.628428
0.588672
0.552259
0.518855
0.48816
0.459905
0.43385
0.409778
0.387496
0.366828
0.347619
0.329727
0.313027
0.297406
0.282764
0.269014
0.256079
0.243894
0.232403
0.221561
0.211331
0.201684
0.192595
0.184046
0.176021
0.168507
0.161489
0.154952
0.148883
0.143262
0.138071
0.133289
0.128894
0.124863
0.121173
0.117801
0.114724
0.111919
0.109366
0.107044
0.104934
0.103018
0.10128
0.0997042
0.098276
0.0969827
0.0958123
0.0947536
0.0937966
0.0929321
0.0921517
0.0914476
0.0908128
0.0902408
0.0897259
0.0892626
0.0888461
0.0884719
0.0881359
0.0878344
0.0875641
0.0873219
0.087105
0.0869108
0.086737
0.0865815
0.0864425
0.0863182
0.0862071
0.0861076
0.0860187
0.0859391
0.0858678
0.085804
0.0857467
0.0856952
0.085649
0.0856073
0.0855698
0.085536
0.0855053
0.0854776
0.0854526
0.0854298
0.0854092
0.0853906
0.0853739
0.0853589
0.0853456
0.0853341
0.0853245
0.0853167
0.0853111
0.0853076
0.9617
0.892203
0.829106
0.771742
0.719517
0.671903
0.628428
0.588673
0.552262
0.51886
0.488167
0.459915
0.433863
0.409795
0.387517
0.366854
0.347651
0.329765
0.313071
0.297457
0.282823
0.269081
0.256154
0.243977
0.232495
0.221662
0.211439
0.201799
0.192716
0.184173
0.176152
0.16864
0.161623
0.155087
0.149017
0.143394
0.138199
0.133413
0.129014
0.124978
0.121283
0.117905
0.114822
0.112012
0.109453
0.107125
0.10501
0.103089
0.101345
0.0997644
0.0983316
0.0970339
0.0958592
0.0947966
0.0938359
0.092968
0.0921843
0.0914771
0.0908395
0.0902649
0.0897475
0.089282
0.0888634
0.0884872
0.0881495
0.0878464
0.0875747
0.0873311
0.0871129
0.0869176
0.0867429
0.0865865
0.0864467
0.0863217
0.0862099
0.0861099
0.0860205
0.0859404
0.0858688
0.0858046
0.0857471
0.0856954
0.085649
0.0856072
0.0855696
0.0855357
0.085505
0.0854773
0.0854522
0.0854295
0.0854089
0.0853904
0.0853736
0.0853587
0.0853455
0.0853341
0.0853244
0.0853167
0.0853111
0.0853076
0.9617
0.892202
0.829105
0.771741
0.719516
0.671902
0.628428
0.588674
0.552264
0.518864
0.488174
0.459925
0.433876
0.409812
0.387538
0.36688
0.347681
0.329801
0.313114
0.297507
0.28288
0.269145
0.256227
0.244058
0.232584
0.221759
0.211544
0.201911
0.192834
0.184296
0.176279
0.16877
0.161755
0.155219
0.149147
0.143522
0.138325
0.133536
0.129132
0.125091
0.12139
0.118007
0.114919
0.112103
0.109538
0.107205
0.105084
0.103158
0.10141
0.0998237
0.0983863
0.0970842
0.0959055
0.094839
0.0938746
0.0930032
0.0922163
0.0915062
0.0908658
0.0902886
0.0897688
0.0893011
0.0888804
0.0885024
0.0881629
0.0878582
0.087585
0.0873401
0.0871207
0.0869243
0.0867486
0.0865913
0.0864507
0.086325
0.0862125
0.086112
0.0860221
0.0859417
0.0858697
0.0858052
0.0857474
0.0856955
0.0856489
0.085607
0.0855693
0.0855353
0.0855046
0.0854769
0.0854518
0.0854291
0.0854085
0.08539
0.0853733
0.0853584
0.0853453
0.0853339
0.0853243
0.0853166
0.085311
0.0853076
0.961699
0.892202
0.829104
0.77174
0.719515
0.671902
0.628428
0.588675
0.552267
0.518869
0.48818
0.459934
0.433888
0.409827
0.387557
0.366904
0.34771
0.329836
0.313155
0.297554
0.282935
0.269208
0.256297
0.244136
0.23267
0.221853
0.211646
0.202019
0.192949
0.184415
0.176403
0.168897
0.161883
0.155348
0.149275
0.143648
0.138448
0.133655
0.129247
0.125201
0.121496
0.118107
0.115013
0.112192
0.109622
0.107283
0.105157
0.103226
0.101472
0.0998819
0.09844
0.0971337
0.0959508
0.0948805
0.0939126
0.0930379
0.0922478
0.0915347
0.0908916
0.0903119
0.0897897
0.0893198
0.0888971
0.0885172
0.088176
0.0878697
0.0875951
0.0873489
0.0871283
0.0869308
0.0867541
0.086596
0.0864546
0.0863281
0.0862151
0.086114
0.0860236
0.0859428
0.0858704
0.0858056
0.0857476
0.0856955
0.0856487
0.0856067
0.0855689
0.0855348
0.0855041
0.0854763
0.0854513
0.0854286
0.0854081
0.0853896
0.0853729
0.0853581
0.085345
0.0853336
0.0853241
0.0853164
0.0853108
0.0853074
0.961699
0.892201
0.829103
0.771739
0.719514
0.671901
0.628428
0.588676
0.552269
0.518872
0.488186
0.459942
0.433899
0.409842
0.387576
0.366927
0.347738
0.329869
0.313194
0.2976
0.282987
0.269268
0.256364
0.244212
0.232754
0.221944
0.211744
0.202124
0.19306
0.184531
0.176523
0.169019
0.162007
0.155472
0.149399
0.14377
0.138568
0.133771
0.129359
0.125309
0.121598
0.118205
0.115105
0.112279
0.109703
0.10736
0.105228
0.103292
0.101534
0.0999387
0.0984925
0.097182
0.0959952
0.0949212
0.0939498
0.0930718
0.0922786
0.0915627
0.0909168
0.0903346
0.0898102
0.089338
0.0889134
0.0885316
0.0881888
0.087881
0.0876049
0.0873574
0.0871357
0.0869371
0.0867594
0.0866004
0.0864583
0.0863311
0.0862175
0.0861159
0.086025
0.0859438
0.0858711
0.085806
0.0857477
0.0856954
0.0856485
0.0856063
0.0855684
0.0855343
0.0855035
0.0854757
0.0854507
0.085428
0.0854075
0.085389
0.0853725
0.0853577
0.0853446
0.0853333
0.0853238
0.0853162
0.0853106
0.0853072
0.961699
0.8922
0.829102
0.771738
0.719513
0.6719
0.628428
0.588677
0.552271
0.518876
0.488192
0.45995
0.43391
0.409856
0.387594
0.366949
0.347765
0.329901
0.313232
0.297644
0.283038
0.269325
0.256429
0.244284
0.232834
0.222031
0.211839
0.202225
0.193167
0.184643
0.176638
0.169138
0.162127
0.155593
0.149519
0.143889
0.138683
0.133883
0.129467
0.125413
0.121698
0.118299
0.115195
0.112363
0.109783
0.107434
0.105298
0.103356
0.101594
0.0999942
0.0985437
0.0972291
0.0960385
0.0949609
0.0939861
0.0931048
0.0923087
0.0915899
0.0909414
0.0903568
0.0898301
0.0893559
0.0889292
0.0885457
0.0882012
0.0878919
0.0876144
0.0873657
0.0871428
0.0869432
0.0867646
0.0866047
0.0864618
0.086334
0.0862198
0.0861176
0.0860263
0.0859446
0.0858716
0.0858062
0.0857477
0.0856952
0.0856481
0.0856059
0.0855679
0.0855337
0.0855028
0.0854751
0.08545
0.0854273
0.0854069
0.0853884
0.0853719
0.0853572
0.0853441
0.0853329
0.0853234
0.0853158
0.0853102
0.0853068
0.961699
0.8922
0.829101
0.771737
0.719512
0.6719
0.628428
0.588678
0.552273
0.51888
0.488197
0.459958
0.43392
0.409869
0.387611
0.36697
0.34779
0.329932
0.313268
0.297686
0.283086
0.26938
0.256492
0.244354
0.232911
0.222115
0.211929
0.202322
0.19327
0.184751
0.17675
0.169252
0.162243
0.155709
0.149635
0.144003
0.138796
0.133992
0.129573
0.125514
0.121795
0.118391
0.115282
0.112445
0.10986
0.107506
0.105365
0.103419
0.101652
0.100048
0.0985935
0.097275
0.0960807
0.0949995
0.0940213
0.093137
0.0923379
0.0916164
0.0909654
0.0903784
0.0898494
0.0893732
0.0889447
0.0885594
0.0882132
0.0879025
0.0876237
0.0873737
0.0871497
0.0869491
0.0867695
0.0866089
0.0864652
0.0863367
0.0862219
0.0861192
0.0860275
0.0859454
0.085872
0.0858064
0.0857476
0.0856949
0.0856477
0.0856053
0.0855672
0.085533
0.0855021
0.0854743
0.0854492
0.0854266
0.0854062
0.0853878
0.0853713
0.0853566
0.0853436
0.0853324
0.0853229
0.0853154
0.0853098
0.0853064
0.961699
0.892199
0.829101
0.771736
0.719511
0.671899
0.628428
0.588679
0.552275
0.518883
0.488202
0.459965
0.43393
0.409882
0.387627
0.36699
0.347815
0.329961
0.313302
0.297726
0.283132
0.269433
0.256551
0.24442
0.232984
0.222196
0.212017
0.202416
0.193368
0.184854
0.176857
0.169362
0.162355
0.155821
0.149746
0.144113
0.138904
0.134098
0.129674
0.125612
0.121888
0.11848
0.115366
0.112525
0.109934
0.107576
0.10543
0.10348
0.101708
0.1001
0.0986417
0.0973194
0.0961215
0.0950369
0.0940556
0.0931682
0.0923663
0.0916421
0.0909886
0.0903993
0.0898682
0.0893899
0.0889596
0.0885726
0.0882249
0.0879127
0.0876326
0.0873814
0.0871563
0.0869547
0.0867742
0.0866128
0.0864684
0.0863393
0.0862239
0.0861207
0.0860285
0.0859461
0.0858724
0.0858065
0.0857474
0.0856946
0.0856472
0.0856047
0.0855665
0.0855322
0.0855013
0.0854735
0.0854484
0.0854258
0.0854054
0.085387
0.0853706
0.0853559
0.085343
0.0853318
0.0853224
0.0853149
0.0853094
0.085306
0.961698
0.892199
0.8291
0.771735
0.719511
0.671899
0.628428
0.588679
0.552277
0.518886
0.488207
0.459972
0.433939
0.409894
0.387642
0.367009
0.347838
0.329988
0.313335
0.297764
0.283176
0.269483
0.256608
0.244484
0.233054
0.222272
0.2121
0.202505
0.193463
0.184953
0.17696
0.169467
0.162462
0.155929
0.149854
0.144219
0.139008
0.134199
0.129772
0.125706
0.121978
0.118566
0.115447
0.112601
0.110006
0.107643
0.105493
0.103539
0.101763
0.100151
0.0986883
0.0973624
0.096161
0.0950731
0.0940886
0.0931983
0.0923937
0.0916669
0.091011
0.0904195
0.0898863
0.0894061
0.088974
0.0885854
0.0882361
0.0879225
0.0876411
0.0873888
0.0871626
0.0869601
0.0867788
0.0866165
0.0864714
0.0863417
0.0862257
0.0861221
0.0860295
0.0859467
0.0858727
0.0858064
0.0857472
0.0856942
0.0856466
0.085604
0.0855658
0.0855314
0.0855005
0.0854726
0.0854476
0.085425
0.0854046
0.0853863
0.0853698
0.0853552
0.0853424
0.0853312
0.0853219
0.0853144
0.0853088
0.0853055
0.961698
0.892198
0.829099
0.771734
0.71951
0.671898
0.628428
0.58868
0.552278
0.518889
0.488211
0.459978
0.433948
0.409905
0.387656
0.367026
0.347859
0.330014
0.313365
0.2978
0.283218
0.269531
0.256662
0.244544
0.233121
0.222346
0.212179
0.20259
0.193553
0.185048
0.177058
0.169568
0.162564
0.156032
0.149956
0.144321
0.139107
0.134296
0.129866
0.125796
0.122064
0.118648
0.115525
0.112675
0.110076
0.107708
0.105554
0.103595
0.101815
0.100199
0.0987332
0.0974038
0.096199
0.095108
0.0941205
0.0932274
0.0924201
0.0916909
0.0910327
0.0904389
0.0899037
0.0894217
0.0889879
0.0885976
0.088247
0.087932
0.0876494
0.0873959
0.0871687
0.0869652
0.0867831
0.0866201
0.0864743
0.086344
0.0862275
0.0861234
0.0860303
0.0859472
0.0858728
0.0858064
0.0857469
0.0856937
0.085646
0.0856033
0.085565
0.0855305
0.0854996
0.0854717
0.0854467
0.0854241
0.0854037
0.0853854
0.0853691
0.0853545
0.0853417
0.0853306
0.0853212
0.0853138
0.0853083
0.0853049
0.961698
0.892198
0.829098
0.771733
0.719509
0.671898
0.628428
0.58868
0.55228
0.518891
0.488216
0.459984
0.433956
0.409916
0.38767
0.367043
0.34788
0.330039
0.313395
0.297834
0.283257
0.269576
0.256713
0.244601
0.233184
0.222415
0.212254
0.202671
0.193639
0.185138
0.177151
0.169664
0.162661
0.15613
0.150054
0.144418
0.139202
0.134389
0.129956
0.125883
0.122147
0.118727
0.1156
0.112745
0.110142
0.107771
0.105612
0.103649
0.101866
0.100246
0.0987764
0.0974435
0.0962355
0.0951414
0.0941511
0.0932553
0.0924454
0.0917138
0.0910534
0.0904576
0.0899205
0.0894367
0.0890011
0.0886094
0.0882573
0.0879411
0.0876572
0.0874027
0.0871745
0.0869701
0.0867871
0.0866234
0.086477
0.0863461
0.0862291
0.0861245
0.0860311
0.0859476
0.085873
0.0858062
0.0857466
0.0856932
0.0856454
0.0856026
0.0855641
0.0855297
0.0854987
0.0854708
0.0854457
0.0854231
0.0854028
0.0853846
0.0853682
0.0853537
0.0853409
0.0853299
0.0853206
0.0853131
0.0853077
0.0853043
0.961698
0.892197
0.829098
0.771732
0.719508
0.671897
0.628428
0.588681
0.552281
0.518894
0.48822
0.45999
0.433964
0.409926
0.387682
0.367059
0.347899
0.330062
0.313422
0.297866
0.283295
0.269619
0.256761
0.244655
0.233245
0.222481
0.212326
0.202747
0.19372
0.185223
0.17724
0.169755
0.162754
0.156223
0.150147
0.14451
0.139293
0.134477
0.130041
0.125965
0.122226
0.118802
0.115671
0.112813
0.110205
0.10783
0.105668
0.103701
0.101914
0.100291
0.0988176
0.0974815
0.0962705
0.0951735
0.0941804
0.093282
0.0924697
0.0917358
0.0910733
0.0904755
0.0899365
0.089451
0.0890139
0.0886206
0.0882672
0.0879497
0.0876647
0.0874091
0.08718
0.0869748
0.086791
0.0866266
0.0864795
0.0863481
0.0862306
0.0861256
0.0860317
0.0859479
0.085873
0.085806
0.0857462
0.0856926
0.0856447
0.0856018
0.0855633
0.0855287
0.0854977
0.0854698
0.0854448
0.0854222
0.0854019
0.0853837
0.0853674
0.0853529
0.0853401
0.0853291
0.0853199
0.0853125
0.085307
0.0853036
0.961698
0.892197
0.829097
0.771732
0.719508
0.671897
0.628428
0.588681
0.552283
0.518896
0.488223
0.459995
0.433971
0.409935
0.387694
0.367074
0.347917
0.330084
0.313448
0.297897
0.28333
0.269659
0.256807
0.244706
0.233301
0.222543
0.212393
0.20282
0.193797
0.185304
0.177324
0.169841
0.162842
0.156312
0.150236
0.144597
0.139379
0.134561
0.130123
0.126043
0.122301
0.118874
0.115739
0.112877
0.110266
0.107887
0.105721
0.10375
0.10196
0.100333
0.0988569
0.0975177
0.0963038
0.095204
0.0942083
0.0933074
0.0924928
0.0917568
0.0910922
0.0904925
0.0899518
0.0894646
0.0890259
0.0886313
0.0882766
0.0879579
0.0876718
0.0874152
0.0871852
0.0869791
0.0867946
0.0866296
0.0864819
0.0863499
0.0862319
0.0861265
0.0860323
0.0859482
0.085873
0.0858058
0.0857458
0.085692
0.085644
0.085601
0.0855624
0.0855278
0.0854968
0.0854689
0.0854438
0.0854213
0.085401
0.0853828
0.0853665
0.0853521
0.0853394
0.0853284
0.0853191
0.0853118
0.0853063
0.085303
0.961697
0.892196
0.829096
0.771731
0.719507
0.671896
0.628428
0.588682
0.552284
0.518899
0.488227
0.46
0.433978
0.409944
0.387706
0.367088
0.347935
0.330105
0.313472
0.297925
0.283363
0.269697
0.25685
0.244754
0.233354
0.222602
0.212457
0.202888
0.193869
0.18538
0.177403
0.169922
0.162925
0.156395
0.150319
0.14468
0.13946
0.13464
0.1302
0.126117
0.122372
0.118941
0.115803
0.112937
0.110323
0.10794
0.105771
0.103797
0.102003
0.100374
0.0988941
0.0975521
0.0963354
0.095233
0.0942348
0.0933315
0.0925148
0.0917767
0.0911101
0.0905086
0.0899662
0.0894775
0.0890374
0.0886415
0.0882855
0.0879657
0.0876786
0.087421
0.0871901
0.0869833
0.0867981
0.0866323
0.0864841
0.0863516
0.0862332
0.0861273
0.0860328
0.0859484
0.0858729
0.0858055
0.0857453
0.0856914
0.0856433
0.0856001
0.0855615
0.0855269
0.0854958
0.0854679
0.0854428
0.0854203
0.0854
0.0853819
0.0853657
0.0853512
0.0853385
0.0853276
0.0853184
0.085311
0.0853056
0.0853023
0.961697
0.892196
0.829096
0.77173
0.719506
0.671896
0.628428
0.588682
0.552285
0.518901
0.48823
0.460004
0.433984
0.409952
0.387716
0.367101
0.34795
0.330124
0.313495
0.297952
0.283394
0.269732
0.25689
0.244799
0.233404
0.222656
0.212516
0.202952
0.193937
0.185451
0.177477
0.169999
0.163002
0.156474
0.150398
0.144758
0.139536
0.134715
0.130272
0.126187
0.122439
0.119005
0.115864
0.112995
0.110377
0.107991
0.105818
0.103841
0.102044
0.100412
0.0989293
0.0975845
0.0963652
0.0952603
0.0942598
0.0933543
0.0925355
0.0917954
0.0911271
0.0905239
0.0899799
0.0894897
0.0890482
0.088651
0.0882939
0.087973
0.0876849
0.0874264
0.0871947
0.0869871
0.0868013
0.0866349
0.0864862
0.0863532
0.0862343
0.0861281
0.0860332
0.0859485
0.0858728
0.0858052
0.0857448
0.0856908
0.0856425
0.0855993
0.0855606
0.0855259
0.0854948
0.0854669
0.0854419
0.0854193
0.0853991
0.085381
0.0853648
0.0853504
0.0853377
0.0853268
0.0853177
0.0853103
0.0853049
0.0853016
0.961697
0.892196
0.829095
0.77173
0.719506
0.671895
0.628428
0.588683
0.552286
0.518902
0.488233
0.460009
0.43399
0.40996
0.387726
0.367113
0.347965
0.330142
0.313516
0.297977
0.283422
0.269765
0.256927
0.244841
0.233451
0.222707
0.212572
0.203011
0.194
0.185518
0.177546
0.17007
0.163075
0.156547
0.150471
0.14483
0.139608
0.134784
0.13034
0.126253
0.122501
0.119065
0.115921
0.113048
0.110427
0.108038
0.105863
0.103883
0.102083
0.100447
0.0989624
0.097615
0.0963932
0.095286
0.0942833
0.0933758
0.092555
0.0918131
0.091143
0.0905382
0.0899927
0.0895011
0.0890584
0.08866
0.0883017
0.0879798
0.0876908
0.0874315
0.087199
0.0869907
0.0868042
0.0866373
0.086488
0.0863546
0.0862353
0.0861288
0.0860336
0.0859486
0.0858727
0.0858049
0.0857443
0.0856902
0.0856418
0.0855985
0.0855597
0.085525
0.0854939
0.085466
0.0854409
0.0854184
0.0853982
0.0853801
0.0853639
0.0853496
0.0853369
0.085326
0.0853169
0.0853096
0.0853042
0.0853009
0.961697
0.892195
0.829095
0.771729
0.719505
0.671895
0.628427
0.588683
0.552287
0.518904
0.488235
0.460013
0.433995
0.409967
0.387735
0.367124
0.347979
0.330158
0.313536
0.298
0.283449
0.269795
0.256961
0.24488
0.233494
0.222755
0.212623
0.203066
0.194059
0.18558
0.17761
0.170136
0.163142
0.156615
0.150539
0.144898
0.139675
0.13485
0.130403
0.126313
0.12256
0.11912
0.115974
0.113099
0.110475
0.108083
0.105904
0.103922
0.102119
0.100481
0.0989933
0.0976435
0.0964194
0.0953101
0.0943053
0.0933958
0.0925732
0.0918296
0.0911579
0.0905516
0.0900047
0.0895118
0.0890678
0.0886683
0.088309
0.0879862
0.0876963
0.0874362
0.087203
0.0869941
0.086807
0.0866395
0.0864898
0.0863559
0.0862362
0.0861294
0.0860339
0.0859486
0.0858725
0.0858045
0.0857438
0.0856895
0.085641
0.0855977
0.0855588
0.0855241
0.0854929
0.085465
0.08544
0.0854175
0.0853973
0.0853792
0.0853631
0.0853487
0.0853361
0.0853253
0.0853162
0.0853089
0.0853035
0.0853002
0.961697
0.892195
0.829094
0.771729
0.719505
0.671895
0.628427
0.588683
0.552288
0.518906
0.488238
0.460016
0.434
0.409974
0.387743
0.367135
0.347992
0.330173
0.313554
0.298021
0.283473
0.269823
0.256993
0.244916
0.233533
0.222798
0.21267
0.203117
0.194113
0.185637
0.17767
0.170197
0.163205
0.156678
0.150602
0.144961
0.139736
0.13491
0.130461
0.12637
0.122614
0.119172
0.116023
0.113145
0.110518
0.108124
0.105943
0.103957
0.102152
0.100512
0.099022
0.0976699
0.0964437
0.0953323
0.0943257
0.0934144
0.09259
0.0918448
0.0911717
0.090564
0.0900158
0.0895217
0.0890766
0.088676
0.0883158
0.0879921
0.0877014
0.0874406
0.0872067
0.0869971
0.0868095
0.0866416
0.0864913
0.0863571
0.0862371
0.0861299
0.0860341
0.0859486
0.0858723
0.0858041
0.0857433
0.0856889
0.0856403
0.0855969
0.085558
0.0855232
0.085492
0.0854641
0.085439
0.0854166
0.0853964
0.0853783
0.0853622
0.0853479
0.0853354
0.0853245
0.0853154
0.0853082
0.0853028
0.0852995
0.961697
0.892195
0.829094
0.771728
0.719504
0.671894
0.628427
0.588684
0.552288
0.518907
0.48824
0.460019
0.434004
0.409979
0.387751
0.367144
0.348003
0.330187
0.31357
0.29804
0.283496
0.269849
0.257022
0.244948
0.23357
0.222838
0.212714
0.203164
0.194163
0.185689
0.177724
0.170253
0.163262
0.156736
0.15066
0.145018
0.139793
0.134965
0.130515
0.126422
0.122664
0.11922
0.116068
0.113188
0.110559
0.108162
0.105978
0.103991
0.102183
0.10054
0.0990484
0.0976943
0.0964661
0.0953529
0.0943444
0.0934315
0.0926056
0.0918589
0.0911844
0.0905754
0.090026
0.0895308
0.0890847
0.0886832
0.088322
0.0879975
0.0877061
0.0874446
0.0872101
0.0869999
0.0868118
0.0866434
0.0864928
0.0863581
0.0862378
0.0861303
0.0860343
0.0859486
0.0858721
0.0858038
0.0857428
0.0856883
0.0856396
0.0855961
0.0855572
0.0855224
0.0854912
0.0854632
0.0854382
0.0854157
0.0853956
0.0853775
0.0853614
0.0853472
0.0853346
0.0853238
0.0853148
0.0853075
0.0853021
0.0852988
0.961697
0.892194
0.829094
0.771728
0.719504
0.671894
0.628427
0.588684
0.552289
0.518909
0.488242
0.460022
0.434009
0.409985
0.387757
0.367153
0.348013
0.3302
0.313585
0.298057
0.283516
0.269872
0.257049
0.244978
0.233602
0.222874
0.212753
0.203206
0.194208
0.185736
0.177774
0.170304
0.163314
0.156789
0.150713
0.145071
0.139844
0.135016
0.130564
0.126469
0.122709
0.119263
0.116109
0.113227
0.110596
0.108196
0.10601
0.104021
0.102211
0.100566
0.0990725
0.0977165
0.0964866
0.0953716
0.0943616
0.0934471
0.0926198
0.0918718
0.091196
0.0905858
0.0900353
0.0895391
0.089092
0.0886896
0.0883277
0.0880024
0.0877103
0.0874482
0.0872131
0.0870025
0.0868138
0.086645
0.086494
0.086359
0.0862384
0.0861307
0.0860344
0.0859485
0.0858719
0.0858034
0.0857423
0.0856877
0.0856389
0.0855954
0.0855564
0.0855215
0.0854903
0.0854624
0.0854373
0.0854149
0.0853948
0.0853767
0.0853607
0.0853464
0.0853339
0.0853231
0.0853141
0.0853068
0.0853015
0.0852982
0.961697
0.892194
0.829093
0.771727
0.719504
0.671894
0.628427
0.588684
0.55229
0.51891
0.488244
0.460025
0.434012
0.40999
0.387764
0.36716
0.348023
0.330211
0.313599
0.298073
0.283534
0.269893
0.257072
0.245004
0.233632
0.222907
0.212788
0.203245
0.194249
0.185779
0.177818
0.17035
0.163361
0.156836
0.15076
0.145118
0.139891
0.135061
0.130608
0.126512
0.12275
0.119302
0.116146
0.113262
0.110629
0.108227
0.10604
0.104048
0.102236
0.10059
0.0990942
0.0977366
0.0965051
0.0953886
0.0943771
0.0934612
0.0926326
0.0918834
0.0912064
0.0905952
0.0900437
0.0895466
0.0890987
0.0886955
0.0883328
0.0880069
0.0877141
0.0874514
0.0872159
0.0870047
0.0868157
0.0866465
0.0864951
0.0863599
0.086239
0.086131
0.0860345
0.0859485
0.0858716
0.085803
0.0857418
0.0856871
0.0856383
0.0855947
0.0855557
0.0855208
0.0854896
0.0854616
0.0854366
0.0854141
0.085394
0.085376
0.08536
0.0853457
0.0853333
0.0853225
0.0853135
0.0853062
0.0853009
0.0852976
0.961697
0.892194
0.829093
0.771727
0.719503
0.671894
0.628427
0.588684
0.55229
0.518911
0.488246
0.460027
0.434015
0.409994
0.387769
0.367167
0.348031
0.330221
0.31361
0.298087
0.28355
0.269912
0.257093
0.245028
0.233658
0.222936
0.21282
0.203278
0.194285
0.185817
0.177858
0.170391
0.163403
0.156878
0.150802
0.14516
0.139932
0.135101
0.130647
0.12655
0.122787
0.119337
0.116179
0.113293
0.110658
0.108255
0.106066
0.104072
0.102259
0.100611
0.0991136
0.0977545
0.0965215
0.0954037
0.0943909
0.0934738
0.092644
0.0918937
0.0912158
0.0906036
0.0900512
0.0895532
0.0891046
0.0887007
0.0883374
0.0880108
0.0877175
0.0874543
0.0872183
0.0870067
0.0868173
0.0866478
0.0864961
0.0863605
0.0862394
0.0861312
0.0860346
0.0859483
0.0858714
0.0858027
0.0857413
0.0856866
0.0856377
0.085594
0.085555
0.0855201
0.0854888
0.0854609
0.0854358
0.0854134
0.0853933
0.0853753
0.0853593
0.0853451
0.0853327
0.0853219
0.0853129
0.0853057
0.0853003
0.085297
0.961697
0.892194
0.829093
0.771727
0.719503
0.671893
0.628427
0.588684
0.552291
0.518912
0.488247
0.46003
0.434018
0.409998
0.387774
0.367173
0.348038
0.33023
0.313621
0.298099
0.283564
0.269928
0.257112
0.245049
0.233681
0.222961
0.212847
0.203308
0.194316
0.18585
0.177892
0.170427
0.163439
0.156915
0.150839
0.145196
0.139968
0.135137
0.130682
0.126583
0.122819
0.119367
0.116209
0.113321
0.110684
0.10828
0.106088
0.104094
0.102279
0.100629
0.0991307
0.0977702
0.096536
0.0954169
0.094403
0.0934849
0.0926541
0.0919028
0.0912239
0.0906109
0.0900578
0.089559
0.0891097
0.0887052
0.0883413
0.0880142
0.0877205
0.0874568
0.0872204
0.0870085
0.0868187
0.0866489
0.0864969
0.0863611
0.0862398
0.0861314
0.0860346
0.0859482
0.0858711
0.0858023
0.0857409
0.0856861
0.0856371
0.0855934
0.0855543
0.0855194
0.0854882
0.0854602
0.0854352
0.0854127
0.0853926
0.0853747
0.0853587
0.0853445
0.0853321
0.0853214
0.0853124
0.0853051
0.0852998
0.0852964
0.961697
0.892194
0.829093
0.771727
0.719503
0.671893
0.628427
0.588685
0.552291
0.518912
0.488248
0.460031
0.434021
0.410001
0.387778
0.367178
0.348044
0.330237
0.31363
0.29811
0.283577
0.269942
0.257127
0.245066
0.233701
0.222983
0.212871
0.203333
0.194343
0.185879
0.177922
0.170457
0.16347
0.156947
0.150871
0.145228
0.139999
0.135167
0.130711
0.126611
0.122846
0.119394
0.116233
0.113344
0.110707
0.108301
0.106108
0.104112
0.102296
0.100645
0.0991453
0.0977837
0.0965484
0.0954283
0.0944134
0.0934943
0.0926626
0.0919106
0.0912309
0.0906172
0.0900634
0.089564
0.0891141
0.0887091
0.0883447
0.0880172
0.087723
0.0874589
0.0872221
0.0870099
0.0868199
0.0866498
0.0864976
0.0863616
0.0862401
0.0861315
0.0860346
0.0859481
0.0858709
0.085802
0.0857405
0.0856856
0.0856366
0.0855928
0.0855538
0.0855188
0.0854876
0.0854596
0.0854345
0.0854121
0.0853921
0.0853741
0.0853581
0.085344
0.0853316
0.0853209
0.0853119
0.0853047
0.0852993
0.0852959
0.961696
0.892194
0.829092
0.771726
0.719503
0.671893
0.628427
0.588685
0.552292
0.518913
0.488249
0.460033
0.434023
0.410003
0.387781
0.367182
0.34805
0.330243
0.313637
0.298118
0.283587
0.269953
0.257141
0.245081
0.233717
0.223001
0.212891
0.203355
0.194366
0.185902
0.177947
0.170483
0.163497
0.156973
0.150898
0.145254
0.140025
0.135193
0.130736
0.126635
0.122869
0.119416
0.116254
0.113364
0.110725
0.108318
0.106124
0.104127
0.10231
0.100658
0.0991575
0.0977949
0.0965587
0.0954378
0.094422
0.0935022
0.0926698
0.091917
0.0912367
0.0906224
0.090068
0.0895682
0.0891178
0.0887123
0.0883475
0.0880196
0.087725
0.0874607
0.0872236
0.0870111
0.0868208
0.0866505
0.0864981
0.086362
0.0862403
0.0861316
0.0860346
0.0859479
0.0858706
0.0858017
0.0857401
0.0856852
0.0856361
0.0855924
0.0855532
0.0855183
0.085487
0.0854591
0.085434
0.0854116
0.0853915
0.0853736
0.0853577
0.0853435
0.0853311
0.0853204
0.0853115
0.0853043
0.0852989
0.0852955
0.961696
0.892193
0.829092
0.771726
0.719503
0.671893
0.628427
0.588685
0.552292
0.518914
0.48825
0.460034
0.434024
0.410005
0.387784
0.367185
0.348054
0.330248
0.313643
0.298125
0.283595
0.269962
0.257151
0.245093
0.23373
0.223015
0.212906
0.203371
0.194384
0.185921
0.177967
0.170503
0.163517
0.156994
0.150919
0.145275
0.140046
0.135213
0.130756
0.126654
0.122887
0.119433
0.116271
0.11338
0.11074
0.108332
0.106138
0.104139
0.102322
0.100669
0.0991672
0.0978039
0.096567
0.0954453
0.0944289
0.0935085
0.0926755
0.0919222
0.0912414
0.0906266
0.0900718
0.0895715
0.0891207
0.0887148
0.0883497
0.0880215
0.0877266
0.087462
0.0872247
0.087012
0.0868215
0.086651
0.0864985
0.0863622
0.0862404
0.0861316
0.0860345
0.0859478
0.0858704
0.0858014
0.0857398
0.0856848
0.0856357
0.0855919
0.0855528
0.0855178
0.0854866
0.0854586
0.0854336
0.0854111
0.0853911
0.0853732
0.0853572
0.0853431
0.0853307
0.0853201
0.0853111
0.0853039
0.0852986
0.0852951
0.961696
0.892193
0.829092
0.771726
0.719502
0.671893
0.628427
0.588685
0.552292
0.518914
0.488251
0.460035
0.434025
0.410007
0.387786
0.367188
0.348057
0.330252
0.313647
0.29813
0.283601
0.269969
0.257159
0.245102
0.23374
0.223026
0.212918
0.203384
0.194397
0.185936
0.177981
0.170519
0.163533
0.15701
0.150935
0.145291
0.140062
0.135228
0.130771
0.126669
0.122901
0.119446
0.116283
0.113392
0.110751
0.108342
0.106147
0.104149
0.10233
0.100677
0.0991745
0.0978107
0.0965731
0.095451
0.0944341
0.0935132
0.0926798
0.091926
0.0912448
0.0906296
0.0900745
0.0895739
0.0891228
0.0887167
0.0883513
0.0880228
0.0877278
0.087463
0.0872255
0.0870126
0.086822
0.0866514
0.0864988
0.0863624
0.0862405
0.0861316
0.0860344
0.0859476
0.0858702
0.0858011
0.0857395
0.0856845
0.0856354
0.0855916
0.0855524
0.0855174
0.0854862
0.0854582
0.0854332
0.0854108
0.0853907
0.0853728
0.0853569
0.0853428
0.0853304
0.0853197
0.0853108
0.0853036
0.0852983
0.0852948
0.961696
0.892193
0.829092
0.771726
0.719502
0.671893
0.628427
0.588685
0.552292
0.518914
0.488251
0.460035
0.434026
0.410008
0.387787
0.36719
0.348059
0.330254
0.31365
0.298134
0.283605
0.269974
0.257164
0.245108
0.233747
0.223033
0.212926
0.203393
0.194406
0.185945
0.177991
0.170529
0.163544
0.157021
0.150945
0.145302
0.140072
0.135238
0.130781
0.126678
0.12291
0.119455
0.116292
0.1134
0.110759
0.108349
0.106154
0.104155
0.102336
0.100682
0.0991794
0.0978151
0.0965772
0.0954547
0.0944375
0.0935163
0.0926825
0.0919285
0.0912471
0.0906317
0.0900763
0.0895754
0.0891242
0.0887179
0.0883523
0.0880237
0.0877285
0.0874636
0.087226
0.087013
0.0868223
0.0866516
0.0864989
0.0863624
0.0862404
0.0861315
0.0860343
0.0859475
0.08587
0.0858009
0.0857392
0.0856842
0.0856351
0.0855913
0.0855521
0.0855171
0.0854859
0.0854579
0.0854329
0.0854105
0.0853904
0.0853725
0.0853566
0.0853425
0.0853301
0.0853195
0.0853106
0.0853034
0.085298
0.0852946
0.961696
0.892193
0.829092
0.771726
0.719502
0.671893
0.628427
0.588685
0.552292
0.518914
0.488252
0.460036
0.434027
0.410009
0.387788
0.36719
0.34806
0.330256
0.313652
0.298136
0.283607
0.269976
0.257167
0.245111
0.23375
0.223037
0.21293
0.203397
0.194411
0.18595
0.177996
0.170534
0.163549
0.157026
0.150951
0.145307
0.140077
0.135243
0.130786
0.126683
0.122915
0.119459
0.116296
0.113404
0.110762
0.108353
0.106157
0.104158
0.102338
0.100684
0.0991817
0.0978173
0.0965792
0.0954565
0.0944391
0.0935177
0.0926839
0.0919297
0.0912481
0.0906326
0.0900771
0.0895761
0.0891248
0.0887184
0.0883527
0.088024
0.0877288
0.0874638
0.0872261
0.0870131
0.0868223
0.0866516
0.0864989
0.0863623
0.0862403
0.0861314
0.0860341
0.0859473
0.0858698
0.0858007
0.085739
0.085684
0.0856349
0.0855911
0.0855519
0.0855169
0.0854857
0.0854577
0.0854327
0.0854103
0.0853902
0.0853723
0.0853564
0.0853423
0.08533
0.0853193
0.0853104
0.0853032
0.0852979
0.0852944
0.961696
0.892193
0.829092
0.771726
0.719502
0.671893
0.628427
0.588685
0.552292
0.518914
0.488252
0.460036
0.434027
0.410009
0.387788
0.36719
0.34806
0.330256
0.313652
0.298136
0.283607
0.269976
0.257167
0.245111
0.23375
0.223037
0.21293
0.203397
0.194411
0.18595
0.177996
0.170534
0.163549
0.157026
0.150951
0.145307
0.140077
0.135243
0.130786
0.126683
0.122915
0.119459
0.116296
0.113404
0.110762
0.108353
0.106157
0.104158
0.102338
0.100684
0.0991816
0.0978172
0.0965791
0.0954564
0.094439
0.0935176
0.0926837
0.0919296
0.091248
0.0906324
0.0900769
0.089576
0.0891246
0.0887182
0.0883526
0.0880239
0.0877286
0.0874636
0.0872259
0.0870129
0.0868221
0.0866514
0.0864987
0.0863621
0.0862402
0.0861312
0.0860339
0.0859471
0.0858697
0.0858006
0.0857389
0.0856839
0.0856348
0.0855909
0.0855518
0.0855168
0.0854855
0.0854575
0.0854325
0.0854101
0.0853901
0.0853722
0.0853563
0.0853422
0.0853298
0.0853192
0.0853103
0.0853031
0.0852978
0.0852943
0.961696
0.892193
0.829092
0.771726
0.719502
0.671893
0.628427
0.588685
0.552292
0.518914
0.488251
0.460035
0.434026
0.410008
0.387787
0.36719
0.348059
0.330254
0.31365
0.298134
0.283605
0.269974
0.257164
0.245108
0.233747
0.223033
0.212926
0.203393
0.194406
0.185945
0.177991
0.170529
0.163544
0.157021
0.150945
0.145302
0.140072
0.135238
0.130781
0.126678
0.12291
0.119455
0.116292
0.1134
0.110758
0.108349
0.106154
0.104154
0.102335
0.100682
0.0991791
0.0978148
0.0965769
0.0954543
0.0944371
0.0935159
0.0926821
0.0919281
0.0912466
0.0906312
0.0900758
0.0895749
0.0891237
0.0887173
0.0883518
0.0880232
0.087728
0.0874631
0.0872254
0.0870125
0.0868217
0.086651
0.0864984
0.0863619
0.0862399
0.086131
0.0860338
0.085947
0.0858695
0.0858004
0.0857388
0.0856838
0.0856347
0.0855908
0.0855517
0.0855167
0.0854855
0.0854575
0.0854325
0.0854101
0.08539
0.0853722
0.0853562
0.0853421
0.0853298
0.0853191
0.0853102
0.085303
0.0852977
0.0852943
0.961696
0.892193
0.829092
0.771726
0.719502
0.671893
0.628427
0.588685
0.552292
0.518914
0.488251
0.460035
0.434025
0.410007
0.387786
0.367188
0.348057
0.330252
0.313647
0.29813
0.283601
0.269969
0.257159
0.245102
0.23374
0.223026
0.212918
0.203384
0.194397
0.185936
0.177982
0.170519
0.163533
0.15701
0.150935
0.145291
0.140062
0.135228
0.130771
0.126669
0.122901
0.119446
0.116283
0.113392
0.110751
0.108342
0.106147
0.104148
0.10233
0.100676
0.099174
0.0978101
0.0965726
0.0954504
0.0944334
0.0935125
0.092679
0.0919253
0.0912441
0.0906289
0.0900737
0.089573
0.089122
0.0887158
0.0883504
0.088022
0.0877269
0.0874621
0.0872246
0.0870117
0.0868211
0.0866505
0.0864979
0.0863615
0.0862396
0.0861307
0.0860335
0.0859468
0.0858694
0.0858003
0.0857387
0.0856837
0.0856346
0.0855908
0.0855517
0.0855167
0.0854855
0.0854575
0.0854325
0.0854101
0.0853901
0.0853722
0.0853563
0.0853422
0.0853298
0.0853192
0.0853102
0.085303
0.0852977
0.0852943
0.961696
0.892193
0.829092
0.771726
0.719503
0.671893
0.628427
0.588685
0.552292
0.518914
0.48825
0.460034
0.434024
0.410005
0.387784
0.367185
0.348054
0.330248
0.313643
0.298125
0.283595
0.269963
0.257151
0.245093
0.233731
0.223015
0.212906
0.203372
0.194384
0.185922
0.177967
0.170504
0.163518
0.156994
0.150919
0.145275
0.140046
0.135213
0.130756
0.126654
0.122887
0.119433
0.116271
0.11338
0.11074
0.108332
0.106137
0.104139
0.102321
0.100668
0.0991665
0.0978032
0.0965662
0.0954445
0.094428
0.0935075
0.0926745
0.0919211
0.0912403
0.0906255
0.0900706
0.0895703
0.0891195
0.0887136
0.0883485
0.0880202
0.0877254
0.0874608
0.0872234
0.0870107
0.0868203
0.0866498
0.0864973
0.086361
0.0862392
0.0861304
0.0860333
0.0859466
0.0858693
0.0858002
0.0857387
0.0856837
0.0856347
0.0855909
0.0855518
0.0855168
0.0854856
0.0854576
0.0854326
0.0854102
0.0853902
0.0853723
0.0853564
0.0853423
0.0853299
0.0853192
0.0853103
0.0853031
0.0852978
0.0852944
0.961696
0.892194
0.829092
0.771726
0.719503
0.671893
0.628427
0.588685
0.552292
0.518913
0.488249
0.460033
0.434023
0.410003
0.387781
0.367182
0.34805
0.330243
0.313637
0.298118
0.283587
0.269953
0.257141
0.245081
0.233717
0.223001
0.212891
0.203355
0.194366
0.185903
0.177947
0.170483
0.163497
0.156973
0.150898
0.145254
0.140025
0.135193
0.130736
0.126635
0.122869
0.119415
0.116254
0.113364
0.110725
0.108317
0.106124
0.104127
0.102309
0.100657
0.0991566
0.097794
0.0965577
0.0954366
0.0944208
0.093501
0.0926685
0.0919157
0.0912354
0.090621
0.0900666
0.0895667
0.0891162
0.0887107
0.0883459
0.088018
0.0877234
0.0874591
0.087222
0.0870095
0.0868192
0.0866489
0.0864965
0.0863604
0.0862387
0.08613
0.086033
0.0859464
0.0858692
0.0858002
0.0857387
0.0856838
0.0856348
0.085591
0.0855519
0.085517
0.0854857
0.0854578
0.0854328
0.0854104
0.0853904
0.0853725
0.0853565
0.0853424
0.08533
0.0853194
0.0853104
0.0853032
0.0852979
0.0852945
0.961697
0.892194
0.829093
0.771727
0.719503
0.671893
0.628427
0.588685
0.552291
0.518912
0.488248
0.460031
0.434021
0.410001
0.387778
0.367178
0.348045
0.330237
0.31363
0.29811
0.283577
0.269942
0.257128
0.245067
0.233701
0.222983
0.212871
0.203334
0.194343
0.185879
0.177922
0.170458
0.163471
0.156947
0.150871
0.145228
0.14
0.135167
0.130711
0.126611
0.122846
0.119393
0.116233
0.113344
0.110706
0.1083
0.106107
0.104111
0.102295
0.100644
0.0991442
0.0977825
0.0965471
0.0954269
0.0944119
0.0934928
0.0926611
0.0919089
0.0912292
0.0906154
0.0900616
0.0895622
0.0891122
0.0887072
0.0883428
0.0880152
0.087721
0.0874569
0.0872201
0.0870079
0.0868179
0.0866478
0.0864957
0.0863597
0.0862381
0.0861296
0.0860327
0.0859462
0.0858691
0.0858002
0.0857387
0.0856839
0.0856349
0.0855912
0.0855521
0.0855172
0.085486
0.0854581
0.085433
0.0854107
0.0853906
0.0853727
0.0853568
0.0853426
0.0853303
0.0853196
0.0853106
0.0853034
0.0852981
0.0852947
0.961697
0.892194
0.829093
0.771727
0.719503
0.671893
0.628427
0.588684
0.552291
0.518912
0.488247
0.46003
0.434018
0.409998
0.387774
0.367173
0.348038
0.33023
0.313621
0.298099
0.283565
0.269928
0.257112
0.245049
0.233682
0.222961
0.212848
0.203308
0.194316
0.185851
0.177893
0.170427
0.163439
0.156915
0.15084
0.145197
0.139968
0.135137
0.130682
0.126583
0.122818
0.119367
0.116208
0.11332
0.110684
0.108279
0.106088
0.104093
0.102278
0.100628
0.0991294
0.0977688
0.0965345
0.0954153
0.0944013
0.0934831
0.0926522
0.0919009
0.0912219
0.0906088
0.0900557
0.0895569
0.0891075
0.0887029
0.088339
0.0880119
0.0877181
0.0874545
0.087218
0.0870061
0.0868163
0.0866465
0.0864946
0.0863588
0.0862375
0.0861291
0.0860324
0.085946
0.085869
0.0858002
0.0857388
0.085684
0.0856351
0.0855914
0.0855524
0.0855175
0.0854863
0.0854584
0.0854334
0.085411
0.0853909
0.085373
0.0853571
0.0853429
0.0853305
0.0853198
0.0853108
0.0853036
0.0852983
0.085295
0.961697
0.892194
0.829093
0.771727
0.719503
0.671894
0.628427
0.588684
0.55229
0.518911
0.488246
0.460028
0.434015
0.409994
0.387769
0.367167
0.348031
0.330221
0.313611
0.298087
0.28355
0.269912
0.257094
0.245028
0.233659
0.222936
0.21282
0.203279
0.194285
0.185817
0.177858
0.170391
0.163403
0.156878
0.150803
0.14516
0.139932
0.135101
0.130647
0.126549
0.122786
0.119337
0.116179
0.113293
0.110658
0.108254
0.106065
0.104071
0.102258
0.100609
0.0991121
0.0977529
0.0965198
0.0954018
0.0943889
0.0934718
0.0926419
0.0918915
0.0912134
0.0906012
0.0900488
0.0895507
0.089102
0.0886981
0.0883347
0.0880081
0.0877148
0.0874516
0.0872156
0.087004
0.0868146
0.0866451
0.0864934
0.0863579
0.0862368
0.0861286
0.086032
0.0859458
0.0858689
0.0858002
0.0857389
0.0856842
0.0856353
0.0855917
0.0855527
0.0855179
0.0854867
0.0854588
0.0854338
0.0854114
0.0853913
0.0853734
0.0853574
0.0853433
0.0853308
0.0853201
0.0853111
0.0853039
0.0852986
0.0852953
0.961697
0.892194
0.829093
0.771727
0.719504
0.671894
0.628427
0.588684
0.55229
0.51891
0.488244
0.460025
0.434012
0.40999
0.387764
0.36716
0.348023
0.330211
0.313599
0.298073
0.283534
0.269893
0.257073
0.245005
0.233632
0.222907
0.212789
0.203245
0.194249
0.185779
0.177819
0.170351
0.163361
0.156836
0.15076
0.145118
0.139891
0.135061
0.130608
0.126511
0.12275
0.119302
0.116146
0.113261
0.110628
0.108226
0.106038
0.104047
0.102235
0.100588
0.0990925
0.0977348
0.0965031
0.0953865
0.0943748
0.0934589
0.0926302
0.0918808
0.0912038
0.0905925
0.0900409
0.0895437
0.0890957
0.0886925
0.0883298
0.0880038
0.0877111
0.0874484
0.0872128
0.0870017
0.0868126
0.0866434
0.0864921
0.0863568
0.086236
0.086128
0.0860316
0.0859456
0.0858688
0.0858002
0.085739
0.0856844
0.0856356
0.0855921
0.0855531
0.0855183
0.0854871
0.0854592
0.0854342
0.0854118
0.0853917
0.0853738
0.0853578
0.0853436
0.0853312
0.0853205
0.0853115
0.0853043
0.0852989
0.0852956
0.961697
0.892194
0.829094
0.771728
0.719504
0.671894
0.628427
0.588684
0.552289
0.518909
0.488242
0.460022
0.434009
0.409985
0.387758
0.367153
0.348014
0.3302
0.313585
0.298058
0.283516
0.269872
0.257049
0.244978
0.233603
0.222875
0.212753
0.203207
0.194208
0.185737
0.177774
0.170305
0.163314
0.156789
0.150713
0.145071
0.139844
0.135016
0.130564
0.126469
0.122709
0.119263
0.116109
0.113226
0.110595
0.108195
0.106009
0.104019
0.102209
0.100565
0.0990705
0.0977145
0.0964844
0.0953693
0.0943591
0.0934445
0.092617
0.0918689
0.091193
0.0905827
0.0900322
0.0895359
0.0890888
0.0886863
0.0883243
0.087999
0.0877069
0.0874447
0.0872097
0.086999
0.0868104
0.0866416
0.0864906
0.0863556
0.0862351
0.0861273
0.0860312
0.0859453
0.0858687
0.0858003
0.0857392
0.0856847
0.085636
0.0855924
0.0855535
0.0855187
0.0854876
0.0854597
0.0854347
0.0854123
0.0853922
0.0853743
0.0853583
0.0853441
0.0853316
0.0853209
0.0853118
0.0853046
0.0852993
0.085296
0.961697
0.892195
0.829094
0.771728
0.719504
0.671894
0.628427
0.588684
0.552288
0.518907
0.48824
0.46002
0.434004
0.409979
0.387751
0.367144
0.348003
0.330187
0.31357
0.29804
0.283496
0.269849
0.257023
0.244949
0.23357
0.222838
0.212714
0.203164
0.194163
0.185689
0.177725
0.170254
0.163262
0.156736
0.15066
0.145018
0.139793
0.134965
0.130515
0.126421
0.122663
0.119219
0.116067
0.113187
0.110558
0.10816
0.105977
0.103989
0.102181
0.100538
0.0990462
0.097692
0.0964637
0.0953503
0.0943417
0.0934286
0.0926025
0.0918558
0.0911811
0.090572
0.0900225
0.0895272
0.089081
0.0886795
0.0883183
0.0879937
0.0877023
0.0874407
0.0872062
0.0869961
0.0868079
0.0866396
0.086489
0.0863543
0.0862341
0.0861266
0.0860307
0.085945
0.0858685
0.0858003
0.0857393
0.0856849
0.0856363
0.0855929
0.085554
0.0855192
0.0854881
0.0854602
0.0854352
0.0854128
0.0853928
0.0853748
0.0853587
0.0853445
0.0853321
0.0853213
0.0853123
0.085305
0.0852997
0.0852964
0.961697
0.892195
0.829094
0.771729
0.719505
0.671895
0.628427
0.588683
0.552288
0.518906
0.488238
0.460016
0.434
0.409974
0.387743
0.367135
0.347992
0.330173
0.313554
0.298021
0.283474
0.269824
0.256993
0.244916
0.233534
0.222798
0.212671
0.203118
0.194114
0.185637
0.17767
0.170198
0.163205
0.156679
0.150602
0.144961
0.139736
0.13491
0.130461
0.12637
0.122614
0.119172
0.116022
0.113144
0.110517
0.108122
0.105941
0.103956
0.10215
0.10051
0.0990196
0.0976674
0.096441
0.0953295
0.0943226
0.0934112
0.0925867
0.0918414
0.091168
0.0905602
0.0900119
0.0895177
0.0890726
0.088672
0.0883117
0.0879879
0.0876972
0.0874364
0.0872025
0.0869929
0.0868053
0.0866373
0.0864872
0.0863529
0.086233
0.0861258
0.0860301
0.0859447
0.0858684
0.0858003
0.0857395
0.0856852
0.0856367
0.0855933
0.0855545
0.0855198
0.0854887
0.0854608
0.0854358
0.0854134
0.0853933
0.0853753
0.0853593
0.085345
0.0853325
0.0853217
0.0853127
0.0853055
0.0853001
0.0852968
0.961697
0.892195
0.829095
0.771729
0.719505
0.671895
0.628427
0.588683
0.552287
0.518904
0.488236
0.460013
0.433995
0.409967
0.387735
0.367124
0.347979
0.330158
0.313536
0.298
0.283449
0.269796
0.256962
0.24488
0.233494
0.222755
0.212623
0.203067
0.19406
0.18558
0.177611
0.170137
0.163143
0.156616
0.150539
0.144898
0.139675
0.13485
0.130403
0.126313
0.122559
0.11912
0.115973
0.113097
0.110473
0.108081
0.105902
0.10392
0.102117
0.100478
0.0989907
0.0976407
0.0964165
0.0953069
0.0943019
0.0933923
0.0925695
0.0918257
0.0911539
0.0905475
0.0900005
0.0895075
0.0890635
0.0886639
0.0883045
0.0879816
0.0876917
0.0874316
0.0871984
0.0869895
0.0868024
0.0866349
0.0864852
0.0863514
0.0862318
0.0861249
0.0860295
0.0859443
0.0858682
0.0858003
0.0857397
0.0856855
0.0856371
0.0855938
0.085555
0.0855203
0.0854893
0.0854614
0.0854364
0.085414
0.0853939
0.0853759
0.0853598
0.0853455
0.085333
0.0853222
0.0853132
0.0853059
0.0853006
0.0852973
0.961697
0.892196
0.829095
0.77173
0.719506
0.671895
0.628428
0.588683
0.552286
0.518902
0.488233
0.460009
0.43399
0.40996
0.387726
0.367113
0.347965
0.330142
0.313517
0.297977
0.283423
0.269765
0.256927
0.244842
0.233451
0.222708
0.212572
0.203012
0.194001
0.185518
0.177547
0.17007
0.163075
0.156547
0.150471
0.144831
0.139608
0.134785
0.13034
0.126252
0.122501
0.119064
0.11592
0.113047
0.110426
0.108037
0.105861
0.103881
0.10208
0.100445
0.0989596
0.097612
0.09639
0.0952826
0.0942797
0.093372
0.092551
0.0918089
0.0911387
0.0905338
0.0899882
0.0894964
0.0890536
0.0886551
0.0882968
0.0879749
0.0876858
0.0874265
0.087194
0.0869857
0.0867992
0.0866323
0.0864831
0.0863497
0.0862304
0.0861239
0.0860288
0.0859439
0.085868
0.0858003
0.0857398
0.0856858
0.0856374
0.0855942
0.0855556
0.0855209
0.0854899
0.085462
0.0854371
0.0854146
0.0853945
0.0853765
0.0853604
0.0853461
0.0853335
0.0853227
0.0853136
0.0853064
0.085301
0.0852977
0.961697
0.892196
0.829096
0.77173
0.719506
0.671896
0.628428
0.588682
0.552285
0.518901
0.48823
0.460004
0.433984
0.409952
0.387716
0.367101
0.347951
0.330124
0.313495
0.297952
0.283394
0.269732
0.25689
0.2448
0.233405
0.222657
0.212517
0.202952
0.193938
0.185452
0.177477
0.169999
0.163003
0.156474
0.150398
0.144758
0.139537
0.134715
0.130272
0.126187
0.122438
0.119004
0.115863
0.112993
0.110375
0.107989
0.105816
0.103839
0.102042
0.100409
0.0989263
0.0975813
0.0963617
0.0952566
0.0942559
0.0933502
0.0925312
0.0917909
0.0911224
0.0905191
0.089975
0.0894846
0.0890431
0.0886458
0.0882886
0.0879676
0.0876795
0.087421
0.0871893
0.0869817
0.0867958
0.0866295
0.0864808
0.0863478
0.086229
0.0861229
0.0860281
0.0859434
0.0858678
0.0858003
0.08574
0.085686
0.0856378
0.0855947
0.0855561
0.0855215
0.0854905
0.0854627
0.0854377
0.0854153
0.0853951
0.0853771
0.0853609
0.0853466
0.085334
0.0853232
0.0853141
0.0853068
0.0853014
0.0852981
0.961697
0.892196
0.829096
0.771731
0.719507
0.671896
0.628428
0.588682
0.552284
0.518899
0.488227
0.46
0.433978
0.409944
0.387706
0.367088
0.347935
0.330105
0.313473
0.297926
0.283363
0.269697
0.25685
0.244755
0.233355
0.222602
0.212457
0.202888
0.19387
0.185381
0.177403
0.169923
0.162925
0.156396
0.15032
0.14468
0.13946
0.13464
0.130199
0.126117
0.122371
0.11894
0.115802
0.112936
0.110321
0.107938
0.105769
0.103795
0.102
0.100371
0.0988909
0.0975486
0.0963316
0.0952289
0.0942305
0.0933271
0.0925101
0.0917718
0.0911051
0.0905035
0.0899609
0.0894721
0.0890319
0.0886358
0.0882798
0.0879599
0.0876728
0.0874152
0.0871843
0.0869774
0.0867922
0.0866265
0.0864783
0.0863459
0.0862275
0.0861217
0.0860273
0.0859429
0.0858675
0.0858002
0.0857401
0.0856863
0.0856382
0.0855952
0.0855566
0.0855221
0.0854911
0.0854633
0.0854383
0.0854159
0.0853957
0.0853777
0.0853615
0.0853472
0.0853346
0.0853237
0.0853145
0.0853072
0.0853019
0.0852985
0.961698
0.892197
0.829097
0.771732
0.719508
0.671897
0.628428
0.588681
0.552283
0.518896
0.488223
0.459995
0.433971
0.409935
0.387695
0.367074
0.347918
0.330084
0.313448
0.297897
0.28333
0.269659
0.256807
0.244707
0.233302
0.222544
0.212394
0.20282
0.193798
0.185305
0.177324
0.169842
0.162842
0.156312
0.150236
0.144598
0.139379
0.134561
0.130123
0.126043
0.1223
0.118873
0.115738
0.112875
0.110264
0.107885
0.105718
0.103748
0.101957
0.10033
0.0988534
0.0975139
0.0962997
0.0951997
0.0942037
0.0933026
0.0924878
0.0917516
0.0910868
0.0904869
0.0899461
0.0894588
0.08902
0.0886253
0.0882705
0.0879517
0.0876656
0.087409
0.0871789
0.0869729
0.0867884
0.0866233
0.0864757
0.0863437
0.0862258
0.0861205
0.0860264
0.0859423
0.0858672
0.0858001
0.0857401
0.0856865
0.0856386
0.0855956
0.0855572
0.0855227
0.0854917
0.085464
0.085439
0.0854165
0.0853963
0.0853782
0.0853621
0.0853477
0.0853351
0.0853241
0.085315
0.0853077
0.0853023
0.0852989
0.961698
0.892197
0.829098
0.771732
0.719508
0.671897
0.628428
0.588681
0.552281
0.518894
0.48822
0.45999
0.433964
0.409926
0.387683
0.367059
0.347899
0.330063
0.313422
0.297867
0.283295
0.269619
0.256762
0.244656
0.233245
0.222482
0.212327
0.202748
0.193721
0.185224
0.177241
0.169756
0.162755
0.156224
0.150148
0.14451
0.139293
0.134477
0.130041
0.125965
0.122225
0.118801
0.11567
0.112811
0.110204
0.107828
0.105665
0.103698
0.101911
0.100287
0.0988138
0.0974774
0.0962661
0.0951689
0.0941755
0.0932768
0.0924644
0.0917303
0.0910675
0.0904695
0.0899304
0.0894447
0.0890075
0.0886142
0.0882607
0.0879431
0.0876581
0.0874024
0.0871733
0.0869681
0.0867843
0.0866199
0.0864729
0.0863415
0.086224
0.0861191
0.0860254
0.0859416
0.0858668
0.0857999
0.0857402
0.0856867
0.0856389
0.0855961
0.0855577
0.0855233
0.0854923
0.0854646
0.0854396
0.0854171
0.0853969
0.0853788
0.0853626
0.0853482
0.0853355
0.0853246
0.0853154
0.085308
0.0853026
0.0852993
0.961698
0.892198
0.829098
0.771733
0.719509
0.671898
0.628428
0.58868
0.55228
0.518891
0.488216
0.459984
0.433956
0.409916
0.38767
0.367043
0.34788
0.330039
0.313395
0.297834
0.283258
0.269576
0.256713
0.244602
0.233185
0.222416
0.212255
0.202672
0.193639
0.185139
0.177152
0.169664
0.162662
0.156131
0.150055
0.144418
0.139202
0.134389
0.129956
0.125882
0.122146
0.118726
0.115599
0.112744
0.11014
0.107768
0.105609
0.103646
0.101862
0.100242
0.0987723
0.0974392
0.0962309
0.0951365
0.0941459
0.0932498
0.0924397
0.0917079
0.0910473
0.0904513
0.089914
0.08943
0.0889944
0.0886025
0.0882503
0.087934
0.0876501
0.0873955
0.0871673
0.086963
0.08678
0.0866163
0.0864699
0.0863391
0.0862221
0.0861176
0.0860243
0.0859409
0.0858663
0.0857997
0.0857402
0.0856869
0.0856392
0.0855965
0.0855582
0.0855238
0.0854929
0.0854652
0.0854402
0.0854177
0.0853975
0.0853794
0.0853631
0.0853487
0.085336
0.085325
0.0853158
0.0853084
0.085303
0.0852996
0.961698
0.892198
0.829099
0.771734
0.71951
0.671898
0.628428
0.58868
0.552278
0.518889
0.488211
0.459978
0.433948
0.409905
0.387656
0.367027
0.34786
0.330015
0.313366
0.2978
0.283218
0.269531
0.256662
0.244545
0.233122
0.222346
0.21218
0.202591
0.193554
0.185049
0.177059
0.169569
0.162565
0.156032
0.149957
0.144321
0.139107
0.134296
0.129866
0.125796
0.122064
0.118647
0.115524
0.112673
0.110074
0.107706
0.105551
0.103592
0.101812
0.100195
0.098729
0.0973991
0.0961941
0.0951027
0.094115
0.0932216
0.092414
0.0916846
0.0910261
0.0904322
0.0898968
0.0894147
0.0889807
0.0885903
0.0882395
0.0879245
0.0876418
0.0873883
0.0871611
0.0869576
0.0867755
0.0866125
0.0864668
0.0863365
0.0862201
0.086116
0.0860231
0.08594
0.0858658
0.0857994
0.0857401
0.085687
0.0856394
0.0855968
0.0855586
0.0855243
0.0854934
0.0854657
0.0854407
0.0854183
0.085398
0.0853798
0.0853636
0.0853491
0.0853363
0.0853253
0.0853161
0.0853087
0.0853032
0.0852999
0.961698
0.892199
0.8291
0.771735
0.719511
0.671899
0.628428
0.588679
0.552277
0.518886
0.488207
0.459972
0.433939
0.409894
0.387642
0.367009
0.347838
0.329988
0.313335
0.297764
0.283177
0.269484
0.256608
0.244484
0.233055
0.222273
0.212101
0.202506
0.193464
0.184954
0.176961
0.169468
0.162462
0.15593
0.149854
0.14422
0.139008
0.134199
0.129772
0.125705
0.121977
0.118565
0.115446
0.112599
0.110004
0.107641
0.10549
0.103535
0.101759
0.100147
0.0986838
0.0973575
0.0961557
0.0950675
0.0940827
0.0931921
0.0923872
0.0916602
0.0910041
0.0904123
0.089879
0.0893986
0.0889663
0.0885776
0.0882283
0.0879146
0.0876331
0.0873807
0.0871545
0.086952
0.0867707
0.0866085
0.0864634
0.0863337
0.0862178
0.0861143
0.0860217
0.085939
0.0858651
0.085799
0.0857399
0.085687
0.0856396
0.0855971
0.085559
0.0855247
0.0854939
0.0854662
0.0854412
0.0854187
0.0853985
0.0853803
0.085364
0.0853495
0.0853367
0.0853256
0.0853163
0.0853089
0.0853035
0.0853001
0.961699
0.892199
0.829101
0.771736
0.719511
0.671899
0.628428
0.588679
0.552275
0.518883
0.488202
0.459965
0.43393
0.409882
0.387627
0.36699
0.347815
0.329961
0.313302
0.297726
0.283133
0.269433
0.256552
0.244421
0.232985
0.222196
0.212017
0.202417
0.193369
0.184855
0.176858
0.169363
0.162356
0.155822
0.149747
0.144114
0.138904
0.134098
0.129674
0.125611
0.121887
0.118479
0.115365
0.112523
0.109932
0.107573
0.105427
0.103476
0.101704
0.100096
0.0986369
0.0973142
0.0961159
0.095031
0.0940493
0.0931616
0.0923594
0.091635
0.0909812
0.0903917
0.0898604
0.089382
0.0889515
0.0885644
0.0882166
0.0879043
0.0876241
0.0873728
0.0871477
0.0869461
0.0867657
0.0866042
0.0864599
0.0863308
0.0862155
0.0861124
0.0860203
0.085938
0.0858644
0.0857986
0.0857397
0.0856869
0.0856397
0.0855973
0.0855593
0.0855251
0.0854943
0.0854666
0.0854417
0.0854192
0.0853989
0.0853807
0.0853643
0.0853498
0.0853369
0.0853258
0.0853165
0.0853091
0.0853036
0.0853003
0.961699
0.8922
0.829101
0.771737
0.719512
0.6719
0.628428
0.588678
0.552273
0.51888
0.488197
0.459958
0.43392
0.409869
0.387611
0.36697
0.347791
0.329932
0.313268
0.297686
0.283087
0.269381
0.256492
0.244354
0.232911
0.222116
0.21193
0.202323
0.193271
0.184752
0.176751
0.169253
0.162244
0.15571
0.149635
0.144003
0.138796
0.133992
0.129572
0.125514
0.121794
0.11839
0.11528
0.112443
0.109857
0.107503
0.105362
0.103415
0.101648
0.100043
0.0985883
0.0972694
0.0960747
0.0949932
0.0940147
0.09313
0.0923307
0.0916089
0.0909576
0.0903703
0.0898412
0.0893647
0.0889361
0.0885506
0.0882044
0.0878935
0.0876146
0.0873646
0.0871406
0.08694
0.0867604
0.0865998
0.0864562
0.0863277
0.086213
0.0861104
0.0860187
0.0859368
0.0858635
0.085798
0.0857393
0.0856868
0.0856397
0.0855975
0.0855595
0.0855254
0.0854947
0.085467
0.085442
0.0854195
0.0853992
0.085381
0.0853646
0.08535
0.0853371
0.085326
0.0853166
0.0853092
0.0853037
0.0853003
0.961699
0.8922
0.829102
0.771738
0.719513
0.671901
0.628428
0.588677
0.552271
0.518876
0.488192
0.45995
0.43391
0.409856
0.387594
0.366949
0.347765
0.329902
0.313232
0.297644
0.283038
0.269326
0.25643
0.244285
0.232835
0.222032
0.21184
0.202226
0.193168
0.184644
0.176639
0.169139
0.162128
0.155594
0.14952
0.143889
0.138684
0.133883
0.129467
0.125412
0.121697
0.118298
0.115193
0.112361
0.10978
0.107431
0.105294
0.103352
0.101589
0.0999892
0.0985382
0.0972233
0.0960323
0.0949542
0.093979
0.0930974
0.092301
0.0915819
0.0909332
0.0903483
0.0898213
0.0893469
0.0889201
0.0885365
0.0881918
0.0878824
0.0876049
0.0873561
0.0871332
0.0869336
0.0867549
0.0865951
0.0864522
0.0863245
0.0862103
0.0861083
0.086017
0.0859355
0.0858626
0.0857973
0.0857389
0.0856866
0.0856396
0.0855975
0.0855596
0.0855256
0.0854949
0.0854673
0.0854423
0.0854198
0.0853995
0.0853812
0.0853647
0.0853501
0.0853372
0.085326
0.0853166
0.0853091
0.0853036
0.0853003
0.961699
0.892201
0.829103
0.771739
0.719514
0.671901
0.628428
0.588676
0.552269
0.518872
0.488186
0.459942
0.433899
0.409842
0.387576
0.366927
0.347739
0.32987
0.313195
0.297601
0.282988
0.269268
0.256365
0.244213
0.232755
0.221945
0.211745
0.202125
0.193061
0.184533
0.176524
0.16902
0.162008
0.155473
0.1494
0.143771
0.138568
0.133771
0.129358
0.125308
0.121597
0.118203
0.115103
0.112276
0.1097
0.107356
0.105224
0.103288
0.101529
0.0999334
0.0984867
0.0971758
0.0959886
0.0949141
0.0939424
0.093064
0.0922705
0.0915542
0.0909081
0.0903256
0.0898009
0.0893286
0.0889037
0.0885219
0.0881788
0.087871
0.0875948
0.0873472
0.0871255
0.0869269
0.0867492
0.0865903
0.0864481
0.0863211
0.0862075
0.0861059
0.0860152
0.085934
0.0858615
0.0857965
0.0857383
0.0856862
0.0856394
0.0855974
0.0855597
0.0855257
0.0854951
0.0854674
0.0854425
0.0854199
0.0853996
0.0853813
0.0853648
0.0853501
0.0853372
0.085326
0.0853165
0.085309
0.0853035
0.0853001
0.961699
0.892202
0.829104
0.77174
0.719515
0.671902
0.628428
0.588675
0.552267
0.518869
0.48818
0.459934
0.433888
0.409827
0.387557
0.366904
0.347711
0.329836
0.313155
0.297555
0.282935
0.269208
0.256298
0.244137
0.232671
0.221854
0.211647
0.20202
0.19295
0.184417
0.176404
0.168898
0.161884
0.155349
0.149276
0.143649
0.138448
0.133655
0.129246
0.1252
0.121494
0.118105
0.115011
0.112189
0.109619
0.10728
0.105153
0.103221
0.101467
0.0998762
0.0984339
0.0971271
0.0959438
0.0948731
0.0939048
0.0930296
0.0922392
0.0915258
0.0908823
0.0903024
0.08978
0.0893098
0.0888869
0.0885068
0.0881655
0.0878591
0.0875844
0.0873381
0.0871175
0.08692
0.0867433
0.0865852
0.0864438
0.0863174
0.0862045
0.0861035
0.0860132
0.0859325
0.0858602
0.0857956
0.0857376
0.0856857
0.0856391
0.0855973
0.0855596
0.0855257
0.0854951
0.0854675
0.0854425
0.08542
0.0853996
0.0853812
0.0853647
0.08535
0.085337
0.0853258
0.0853163
0.0853088
0.0853032
0.0852998
0.9617
0.892202
0.829105
0.771741
0.719516
0.671902
0.628428
0.588674
0.552264
0.518864
0.488174
0.459925
0.433876
0.409812
0.387538
0.36688
0.347681
0.329802
0.313114
0.297507
0.28288
0.269146
0.256227
0.244059
0.232585
0.22176
0.211546
0.201912
0.192836
0.184297
0.17628
0.168771
0.161756
0.15522
0.149148
0.143523
0.138325
0.133535
0.129131
0.12509
0.121389
0.118005
0.114916
0.1121
0.109535
0.107201
0.10508
0.103153
0.101404
0.0998178
0.0983799
0.0970773
0.095898
0.0948311
0.0938663
0.0929945
0.0922072
0.0914968
0.090856
0.0902786
0.0897585
0.0892905
0.0888697
0.0884914
0.0881518
0.087847
0.0875737
0.0873287
0.0871093
0.0869129
0.0867371
0.0865799
0.0864393
0.0863136
0.0862013
0.0861009
0.086011
0.0859307
0.0858588
0.0857945
0.0857368
0.0856851
0.0856387
0.0855969
0.0855594
0.0855255
0.085495
0.0854674
0.0854425
0.0854199
0.0853995
0.0853811
0.0853646
0.0853498
0.0853368
0.0853255
0.085316
0.0853084
0.0853028
0.0852994
0.9617
0.892203
0.829106
0.771742
0.719517
0.671903
0.628428
0.588673
0.552262
0.51886
0.488167
0.459915
0.433863
0.409795
0.387517
0.366855
0.347651
0.329765
0.313072
0.297458
0.282824
0.269081
0.256155
0.243978
0.232496
0.221663
0.211441
0.2018
0.192718
0.184174
0.176153
0.168641
0.161625
0.155088
0.149017
0.143394
0.1382
0.133413
0.129013
0.124977
0.121281
0.117903
0.11482
0.112009
0.109449
0.107121
0.105005
0.103084
0.10134
0.0997581
0.0983248
0.0970265
0.0958514
0.0947883
0.0938271
0.0929588
0.0921747
0.0914671
0.0908292
0.0902543
0.0897366
0.0892708
0.088852
0.0884757
0.0881378
0.0878346
0.0875627
0.0873191
0.0871009
0.0869055
0.0867308
0.0865744
0.0864346
0.0863097
0.0861979
0.086098
0.0860087
0.0859288
0.0858573
0.0857932
0.0857358
0.0856843
0.0856381
0.0855965
0.085559
0.0855252
0.0854948
0.0854672
0.0854422
0.0854197
0.0853993
0.0853808
0.0853642
0.0853494
0.0853364
0.085325
0.0853155
0.0853079
0.0853023
0.0852989
0.9617
0.892204
0.829107
0.771743
0.719518
0.671904
0.628428
0.588672
0.552259
0.518855
0.48816
0.459905
0.43385
0.409778
0.387496
0.366828
0.347619
0.329728
0.313027
0.297406
0.282765
0.269015
0.25608
0.243895
0.232404
0.221563
0.211333
0.201685
0.192596
0.184047
0.176023
0.168508
0.16149
0.154953
0.148883
0.143262
0.138071
0.133288
0.128893
0.124862
0.121171
0.117799
0.114721
0.111916
0.109362
0.10704
0.104929
0.103013
0.101274
0.0996975
0.0982688
0.096975
0.095804
0.0947448
0.0937873
0.0929224
0.0921415
0.091437
0.0908019
0.0902296
0.0897144
0.0892508
0.0888341
0.0884596
0.0881235
0.0878219
0.0875515
0.0873092
0.0870922
0.086898
0.0867242
0.0865687
0.0864298
0.0863055
0.0861944
0.0860951
0.0860062
0.0859268
0.0858556
0.0857919
0.0857347
0.0856834
0.0856373
0.0855959
0.0855585
0.0855248
0.0854944
0.0854668
0.0854419
0.0854193
0.0853989
0.0853804
0.0853638
0.0853489
0.0853358
0.0853244
0.0853149
0.0853072
0.0853016
0.0852982
0.961701
0.892205
0.829108
0.771744
0.719519
0.671904
0.628428
0.58867
0.552256
0.51885
0.488152
0.459895
0.433836
0.40976
0.387473
0.366801
0.347586
0.329688
0.312982
0.297353
0.282704
0.268946
0.256002
0.243809
0.23231
0.22146
0.211222
0.201567
0.192472
0.183918
0.175889
0.168372
0.161352
0.154816
0.148747
0.143128
0.13794
0.133161
0.12877
0.124744
0.12106
0.117693
0.114621
0.111822
0.109274
0.106957
0.104852
0.102941
0.101208
0.0996361
0.0982121
0.0969227
0.0957559
0.0947007
0.093747
0.0928856
0.092108
0.0914065
0.0907742
0.0902046
0.0896918
0.0892305
0.0888158
0.0884433
0.0881089
0.0878089
0.08754
0.0872991
0.0870833
0.0868902
0.0867174
0.0865629
0.0864247
0.0863011
0.0861907
0.0860919
0.0860036
0.0859245
0.0858537
0.0857903
0.0857334
0.0856823
0.0856364
0.0855951
0.0855578
0.0855242
0.0854938
0.0854663
0.0854414
0.0854188
0.0853983
0.0853798
0.0853632
0.0853483
0.0853351
0.0853237
0.0853141
0.0853064
0.0853008
0.0852974
0.961701
0.892205
0.829109
0.771746
0.71952
0.671905
0.628427
0.588668
0.552252
0.518844
0.488144
0.459883
0.433821
0.409741
0.38745
0.366772
0.347552
0.329648
0.312934
0.297299
0.282641
0.268875
0.255923
0.243721
0.232213
0.221354
0.211109
0.201447
0.192345
0.183786
0.175753
0.168233
0.161212
0.154675
0.148608
0.142991
0.137806
0.133032
0.128646
0.124625
0.120946
0.117585
0.11452
0.111727
0.109185
0.106874
0.104774
0.102869
0.101141
0.099574
0.0981548
0.0968699
0.0957074
0.0946562
0.0937063
0.0928484
0.0920741
0.0913757
0.0907462
0.0901792
0.0896689
0.0892099
0.0887973
0.0884267
0.0880941
0.0877958
0.0875283
0.0872887
0.0870742
0.0868822
0.0867104
0.0865568
0.0864194
0.0862966
0.0861868
0.0860886
0.0860007
0.0859221
0.0858517
0.0857886
0.0857319
0.0856811
0.0856354
0.0855942
0.085557
0.0855235
0.0854931
0.0854656
0.0854407
0.0854181
0.0853976
0.0853791
0.0853624
0.0853474
0.0853343
0.0853228
0.0853132
0.0853055
0.0852998
0.0852964
0.961701
0.892206
0.82911
0.771747
0.719521
0.671905
0.628427
0.588666
0.552249
0.518838
0.488136
0.459872
0.433806
0.409722
0.387425
0.366743
0.347516
0.329606
0.312885
0.297242
0.282577
0.268802
0.255842
0.24363
0.232114
0.221247
0.210993
0.201324
0.192216
0.183651
0.175614
0.168092
0.161069
0.154533
0.148467
0.142853
0.137671
0.132902
0.128521
0.124505
0.120832
0.117477
0.114417
0.11163
0.109095
0.10679
0.104696
0.102796
0.101073
0.0995115
0.0980971
0.0968168
0.0956585
0.0946114
0.0936652
0.0928109
0.0920399
0.0913446
0.090718
0.0901537
0.0896458
0.0891891
0.0887786
0.08841
0.0880792
0.0877824
0.0875165
0.0872782
0.0870649
0.086874
0.0867033
0.0865506
0.086414
0.0862919
0.0861827
0.0860851
0.0859977
0.0859195
0.0858495
0.0857867
0.0857303
0.0856797
0.0856341
0.085593
0.085556
0.0855225
0.0854922
0.0854648
0.0854398
0.0854172
0.0853967
0.0853782
0.0853614
0.0853465
0.0853332
0.0853217
0.0853121
0.0853043
0.0852987
0.0852953
0.961701
0.892207
0.829112
0.771748
0.719522
0.671905
0.628426
0.588664
0.552245
0.518832
0.488126
0.459859
0.433789
0.409701
0.3874
0.366712
0.34748
0.329563
0.312835
0.297185
0.282511
0.268728
0.255759
0.243539
0.232013
0.221137
0.210876
0.201199
0.192084
0.183515
0.175474
0.167949
0.160925
0.154389
0.148325
0.142713
0.137535
0.13277
0.128394
0.124384
0.120717
0.117368
0.114315
0.111534
0.109004
0.106705
0.104617
0.102723
0.101005
0.0994487
0.0980392
0.0967634
0.0956095
0.0945664
0.0936241
0.0927733
0.0920056
0.0913134
0.0906897
0.090128
0.0896227
0.0891682
0.0887598
0.0883931
0.0880641
0.087769
0.0875045
0.0872676
0.0870555
0.0868657
0.086696
0.0865441
0.0864084
0.086287
0.0861785
0.0860814
0.0859945
0.0859167
0.085847
0.0857846
0.0857285
0.085678
0.0856327
0.0855917
0.0855548
0.0855214
0.0854911
0.0854637
0.0854388
0.0854162
0.0853957
0.0853771
0.0853603
0.0853453
0.085332
0.0853205
0.0853108
0.085303
0.0852974
0.085294
0.961702
0.892208
0.829113
0.771749
0.719523
0.671905
0.628425
0.588662
0.55224
0.518825
0.488116
0.459846
0.433772
0.409679
0.387374
0.36668
0.347442
0.329518
0.312784
0.297125
0.282444
0.268652
0.255674
0.243445
0.231911
0.221027
0.210757
0.201073
0.191952
0.183377
0.175332
0.167805
0.16078
0.154244
0.148181
0.142573
0.137399
0.132638
0.128267
0.124263
0.120601
0.117259
0.114211
0.111437
0.108913
0.10662
0.104538
0.10265
0.100937
0.099386
0.0979813
0.0967102
0.0955606
0.0945215
0.093583
0.0927357
0.0919713
0.0912822
0.0906614
0.0901024
0.0895994
0.0891472
0.0887409
0.0883761
0.0880488
0.0877554
0.0874924
0.0872568
0.0870459
0.0868573
0.0866885
0.0865375
0.0864026
0.0862819
0.086174
0.0860775
0.0859911
0.0859138
0.0858444
0.0857823
0.0857264
0.0856762
0.085631
0.0855902
0.0855534
0.0855201
0.0854899
0.0854625
0.0854376
0.0854149
0.0853944
0.0853758
0.085359
0.0853439
0.0853306
0.0853191
0.0853093
0.0853016
0.0852959
0.0852925
0.961702
0.892209
0.829114
0.77175
0.719524
0.671905
0.628424
0.588659
0.552235
0.518817
0.488106
0.459831
0.433754
0.409657
0.387346
0.366647
0.347403
0.329473
0.312731
0.297065
0.282376
0.268576
0.255589
0.243351
0.231808
0.220915
0.210637
0.200945
0.191818
0.183238
0.17519
0.16766
0.160634
0.154099
0.148038
0.142432
0.137262
0.132505
0.12814
0.124141
0.120486
0.11715
0.114109
0.11134
0.108823
0.106536
0.10446
0.102577
0.10087
0.0993236
0.0979237
0.0966571
0.0955118
0.0944768
0.093542
0.0926983
0.0919372
0.0912511
0.0906331
0.0900767
0.0895762
0.0891263
0.088722
0.0883592
0.0880336
0.0877417
0.0874801
0.0872459
0.0870362
0.0868487
0.0866809
0.0865308
0.0863966
0.0862767
0.0861694
0.0860734
0.0859875
0.0859106
0.0858416
0.0857798
0.0857242
0.0856742
0.0856292
0.0855885
0.0855518
0.0855186
0.0854884
0.085461
0.0854361
0.0854135
0.085393
0.0853743
0.0853575
0.0853424
0.085329
0.0853175
0.0853077
0.0852999
0.0852942
0.0852908
0.961702
0.89221
0.829115
0.771751
0.719524
0.671905
0.628422
0.588655
0.552229
0.518809
0.488094
0.459816
0.433735
0.409633
0.387318
0.366613
0.347363
0.329427
0.312678
0.297005
0.282307
0.268498
0.255503
0.243256
0.231704
0.220803
0.210517
0.200818
0.191685
0.1831
0.175048
0.167515
0.160489
0.153954
0.147895
0.142292
0.137125
0.132374
0.128013
0.124021
0.120371
0.117041
0.114007
0.111244
0.108733
0.106452
0.104382
0.102505
0.100803
0.0992617
0.0978666
0.0966045
0.0954635
0.0944324
0.0935014
0.0926611
0.0919033
0.0912203
0.090605
0.0900512
0.0895531
0.0891054
0.0887032
0.0883422
0.0880183
0.087728
0.0874679
0.087235
0.0870265
0.08684
0.0866731
0.0865239
0.0863906
0.0862713
0.0861646
0.0860692
0.0859838
0.0859072
0.0858386
0.0857771
0.0857217
0.085672
0.0856271
0.0855866
0.08555
0.0855168
0.0854867
0.0854594
0.0854345
0.0854119
0.0853913
0.0853726
0.0853558
0.0853407
0.0853273
0.0853157
0.0853059
0.0852981
0.0852924
0.085289
0.961703
0.89221
0.829116
0.771752
0.719525
0.671904
0.62842
0.588651
0.552223
0.5188
0.488082
0.459801
0.433715
0.409609
0.387288
0.366578
0.347322
0.32938
0.312624
0.296943
0.282238
0.268421
0.255416
0.243161
0.2316
0.220691
0.210397
0.200691
0.191552
0.182962
0.174906
0.167371
0.160344
0.15381
0.147752
0.142153
0.13699
0.132243
0.127888
0.123901
0.120258
0.116934
0.113906
0.11115
0.108645
0.10637
0.104305
0.102433
0.100737
0.0992006
0.0978102
0.0965526
0.0954158
0.0943887
0.0934613
0.0926245
0.0918698
0.0911898
0.0905773
0.090026
0.0895303
0.0890847
0.0886845
0.0883253
0.0880032
0.0877144
0.0874556
0.087224
0.0870167
0.0868312
0.0866653
0.086517
0.0863843
0.0862657
0.0861597
0.0860648
0.0859798
0.0859037
0.0858354
0.0857742
0.0857191
0.0856695
0.0856248
0.0855845
0.085548
0.0855149
0.0854848
0.0854575
0.0854327
0.08541
0.0853894
0.0853708
0.0853539
0.0853387
0.0853253
0.0853137
0.0853039
0.0852961
0.0852903
0.085287
0.961703
0.892211
0.829117
0.771753
0.719525
0.671903
0.628417
0.588647
0.552216
0.51879
0.488069
0.459784
0.433694
0.409584
0.387258
0.366543
0.347281
0.329332
0.31257
0.296882
0.282168
0.268343
0.255331
0.243067
0.231497
0.220579
0.210278
0.200565
0.19142
0.182825
0.174766
0.167229
0.160202
0.153668
0.147612
0.142015
0.136857
0.132114
0.127765
0.123784
0.120146
0.116829
0.113806
0.111057
0.108558
0.106289
0.10423
0.102363
0.100672
0.0991407
0.097755
0.0965017
0.095369
0.0943458
0.093422
0.0925885
0.091837
0.0911598
0.09055
0.0900012
0.0895078
0.0890643
0.088666
0.0883086
0.0879881
0.0877008
0.0874434
0.087213
0.0870068
0.0868224
0.0866574
0.0865099
0.086378
0.08626
0.0861546
0.0860602
0.0859757
0.0858999
0.085832
0.0857711
0.0857162
0.0856669
0.0856223
0.0855821
0.0855457
0.0855127
0.0854827
0.0854554
0.0854306
0.085408
0.0853874
0.0853687
0.0853518
0.0853366
0.0853232
0.0853115
0.0853017
0.0852938
0.0852881
0.0852848
0.961704
0.892212
0.829118
0.771753
0.719524
0.671902
0.628414
0.588641
0.552208
0.518779
0.488054
0.459766
0.433672
0.409558
0.387227
0.366507
0.34724
0.329285
0.312516
0.29682
0.2821
0.268267
0.255246
0.242973
0.231396
0.22047
0.210161
0.200441
0.19129
0.182691
0.174628
0.16709
0.160062
0.153529
0.147475
0.141881
0.136726
0.131989
0.127644
0.123669
0.120037
0.116726
0.113709
0.110966
0.108473
0.106209
0.104156
0.102295
0.100609
0.0990822
0.0977011
0.0964521
0.0953234
0.0943039
0.0933836
0.0925534
0.0918049
0.0911305
0.0905233
0.0899769
0.0894857
0.0890443
0.0886479
0.0882922
0.0879733
0.0876874
0.0874314
0.0872021
0.086997
0.0868135
0.0866494
0.0865027
0.0863715
0.0862542
0.0861493
0.0860554
0.0859713
0.085896
0.0858284
0.0857677
0.0857132
0.085664
0.0856196
0.0855795
0.0855432
0.0855103
0.0854804
0.0854531
0.0854283
0.0854057
0.0853851
0.0853664
0.0853495
0.0853343
0.0853208
0.0853091
0.0852993
0.0852915
0.0852858
0.0852824
0.961704
0.892213
0.829119
0.771754
0.719524
0.6719
0.62841
0.588635
0.552199
0.518767
0.488039
0.459747
0.43365
0.409531
0.387196
0.366471
0.347198
0.329237
0.312462
0.29676
0.282032
0.268191
0.255163
0.242882
0.231297
0.220363
0.210047
0.200321
0.191164
0.18256
0.174494
0.166954
0.159925
0.153393
0.147341
0.14175
0.1366
0.131866
0.127527
0.123557
0.119932
0.116626
0.113616
0.110878
0.10839
0.106133
0.104085
0.102229
0.100548
0.0990257
0.0976489
0.0964041
0.0952792
0.0942633
0.0933464
0.0925193
0.0917737
0.091102
0.0904973
0.0899533
0.0894642
0.0890247
0.0886302
0.0882761
0.0879587
0.0876742
0.0874194
0.0871914
0.0869873
0.0868047
0.0866415
0.0864955
0.086365
0.0862483
0.0861439
0.0860505
0.0859669
0.0858919
0.0858246
0.0857642
0.0857099
0.0856609
0.0856167
0.0855768
0.0855406
0.0855077
0.0854778
0.0854506
0.0854258
0.0854032
0.0853826
0.0853639
0.085347
0.0853317
0.0853183
0.0853066
0.0852968
0.0852889
0.0852832
0.0852799
0.961704
0.892213
0.829119
0.771754
0.719522
0.671897
0.628405
0.588628
0.552189
0.518754
0.488023
0.459728
0.433627
0.409504
0.387165
0.366435
0.347157
0.329191
0.312409
0.296701
0.281966
0.268118
0.255082
0.242794
0.231201
0.22026
0.209936
0.200204
0.191042
0.182434
0.174365
0.166823
0.159794
0.153263
0.147212
0.141624
0.136477
0.131749
0.127414
0.12345
0.11983
0.11653
0.113525
0.110793
0.108311
0.106059
0.104016
0.102165
0.100489
0.0989714
0.0975988
0.0963579
0.0952367
0.0942243
0.0933106
0.0924865
0.0917437
0.0910747
0.0904723
0.0899305
0.0894434
0.0890058
0.088613
0.0882605
0.0879445
0.0876613
0.0874078
0.0871808
0.0869777
0.086796
0.0866336
0.0864883
0.0863585
0.0862424
0.0861385
0.0860455
0.0859623
0.0858877
0.0858207
0.0857605
0.0857064
0.0856576
0.0856136
0.0855738
0.0855377
0.0855049
0.0854751
0.0854479
0.0854231
0.0854005
0.0853799
0.0853612
0.0853443
0.0853291
0.0853156
0.0853039
0.0852941
0.0852862
0.0852806
0.0852772
0.961704
0.892214
0.829119
0.771753
0.719521
0.671893
0.628399
0.588619
0.552178
0.51874
0.488006
0.459708
0.433603
0.409477
0.387134
0.366399
0.347117
0.329145
0.312359
0.296644
0.281903
0.268048
0.255005
0.242709
0.231109
0.220161
0.209831
0.200093
0.190925
0.182313
0.174242
0.166698
0.159668
0.153138
0.147089
0.141504
0.136361
0.131637
0.127307
0.123348
0.119733
0.116438
0.113439
0.110713
0.108236
0.105989
0.103951
0.102105
0.100433
0.0989197
0.0975511
0.096314
0.0951964
0.0941872
0.0932766
0.0924553
0.0917152
0.0910485
0.0904484
0.0899087
0.0894235
0.0889877
0.0885964
0.0882455
0.0879308
0.0876489
0.0873964
0.0871704
0.0869683
0.0867875
0.0866258
0.0864812
0.086352
0.0862364
0.086133
0.0860405
0.0859576
0.0858833
0.0858166
0.0857567
0.0857028
0.0856542
0.0856103
0.0855706
0.0855346
0.0855019
0.0854721
0.085445
0.0854203
0.0853977
0.0853771
0.0853584
0.0853414
0.0853262
0.0853128
0.0853011
0.0852913
0.0852834
0.0852778
0.0852745
0.961705
0.892214
0.829119
0.771752
0.719518
0.671888
0.628392
0.58861
0.552166
0.518726
0.487989
0.459687
0.433579
0.40945
0.387103
0.366365
0.347078
0.329102
0.31231
0.29659
0.281843
0.267982
0.254932
0.24263
0.231023
0.220068
0.209731
0.199988
0.190816
0.1822
0.174125
0.16658
0.15955
0.15302
0.146974
0.141391
0.136251
0.131531
0.127206
0.123251
0.119642
0.116352
0.113358
0.110637
0.108166
0.105923
0.10389
0.102048
0.10038
0.0988712
0.0975064
0.0962728
0.0951584
0.0941523
0.0932445
0.092426
0.0916882
0.0910238
0.0904259
0.0898881
0.0894047
0.0889705
0.0885807
0.0882311
0.0879177
0.0876369
0.0873855
0.0871605
0.0869592
0.0867791
0.0866181
0.0864742
0.0863455
0.0862304
0.0861275
0.0860354
0.0859528
0.0858788
0.0858124
0.0857527
0.085699
0.0856506
0.0856068
0.0855673
0.0855314
0.0854987
0.085469
0.085442
0.0854173
0.0853947
0.0853742
0.0853554
0.0853385
0.0853233
0.0853098
0.0852982
0.0852884
0.0852806
0.0852749
0.0852717
0.961705
0.892214
0.829119
0.77175
0.719514
0.671883
0.628385
0.5886
0.552153
0.518711
0.487971
0.459667
0.433556
0.409423
0.387073
0.366332
0.347042
0.329061
0.312265
0.29654
0.281787
0.267921
0.254865
0.242556
0.230942
0.219981
0.209639
0.19989
0.190714
0.182094
0.174017
0.166471
0.15944
0.152911
0.146867
0.141287
0.13615
0.131433
0.127113
0.123162
0.119557
0.116273
0.113284
0.110567
0.1081
0.105862
0.103834
0.101996
0.100332
0.0988264
0.097465
0.0962347
0.0951233
0.09412
0.0932149
0.0923987
0.0916632
0.0910009
0.0904049
0.0898688
0.089387
0.0889543
0.088566
0.0882176
0.0879053
0.0876256
0.0873751
0.087151
0.0869504
0.0867711
0.0866108
0.0864674
0.0863392
0.0862246
0.0861221
0.0860303
0.0859481
0.0858744
0.0858082
0.0857487
0.0856952
0.0856469
0.0856033
0.0855638
0.085528
0.0854955
0.0854659
0.0854388
0.0854142
0.0853916
0.0853711
0.0853524
0.0853355
0.0853203
0.0853069
0.0852952
0.0852855
0.0852777
0.0852721
0.0852689
0.961705
0.892214
0.829118
0.771748
0.71951
0.671876
0.628376
0.588589
0.55214
0.518695
0.487953
0.459647
0.433534
0.409398
0.387046
0.366301
0.347008
0.329024
0.312223
0.296494
0.281737
0.267865
0.254803
0.242489
0.23087
0.219903
0.209556
0.199802
0.190622
0.181999
0.17392
0.166372
0.159341
0.152813
0.146769
0.141192
0.136058
0.131345
0.127028
0.123082
0.119481
0.1162
0.113216
0.110503
0.108041
0.105807
0.103782
0.101948
0.100288
0.0987857
0.0974275
0.0962
0.0950914
0.0940907
0.0931879
0.0923739
0.0916405
0.09098
0.0903857
0.0898512
0.0893709
0.0889395
0.0885524
0.0882051
0.0878939
0.0876151
0.0873655
0.0871421
0.0869422
0.0867635
0.0866037
0.0864609
0.0863332
0.086219
0.0861168
0.0860253
0.0859434
0.08587
0.085804
0.0857448
0.0856914
0.0856433
0.0855998
0.0855604
0.0855247
0.0854922
0.0854626
0.0854357
0.085411
0.0853886
0.085368
0.0853494
0.0853325
0.0853173
0.0853039
0.0852923
0.0852826
0.0852748
0.0852693
0.0852661
0.961705
0.892214
0.829116
0.771744
0.719505
0.671869
0.628367
0.588578
0.552127
0.51868
0.487936
0.459628
0.433513
0.409376
0.387021
0.366274
0.346978
0.328991
0.312187
0.296454
0.281693
0.267816
0.25475
0.242431
0.230806
0.219835
0.209483
0.199725
0.19054
0.181915
0.173833
0.166284
0.159253
0.152725
0.146684
0.141108
0.135977
0.131266
0.126953
0.12301
0.119413
0.116137
0.113156
0.110447
0.107989
0.105758
0.103737
0.101906
0.100249
0.0987498
0.0973943
0.0961695
0.0950632
0.0940647
0.093164
0.0923519
0.0916202
0.0909614
0.0903686
0.0898355
0.0893564
0.0889262
0.0885401
0.0881939
0.0878835
0.0876055
0.0873566
0.0871339
0.0869347
0.0867565
0.0865972
0.0864548
0.0863275
0.0862137
0.0861118
0.0860206
0.085939
0.0858657
0.0858
0.0857409
0.0856877
0.0856397
0.0855963
0.085557
0.0855214
0.085489
0.0854595
0.0854325
0.085408
0.0853855
0.085365
0.0853464
0.0853296
0.0853144
0.0853011
0.0852895
0.0852798
0.0852721
0.0852666
0.0852635
0.961705
0.892213
0.829114
0.77174
0.719499
0.671862
0.628357
0.588567
0.552115
0.518666
0.487921
0.459611
0.433495
0.409356
0.386999
0.36625
0.346952
0.328963
0.312156
0.29642
0.281655
0.267775
0.254705
0.242381
0.230753
0.219777
0.209421
0.199659
0.190472
0.181843
0.173761
0.16621
0.159179
0.152652
0.146611
0.141037
0.135908
0.1312
0.126889
0.12295
0.119356
0.116082
0.113105
0.1104
0.107944
0.105717
0.103699
0.101871
0.100216
0.0987193
0.0973662
0.0961435
0.0950393
0.0940426
0.0931436
0.0923331
0.0916029
0.0909455
0.0903539
0.0898219
0.0893439
0.0889147
0.0885295
0.088184
0.0878744
0.0875971
0.0873488
0.0871267
0.0869279
0.0867502
0.0865914
0.0864493
0.0863224
0.0862088
0.0861072
0.0860163
0.0859348
0.0858618
0.0857962
0.0857373
0.0856842
0.0856363
0.085593
0.0855538
0.0855183
0.0854859
0.0854565
0.0854296
0.0854051
0.0853827
0.0853622
0.0853436
0.0853268
0.0853118
0.0852984
0.0852869
0.0852773
0.0852696
0.0852642
0.0852611
0.961705
0.892212
0.829111
0.771736
0.719493
0.671854
0.628349
0.588557
0.552104
0.518654
0.487908
0.459597
0.43348
0.40934
0.386982
0.366232
0.346932
0.32894
0.312132
0.296393
0.281626
0.267743
0.254669
0.242342
0.23071
0.219731
0.209372
0.199607
0.190417
0.181787
0.173703
0.166151
0.15912
0.152593
0.146553
0.14098
0.135853
0.131147
0.126838
0.122901
0.11931
0.116039
0.113064
0.110361
0.107908
0.105684
0.103668
0.101842
0.10019
0.0986949
0.0973436
0.0961226
0.09502
0.0940248
0.0931272
0.092318
0.0915889
0.0909325
0.0903419
0.0898109
0.0893337
0.0889052
0.0885207
0.0881759
0.0878669
0.0875901
0.0873423
0.0871206
0.0869222
0.0867449
0.0865864
0.0864446
0.0863179
0.0862046
0.0861032
0.0860125
0.0859312
0.0858583
0.0857929
0.085734
0.0856811
0.0856333
0.0855901
0.0855509
0.0855154
0.0854832
0.0854538
0.0854269
0.0854024
0.0853801
0.0853597
0.0853411
0.0853244
0.0853094
0.0852961
0.0852846
0.0852751
0.0852675
0.0852621
0.0852591
0.961705
0.892211
0.829109
0.771732
0.719488
0.671848
0.628342
0.588549
0.552095
0.518645
0.487898
0.459587
0.433469
0.409328
0.386969
0.366218
0.346917
0.328925
0.312114
0.296374
0.281605
0.267719
0.254644
0.242315
0.23068
0.219698
0.209337
0.19957
0.190378
0.181746
0.173661
0.166109
0.159077
0.15255
0.146511
0.140939
0.135813
0.131109
0.126801
0.122866
0.119276
0.116007
0.113034
0.110333
0.107882
0.105659
0.103645
0.101821
0.10017
0.0986769
0.097327
0.0961072
0.0950057
0.0940116
0.0931149
0.0923066
0.0915784
0.0909228
0.0903329
0.0898025
0.0893259
0.0888979
0.0885139
0.0881696
0.087861
0.0875845
0.0873371
0.0871157
0.0869176
0.0867406
0.0865823
0.0864407
0.0863142
0.0862011
0.0860999
0.0860093
0.0859281
0.0858554
0.08579
0.0857313
0.0856784
0.0856307
0.0855876
0.0855485
0.0855131
0.0854808
0.0854515
0.0854247
0.0854002
0.0853779
0.0853576
0.0853391
0.0853224
0.0853074
0.0852942
0.0852828
0.0852733
0.0852658
0.0852604
0.0852575
0.961705
0.89221
0.829107
0.77173
0.719485
0.671845
0.628338
0.588545
0.552091
0.51864
0.487893
0.459581
0.433463
0.409321
0.386962
0.366211
0.346909
0.328915
0.312104
0.296363
0.281592
0.267706
0.254629
0.242298
0.230662
0.219679
0.209316
0.199547
0.190354
0.181722
0.173635
0.166083
0.159051
0.152525
0.146486
0.140915
0.135789
0.131085
0.126778
0.122843
0.119254
0.115986
0.113014
0.110315
0.107865
0.105644
0.103631
0.101808
0.100158
0.0986658
0.0973165
0.0960975
0.0949967
0.0940032
0.093107
0.0922992
0.0915715
0.0909163
0.0903268
0.0897967
0.0893205
0.0888929
0.0885091
0.088165
0.0878567
0.0875805
0.0873333
0.087112
0.0869142
0.0867373
0.0865791
0.0864378
0.0863114
0.0861984
0.0860973
0.0860068
0.0859257
0.0858531
0.0857878
0.0857291
0.0856763
0.0856287
0.0855856
0.0855466
0.0855112
0.085479
0.0854497
0.085423
0.0853986
0.0853763
0.085356
0.0853376
0.0853209
0.085306
0.0852929
0.0852815
0.0852721
0.0852646
0.0852594
0.0852564
)
;

boundaryField
{
    inlet
    {
        type            fixedValue;
        value           uniform 1;
    }
    outlet
    {
        type            inletOutlet;
        inletValue      uniform 1;
        value           nonuniform List<scalar> 
100
(
0.0852946
0.0852948
0.0852951
0.0852956
0.0852962
0.085297
0.0852978
0.0852986
0.0852995
0.0853005
0.0853014
0.0853023
0.0853032
0.085304
0.0853048
0.0853054
0.085306
0.0853066
0.085307
0.0853073
0.0853075
0.0853076
0.0853076
0.0853076
0.0853074
0.0853072
0.0853068
0.0853064
0.085306
0.0853055
0.0853049
0.0853043
0.0853036
0.085303
0.0853023
0.0853016
0.0853009
0.0853002
0.0852995
0.0852988
0.0852982
0.0852976
0.085297
0.0852964
0.0852959
0.0852955
0.0852951
0.0852948
0.0852946
0.0852944
0.0852943
0.0852943
0.0852943
0.0852944
0.0852945
0.0852947
0.085295
0.0852953
0.0852956
0.085296
0.0852964
0.0852968
0.0852973
0.0852977
0.0852981
0.0852985
0.0852989
0.0852993
0.0852996
0.0852999
0.0853001
0.0853003
0.0853003
0.0853003
0.0853001
0.0852998
0.0852994
0.0852989
0.0852982
0.0852974
0.0852964
0.0852953
0.085294
0.0852925
0.0852908
0.085289
0.085287
0.0852848
0.0852824
0.0852799
0.0852772
0.0852745
0.0852717
0.0852689
0.0852661
0.0852635
0.0852611
0.0852591
0.0852575
0.0852564
)
;
    }
    ground
    {
        type            empty;
    }
    top
    {
        type            empty;
    }
    front
    {
        type            inletOutlet;
        inletValue      uniform 1;
        value           nonuniform List<scalar> 
100
(
0.961705
0.89221
0.829107
0.77173
0.719485
0.671845
0.628338
0.588545
0.55209
0.51864
0.487893
0.459581
0.433462
0.409321
0.386962
0.36621
0.346908
0.328914
0.312103
0.296361
0.281591
0.267704
0.254626
0.242295
0.230659
0.219676
0.209312
0.199544
0.190351
0.181718
0.173632
0.16608
0.159049
0.152523
0.146485
0.140915
0.13579
0.131087
0.126782
0.122848
0.11926
0.115994
0.113023
0.110326
0.107878
0.105658
0.103647
0.101826
0.100178
0.0986872
0.0973397
0.0961224
0.0950232
0.0940313
0.0931367
0.0923304
0.0916041
0.0909502
0.090362
0.0898332
0.089358
0.0889314
0.0885487
0.0882055
0.0878979
0.0876224
0.0873759
0.0871552
0.0869579
0.0867814
0.0866237
0.0864826
0.0863565
0.0862438
0.0861429
0.0860525
0.0859715
0.0858989
0.0858337
0.085775
0.0857222
0.0856744
0.0856313
0.0855921
0.0855566
0.0855242
0.0854947
0.0854677
0.085443
0.0854204
0.0853997
0.0853807
0.0853636
0.0853481
0.0853343
0.0853222
0.0853121
0.085304
0.0852981
0.0852946
)
;
    }
    back
    {
        type            inletOutlet;
        inletValue      uniform 1;
        value           nonuniform List<scalar> 
100
(
0.961705
0.89221
0.829107
0.77173
0.719485
0.671845
0.628338
0.588545
0.552091
0.51864
0.487893
0.459581
0.433463
0.409321
0.386962
0.366211
0.346909
0.328915
0.312104
0.296363
0.281592
0.267706
0.254629
0.242298
0.230662
0.219679
0.209316
0.199547
0.190354
0.181722
0.173635
0.166083
0.159051
0.152525
0.146486
0.140915
0.135789
0.131085
0.126778
0.122843
0.119254
0.115986
0.113014
0.110315
0.107865
0.105644
0.103631
0.101808
0.100158
0.0986658
0.0973165
0.0960975
0.0949967
0.0940032
0.093107
0.0922992
0.0915715
0.0909163
0.0903268
0.0897967
0.0893205
0.0888929
0.0885091
0.088165
0.0878567
0.0875805
0.0873333
0.087112
0.0869142
0.0867373
0.0865791
0.0864378
0.0863114
0.0861984
0.0860973
0.0860068
0.0859257
0.0858531
0.0857878
0.0857291
0.0856763
0.0856287
0.0855856
0.0855466
0.0855112
0.085479
0.0854497
0.085423
0.0853986
0.0853763
0.085356
0.0853376
0.0853209
0.085306
0.0852929
0.0852815
0.0852721
0.0852646
0.0852594
0.0852564
)
;
    }
}


// ************************************************************************* //
