/*--------------------------------*- C++ -*----------------------------------*\
  =========                 |
  \\      /  F ield         | OpenFOAM: The Open Source CFD Toolbox
   \\    /   O peration     | Website:  https://openfoam.org
    \\  /    A nd           | Version:  11
     \\/     M anipulation  |
\*---------------------------------------------------------------------------*/
FoamFile
{
    format      ascii;
    class       volScalarField;
    location    "428";
    object      omega;
}
// * * * * * * * * * * * * * * * * * * * * * * * * * * * * * * * * * * * * * //

dimensions      [0 0 -1 0 0 0 0];

internalField   nonuniform List<scalar> 
10000
(
0.961693
0.892186
0.829086
0.771729
0.719524
0.671944
0.628521
0.588838
0.552524
0.519246
0.488709
0.460647
0.434824
0.411028
0.38907
0.368781
0.350007
0.332612
0.316473
0.301479
0.287531
0.274539
0.262421
0.251106
0.240526
0.230622
0.221339
0.212628
0.204445
0.196748
0.189501
0.18267
0.176224
0.170134
0.164376
0.158926
0.153761
0.148863
0.144212
0.139793
0.135589
0.131587
0.127772
0.124134
0.12066
0.117341
0.114166
0.111126
0.108214
0.10542
0.102738
0.100161
0.0976815
0.0952946
0.0929941
0.0907745
0.0886309
0.0865583
0.0845522
0.0826083
0.0807226
0.0788914
0.077111
0.0753783
0.0736902
0.0720441
0.0704374
0.0688681
0.0673344
0.0658348
0.0643682
0.0629338
0.0615313
0.0601606
0.0588219
0.0575157
0.0562429
0.0550043
0.0538012
0.0526349
0.0515068
0.0504184
0.0493709
0.0483656
0.0474038
0.0464862
0.045614
0.044788
0.0440093
0.0432786
0.0425971
0.0419661
0.0413871
0.0408621
0.0403938
0.0399857
0.0396425
0.0393702
0.039177
0.0390737
0.961693
0.892186
0.829086
0.771729
0.719524
0.671944
0.628521
0.588839
0.552524
0.519246
0.488709
0.460647
0.434824
0.411028
0.389071
0.368781
0.350007
0.332612
0.316473
0.301479
0.287531
0.274539
0.262422
0.251106
0.240526
0.230622
0.221339
0.212629
0.204445
0.196749
0.189501
0.18267
0.176224
0.170135
0.164377
0.158926
0.153762
0.148863
0.144213
0.139793
0.13559
0.131587
0.127773
0.124135
0.120661
0.117342
0.114167
0.111127
0.108214
0.105421
0.102739
0.100162
0.0976826
0.0952958
0.0929953
0.0907759
0.0886323
0.0865598
0.0845538
0.0826101
0.0807245
0.0788934
0.0771132
0.0753806
0.0736927
0.0720467
0.0704402
0.0688711
0.0673376
0.0658381
0.0643717
0.0629375
0.0615352
0.0601646
0.058826
0.05752
0.0562472
0.0550088
0.0538058
0.0526396
0.0515116
0.0504232
0.0493756
0.0483702
0.0474081
0.0464904
0.045618
0.0447919
0.0440129
0.0432821
0.0426004
0.0419692
0.0413901
0.0408649
0.0403965
0.0399882
0.0396449
0.0393725
0.0391793
0.0390759
0.961693
0.892186
0.829087
0.77173
0.719524
0.671944
0.628521
0.588839
0.552525
0.519247
0.488709
0.460647
0.434824
0.411029
0.389071
0.368782
0.350008
0.332613
0.316473
0.30148
0.287532
0.27454
0.262422
0.251107
0.240527
0.230623
0.22134
0.212629
0.204446
0.196749
0.189502
0.182671
0.176225
0.170136
0.164378
0.158927
0.153763
0.148864
0.144214
0.139794
0.135591
0.131588
0.127774
0.124136
0.120662
0.117343
0.114168
0.111128
0.108216
0.105422
0.10274
0.100163
0.0976844
0.0952977
0.0929973
0.090778
0.0886346
0.0865623
0.0845564
0.0826129
0.0807275
0.0788967
0.0771167
0.0753844
0.0736967
0.072051
0.0704448
0.068876
0.0673427
0.0658436
0.0643775
0.0629436
0.0615416
0.0601713
0.0588329
0.0575271
0.0562545
0.0550163
0.0538135
0.0526474
0.0515195
0.0504311
0.0493835
0.0483779
0.0474157
0.0464977
0.0456251
0.0447987
0.0440195
0.0432884
0.0426064
0.041975
0.0413955
0.0408702
0.0404015
0.039993
0.0396495
0.039377
0.0391837
0.0390802
0.961693
0.892186
0.829087
0.77173
0.719524
0.671944
0.628522
0.588839
0.552525
0.519247
0.48871
0.460648
0.434825
0.411029
0.389072
0.368782
0.350008
0.332613
0.316474
0.30148
0.287532
0.27454
0.262423
0.251108
0.240528
0.230624
0.221341
0.21263
0.204447
0.19675
0.189503
0.182672
0.176226
0.170137
0.164379
0.158928
0.153764
0.148865
0.144215
0.139796
0.135592
0.13159
0.127775
0.124137
0.120664
0.117345
0.11417
0.11113
0.108218
0.105424
0.102743
0.100166
0.0976869
0.0953003
0.0930002
0.0907811
0.0886378
0.0865657
0.0845602
0.0826169
0.0807318
0.0789012
0.0771216
0.0753896
0.0737023
0.072057
0.0704512
0.0688828
0.06735
0.0658513
0.0643856
0.0629522
0.0615505
0.0601806
0.0588426
0.0575371
0.0562648
0.0550268
0.0538242
0.0526583
0.0515304
0.050442
0.0493944
0.0483887
0.0474263
0.0465081
0.0456351
0.0448084
0.0440288
0.0432974
0.0426151
0.0419833
0.0414035
0.0408777
0.0404087
0.04
0.0396562
0.0393835
0.0391901
0.0390865
0.961693
0.892186
0.829087
0.77173
0.719525
0.671945
0.628522
0.58884
0.552526
0.519248
0.48871
0.460648
0.434825
0.41103
0.389072
0.368783
0.350009
0.332614
0.316475
0.301481
0.287533
0.274541
0.262424
0.251109
0.240529
0.230625
0.221342
0.212631
0.204448
0.196751
0.189504
0.182673
0.176227
0.170138
0.16438
0.15893
0.153765
0.148867
0.144217
0.139797
0.135594
0.131592
0.127777
0.124139
0.120666
0.117347
0.114172
0.111133
0.10822
0.105427
0.102746
0.100169
0.0976902
0.0953038
0.0930039
0.090785
0.088642
0.0865702
0.0845649
0.082622
0.0807373
0.0789071
0.0771278
0.0753963
0.0737095
0.0720647
0.0704594
0.0688915
0.0673592
0.0658611
0.064396
0.062963
0.0615619
0.0601924
0.0588549
0.0575498
0.0562779
0.0550402
0.0538378
0.0526721
0.0515444
0.050456
0.0494082
0.0484024
0.0474397
0.0465212
0.0456479
0.0448208
0.0440408
0.0433089
0.0426262
0.0419939
0.0414137
0.0408875
0.0404181
0.040009
0.0396649
0.039392
0.0391983
0.0390947
0.961693
0.892186
0.829087
0.77173
0.719525
0.671945
0.628523
0.58884
0.552526
0.519248
0.488711
0.460649
0.434826
0.411031
0.389073
0.368784
0.35001
0.332615
0.316476
0.301482
0.287534
0.274542
0.262425
0.25111
0.24053
0.230626
0.221343
0.212633
0.204449
0.196753
0.189506
0.182675
0.176229
0.17014
0.164382
0.158932
0.153767
0.148869
0.144219
0.1398
0.135596
0.131594
0.12778
0.124142
0.120669
0.11735
0.114175
0.111136
0.108224
0.105431
0.102749
0.100173
0.0976942
0.0953081
0.0930084
0.0907898
0.0886471
0.0865756
0.0845707
0.0826282
0.0807439
0.0789142
0.0771354
0.0754044
0.0737182
0.0720739
0.0704693
0.068902
0.0673704
0.0658729
0.0644084
0.0629761
0.0615756
0.0602067
0.0588697
0.0575651
0.0562936
0.0550562
0.0538542
0.0526886
0.051561
0.0504726
0.0494248
0.0484188
0.0474558
0.046537
0.0456633
0.0448358
0.0440553
0.0433229
0.0426396
0.0420068
0.041426
0.0408994
0.0404295
0.04002
0.0396755
0.0394022
0.0392084
0.0391046
0.961693
0.892186
0.829087
0.77173
0.719525
0.671945
0.628523
0.588841
0.552527
0.519249
0.488712
0.46065
0.434827
0.411032
0.389074
0.368785
0.350011
0.332616
0.316477
0.301484
0.287536
0.274544
0.262427
0.251111
0.240532
0.230628
0.221345
0.212634
0.204451
0.196755
0.189508
0.182677
0.176231
0.170142
0.164384
0.158934
0.153769
0.148871
0.144221
0.139802
0.135599
0.131597
0.127783
0.124145
0.120672
0.117353
0.114178
0.111139
0.108227
0.105435
0.102753
0.100177
0.0976989
0.095313
0.0930137
0.0907954
0.0886531
0.086582
0.0845775
0.0826354
0.0807516
0.0789224
0.0771443
0.0754139
0.0737283
0.0720847
0.0704807
0.0689142
0.0673833
0.0658865
0.0644228
0.0629912
0.0615914
0.0602232
0.0588868
0.0575827
0.0563117
0.0550747
0.053873
0.0527077
0.0515801
0.0504917
0.0494438
0.0484376
0.0474744
0.0465552
0.0456811
0.044853
0.044072
0.043339
0.0426551
0.0420217
0.0414404
0.0409131
0.0404427
0.0400327
0.0396878
0.0394142
0.03922
0.039116
0.961693
0.892186
0.829087
0.77173
0.719525
0.671946
0.628523
0.588841
0.552527
0.51925
0.488712
0.460651
0.434828
0.411033
0.389075
0.368786
0.350012
0.332617
0.316479
0.301485
0.287537
0.274545
0.262428
0.251113
0.240533
0.230629
0.221347
0.212636
0.204453
0.196757
0.18951
0.182679
0.176233
0.170144
0.164386
0.158936
0.153772
0.148874
0.144224
0.139805
0.135602
0.1316
0.127786
0.124148
0.120675
0.117356
0.114182
0.111143
0.108232
0.105439
0.102758
0.100182
0.0977042
0.0953186
0.0930196
0.0908017
0.0886598
0.0865892
0.0845852
0.0826436
0.0807604
0.0789318
0.0771542
0.0754245
0.0737396
0.0720968
0.0704936
0.0689278
0.0673978
0.0659018
0.0644389
0.0630081
0.0616091
0.0602416
0.0589059
0.0576024
0.056332
0.0550955
0.053894
0.052729
0.0516015
0.0505132
0.0494651
0.0484587
0.0474952
0.0465756
0.045701
0.0448724
0.0440908
0.0433571
0.0426726
0.0420385
0.0414565
0.0409286
0.0404576
0.0400471
0.0397017
0.0394277
0.0392332
0.039129
0.961693
0.892186
0.829087
0.77173
0.719525
0.671946
0.628524
0.588842
0.552528
0.51925
0.488713
0.460651
0.434829
0.411034
0.389076
0.368787
0.350013
0.332619
0.31648
0.301486
0.287539
0.274547
0.26243
0.251115
0.240535
0.230631
0.221348
0.212638
0.204455
0.196759
0.189512
0.182681
0.176235
0.170146
0.164389
0.158939
0.153775
0.148877
0.144227
0.139808
0.135605
0.131603
0.127789
0.124152
0.120679
0.117361
0.114187
0.111148
0.108236
0.105444
0.102763
0.100187
0.09771
0.0953249
0.0930262
0.0908088
0.0886673
0.0865971
0.0845937
0.0826526
0.08077
0.0789421
0.0771652
0.0754363
0.0737521
0.0721101
0.0705077
0.0689429
0.0674137
0.0659187
0.0644566
0.0630267
0.0616285
0.0602619
0.0589269
0.0576241
0.0563542
0.0551182
0.0539171
0.0527523
0.051625
0.0505366
0.0494885
0.0484819
0.047518
0.0465979
0.0457228
0.0448936
0.0441114
0.0433771
0.0426918
0.042057
0.0414743
0.0409457
0.0404741
0.0400629
0.039717
0.0394426
0.0392478
0.0391434
0.961693
0.892186
0.829087
0.77173
0.719525
0.671946
0.628524
0.588842
0.552528
0.519251
0.488714
0.460652
0.43483
0.411035
0.389077
0.368788
0.350015
0.33262
0.316481
0.301488
0.28754
0.274548
0.262431
0.251116
0.240537
0.230633
0.22135
0.21264
0.204457
0.196761
0.189514
0.182683
0.176238
0.170149
0.164392
0.158942
0.153778
0.14888
0.14423
0.139811
0.135608
0.131607
0.127793
0.124156
0.120683
0.117365
0.114191
0.111153
0.108242
0.105449
0.102769
0.100194
0.0977165
0.0953317
0.0930335
0.0908164
0.0886755
0.0866058
0.0846029
0.0826625
0.0807806
0.0789533
0.0771772
0.075449
0.0737657
0.0721246
0.0705231
0.0689592
0.067431
0.0659369
0.0644758
0.0630469
0.0616496
0.0602837
0.0589496
0.0576475
0.0563782
0.0551427
0.053942
0.0527774
0.0516503
0.050562
0.0495137
0.0485068
0.0475426
0.0466221
0.0457464
0.0449166
0.0441337
0.0433986
0.0427126
0.042077
0.0414936
0.0409643
0.0404919
0.0400801
0.0397336
0.0394587
0.0392636
0.039159
0.961693
0.892186
0.829087
0.77173
0.719525
0.671946
0.628524
0.588842
0.552529
0.519251
0.488714
0.460653
0.43483
0.411035
0.389078
0.368789
0.350016
0.332621
0.316483
0.301489
0.287542
0.27455
0.262433
0.251118
0.240539
0.230635
0.221353
0.212642
0.204459
0.196763
0.189517
0.182686
0.17624
0.170152
0.164394
0.158945
0.153781
0.148883
0.144233
0.139815
0.135612
0.131611
0.127797
0.12416
0.120688
0.11737
0.114196
0.111158
0.108247
0.105455
0.102775
0.1002
0.0977234
0.095339
0.0930413
0.0908247
0.0886843
0.0866152
0.0846129
0.0826731
0.0807919
0.0789654
0.0771901
0.0754627
0.0737803
0.0721401
0.0705396
0.0689767
0.0674494
0.0659564
0.0644963
0.0630683
0.061672
0.060307
0.0589737
0.0576724
0.0564037
0.0551687
0.0539685
0.0528042
0.0516772
0.0505889
0.0495405
0.0485334
0.0475688
0.0466478
0.0457716
0.0449411
0.0441574
0.0434216
0.0427348
0.0420985
0.0415142
0.0409841
0.040511
0.0400985
0.0397515
0.0394761
0.0392806
0.0391757
0.961693
0.892186
0.829087
0.77173
0.719525
0.671946
0.628524
0.588843
0.552529
0.519252
0.488715
0.460654
0.434831
0.411036
0.389079
0.36879
0.350017
0.332623
0.316484
0.301491
0.287543
0.274552
0.262435
0.25112
0.240541
0.230637
0.221355
0.212645
0.204462
0.196766
0.189519
0.182689
0.176243
0.170155
0.164397
0.158948
0.153784
0.148887
0.144237
0.139819
0.135616
0.131615
0.127802
0.124165
0.120693
0.117375
0.114202
0.111164
0.108253
0.105462
0.102782
0.100207
0.0977308
0.0953468
0.0930495
0.0908335
0.0886936
0.0866251
0.0846235
0.0826844
0.0808039
0.0789781
0.0772037
0.0754772
0.0737957
0.0721565
0.070557
0.0689951
0.0674689
0.0659769
0.0645179
0.063091
0.0616956
0.0603316
0.0589991
0.0576986
0.0564306
0.0551962
0.0539964
0.0528324
0.0517056
0.0506173
0.0495688
0.0485614
0.0475964
0.0466749
0.0457981
0.0449669
0.0441825
0.0434459
0.0427583
0.0421211
0.041536
0.0410051
0.0405312
0.040118
0.0397704
0.0394944
0.0392985
0.0391935
0.961693
0.892186
0.829087
0.77173
0.719525
0.671946
0.628524
0.588843
0.552529
0.519252
0.488715
0.460654
0.434832
0.411037
0.38908
0.368791
0.350018
0.332624
0.316485
0.301492
0.287545
0.274553
0.262437
0.251122
0.240543
0.230639
0.221357
0.212647
0.204464
0.196768
0.189522
0.182692
0.176246
0.170158
0.164401
0.158951
0.153788
0.14889
0.144241
0.139823
0.13562
0.131619
0.127806
0.12417
0.120698
0.11738
0.114207
0.11117
0.108259
0.105468
0.102789
0.100214
0.0977385
0.0953551
0.0930583
0.0908428
0.0887035
0.0866356
0.0846346
0.0826962
0.0808165
0.0789916
0.077218
0.0754924
0.0738119
0.0721737
0.0705752
0.0690144
0.0674893
0.0659984
0.0645405
0.0631146
0.0617203
0.0603573
0.0590257
0.057726
0.0564587
0.0552249
0.0540255
0.0528619
0.0517352
0.0506469
0.0495983
0.0485906
0.0476252
0.0467032
0.0458258
0.0449939
0.0442088
0.0434713
0.0427829
0.0421448
0.0415588
0.0410271
0.0405524
0.0401385
0.0397902
0.0395137
0.0393174
0.0392121
0.961693
0.892186
0.829087
0.77173
0.719525
0.671946
0.628525
0.588843
0.55253
0.519253
0.488716
0.460655
0.434833
0.411038
0.389081
0.368792
0.350019
0.332625
0.316487
0.301494
0.287546
0.274555
0.262438
0.251124
0.240545
0.230641
0.221359
0.212649
0.204467
0.196771
0.189525
0.182694
0.176249
0.170161
0.164404
0.158955
0.153791
0.148894
0.144245
0.139827
0.135625
0.131624
0.127811
0.124175
0.120703
0.117386
0.114213
0.111176
0.108266
0.105475
0.102796
0.100222
0.0977467
0.0953637
0.0930674
0.0908524
0.0887137
0.0866465
0.0846462
0.0827086
0.0808296
0.0790056
0.0772329
0.0755083
0.0738288
0.0721916
0.0705942
0.0690345
0.0675105
0.0660207
0.0645639
0.0631392
0.0617459
0.0603839
0.0590532
0.0577543
0.0564878
0.0552546
0.0540557
0.0528923
0.0517659
0.0506776
0.0496288
0.0486209
0.0476551
0.0467326
0.0458545
0.045022
0.044236
0.0434977
0.0428084
0.0421694
0.0415825
0.0410499
0.0405744
0.0401598
0.0398108
0.0395338
0.039337
0.0392315
0.961693
0.892186
0.829087
0.77173
0.719525
0.671946
0.628525
0.588843
0.55253
0.519253
0.488716
0.460655
0.434833
0.411039
0.389082
0.368793
0.35002
0.332626
0.316488
0.301495
0.287548
0.274557
0.26244
0.251126
0.240547
0.230643
0.221361
0.212652
0.204469
0.196773
0.189527
0.182697
0.176252
0.170164
0.164407
0.158958
0.153795
0.148898
0.144249
0.139831
0.135629
0.131628
0.127816
0.12418
0.120709
0.117392
0.114219
0.111182
0.108273
0.105482
0.102804
0.10023
0.0977551
0.0953726
0.0930768
0.0908625
0.0887244
0.0866578
0.0846583
0.0827214
0.0808433
0.0790201
0.0772483
0.0755247
0.0738462
0.07221
0.0706138
0.0690552
0.0675324
0.0660437
0.0645881
0.0631644
0.0617723
0.0604113
0.0590816
0.0577835
0.0565177
0.0552851
0.0540867
0.0529237
0.0517974
0.0507091
0.0496602
0.0486521
0.0476859
0.0467628
0.0458841
0.0450508
0.044264
0.0435249
0.0428347
0.0421948
0.041607
0.0410735
0.0405972
0.0401818
0.0398321
0.0395545
0.0393573
0.0392515
0.961693
0.892186
0.829087
0.77173
0.719525
0.671946
0.628525
0.588843
0.55253
0.519253
0.488717
0.460656
0.434834
0.411039
0.389083
0.368794
0.350021
0.332627
0.316489
0.301497
0.287549
0.274558
0.262442
0.251128
0.240549
0.230646
0.221364
0.212654
0.204472
0.196776
0.18953
0.1827
0.176255
0.170168
0.164411
0.158962
0.153799
0.148902
0.144253
0.139836
0.135634
0.131633
0.127821
0.124185
0.120714
0.117397
0.114225
0.111189
0.10828
0.105489
0.102811
0.100238
0.0977638
0.0953818
0.0930866
0.0908728
0.0887354
0.0866695
0.0846706
0.0827346
0.0808573
0.079035
0.0772641
0.0755415
0.073864
0.072229
0.0706338
0.0690764
0.0675548
0.0660673
0.0646128
0.0631903
0.0617992
0.0604393
0.0591106
0.0578134
0.0565483
0.0553164
0.0541184
0.0529558
0.0518296
0.0507414
0.0496924
0.0486839
0.0477173
0.0467938
0.0459144
0.0450804
0.0442928
0.0435528
0.0428616
0.0422208
0.0416321
0.0410977
0.0406205
0.0402043
0.0398539
0.0395757
0.0393782
0.0392721
0.961693
0.892186
0.829087
0.77173
0.719525
0.671946
0.628525
0.588843
0.55253
0.519253
0.488717
0.460656
0.434834
0.41104
0.389084
0.368795
0.350022
0.332629
0.316491
0.301498
0.287551
0.27456
0.262444
0.251129
0.240551
0.230648
0.221366
0.212656
0.204474
0.196779
0.189533
0.182703
0.176259
0.170171
0.164414
0.158966
0.153803
0.148906
0.144258
0.13984
0.135639
0.131638
0.127827
0.124191
0.12072
0.117404
0.114232
0.111196
0.108287
0.105497
0.102819
0.100247
0.0977727
0.0953912
0.0930966
0.0908834
0.0887466
0.0866814
0.0846833
0.0827481
0.0808716
0.0790502
0.0772803
0.0755587
0.0738823
0.0722483
0.0706543
0.069098
0.0675776
0.0660913
0.064638
0.0632167
0.0618267
0.0604678
0.05914
0.0578437
0.0565795
0.0553481
0.0541507
0.0529884
0.0518624
0.0507742
0.0497251
0.0487164
0.0477494
0.0468253
0.0459453
0.0451105
0.0443221
0.0435812
0.0428891
0.0422474
0.0416577
0.0411224
0.0406444
0.0402273
0.0398762
0.0395974
0.0393994
0.0392931
0.961693
0.892186
0.829087
0.77173
0.719525
0.671946
0.628525
0.588843
0.55253
0.519254
0.488717
0.460657
0.434835
0.411041
0.389084
0.368796
0.350023
0.33263
0.316492
0.301499
0.287552
0.274562
0.262446
0.251131
0.240553
0.23065
0.221368
0.212659
0.204477
0.196782
0.189536
0.182706
0.176262
0.170174
0.164418
0.158969
0.153807
0.14891
0.144262
0.139845
0.135643
0.131643
0.127832
0.124196
0.120726
0.11741
0.114238
0.111203
0.108294
0.105505
0.102827
0.100255
0.0977818
0.0954008
0.0931068
0.0908942
0.0887581
0.0866936
0.0846963
0.0827618
0.0808862
0.0790657
0.0772968
0.0755762
0.0739008
0.072268
0.0706751
0.06912
0.0676007
0.0661157
0.0646635
0.0632434
0.0618545
0.0604967
0.0591699
0.0578745
0.056611
0.0553803
0.0541833
0.0530214
0.0518956
0.0508075
0.0497582
0.0487492
0.0477818
0.0468572
0.0459765
0.045141
0.0443518
0.04361
0.042917
0.0422743
0.0416837
0.0411475
0.0406686
0.0402507
0.0398989
0.0396195
0.039421
0.0393145
0.961693
0.892186
0.829087
0.77173
0.719525
0.671946
0.628525
0.588844
0.55253
0.519254
0.488718
0.460657
0.434835
0.411041
0.389085
0.368797
0.350024
0.332631
0.316493
0.301501
0.287554
0.274563
0.262447
0.251133
0.240555
0.230652
0.221371
0.212661
0.204479
0.196784
0.189539
0.182709
0.176265
0.170178
0.164422
0.158973
0.153811
0.148914
0.144266
0.139849
0.135648
0.131649
0.127837
0.124202
0.120732
0.117416
0.114245
0.11121
0.108301
0.105512
0.102836
0.100264
0.097791
0.0954106
0.0931171
0.0909052
0.0887697
0.0867059
0.0847093
0.0827757
0.0809009
0.0790814
0.0773134
0.0755938
0.0739196
0.0722878
0.0706961
0.0691422
0.0676241
0.0661402
0.0646893
0.0632703
0.0618825
0.0605258
0.0592
0.0579054
0.0566427
0.0554127
0.0542162
0.0530546
0.0519291
0.050841
0.0497916
0.0487824
0.0478145
0.0468894
0.0460081
0.0451718
0.0443818
0.0436391
0.0429452
0.0423016
0.04171
0.0411729
0.040693
0.0402744
0.0399218
0.0396418
0.0394428
0.039336
0.961693
0.892186
0.829087
0.77173
0.719525
0.671946
0.628525
0.588844
0.552531
0.519254
0.488718
0.460657
0.434836
0.411042
0.389086
0.368798
0.350025
0.332632
0.316494
0.301502
0.287555
0.274565
0.262449
0.251135
0.240557
0.230654
0.221373
0.212664
0.204482
0.196787
0.189542
0.182712
0.176268
0.170181
0.164425
0.158977
0.153815
0.148919
0.144271
0.139854
0.135653
0.131654
0.127843
0.124208
0.120738
0.117422
0.114252
0.111217
0.108309
0.10552
0.102844
0.100273
0.0978003
0.0954204
0.0931275
0.0909162
0.0887814
0.0867184
0.0847225
0.0827897
0.0809158
0.0790972
0.0773302
0.0756116
0.0739384
0.0723078
0.0707172
0.0691644
0.0676475
0.0661649
0.0647151
0.0632973
0.0619107
0.060555
0.0592302
0.0579365
0.0566746
0.0554452
0.0542493
0.053088
0.0519627
0.0508746
0.0498251
0.0488156
0.0478474
0.0469217
0.0460398
0.0452028
0.0444119
0.0436684
0.0429735
0.0423289
0.0417364
0.0411984
0.0407177
0.0402981
0.0399448
0.0396642
0.0394648
0.0393577
0.961693
0.892186
0.829087
0.77173
0.719525
0.671946
0.628525
0.588844
0.552531
0.519254
0.488718
0.460658
0.434836
0.411042
0.389086
0.368798
0.350026
0.332633
0.316495
0.301503
0.287557
0.274566
0.26245
0.251137
0.240559
0.230656
0.221375
0.212666
0.204484
0.19679
0.189545
0.182715
0.176271
0.170184
0.164429
0.158981
0.153819
0.148923
0.144275
0.139859
0.135658
0.131659
0.127848
0.124214
0.120744
0.117429
0.114258
0.111224
0.108316
0.105528
0.102852
0.100282
0.0978096
0.0954303
0.093138
0.0909273
0.0887932
0.0867309
0.0847358
0.0828038
0.0809308
0.079113
0.077347
0.0756295
0.0739573
0.0723278
0.0707383
0.0691868
0.067671
0.0661896
0.064741
0.0633243
0.0619388
0.0605842
0.0592604
0.0579676
0.0567064
0.0554777
0.0542823
0.0531214
0.0519962
0.0509082
0.0498587
0.0488489
0.0478803
0.0469541
0.0460715
0.0452338
0.0444421
0.0436977
0.0430019
0.0423564
0.0417629
0.0412239
0.0407423
0.040322
0.039968
0.0396867
0.0394869
0.0393795
0.961693
0.892186
0.829087
0.77173
0.719525
0.671946
0.628525
0.588844
0.552531
0.519254
0.488718
0.460658
0.434837
0.411043
0.389087
0.368799
0.350027
0.332634
0.316496
0.301504
0.287558
0.274567
0.262452
0.251138
0.24056
0.230658
0.221377
0.212668
0.204487
0.196792
0.189547
0.182718
0.176275
0.170188
0.164432
0.158984
0.153823
0.148927
0.14428
0.139863
0.135663
0.131664
0.127854
0.124219
0.12075
0.117435
0.114265
0.111231
0.108324
0.105536
0.102861
0.10029
0.097819
0.0954402
0.0931485
0.0909385
0.088805
0.0867434
0.0847491
0.0828178
0.0809457
0.0791289
0.0773638
0.0756473
0.0739762
0.0723477
0.0707594
0.069209
0.0676945
0.0662142
0.0647668
0.0633513
0.0619669
0.0606133
0.0592904
0.0579986
0.0567382
0.05551
0.0543151
0.0531546
0.0520297
0.0509417
0.0498921
0.0488821
0.0479131
0.0469863
0.0461031
0.0452647
0.0444722
0.0437269
0.0430303
0.0423838
0.0417894
0.0412495
0.040767
0.0403458
0.039991
0.0397092
0.0395089
0.0394012
0.961693
0.892186
0.829087
0.77173
0.719525
0.671946
0.628525
0.588844
0.552531
0.519255
0.488719
0.460658
0.434837
0.411043
0.389087
0.3688
0.350028
0.332634
0.316497
0.301505
0.287559
0.274569
0.262454
0.25114
0.240562
0.23066
0.221379
0.212671
0.204489
0.196795
0.18955
0.182721
0.176278
0.170191
0.164436
0.158988
0.153826
0.148931
0.144284
0.139868
0.135668
0.131669
0.127859
0.124225
0.120756
0.117442
0.114272
0.111238
0.108331
0.105544
0.102869
0.100299
0.0978283
0.0954501
0.093159
0.0909496
0.0888168
0.0867558
0.0847623
0.0828319
0.0809606
0.0791446
0.0773806
0.075665
0.073995
0.0723676
0.0707804
0.0692311
0.0677178
0.0662387
0.0647924
0.063378
0.0619947
0.0606422
0.0593203
0.0580293
0.0567697
0.0555422
0.0543478
0.0531876
0.0520629
0.050975
0.0499253
0.048915
0.0479456
0.0470184
0.0461346
0.0452954
0.0445021
0.043756
0.0430585
0.0424111
0.0418158
0.0412749
0.0407915
0.0403696
0.040014
0.0397316
0.0395308
0.0394229
0.961693
0.892186
0.829087
0.77173
0.719525
0.671946
0.628525
0.588844
0.552531
0.519255
0.488719
0.460658
0.434837
0.411044
0.389088
0.3688
0.350028
0.332635
0.316498
0.301506
0.28756
0.27457
0.262455
0.251142
0.240564
0.230662
0.221381
0.212673
0.204492
0.196797
0.189553
0.182724
0.176281
0.170194
0.164439
0.158992
0.15383
0.148935
0.144288
0.139873
0.135673
0.131674
0.127864
0.124231
0.120762
0.117448
0.114279
0.111245
0.108339
0.105552
0.102877
0.100308
0.0978376
0.09546
0.0931694
0.0909606
0.0888284
0.0867682
0.0847754
0.0828458
0.0809753
0.0791603
0.0773971
0.0756826
0.0740136
0.0723873
0.0708012
0.069253
0.0677408
0.0662629
0.0648178
0.0634045
0.0620223
0.0606708
0.0593498
0.0580597
0.0568008
0.055574
0.0543801
0.0532203
0.0520958
0.0510079
0.0499581
0.0489476
0.0479779
0.0470502
0.0461658
0.0453259
0.0445318
0.0437849
0.0430864
0.0424381
0.0418419
0.0413001
0.0408159
0.0403931
0.0400368
0.0397538
0.0395525
0.0394443
0.961693
0.892186
0.829087
0.77173
0.719525
0.671946
0.628525
0.588844
0.552531
0.519255
0.488719
0.460659
0.434838
0.411044
0.389088
0.368801
0.350029
0.332636
0.316499
0.301507
0.287561
0.274571
0.262456
0.251143
0.240566
0.230664
0.221383
0.212675
0.204494
0.1968
0.189556
0.182727
0.176284
0.170198
0.164443
0.158995
0.153834
0.148939
0.144293
0.139877
0.135677
0.131679
0.12787
0.124236
0.120768
0.117454
0.114285
0.111252
0.108346
0.10556
0.102886
0.100317
0.0978468
0.0954697
0.0931797
0.0909715
0.08884
0.0867805
0.0847884
0.0828596
0.0809899
0.0791758
0.0774135
0.0757
0.0740319
0.0724067
0.0708217
0.0692747
0.0677636
0.0662868
0.0648428
0.0634306
0.0620495
0.060699
0.059379
0.0580897
0.0568315
0.0556053
0.0544119
0.0532525
0.0521282
0.0510404
0.0499905
0.0489798
0.0480097
0.0470815
0.0461965
0.045356
0.0445611
0.0438134
0.043114
0.0424648
0.0418677
0.041325
0.04084
0.0404164
0.0400594
0.0397757
0.039574
0.0394655
0.961693
0.892186
0.829086
0.77173
0.719525
0.671946
0.628525
0.588844
0.552531
0.519255
0.488719
0.460659
0.434838
0.411044
0.389089
0.368801
0.35003
0.332637
0.3165
0.301508
0.287562
0.274573
0.262458
0.251145
0.240567
0.230665
0.221385
0.212677
0.204496
0.196802
0.189558
0.18273
0.176287
0.170201
0.164446
0.158999
0.153838
0.148943
0.144297
0.139881
0.135682
0.131684
0.127875
0.124242
0.120774
0.11746
0.114292
0.111259
0.108353
0.105567
0.102894
0.100325
0.0978559
0.0954793
0.0931899
0.0909823
0.0888514
0.0867926
0.0848012
0.0828731
0.0810043
0.079191
0.0774297
0.0757171
0.0740501
0.0724259
0.0708419
0.069296
0.067786
0.0663103
0.0648674
0.0634563
0.0620762
0.0607267
0.0594076
0.0581191
0.0568618
0.0556361
0.0544432
0.0532842
0.0521601
0.0510724
0.0500224
0.0490115
0.0480411
0.0471124
0.0462268
0.0453856
0.04459
0.0438414
0.0431412
0.0424911
0.0418931
0.0413496
0.0408637
0.0404393
0.0400816
0.0397973
0.0395951
0.0394864
0.961693
0.892186
0.829086
0.77173
0.719525
0.671946
0.628525
0.588844
0.552531
0.519255
0.488719
0.460659
0.434838
0.411045
0.389089
0.368802
0.35003
0.332637
0.316501
0.301509
0.287564
0.274574
0.262459
0.251146
0.240569
0.230667
0.221387
0.212679
0.204498
0.196805
0.189561
0.182733
0.17629
0.170204
0.164449
0.159002
0.153842
0.148947
0.144301
0.139886
0.135687
0.131689
0.12788
0.124247
0.12078
0.117466
0.114298
0.111266
0.10836
0.105575
0.102902
0.100334
0.0978648
0.0954887
0.0931999
0.0909928
0.0888626
0.0868044
0.0848138
0.0828865
0.0810185
0.079206
0.0774456
0.0757339
0.0740678
0.0724446
0.0708617
0.0693168
0.0678079
0.0663333
0.0648915
0.0634815
0.0621024
0.0607538
0.0594357
0.058148
0.0568913
0.0556663
0.0544739
0.0533152
0.0521914
0.0511037
0.0500537
0.0490426
0.0480718
0.0471427
0.0462565
0.0454147
0.0446184
0.043869
0.0431679
0.042517
0.0419181
0.0413737
0.040887
0.0404618
0.0401034
0.0398185
0.0396159
0.0395069
0.961693
0.892186
0.829086
0.77173
0.719525
0.671946
0.628525
0.588844
0.552531
0.519255
0.488719
0.460659
0.434838
0.411045
0.38909
0.368802
0.350031
0.332638
0.316501
0.30151
0.287565
0.274575
0.26246
0.251148
0.24057
0.230669
0.221389
0.212681
0.204501
0.196807
0.189563
0.182735
0.176292
0.170207
0.164452
0.159006
0.153845
0.148951
0.144305
0.13989
0.135691
0.131694
0.127885
0.124253
0.120785
0.117472
0.114304
0.111272
0.108367
0.105582
0.10291
0.100342
0.0978736
0.095498
0.0932097
0.0910032
0.0888736
0.0868161
0.0848261
0.0828995
0.0810323
0.0792207
0.0774611
0.0757503
0.0740852
0.072463
0.0708811
0.0693372
0.0678294
0.0663558
0.0649151
0.063506
0.062128
0.0607804
0.0594631
0.0581762
0.0569202
0.0556958
0.0545039
0.0533455
0.0522219
0.0511343
0.0500842
0.0490729
0.0481018
0.0471723
0.0462856
0.0454431
0.0446461
0.0438959
0.0431941
0.0425423
0.0419426
0.0413973
0.0409098
0.0404838
0.0401248
0.0398393
0.0396363
0.039527
0.961693
0.892186
0.829086
0.77173
0.719525
0.671946
0.628525
0.588844
0.552531
0.519255
0.488719
0.460659
0.434839
0.411045
0.38909
0.368803
0.350031
0.332639
0.316502
0.301511
0.287566
0.274576
0.262462
0.251149
0.240572
0.23067
0.221391
0.212683
0.204503
0.196809
0.189565
0.182738
0.176295
0.17021
0.164455
0.159009
0.153849
0.148955
0.144309
0.139894
0.135696
0.131699
0.12789
0.124258
0.120791
0.117478
0.11431
0.111279
0.108374
0.10559
0.102917
0.10035
0.0978821
0.095507
0.0932192
0.0910133
0.0888843
0.0868274
0.0848381
0.0829123
0.0810458
0.079235
0.0774762
0.0757663
0.0741021
0.0724809
0.0709
0.0693571
0.0678503
0.0663777
0.064938
0.06353
0.0621529
0.0608062
0.0594897
0.0582037
0.0569484
0.0557246
0.0545331
0.053375
0.0522516
0.0511641
0.050114
0.0491025
0.0481311
0.0472011
0.0463139
0.0454708
0.0446731
0.0439222
0.0432196
0.042567
0.0419664
0.0414204
0.040932
0.0405054
0.0401456
0.0398596
0.0396561
0.0395466
0.961693
0.892186
0.829086
0.77173
0.719525
0.671946
0.628525
0.588844
0.552531
0.519255
0.48872
0.46066
0.434839
0.411046
0.38909
0.368803
0.350032
0.332639
0.316503
0.301512
0.287566
0.274577
0.262463
0.25115
0.240573
0.230672
0.221392
0.212685
0.204505
0.196811
0.189568
0.18274
0.176298
0.170212
0.164458
0.159012
0.153852
0.148958
0.144313
0.139898
0.1357
0.131703
0.127895
0.124263
0.120796
0.117484
0.114316
0.111285
0.108381
0.105597
0.102925
0.100358
0.0978904
0.0955158
0.0932285
0.0910232
0.0888947
0.0868385
0.0848498
0.0829247
0.0810589
0.0792488
0.0774909
0.0757819
0.0741186
0.0724982
0.0709183
0.0693764
0.0678705
0.066399
0.0649602
0.0635532
0.062177
0.0608312
0.0595156
0.0582303
0.0569757
0.0557524
0.0545614
0.0534037
0.0522805
0.0511931
0.0501429
0.0491312
0.0481595
0.0472292
0.0463415
0.0454977
0.0446994
0.0439477
0.0432444
0.042591
0.0419896
0.0414428
0.0409536
0.0405263
0.0401659
0.0398793
0.0396754
0.0395656
0.961693
0.892186
0.829086
0.77173
0.719525
0.671946
0.628525
0.588844
0.552531
0.519255
0.48872
0.46066
0.434839
0.411046
0.389091
0.368804
0.350032
0.33264
0.316504
0.301513
0.287567
0.274578
0.262464
0.251151
0.240575
0.230673
0.221394
0.212686
0.204506
0.196813
0.18957
0.182742
0.1763
0.170215
0.164461
0.159015
0.153855
0.148962
0.144316
0.139902
0.135704
0.131707
0.127899
0.124268
0.120801
0.117489
0.114322
0.111291
0.108387
0.105603
0.102932
0.100366
0.0978985
0.0955243
0.0932375
0.0910327
0.0889048
0.0868492
0.0848612
0.0829367
0.0810716
0.0792623
0.0775052
0.0757969
0.0741345
0.072515
0.070936
0.0693951
0.0678902
0.0664196
0.0649818
0.0635757
0.0622004
0.0608555
0.0595406
0.0582561
0.0570021
0.0557794
0.0545888
0.0534314
0.0523084
0.0512211
0.0501708
0.049159
0.048187
0.0472563
0.0463681
0.0455238
0.0447248
0.0439725
0.0432684
0.0426142
0.0420121
0.0414645
0.0409746
0.0405465
0.0401855
0.0398984
0.0396941
0.0395841
0.961693
0.892186
0.829086
0.77173
0.719525
0.671946
0.628525
0.588844
0.552531
0.519255
0.48872
0.46066
0.434839
0.411046
0.389091
0.368804
0.350033
0.332641
0.316504
0.301513
0.287568
0.274579
0.262465
0.251152
0.240576
0.230675
0.221395
0.212688
0.204508
0.196815
0.189572
0.182745
0.176303
0.170218
0.164464
0.159018
0.153858
0.148965
0.14432
0.139906
0.135708
0.131712
0.127904
0.124272
0.120806
0.117494
0.114328
0.111297
0.108394
0.10561
0.102939
0.100373
0.0979063
0.0955326
0.0932462
0.0910419
0.0889146
0.0868595
0.0848721
0.0829482
0.0810839
0.0792753
0.0775189
0.0758114
0.0741498
0.0725312
0.0709531
0.069413
0.0679091
0.0664394
0.0650025
0.0635973
0.0622229
0.0608788
0.0595648
0.0582809
0.0570275
0.0558054
0.0546152
0.0534581
0.0523353
0.0512481
0.0501978
0.0491858
0.0482136
0.0472825
0.0463938
0.045549
0.0447494
0.0439964
0.0432916
0.0426367
0.0420338
0.0414854
0.0409949
0.0405661
0.0402045
0.0399169
0.0397121
0.0396019
0.961693
0.892186
0.829086
0.77173
0.719525
0.671946
0.628525
0.588844
0.552531
0.519255
0.48872
0.46066
0.43484
0.411046
0.389091
0.368804
0.350033
0.332641
0.316505
0.301514
0.287569
0.27458
0.262466
0.251154
0.240577
0.230676
0.221397
0.21269
0.20451
0.196817
0.189574
0.182747
0.176305
0.17022
0.164467
0.159021
0.153861
0.148968
0.144323
0.139909
0.135712
0.131716
0.127908
0.124277
0.120811
0.1175
0.114333
0.111303
0.1084
0.105616
0.102945
0.10038
0.0979137
0.0955405
0.0932546
0.0910508
0.088924
0.0868694
0.0848826
0.0829594
0.0810957
0.0792878
0.0775321
0.0758254
0.0741646
0.0725468
0.0709695
0.0694303
0.0679272
0.0664584
0.0650224
0.0636181
0.0622445
0.0609012
0.0595879
0.0583047
0.057052
0.0558303
0.0546406
0.0534838
0.0523612
0.051274
0.0502237
0.0492116
0.0482391
0.0473076
0.0464185
0.0455732
0.044773
0.0440193
0.0433138
0.0426582
0.0420546
0.0415056
0.0410143
0.0405849
0.0402227
0.0399346
0.0397295
0.039619
0.961693
0.892186
0.829086
0.77173
0.719525
0.671946
0.628525
0.588844
0.552531
0.519256
0.48872
0.46066
0.43484
0.411047
0.389092
0.368805
0.350034
0.332642
0.316505
0.301515
0.28757
0.274581
0.262467
0.251155
0.240578
0.230677
0.221398
0.212691
0.204512
0.196819
0.189576
0.182749
0.176307
0.170223
0.164469
0.159024
0.153864
0.148971
0.144326
0.139913
0.135715
0.13172
0.127912
0.124281
0.120816
0.117504
0.114338
0.111308
0.108405
0.105622
0.102952
0.100387
0.0979209
0.0955481
0.0932626
0.0910593
0.088933
0.0868789
0.0848927
0.08297
0.0811069
0.0792997
0.0775447
0.0758387
0.0741787
0.0725617
0.0709852
0.0694468
0.0679446
0.0664766
0.0650414
0.0636379
0.0622652
0.0609226
0.05961
0.0583275
0.0570753
0.0558541
0.0546648
0.0535083
0.0523859
0.0512988
0.0502485
0.0492362
0.0482635
0.0473317
0.0464422
0.0455964
0.0447956
0.0440413
0.0433352
0.0426789
0.0420746
0.0415249
0.041033
0.040603
0.0402402
0.0399516
0.0397461
0.0396354
0.961693
0.892186
0.829086
0.77173
0.719525
0.671946
0.628525
0.588844
0.552531
0.519256
0.48872
0.46066
0.43484
0.411047
0.389092
0.368805
0.350034
0.332642
0.316506
0.301515
0.28757
0.274581
0.262468
0.251156
0.240579
0.230679
0.2214
0.212693
0.204513
0.196821
0.189578
0.182751
0.176309
0.170225
0.164472
0.159026
0.153867
0.148974
0.144329
0.139916
0.135719
0.131723
0.127916
0.124285
0.12082
0.117509
0.114343
0.111313
0.108411
0.105628
0.102958
0.100393
0.0979277
0.0955553
0.0932703
0.0910674
0.0889415
0.086888
0.0849023
0.0829802
0.0811177
0.0793111
0.0775567
0.0758515
0.0741921
0.0725759
0.0710001
0.0694626
0.0679611
0.0664939
0.0650596
0.0636568
0.0622848
0.060943
0.0596311
0.0583491
0.0570975
0.0558768
0.0546879
0.0535317
0.0524094
0.0513225
0.0502721
0.0492597
0.0482868
0.0473546
0.0464647
0.0456184
0.0448171
0.0440623
0.0433555
0.0426986
0.0420937
0.0415433
0.0410508
0.0406202
0.0402569
0.0399678
0.039762
0.0396511
0.961693
0.892186
0.829086
0.77173
0.719525
0.671946
0.628525
0.588844
0.552532
0.519256
0.48872
0.46066
0.43484
0.411047
0.389092
0.368805
0.350034
0.332642
0.316506
0.301516
0.287571
0.274582
0.262468
0.251157
0.24058
0.23068
0.221401
0.212694
0.204515
0.196822
0.189579
0.182753
0.176311
0.170227
0.164474
0.159029
0.15387
0.148977
0.144332
0.139919
0.135722
0.131727
0.12792
0.124289
0.120824
0.117513
0.114348
0.111318
0.108416
0.105634
0.102964
0.100399
0.0979342
0.0955621
0.0932775
0.091075
0.0889496
0.0868966
0.0849114
0.0829898
0.0811279
0.0793218
0.0775681
0.0758635
0.0742048
0.0725893
0.0710143
0.0694775
0.0679767
0.0665103
0.0650767
0.0636747
0.0623034
0.0609623
0.059651
0.0583697
0.0571186
0.0558983
0.0547097
0.0535538
0.0524318
0.0513448
0.0502944
0.049282
0.0483088
0.0473764
0.0464861
0.0456394
0.0448376
0.0440822
0.0433749
0.0427173
0.0421118
0.0415608
0.0410677
0.0406365
0.0402727
0.0399832
0.039777
0.0396659
0.961693
0.892186
0.829086
0.77173
0.719525
0.671946
0.628525
0.588844
0.552532
0.519256
0.48872
0.460661
0.43484
0.411047
0.389092
0.368806
0.350035
0.332643
0.316507
0.301516
0.287572
0.274583
0.262469
0.251157
0.240581
0.230681
0.221402
0.212695
0.204516
0.196824
0.189581
0.182754
0.176313
0.170229
0.164476
0.159031
0.153872
0.148979
0.144335
0.139922
0.135725
0.13173
0.127923
0.124293
0.120828
0.117517
0.114352
0.111323
0.108421
0.105639
0.102969
0.100405
0.0979403
0.0955686
0.0932844
0.0910823
0.0889573
0.0869047
0.0849199
0.0829989
0.0811375
0.079332
0.0775789
0.0758749
0.0742168
0.0726019
0.0710276
0.0694915
0.0679915
0.0665258
0.0650929
0.0636916
0.062321
0.0609805
0.0596698
0.058389
0.0571384
0.0559186
0.0547303
0.0535747
0.0524528
0.051366
0.0503155
0.049303
0.0483296
0.0473969
0.0465063
0.0456591
0.0448569
0.044101
0.0433931
0.042735
0.0421289
0.0415773
0.0410836
0.0406519
0.0402876
0.0399977
0.0397912
0.0396799
0.961693
0.892186
0.829086
0.77173
0.719525
0.671946
0.628525
0.588844
0.552532
0.519256
0.48872
0.460661
0.43484
0.411047
0.389093
0.368806
0.350035
0.332643
0.316507
0.301517
0.287572
0.274584
0.26247
0.251158
0.240582
0.230682
0.221403
0.212696
0.204517
0.196825
0.189583
0.182756
0.176315
0.170231
0.164478
0.159033
0.153874
0.148982
0.144338
0.139925
0.135728
0.131733
0.127927
0.124296
0.120832
0.117521
0.114356
0.111327
0.108425
0.105644
0.102974
0.100411
0.097946
0.0955747
0.0932908
0.0910891
0.0889645
0.0869123
0.084928
0.0830074
0.0811465
0.0793415
0.077589
0.0758855
0.0742281
0.0726138
0.0710401
0.0695046
0.0680053
0.0665403
0.065108
0.0637074
0.0623374
0.0609975
0.0596874
0.0584072
0.057157
0.0559376
0.0547497
0.0535943
0.0524725
0.0513858
0.0503353
0.0493226
0.0483491
0.0474162
0.0465252
0.0456777
0.044875
0.0441186
0.0434102
0.0427516
0.0421449
0.0415928
0.0410986
0.0406664
0.0403017
0.0400114
0.0398046
0.0396931
0.961693
0.892186
0.829086
0.77173
0.719525
0.671946
0.628525
0.588844
0.552532
0.519256
0.48872
0.460661
0.43484
0.411048
0.389093
0.368806
0.350035
0.332644
0.316508
0.301517
0.287573
0.274584
0.262471
0.251159
0.240583
0.230683
0.221404
0.212697
0.204518
0.196826
0.189584
0.182758
0.176316
0.170232
0.16448
0.159035
0.153876
0.148984
0.14434
0.139927
0.135731
0.131736
0.12793
0.1243
0.120835
0.117525
0.11436
0.111331
0.10843
0.105648
0.102979
0.100416
0.0979514
0.0955803
0.0932968
0.0910954
0.0889712
0.0869193
0.0849355
0.0830153
0.0811549
0.0793504
0.0775983
0.0758954
0.0742385
0.0726249
0.0710518
0.0695169
0.0680182
0.0665538
0.0651221
0.0637221
0.0623527
0.0610134
0.0597038
0.0584241
0.0571743
0.0559553
0.0547677
0.0536125
0.0524909
0.0514042
0.0503538
0.049341
0.0483673
0.0474341
0.0465429
0.045695
0.0448918
0.044135
0.0434261
0.042767
0.0421598
0.0416072
0.0411125
0.0406799
0.0403147
0.0400241
0.039817
0.0397053
0.961693
0.892186
0.829086
0.77173
0.719525
0.671946
0.628525
0.588844
0.552532
0.519256
0.48872
0.460661
0.434841
0.411048
0.389093
0.368806
0.350036
0.332644
0.316508
0.301518
0.287573
0.274585
0.262471
0.25116
0.240584
0.230684
0.221405
0.212698
0.20452
0.196827
0.189585
0.182759
0.176318
0.170234
0.164482
0.159037
0.153878
0.148986
0.144342
0.13993
0.135733
0.131739
0.127932
0.124303
0.120838
0.117528
0.114364
0.111335
0.108434
0.105652
0.102984
0.10042
0.0979563
0.0955855
0.0933023
0.0911012
0.0889773
0.0869259
0.0849424
0.0830226
0.0811626
0.0793586
0.077607
0.0759046
0.0742482
0.072635
0.0710625
0.0695282
0.06803
0.0665662
0.0651352
0.0637357
0.0623669
0.0610281
0.059719
0.0584396
0.0571903
0.0559716
0.0547843
0.0536293
0.0525079
0.0514212
0.0503708
0.0493579
0.0483841
0.0474507
0.0465592
0.0457109
0.0449075
0.0441502
0.0434409
0.0427813
0.0421737
0.0416206
0.0411254
0.0406924
0.0403268
0.0400358
0.0398285
0.0397167
0.961693
0.892186
0.829086
0.77173
0.719525
0.671946
0.628525
0.588844
0.552532
0.519256
0.48872
0.460661
0.434841
0.411048
0.389093
0.368807
0.350036
0.332644
0.316508
0.301518
0.287574
0.274585
0.262472
0.25116
0.240584
0.230684
0.221406
0.212699
0.204521
0.196829
0.189586
0.18276
0.176319
0.170235
0.164483
0.159038
0.15388
0.148988
0.144344
0.139932
0.135736
0.131741
0.127935
0.124305
0.120841
0.117531
0.114367
0.111338
0.108437
0.105656
0.102988
0.100425
0.0979608
0.0955903
0.0933073
0.0911066
0.088983
0.0869319
0.0849487
0.0830293
0.0811697
0.0793661
0.0776149
0.075913
0.0742571
0.0726444
0.0710723
0.0695385
0.0680409
0.0665776
0.0651471
0.0637481
0.0623798
0.0610415
0.0597329
0.0584539
0.057205
0.0559866
0.0547995
0.0536447
0.0525234
0.0514369
0.0503864
0.0493735
0.0483995
0.0474659
0.0465741
0.0457256
0.0449218
0.0441641
0.0434544
0.0427944
0.0421863
0.0416328
0.0411373
0.0407038
0.0403379
0.0400466
0.039839
0.0397271
0.961693
0.892186
0.829086
0.77173
0.719525
0.671946
0.628525
0.588844
0.552532
0.519256
0.488721
0.460661
0.434841
0.411048
0.389093
0.368807
0.350036
0.332644
0.316509
0.301519
0.287574
0.274586
0.262472
0.251161
0.240585
0.230685
0.221407
0.2127
0.204521
0.19683
0.189587
0.182761
0.176321
0.170237
0.164484
0.15904
0.153882
0.14899
0.144346
0.139934
0.135738
0.131743
0.127937
0.124308
0.120844
0.117534
0.11437
0.111341
0.108441
0.10566
0.102991
0.100428
0.0979649
0.0955946
0.0933119
0.0911114
0.0889881
0.0869373
0.0849545
0.0830354
0.0811761
0.0793729
0.0776221
0.0759205
0.0742651
0.0726528
0.0710812
0.0695479
0.0680508
0.0665879
0.0651579
0.0637594
0.0623915
0.0610536
0.0597454
0.0584669
0.0572183
0.0560001
0.0548133
0.0536587
0.0525375
0.051451
0.0504006
0.0493876
0.0484135
0.0474797
0.0465877
0.0457389
0.0449347
0.0441768
0.0434667
0.0428063
0.0421978
0.041644
0.041148
0.0407142
0.040348
0.0400564
0.0398486
0.0397365
0.961693
0.892186
0.829086
0.77173
0.719525
0.671946
0.628525
0.588844
0.552532
0.519256
0.488721
0.460661
0.434841
0.411048
0.389094
0.368807
0.350036
0.332645
0.316509
0.301519
0.287574
0.274586
0.262473
0.251161
0.240586
0.230686
0.221407
0.212701
0.204522
0.19683
0.189588
0.182762
0.176322
0.170238
0.164486
0.159041
0.153883
0.148991
0.144348
0.139936
0.13574
0.131745
0.127939
0.12431
0.120846
0.117537
0.114372
0.111344
0.108443
0.105663
0.102994
0.100432
0.0979686
0.0955985
0.093316
0.0911157
0.0889927
0.0869421
0.0849596
0.0830408
0.0811819
0.079379
0.0776285
0.0759273
0.0742722
0.0726604
0.0710892
0.0695563
0.0680596
0.0665972
0.0651675
0.0637695
0.062402
0.0610645
0.0597567
0.0584784
0.0572301
0.0560123
0.0548256
0.0536712
0.0525501
0.0514637
0.0504132
0.0494002
0.048426
0.047492
0.0465998
0.0457508
0.0449464
0.0441881
0.0434777
0.0428169
0.0422081
0.0416539
0.0411576
0.0407235
0.040357
0.0400651
0.0398572
0.0397449
0.961693
0.892186
0.829086
0.77173
0.719525
0.671946
0.628525
0.588844
0.552532
0.519256
0.488721
0.460661
0.434841
0.411048
0.389094
0.368807
0.350037
0.332645
0.316509
0.301519
0.287575
0.274586
0.262473
0.251162
0.240586
0.230686
0.221408
0.212702
0.204523
0.196831
0.189589
0.182763
0.176323
0.170239
0.164487
0.159043
0.153884
0.148993
0.144349
0.139937
0.135741
0.131747
0.127941
0.124312
0.120848
0.117539
0.114375
0.111346
0.108446
0.105665
0.102997
0.100435
0.0979718
0.0956019
0.0933196
0.0911196
0.0889967
0.0869464
0.0849641
0.0830456
0.0811869
0.0793843
0.0776342
0.0759333
0.0742785
0.0726671
0.0710962
0.0695637
0.0680673
0.0666053
0.065176
0.0637783
0.0624112
0.0610741
0.0597666
0.0584886
0.0572406
0.056023
0.0548365
0.0536822
0.0525613
0.0514749
0.0504244
0.0494113
0.048437
0.0475029
0.0466105
0.0457613
0.0449566
0.0441981
0.0434874
0.0428263
0.0422172
0.0416627
0.0411661
0.0407317
0.0403649
0.0400729
0.0398647
0.0397523
0.961693
0.892186
0.829086
0.77173
0.719525
0.671946
0.628525
0.588844
0.552532
0.519256
0.488721
0.460661
0.434841
0.411048
0.389094
0.368807
0.350037
0.332645
0.31651
0.301519
0.287575
0.274587
0.262474
0.251162
0.240587
0.230687
0.221408
0.212702
0.204524
0.196832
0.18959
0.182764
0.176323
0.17024
0.164488
0.159044
0.153885
0.148994
0.14435
0.139938
0.135743
0.131748
0.127943
0.124314
0.12085
0.117541
0.114377
0.111349
0.108448
0.105668
0.103
0.100438
0.0979746
0.0956048
0.0933227
0.0911228
0.0890002
0.0869501
0.084968
0.0830497
0.0811913
0.0793889
0.0776391
0.0759384
0.074284
0.0726728
0.0711023
0.06957
0.068074
0.0666123
0.0651834
0.063786
0.0624192
0.0610823
0.0597751
0.0584974
0.0572496
0.0560322
0.0548459
0.0536917
0.0525709
0.0514845
0.0504341
0.0494209
0.0484465
0.0475123
0.0466198
0.0457703
0.0449655
0.0442067
0.0434957
0.0428344
0.042225
0.0416702
0.0411734
0.0407387
0.0403717
0.0400795
0.0398712
0.0397587
0.961693
0.892186
0.829086
0.77173
0.719525
0.671946
0.628525
0.588844
0.552532
0.519256
0.488721
0.460661
0.434841
0.411048
0.389094
0.368807
0.350037
0.332645
0.31651
0.30152
0.287575
0.274587
0.262474
0.251162
0.240587
0.230687
0.221409
0.212703
0.204524
0.196832
0.189591
0.182765
0.176324
0.170241
0.164489
0.159044
0.153886
0.148995
0.144351
0.13994
0.135744
0.13175
0.127944
0.124315
0.120851
0.117542
0.114378
0.11135
0.10845
0.10567
0.103002
0.10044
0.0979769
0.0956073
0.0933253
0.0911256
0.0890031
0.0869532
0.0849713
0.0830532
0.0811949
0.0793928
0.0776431
0.0759428
0.0742885
0.0726776
0.0711073
0.0695754
0.0680796
0.0666182
0.0651895
0.0637924
0.0624259
0.0610893
0.0597823
0.0585048
0.0572572
0.0560399
0.0548538
0.0536997
0.0525789
0.0514926
0.0504422
0.049429
0.0484545
0.0475202
0.0466276
0.0457779
0.0449729
0.0442139
0.0435027
0.0428412
0.0422316
0.0416766
0.0411795
0.0407446
0.0403775
0.0400851
0.0398767
0.0397641
0.961693
0.892186
0.829086
0.77173
0.719525
0.671946
0.628525
0.588844
0.552532
0.519256
0.488721
0.460661
0.434841
0.411048
0.389094
0.368808
0.350037
0.332645
0.31651
0.30152
0.287575
0.274587
0.262474
0.251163
0.240587
0.230687
0.221409
0.212703
0.204525
0.196833
0.189591
0.182765
0.176325
0.170241
0.164489
0.159045
0.153887
0.148996
0.144352
0.13994
0.135745
0.131751
0.127945
0.124316
0.120852
0.117543
0.11438
0.111352
0.108452
0.105671
0.103004
0.100442
0.0979788
0.0956093
0.0933274
0.0911278
0.0890054
0.0869556
0.0849739
0.0830559
0.0811979
0.0793959
0.0776464
0.0759462
0.0742922
0.0726815
0.0711114
0.0695797
0.0680841
0.0666229
0.0651945
0.0637976
0.0624312
0.0610948
0.059788
0.0585108
0.0572633
0.0560462
0.0548602
0.0537062
0.0525854
0.0514991
0.0504487
0.0494355
0.048461
0.0475266
0.0466338
0.0457841
0.0449789
0.0442198
0.0435084
0.0428467
0.0422369
0.0416817
0.0411845
0.0407494
0.0403821
0.0400896
0.039881
0.0397684
0.961693
0.892186
0.829086
0.77173
0.719525
0.671946
0.628525
0.588844
0.552532
0.519256
0.488721
0.460661
0.434841
0.411048
0.389094
0.368808
0.350037
0.332645
0.31651
0.30152
0.287576
0.274587
0.262474
0.251163
0.240587
0.230688
0.221409
0.212703
0.204525
0.196833
0.189591
0.182766
0.176325
0.170242
0.16449
0.159046
0.153888
0.148996
0.144353
0.139941
0.135745
0.131751
0.127946
0.124317
0.120853
0.117544
0.114381
0.111353
0.108453
0.105672
0.103005
0.100443
0.0979802
0.0956107
0.0933289
0.0911294
0.0890072
0.0869575
0.0849758
0.083058
0.0812001
0.0793982
0.0776489
0.0759488
0.074295
0.0726844
0.0711145
0.0695829
0.0680875
0.0666265
0.0651982
0.0638015
0.0624353
0.0610991
0.0597924
0.0585153
0.0572679
0.0560509
0.054865
0.0537111
0.0525904
0.0515041
0.0504537
0.0494404
0.0484659
0.0475315
0.0466386
0.0457888
0.0449834
0.0442242
0.0435127
0.0428509
0.0422409
0.0416856
0.0411882
0.040753
0.0403856
0.040093
0.0398844
0.0397717
0.961693
0.892186
0.829086
0.77173
0.719525
0.671946
0.628525
0.588844
0.552532
0.519256
0.488721
0.460661
0.434841
0.411049
0.389094
0.368808
0.350037
0.332645
0.31651
0.30152
0.287576
0.274587
0.262474
0.251163
0.240587
0.230688
0.221409
0.212703
0.204525
0.196833
0.189592
0.182766
0.176325
0.170242
0.16449
0.159046
0.153888
0.148997
0.144353
0.139942
0.135746
0.131752
0.127946
0.124318
0.120854
0.117545
0.114381
0.111353
0.108453
0.105673
0.103006
0.100444
0.0979811
0.0956117
0.09333
0.0911306
0.0890084
0.0869587
0.0849772
0.0830594
0.0812015
0.0793998
0.0776506
0.0759506
0.0742968
0.0726863
0.0711166
0.0695851
0.0680898
0.0666289
0.0652008
0.0638041
0.0624381
0.061102
0.0597954
0.0585184
0.0572711
0.0560542
0.0548683
0.0537144
0.0525938
0.0515075
0.0504571
0.0494438
0.0484692
0.0475348
0.0466419
0.045792
0.0449866
0.0442272
0.0435156
0.0428537
0.0422437
0.0416882
0.0411907
0.0407555
0.0403879
0.0400953
0.0398866
0.0397739
0.961693
0.892186
0.829086
0.77173
0.719525
0.671946
0.628525
0.588844
0.552532
0.519256
0.488721
0.460661
0.434841
0.411049
0.389094
0.368808
0.350037
0.332646
0.31651
0.30152
0.287576
0.274588
0.262474
0.251163
0.240588
0.230688
0.22141
0.212704
0.204525
0.196834
0.189592
0.182766
0.176325
0.170242
0.16449
0.159046
0.153888
0.148997
0.144354
0.139942
0.135746
0.131752
0.127947
0.124318
0.120854
0.117545
0.114382
0.111354
0.108454
0.105674
0.103006
0.100444
0.0979816
0.0956122
0.0933305
0.0911311
0.089009
0.0869594
0.0849778
0.0830601
0.0812023
0.0794006
0.0776514
0.0759515
0.0742978
0.0726874
0.0711176
0.0695862
0.068091
0.0666302
0.0652021
0.0638055
0.0624395
0.0611035
0.059797
0.05852
0.0572728
0.0560559
0.05487
0.0537162
0.0525956
0.0515093
0.0504589
0.0494456
0.048471
0.0475365
0.0466436
0.0457937
0.0449882
0.0442288
0.0435172
0.0428552
0.0422451
0.0416896
0.041192
0.0407567
0.0403892
0.0400964
0.0398877
0.039775
0.961693
0.892186
0.829086
0.77173
0.719525
0.671946
0.628525
0.588844
0.552532
0.519256
0.488721
0.460661
0.434841
0.411049
0.389094
0.368808
0.350037
0.332646
0.31651
0.30152
0.287576
0.274588
0.262474
0.251163
0.240588
0.230688
0.22141
0.212704
0.204525
0.196834
0.189592
0.182766
0.176325
0.170242
0.16449
0.159046
0.153888
0.148997
0.144354
0.139942
0.135746
0.131752
0.127947
0.124318
0.120854
0.117545
0.114382
0.111354
0.108454
0.105674
0.103006
0.100444
0.0979816
0.0956122
0.0933305
0.0911311
0.089009
0.0869594
0.0849778
0.0830602
0.0812023
0.0794006
0.0776514
0.0759516
0.0742978
0.0726874
0.0711177
0.0695863
0.0680911
0.0666303
0.0652022
0.0638057
0.0624397
0.0611036
0.0597971
0.0585202
0.057273
0.0560561
0.0548702
0.0537164
0.0525958
0.0515096
0.0504591
0.0494459
0.0484713
0.0475368
0.0466438
0.0457939
0.0449884
0.044229
0.0435174
0.0428554
0.0422452
0.0416897
0.0411922
0.0407568
0.0403892
0.0400965
0.0398878
0.039775
0.961693
0.892186
0.829086
0.77173
0.719525
0.671946
0.628525
0.588844
0.552532
0.519256
0.488721
0.460661
0.434841
0.411049
0.389094
0.368808
0.350037
0.332646
0.31651
0.30152
0.287576
0.274587
0.262474
0.251163
0.240587
0.230688
0.221409
0.212703
0.204525
0.196833
0.189592
0.182766
0.176325
0.170242
0.16449
0.159046
0.153888
0.148997
0.144353
0.139942
0.135746
0.131752
0.127946
0.124318
0.120854
0.117545
0.114381
0.111353
0.108453
0.105673
0.103006
0.100444
0.0979811
0.0956118
0.09333
0.0911306
0.0890084
0.0869588
0.0849772
0.0830595
0.0812016
0.0793999
0.0776507
0.0759507
0.074297
0.0726865
0.0711168
0.0695853
0.0680901
0.0666292
0.0652011
0.0638045
0.0624385
0.0611024
0.0597959
0.0585189
0.0572717
0.0560548
0.0548689
0.0537151
0.0525944
0.0515082
0.0504578
0.0494445
0.0484699
0.0475354
0.0466425
0.0457926
0.0449871
0.0442278
0.0435162
0.0428542
0.0422441
0.0416886
0.041191
0.0407557
0.0403882
0.0400954
0.0398868
0.039774
0.961693
0.892186
0.829086
0.77173
0.719525
0.671946
0.628525
0.588844
0.552532
0.519256
0.488721
0.460661
0.434841
0.411048
0.389094
0.368808
0.350037
0.332645
0.31651
0.30152
0.287576
0.274587
0.262474
0.251163
0.240587
0.230688
0.221409
0.212703
0.204525
0.196833
0.189591
0.182766
0.176325
0.170242
0.16449
0.159046
0.153888
0.148996
0.144353
0.139941
0.135745
0.131751
0.127946
0.124317
0.120853
0.117544
0.114381
0.111353
0.108453
0.105672
0.103005
0.100443
0.0979802
0.0956108
0.093329
0.0911295
0.0890073
0.0869576
0.0849759
0.0830581
0.0812002
0.0793984
0.0776491
0.0759491
0.0742952
0.0726847
0.0711148
0.0695833
0.068088
0.066627
0.0651988
0.0638021
0.062436
0.0610999
0.0597932
0.0585162
0.0572689
0.0560519
0.054866
0.0537122
0.0525915
0.0515053
0.0504548
0.0494416
0.048467
0.0475326
0.0466397
0.0457898
0.0449844
0.0442251
0.0435136
0.0428517
0.0422416
0.0416862
0.0411887
0.0407535
0.040386
0.0400933
0.0398846
0.0397719
0.961693
0.892186
0.829086
0.77173
0.719525
0.671946
0.628525
0.588844
0.552532
0.519256
0.488721
0.460661
0.434841
0.411048
0.389094
0.368808
0.350037
0.332645
0.31651
0.30152
0.287575
0.274587
0.262474
0.251163
0.240587
0.230687
0.221409
0.212703
0.204525
0.196833
0.189591
0.182765
0.176325
0.170241
0.164489
0.159045
0.153887
0.148996
0.144352
0.13994
0.135745
0.131751
0.127945
0.124316
0.120852
0.117543
0.11438
0.111352
0.108452
0.105671
0.103004
0.100442
0.0979788
0.0956093
0.0933274
0.0911279
0.0890055
0.0869557
0.084974
0.0830561
0.0811981
0.0793961
0.0776467
0.0759466
0.0742926
0.0726819
0.0711119
0.0695802
0.0680848
0.0666236
0.0651953
0.0637985
0.0624322
0.0610959
0.0597892
0.058512
0.0572646
0.0560476
0.0548616
0.0537077
0.052587
0.0515008
0.0504503
0.0494371
0.0484626
0.0475282
0.0466353
0.0457855
0.0449803
0.0442211
0.0435096
0.0428478
0.0422379
0.0416826
0.0411852
0.0407501
0.0403826
0.04009
0.0398814
0.0397688
0.961693
0.892186
0.829086
0.77173
0.719525
0.671946
0.628525
0.588844
0.552532
0.519256
0.488721
0.460661
0.434841
0.411048
0.389094
0.368807
0.350037
0.332645
0.31651
0.30152
0.287575
0.274587
0.262474
0.251162
0.240587
0.230687
0.221409
0.212703
0.204524
0.196832
0.189591
0.182765
0.176324
0.170241
0.164489
0.159044
0.153886
0.148995
0.144351
0.13994
0.135744
0.13175
0.127944
0.124315
0.120851
0.117542
0.114378
0.11135
0.10845
0.10567
0.103002
0.10044
0.0979769
0.0956074
0.0933254
0.0911257
0.0890032
0.0869533
0.0849714
0.0830534
0.0811952
0.0793931
0.0776435
0.0759432
0.074289
0.0726782
0.071108
0.0695761
0.0680804
0.0666191
0.0651906
0.0637936
0.0624272
0.0610907
0.0597838
0.0585064
0.0572589
0.0560418
0.0548557
0.0537017
0.052581
0.0514947
0.0504442
0.0494311
0.0484566
0.0475222
0.0466295
0.0457798
0.0449747
0.0442156
0.0435043
0.0428426
0.0422329
0.0416777
0.0411805
0.0407455
0.0403782
0.0400857
0.0398772
0.0397646
0.961693
0.892186
0.829086
0.77173
0.719525
0.671946
0.628525
0.588844
0.552532
0.519256
0.488721
0.460661
0.434841
0.411048
0.389094
0.368807
0.350037
0.332645
0.31651
0.301519
0.287575
0.274587
0.262474
0.251162
0.240587
0.230687
0.221408
0.212702
0.204524
0.196832
0.18959
0.182764
0.176323
0.17024
0.164488
0.159044
0.153885
0.148994
0.14435
0.139938
0.135743
0.131748
0.127943
0.124314
0.12085
0.117541
0.114377
0.111349
0.108448
0.105668
0.103
0.100438
0.0979746
0.0956049
0.0933228
0.091123
0.0890004
0.0869503
0.0849682
0.08305
0.0811916
0.0793893
0.0776395
0.075939
0.0742846
0.0726735
0.0711031
0.069571
0.068075
0.0666135
0.0651847
0.0637874
0.0624208
0.0610841
0.059777
0.0584994
0.0572517
0.0560344
0.0548482
0.0536942
0.0525734
0.051487
0.0504366
0.0494235
0.048449
0.0475148
0.0466222
0.0457726
0.0449676
0.0442087
0.0434976
0.0428361
0.0422266
0.0416716
0.0411745
0.0407397
0.0403726
0.0400802
0.0398718
0.0397593
0.961693
0.892186
0.829086
0.77173
0.719525
0.671946
0.628525
0.588844
0.552532
0.519256
0.488721
0.460661
0.434841
0.411048
0.389094
0.368807
0.350037
0.332645
0.316509
0.301519
0.287575
0.274586
0.262473
0.251162
0.240586
0.230686
0.221408
0.212702
0.204523
0.196831
0.189589
0.182763
0.176323
0.170239
0.164487
0.159043
0.153884
0.148993
0.144349
0.139937
0.135741
0.131747
0.127941
0.124312
0.120848
0.117539
0.114375
0.111346
0.108446
0.105665
0.102997
0.100435
0.0979719
0.095602
0.0933197
0.0911197
0.0889969
0.0869466
0.0849644
0.0830459
0.0811873
0.0793848
0.0776347
0.0759339
0.0742793
0.0726679
0.0710972
0.0695648
0.0680686
0.0666067
0.0651776
0.0637801
0.0624131
0.0610761
0.0597688
0.058491
0.0572431
0.0560256
0.0548393
0.0536851
0.0525642
0.0514779
0.0504274
0.0494143
0.04844
0.0475059
0.0466134
0.045764
0.0449592
0.0442005
0.0434896
0.0428283
0.042219
0.0416643
0.0411674
0.0407328
0.0403659
0.0400737
0.0398654
0.039753
0.961693
0.892186
0.829086
0.77173
0.719525
0.671946
0.628525
0.588844
0.552532
0.519256
0.488721
0.460661
0.434841
0.411048
0.389094
0.368807
0.350036
0.332645
0.316509
0.301519
0.287574
0.274586
0.262473
0.251161
0.240586
0.230686
0.221407
0.212701
0.204522
0.19683
0.189588
0.182762
0.176322
0.170238
0.164486
0.159041
0.153883
0.148991
0.144348
0.139936
0.13574
0.131745
0.127939
0.12431
0.120846
0.117537
0.114372
0.111344
0.108444
0.105663
0.102995
0.100432
0.0979687
0.0955986
0.0933162
0.0911159
0.0889929
0.0869424
0.0849599
0.0830412
0.0811823
0.0793795
0.0776292
0.0759281
0.0742731
0.0726614
0.0710904
0.0695576
0.068061
0.0665988
0.0651694
0.0637715
0.0624042
0.0610669
0.0597592
0.0584812
0.0572331
0.0560154
0.0548289
0.0536746
0.0525536
0.0514672
0.0504168
0.0494037
0.0484294
0.0474954
0.0466031
0.0457539
0.0449493
0.0441909
0.0434802
0.0428193
0.0422102
0.0416557
0.0411592
0.0407248
0.0403581
0.0400661
0.039858
0.0397456
0.961693
0.892186
0.829086
0.77173
0.719525
0.671946
0.628525
0.588844
0.552532
0.519256
0.488721
0.460661
0.434841
0.411048
0.389093
0.368807
0.350036
0.332644
0.316509
0.301519
0.287574
0.274586
0.262472
0.251161
0.240585
0.230685
0.221407
0.2127
0.204521
0.19683
0.189587
0.182761
0.176321
0.170237
0.164484
0.15904
0.153882
0.14899
0.144346
0.139934
0.135738
0.131743
0.127937
0.124308
0.120844
0.117534
0.11437
0.111341
0.108441
0.10566
0.102991
0.100429
0.097965
0.0955948
0.0933121
0.0911116
0.0889884
0.0869376
0.0849549
0.0830359
0.0811767
0.0793735
0.0776229
0.0759214
0.0742661
0.072654
0.0710826
0.0695494
0.0680524
0.0665898
0.06516
0.0637617
0.062394
0.0610564
0.0597484
0.05847
0.0572216
0.0560037
0.054817
0.0536625
0.0525414
0.051455
0.0504046
0.0493916
0.0484174
0.0474835
0.0465914
0.0457424
0.0449381
0.0441799
0.0434696
0.0428089
0.0422002
0.041646
0.0411498
0.0407157
0.0403492
0.0400574
0.0398495
0.0397373
0.961693
0.892186
0.829086
0.77173
0.719525
0.671946
0.628525
0.588844
0.552532
0.519256
0.488721
0.460661
0.434841
0.411048
0.389093
0.368807
0.350036
0.332644
0.316508
0.301518
0.287574
0.274585
0.262472
0.25116
0.240584
0.230684
0.221406
0.212699
0.204521
0.196829
0.189586
0.18276
0.176319
0.170235
0.164483
0.159038
0.15388
0.148988
0.144344
0.139932
0.135736
0.131741
0.127935
0.124305
0.120841
0.117531
0.114367
0.111338
0.108437
0.105656
0.102988
0.100425
0.097961
0.0955905
0.0933075
0.0911068
0.0889833
0.0869322
0.0849492
0.0830299
0.0811703
0.0793668
0.0776158
0.0759139
0.0742582
0.0726457
0.0710738
0.0695402
0.0680428
0.0665797
0.0651494
0.0637507
0.0623826
0.0610445
0.0597362
0.0584575
0.0572088
0.0559905
0.0548036
0.053649
0.0525278
0.0514413
0.0503909
0.049378
0.0484039
0.0474702
0.0465783
0.0457296
0.0449255
0.0441677
0.0434576
0.0427973
0.042189
0.0416351
0.0411392
0.0407055
0.0403393
0.0400478
0.03984
0.039728
0.961693
0.892186
0.829086
0.77173
0.719525
0.671946
0.628525
0.588844
0.552532
0.519256
0.48872
0.460661
0.434841
0.411048
0.389093
0.368807
0.350036
0.332644
0.316508
0.301518
0.287573
0.274585
0.262471
0.25116
0.240584
0.230684
0.221405
0.212699
0.20452
0.196828
0.189585
0.182759
0.176318
0.170234
0.164482
0.159037
0.153878
0.148986
0.144342
0.13993
0.135733
0.131739
0.127932
0.124303
0.120838
0.117528
0.114364
0.111335
0.108434
0.105652
0.102984
0.10042
0.0979565
0.0955857
0.0933025
0.0911015
0.0889777
0.0869263
0.0849429
0.0830232
0.0811633
0.0793594
0.077608
0.0759057
0.0742495
0.0726365
0.0710642
0.0695301
0.0680322
0.0665686
0.0651378
0.0637386
0.06237
0.0610315
0.0597227
0.0584436
0.0571945
0.055976
0.0547889
0.0536341
0.0525128
0.0514262
0.0503758
0.0493629
0.048389
0.0474555
0.0465638
0.0457154
0.0449116
0.0441541
0.0434445
0.0427845
0.0421766
0.0416231
0.0411276
0.0406942
0.0403284
0.0400371
0.0398296
0.0397176
0.961693
0.892186
0.829086
0.77173
0.719525
0.671946
0.628525
0.588844
0.552532
0.519256
0.48872
0.460661
0.43484
0.411048
0.389093
0.368806
0.350035
0.332644
0.316508
0.301517
0.287573
0.274584
0.262471
0.251159
0.240583
0.230683
0.221404
0.212697
0.204518
0.196826
0.189584
0.182758
0.176316
0.170232
0.16448
0.159035
0.153876
0.148984
0.14434
0.139927
0.135731
0.131736
0.12793
0.1243
0.120835
0.117525
0.11436
0.111331
0.10843
0.105648
0.102979
0.100416
0.0979516
0.0955805
0.093297
0.0910957
0.0889716
0.0869198
0.084936
0.083016
0.0811557
0.0793513
0.0775994
0.0758967
0.07424
0.0726265
0.0710536
0.069519
0.0680205
0.0665564
0.0651251
0.0637253
0.0623562
0.0610172
0.0597079
0.0584284
0.057179
0.0559602
0.0547727
0.0536177
0.0524963
0.0514097
0.0503593
0.0493465
0.0483727
0.0474394
0.046548
0.0456998
0.0448964
0.0441393
0.0434301
0.0427706
0.042163
0.04161
0.0411149
0.0406819
0.0403164
0.0400255
0.0398182
0.0397064
0.961693
0.892186
0.829086
0.77173
0.719525
0.671946
0.628525
0.588844
0.552532
0.519256
0.48872
0.460661
0.43484
0.411047
0.389093
0.368806
0.350035
0.332643
0.316507
0.301517
0.287572
0.274584
0.26247
0.251158
0.240582
0.230682
0.221403
0.212696
0.204517
0.196825
0.189583
0.182756
0.176315
0.170231
0.164478
0.159033
0.153874
0.148982
0.144338
0.139925
0.135728
0.131733
0.127927
0.124297
0.120832
0.117521
0.114356
0.111327
0.108426
0.105644
0.102974
0.100411
0.0979463
0.0955749
0.0932911
0.0910894
0.0889649
0.0869128
0.0849286
0.0830081
0.0811474
0.0793426
0.0775902
0.0758869
0.0742297
0.0726156
0.0710422
0.069507
0.0680079
0.0665432
0.0651113
0.0637109
0.0623413
0.0610017
0.059692
0.058412
0.0571621
0.055943
0.0547553
0.0536
0.0524784
0.0513918
0.0503414
0.0493286
0.048355
0.0474219
0.0465308
0.045683
0.04488
0.0441233
0.0434145
0.0427554
0.0421483
0.0415958
0.0411011
0.0406686
0.0403035
0.0400129
0.0398058
0.0396942
0.961693
0.892186
0.829086
0.77173
0.719525
0.671946
0.628525
0.588844
0.552532
0.519256
0.48872
0.460661
0.43484
0.411047
0.389092
0.368806
0.350035
0.332643
0.316507
0.301516
0.287572
0.274583
0.262469
0.251157
0.240581
0.230681
0.221402
0.212695
0.204516
0.196824
0.189581
0.182754
0.176313
0.170229
0.164476
0.159031
0.153872
0.148979
0.144335
0.139922
0.135725
0.13173
0.127923
0.124293
0.120828
0.117518
0.114352
0.111323
0.108421
0.105639
0.102969
0.100405
0.0979406
0.0955689
0.0932847
0.0910827
0.0889578
0.0869053
0.0849207
0.0829997
0.0811385
0.0793331
0.0775802
0.0758764
0.0742186
0.072604
0.0710299
0.0694941
0.0679944
0.066529
0.0650964
0.0636955
0.0623252
0.0609851
0.0596748
0.0583943
0.057144
0.0559245
0.0547364
0.053581
0.0524592
0.0513725
0.0503221
0.0493095
0.048336
0.0474032
0.0465123
0.0456649
0.0448623
0.044106
0.0433977
0.0427392
0.0421326
0.0415806
0.0410864
0.0406543
0.0402896
0.0399993
0.0397926
0.0396811
0.961693
0.892186
0.829086
0.77173
0.719525
0.671946
0.628525
0.588844
0.552532
0.519256
0.48872
0.460661
0.43484
0.411047
0.389092
0.368805
0.350035
0.332642
0.316506
0.301516
0.287571
0.274582
0.262468
0.251157
0.24058
0.23068
0.221401
0.212694
0.204515
0.196822
0.189579
0.182753
0.176311
0.170227
0.164474
0.159029
0.15387
0.148977
0.144332
0.139919
0.135722
0.131727
0.12792
0.124289
0.120824
0.117513
0.114348
0.111318
0.108416
0.105634
0.102964
0.1004
0.0979345
0.0955625
0.0932779
0.0910755
0.0889502
0.0868972
0.0849122
0.0829907
0.081129
0.0793231
0.0775696
0.0758652
0.0742068
0.0725915
0.0710168
0.0694803
0.0679799
0.0665138
0.0650806
0.063679
0.0623081
0.0609673
0.0596564
0.0583754
0.0571247
0.0559047
0.0547164
0.0535607
0.0524387
0.0513519
0.0503016
0.049289
0.0483158
0.0473832
0.0464926
0.0456456
0.0448434
0.0440876
0.0433798
0.0427218
0.0421158
0.0415643
0.0410706
0.040639
0.0402748
0.0399849
0.0397785
0.0396672
0.961693
0.892186
0.829086
0.77173
0.719525
0.671946
0.628525
0.588844
0.552531
0.519256
0.48872
0.46066
0.43484
0.411047
0.389092
0.368805
0.350034
0.332642
0.316506
0.301515
0.28757
0.274582
0.262468
0.251156
0.240579
0.230679
0.2214
0.212693
0.204513
0.196821
0.189578
0.182751
0.176309
0.170225
0.164472
0.159026
0.153867
0.148974
0.144329
0.139916
0.135719
0.131723
0.127916
0.124285
0.12082
0.117509
0.114343
0.111313
0.108411
0.105628
0.102958
0.100394
0.097928
0.0955557
0.0932707
0.0910679
0.0889421
0.0868887
0.0849032
0.0829812
0.0811189
0.0793125
0.0775584
0.0758533
0.0741942
0.0725783
0.0710029
0.0694656
0.0679645
0.0664977
0.0650638
0.0636614
0.0622898
0.0609484
0.0596369
0.0583554
0.0571041
0.0558837
0.054695
0.0535391
0.052417
0.0513301
0.0502797
0.0492673
0.0482942
0.0473619
0.0464717
0.0456251
0.0448234
0.0440681
0.0433609
0.0427034
0.0420979
0.041547
0.0410539
0.0406228
0.0402591
0.0399696
0.0397635
0.0396524
0.961693
0.892186
0.829086
0.77173
0.719525
0.671946
0.628525
0.588844
0.552531
0.519256
0.48872
0.46066
0.43484
0.411047
0.389092
0.368805
0.350034
0.332642
0.316505
0.301515
0.28757
0.274581
0.262467
0.251155
0.240578
0.230677
0.221398
0.212691
0.204512
0.196819
0.189576
0.182749
0.176307
0.170223
0.164469
0.159024
0.153864
0.148971
0.144326
0.139913
0.135715
0.13172
0.127912
0.124281
0.120816
0.117504
0.114338
0.111308
0.108405
0.105623
0.102952
0.100387
0.0979212
0.0955485
0.0932631
0.0910599
0.0889337
0.0868797
0.0848937
0.0829712
0.0811083
0.0793012
0.0775465
0.0758408
0.074181
0.0725643
0.0709882
0.0694502
0.0679483
0.0664807
0.065046
0.0636429
0.0622706
0.0609285
0.0596163
0.0583342
0.0570824
0.0558616
0.0546725
0.0535163
0.052394
0.0513071
0.0502567
0.0492444
0.0482715
0.0473395
0.0464497
0.0456035
0.0448023
0.0440476
0.0433409
0.042684
0.0420792
0.0415288
0.0410363
0.0406058
0.0402425
0.0399535
0.0397477
0.0396368
0.961693
0.892186
0.829086
0.77173
0.719525
0.671946
0.628525
0.588844
0.552531
0.519255
0.48872
0.46066
0.43484
0.411046
0.389091
0.368805
0.350033
0.332641
0.316505
0.301514
0.287569
0.27458
0.262466
0.251154
0.240577
0.230676
0.221397
0.21269
0.20451
0.196817
0.189574
0.182747
0.176305
0.17022
0.164467
0.159021
0.153861
0.148968
0.144323
0.13991
0.135712
0.131716
0.127908
0.124277
0.120811
0.1175
0.114333
0.111303
0.1084
0.105617
0.102946
0.10038
0.0979141
0.095541
0.0932552
0.0910515
0.0889248
0.0868703
0.0848837
0.0829606
0.0810971
0.0792894
0.077534
0.0758276
0.0741671
0.0725497
0.0709727
0.069434
0.0679313
0.0664629
0.0650274
0.0636235
0.0622504
0.0609075
0.0595947
0.0583119
0.0570596
0.0558383
0.0546489
0.0534923
0.0523699
0.0512828
0.0502325
0.0492203
0.0482477
0.047316
0.0464265
0.0455808
0.0447801
0.044026
0.0433199
0.0426637
0.0420594
0.0415098
0.0410179
0.0405879
0.0402251
0.0399366
0.0397311
0.0396205
0.961693
0.892186
0.829086
0.77173
0.719525
0.671946
0.628525
0.588844
0.552531
0.519255
0.48872
0.46066
0.434839
0.411046
0.389091
0.368804
0.350033
0.332641
0.316504
0.301513
0.287568
0.274579
0.262465
0.251152
0.240576
0.230675
0.221395
0.212688
0.204508
0.196815
0.189572
0.182745
0.176303
0.170218
0.164464
0.159018
0.153858
0.148965
0.14432
0.139906
0.135708
0.131712
0.127904
0.124273
0.120806
0.117495
0.114328
0.111297
0.108394
0.10561
0.102939
0.100373
0.0979067
0.0955331
0.0932469
0.0910427
0.0889155
0.0868605
0.0848733
0.0829496
0.0810855
0.0792771
0.077521
0.0758139
0.0741526
0.0725344
0.0709566
0.069417
0.0679135
0.0664442
0.0650079
0.0636031
0.0622293
0.0608856
0.0595721
0.0582887
0.0570357
0.055814
0.0546241
0.0534673
0.0523447
0.0512575
0.0502072
0.0491952
0.0482228
0.0472914
0.0464024
0.0455571
0.044757
0.0440034
0.043298
0.0426424
0.0420388
0.0414898
0.0409986
0.0405692
0.040207
0.0399189
0.0397138
0.0396034
0.961693
0.892186
0.829086
0.77173
0.719525
0.671946
0.628525
0.588844
0.552531
0.519255
0.48872
0.46066
0.434839
0.411046
0.389091
0.368804
0.350032
0.33264
0.316504
0.301513
0.287567
0.274578
0.262464
0.251151
0.240575
0.230673
0.221394
0.212686
0.204506
0.196813
0.18957
0.182742
0.1763
0.170215
0.164461
0.159015
0.153855
0.148962
0.144316
0.139902
0.135704
0.131707
0.127899
0.124268
0.120801
0.117489
0.114322
0.111291
0.108388
0.105604
0.102932
0.100366
0.097899
0.0955249
0.0932382
0.0910335
0.0889058
0.0868503
0.0848625
0.0829382
0.0810734
0.0792643
0.0775075
0.0757996
0.0741375
0.0725184
0.0709398
0.0693993
0.0678949
0.0664248
0.0649875
0.063582
0.0622072
0.0608628
0.0595485
0.0582644
0.0570109
0.0557886
0.0545983
0.0534412
0.0523184
0.0512312
0.0501809
0.049169
0.0481968
0.0472658
0.0463772
0.0455324
0.0447329
0.0439799
0.0432751
0.0426203
0.0420174
0.0414691
0.0409785
0.0405498
0.0401882
0.0399005
0.0396958
0.0395856
0.961693
0.892186
0.829086
0.77173
0.719525
0.671946
0.628525
0.588844
0.552531
0.519255
0.48872
0.46066
0.434839
0.411046
0.38909
0.368803
0.350032
0.332639
0.316503
0.301512
0.287566
0.274577
0.262463
0.25115
0.240573
0.230672
0.221392
0.212685
0.204505
0.196811
0.189568
0.18274
0.176298
0.170212
0.164458
0.159012
0.153852
0.148958
0.144313
0.139898
0.1357
0.131703
0.127895
0.124263
0.120796
0.117484
0.114317
0.111285
0.108381
0.105597
0.102925
0.100358
0.097891
0.0955165
0.0932293
0.0910241
0.0888958
0.0868397
0.0848513
0.0829263
0.0810608
0.0792511
0.0774935
0.0757847
0.0741218
0.0725019
0.0709224
0.069381
0.0678757
0.0664046
0.0649665
0.06356
0.0621844
0.0608391
0.0595241
0.0582393
0.0569851
0.0557623
0.0545716
0.0534142
0.0522911
0.0512038
0.0501536
0.0491418
0.0481699
0.0472392
0.0463511
0.0455069
0.0447079
0.0439556
0.0432515
0.0425974
0.0419952
0.0414476
0.0409577
0.0405296
0.0401686
0.0398815
0.0396772
0.0395672
0.961693
0.892186
0.829086
0.77173
0.719525
0.671946
0.628525
0.588844
0.552531
0.519255
0.488719
0.46066
0.434839
0.411045
0.38909
0.368803
0.350031
0.332639
0.316502
0.301511
0.287566
0.274576
0.262462
0.251149
0.240572
0.23067
0.221391
0.212683
0.204503
0.196809
0.189565
0.182738
0.176295
0.17021
0.164455
0.159009
0.153849
0.148955
0.144309
0.139894
0.135696
0.131699
0.12789
0.124258
0.120791
0.117478
0.114311
0.111279
0.108375
0.10559
0.102918
0.100351
0.0978827
0.0955078
0.0932201
0.0910143
0.0888855
0.0868288
0.0848397
0.0829141
0.0810479
0.0792374
0.077479
0.0757694
0.0741057
0.0724848
0.0709044
0.0693621
0.0678558
0.0663838
0.0649447
0.0635373
0.0621608
0.0608147
0.0594988
0.0582133
0.0569585
0.0557351
0.054544
0.0533862
0.052263
0.0511756
0.0501254
0.0491138
0.0481421
0.0472118
0.0463241
0.0454805
0.0446821
0.0439305
0.0432271
0.0425737
0.0419723
0.0414254
0.0409363
0.0405088
0.0401484
0.0398618
0.0396579
0.0395482
0.961693
0.892186
0.829086
0.77173
0.719525
0.671946
0.628525
0.588844
0.552531
0.519255
0.488719
0.460659
0.434838
0.411045
0.38909
0.368802
0.350031
0.332638
0.316501
0.30151
0.287565
0.274575
0.26246
0.251148
0.24057
0.230669
0.221389
0.212681
0.204501
0.196807
0.189563
0.182735
0.176292
0.170207
0.164452
0.159006
0.153845
0.148951
0.144305
0.13989
0.135691
0.131694
0.127885
0.124253
0.120785
0.117473
0.114305
0.111272
0.108368
0.105583
0.10291
0.100343
0.0978743
0.0954988
0.0932106
0.0910043
0.0888749
0.0868176
0.0848279
0.0829015
0.0810346
0.0792233
0.0774641
0.0757537
0.074089
0.0724673
0.0708859
0.0693426
0.0678353
0.0663624
0.0649222
0.0635139
0.0621364
0.0607894
0.0594727
0.0581865
0.056931
0.0557071
0.0545155
0.0533574
0.0522339
0.0511465
0.0500963
0.0490849
0.0481135
0.0471836
0.0462964
0.0454533
0.0446556
0.0439047
0.043202
0.0425494
0.0419487
0.0414026
0.0409142
0.0404875
0.0401277
0.0398416
0.0396381
0.0395286
0.961693
0.892186
0.829086
0.77173
0.719525
0.671946
0.628525
0.588844
0.552531
0.519255
0.488719
0.460659
0.434838
0.411045
0.389089
0.368802
0.35003
0.332638
0.316501
0.301509
0.287564
0.274574
0.262459
0.251146
0.240569
0.230667
0.221387
0.212679
0.204498
0.196805
0.189561
0.182733
0.17629
0.170204
0.164449
0.159002
0.153842
0.148947
0.144301
0.139886
0.135687
0.131689
0.12788
0.124247
0.12078
0.117467
0.114298
0.111266
0.108361
0.105575
0.102902
0.100334
0.0978656
0.0954896
0.0932009
0.0909941
0.088864
0.0868061
0.0848157
0.0828887
0.081021
0.0792089
0.0774488
0.0757375
0.074072
0.0724493
0.0708669
0.0693226
0.0678143
0.0663403
0.0648992
0.0634899
0.0621115
0.0607636
0.059446
0.058159
0.0569028
0.0556783
0.0544863
0.0533278
0.0522042
0.0511166
0.0500665
0.0490552
0.0480841
0.0471546
0.0462679
0.0454254
0.0446284
0.0438782
0.0431763
0.0425244
0.0419246
0.0413793
0.0408916
0.0404656
0.0401064
0.0398209
0.0396178
0.0395085
0.961693
0.892186
0.829086
0.77173
0.719525
0.671946
0.628525
0.588844
0.552531
0.519255
0.488719
0.460659
0.434838
0.411044
0.389089
0.368801
0.35003
0.332637
0.3165
0.301508
0.287562
0.274573
0.262458
0.251145
0.240567
0.230665
0.221385
0.212677
0.204496
0.196802
0.189558
0.18273
0.176287
0.170201
0.164446
0.158999
0.153838
0.148943
0.144297
0.139882
0.135682
0.131684
0.127875
0.124242
0.120774
0.117461
0.114292
0.111259
0.108354
0.105568
0.102894
0.100326
0.0978568
0.0954803
0.093191
0.0909836
0.088853
0.0867944
0.0848033
0.0828755
0.0810071
0.0791941
0.0774332
0.0757211
0.0740545
0.0724309
0.0708475
0.0693022
0.0677929
0.0663178
0.0648757
0.0634653
0.0620859
0.0607371
0.0594187
0.0581308
0.056874
0.0556489
0.0544564
0.0532976
0.0521737
0.0510861
0.050036
0.0490249
0.0480541
0.047125
0.0462388
0.0453969
0.0446006
0.0438511
0.04315
0.0424989
0.0418999
0.0413554
0.0408685
0.0404432
0.0400847
0.0397997
0.039597
0.039488
0.961693
0.892186
0.829087
0.77173
0.719525
0.671946
0.628525
0.588844
0.552531
0.519255
0.488719
0.460659
0.434838
0.411044
0.389088
0.368801
0.350029
0.332636
0.316499
0.301507
0.287561
0.274571
0.262456
0.251143
0.240566
0.230664
0.221383
0.212675
0.204494
0.1968
0.189556
0.182727
0.176284
0.170198
0.164443
0.158995
0.153834
0.148939
0.144293
0.139877
0.135678
0.131679
0.12787
0.124237
0.120768
0.117454
0.114286
0.111252
0.108347
0.10556
0.102886
0.100318
0.0978478
0.0954708
0.093181
0.090973
0.0888417
0.0867825
0.0847907
0.0828622
0.0809929
0.0791792
0.0774174
0.0757043
0.0740368
0.0724122
0.0708278
0.0692814
0.067771
0.0662949
0.0648517
0.0634403
0.0620599
0.0607101
0.0593908
0.0581021
0.0568446
0.0556189
0.0544259
0.0532668
0.0521427
0.0510549
0.0500049
0.048994
0.0480236
0.0470949
0.0462092
0.0453679
0.0445723
0.0438235
0.0431232
0.042473
0.0418748
0.0413311
0.0408449
0.0404204
0.0400626
0.0397782
0.0395759
0.0394671
0.961693
0.892186
0.829087
0.77173
0.719525
0.671946
0.628525
0.588844
0.552531
0.519255
0.488719
0.460658
0.434837
0.411044
0.389088
0.3688
0.350028
0.332635
0.316498
0.301506
0.28756
0.27457
0.262455
0.251142
0.240564
0.230662
0.221381
0.212673
0.204492
0.196797
0.189553
0.182724
0.176281
0.170194
0.164439
0.158992
0.15383
0.148935
0.144288
0.139873
0.135673
0.131674
0.127865
0.124231
0.120762
0.117448
0.114279
0.111245
0.108339
0.105553
0.102878
0.100309
0.0978387
0.0954612
0.0931708
0.0909622
0.0888303
0.0867704
0.0847779
0.0828486
0.0809786
0.079164
0.0774013
0.0756873
0.0740188
0.0723932
0.0708077
0.0692603
0.0677488
0.0662716
0.0648273
0.0634148
0.0620334
0.0606827
0.0593625
0.058073
0.0568147
0.0555884
0.0543949
0.0532354
0.0521111
0.0510233
0.0499734
0.0489626
0.0479925
0.0470642
0.0461791
0.0453385
0.0445435
0.0437956
0.043096
0.0424466
0.0418493
0.0413064
0.0408211
0.0403973
0.0400401
0.0397563
0.0395544
0.0394459
0.961693
0.892186
0.829087
0.77173
0.719525
0.671946
0.628525
0.588844
0.552531
0.519255
0.488719
0.460658
0.434837
0.411043
0.389087
0.3688
0.350028
0.332634
0.316497
0.301505
0.287559
0.274569
0.262454
0.25114
0.240562
0.23066
0.221379
0.212671
0.204489
0.196795
0.18955
0.182721
0.176278
0.170191
0.164436
0.158988
0.153827
0.148931
0.144284
0.139868
0.135668
0.131669
0.127859
0.124225
0.120756
0.117442
0.114272
0.111238
0.108332
0.105545
0.10287
0.1003
0.0978295
0.0954515
0.0931606
0.0909514
0.0888188
0.0867582
0.084765
0.082835
0.0809641
0.0791486
0.0773851
0.0756701
0.0740006
0.0723739
0.0707875
0.0692389
0.0677264
0.066248
0.0648026
0.0633891
0.0620066
0.0606549
0.0593338
0.0580435
0.0567845
0.0555575
0.0543636
0.0532037
0.0520792
0.0509913
0.0499414
0.0489309
0.0479611
0.0470333
0.0461487
0.0453087
0.0445144
0.0437673
0.0430686
0.04242
0.0418235
0.0412815
0.0407969
0.0403739
0.0400174
0.0397341
0.0395327
0.0394245
0.961693
0.892186
0.829087
0.77173
0.719525
0.671946
0.628525
0.588844
0.552531
0.519254
0.488718
0.460658
0.434837
0.411043
0.389087
0.368799
0.350027
0.332634
0.316496
0.301504
0.287558
0.274567
0.262452
0.251138
0.24056
0.230658
0.221377
0.212668
0.204487
0.196792
0.189547
0.182718
0.176275
0.170188
0.164432
0.158984
0.153823
0.148927
0.14428
0.139864
0.135663
0.131664
0.127854
0.12422
0.12075
0.117436
0.114266
0.111231
0.108325
0.105537
0.102862
0.100292
0.0978203
0.0954418
0.0931503
0.0909405
0.0888073
0.086746
0.084752
0.0828212
0.0809495
0.0791332
0.0773687
0.0756528
0.0739823
0.0723546
0.070767
0.0692174
0.0677037
0.0662243
0.0647778
0.0633631
0.0619796
0.0606269
0.0593048
0.0580137
0.0567539
0.0555264
0.0543319
0.0531717
0.0520469
0.050959
0.0499092
0.0488989
0.0479294
0.047002
0.046118
0.0452787
0.0444851
0.0437387
0.0430409
0.0423932
0.0417975
0.0412563
0.0407726
0.0403503
0.0399945
0.0397118
0.0395109
0.0394029
0.961693
0.892186
0.829087
0.77173
0.719525
0.671946
0.628525
0.588844
0.552531
0.519254
0.488718
0.460658
0.434836
0.411042
0.389086
0.368798
0.350026
0.332633
0.316495
0.301503
0.287557
0.274566
0.26245
0.251137
0.240559
0.230656
0.221375
0.212666
0.204485
0.19679
0.189545
0.182716
0.176272
0.170185
0.164429
0.158981
0.153819
0.148923
0.144275
0.139859
0.135658
0.131659
0.127848
0.124214
0.120744
0.117429
0.114259
0.111224
0.108317
0.105529
0.102853
0.100283
0.0978111
0.095432
0.0931399
0.0909295
0.0887957
0.0867337
0.0847391
0.0828075
0.0809349
0.0791177
0.0773523
0.0756354
0.073964
0.0723352
0.0707465
0.0691958
0.067681
0.0662004
0.0647528
0.063337
0.0619525
0.0605987
0.0592757
0.0579837
0.0567232
0.0554951
0.0543001
0.0531395
0.0520145
0.0509265
0.0498768
0.0488667
0.0478975
0.0469706
0.0460872
0.0452485
0.0444557
0.0437101
0.0430131
0.0423662
0.0417714
0.0412311
0.0407482
0.0403266
0.0399715
0.0396894
0.0394889
0.0393811
0.961693
0.892186
0.829087
0.77173
0.719525
0.671946
0.628525
0.588844
0.552531
0.519254
0.488718
0.460657
0.434836
0.411042
0.389086
0.368798
0.350025
0.332632
0.316494
0.301502
0.287555
0.274565
0.262449
0.251135
0.240557
0.230654
0.221373
0.212664
0.204482
0.196787
0.189542
0.182713
0.176268
0.170181
0.164425
0.158977
0.153815
0.148919
0.144271
0.139854
0.135653
0.131654
0.127843
0.124208
0.120738
0.117423
0.114252
0.111217
0.10831
0.105521
0.102845
0.100274
0.0978019
0.0954223
0.0931297
0.0909186
0.0887842
0.0867215
0.0847261
0.0827937
0.0809204
0.0791023
0.077336
0.0756181
0.0739456
0.0723158
0.070726
0.0691742
0.0676582
0.0661765
0.0647278
0.0633109
0.0619253
0.0605705
0.0592466
0.0579537
0.0566925
0.0554637
0.0542682
0.0531073
0.0519821
0.050894
0.0498443
0.0488344
0.0478656
0.0469392
0.0460563
0.0452183
0.0444262
0.0436814
0.0429852
0.0423392
0.0417453
0.0412058
0.0407237
0.040303
0.0399485
0.039667
0.0394669
0.0393594
0.961693
0.892186
0.829087
0.77173
0.719525
0.671946
0.628525
0.588844
0.55253
0.519254
0.488718
0.460657
0.434835
0.411041
0.389085
0.368797
0.350024
0.332631
0.316493
0.301501
0.287554
0.274563
0.262447
0.251133
0.240555
0.230652
0.221371
0.212661
0.204479
0.196784
0.189539
0.18271
0.176265
0.170178
0.164422
0.158973
0.153811
0.148915
0.144267
0.13985
0.135649
0.131649
0.127838
0.124203
0.120732
0.117417
0.114246
0.11121
0.108302
0.105514
0.102837
0.100266
0.0977928
0.0954126
0.0931194
0.0909078
0.0887727
0.0867094
0.0847132
0.0827801
0.0809059
0.0790869
0.0773197
0.0756008
0.0739273
0.0722964
0.0707056
0.0691526
0.0676356
0.0661527
0.0647028
0.0632849
0.0618981
0.0605424
0.0592175
0.0579238
0.0566618
0.0554324
0.0542364
0.0530751
0.0519497
0.0508616
0.049812
0.0488023
0.0478338
0.0469079
0.0460256
0.0451882
0.0443969
0.0436529
0.0429575
0.0423124
0.0417193
0.0411807
0.0406994
0.0402794
0.0399256
0.0396446
0.0394449
0.0393377
0.961693
0.892186
0.829087
0.77173
0.719525
0.671946
0.628525
0.588843
0.55253
0.519254
0.488717
0.460657
0.434835
0.411041
0.389084
0.368796
0.350023
0.33263
0.316492
0.301499
0.287552
0.274562
0.262446
0.251131
0.240553
0.23065
0.221368
0.212659
0.204477
0.196782
0.189536
0.182706
0.176262
0.170174
0.164418
0.158969
0.153807
0.148911
0.144262
0.139845
0.135644
0.131644
0.127832
0.124197
0.120727
0.117411
0.114239
0.111204
0.108295
0.105506
0.102829
0.100257
0.0977837
0.0954031
0.0931093
0.0908971
0.0887614
0.0866974
0.0847005
0.0827666
0.0808916
0.0790718
0.0773036
0.0755837
0.0739093
0.0722773
0.0706854
0.0691313
0.0676131
0.0661291
0.0646781
0.063259
0.0618712
0.0605144
0.0591886
0.0578941
0.0566314
0.0554013
0.0542048
0.0530432
0.0519176
0.0508293
0.0497798
0.0487704
0.0478023
0.0468767
0.045995
0.0451583
0.0443677
0.0436245
0.04293
0.0422857
0.0416935
0.0411557
0.0406752
0.0402559
0.0399028
0.0396224
0.0394232
0.0393162
0.961693
0.892186
0.829087
0.77173
0.719525
0.671946
0.628525
0.588843
0.55253
0.519253
0.488717
0.460656
0.434834
0.41104
0.389084
0.368795
0.350022
0.332629
0.316491
0.301498
0.287551
0.27456
0.262444
0.251129
0.240551
0.230648
0.221366
0.212656
0.204474
0.196779
0.189533
0.182703
0.176259
0.170171
0.164415
0.158966
0.153803
0.148906
0.144258
0.139841
0.135639
0.131639
0.127827
0.124191
0.120721
0.117404
0.114233
0.111197
0.108288
0.105498
0.102821
0.100249
0.0977749
0.0953937
0.0930994
0.0908866
0.0887503
0.0866856
0.084688
0.0827533
0.0808775
0.0790568
0.0772877
0.0755669
0.0738914
0.0722584
0.0706655
0.0691103
0.0675909
0.0661058
0.0646537
0.0632335
0.0618446
0.0604869
0.0591601
0.0578647
0.0566013
0.0553706
0.0541736
0.0530116
0.0518858
0.0507975
0.0497481
0.0487388
0.047771
0.046846
0.0459649
0.0451288
0.044339
0.0435965
0.0429028
0.0422594
0.041668
0.041131
0.0406514
0.0402328
0.0398804
0.0396005
0.0394016
0.0392949
0.961693
0.892186
0.829087
0.77173
0.719525
0.671946
0.628525
0.588843
0.55253
0.519253
0.488717
0.460656
0.434834
0.411039
0.389083
0.368794
0.350021
0.332627
0.316489
0.301497
0.287549
0.274558
0.262442
0.251128
0.240549
0.230646
0.221364
0.212654
0.204472
0.196776
0.18953
0.1827
0.176256
0.170168
0.164411
0.158962
0.153799
0.148902
0.144254
0.139836
0.135634
0.131634
0.127822
0.124186
0.120715
0.117398
0.114226
0.11119
0.108281
0.105491
0.102813
0.10024
0.0977662
0.0953846
0.0930897
0.0908764
0.0887394
0.086674
0.0846758
0.0827403
0.0808637
0.0790422
0.0772722
0.0755505
0.073874
0.0722399
0.0706459
0.0690896
0.0675691
0.0660829
0.0646297
0.0632084
0.0618185
0.0604597
0.0591321
0.0578358
0.0565717
0.0553403
0.0541429
0.0529806
0.0518545
0.0507662
0.0497168
0.0487078
0.0477404
0.0468158
0.0459352
0.0450998
0.0443107
0.043569
0.0428761
0.0422335
0.041643
0.0411068
0.0406279
0.0402101
0.0398583
0.0395789
0.0393805
0.0392739
0.961693
0.892186
0.829087
0.77173
0.719525
0.671946
0.628525
0.588843
0.55253
0.519253
0.488716
0.460655
0.434833
0.411039
0.389082
0.368793
0.35002
0.332626
0.316488
0.301495
0.287548
0.274557
0.26244
0.251126
0.240547
0.230643
0.221361
0.212652
0.204469
0.196774
0.189528
0.182697
0.176252
0.170164
0.164408
0.158958
0.153795
0.148898
0.144249
0.139832
0.13563
0.131629
0.127817
0.124181
0.120709
0.117393
0.11422
0.111184
0.108274
0.105484
0.102806
0.100232
0.0977578
0.0953757
0.0930803
0.0908664
0.0887288
0.0866628
0.0846639
0.0827277
0.0808503
0.0790279
0.0772571
0.0755344
0.0738569
0.0722219
0.0706268
0.0690695
0.0675479
0.0660606
0.0646062
0.0631839
0.061793
0.0604332
0.0591047
0.0578076
0.0565427
0.0553108
0.0541129
0.0529502
0.051824
0.0507355
0.0496863
0.0486774
0.0477104
0.0467862
0.0459062
0.0450714
0.044283
0.0435421
0.04285
0.0422082
0.0416185
0.0410831
0.040605
0.0401878
0.0398366
0.0395578
0.0393598
0.0392535
0.961693
0.892186
0.829087
0.77173
0.719525
0.671946
0.628525
0.588843
0.55253
0.519253
0.488716
0.460655
0.434833
0.411038
0.389081
0.368792
0.350019
0.332625
0.316487
0.301494
0.287546
0.274555
0.262438
0.251124
0.240545
0.230641
0.221359
0.212649
0.204467
0.196771
0.189525
0.182695
0.176249
0.170161
0.164404
0.158955
0.153792
0.148895
0.144245
0.139827
0.135625
0.131624
0.127812
0.124176
0.120704
0.117387
0.114214
0.111177
0.108268
0.105477
0.102798
0.100225
0.0977497
0.0953671
0.0930712
0.0908568
0.0887186
0.086652
0.0846524
0.0827155
0.0808373
0.0790142
0.0772424
0.0755189
0.0738405
0.0722045
0.0706084
0.0690499
0.0675273
0.0660389
0.0645835
0.0631601
0.0617682
0.0604075
0.059078
0.0577802
0.0565146
0.0552821
0.0540837
0.0529207
0.0517943
0.0507058
0.0496566
0.048648
0.0476812
0.0467575
0.0458781
0.0450439
0.0442562
0.043516
0.0428247
0.0421836
0.0415947
0.0410601
0.0405827
0.0401662
0.0398156
0.0395373
0.0393396
0.0392335
0.961693
0.892186
0.829087
0.77173
0.719525
0.671946
0.628524
0.588843
0.552529
0.519252
0.488715
0.460654
0.434832
0.411037
0.38908
0.368791
0.350018
0.332624
0.316485
0.301492
0.287545
0.274553
0.262437
0.251122
0.240543
0.230639
0.221357
0.212647
0.204464
0.196768
0.189522
0.182692
0.176246
0.170158
0.164401
0.158952
0.153788
0.148891
0.144241
0.139823
0.135621
0.13162
0.127807
0.124171
0.120699
0.117382
0.114209
0.111171
0.108261
0.10547
0.102791
0.100217
0.0977419
0.0953588
0.0930625
0.0908475
0.0887088
0.0866416
0.0846414
0.0827038
0.0808249
0.079001
0.0772284
0.075504
0.0738247
0.0721877
0.0705906
0.0690312
0.0675075
0.0660181
0.0645617
0.0631373
0.0617444
0.0603827
0.0590524
0.0577538
0.0564875
0.0552544
0.0540556
0.0528922
0.0517656
0.0506771
0.049628
0.0486196
0.0476531
0.0467299
0.0458509
0.0450173
0.0442303
0.0434908
0.0428002
0.04216
0.0415718
0.0410379
0.0405612
0.0401454
0.0397954
0.0395175
0.0393202
0.0392143
0.961693
0.892186
0.829087
0.77173
0.719525
0.671946
0.628524
0.588843
0.552529
0.519252
0.488715
0.460654
0.434831
0.411036
0.389079
0.36879
0.350017
0.332623
0.316484
0.301491
0.287543
0.274552
0.262435
0.25112
0.240541
0.230637
0.221355
0.212645
0.204462
0.196766
0.189519
0.182689
0.176244
0.170155
0.164398
0.158948
0.153785
0.148887
0.144238
0.139819
0.135617
0.131616
0.127803
0.124166
0.120694
0.117376
0.114203
0.111166
0.108255
0.105464
0.102785
0.10021
0.0977345
0.095351
0.0930543
0.0908388
0.0886996
0.0866318
0.0846309
0.0826927
0.0808131
0.0789884
0.0772151
0.0754898
0.0738097
0.0721718
0.0705737
0.0690133
0.0674887
0.0659983
0.0645408
0.0631154
0.0617216
0.0603591
0.0590279
0.0577285
0.0564616
0.055228
0.0540287
0.052865
0.0517383
0.0506497
0.0496006
0.0485924
0.0476263
0.0467034
0.0458249
0.044992
0.0442055
0.0434667
0.0427769
0.0421373
0.0415499
0.0410167
0.0405406
0.0401255
0.039776
0.0394986
0.0393016
0.0391959
0.961693
0.892186
0.829087
0.77173
0.719525
0.671946
0.628524
0.588842
0.552529
0.519251
0.488714
0.460653
0.43483
0.411035
0.389078
0.368789
0.350016
0.332621
0.316483
0.301489
0.287542
0.27455
0.262433
0.251118
0.240539
0.230635
0.221353
0.212642
0.204459
0.196763
0.189517
0.182686
0.176241
0.170152
0.164395
0.158945
0.153781
0.148884
0.144234
0.139816
0.135613
0.131612
0.127799
0.124162
0.120689
0.117372
0.114198
0.11116
0.10825
0.105458
0.102779
0.100204
0.0977276
0.0953437
0.0930465
0.0908306
0.0886909
0.0866226
0.0846211
0.0826823
0.0808021
0.0789767
0.0772026
0.0754765
0.0737955
0.0721568
0.0705578
0.0689965
0.0674709
0.0659795
0.0645211
0.0630949
0.0617001
0.0603367
0.0590048
0.0577047
0.0564371
0.055203
0.0540033
0.0528393
0.0517123
0.0506237
0.0495747
0.0485667
0.0476008
0.0466784
0.0458004
0.0449679
0.0441821
0.043444
0.0427547
0.0421159
0.0415291
0.0409966
0.0405212
0.0401065
0.0397576
0.0394806
0.0392839
0.0391784
0.961693
0.892186
0.829087
0.77173
0.719525
0.671946
0.628524
0.588842
0.552528
0.519251
0.488714
0.460652
0.43483
0.411035
0.389077
0.368788
0.350015
0.33262
0.316481
0.301488
0.28754
0.274548
0.262431
0.251116
0.240537
0.230633
0.221351
0.21264
0.204457
0.196761
0.189514
0.182684
0.176238
0.170149
0.164392
0.158942
0.153778
0.148881
0.144231
0.139812
0.135609
0.131608
0.127795
0.124157
0.120685
0.117367
0.114193
0.111155
0.108244
0.105453
0.102773
0.100198
0.0977211
0.0953369
0.0930393
0.090823
0.0886828
0.086614
0.084612
0.0826726
0.0807918
0.0789657
0.077191
0.0754642
0.0737824
0.0721428
0.070543
0.0689808
0.0674544
0.0659621
0.0645028
0.0630757
0.0616801
0.0603159
0.0589832
0.0576824
0.0564142
0.0551796
0.0539795
0.0528153
0.0516881
0.0505994
0.0495505
0.0485426
0.0475771
0.0466549
0.0457774
0.0449455
0.0441602
0.0434226
0.042734
0.0420958
0.0415096
0.0409777
0.0405029
0.0400888
0.0397403
0.0394637
0.0392673
0.039162
0.961693
0.892186
0.829087
0.77173
0.719525
0.671946
0.628524
0.588842
0.552528
0.51925
0.488713
0.460651
0.434829
0.411034
0.389076
0.368787
0.350013
0.332619
0.31648
0.301486
0.287539
0.274547
0.26243
0.251115
0.240535
0.230631
0.221349
0.212638
0.204455
0.196759
0.189512
0.182681
0.176236
0.170147
0.164389
0.158939
0.153775
0.148878
0.144228
0.139809
0.135606
0.131604
0.127791
0.124154
0.120681
0.117363
0.114189
0.111151
0.10824
0.105448
0.102767
0.100192
0.0977153
0.0953307
0.0930328
0.0908161
0.0886755
0.0866062
0.0846037
0.0826638
0.0807824
0.0789558
0.0771804
0.0754529
0.0737704
0.0721301
0.0705295
0.0689665
0.0674392
0.0659461
0.064486
0.0630581
0.0616617
0.0602967
0.0589634
0.057662
0.0563932
0.0551581
0.0539577
0.0527932
0.0516659
0.0505771
0.0495282
0.0485205
0.0475552
0.0466334
0.0457562
0.0449247
0.04414
0.043403
0.042715
0.0420773
0.0414917
0.0409603
0.040486
0.0400724
0.0397243
0.0394481
0.0392519
0.0391468
0.961693
0.892186
0.829087
0.77173
0.719525
0.671946
0.628523
0.588841
0.552527
0.51925
0.488712
0.460651
0.434828
0.411033
0.389075
0.368786
0.350012
0.332617
0.316479
0.301485
0.287537
0.274545
0.262428
0.251113
0.240533
0.230629
0.221347
0.212636
0.204453
0.196757
0.18951
0.182679
0.176233
0.170145
0.164387
0.158937
0.153773
0.148875
0.144225
0.139806
0.135603
0.131601
0.127788
0.12415
0.120678
0.117359
0.114185
0.111147
0.108235
0.105443
0.102763
0.100187
0.09771
0.0953252
0.0930269
0.0908099
0.0886689
0.0865992
0.0845964
0.082656
0.0807741
0.0789469
0.0771709
0.0754428
0.0737597
0.0721187
0.0705174
0.0689537
0.0674257
0.0659318
0.064471
0.0630423
0.0616452
0.0602795
0.0589455
0.0576436
0.0563743
0.0551388
0.053938
0.0527732
0.0516458
0.0505569
0.0495081
0.0485005
0.0475354
0.0466139
0.0457371
0.044906
0.0441217
0.0433852
0.0426977
0.0420605
0.0414754
0.0409445
0.0404707
0.0400575
0.0397098
0.0394338
0.0392379
0.039133
0.961693
0.892186
0.829087
0.77173
0.719525
0.671945
0.628523
0.588841
0.552527
0.519249
0.488712
0.46065
0.434827
0.411032
0.389074
0.368785
0.350011
0.332616
0.316477
0.301484
0.287536
0.274544
0.262427
0.251111
0.240532
0.230628
0.221345
0.212635
0.204451
0.196755
0.189508
0.182677
0.176231
0.170143
0.164385
0.158935
0.153771
0.148873
0.144223
0.139804
0.1356
0.131598
0.127785
0.124147
0.120674
0.117356
0.114182
0.111143
0.108232
0.105439
0.102759
0.100183
0.0977055
0.0953204
0.0930219
0.0908045
0.0886632
0.0865932
0.08459
0.0826492
0.0807668
0.0789392
0.0771627
0.0754341
0.0737504
0.0721088
0.0705069
0.0689425
0.0674139
0.0659193
0.0644578
0.0630285
0.0616307
0.0602645
0.0589299
0.0576274
0.0563578
0.0551218
0.0539207
0.0527557
0.0516281
0.0505392
0.0494904
0.0484829
0.047518
0.0465967
0.0457202
0.0448895
0.0441056
0.0433695
0.0426824
0.0420457
0.041461
0.0409305
0.0404571
0.0400442
0.0396968
0.0394211
0.0392254
0.0391206
0.961693
0.892186
0.829087
0.77173
0.719525
0.671945
0.628523
0.58884
0.552526
0.519248
0.488711
0.460649
0.434826
0.411031
0.389073
0.368784
0.35001
0.332615
0.316476
0.301482
0.287535
0.274543
0.262425
0.25111
0.24053
0.230626
0.221344
0.212633
0.20445
0.196753
0.189507
0.182676
0.17623
0.170141
0.164383
0.158933
0.153769
0.148871
0.14422
0.139801
0.135598
0.131596
0.127782
0.124145
0.120672
0.117353
0.114179
0.11114
0.108229
0.105436
0.102755
0.100179
0.0977017
0.0953164
0.0930176
0.0908
0.0886585
0.0865882
0.0845846
0.0826435
0.0807608
0.0789328
0.0771558
0.0754268
0.0737426
0.0721005
0.0704981
0.0689332
0.067404
0.0659089
0.0644468
0.0630169
0.0616186
0.0602519
0.0589168
0.0576139
0.0563438
0.0551075
0.0539062
0.0527409
0.0516132
0.0505242
0.0494754
0.048468
0.0475032
0.0465822
0.0457059
0.0448755
0.0440918
0.0433561
0.0426693
0.042033
0.0414486
0.0409185
0.0404453
0.0400328
0.0396856
0.0394101
0.0392146
0.0391099
0.961693
0.892186
0.829087
0.77173
0.719524
0.671945
0.628522
0.58884
0.552526
0.519248
0.48871
0.460648
0.434825
0.41103
0.389072
0.368783
0.350009
0.332614
0.316475
0.301481
0.287533
0.274541
0.262424
0.251109
0.240529
0.230625
0.221342
0.212632
0.204449
0.196752
0.189505
0.182674
0.176228
0.170139
0.164381
0.158931
0.153767
0.148869
0.144219
0.1398
0.135596
0.131594
0.12778
0.124143
0.12067
0.117351
0.114177
0.111138
0.108226
0.105433
0.102752
0.100176
0.0976987
0.0953132
0.0930143
0.0907965
0.0886548
0.0865843
0.0845805
0.0826391
0.0807561
0.0789277
0.0771505
0.0754211
0.0737365
0.0720941
0.0704912
0.0689259
0.0673962
0.0659007
0.0644382
0.0630078
0.0616091
0.0602419
0.0589065
0.0576032
0.0563328
0.0550962
0.0538946
0.0527292
0.0516013
0.0505123
0.0494634
0.0484561
0.0474914
0.0465705
0.0456944
0.0448642
0.0440808
0.0433452
0.0426587
0.0420226
0.0414385
0.0409086
0.0404357
0.0400233
0.0396763
0.0394009
0.0392055
0.0391009
0.961693
0.892186
0.829087
0.77173
0.719524
0.671944
0.628522
0.588839
0.552525
0.519247
0.48871
0.460648
0.434825
0.411029
0.389072
0.368782
0.350008
0.332613
0.316474
0.301481
0.287533
0.27454
0.262423
0.251108
0.240528
0.230624
0.221341
0.212631
0.204448
0.196751
0.189504
0.182673
0.176227
0.170138
0.16438
0.15893
0.153766
0.148868
0.144217
0.139798
0.135595
0.131593
0.127779
0.124141
0.120668
0.117349
0.114175
0.111136
0.108224
0.105432
0.102751
0.100174
0.0976966
0.095311
0.093012
0.090794
0.0886522
0.0865815
0.0845775
0.0826359
0.0807528
0.0789242
0.0771467
0.0754171
0.0737322
0.0720895
0.0704863
0.0689207
0.0673907
0.0658949
0.064432
0.0630013
0.0616023
0.0602348
0.0588991
0.0575955
0.0563248
0.055088
0.0538862
0.0527206
0.0515926
0.0505035
0.0494547
0.0484473
0.0474827
0.0465618
0.0456859
0.0448558
0.0440725
0.0433371
0.0426508
0.0420148
0.0414309
0.0409011
0.0404282
0.040016
0.039669
0.0393937
0.0391984
0.0390938
0.961693
0.892186
0.829087
0.771729
0.719524
0.671944
0.628521
0.588839
0.552525
0.519247
0.488709
0.460647
0.434824
0.411029
0.389071
0.368782
0.350008
0.332613
0.316474
0.30148
0.287532
0.27454
0.262423
0.251107
0.240527
0.230623
0.221341
0.21263
0.204447
0.19675
0.189503
0.182672
0.176226
0.170137
0.164379
0.158929
0.153765
0.148867
0.144216
0.139797
0.135594
0.131592
0.127778
0.12414
0.120667
0.117348
0.114174
0.111135
0.108223
0.10543
0.102749
0.100173
0.0976952
0.0953096
0.0930105
0.0907925
0.0886506
0.0865798
0.0845758
0.0826341
0.0807508
0.0789221
0.0771445
0.0754147
0.0737297
0.0720868
0.0704834
0.0689176
0.0673874
0.0658914
0.0644283
0.0629974
0.0615981
0.0602305
0.0588945
0.0575908
0.05632
0.055083
0.053881
0.0527153
0.0515872
0.050498
0.0494491
0.0484417
0.0474771
0.0465563
0.0456804
0.0448503
0.0440671
0.0433318
0.0426455
0.0420096
0.0414257
0.0408959
0.0404231
0.0400108
0.0396639
0.0393886
0.0391932
0.0390886
0.961693
0.892186
0.829086
0.771729
0.719524
0.671944
0.628521
0.588839
0.552524
0.519246
0.488709
0.460647
0.434824
0.411028
0.389071
0.368781
0.350007
0.332612
0.316473
0.301479
0.287531
0.274539
0.262422
0.251107
0.240527
0.230623
0.22134
0.21263
0.204446
0.19675
0.189503
0.182672
0.176226
0.170137
0.164379
0.158929
0.153764
0.148866
0.144216
0.139797
0.135593
0.131591
0.127778
0.12414
0.120667
0.117348
0.114173
0.111134
0.108223
0.10543
0.102749
0.100173
0.0976946
0.095309
0.0930099
0.0907919
0.0886499
0.0865791
0.084575
0.0826333
0.0807499
0.0789212
0.0771435
0.0754136
0.0737286
0.0720856
0.0704822
0.0689162
0.0673859
0.0658898
0.0644266
0.0629956
0.0615963
0.0602285
0.0588925
0.0575886
0.0563177
0.0550806
0.0538786
0.0527127
0.0515845
0.0504952
0.0494463
0.0484389
0.0474743
0.0465535
0.0456776
0.0448476
0.0440644
0.043329
0.0426427
0.0420068
0.0414228
0.040893
0.0404202
0.0400078
0.0396608
0.0393855
0.03919
0.0390853
0.961693
0.892186
0.829086
0.771729
0.719524
0.671944
0.628521
0.588838
0.552524
0.519246
0.488709
0.460646
0.434824
0.411028
0.38907
0.368781
0.350007
0.332612
0.316473
0.301479
0.287531
0.274539
0.262422
0.251107
0.240527
0.230623
0.22134
0.212629
0.204446
0.19675
0.189503
0.182672
0.176226
0.170137
0.164379
0.158929
0.153764
0.148866
0.144216
0.139797
0.135593
0.131591
0.127777
0.12414
0.120666
0.117348
0.114173
0.111134
0.108222
0.10543
0.102749
0.100172
0.0976945
0.0953088
0.0930097
0.0907917
0.0886497
0.0865789
0.0845748
0.0826331
0.0807497
0.078921
0.0771433
0.0754134
0.0737283
0.0720853
0.0704819
0.0689159
0.0673856
0.0658894
0.0644262
0.0629952
0.0615959
0.0602281
0.0588921
0.0575882
0.0563173
0.0550802
0.053878
0.052712
0.0515837
0.0504944
0.0494455
0.0484382
0.0474737
0.046553
0.0456771
0.044847
0.0440638
0.0433284
0.042642
0.042006
0.041422
0.0408921
0.0404192
0.0400068
0.0396597
0.0393843
0.0391887
0.039084
)
;

boundaryField
{
    inlet
    {
        type            fixedValue;
        value           uniform 1;
    }
    outlet
    {
        type            inletOutlet;
        inletValue      uniform 1;
        value           nonuniform List<scalar> 
100
(
0.0390737
0.0390759
0.0390802
0.0390865
0.0390947
0.0391046
0.039116
0.039129
0.0391434
0.039159
0.0391757
0.0391935
0.0392121
0.0392315
0.0392515
0.0392721
0.0392931
0.0393145
0.039336
0.0393577
0.0393795
0.0394012
0.0394229
0.0394443
0.0394655
0.0394864
0.0395069
0.039527
0.0395466
0.0395656
0.0395841
0.0396019
0.039619
0.0396354
0.0396511
0.0396659
0.0396799
0.0396931
0.0397053
0.0397167
0.0397271
0.0397365
0.0397449
0.0397523
0.0397587
0.0397641
0.0397684
0.0397717
0.0397739
0.039775
0.039775
0.039774
0.0397719
0.0397688
0.0397646
0.0397593
0.039753
0.0397456
0.0397373
0.039728
0.0397176
0.0397064
0.0396942
0.0396811
0.0396672
0.0396524
0.0396368
0.0396205
0.0396034
0.0395856
0.0395672
0.0395482
0.0395286
0.0395085
0.039488
0.0394671
0.0394459
0.0394245
0.0394029
0.0393811
0.0393594
0.0393377
0.0393162
0.0392949
0.0392739
0.0392535
0.0392335
0.0392143
0.0391959
0.0391784
0.039162
0.0391468
0.039133
0.0391206
0.0391099
0.0391009
0.0390938
0.0390886
0.0390853
0.039084
)
;
    }
    ground
    {
        type            empty;
    }
    top
    {
        type            empty;
    }
    front
    {
        type            inletOutlet;
        inletValue      uniform 1;
        value           nonuniform List<scalar> 
100
(
0.961693
0.892186
0.829086
0.771729
0.719524
0.671944
0.628521
0.588838
0.552524
0.519246
0.488709
0.460647
0.434824
0.411028
0.38907
0.368781
0.350007
0.332612
0.316473
0.301479
0.287531
0.274539
0.262421
0.251106
0.240526
0.230622
0.221339
0.212628
0.204445
0.196748
0.189501
0.18267
0.176224
0.170134
0.164376
0.158926
0.153761
0.148863
0.144212
0.139793
0.135589
0.131587
0.127772
0.124134
0.12066
0.117341
0.114166
0.111126
0.108214
0.10542
0.102738
0.100161
0.0976815
0.0952946
0.0929941
0.0907745
0.0886309
0.0865583
0.0845522
0.0826083
0.0807226
0.0788914
0.077111
0.0753783
0.0736902
0.0720441
0.0704374
0.0688681
0.0673344
0.0658348
0.0643682
0.0629338
0.0615313
0.0601606
0.0588219
0.0575157
0.0562429
0.0550043
0.0538012
0.0526349
0.0515068
0.0504184
0.0493709
0.0483656
0.0474038
0.0464862
0.045614
0.044788
0.0440093
0.0432786
0.0425971
0.0419661
0.0413871
0.0408621
0.0403938
0.0399857
0.0396425
0.0393702
0.039177
0.0390737
)
;
    }
    back
    {
        type            inletOutlet;
        inletValue      uniform 1;
        value           nonuniform List<scalar> 
100
(
0.961693
0.892186
0.829086
0.771729
0.719524
0.671944
0.628521
0.588838
0.552524
0.519246
0.488709
0.460646
0.434824
0.411028
0.38907
0.368781
0.350007
0.332612
0.316473
0.301479
0.287531
0.274539
0.262422
0.251107
0.240527
0.230623
0.22134
0.212629
0.204446
0.19675
0.189503
0.182672
0.176226
0.170137
0.164379
0.158929
0.153764
0.148866
0.144216
0.139797
0.135593
0.131591
0.127777
0.12414
0.120666
0.117348
0.114173
0.111134
0.108222
0.10543
0.102749
0.100172
0.0976945
0.0953088
0.0930097
0.0907917
0.0886497
0.0865789
0.0845748
0.0826331
0.0807497
0.078921
0.0771433
0.0754134
0.0737283
0.0720853
0.0704819
0.0689159
0.0673856
0.0658894
0.0644262
0.0629952
0.0615959
0.0602281
0.0588921
0.0575882
0.0563173
0.0550802
0.053878
0.052712
0.0515837
0.0504944
0.0494455
0.0484382
0.0474737
0.046553
0.0456771
0.044847
0.0440638
0.0433284
0.042642
0.042006
0.041422
0.0408921
0.0404192
0.0400068
0.0396597
0.0393843
0.0391887
0.039084
)
;
    }
}


// ************************************************************************* //
