/*--------------------------------*- C++ -*----------------------------------*\
  =========                 |
  \\      /  F ield         | OpenFOAM: The Open Source CFD Toolbox
   \\    /   O peration     | Website:  https://openfoam.org
    \\  /    A nd           | Version:  11
     \\/     M anipulation  |
\*---------------------------------------------------------------------------*/
FoamFile
{
    format      ascii;
    class       volScalarField;
    location    "120";
    object      omega;
}
// * * * * * * * * * * * * * * * * * * * * * * * * * * * * * * * * * * * * * //

dimensions      [0 0 -1 0 0 0 0];

internalField   nonuniform List<scalar> 
10000
(
0.961705
0.892207
0.829097
0.77171
0.71945
0.671788
0.628253
0.588423
0.551924
0.518417
0.487603
0.45921
0.432996
0.408744
0.386258
0.365363
0.345901
0.327734
0.310737
0.294804
0.279839
0.265765
0.252516
0.240038
0.22829
0.217238
0.206857
0.197128
0.188034
0.179557
0.171682
0.16439
0.157659
0.151466
0.145784
0.140585
0.135838
0.131513
0.127582
0.124013
0.120778
0.11785
0.115202
0.112809
0.110648
0.108699
0.106941
0.105357
0.10393
0.102647
0.101492
0.100455
0.0995229
0.0986867
0.0979368
0.0972649
0.0966632
0.0961249
0.0956437
0.0952138
0.0948301
0.0944878
0.0941828
0.0939111
0.0936692
0.093454
0.0932625
0.0930923
0.092941
0.0928065
0.0926869
0.0925805
0.0924858
0.0924014
0.0923262
0.092259
0.0921989
0.0921451
0.0920967
0.0920532
0.0920139
0.0919784
0.0919461
0.0919167
0.0918898
0.0918652
0.0918426
0.0918217
0.0918025
0.0917847
0.0917683
0.0917532
0.0917394
0.0917268
0.0917155
0.0917056
0.0916971
0.0916903
0.0916854
0.0916824
0.961705
0.892208
0.8291
0.771713
0.719453
0.671792
0.628257
0.588428
0.551929
0.518423
0.487609
0.459217
0.433004
0.408752
0.386267
0.365372
0.345912
0.327746
0.31075
0.294818
0.279855
0.265783
0.252535
0.240059
0.228312
0.217262
0.206882
0.197154
0.188061
0.179585
0.17171
0.164418
0.157686
0.151493
0.14581
0.140609
0.135862
0.131537
0.127604
0.124035
0.120799
0.117869
0.115219
0.112825
0.110663
0.108712
0.106953
0.105368
0.103941
0.102656
0.101501
0.100463
0.0995305
0.0986937
0.0979433
0.0972708
0.0966687
0.09613
0.0956483
0.0952181
0.094834
0.0944915
0.0941861
0.0939141
0.093672
0.0934566
0.0932649
0.0930945
0.0929431
0.0928084
0.0926886
0.0925821
0.0924872
0.0924028
0.0923274
0.0922601
0.0922
0.092146
0.0920976
0.092054
0.0920147
0.091979
0.0919467
0.0919172
0.0918903
0.0918657
0.091843
0.0918221
0.0918029
0.0917851
0.0917686
0.0917535
0.0917396
0.091727
0.0917157
0.0917057
0.0916973
0.0916905
0.0916855
0.0916826
0.961705
0.892209
0.829103
0.771717
0.719459
0.671799
0.628265
0.588437
0.551939
0.518434
0.487621
0.459229
0.433017
0.408766
0.386282
0.365389
0.34593
0.327766
0.310772
0.294842
0.279882
0.265812
0.252568
0.240094
0.22835
0.217302
0.206925
0.197198
0.188106
0.179631
0.171756
0.164464
0.157732
0.151537
0.145853
0.140651
0.135901
0.131575
0.12764
0.124069
0.120831
0.117899
0.115247
0.112851
0.110687
0.108734
0.106973
0.105386
0.103958
0.102672
0.101515
0.100476
0.0995422
0.0987044
0.097953
0.0972797
0.0966768
0.0961373
0.095655
0.0952242
0.0948396
0.0944965
0.0941907
0.0939183
0.0936758
0.09346
0.093268
0.0930973
0.0929456
0.0928106
0.0926907
0.0925839
0.0924889
0.0924043
0.0923288
0.0922614
0.0922011
0.0921471
0.0920986
0.0920549
0.0920155
0.0919798
0.0919474
0.0919179
0.0918909
0.0918662
0.0918435
0.0918226
0.0918033
0.0917855
0.091769
0.0917539
0.09174
0.0917273
0.091716
0.0917061
0.0916976
0.0916908
0.0916859
0.0916829
0.961705
0.892211
0.829106
0.771722
0.719466
0.671807
0.628275
0.588449
0.551952
0.518448
0.487636
0.459246
0.433035
0.408786
0.386304
0.365412
0.345956
0.327794
0.310803
0.294877
0.27992
0.265854
0.252613
0.240143
0.228402
0.217357
0.206983
0.197259
0.188168
0.179694
0.17182
0.164527
0.157794
0.151598
0.145912
0.140708
0.135956
0.131627
0.12769
0.124115
0.120874
0.11794
0.115285
0.112885
0.110719
0.108763
0.107
0.105411
0.10398
0.102692
0.101534
0.100493
0.0995581
0.0987188
0.0979662
0.0972916
0.0966876
0.0961471
0.0956639
0.0952322
0.0948468
0.094503
0.0941966
0.0939236
0.0936805
0.0934642
0.0932718
0.0931008
0.0929487
0.0928134
0.0926931
0.0925862
0.0924909
0.0924061
0.0923304
0.0922629
0.0922024
0.0921483
0.0920996
0.0920559
0.0920163
0.0919806
0.0919481
0.0919186
0.0918915
0.0918668
0.0918441
0.0918231
0.0918038
0.091786
0.0917695
0.0917543
0.0917404
0.0917278
0.0917165
0.0917065
0.0916981
0.0916913
0.0916863
0.0916834
0.961705
0.892211
0.829108
0.771727
0.719472
0.671816
0.628286
0.588462
0.551967
0.518464
0.487654
0.459266
0.433057
0.40881
0.38633
0.365442
0.345988
0.327829
0.310843
0.29492
0.279967
0.265906
0.252669
0.240204
0.228468
0.217428
0.207057
0.197336
0.188247
0.179774
0.1719
0.164607
0.157873
0.151675
0.145986
0.140779
0.136024
0.131692
0.127751
0.124173
0.120929
0.11799
0.115332
0.112929
0.110759
0.1088
0.107034
0.105442
0.104009
0.102719
0.101558
0.100515
0.0995779
0.0987369
0.0979825
0.0973065
0.0967011
0.0961593
0.0956749
0.0952421
0.0948557
0.0945111
0.0942038
0.0939301
0.0936863
0.0934694
0.0932765
0.0931049
0.0929524
0.0928167
0.0926961
0.0925888
0.0924933
0.0924082
0.0923323
0.0922645
0.0922039
0.0921496
0.0921009
0.092057
0.0920174
0.0919815
0.091949
0.0919193
0.0918923
0.0918675
0.0918447
0.0918238
0.0918044
0.0917866
0.0917701
0.0917549
0.091741
0.0917284
0.091717
0.0917071
0.0916987
0.0916919
0.0916869
0.091684
0.961705
0.892212
0.82911
0.77173
0.719478
0.671824
0.628297
0.588475
0.551982
0.518482
0.487675
0.459289
0.433082
0.408838
0.386361
0.365476
0.346026
0.327871
0.310889
0.294971
0.280024
0.265968
0.252737
0.240277
0.228546
0.217511
0.207144
0.197427
0.18834
0.179869
0.171995
0.164701
0.157966
0.151765
0.146074
0.140863
0.136105
0.131768
0.127823
0.124241
0.120992
0.11805
0.115387
0.11298
0.110806
0.108844
0.107074
0.105479
0.104043
0.102749
0.101586
0.100541
0.0996013
0.0987581
0.0980018
0.097324
0.0967169
0.0961736
0.0956878
0.0952538
0.0948662
0.0945205
0.0942122
0.0939376
0.0936931
0.0934755
0.0932819
0.0931097
0.0929567
0.0928205
0.0926995
0.0925918
0.0924959
0.0924106
0.0923344
0.0922664
0.0922056
0.0921511
0.0921022
0.0920582
0.0920184
0.0919825
0.0919499
0.0919202
0.0918931
0.0918682
0.0918454
0.0918244
0.0918051
0.0917872
0.0917707
0.0917555
0.0917416
0.091729
0.0917177
0.0917078
0.0916993
0.0916925
0.0916876
0.0916846
0.961705
0.892212
0.829111
0.771733
0.719483
0.671832
0.628307
0.588488
0.551998
0.518501
0.487696
0.459313
0.43311
0.408869
0.386395
0.365514
0.346068
0.327918
0.310942
0.295029
0.280088
0.266038
0.252814
0.24036
0.228635
0.217605
0.207243
0.197529
0.188446
0.179976
0.172103
0.164808
0.158071
0.151868
0.146173
0.140958
0.136196
0.131855
0.127905
0.124318
0.121064
0.118117
0.115449
0.113038
0.11086
0.108893
0.10712
0.105521
0.104081
0.102784
0.101618
0.10057
0.0996278
0.0987823
0.0980237
0.0973438
0.0967349
0.0961898
0.0957024
0.0952669
0.094878
0.0945311
0.0942217
0.0939461
0.0937007
0.0934822
0.0932879
0.0931151
0.0929614
0.0928247
0.0927032
0.0925951
0.0924988
0.0924131
0.0923367
0.0922684
0.0922074
0.0921527
0.0921036
0.0920594
0.0920196
0.0919835
0.0919508
0.091921
0.0918939
0.091869
0.0918461
0.0918251
0.0918057
0.0917879
0.0917714
0.0917562
0.0917423
0.0917297
0.0917184
0.0917085
0.0917001
0.0916933
0.0916883
0.0916854
0.961705
0.892212
0.829112
0.771735
0.719487
0.671838
0.628316
0.5885
0.552013
0.518519
0.487717
0.459338
0.433138
0.408901
0.386432
0.365555
0.346114
0.32797
0.310999
0.295093
0.280158
0.266115
0.252898
0.240451
0.228733
0.217709
0.207352
0.197642
0.188561
0.180093
0.172221
0.164925
0.158186
0.15198
0.146282
0.141064
0.136296
0.13195
0.127995
0.124403
0.121144
0.118191
0.115518
0.113102
0.110919
0.108948
0.10717
0.105567
0.104123
0.102823
0.101654
0.100602
0.0996572
0.0988089
0.0980479
0.0973658
0.0967547
0.0962077
0.0957186
0.0952814
0.0948911
0.0945427
0.0942322
0.0939554
0.093709
0.0934896
0.0932944
0.0931209
0.0929665
0.0928292
0.0927072
0.0925986
0.0925019
0.0924158
0.092339
0.0922705
0.0922092
0.0921543
0.092105
0.0920607
0.0920207
0.0919845
0.0919517
0.0919219
0.0918947
0.0918697
0.0918469
0.0918258
0.0918064
0.0917885
0.0917721
0.0917569
0.091743
0.0917304
0.0917191
0.0917092
0.0917009
0.0916941
0.0916891
0.0916862
0.961704
0.892211
0.829112
0.771736
0.71949
0.671844
0.628324
0.588511
0.552027
0.518537
0.487738
0.459363
0.433167
0.408935
0.38647
0.365598
0.346163
0.328025
0.31106
0.295161
0.280234
0.266199
0.252989
0.24055
0.228838
0.21782
0.207469
0.197764
0.188686
0.18022
0.172348
0.165052
0.158311
0.152102
0.1464
0.141177
0.136404
0.132053
0.128092
0.124494
0.121229
0.118271
0.115593
0.113171
0.110983
0.109007
0.107224
0.105617
0.104169
0.102865
0.101692
0.100637
0.099689
0.0988378
0.0980741
0.0973895
0.0967761
0.0962271
0.095736
0.0952971
0.0949051
0.0945553
0.0942434
0.0939654
0.0937179
0.0934975
0.0933014
0.093127
0.0929719
0.092834
0.0927114
0.0926023
0.0925051
0.0924186
0.0923415
0.0922726
0.0922111
0.0921559
0.0921064
0.0920619
0.0920218
0.0919855
0.0919526
0.0919227
0.0918954
0.0918704
0.0918475
0.0918265
0.0918071
0.0917892
0.0917727
0.0917576
0.0917437
0.0917312
0.0917199
0.09171
0.0917017
0.0916949
0.09169
0.091687
0.961704
0.892211
0.829111
0.771737
0.719493
0.671848
0.628331
0.588521
0.55204
0.518553
0.487759
0.459387
0.433196
0.408969
0.386509
0.365643
0.346214
0.328082
0.311125
0.295233
0.280314
0.266286
0.253085
0.240654
0.22895
0.217938
0.207593
0.197893
0.188818
0.180354
0.172483
0.165186
0.158443
0.152231
0.146525
0.141297
0.136519
0.132162
0.128196
0.124591
0.121321
0.118356
0.115672
0.113245
0.111051
0.10907
0.107282
0.10567
0.104218
0.10291
0.101733
0.100674
0.0997229
0.0988686
0.0981021
0.0974148
0.096799
0.0962477
0.0957545
0.0953137
0.09492
0.0945686
0.0942553
0.093976
0.0937272
0.0935058
0.0933088
0.0931335
0.0929776
0.092839
0.0927157
0.0926061
0.0925084
0.0924215
0.092344
0.0922748
0.0922129
0.0921575
0.0921078
0.0920632
0.0920229
0.0919865
0.0919535
0.0919235
0.0918961
0.0918711
0.0918482
0.0918271
0.0918077
0.0917899
0.0917734
0.0917583
0.0917444
0.0917319
0.0917207
0.0917108
0.0917025
0.0916958
0.0916908
0.0916879
0.961704
0.89221
0.829111
0.771737
0.719494
0.671851
0.628337
0.588529
0.552052
0.518569
0.487779
0.459411
0.433225
0.409002
0.386548
0.365688
0.346266
0.328141
0.311191
0.295307
0.280396
0.266378
0.253184
0.240762
0.229066
0.218062
0.207723
0.198027
0.188957
0.180494
0.172624
0.165326
0.158581
0.152366
0.146656
0.141423
0.13664
0.132277
0.128304
0.124694
0.121416
0.118446
0.115755
0.113322
0.111122
0.109136
0.107343
0.105726
0.104269
0.102957
0.101776
0.100713
0.0997586
0.0989011
0.0981315
0.0974414
0.096823
0.0962694
0.095774
0.0953312
0.0949357
0.0945826
0.0942677
0.0939871
0.0937371
0.0935145
0.0933164
0.0931402
0.0929835
0.0928441
0.0927202
0.0926099
0.0925118
0.0924244
0.0923465
0.0922769
0.0922148
0.0921591
0.0921092
0.0920643
0.0920239
0.0919874
0.0919543
0.0919242
0.0918968
0.0918717
0.0918488
0.0918277
0.0918083
0.0917905
0.091774
0.0917589
0.0917451
0.0917326
0.0917214
0.0917116
0.0917033
0.0916966
0.0916917
0.0916887
0.961703
0.892209
0.82911
0.771737
0.719495
0.671854
0.628342
0.588537
0.552063
0.518583
0.487797
0.459434
0.433253
0.409036
0.386587
0.365734
0.346318
0.328201
0.311259
0.295383
0.280481
0.266471
0.253287
0.240873
0.229186
0.218189
0.207856
0.198166
0.189099
0.180639
0.17277
0.165471
0.158724
0.152506
0.146792
0.141554
0.136765
0.132396
0.128417
0.1248
0.121516
0.118539
0.115842
0.113403
0.111197
0.109205
0.107407
0.105785
0.104323
0.103006
0.101821
0.100754
0.0997958
0.0989349
0.0981622
0.0974692
0.0968481
0.0962919
0.0957943
0.0953494
0.0949519
0.0945971
0.0942807
0.0939985
0.0937472
0.0935234
0.0933243
0.0931471
0.0929895
0.0928494
0.0927247
0.0926138
0.0925152
0.0924273
0.0923489
0.092279
0.0922165
0.0921606
0.0921105
0.0920654
0.0920248
0.0919881
0.0919549
0.0919248
0.0918973
0.0918723
0.0918493
0.0918282
0.0918088
0.091791
0.0917746
0.0917595
0.0917458
0.0917333
0.0917221
0.0917124
0.0917041
0.0916974
0.0916925
0.0916895
0.961703
0.892208
0.829109
0.771736
0.719495
0.671856
0.628346
0.588544
0.552073
0.518597
0.487815
0.459456
0.43328
0.409068
0.386626
0.365779
0.34637
0.328261
0.311327
0.29546
0.280567
0.266567
0.253392
0.240987
0.229308
0.218319
0.207993
0.198308
0.189245
0.180788
0.172919
0.16562
0.158871
0.15265
0.146931
0.141688
0.136894
0.132518
0.128533
0.124909
0.121618
0.118635
0.115932
0.113486
0.111274
0.109276
0.107472
0.105845
0.104378
0.103057
0.101867
0.100797
0.0998344
0.0989699
0.0981939
0.0974979
0.096874
0.0963153
0.0958153
0.0953682
0.0949687
0.0946121
0.0942939
0.0940103
0.0937576
0.0935326
0.0933323
0.0931541
0.0929956
0.0928547
0.0927293
0.0926178
0.0925185
0.0924301
0.0923513
0.092281
0.0922182
0.092162
0.0921117
0.0920664
0.0920256
0.0919888
0.0919555
0.0919253
0.0918978
0.0918727
0.0918497
0.0918286
0.0918093
0.0917914
0.0917751
0.09176
0.0917463
0.0917339
0.0917228
0.0917131
0.0917048
0.0916982
0.0916933
0.0916903
0.961702
0.892207
0.829108
0.771736
0.719495
0.671857
0.628349
0.588549
0.552082
0.518609
0.487831
0.459477
0.433306
0.4091
0.386664
0.365824
0.346422
0.328321
0.311395
0.295538
0.280654
0.266663
0.253498
0.241102
0.229432
0.218451
0.208132
0.198452
0.189394
0.180939
0.173071
0.165772
0.159021
0.152796
0.147073
0.141826
0.137025
0.132643
0.128651
0.125021
0.121723
0.118733
0.116023
0.113571
0.111353
0.109349
0.10754
0.105907
0.104435
0.103109
0.101915
0.10084
0.0998739
0.0990058
0.0982265
0.0975273
0.0969006
0.0963392
0.0958367
0.0953874
0.0949859
0.0946274
0.0943075
0.0940223
0.0937682
0.0935419
0.0933405
0.0931612
0.0930018
0.09286
0.0927339
0.0926217
0.0925218
0.0924329
0.0923537
0.092283
0.0922199
0.0921634
0.0921128
0.0920673
0.0920264
0.0919894
0.091956
0.0919257
0.0918982
0.091873
0.09185
0.0918289
0.0918096
0.0917918
0.0917755
0.0917605
0.0917468
0.0917345
0.0917234
0.0917137
0.0917055
0.0916988
0.091694
0.091691
0.961702
0.892206
0.829107
0.771734
0.719495
0.671858
0.628352
0.588554
0.55209
0.518621
0.487847
0.459497
0.433331
0.409131
0.386701
0.365867
0.346474
0.32838
0.311463
0.295615
0.28074
0.266759
0.253604
0.241217
0.229556
0.218583
0.208271
0.198598
0.189544
0.181092
0.173225
0.165925
0.159172
0.152945
0.147217
0.141965
0.137158
0.13277
0.128772
0.125134
0.12183
0.118833
0.116116
0.113657
0.111433
0.109423
0.107608
0.10597
0.104493
0.103162
0.101963
0.100884
0.0999142
0.0990425
0.0982597
0.0975573
0.0969276
0.0963635
0.0958586
0.095407
0.0950034
0.0946429
0.0943213
0.0940345
0.0937789
0.0935513
0.0933487
0.0931684
0.093008
0.0928653
0.0927384
0.0926255
0.0925251
0.0924357
0.092356
0.0922849
0.0922214
0.0921646
0.0921137
0.0920681
0.092027
0.0919899
0.0919564
0.091926
0.0918984
0.0918732
0.0918502
0.0918292
0.0918098
0.0917921
0.0917758
0.0917609
0.0917472
0.0917349
0.0917239
0.0917143
0.0917061
0.0916995
0.0916946
0.0916917
0.961702
0.892205
0.829105
0.771733
0.719494
0.671859
0.628354
0.588559
0.552097
0.518631
0.487861
0.459516
0.433355
0.40916
0.386737
0.36591
0.346524
0.328438
0.31153
0.295691
0.280826
0.266855
0.253709
0.241333
0.22968
0.218716
0.208411
0.198744
0.189694
0.181244
0.173379
0.166079
0.159325
0.153094
0.147362
0.142105
0.137293
0.132898
0.128893
0.125249
0.121938
0.118934
0.11621
0.113745
0.111515
0.109498
0.107677
0.106034
0.104552
0.103216
0.102012
0.100929
0.0999551
0.0990796
0.0982933
0.0975878
0.0969551
0.0963882
0.0958807
0.0954268
0.095021
0.0946586
0.0943352
0.0940468
0.0937897
0.0935607
0.0933569
0.0931755
0.0930141
0.0928706
0.0927429
0.0926293
0.0925283
0.0924383
0.0923581
0.0922866
0.0922228
0.0921657
0.0921146
0.0920687
0.0920274
0.0919903
0.0919566
0.0919262
0.0918985
0.0918733
0.0918503
0.0918293
0.09181
0.0917922
0.091776
0.0917611
0.0917476
0.0917353
0.0917243
0.0917147
0.0917066
0.0917
0.0916952
0.0916922
0.961701
0.892204
0.829104
0.771732
0.719494
0.671859
0.628356
0.588563
0.552103
0.518641
0.487874
0.459534
0.433378
0.409189
0.386772
0.365952
0.346573
0.328496
0.311596
0.295766
0.280911
0.26695
0.253814
0.241447
0.229804
0.218848
0.20855
0.198889
0.189843
0.181397
0.173533
0.166233
0.159477
0.153243
0.147508
0.142245
0.137427
0.133027
0.129015
0.125364
0.122046
0.119035
0.116305
0.113833
0.111596
0.109574
0.107747
0.106098
0.104611
0.10327
0.102062
0.100975
0.0999963
0.0991171
0.0983273
0.0976184
0.0969827
0.0964131
0.095903
0.0954467
0.0950388
0.0946744
0.0943492
0.0940591
0.0938005
0.0935702
0.0933651
0.0931826
0.0930202
0.0928758
0.0927473
0.092633
0.0925313
0.0924408
0.0923602
0.0922883
0.0922241
0.0921667
0.0921153
0.0920692
0.0920278
0.0919905
0.0919567
0.0919262
0.0918985
0.0918733
0.0918503
0.0918292
0.09181
0.0917923
0.0917761
0.0917613
0.0917478
0.0917356
0.0917247
0.0917151
0.091707
0.0917005
0.0916956
0.0916927
0.961701
0.892203
0.829103
0.771731
0.719493
0.671859
0.628357
0.588566
0.552109
0.51865
0.487887
0.459551
0.4334
0.409216
0.386805
0.365992
0.346621
0.328552
0.311661
0.29584
0.280995
0.267043
0.253917
0.24156
0.229926
0.218978
0.208688
0.199033
0.189992
0.181549
0.173686
0.166386
0.159628
0.153392
0.147653
0.142385
0.137562
0.133155
0.129137
0.125479
0.122155
0.119137
0.1164
0.113922
0.111679
0.10965
0.107818
0.106163
0.10467
0.103324
0.102112
0.10102
0.100038
0.0991547
0.0983614
0.0976493
0.0970105
0.0964381
0.0959254
0.0954667
0.0950566
0.0946902
0.0943631
0.0940714
0.0938113
0.0935796
0.0933732
0.0931896
0.0930262
0.0928809
0.0927516
0.0926366
0.0925343
0.0924432
0.0923621
0.0922898
0.0922252
0.0921675
0.0921159
0.0920696
0.092028
0.0919905
0.0919567
0.0919261
0.0918984
0.0918731
0.0918501
0.0918291
0.0918099
0.0917922
0.0917761
0.0917613
0.0917479
0.0917357
0.0917249
0.0917154
0.0917073
0.0917008
0.091696
0.0916931
0.9617
0.892202
0.829101
0.77173
0.719492
0.671859
0.628359
0.588569
0.552114
0.518658
0.487899
0.459567
0.43342
0.409242
0.386837
0.366031
0.346667
0.328606
0.311724
0.295912
0.281076
0.267135
0.254018
0.241671
0.230046
0.219107
0.208824
0.199175
0.190139
0.181699
0.173838
0.166538
0.159779
0.15354
0.147797
0.142524
0.137696
0.133283
0.129259
0.125594
0.122263
0.119238
0.116495
0.11401
0.111761
0.109726
0.107888
0.106228
0.10473
0.103379
0.102162
0.101066
0.100079
0.0991924
0.0983955
0.0976801
0.0970383
0.096463
0.0959478
0.0954867
0.0950743
0.0947059
0.094377
0.0940836
0.093822
0.0935889
0.0933813
0.0931965
0.0930321
0.0928859
0.0927558
0.0926401
0.0925371
0.0924455
0.0923639
0.0922912
0.0922262
0.0921683
0.0921164
0.0920698
0.0920281
0.0919905
0.0919566
0.0919259
0.0918981
0.0918729
0.0918498
0.0918288
0.0918096
0.0917921
0.091776
0.0917613
0.0917479
0.0917358
0.091725
0.0917156
0.0917076
0.0917011
0.0916963
0.0916934
0.9617
0.892201
0.8291
0.771728
0.719491
0.671859
0.628359
0.588572
0.552119
0.518666
0.48791
0.459582
0.43344
0.409267
0.386868
0.366068
0.346712
0.328659
0.311785
0.295983
0.281156
0.267224
0.254118
0.24178
0.230164
0.219233
0.208958
0.199315
0.190283
0.181847
0.173987
0.166687
0.159927
0.153686
0.147939
0.142662
0.137828
0.13341
0.129379
0.125708
0.12237
0.119339
0.116589
0.114098
0.111842
0.109802
0.107958
0.106292
0.104789
0.103433
0.102211
0.101111
0.100121
0.0992299
0.0984295
0.0977108
0.097066
0.0964879
0.09597
0.0955065
0.095092
0.0947216
0.0943908
0.0940957
0.0938325
0.0935981
0.0933892
0.0932033
0.0930379
0.0928908
0.0927599
0.0926434
0.0925399
0.0924477
0.0923656
0.0922924
0.0922271
0.0921688
0.0921167
0.09207
0.092028
0.0919903
0.0919563
0.0919256
0.0918977
0.0918725
0.0918495
0.0918285
0.0918093
0.0917918
0.0917757
0.0917611
0.0917478
0.0917358
0.091725
0.0917156
0.0917077
0.0917012
0.0916965
0.0916936
0.9617
0.8922
0.829099
0.771727
0.71949
0.671858
0.62836
0.588574
0.552124
0.518673
0.487921
0.459596
0.433459
0.409291
0.386898
0.366105
0.346755
0.32871
0.311845
0.296051
0.281234
0.267311
0.254214
0.241886
0.230279
0.219357
0.209089
0.199452
0.190425
0.181992
0.174134
0.166835
0.160074
0.15383
0.14808
0.142798
0.137959
0.133535
0.129498
0.125821
0.122477
0.119439
0.116683
0.114185
0.111923
0.109877
0.108027
0.106356
0.104848
0.103487
0.102261
0.101156
0.100162
0.0992671
0.0984632
0.0977413
0.0970934
0.0965125
0.0959921
0.0955262
0.0951095
0.0947371
0.0944045
0.0941076
0.093843
0.0936071
0.093397
0.09321
0.0930436
0.0928955
0.0927638
0.0926466
0.0925424
0.0924497
0.0923671
0.0922935
0.0922279
0.0921693
0.0921169
0.09207
0.0920278
0.09199
0.0919559
0.0919251
0.0918972
0.0918719
0.0918489
0.091828
0.0918089
0.0917914
0.0917754
0.0917608
0.0917476
0.0917356
0.0917249
0.0917156
0.0917077
0.0917013
0.0916965
0.0916936
0.961699
0.8922
0.829098
0.771726
0.719489
0.671858
0.628361
0.588576
0.552128
0.51868
0.48793
0.45961
0.433477
0.409314
0.386926
0.366139
0.346797
0.328759
0.311902
0.296117
0.281309
0.267396
0.254309
0.241989
0.230392
0.219477
0.209217
0.199586
0.190564
0.182134
0.174279
0.166979
0.160217
0.153971
0.148218
0.142932
0.138088
0.133658
0.129616
0.125932
0.122582
0.119537
0.116775
0.114271
0.112003
0.109951
0.108096
0.106419
0.104906
0.103541
0.10231
0.101201
0.100202
0.099304
0.0984966
0.0977714
0.0971206
0.0965369
0.0960139
0.0955456
0.0951268
0.0947523
0.0944179
0.0941194
0.0938532
0.093616
0.0934046
0.0932165
0.093049
0.0929001
0.0927676
0.0926497
0.0925449
0.0924516
0.0923685
0.0922945
0.0922285
0.0921696
0.092117
0.0920698
0.0920275
0.0919896
0.0919554
0.0919245
0.0918966
0.0918713
0.0918483
0.0918274
0.0918083
0.0917909
0.0917749
0.0917604
0.0917472
0.0917353
0.0917247
0.0917155
0.0917076
0.0917012
0.0916965
0.0916936
0.961699
0.892199
0.829096
0.771724
0.719488
0.671857
0.628361
0.588578
0.552132
0.518686
0.48794
0.459623
0.433494
0.409336
0.386953
0.366173
0.346837
0.328806
0.311957
0.296181
0.281382
0.267478
0.2544
0.24209
0.230501
0.219594
0.209341
0.199716
0.190699
0.182273
0.174419
0.16712
0.160358
0.154109
0.148353
0.143063
0.138214
0.13378
0.129731
0.126042
0.122685
0.119634
0.116866
0.114356
0.112082
0.110024
0.108163
0.106482
0.104963
0.103593
0.102358
0.101245
0.100242
0.0993404
0.0985296
0.0978012
0.0971474
0.0965609
0.0960354
0.0955648
0.0951437
0.0947673
0.0944311
0.094131
0.0938633
0.0936246
0.0934121
0.0932228
0.0930544
0.0929045
0.0927712
0.0926526
0.0925471
0.0924533
0.0923698
0.0922953
0.092229
0.0921698
0.0921169
0.0920696
0.0920271
0.091989
0.0919548
0.0919238
0.0918959
0.0918706
0.0918476
0.0918267
0.0918076
0.0917903
0.0917744
0.0917599
0.0917468
0.091735
0.0917244
0.0917152
0.0917074
0.0917011
0.0916964
0.0916935
0.961699
0.892198
0.829095
0.771723
0.719487
0.671857
0.628362
0.58858
0.552135
0.518692
0.487948
0.459635
0.43351
0.409356
0.386979
0.366204
0.346875
0.328852
0.312011
0.296242
0.281452
0.267557
0.254488
0.242187
0.230606
0.219708
0.209462
0.199843
0.190831
0.182408
0.174556
0.167258
0.160494
0.154244
0.148485
0.143191
0.138338
0.133898
0.129844
0.126149
0.122786
0.119729
0.116955
0.114439
0.112159
0.110096
0.10823
0.106543
0.10502
0.103645
0.102405
0.101288
0.100282
0.0993762
0.098562
0.0978304
0.0971737
0.0965846
0.0960565
0.0955836
0.0951604
0.0947821
0.094444
0.0941423
0.0938731
0.0936331
0.0934193
0.0932289
0.0930595
0.0929087
0.0927746
0.0926554
0.0925493
0.0924549
0.0923709
0.0922961
0.0922294
0.0921699
0.0921167
0.0920692
0.0920266
0.0919884
0.091954
0.0919231
0.0918951
0.0918698
0.0918468
0.0918259
0.0918069
0.0917896
0.0917738
0.0917594
0.0917463
0.0917345
0.0917241
0.0917149
0.0917071
0.0917008
0.0916962
0.0916933
0.961698
0.892197
0.829094
0.771722
0.719486
0.671856
0.628362
0.588582
0.552139
0.518697
0.487957
0.459646
0.433525
0.409376
0.387004
0.366235
0.346912
0.328895
0.312062
0.296302
0.281519
0.267633
0.254573
0.242281
0.230708
0.219818
0.209579
0.199966
0.190958
0.182539
0.174689
0.167392
0.160628
0.154376
0.148613
0.143316
0.138459
0.134014
0.129954
0.126253
0.122884
0.119822
0.117042
0.11452
0.112235
0.110166
0.108295
0.106603
0.105075
0.103696
0.102452
0.10133
0.10032
0.0994112
0.0985937
0.0978591
0.0971995
0.0966077
0.0960772
0.095602
0.0951767
0.0947965
0.0944567
0.0941533
0.0938826
0.0936413
0.0934263
0.0932349
0.0930645
0.0929128
0.0927779
0.092658
0.0925513
0.0924564
0.0923719
0.0922967
0.0922296
0.0921698
0.0921165
0.0920687
0.092026
0.0919877
0.0919532
0.0919222
0.0918942
0.0918688
0.0918459
0.091825
0.091806
0.0917888
0.091773
0.0917587
0.0917457
0.091734
0.0917236
0.0917145
0.0917067
0.0917005
0.0916959
0.091693
0.961698
0.892196
0.829093
0.771721
0.719485
0.671856
0.628362
0.588583
0.552142
0.518703
0.487964
0.459657
0.43354
0.409395
0.387028
0.366264
0.346947
0.328937
0.312111
0.296358
0.281584
0.267706
0.254655
0.242371
0.230807
0.219924
0.209691
0.200084
0.191082
0.182665
0.174818
0.167521
0.160757
0.154503
0.148738
0.143438
0.138576
0.134126
0.130061
0.126355
0.122981
0.119913
0.117127
0.114599
0.112309
0.110235
0.108358
0.106662
0.105129
0.103745
0.102497
0.101372
0.100358
0.0994455
0.0986248
0.0978872
0.0972247
0.0966303
0.0960974
0.09562
0.0951927
0.0948105
0.094469
0.094164
0.0938919
0.0936493
0.0934331
0.0932406
0.0930692
0.0929167
0.0927811
0.0926604
0.0925531
0.0924577
0.0923728
0.0922971
0.0922298
0.0921697
0.0921161
0.0920682
0.0920253
0.0919868
0.0919523
0.0919212
0.0918932
0.0918678
0.0918449
0.0918241
0.0918051
0.0917879
0.0917722
0.0917579
0.091745
0.0917334
0.091723
0.091714
0.0917063
0.0917001
0.0916955
0.0916926
0.961698
0.892196
0.829092
0.771719
0.719484
0.671855
0.628362
0.588584
0.552145
0.518708
0.487972
0.459668
0.433554
0.409413
0.38705
0.366292
0.34698
0.328977
0.312158
0.296413
0.281646
0.267777
0.254733
0.242457
0.230901
0.220026
0.2098
0.200198
0.191201
0.182788
0.174942
0.167647
0.160882
0.154627
0.148859
0.143555
0.138689
0.134235
0.130165
0.126454
0.123074
0.120001
0.117209
0.114676
0.112381
0.110301
0.10842
0.106719
0.105181
0.103793
0.102541
0.101412
0.100395
0.0994789
0.098655
0.0979145
0.0972493
0.0966523
0.0961171
0.0956375
0.0952081
0.0948241
0.0944809
0.0941744
0.0939009
0.093657
0.0934397
0.0932461
0.0930738
0.0929205
0.0927841
0.0926627
0.0925549
0.0924589
0.0923735
0.0922975
0.0922298
0.0921695
0.0921156
0.0920675
0.0920245
0.0919859
0.0919513
0.0919202
0.0918921
0.0918668
0.0918438
0.091823
0.0918041
0.0917869
0.0917713
0.0917571
0.0917443
0.0917327
0.0917224
0.0917134
0.0917058
0.0916996
0.091695
0.0916922
0.961698
0.892195
0.829091
0.771718
0.719483
0.671855
0.628363
0.588586
0.552147
0.518712
0.487979
0.459677
0.433567
0.40943
0.387072
0.366318
0.347012
0.329015
0.312202
0.296464
0.281706
0.267844
0.254808
0.24254
0.230992
0.220124
0.209904
0.200308
0.191315
0.182905
0.175062
0.167767
0.161002
0.154746
0.148976
0.143669
0.138799
0.13434
0.130266
0.12655
0.123165
0.120086
0.117289
0.114751
0.11245
0.110366
0.10848
0.106774
0.105233
0.10384
0.102584
0.101451
0.100431
0.0995114
0.0986845
0.097941
0.0972732
0.0966737
0.0961362
0.0956544
0.0952232
0.0948373
0.0944925
0.0941845
0.0939096
0.0936645
0.093446
0.0932514
0.0930782
0.092924
0.0927869
0.0926649
0.0925564
0.09246
0.0923742
0.0922978
0.0922298
0.0921691
0.0921151
0.0920668
0.0920236
0.0919849
0.0919502
0.091919
0.091891
0.0918656
0.0918427
0.0918219
0.0918031
0.0917859
0.0917704
0.0917562
0.0917434
0.0917319
0.0917217
0.0917127
0.0917052
0.091699
0.0916945
0.0916916
0.961697
0.892194
0.82909
0.771717
0.719482
0.671854
0.628363
0.588587
0.55215
0.518716
0.487985
0.459687
0.433579
0.409446
0.387092
0.366343
0.347043
0.329051
0.312245
0.296514
0.281762
0.267908
0.25488
0.24262
0.231079
0.220217
0.210004
0.200413
0.191424
0.183018
0.175177
0.167883
0.161118
0.15486
0.149088
0.143778
0.138905
0.134442
0.130363
0.126642
0.123252
0.120168
0.117367
0.114824
0.112518
0.110429
0.108538
0.106828
0.105282
0.103886
0.102626
0.101489
0.100465
0.0995429
0.0987129
0.0979667
0.0972963
0.0966945
0.0961546
0.0956709
0.0952377
0.0948501
0.0945037
0.0941942
0.093918
0.0936716
0.093452
0.0932564
0.0930823
0.0929274
0.0927895
0.0926669
0.0925579
0.0924609
0.0923747
0.0922979
0.0922296
0.0921687
0.0921145
0.092066
0.0920227
0.0919839
0.0919491
0.0919179
0.0918898
0.0918644
0.0918415
0.0918208
0.0918019
0.0917849
0.0917693
0.0917553
0.0917425
0.0917311
0.0917209
0.091712
0.0917045
0.0916984
0.0916939
0.0916911
0.961697
0.892194
0.829089
0.771716
0.719481
0.671854
0.628363
0.588588
0.552152
0.51872
0.487991
0.459695
0.433591
0.409461
0.387111
0.366367
0.347071
0.329086
0.312285
0.296561
0.281816
0.267969
0.254949
0.242695
0.231161
0.220307
0.210099
0.200514
0.191529
0.183126
0.175287
0.167994
0.161229
0.15497
0.149196
0.143884
0.139007
0.13454
0.130457
0.126731
0.123336
0.120248
0.117441
0.114893
0.112583
0.110489
0.108594
0.10688
0.10533
0.10393
0.102666
0.101526
0.100499
0.0995733
0.0987405
0.0979915
0.0973186
0.0967145
0.0961725
0.0956867
0.0952517
0.0948624
0.0945144
0.0942035
0.093926
0.0936785
0.0934578
0.0932613
0.0930863
0.0929305
0.092792
0.0926688
0.0925592
0.0924618
0.0923751
0.092298
0.0922294
0.0921683
0.0921138
0.0920651
0.0920217
0.0919828
0.0919479
0.0919167
0.0918885
0.0918632
0.0918403
0.0918196
0.0918008
0.0917837
0.0917683
0.0917543
0.0917416
0.0917302
0.0917201
0.0917113
0.0917038
0.0916977
0.0916932
0.0916904
0.961697
0.892193
0.829088
0.771715
0.71948
0.671853
0.628363
0.588589
0.552155
0.518724
0.487997
0.459703
0.433602
0.409475
0.387129
0.366389
0.347098
0.329118
0.312323
0.296605
0.281867
0.268027
0.255013
0.242767
0.23124
0.220392
0.21019
0.20061
0.191629
0.183229
0.175392
0.1681
0.161335
0.155075
0.1493
0.143984
0.139104
0.134634
0.130547
0.126817
0.123417
0.120324
0.117513
0.114961
0.112646
0.110548
0.108648
0.106929
0.105376
0.103972
0.102705
0.101561
0.100531
0.0996025
0.0987669
0.0980154
0.0973401
0.0967337
0.0961896
0.095702
0.0952652
0.0948743
0.0945247
0.0942125
0.0939337
0.093685
0.0934633
0.0932659
0.09309
0.0929335
0.0927943
0.0926705
0.0925604
0.0924625
0.0923755
0.092298
0.0922291
0.0921677
0.092113
0.0920642
0.0920206
0.0919817
0.0919467
0.0919154
0.0918873
0.0918619
0.091839
0.0918183
0.0917996
0.0917826
0.0917672
0.0917532
0.0917406
0.0917293
0.0917193
0.0917105
0.091703
0.091697
0.0916925
0.0916897
0.961697
0.892193
0.829088
0.771715
0.719479
0.671853
0.628363
0.58859
0.552157
0.518728
0.488002
0.459711
0.433612
0.409489
0.387146
0.36641
0.347124
0.329149
0.31236
0.296647
0.281916
0.268082
0.255075
0.242836
0.231315
0.220472
0.210276
0.200701
0.191724
0.183327
0.175492
0.168201
0.161436
0.155175
0.149398
0.14408
0.139197
0.134724
0.130633
0.126898
0.123495
0.120397
0.117582
0.115025
0.112705
0.110603
0.1087
0.106977
0.10542
0.104012
0.102742
0.101595
0.100562
0.0996306
0.0987924
0.0980384
0.0973607
0.0967521
0.0962061
0.0957166
0.095278
0.0948856
0.0945346
0.094221
0.0939411
0.0936913
0.0934686
0.0932702
0.0930936
0.0929364
0.0927965
0.0926721
0.0925615
0.0924632
0.0923757
0.092298
0.0922288
0.0921671
0.0921122
0.0920633
0.0920196
0.0919805
0.0919455
0.0919141
0.091886
0.0918606
0.0918377
0.0918171
0.0917984
0.0917814
0.0917661
0.0917522
0.0917396
0.0917284
0.0917184
0.0917096
0.0917022
0.0916963
0.0916918
0.091689
0.961697
0.892192
0.829087
0.771714
0.719478
0.671852
0.628363
0.588591
0.552159
0.518731
0.488008
0.459718
0.433622
0.409501
0.387162
0.36643
0.347148
0.329178
0.312394
0.296687
0.281961
0.268134
0.255133
0.2429
0.231385
0.220549
0.210358
0.200787
0.191814
0.18342
0.175587
0.168297
0.161532
0.155271
0.149492
0.144172
0.139286
0.134809
0.130714
0.126976
0.123569
0.120467
0.117647
0.115086
0.112763
0.110657
0.108749
0.107023
0.105462
0.104051
0.102777
0.101628
0.100591
0.0996574
0.0988167
0.0980603
0.0973804
0.0967698
0.0962218
0.0957305
0.0952904
0.0948964
0.094544
0.0942292
0.093948
0.0936972
0.0934736
0.0932743
0.0930969
0.092939
0.0927985
0.0926736
0.0925625
0.0924638
0.0923759
0.0922978
0.0922284
0.0921665
0.0921114
0.0920623
0.0920185
0.0919793
0.0919443
0.0919129
0.0918847
0.0918593
0.0918364
0.0918158
0.0917971
0.0917802
0.0917649
0.0917511
0.0917386
0.0917274
0.0917174
0.0917088
0.0917014
0.0916955
0.091691
0.0916883
0.961696
0.892192
0.829086
0.771713
0.719478
0.671852
0.628363
0.588591
0.55216
0.518734
0.488012
0.459725
0.433631
0.409513
0.387177
0.366449
0.347171
0.329205
0.312426
0.296724
0.282004
0.268183
0.255188
0.242961
0.231452
0.220621
0.210435
0.200869
0.191899
0.183508
0.175677
0.168388
0.161623
0.155361
0.149581
0.144259
0.13937
0.13489
0.130792
0.12705
0.123639
0.120533
0.117709
0.115144
0.112817
0.110707
0.108796
0.107066
0.105502
0.104088
0.102811
0.101659
0.100619
0.099683
0.0988398
0.0980812
0.0973992
0.0967866
0.0962368
0.0957438
0.0953021
0.0949066
0.094553
0.0942369
0.0939547
0.0937028
0.0934783
0.0932782
0.0931
0.0929415
0.0928004
0.0926749
0.0925634
0.0924642
0.0923761
0.0922977
0.0922279
0.0921659
0.0921106
0.0920613
0.0920174
0.0919781
0.091943
0.0919116
0.0918833
0.091858
0.0918351
0.0918145
0.0917959
0.091779
0.0917638
0.09175
0.0917376
0.0917264
0.0917165
0.0917079
0.0917006
0.0916947
0.0916903
0.0916875
0.961696
0.892191
0.829086
0.771712
0.719477
0.671851
0.628363
0.588592
0.552162
0.518737
0.488017
0.459731
0.433639
0.409524
0.387191
0.366466
0.347192
0.32923
0.312456
0.296759
0.282045
0.268228
0.255239
0.243018
0.231514
0.220688
0.210507
0.200945
0.191979
0.183591
0.175762
0.168474
0.161709
0.155446
0.149664
0.14434
0.13945
0.134966
0.130865
0.12712
0.123705
0.120596
0.117768
0.1152
0.112869
0.110755
0.108841
0.107108
0.10554
0.104123
0.102843
0.101688
0.100646
0.0997072
0.0988617
0.0981009
0.0974169
0.0968025
0.0962509
0.0957563
0.0953131
0.0949164
0.0945614
0.0942442
0.0939609
0.0937081
0.0934827
0.0932818
0.093103
0.0929438
0.0928021
0.0926762
0.0925642
0.0924646
0.0923761
0.0922974
0.0922274
0.0921652
0.0921097
0.0920603
0.0920163
0.0919769
0.0919418
0.0919103
0.091882
0.0918567
0.0918338
0.0918133
0.0917947
0.0917779
0.0917627
0.0917489
0.0917365
0.0917254
0.0917156
0.091707
0.0916997
0.0916939
0.0916895
0.0916867
0.961696
0.892191
0.829085
0.771711
0.719476
0.671851
0.628363
0.588593
0.552164
0.51874
0.488021
0.459737
0.433647
0.409535
0.387204
0.366482
0.347212
0.329254
0.312484
0.296792
0.282082
0.268271
0.255287
0.243071
0.231573
0.220752
0.210575
0.201017
0.192054
0.183668
0.175841
0.168554
0.161789
0.155526
0.149743
0.144417
0.139524
0.135039
0.130934
0.127186
0.123767
0.120655
0.117824
0.115252
0.112917
0.110801
0.108883
0.107146
0.105576
0.104156
0.102873
0.101716
0.100671
0.0997301
0.0988824
0.0981196
0.0974337
0.0968175
0.0962643
0.0957682
0.0953236
0.0949255
0.0945694
0.0942511
0.0939668
0.0937131
0.0934868
0.0932852
0.0931057
0.0929459
0.0928037
0.0926773
0.0925649
0.092465
0.0923761
0.0922972
0.0922269
0.0921645
0.0921089
0.0920593
0.0920152
0.0919758
0.0919405
0.091909
0.0918808
0.0918554
0.0918326
0.091812
0.0917935
0.0917767
0.0917615
0.0917478
0.0917355
0.0917244
0.0917146
0.0917061
0.0916989
0.091693
0.0916887
0.0916859
0.961696
0.89219
0.829084
0.771711
0.719476
0.67185
0.628363
0.588593
0.552165
0.518742
0.488025
0.459743
0.433655
0.409544
0.387217
0.366497
0.347231
0.329276
0.31251
0.296823
0.282117
0.268311
0.255332
0.243121
0.231627
0.220811
0.210638
0.201084
0.192124
0.183741
0.175915
0.168629
0.161864
0.155601
0.149817
0.144489
0.139594
0.135106
0.130999
0.127247
0.123826
0.12071
0.117876
0.115301
0.112963
0.110843
0.108922
0.107183
0.105609
0.104187
0.102902
0.101742
0.100695
0.0997516
0.0989019
0.0981371
0.0974495
0.0968316
0.0962769
0.0957793
0.0953334
0.0949341
0.0945768
0.0942575
0.0939723
0.0937177
0.0934907
0.0932884
0.0931082
0.0929479
0.0928052
0.0926783
0.0925655
0.0924652
0.0923761
0.0922969
0.0922264
0.0921638
0.092108
0.0920584
0.0920141
0.0919746
0.0919393
0.0919078
0.0918795
0.0918541
0.0918313
0.0918108
0.0917923
0.0917755
0.0917604
0.0917468
0.0917345
0.0917235
0.0917137
0.0917052
0.091698
0.0916922
0.0916879
0.0916851
0.961696
0.89219
0.829084
0.77171
0.719475
0.67185
0.628363
0.588594
0.552166
0.518745
0.488028
0.459748
0.433661
0.409553
0.387228
0.366511
0.347248
0.329297
0.312534
0.296851
0.28215
0.268348
0.255373
0.243167
0.231677
0.220865
0.210697
0.201146
0.192189
0.183808
0.175984
0.168699
0.161934
0.15567
0.149885
0.144556
0.139659
0.135169
0.131059
0.127305
0.123881
0.120762
0.117924
0.115346
0.113006
0.110883
0.108959
0.107217
0.105641
0.104216
0.102928
0.101766
0.100717
0.0997716
0.09892
0.0981535
0.0974642
0.0968447
0.0962886
0.0957897
0.0953425
0.0949421
0.0945838
0.0942635
0.0939774
0.093722
0.0934943
0.0932913
0.0931105
0.0929496
0.0928065
0.0926792
0.092566
0.0924654
0.092376
0.0922965
0.0922259
0.0921631
0.0921072
0.0920574
0.0920131
0.0919735
0.0919382
0.0919066
0.0918783
0.0918529
0.0918301
0.0918096
0.0917911
0.0917744
0.0917593
0.0917457
0.0917335
0.0917225
0.0917128
0.0917044
0.0916972
0.0916914
0.0916871
0.0916844
0.961696
0.89219
0.829083
0.77171
0.719475
0.67185
0.628363
0.588594
0.552168
0.518747
0.488031
0.459752
0.433668
0.409561
0.387238
0.366524
0.347263
0.329315
0.312556
0.296876
0.282179
0.268381
0.255411
0.243209
0.231724
0.220916
0.210751
0.201203
0.192249
0.18387
0.176047
0.168763
0.161999
0.155734
0.149949
0.144618
0.139719
0.135227
0.131115
0.127358
0.123931
0.120809
0.117969
0.115388
0.113045
0.110919
0.108993
0.107249
0.10567
0.104243
0.102953
0.101788
0.100738
0.0997902
0.0989369
0.0981687
0.0974778
0.0968569
0.0962994
0.0957993
0.095351
0.0949495
0.0945902
0.094269
0.0939821
0.093726
0.0934976
0.093294
0.0931127
0.0929513
0.0928077
0.09268
0.0925665
0.0924656
0.0923759
0.0922962
0.0922254
0.0921624
0.0921064
0.0920565
0.092012
0.0919724
0.091937
0.0919054
0.0918771
0.0918518
0.091829
0.0918085
0.09179
0.0917733
0.0917583
0.0917447
0.0917325
0.0917216
0.091712
0.0917035
0.0916964
0.0916906
0.0916863
0.0916836
0.961696
0.892189
0.829083
0.771709
0.719474
0.67185
0.628363
0.588595
0.552169
0.518749
0.488034
0.459756
0.433673
0.409569
0.387248
0.366536
0.347277
0.329332
0.312577
0.2969
0.282207
0.268412
0.255446
0.243247
0.231766
0.220962
0.2108
0.201255
0.192304
0.183927
0.176105
0.168822
0.162058
0.155793
0.150007
0.144675
0.139775
0.13528
0.131166
0.127407
0.123978
0.120853
0.118011
0.115427
0.113081
0.110953
0.109024
0.107278
0.105697
0.104267
0.102975
0.101809
0.100756
0.0998074
0.0989524
0.0981827
0.0974904
0.0968681
0.0963094
0.0958081
0.0953587
0.0949563
0.0945961
0.0942741
0.0939864
0.0937296
0.0935006
0.0932964
0.0931146
0.0929528
0.0928088
0.0926807
0.0925669
0.0924657
0.0923758
0.0922959
0.0922249
0.0921617
0.0921056
0.0920556
0.0920111
0.0919714
0.091936
0.0919043
0.091876
0.0918506
0.0918279
0.0918074
0.0917889
0.0917723
0.0917573
0.0917438
0.0917316
0.0917208
0.0917111
0.0917027
0.0916956
0.0916899
0.0916856
0.0916829
0.961695
0.892189
0.829083
0.771709
0.719474
0.671849
0.628363
0.588595
0.55217
0.51875
0.488037
0.45976
0.433679
0.409575
0.387256
0.366547
0.34729
0.329348
0.312595
0.296921
0.282231
0.268441
0.255478
0.243283
0.231805
0.221003
0.210845
0.201303
0.192354
0.183978
0.176158
0.168876
0.162112
0.155847
0.15006
0.144727
0.139825
0.135329
0.131213
0.127452
0.12402
0.120893
0.118048
0.115462
0.113114
0.110984
0.109053
0.107304
0.105721
0.10429
0.102996
0.101828
0.100774
0.099823
0.0989665
0.0981954
0.0975018
0.0968784
0.0963185
0.0958161
0.0953658
0.0949624
0.0946014
0.0942787
0.0939903
0.0937329
0.0935033
0.0932986
0.0931163
0.0929541
0.0928097
0.0926813
0.0925672
0.0924658
0.0923756
0.0922955
0.0922243
0.0921611
0.0921048
0.0920547
0.0920101
0.0919704
0.091935
0.0919033
0.091875
0.0918496
0.0918268
0.0918064
0.0917879
0.0917713
0.0917564
0.0917429
0.0917308
0.0917199
0.0917103
0.091702
0.0916949
0.0916892
0.0916849
0.0916822
0.961695
0.892189
0.829082
0.771708
0.719474
0.671849
0.628363
0.588596
0.55217
0.518752
0.488039
0.459764
0.433683
0.409581
0.387264
0.366556
0.347302
0.329362
0.312611
0.296941
0.282253
0.268466
0.255506
0.243314
0.231839
0.221041
0.210885
0.201346
0.192399
0.184025
0.176206
0.168924
0.16216
0.155895
0.150107
0.144774
0.13987
0.135373
0.131255
0.127492
0.124058
0.12093
0.118082
0.115494
0.113144
0.111012
0.109079
0.107328
0.105743
0.10431
0.103015
0.101845
0.100789
0.0998371
0.0989793
0.0982069
0.0975121
0.0968876
0.0963267
0.0958234
0.0953722
0.094968
0.0946063
0.0942828
0.0939938
0.0937358
0.0935057
0.0933006
0.0931179
0.0929552
0.0928105
0.0926818
0.0925674
0.0924658
0.0923754
0.0922952
0.0922238
0.0921604
0.0921041
0.0920539
0.0920093
0.0919695
0.091934
0.0919023
0.091874
0.0918486
0.0918259
0.0918054
0.091787
0.0917704
0.0917555
0.0917421
0.09173
0.0917192
0.0917096
0.0917013
0.0916942
0.0916885
0.0916842
0.0916815
0.961695
0.892189
0.829082
0.771708
0.719473
0.671849
0.628363
0.588596
0.552171
0.518753
0.488041
0.459767
0.433687
0.409587
0.387271
0.366564
0.347312
0.329374
0.312626
0.296958
0.282273
0.268488
0.255531
0.243342
0.23187
0.221074
0.210921
0.201383
0.192438
0.184066
0.176248
0.168967
0.162203
0.155938
0.15015
0.144815
0.139911
0.135412
0.131292
0.127527
0.124092
0.120962
0.118113
0.115523
0.113171
0.111037
0.109102
0.107349
0.105763
0.104328
0.103031
0.10186
0.100803
0.0998497
0.0989906
0.0982172
0.0975213
0.0968958
0.096334
0.0958299
0.0953779
0.0949729
0.0946105
0.0942865
0.0939969
0.0937384
0.0935079
0.0933023
0.0931192
0.0929562
0.0928112
0.0926823
0.0925676
0.0924658
0.0923753
0.0922948
0.0922234
0.0921599
0.0921034
0.0920532
0.0920085
0.0919686
0.0919331
0.0919014
0.0918731
0.0918477
0.091825
0.0918045
0.0917862
0.0917696
0.0917547
0.0917413
0.0917292
0.0917185
0.0917089
0.0917006
0.0916936
0.0916879
0.0916836
0.0916809
0.961695
0.892188
0.829082
0.771708
0.719473
0.671849
0.628363
0.588596
0.552172
0.518754
0.488043
0.459769
0.433691
0.409591
0.387276
0.366572
0.347321
0.329385
0.312639
0.296973
0.28229
0.268508
0.255553
0.243366
0.231897
0.221104
0.210953
0.201417
0.192473
0.184102
0.176285
0.169004
0.162241
0.155976
0.150187
0.144852
0.139946
0.135446
0.131325
0.127559
0.124122
0.12099
0.118139
0.115548
0.113194
0.111058
0.109122
0.107368
0.10578
0.104344
0.103046
0.101873
0.100815
0.0998607
0.0990006
0.0982261
0.0975294
0.096903
0.0963404
0.0958355
0.0953828
0.0949773
0.0946143
0.0942897
0.0939996
0.0937407
0.0935097
0.0933038
0.0931204
0.0929571
0.0928118
0.0926826
0.0925678
0.0924657
0.0923751
0.0922945
0.0922229
0.0921593
0.0921028
0.0920525
0.0920077
0.0919679
0.0919323
0.0919006
0.0918723
0.0918469
0.0918241
0.0918037
0.0917854
0.0917689
0.091754
0.0917406
0.0917286
0.0917178
0.0917083
0.0917
0.091693
0.0916873
0.0916831
0.0916803
0.961695
0.892188
0.829081
0.771707
0.719473
0.671849
0.628363
0.588597
0.552173
0.518756
0.488045
0.459771
0.433694
0.409595
0.387282
0.366578
0.347329
0.329394
0.31265
0.296985
0.282305
0.268524
0.255572
0.243387
0.23192
0.221128
0.210979
0.201445
0.192503
0.184133
0.176317
0.169037
0.162273
0.156008
0.150219
0.144883
0.139976
0.135475
0.131353
0.127586
0.124147
0.121014
0.118162
0.115569
0.113214
0.111077
0.10914
0.107384
0.105795
0.104358
0.103058
0.101885
0.100825
0.0998701
0.0990091
0.0982338
0.0975363
0.0969091
0.0963459
0.0958403
0.095387
0.0949809
0.0946175
0.0942924
0.0940019
0.0937426
0.0935113
0.093305
0.0931213
0.0929578
0.0928123
0.0926829
0.0925679
0.0924657
0.0923749
0.0922942
0.0922225
0.0921588
0.0921022
0.0920519
0.0920071
0.0919672
0.0919316
0.0918999
0.0918715
0.0918462
0.0918234
0.091803
0.0917847
0.0917682
0.0917533
0.0917399
0.0917279
0.0917172
0.0917078
0.0916995
0.0916925
0.0916868
0.0916826
0.0916798
0.961695
0.892188
0.829081
0.771707
0.719473
0.671848
0.628363
0.588597
0.552173
0.518756
0.488046
0.459773
0.433696
0.409599
0.387286
0.366583
0.347335
0.329402
0.312659
0.296996
0.282317
0.268538
0.255588
0.243405
0.231939
0.221149
0.211002
0.201469
0.192528
0.184159
0.176343
0.169063
0.1623
0.156035
0.150245
0.144909
0.140002
0.1355
0.131377
0.127608
0.124169
0.121034
0.118181
0.115587
0.113231
0.111093
0.109154
0.107398
0.105808
0.104369
0.103069
0.101894
0.100834
0.099878
0.0990162
0.0982402
0.097542
0.0969143
0.0963504
0.0958443
0.0953905
0.094984
0.0946201
0.0942946
0.0940038
0.0937442
0.0935125
0.0933061
0.0931221
0.0929584
0.0928127
0.0926831
0.0925679
0.0924656
0.0923747
0.0922939
0.0922222
0.0921584
0.0921017
0.0920513
0.0920065
0.0919666
0.091931
0.0918992
0.0918709
0.0918455
0.0918228
0.0918024
0.0917841
0.0917676
0.0917527
0.0917394
0.0917274
0.0917167
0.0917073
0.091699
0.091692
0.0916864
0.0916821
0.0916794
0.961695
0.892188
0.829081
0.771707
0.719472
0.671848
0.628363
0.588597
0.552173
0.518757
0.488047
0.459775
0.433698
0.409601
0.387289
0.366588
0.34734
0.329408
0.312666
0.297004
0.282327
0.268549
0.2556
0.243419
0.231954
0.221166
0.211019
0.201488
0.192548
0.184179
0.176364
0.169085
0.162322
0.156056
0.150266
0.144929
0.140022
0.135519
0.131396
0.127626
0.124186
0.12105
0.118196
0.115601
0.113244
0.111105
0.109166
0.107408
0.105817
0.104378
0.103077
0.101902
0.100841
0.0998843
0.0990219
0.0982453
0.0975466
0.0969183
0.096354
0.0958475
0.0953933
0.0949864
0.0946222
0.0942964
0.0940053
0.0937454
0.0935135
0.0933068
0.0931227
0.0929588
0.0928129
0.0926832
0.092568
0.0924655
0.0923745
0.0922936
0.0922218
0.092158
0.0921013
0.0920509
0.092006
0.0919661
0.0919305
0.0918987
0.0918703
0.091845
0.0918222
0.0918019
0.0917835
0.0917671
0.0917523
0.0917389
0.091727
0.0917163
0.0917068
0.0916986
0.0916917
0.091686
0.0916818
0.091679
0.961695
0.892188
0.829081
0.771707
0.719472
0.671848
0.628363
0.588597
0.552174
0.518758
0.488048
0.459776
0.4337
0.409603
0.387292
0.366591
0.347344
0.329412
0.312671
0.297011
0.282334
0.268558
0.255609
0.243429
0.231966
0.221178
0.211033
0.201502
0.192562
0.184195
0.17638
0.169101
0.162338
0.156072
0.150282
0.144945
0.140037
0.135534
0.13141
0.12764
0.124199
0.121063
0.118208
0.115612
0.113254
0.111115
0.109174
0.107416
0.105825
0.104385
0.103083
0.101908
0.100846
0.099889
0.0990261
0.0982491
0.09755
0.0969213
0.0963567
0.0958498
0.0953954
0.0949882
0.0946237
0.0942977
0.0940064
0.0937463
0.0935142
0.0933074
0.0931231
0.092959
0.0928131
0.0926833
0.0925679
0.0924654
0.0923743
0.0922934
0.0922215
0.0921577
0.0921009
0.0920505
0.0920056
0.0919656
0.09193
0.0918983
0.0918699
0.0918445
0.0918218
0.0918014
0.0917831
0.0917667
0.0917519
0.0917385
0.0917266
0.0917159
0.0917065
0.0916983
0.0916914
0.0916857
0.0916815
0.0916787
0.961695
0.892188
0.829081
0.771707
0.719472
0.671848
0.628363
0.588597
0.552174
0.518758
0.488049
0.459777
0.433701
0.409605
0.387293
0.366593
0.347347
0.329416
0.312675
0.297015
0.282339
0.268563
0.255616
0.243436
0.231973
0.221187
0.211042
0.201511
0.192572
0.184205
0.176391
0.169112
0.162349
0.156083
0.150293
0.144955
0.140047
0.135544
0.131419
0.127649
0.124207
0.121071
0.118215
0.115619
0.113261
0.111121
0.10918
0.107422
0.10583
0.104389
0.103088
0.101911
0.10085
0.099892
0.0990289
0.0982516
0.0975522
0.0969233
0.0963584
0.0958514
0.0953967
0.0949893
0.0946246
0.0942985
0.094007
0.0937468
0.0935146
0.0933077
0.0931233
0.0929592
0.0928131
0.0926833
0.0925678
0.0924653
0.0923741
0.0922932
0.0922213
0.0921574
0.0921006
0.0920502
0.0920053
0.0919653
0.0919297
0.0918979
0.0918696
0.0918442
0.0918215
0.0918011
0.0917828
0.0917664
0.0917516
0.0917382
0.0917263
0.0917157
0.0917062
0.0916981
0.0916911
0.0916855
0.0916812
0.0916784
0.961695
0.892188
0.829081
0.771707
0.719472
0.671848
0.628363
0.588597
0.552174
0.518758
0.488049
0.459777
0.433701
0.409605
0.387294
0.366594
0.347348
0.329417
0.312677
0.297017
0.282341
0.268566
0.255619
0.243439
0.231977
0.221191
0.211046
0.201516
0.192577
0.18421
0.176396
0.169117
0.162354
0.156088
0.150298
0.144961
0.140052
0.135548
0.131424
0.127653
0.124211
0.121075
0.118219
0.115623
0.113264
0.111124
0.109183
0.107424
0.105832
0.104392
0.10309
0.101913
0.100851
0.0998935
0.0990302
0.0982528
0.0975532
0.0969242
0.0963592
0.095852
0.0953973
0.0949898
0.094625
0.0942988
0.0940073
0.093747
0.0935148
0.0933077
0.0931233
0.0929591
0.0928131
0.0926832
0.0925677
0.0924651
0.092374
0.092293
0.0922211
0.0921572
0.0921004
0.0920499
0.092005
0.0919651
0.0919294
0.0918977
0.0918693
0.091844
0.0918212
0.0918009
0.0917826
0.0917661
0.0917513
0.091738
0.0917261
0.0917155
0.0917061
0.0916979
0.0916909
0.0916853
0.0916811
0.0916782
0.961695
0.892188
0.829081
0.771707
0.719472
0.671848
0.628363
0.588597
0.552174
0.518758
0.488049
0.459777
0.433701
0.409605
0.387294
0.366594
0.347348
0.329417
0.312677
0.297017
0.282341
0.268566
0.255619
0.243439
0.231977
0.221191
0.211046
0.201516
0.192577
0.18421
0.176396
0.169117
0.162354
0.156088
0.150298
0.144961
0.140052
0.135548
0.131424
0.127653
0.124211
0.121075
0.118219
0.115623
0.113264
0.111124
0.109183
0.107424
0.105832
0.104392
0.103089
0.101913
0.100851
0.0998934
0.0990301
0.0982526
0.0975531
0.0969241
0.096359
0.0958519
0.0953971
0.0949896
0.0946249
0.0942986
0.0940071
0.0937468
0.0935146
0.0933076
0.0931231
0.092959
0.0928129
0.092683
0.0925675
0.092465
0.0923738
0.0922928
0.0922209
0.092157
0.0921003
0.0920498
0.0920049
0.0919649
0.0919293
0.0918976
0.0918692
0.0918438
0.0918211
0.0918008
0.0917825
0.091766
0.0917512
0.0917379
0.091726
0.0917154
0.091706
0.0916978
0.0916908
0.0916852
0.091681
0.0916782
0.961695
0.892188
0.829081
0.771707
0.719472
0.671848
0.628363
0.588597
0.552174
0.518758
0.488049
0.459777
0.433701
0.409605
0.387293
0.366593
0.347347
0.329416
0.312675
0.297015
0.282339
0.268563
0.255616
0.243436
0.231974
0.221187
0.211042
0.201511
0.192572
0.184205
0.176391
0.169112
0.162349
0.156083
0.150293
0.144955
0.140047
0.135543
0.131419
0.127649
0.124207
0.121071
0.118215
0.115619
0.113261
0.111121
0.10918
0.107421
0.105829
0.104389
0.103087
0.101911
0.100849
0.0998916
0.0990285
0.0982512
0.0975517
0.0969229
0.0963579
0.0958509
0.0953962
0.0949888
0.0946241
0.094298
0.0940065
0.0937463
0.0935141
0.0933072
0.0931228
0.0929587
0.0928126
0.0926828
0.0925673
0.0924648
0.0923737
0.0922927
0.0922208
0.092157
0.0921002
0.0920497
0.0920048
0.0919649
0.0919293
0.0918975
0.0918692
0.0918438
0.0918211
0.0918007
0.0917825
0.091766
0.0917512
0.0917379
0.091726
0.0917153
0.0917059
0.0916978
0.0916908
0.0916852
0.0916809
0.0916781
0.961695
0.892188
0.829081
0.771707
0.719472
0.671848
0.628363
0.588597
0.552174
0.518758
0.488048
0.459776
0.4337
0.409603
0.387292
0.366591
0.347344
0.329412
0.312671
0.297011
0.282334
0.268558
0.25561
0.243429
0.231966
0.221178
0.211033
0.201502
0.192563
0.184195
0.17638
0.169101
0.162338
0.156072
0.150282
0.144945
0.140037
0.135534
0.13141
0.127639
0.124199
0.121062
0.118208
0.115612
0.113254
0.111114
0.109174
0.107416
0.105824
0.104384
0.103083
0.101907
0.100846
0.0998883
0.0990255
0.0982484
0.0975492
0.0969206
0.0963559
0.095849
0.0953946
0.0949873
0.0946228
0.0942968
0.0940055
0.0937454
0.0935134
0.0933065
0.0931222
0.0929582
0.0928122
0.0926825
0.0925671
0.0924646
0.0923735
0.0922926
0.0922208
0.0921569
0.0921002
0.0920497
0.0920049
0.0919649
0.0919293
0.0918976
0.0918692
0.0918439
0.0918212
0.0918008
0.0917825
0.0917661
0.0917513
0.091738
0.0917261
0.0917154
0.091706
0.0916978
0.0916909
0.0916852
0.091681
0.0916782
0.961695
0.892188
0.829081
0.771707
0.719472
0.671848
0.628363
0.588597
0.552173
0.518757
0.488047
0.459775
0.433698
0.409601
0.387289
0.366588
0.34734
0.329408
0.312666
0.297004
0.282327
0.268549
0.2556
0.243419
0.231954
0.221166
0.21102
0.201488
0.192548
0.184179
0.176364
0.169085
0.162322
0.156056
0.150266
0.144929
0.140022
0.135519
0.131395
0.127626
0.124186
0.12105
0.118196
0.115601
0.113244
0.111105
0.109165
0.107408
0.105817
0.104377
0.103076
0.101901
0.10084
0.0998833
0.099021
0.0982443
0.0975455
0.0969173
0.0963529
0.0958464
0.0953922
0.0949852
0.094621
0.0942952
0.0940041
0.0937442
0.0935123
0.0933056
0.0931215
0.0929576
0.0928118
0.0926821
0.0925668
0.0924644
0.0923734
0.0922926
0.0922207
0.092157
0.0921003
0.0920498
0.092005
0.0919651
0.0919295
0.0918978
0.0918694
0.0918441
0.0918214
0.091801
0.0917827
0.0917663
0.0917515
0.0917382
0.0917262
0.0917156
0.0917061
0.0916979
0.091691
0.0916853
0.0916811
0.0916783
0.961695
0.892188
0.829081
0.771707
0.719473
0.671848
0.628363
0.588597
0.552173
0.518756
0.488046
0.459773
0.433696
0.409599
0.387286
0.366583
0.347335
0.329402
0.312659
0.296996
0.282317
0.268538
0.255588
0.243405
0.231939
0.221149
0.211002
0.201469
0.192528
0.184159
0.176343
0.169063
0.162301
0.156035
0.150245
0.144909
0.140002
0.135499
0.131377
0.127608
0.124169
0.121034
0.118181
0.115587
0.11323
0.111092
0.109153
0.107397
0.105807
0.104368
0.103068
0.101893
0.100833
0.0998768
0.099015
0.0982389
0.0975407
0.0969129
0.096349
0.0958429
0.0953891
0.0949825
0.0946186
0.0942931
0.0940023
0.0937426
0.093511
0.0933045
0.0931206
0.0929568
0.0928112
0.0926816
0.0925665
0.0924641
0.0923732
0.0922925
0.0922208
0.092157
0.0921004
0.09205
0.0920052
0.0919653
0.0919298
0.091898
0.0918697
0.0918444
0.0918217
0.0918013
0.091783
0.0917665
0.0917517
0.0917384
0.0917265
0.0917158
0.0917063
0.0916981
0.0916912
0.0916855
0.0916813
0.0916785
0.961695
0.892188
0.829081
0.771707
0.719473
0.671849
0.628363
0.588597
0.552173
0.518756
0.488045
0.459771
0.433694
0.409595
0.387282
0.366578
0.347329
0.329394
0.31265
0.296985
0.282305
0.268524
0.255572
0.243388
0.23192
0.221129
0.21098
0.201445
0.192503
0.184133
0.176317
0.169037
0.162274
0.156008
0.150219
0.144883
0.139976
0.135475
0.131353
0.127585
0.124147
0.121014
0.118162
0.115569
0.113213
0.111076
0.109139
0.107383
0.105794
0.104357
0.103057
0.101883
0.100824
0.0998687
0.0990076
0.0982323
0.0975346
0.0969075
0.0963441
0.0958386
0.0953852
0.0949791
0.0946156
0.0942905
0.0940001
0.0937407
0.0935094
0.0933032
0.0931195
0.0929559
0.0928105
0.0926811
0.0925661
0.0924639
0.0923731
0.0922925
0.0922208
0.0921572
0.0921006
0.0920503
0.0920055
0.0919656
0.0919301
0.0918984
0.0918701
0.0918448
0.0918221
0.0918017
0.0917834
0.0917669
0.0917521
0.0917387
0.0917268
0.0917161
0.0917066
0.0916984
0.0916914
0.0916858
0.0916815
0.0916788
0.961695
0.892188
0.829082
0.771708
0.719473
0.671849
0.628363
0.588596
0.552172
0.518755
0.488043
0.459769
0.433691
0.409591
0.387277
0.366572
0.347321
0.329385
0.312639
0.296973
0.28229
0.268508
0.255553
0.243367
0.231897
0.221104
0.210953
0.201417
0.192473
0.184102
0.176285
0.169005
0.162241
0.155976
0.150187
0.144852
0.139946
0.135446
0.131325
0.127559
0.124121
0.120989
0.118139
0.115547
0.113193
0.111058
0.109121
0.107367
0.105779
0.104343
0.103044
0.101872
0.100813
0.0998589
0.0989988
0.0982243
0.0975274
0.096901
0.0963383
0.0958334
0.0953807
0.0949751
0.0946121
0.0942875
0.0939974
0.0937385
0.0935075
0.0933016
0.0931182
0.0929549
0.0928096
0.0926805
0.0925657
0.0924636
0.092373
0.0922925
0.0922209
0.0921574
0.0921008
0.0920506
0.0920059
0.0919661
0.0919306
0.0918989
0.0918706
0.0918452
0.0918225
0.0918022
0.0917838
0.0917673
0.0917525
0.0917391
0.0917272
0.0917164
0.091707
0.0916987
0.0916917
0.0916861
0.0916818
0.0916791
0.961695
0.892189
0.829082
0.771708
0.719473
0.671849
0.628363
0.588596
0.552171
0.518753
0.488042
0.459767
0.433687
0.409587
0.387271
0.366565
0.347312
0.329374
0.312626
0.296958
0.282273
0.268488
0.255531
0.243342
0.23187
0.221075
0.210922
0.201384
0.192439
0.184066
0.176248
0.168967
0.162204
0.155938
0.15015
0.144815
0.139911
0.135411
0.131292
0.127527
0.124092
0.120961
0.118112
0.115522
0.11317
0.111036
0.109101
0.107348
0.105762
0.104327
0.10303
0.101858
0.100801
0.0998477
0.0989885
0.098215
0.0975191
0.0968935
0.0963316
0.0958274
0.0953754
0.0949704
0.094608
0.0942839
0.0939944
0.0937359
0.0935053
0.0932997
0.0931167
0.0929537
0.0928087
0.0926798
0.0925652
0.0924633
0.0923729
0.0922925
0.092221
0.0921576
0.0921012
0.092051
0.0920063
0.0919665
0.0919311
0.0918994
0.0918711
0.0918458
0.0918231
0.0918027
0.0917844
0.0917679
0.091753
0.0917396
0.0917276
0.0917169
0.0917074
0.0916991
0.0916921
0.0916864
0.0916822
0.0916795
0.961695
0.892189
0.829082
0.771708
0.719474
0.671849
0.628363
0.588596
0.55217
0.518752
0.488039
0.459764
0.433683
0.409581
0.387264
0.366556
0.347302
0.329362
0.312612
0.296941
0.282254
0.268466
0.255506
0.243314
0.23184
0.221041
0.210886
0.201346
0.192399
0.184025
0.176206
0.168924
0.162161
0.155895
0.150107
0.144774
0.13987
0.135372
0.131255
0.127491
0.124058
0.120929
0.118082
0.115493
0.113143
0.111011
0.109078
0.107327
0.105742
0.104308
0.103013
0.101843
0.100787
0.0998348
0.0989769
0.0982045
0.0975096
0.096885
0.096324
0.0958207
0.0953694
0.0949652
0.0946034
0.0942799
0.0939909
0.0937329
0.0935028
0.0932977
0.093115
0.0929523
0.0928076
0.092679
0.0925646
0.092463
0.0923727
0.0922925
0.0922212
0.0921578
0.0921015
0.0920514
0.0920068
0.0919671
0.0919317
0.0919
0.0918718
0.0918464
0.0918237
0.0918033
0.091785
0.0917685
0.0917536
0.0917402
0.0917281
0.0917174
0.0917078
0.0916995
0.0916925
0.0916868
0.0916826
0.0916799
0.961695
0.892189
0.829083
0.771709
0.719474
0.671849
0.628363
0.588595
0.55217
0.51875
0.488037
0.45976
0.433679
0.409575
0.387256
0.366547
0.34729
0.329348
0.312595
0.296922
0.282231
0.268441
0.255478
0.243283
0.231805
0.221004
0.210846
0.201303
0.192354
0.183979
0.176159
0.168876
0.162112
0.155847
0.15006
0.144727
0.139825
0.135329
0.131212
0.127451
0.124019
0.120893
0.118047
0.115461
0.113113
0.110983
0.109052
0.107302
0.105719
0.104288
0.102994
0.101826
0.100771
0.0998204
0.0989638
0.0981927
0.0974989
0.0968754
0.0963155
0.0958131
0.0953627
0.0949592
0.0945982
0.0942754
0.093987
0.0937296
0.0935
0.0932953
0.0931131
0.0929508
0.0928065
0.0926781
0.092564
0.0924626
0.0923725
0.0922925
0.0922214
0.0921581
0.0921019
0.0920519
0.0920074
0.0919677
0.0919323
0.0919007
0.0918725
0.0918471
0.0918244
0.091804
0.0917857
0.0917691
0.0917542
0.0917408
0.0917287
0.0917179
0.0917084
0.0917
0.091693
0.0916873
0.091683
0.0916803
0.961696
0.892189
0.829083
0.771709
0.719474
0.67185
0.628363
0.588595
0.552169
0.518749
0.488034
0.459756
0.433673
0.409569
0.387248
0.366536
0.347278
0.329333
0.312577
0.2969
0.282207
0.268413
0.255447
0.243248
0.231767
0.220962
0.210801
0.201256
0.192304
0.183927
0.176106
0.168822
0.162058
0.155794
0.150007
0.144675
0.139775
0.13528
0.131166
0.127406
0.123977
0.120852
0.11801
0.115426
0.11308
0.110952
0.109023
0.107276
0.105695
0.104265
0.102973
0.101806
0.100754
0.0998045
0.0989494
0.0981796
0.0974872
0.0968649
0.096306
0.0958047
0.0953552
0.0949527
0.0945925
0.0942705
0.0939828
0.093726
0.0934969
0.0932928
0.093111
0.0929491
0.0928052
0.0926772
0.0925634
0.0924622
0.0923724
0.0922925
0.0922216
0.0921585
0.0921024
0.0920525
0.092008
0.0919684
0.0919331
0.0919015
0.0918732
0.0918479
0.0918252
0.0918048
0.0917864
0.0917698
0.0917549
0.0917414
0.0917293
0.0917185
0.0917089
0.0917006
0.0916935
0.0916878
0.0916835
0.0916808
0.961696
0.89219
0.829083
0.77171
0.719475
0.67185
0.628363
0.588594
0.552168
0.518747
0.488031
0.459752
0.433668
0.409561
0.387238
0.366524
0.347263
0.329315
0.312557
0.296877
0.28218
0.268382
0.255412
0.243209
0.231724
0.220916
0.210751
0.201203
0.19225
0.18387
0.176048
0.168763
0.161999
0.155735
0.149949
0.144618
0.139719
0.135227
0.131114
0.127357
0.12393
0.120808
0.117968
0.115387
0.113043
0.110918
0.108991
0.107246
0.105668
0.10424
0.10295
0.101785
0.100735
0.0997871
0.0989336
0.0981653
0.0974743
0.0968533
0.0962957
0.0957955
0.0953471
0.0949456
0.0945863
0.094265
0.0939781
0.093722
0.0934936
0.09329
0.0931087
0.0929473
0.0928038
0.0926761
0.0925626
0.0924618
0.0923722
0.0922925
0.0922217
0.0921588
0.0921029
0.092053
0.0920087
0.0919691
0.0919338
0.0919023
0.0918741
0.0918488
0.091826
0.0918056
0.0917872
0.0917706
0.0917556
0.0917421
0.09173
0.0917191
0.0917095
0.0917012
0.0916941
0.0916883
0.0916841
0.0916813
0.961696
0.89219
0.829084
0.77171
0.719475
0.67185
0.628363
0.588594
0.552166
0.518745
0.488028
0.459748
0.433662
0.409553
0.387228
0.366512
0.347248
0.329297
0.312534
0.296851
0.28215
0.268348
0.255374
0.243167
0.231678
0.220866
0.210697
0.201146
0.19219
0.183808
0.175984
0.168699
0.161935
0.15567
0.149885
0.144556
0.139659
0.135168
0.131059
0.127304
0.12388
0.120761
0.117923
0.115345
0.113004
0.110881
0.108957
0.107215
0.105638
0.104213
0.102925
0.101763
0.100714
0.0997682
0.0989165
0.0981498
0.0974604
0.0968408
0.0962845
0.0957856
0.0953383
0.0949378
0.0945795
0.0942591
0.093973
0.0937176
0.0934899
0.0932869
0.0931062
0.0929453
0.0928022
0.0926749
0.0925618
0.0924613
0.0923719
0.0922925
0.0922219
0.0921592
0.0921034
0.0920537
0.0920094
0.0919699
0.0919347
0.0919032
0.0918749
0.0918496
0.0918269
0.0918065
0.0917881
0.0917714
0.0917564
0.0917429
0.0917307
0.0917198
0.0917102
0.0917018
0.0916946
0.0916889
0.0916846
0.0916819
0.961696
0.89219
0.829084
0.771711
0.719476
0.671851
0.628363
0.588593
0.552165
0.518742
0.488025
0.459743
0.433655
0.409544
0.387217
0.366498
0.347231
0.329276
0.31251
0.296823
0.282118
0.268311
0.255332
0.243121
0.231627
0.220811
0.210639
0.201084
0.192125
0.183741
0.175915
0.168629
0.161865
0.155601
0.149817
0.144489
0.139594
0.135106
0.130998
0.127247
0.123825
0.120709
0.117874
0.115299
0.112961
0.110841
0.10892
0.10718
0.105607
0.104184
0.102899
0.101738
0.100691
0.0997479
0.098898
0.0981331
0.0974453
0.0968273
0.0962725
0.0957748
0.0953288
0.0949295
0.0945722
0.0942528
0.0939675
0.093713
0.093486
0.0932837
0.0931035
0.0929432
0.0928005
0.0926737
0.0925609
0.0924607
0.0923716
0.0922925
0.0922221
0.0921595
0.0921039
0.0920543
0.0920101
0.0919707
0.0919355
0.0919041
0.0918759
0.0918506
0.0918278
0.0918074
0.0917889
0.0917723
0.0917572
0.0917437
0.0917314
0.0917205
0.0917108
0.0917024
0.0916952
0.0916895
0.0916852
0.0916824
0.961696
0.892191
0.829085
0.771711
0.719476
0.671851
0.628363
0.588593
0.552164
0.51874
0.488021
0.459737
0.433647
0.409535
0.387205
0.366483
0.347212
0.329254
0.312484
0.296792
0.282083
0.268271
0.255288
0.243071
0.231573
0.220752
0.210576
0.201017
0.192055
0.183669
0.175841
0.168554
0.161789
0.155526
0.149743
0.144417
0.139524
0.135038
0.130934
0.127185
0.123766
0.120653
0.117822
0.11525
0.112915
0.110798
0.10888
0.107144
0.105573
0.104153
0.10287
0.101712
0.100667
0.0997261
0.0988783
0.0981153
0.0974292
0.0968129
0.0962596
0.0957634
0.0953187
0.0949205
0.0945643
0.094246
0.0939617
0.093708
0.0934817
0.0932801
0.0931006
0.0929408
0.0927987
0.0926723
0.0925599
0.0924601
0.0923713
0.0922924
0.0922223
0.0921599
0.0921044
0.0920549
0.0920109
0.0919716
0.0919364
0.091905
0.0918768
0.0918515
0.0918288
0.0918083
0.0917898
0.0917732
0.0917581
0.0917445
0.0917322
0.0917212
0.0917115
0.091703
0.0916958
0.09169
0.0916857
0.091683
0.961696
0.892191
0.829086
0.771712
0.719477
0.671851
0.628363
0.588592
0.552162
0.518737
0.488017
0.459731
0.43364
0.409524
0.387191
0.366466
0.347193
0.329231
0.312456
0.29676
0.282045
0.268229
0.25524
0.243018
0.231515
0.220689
0.210508
0.200946
0.19198
0.183591
0.175762
0.168474
0.161709
0.155446
0.149665
0.14434
0.139449
0.134966
0.130865
0.127119
0.123704
0.120594
0.117767
0.115198
0.112867
0.110753
0.108838
0.107105
0.105537
0.104119
0.102839
0.101684
0.100642
0.0997029
0.0988572
0.0980963
0.0974121
0.0967975
0.0962459
0.0957511
0.0953078
0.094911
0.094556
0.0942387
0.0939554
0.0937026
0.0934772
0.0932763
0.0930975
0.0929383
0.0927967
0.0926708
0.0925589
0.0924594
0.092371
0.0922923
0.0922224
0.0921603
0.0921049
0.0920556
0.0920116
0.0919724
0.0919373
0.0919059
0.0918778
0.0918525
0.0918298
0.0918093
0.0917908
0.0917741
0.0917589
0.0917453
0.091733
0.0917219
0.0917122
0.0917037
0.0916964
0.0916906
0.0916863
0.0916835
0.961696
0.892192
0.829086
0.771713
0.719478
0.671852
0.628363
0.588591
0.55216
0.518734
0.488012
0.459725
0.433631
0.409513
0.387177
0.366449
0.347171
0.329205
0.312426
0.296725
0.282005
0.268183
0.255188
0.242961
0.231452
0.220621
0.210436
0.200869
0.1919
0.183509
0.175678
0.168389
0.161623
0.155361
0.149581
0.144259
0.13937
0.134889
0.130791
0.127049
0.123637
0.120532
0.117707
0.115142
0.112815
0.110705
0.108793
0.107063
0.105498
0.104084
0.102807
0.101654
0.100615
0.0996784
0.098835
0.0980762
0.097394
0.0967812
0.0962313
0.0957382
0.0952964
0.0949009
0.0945472
0.094231
0.0939488
0.0936969
0.0934724
0.0932723
0.0930942
0.0929356
0.0927946
0.0926692
0.0925577
0.0924586
0.0923705
0.0922922
0.0922225
0.0921606
0.0921054
0.0920562
0.0920124
0.0919732
0.0919382
0.0919069
0.0918788
0.0918535
0.0918308
0.0918102
0.0917917
0.091775
0.0917598
0.0917461
0.0917337
0.0917227
0.0917128
0.0917043
0.091697
0.0916912
0.0916868
0.0916841
0.961697
0.892192
0.829087
0.771714
0.719478
0.671852
0.628363
0.588591
0.552159
0.518731
0.488008
0.459718
0.433622
0.409501
0.387162
0.36643
0.347149
0.329178
0.312394
0.296687
0.281962
0.268134
0.255134
0.242901
0.231386
0.220549
0.210359
0.200788
0.191815
0.183421
0.175588
0.168298
0.161532
0.155271
0.149492
0.144172
0.139286
0.134808
0.130714
0.126975
0.123567
0.120465
0.117645
0.115084
0.11276
0.110654
0.108746
0.10702
0.105458
0.104047
0.102773
0.101623
0.100587
0.0996525
0.0988115
0.0980549
0.0973749
0.0967641
0.096216
0.0957246
0.0952843
0.0948902
0.0945378
0.0942229
0.0939417
0.0936909
0.0934673
0.093268
0.0930906
0.0929327
0.0927923
0.0926674
0.0925564
0.0924577
0.09237
0.092292
0.0922226
0.0921609
0.0921059
0.0920569
0.0920131
0.0919741
0.0919391
0.0919078
0.0918798
0.0918545
0.0918317
0.0918112
0.0917926
0.0917758
0.0917606
0.0917469
0.0917345
0.0917234
0.0917135
0.0917049
0.0916976
0.0916917
0.0916873
0.0916846
0.961697
0.892193
0.829088
0.771715
0.719479
0.671853
0.628363
0.58859
0.552157
0.518728
0.488002
0.459711
0.433612
0.409489
0.387146
0.36641
0.347124
0.329149
0.31236
0.296648
0.281916
0.268082
0.255076
0.242836
0.231315
0.220473
0.210277
0.200702
0.191725
0.183328
0.175493
0.168202
0.161436
0.155176
0.149398
0.14408
0.139197
0.134723
0.130632
0.126897
0.123493
0.120396
0.117579
0.115022
0.112703
0.1106
0.108696
0.106974
0.105416
0.104008
0.102737
0.101591
0.100557
0.0996253
0.0987869
0.0980327
0.0973548
0.0967461
0.0961999
0.0957102
0.0952716
0.094879
0.094528
0.0942143
0.0939343
0.0936845
0.0934619
0.0932635
0.0930869
0.0929297
0.0927899
0.0926656
0.092555
0.0924568
0.0923694
0.0922917
0.0922226
0.0921611
0.0921063
0.0920575
0.0920139
0.0919749
0.09194
0.0919088
0.0918807
0.0918555
0.0918327
0.0918122
0.0917936
0.0917767
0.0917615
0.0917477
0.0917352
0.091724
0.0917141
0.0917055
0.0916981
0.0916922
0.0916878
0.0916851
0.961697
0.892193
0.829088
0.771715
0.71948
0.671853
0.628363
0.588589
0.552155
0.518724
0.487997
0.459703
0.433602
0.409475
0.387129
0.366389
0.347099
0.329118
0.312324
0.296606
0.281868
0.268028
0.255014
0.242768
0.231241
0.220392
0.210191
0.200611
0.19163
0.18323
0.175393
0.168101
0.161335
0.155076
0.1493
0.143984
0.139104
0.134633
0.130546
0.126815
0.123416
0.120322
0.117511
0.114958
0.112643
0.110544
0.108645
0.106926
0.105371
0.103967
0.1027
0.101556
0.100525
0.0995969
0.0987611
0.0980094
0.0973338
0.0967272
0.096183
0.0956952
0.0952583
0.0948673
0.0945177
0.0942054
0.0939266
0.0936779
0.0934562
0.0932587
0.0930829
0.0929264
0.0927873
0.0926635
0.0925535
0.0924557
0.0923687
0.0922914
0.0922226
0.0921613
0.0921067
0.092058
0.0920146
0.0919757
0.0919409
0.0919097
0.0918817
0.0918564
0.0918336
0.0918131
0.0917944
0.0917776
0.0917623
0.0917484
0.0917359
0.0917247
0.0917147
0.091706
0.0916986
0.0916927
0.0916883
0.0916855
0.961697
0.892194
0.829089
0.771716
0.719481
0.671854
0.628363
0.588588
0.552152
0.51872
0.487991
0.459695
0.433591
0.409461
0.387111
0.366367
0.347072
0.329086
0.312286
0.296561
0.281817
0.26797
0.254949
0.242696
0.231162
0.220307
0.2101
0.200515
0.19153
0.183127
0.175288
0.167995
0.161229
0.15497
0.149196
0.143883
0.139006
0.134539
0.130456
0.12673
0.123335
0.120246
0.117439
0.114891
0.11258
0.110486
0.10859
0.106876
0.105325
0.103925
0.102661
0.101521
0.100493
0.0995673
0.0987342
0.0979851
0.097312
0.0967076
0.0961655
0.0956796
0.0952444
0.094855
0.0945069
0.094196
0.0939184
0.0936708
0.0934502
0.0932536
0.0930787
0.092923
0.0927845
0.0926614
0.0925519
0.0924545
0.092368
0.092291
0.0922224
0.0921614
0.092107
0.0920585
0.0920152
0.0919764
0.0919417
0.0919106
0.0918826
0.0918573
0.0918345
0.0918139
0.0917953
0.0917784
0.091763
0.0917491
0.0917365
0.0917253
0.0917152
0.0917065
0.0916991
0.0916931
0.0916886
0.0916859
0.961697
0.892194
0.82909
0.771717
0.719482
0.671854
0.628363
0.588587
0.55215
0.518716
0.487985
0.459687
0.433579
0.409446
0.387092
0.366343
0.347043
0.329052
0.312245
0.296514
0.281763
0.267909
0.254881
0.242621
0.231079
0.220218
0.210005
0.200414
0.191425
0.183019
0.175178
0.167884
0.161118
0.154861
0.149089
0.143778
0.138905
0.134442
0.130362
0.126641
0.123251
0.120166
0.117364
0.114821
0.112515
0.110425
0.108534
0.106823
0.105277
0.103881
0.10262
0.101484
0.100459
0.0995365
0.0987064
0.0979599
0.0972892
0.0966872
0.0961472
0.0956633
0.09523
0.0948423
0.0944957
0.0941862
0.0939099
0.0936635
0.0934439
0.0932484
0.0930743
0.0929193
0.0927815
0.092659
0.0925501
0.0924532
0.0923671
0.0922904
0.0922222
0.0921615
0.0921073
0.092059
0.0920158
0.0919771
0.0919425
0.0919114
0.0918834
0.0918582
0.0918354
0.0918148
0.0917961
0.0917791
0.0917637
0.0917498
0.0917371
0.0917258
0.0917157
0.0917069
0.0916995
0.0916934
0.091689
0.0916862
0.961698
0.892195
0.829091
0.771718
0.719483
0.671855
0.628363
0.588586
0.552148
0.518712
0.487979
0.459677
0.433567
0.40943
0.387072
0.366318
0.347013
0.329015
0.312203
0.296465
0.281706
0.267845
0.254809
0.242541
0.230993
0.220125
0.209905
0.200309
0.191316
0.182906
0.175063
0.167768
0.161002
0.154746
0.148976
0.143669
0.138799
0.13434
0.130265
0.126548
0.123163
0.120084
0.117287
0.114748
0.112447
0.110362
0.108476
0.106769
0.105228
0.103835
0.102578
0.101445
0.100424
0.0995047
0.0986775
0.0979338
0.0972657
0.096666
0.0961283
0.0956464
0.095215
0.094829
0.0944841
0.094176
0.0939011
0.0936559
0.0934374
0.0932428
0.0930696
0.0929155
0.0927784
0.0926565
0.0925481
0.0924518
0.0923661
0.0922898
0.0922219
0.0921614
0.0921075
0.0920593
0.0920163
0.0919777
0.0919432
0.0919121
0.0918842
0.091859
0.0918362
0.0918155
0.0917968
0.0917798
0.0917643
0.0917503
0.0917376
0.0917262
0.0917161
0.0917073
0.0916998
0.0916937
0.0916892
0.0916864
0.961698
0.892196
0.829092
0.771719
0.719484
0.671855
0.628363
0.588584
0.552145
0.518708
0.487972
0.459668
0.433554
0.409413
0.38705
0.366292
0.346981
0.328977
0.312158
0.296413
0.281647
0.267777
0.254734
0.242458
0.230902
0.220027
0.209801
0.2002
0.191202
0.182789
0.174943
0.167647
0.160882
0.154627
0.148859
0.143555
0.138689
0.134234
0.130164
0.126452
0.123072
0.119998
0.117206
0.114673
0.112377
0.110297
0.108415
0.106714
0.105176
0.103788
0.102535
0.101406
0.100388
0.0994718
0.0986477
0.0979068
0.0972414
0.0966442
0.0961087
0.095629
0.0951995
0.0948153
0.094472
0.0941654
0.0938919
0.093648
0.0934306
0.093237
0.0930647
0.0929114
0.0927751
0.0926539
0.0925461
0.0924502
0.0923649
0.092289
0.0922215
0.0921613
0.0921075
0.0920596
0.0920167
0.0919783
0.0919438
0.0919128
0.0918849
0.0918597
0.0918369
0.0918162
0.0917975
0.0917804
0.0917649
0.0917508
0.0917381
0.0917266
0.0917164
0.0917075
0.0917
0.0916939
0.0916894
0.0916866
0.961698
0.892196
0.829093
0.771721
0.719485
0.671856
0.628362
0.588583
0.552142
0.518703
0.487964
0.459657
0.43354
0.409395
0.387028
0.366264
0.346947
0.328938
0.312111
0.296359
0.281585
0.267707
0.254656
0.242372
0.230808
0.219925
0.209692
0.200085
0.191083
0.182666
0.174819
0.167522
0.160757
0.154504
0.148738
0.143438
0.138575
0.134125
0.13006
0.126353
0.122979
0.11991
0.117124
0.114596
0.112305
0.11023
0.108353
0.106656
0.105123
0.103739
0.10249
0.101365
0.100351
0.099438
0.098617
0.097879
0.0972164
0.0966217
0.0960886
0.095611
0.0951835
0.0948012
0.0944596
0.0941545
0.0938824
0.0936397
0.0934235
0.093231
0.0930596
0.0929072
0.0927716
0.092651
0.0925438
0.0924485
0.0923636
0.0922881
0.0922209
0.092161
0.0921075
0.0920597
0.092017
0.0919787
0.0919443
0.0919134
0.0918855
0.0918603
0.0918375
0.0918168
0.091798
0.0917809
0.0917653
0.0917512
0.0917384
0.0917269
0.0917166
0.0917077
0.0917001
0.091694
0.0916894
0.0916866
0.961698
0.892197
0.829094
0.771722
0.719486
0.671856
0.628362
0.588582
0.552139
0.518698
0.487957
0.459647
0.433525
0.409376
0.387004
0.366235
0.346912
0.328896
0.312062
0.296302
0.28152
0.267634
0.254574
0.242282
0.230709
0.219819
0.20958
0.199967
0.19096
0.18254
0.17469
0.167393
0.160628
0.154376
0.148614
0.143316
0.138458
0.134013
0.129953
0.126251
0.122882
0.119819
0.117039
0.114516
0.112231
0.110161
0.10829
0.106597
0.105069
0.103689
0.102445
0.101323
0.100313
0.0994033
0.0985855
0.0978506
0.0971907
0.0965986
0.0960679
0.0955925
0.0951671
0.0947866
0.0944467
0.0941433
0.0938725
0.0936312
0.0934162
0.0932247
0.0930543
0.0929027
0.0927679
0.092648
0.0925414
0.0924466
0.0923622
0.0922871
0.0922202
0.0921606
0.0921073
0.0920598
0.0920172
0.091979
0.0919447
0.0919138
0.091886
0.0918608
0.091838
0.0918173
0.0917984
0.0917813
0.0917657
0.0917515
0.0917386
0.091727
0.0917167
0.0917077
0.0917001
0.0916939
0.0916894
0.0916865
0.961699
0.892198
0.829095
0.771723
0.719487
0.671857
0.628362
0.58858
0.552136
0.518692
0.487948
0.459635
0.43351
0.409357
0.38698
0.366205
0.346875
0.328852
0.312011
0.296243
0.281453
0.267558
0.254489
0.242188
0.230607
0.219709
0.209463
0.199844
0.190832
0.182409
0.174557
0.167259
0.160495
0.154245
0.148485
0.143191
0.138337
0.133897
0.129842
0.126147
0.122783
0.119726
0.116951
0.114435
0.112155
0.110091
0.108224
0.106537
0.105013
0.103638
0.102398
0.10128
0.100274
0.0993678
0.0985533
0.0978214
0.0971644
0.096575
0.0960467
0.0955736
0.0951502
0.0947717
0.0944335
0.0941317
0.0938624
0.0936224
0.0934086
0.0932182
0.0930488
0.0928981
0.092764
0.0926448
0.0925388
0.0924445
0.0923606
0.0922859
0.0922194
0.09216
0.092107
0.0920597
0.0920172
0.0919792
0.091945
0.0919142
0.0918863
0.0918612
0.0918384
0.0918176
0.0917988
0.0917816
0.0917659
0.0917517
0.0917387
0.0917271
0.0917167
0.0917077
0.0917
0.0916938
0.0916892
0.0916863
0.961699
0.892199
0.829096
0.771724
0.719488
0.671857
0.628361
0.588578
0.552132
0.518686
0.48794
0.459623
0.433494
0.409336
0.386954
0.366173
0.346837
0.328807
0.311958
0.296182
0.281383
0.267479
0.254401
0.242091
0.230502
0.219596
0.209342
0.199717
0.190701
0.182274
0.17442
0.167121
0.160358
0.15411
0.148353
0.143063
0.138214
0.133778
0.129729
0.12604
0.122682
0.119631
0.116862
0.114351
0.112077
0.110019
0.108158
0.106476
0.104957
0.103586
0.10235
0.101237
0.100234
0.0993315
0.0985204
0.0977916
0.0971375
0.0965508
0.096025
0.0955542
0.0951329
0.0947564
0.09442
0.0941198
0.093852
0.0936133
0.0934007
0.0932114
0.093043
0.0928932
0.0927599
0.0926414
0.092536
0.0924423
0.0923589
0.0922846
0.0922184
0.0921593
0.0921066
0.0920594
0.0920172
0.0919792
0.0919451
0.0919144
0.0918866
0.0918614
0.0918386
0.0918179
0.091799
0.0917817
0.091766
0.0917517
0.0917387
0.091727
0.0917166
0.0917074
0.0916997
0.0916935
0.0916889
0.091686
0.961699
0.8922
0.829098
0.771726
0.719489
0.671858
0.628361
0.588576
0.552128
0.51868
0.48793
0.45961
0.433477
0.409314
0.386927
0.36614
0.346797
0.328759
0.311903
0.296118
0.28131
0.267397
0.25431
0.241991
0.230393
0.219479
0.209218
0.199587
0.190565
0.182135
0.17428
0.16698
0.160218
0.153971
0.148218
0.142932
0.138087
0.133657
0.129614
0.12593
0.122579
0.119534
0.116771
0.114267
0.111998
0.109946
0.10809
0.106413
0.104899
0.103533
0.102302
0.101192
0.100193
0.0992947
0.0984869
0.0977614
0.0971102
0.0965262
0.0960029
0.0955344
0.0951153
0.0947407
0.0944062
0.0941076
0.0938413
0.093604
0.0933926
0.0932045
0.093037
0.0928881
0.0927556
0.0926379
0.0925331
0.0924399
0.0923569
0.0922831
0.0922172
0.0921585
0.092106
0.092059
0.0920169
0.0919791
0.0919451
0.0919144
0.0918867
0.0918615
0.0918387
0.0918179
0.091799
0.0917817
0.0917659
0.0917516
0.0917385
0.0917267
0.0917163
0.0917071
0.0916993
0.091693
0.0916884
0.0916855
0.9617
0.8922
0.829099
0.771727
0.71949
0.671858
0.62836
0.588574
0.552124
0.518673
0.487921
0.459597
0.433459
0.409291
0.386898
0.366105
0.346756
0.32871
0.311845
0.296052
0.281235
0.267312
0.254216
0.241887
0.230281
0.219358
0.20909
0.199453
0.190427
0.181993
0.174136
0.166836
0.160074
0.15383
0.14808
0.142798
0.137959
0.133534
0.129497
0.125819
0.122474
0.119435
0.116679
0.11418
0.111918
0.109871
0.108021
0.106349
0.10484
0.103479
0.102252
0.101147
0.100152
0.0992573
0.098453
0.0977306
0.0970824
0.0965012
0.0959805
0.0955144
0.0950974
0.0947248
0.0943921
0.0940951
0.0938304
0.0935944
0.0933843
0.0931973
0.0930308
0.0928828
0.0927512
0.0926341
0.0925299
0.0924373
0.0923548
0.0922814
0.0922159
0.0921574
0.0921052
0.0920584
0.0920165
0.0919788
0.0919449
0.0919143
0.0918866
0.0918615
0.0918386
0.0918178
0.0917989
0.0917815
0.0917657
0.0917513
0.0917382
0.0917263
0.0917158
0.0917066
0.0916988
0.0916925
0.0916878
0.0916849
0.9617
0.892201
0.8291
0.771728
0.719491
0.671859
0.62836
0.588572
0.552119
0.518666
0.48791
0.459582
0.43344
0.409267
0.386868
0.366069
0.346712
0.328659
0.311786
0.295984
0.281157
0.267225
0.254119
0.241781
0.230165
0.219235
0.208959
0.199316
0.190285
0.181848
0.173989
0.166688
0.159928
0.153686
0.147939
0.142662
0.137828
0.133409
0.129377
0.125706
0.122367
0.119335
0.116585
0.114093
0.111837
0.109796
0.107951
0.106285
0.104781
0.103425
0.102202
0.101101
0.100111
0.0992194
0.0984186
0.0976995
0.0970543
0.0964759
0.0959578
0.095494
0.0950793
0.0947086
0.0943777
0.0940825
0.0938192
0.0935846
0.0933758
0.0931899
0.0930244
0.0928773
0.0927465
0.0926301
0.0925266
0.0924345
0.0923525
0.0922795
0.0922144
0.0921562
0.0921042
0.0920577
0.0920159
0.0919784
0.0919445
0.091914
0.0918863
0.0918612
0.0918384
0.0918176
0.0917986
0.0917812
0.0917653
0.0917508
0.0917377
0.0917258
0.0917152
0.0917059
0.0916981
0.0916917
0.091687
0.0916842
0.9617
0.892202
0.829101
0.77173
0.719492
0.671859
0.628359
0.588569
0.552115
0.518658
0.487899
0.459567
0.433421
0.409242
0.386838
0.366031
0.346668
0.328607
0.311725
0.295913
0.281077
0.267136
0.25402
0.241672
0.230047
0.219108
0.208826
0.199176
0.19014
0.1817
0.173839
0.166539
0.15978
0.15354
0.147797
0.142524
0.137695
0.133282
0.129257
0.125592
0.12226
0.119234
0.116491
0.114005
0.111755
0.10972
0.107881
0.10622
0.104721
0.10337
0.102152
0.101056
0.100069
0.0991813
0.098384
0.0976682
0.097026
0.0964504
0.0959348
0.0954734
0.0950609
0.0946923
0.0943632
0.0940696
0.0938078
0.0935747
0.093367
0.0931822
0.0930178
0.0928716
0.0927416
0.0926259
0.0925231
0.0924315
0.09235
0.0922774
0.0922126
0.0921548
0.092103
0.0920567
0.0920151
0.0919777
0.091944
0.0919135
0.0918859
0.0918608
0.091838
0.0918171
0.0917981
0.0917807
0.0917648
0.0917502
0.091737
0.091725
0.0917144
0.0917051
0.0916972
0.0916908
0.0916861
0.0916832
0.961701
0.892203
0.829103
0.771731
0.719493
0.671859
0.628357
0.588566
0.552109
0.51865
0.487887
0.459551
0.4334
0.409216
0.386805
0.365992
0.346621
0.328552
0.311662
0.295841
0.280996
0.267044
0.253918
0.241561
0.229927
0.21898
0.20869
0.199034
0.189994
0.18155
0.173687
0.166387
0.159629
0.153392
0.147653
0.142385
0.137561
0.133154
0.129135
0.125477
0.122151
0.119133
0.116396
0.113916
0.111672
0.109643
0.10781
0.106155
0.104662
0.103315
0.102102
0.101009
0.100027
0.099143
0.0983492
0.0976367
0.0969975
0.0964247
0.0959117
0.0954527
0.0950423
0.0946757
0.0943484
0.0940565
0.0937963
0.0935645
0.0933581
0.0931745
0.0930111
0.0928657
0.0927365
0.0926216
0.0925193
0.0924283
0.0923473
0.0922751
0.0922107
0.0921532
0.0921017
0.0920555
0.0920141
0.0919768
0.0919432
0.0919128
0.0918852
0.0918602
0.0918373
0.0918165
0.0917974
0.09178
0.091764
0.0917494
0.0917361
0.0917241
0.0917134
0.0917041
0.0916961
0.0916897
0.091685
0.0916821
0.961701
0.892204
0.829104
0.771732
0.719494
0.671859
0.628356
0.588563
0.552103
0.518641
0.487875
0.459534
0.433378
0.409189
0.386772
0.365952
0.346573
0.328496
0.311597
0.295767
0.280912
0.266951
0.253815
0.241448
0.229805
0.218849
0.208552
0.19889
0.189845
0.181399
0.173534
0.166234
0.159478
0.153244
0.147508
0.142244
0.137426
0.133025
0.129013
0.125361
0.122043
0.119031
0.1163
0.113827
0.11159
0.109567
0.10774
0.10609
0.104602
0.10326
0.102051
0.100963
0.0999845
0.0991047
0.0983144
0.0976051
0.096969
0.0963989
0.0958885
0.0954319
0.0950237
0.094659
0.0943336
0.0940433
0.0937846
0.0935542
0.093349
0.0931665
0.0930041
0.0928597
0.0927312
0.092617
0.0925154
0.092425
0.0923444
0.0922726
0.0922086
0.0921513
0.0921001
0.0920542
0.0920129
0.0919757
0.0919422
0.0919119
0.0918844
0.0918593
0.0918365
0.0918156
0.0917966
0.0917791
0.0917631
0.0917484
0.0917351
0.091723
0.0917123
0.0917029
0.0916949
0.0916885
0.0916837
0.0916808
0.961702
0.892205
0.829105
0.771733
0.719495
0.671859
0.628354
0.588559
0.552097
0.518631
0.487861
0.459517
0.433355
0.409161
0.386737
0.365911
0.346524
0.328439
0.311531
0.295692
0.280827
0.266856
0.253711
0.241334
0.229682
0.218718
0.208413
0.198745
0.189695
0.181246
0.17338
0.16608
0.159325
0.153094
0.147362
0.142104
0.137291
0.132896
0.128891
0.125246
0.121934
0.118929
0.116205
0.113739
0.111508
0.109491
0.107669
0.106025
0.104542
0.103205
0.102001
0.100917
0.0999426
0.0990665
0.0982797
0.0975736
0.0969405
0.0963732
0.0958653
0.095411
0.095005
0.0946423
0.0943187
0.0940301
0.0937729
0.0935438
0.0933398
0.0931584
0.092997
0.0928534
0.0927258
0.0926123
0.0925113
0.0924214
0.0923413
0.0922699
0.0922062
0.0921493
0.0920983
0.0920526
0.0920115
0.0919744
0.091941
0.0919108
0.0918833
0.0918583
0.0918355
0.0918146
0.0917955
0.091778
0.0917619
0.0917472
0.0917338
0.0917217
0.0917109
0.0917015
0.0916935
0.091687
0.0916823
0.0916794
0.961702
0.892206
0.829107
0.771735
0.719495
0.671858
0.628352
0.588555
0.55209
0.518621
0.487847
0.459498
0.433331
0.409131
0.386701
0.365868
0.346474
0.328381
0.311464
0.295616
0.280742
0.266761
0.253605
0.241219
0.229558
0.218585
0.208273
0.1986
0.189545
0.181093
0.173226
0.165926
0.159173
0.152945
0.147217
0.141964
0.137157
0.132768
0.128769
0.125131
0.121826
0.118828
0.116111
0.113651
0.111426
0.109415
0.107599
0.10596
0.104482
0.103151
0.101951
0.100872
0.0999009
0.0990286
0.0982452
0.0975423
0.0969122
0.0963476
0.0958423
0.0953903
0.0949863
0.0946256
0.0943038
0.0940167
0.093761
0.0935332
0.0933305
0.0931501
0.0929897
0.092847
0.0927202
0.0926073
0.0925069
0.0924176
0.092338
0.092267
0.0922036
0.092147
0.0920962
0.0920507
0.0920098
0.0919729
0.0919396
0.0919094
0.091882
0.091857
0.0918342
0.0918133
0.0917942
0.0917766
0.0917605
0.0917458
0.0917324
0.0917202
0.0917094
0.0916999
0.0916919
0.0916854
0.0916806
0.0916777
0.961702
0.892207
0.829108
0.771736
0.719495
0.671857
0.628349
0.588549
0.552082
0.518609
0.487831
0.459478
0.433306
0.4091
0.386665
0.365824
0.346423
0.328322
0.311396
0.295539
0.280655
0.266664
0.253499
0.241104
0.229433
0.218453
0.208134
0.198454
0.189396
0.180941
0.173073
0.165773
0.159022
0.152797
0.147073
0.141825
0.137024
0.132641
0.128649
0.125017
0.121719
0.118727
0.116017
0.113564
0.111345
0.10934
0.10753
0.105897
0.104424
0.103097
0.101902
0.100827
0.0998598
0.0989911
0.0982111
0.0975114
0.0968841
0.0963222
0.0958194
0.0953697
0.0949678
0.094609
0.0942889
0.0940034
0.0937491
0.0935227
0.0933211
0.0931418
0.0929823
0.0928405
0.0927144
0.0926022
0.0925024
0.0924136
0.0923344
0.0922638
0.0922008
0.0921445
0.092094
0.0920487
0.0920079
0.0919711
0.0919379
0.0919078
0.0918804
0.0918555
0.0918327
0.0918118
0.0917927
0.0917751
0.091759
0.0917442
0.0917307
0.0917186
0.0917077
0.0916982
0.0916901
0.0916836
0.0916788
0.0916759
0.961703
0.892208
0.829109
0.771736
0.719495
0.671856
0.628346
0.588544
0.552073
0.518597
0.487815
0.459457
0.43328
0.409069
0.386627
0.36578
0.346371
0.328262
0.311328
0.295462
0.280569
0.266568
0.253393
0.240989
0.22931
0.218321
0.207995
0.19831
0.189247
0.18079
0.172921
0.165621
0.158872
0.15265
0.146931
0.141688
0.136892
0.132516
0.12853
0.124905
0.121614
0.118629
0.115925
0.113478
0.111266
0.109267
0.107462
0.105834
0.104366
0.103044
0.101853
0.100782
0.0998194
0.0989543
0.0981776
0.0974809
0.0968565
0.0962973
0.0957968
0.0953493
0.0949495
0.0945925
0.0942741
0.0939902
0.0937373
0.0935121
0.0933117
0.0931334
0.0929748
0.0928338
0.0927084
0.0925969
0.0924977
0.0924094
0.0923307
0.0922605
0.0921978
0.0921417
0.0920915
0.0920464
0.0920058
0.0919691
0.091936
0.091906
0.0918786
0.0918537
0.091831
0.0918101
0.0917909
0.0917733
0.0917572
0.0917424
0.0917289
0.0917167
0.0917057
0.0916962
0.0916881
0.0916816
0.0916768
0.0916739
0.961703
0.892209
0.82911
0.771737
0.719495
0.671854
0.628342
0.588537
0.552063
0.518584
0.487797
0.459435
0.433253
0.409036
0.386588
0.365734
0.346319
0.328202
0.31126
0.295385
0.280483
0.266473
0.253289
0.240875
0.229188
0.218191
0.207859
0.198168
0.189101
0.180641
0.172771
0.165473
0.158725
0.152506
0.146791
0.141553
0.136763
0.132393
0.128414
0.124796
0.121511
0.118533
0.115835
0.113395
0.111188
0.109195
0.107396
0.105773
0.10431
0.102992
0.101806
0.100739
0.0997799
0.0989183
0.0981448
0.0974512
0.0968295
0.0962728
0.0957746
0.0953293
0.0949314
0.0945762
0.0942594
0.093977
0.0937255
0.0935015
0.0933022
0.0931249
0.0929673
0.0928271
0.0927024
0.0925915
0.0924928
0.092405
0.0923267
0.0922569
0.0921945
0.0921387
0.0920887
0.0920438
0.0920034
0.0919669
0.0919339
0.0919039
0.0918766
0.0918517
0.091829
0.0918081
0.091789
0.0917713
0.0917552
0.0917403
0.0917268
0.0917146
0.0917036
0.0916941
0.091686
0.0916794
0.0916747
0.0916718
0.961704
0.89221
0.829111
0.771737
0.719494
0.671851
0.628337
0.588529
0.552052
0.518569
0.487779
0.459412
0.433225
0.409003
0.386549
0.365689
0.346266
0.328142
0.311192
0.295309
0.280398
0.266379
0.253186
0.240764
0.229068
0.218064
0.207725
0.198029
0.188959
0.180496
0.172625
0.165327
0.158582
0.152366
0.146656
0.141422
0.136638
0.132274
0.128301
0.124689
0.121411
0.118439
0.115748
0.113314
0.111113
0.109125
0.107332
0.105714
0.104256
0.102942
0.10176
0.100697
0.0997416
0.0988833
0.098113
0.0974222
0.0968032
0.0962489
0.095753
0.0953097
0.0949137
0.0945603
0.0942451
0.0939641
0.0937138
0.093491
0.0932928
0.0931165
0.0929597
0.0928202
0.0926962
0.092586
0.0924878
0.0924005
0.0923226
0.0922531
0.0921911
0.0921355
0.0920858
0.092041
0.0920008
0.0919644
0.0919315
0.0919016
0.0918744
0.0918495
0.0918268
0.0918059
0.0917868
0.0917691
0.091753
0.0917381
0.0917245
0.0917123
0.0917013
0.0916918
0.0916836
0.0916771
0.0916723
0.0916695
0.961704
0.892211
0.829111
0.771737
0.719493
0.671848
0.628331
0.588521
0.55204
0.518553
0.487759
0.459388
0.433197
0.408969
0.38651
0.365644
0.346215
0.328083
0.311126
0.295234
0.280315
0.266288
0.253086
0.240656
0.228952
0.217941
0.207596
0.197895
0.188821
0.180356
0.172484
0.165187
0.158444
0.152231
0.146524
0.141296
0.136517
0.132159
0.128192
0.124587
0.121315
0.118349
0.115664
0.113236
0.111041
0.109059
0.10727
0.105657
0.104203
0.102894
0.101716
0.100657
0.0997048
0.0988497
0.0980824
0.0973943
0.0967778
0.0962259
0.0957321
0.0952908
0.0948966
0.0945448
0.0942311
0.0939515
0.0937024
0.0934807
0.0932835
0.0931081
0.0929521
0.0928134
0.09269
0.0925803
0.0924827
0.0923958
0.0923183
0.0922492
0.0921874
0.0921322
0.0920826
0.092038
0.0919979
0.0919617
0.0919288
0.091899
0.0918719
0.0918471
0.0918244
0.0918035
0.0917844
0.0917667
0.0917505
0.0917357
0.0917221
0.0917098
0.0916989
0.0916893
0.0916812
0.0916747
0.0916699
0.0916671
0.961704
0.892211
0.829112
0.771736
0.71949
0.671844
0.628324
0.588511
0.552027
0.518537
0.487739
0.459363
0.433168
0.408935
0.386471
0.365599
0.346164
0.328026
0.311062
0.295163
0.280236
0.2662
0.252991
0.240552
0.228841
0.217823
0.207472
0.197766
0.188688
0.180222
0.17235
0.165053
0.158312
0.152102
0.146399
0.141176
0.136402
0.13205
0.128088
0.124489
0.121223
0.118264
0.115584
0.113161
0.110972
0.108995
0.107211
0.105603
0.104154
0.102849
0.101674
0.100619
0.0996697
0.0988176
0.0980531
0.0973677
0.0967536
0.0962038
0.0957121
0.0952726
0.0948801
0.0945298
0.0942175
0.0939392
0.0936913
0.0934707
0.0932744
0.0930998
0.0929446
0.0928065
0.0926838
0.0925747
0.0924775
0.092391
0.0923139
0.0922451
0.0921836
0.0921286
0.0920792
0.0920349
0.0919949
0.0919588
0.091926
0.0918963
0.0918692
0.0918444
0.0918218
0.0918009
0.0917818
0.0917642
0.091748
0.0917331
0.0917195
0.0917072
0.0916963
0.0916867
0.0916786
0.0916721
0.0916673
0.0916645
0.961705
0.892212
0.829112
0.771735
0.719487
0.671838
0.628316
0.5885
0.552013
0.518519
0.487718
0.459338
0.433139
0.408902
0.386433
0.365556
0.346115
0.327971
0.311
0.295094
0.28016
0.266117
0.2529
0.240454
0.228735
0.217711
0.207354
0.197645
0.188564
0.180095
0.172222
0.164927
0.158187
0.151981
0.146281
0.141062
0.136294
0.131947
0.127991
0.124397
0.121137
0.118183
0.115509
0.113092
0.110907
0.108935
0.107156
0.105552
0.104107
0.102806
0.101635
0.100582
0.0996366
0.0987874
0.0980255
0.0973425
0.0967306
0.0961829
0.0956931
0.0952553
0.0948644
0.0945156
0.0942045
0.0939274
0.0936806
0.0934609
0.0932655
0.0930917
0.0929372
0.0927998
0.0926776
0.092569
0.0924723
0.0923862
0.0923094
0.0922409
0.0921797
0.0921249
0.0920757
0.0920315
0.0919917
0.0919557
0.091923
0.0918934
0.0918663
0.0918416
0.091819
0.0917982
0.0917791
0.0917614
0.0917452
0.0917304
0.0917168
0.0917045
0.0916936
0.091684
0.0916759
0.0916694
0.0916647
0.091662
0.961705
0.892212
0.829111
0.771733
0.719483
0.671832
0.628307
0.588488
0.551998
0.518501
0.487696
0.459313
0.43311
0.40887
0.386396
0.365515
0.346069
0.32792
0.310943
0.295031
0.28009
0.26604
0.252816
0.240363
0.228638
0.217607
0.207246
0.197532
0.188448
0.179978
0.172104
0.164809
0.158071
0.151868
0.146172
0.140957
0.136193
0.131851
0.1279
0.124312
0.121057
0.118108
0.11544
0.113027
0.110848
0.10888
0.107105
0.105505
0.104064
0.102766
0.101599
0.100549
0.099606
0.0987594
0.0979999
0.0973191
0.0967093
0.0961634
0.0956753
0.0952391
0.0948496
0.0945021
0.0941923
0.0939162
0.0936704
0.0934516
0.093257
0.0930839
0.0929301
0.0927933
0.0926716
0.0925634
0.0924671
0.0923814
0.0923049
0.0922367
0.0921757
0.0921211
0.0920721
0.0920281
0.0919884
0.0919525
0.0919199
0.0918903
0.0918634
0.0918387
0.0918161
0.0917953
0.0917762
0.0917586
0.0917424
0.0917276
0.091714
0.0917018
0.0916908
0.0916813
0.0916732
0.0916668
0.0916621
0.0916594
0.961705
0.892212
0.82911
0.77173
0.719478
0.671824
0.628297
0.588475
0.551982
0.518483
0.487675
0.459289
0.433083
0.408839
0.386362
0.365477
0.346027
0.327872
0.31089
0.294973
0.280026
0.26597
0.252739
0.24028
0.228549
0.217513
0.207147
0.197429
0.188343
0.179871
0.171997
0.164703
0.157966
0.151765
0.146073
0.140861
0.136102
0.131764
0.127818
0.124235
0.120985
0.118041
0.115377
0.112969
0.110793
0.10883
0.107059
0.105462
0.104024
0.10273
0.101565
0.100519
0.0995781
0.0987339
0.0979766
0.0972977
0.0966897
0.0961456
0.095659
0.0952242
0.094836
0.0944897
0.0941809
0.0939058
0.0936609
0.0934429
0.093249
0.0930766
0.0929233
0.092787
0.0926658
0.092558
0.0924621
0.0923767
0.0923005
0.0922325
0.0921718
0.0921174
0.0920685
0.0920246
0.091985
0.0919492
0.0919168
0.0918873
0.0918604
0.0918357
0.0918132
0.0917924
0.0917733
0.0917558
0.0917396
0.0917248
0.0917113
0.091699
0.0916881
0.0916786
0.0916706
0.0916642
0.0916595
0.0916568
0.961705
0.892211
0.829108
0.771727
0.719472
0.671816
0.628286
0.588462
0.551967
0.518465
0.487655
0.459266
0.433058
0.408811
0.386331
0.365443
0.345989
0.327831
0.310844
0.294921
0.279969
0.265908
0.252672
0.240207
0.228471
0.21743
0.20706
0.197339
0.18825
0.179777
0.171902
0.164608
0.157874
0.151675
0.145985
0.140777
0.136021
0.131688
0.127746
0.124166
0.120921
0.117981
0.115321
0.112917
0.110745
0.108785
0.107018
0.105425
0.10399
0.102698
0.101536
0.100492
0.0995534
0.0987112
0.0979558
0.0972787
0.0966723
0.0961297
0.0956444
0.0952109
0.0948238
0.0944785
0.0941706
0.0938964
0.0936522
0.0934349
0.0932416
0.0930698
0.092917
0.0927811
0.0926603
0.0925529
0.0924573
0.0923722
0.0922963
0.0922285
0.0921679
0.0921137
0.092065
0.0920212
0.0919817
0.091946
0.0919137
0.0918842
0.0918574
0.0918328
0.0918103
0.0917896
0.0917705
0.091753
0.0917368
0.091722
0.0917085
0.0916963
0.0916855
0.091676
0.091668
0.0916617
0.0916571
0.0916544
0.961705
0.892211
0.829106
0.771722
0.719466
0.671807
0.628275
0.588449
0.551952
0.518448
0.487636
0.459246
0.433036
0.408787
0.386304
0.365413
0.345957
0.327795
0.310805
0.294878
0.279922
0.265856
0.252615
0.240145
0.228405
0.21736
0.206986
0.197262
0.188171
0.179697
0.171822
0.164529
0.157795
0.151598
0.145911
0.140706
0.135953
0.131622
0.127684
0.124108
0.120866
0.11793
0.115274
0.112873
0.110704
0.108748
0.106983
0.105393
0.10396
0.102671
0.101511
0.100469
0.0995323
0.0986919
0.097938
0.0972624
0.0966574
0.0961159
0.0956318
0.0951993
0.0948131
0.0944687
0.0941616
0.093888
0.0936445
0.0934278
0.093235
0.0930636
0.0929113
0.0927758
0.0926554
0.0925482
0.0924529
0.092368
0.0922923
0.0922247
0.0921643
0.0921102
0.0920617
0.092018
0.0919786
0.091943
0.0919107
0.0918813
0.0918545
0.09183
0.0918075
0.0917868
0.0917678
0.0917503
0.0917342
0.0917195
0.091706
0.0916939
0.091683
0.0916736
0.0916657
0.0916594
0.0916548
0.0916523
0.961705
0.892209
0.829103
0.771717
0.719459
0.671799
0.628265
0.588438
0.551939
0.518434
0.487621
0.45923
0.433018
0.408767
0.386283
0.36539
0.345931
0.327767
0.310774
0.294844
0.279884
0.265815
0.25257
0.240097
0.228353
0.217305
0.206928
0.197201
0.188108
0.179633
0.171758
0.164465
0.157732
0.151537
0.145852
0.140649
0.135898
0.13157
0.127635
0.124062
0.120822
0.117889
0.115235
0.112837
0.110672
0.108717
0.106955
0.105367
0.103936
0.102649
0.101491
0.10045
0.0995153
0.0986762
0.0979237
0.0972492
0.0966452
0.0961047
0.0956215
0.0951897
0.0948043
0.0944605
0.0941541
0.0938811
0.093638
0.0934218
0.0932294
0.0930584
0.0929064
0.0927712
0.092651
0.0925442
0.092449
0.0923643
0.0922888
0.0922214
0.0921611
0.0921071
0.0920587
0.0920151
0.0919758
0.0919402
0.091908
0.0918787
0.0918519
0.0918275
0.091805
0.0917844
0.0917654
0.0917479
0.0917319
0.0917172
0.0917038
0.0916917
0.0916809
0.0916715
0.0916636
0.0916574
0.0916529
0.0916504
0.961705
0.892208
0.8291
0.771713
0.719453
0.671792
0.628257
0.588429
0.55193
0.518424
0.48761
0.459217
0.433004
0.408753
0.386268
0.365373
0.345913
0.327747
0.310752
0.29482
0.279857
0.265785
0.252538
0.240062
0.228315
0.217265
0.206885
0.197157
0.188063
0.179587
0.171712
0.164419
0.157687
0.151493
0.145809
0.140607
0.135858
0.131532
0.127598
0.124027
0.12079
0.117859
0.115207
0.112811
0.110648
0.108695
0.106935
0.105348
0.103919
0.102633
0.101476
0.100436
0.0995026
0.0986645
0.0979128
0.0972392
0.0966359
0.0960961
0.0956135
0.0951824
0.0947975
0.0944542
0.0941481
0.0938755
0.0936329
0.0934169
0.0932249
0.0930541
0.0929024
0.0927674
0.0926474
0.0925407
0.0924458
0.0923612
0.0922858
0.0922185
0.0921584
0.0921045
0.0920561
0.0920126
0.0919734
0.0919379
0.0919057
0.0918764
0.0918497
0.0918253
0.0918029
0.0917823
0.0917634
0.091746
0.0917299
0.0917153
0.0917019
0.0916898
0.0916791
0.0916698
0.091662
0.0916558
0.0916514
0.0916489
0.961705
0.892207
0.829097
0.77171
0.71945
0.671788
0.628253
0.588424
0.551924
0.518418
0.487603
0.459211
0.432997
0.408745
0.386259
0.365364
0.345902
0.327735
0.310739
0.294806
0.279842
0.265768
0.252519
0.240041
0.228292
0.217241
0.20686
0.197131
0.188036
0.179559
0.171684
0.164391
0.15766
0.151466
0.145783
0.140582
0.135834
0.131509
0.127575
0.124005
0.120769
0.117839
0.115189
0.112795
0.110633
0.108681
0.106922
0.105336
0.103908
0.102623
0.101467
0.100428
0.0994944
0.0986568
0.0979056
0.0972324
0.0966296
0.0960902
0.095608
0.0951772
0.0947926
0.0944496
0.0941438
0.0938715
0.093629
0.0934133
0.0932214
0.0930509
0.0928992
0.0927644
0.0926446
0.092538
0.0924432
0.0923588
0.0922835
0.0922163
0.0921562
0.0921024
0.0920541
0.0920107
0.0919715
0.091936
0.0919039
0.0918747
0.091848
0.0918236
0.0918013
0.0917807
0.0917619
0.0917445
0.0917285
0.0917139
0.0917006
0.0916886
0.0916779
0.0916687
0.0916609
0.0916548
0.0916504
0.091648
)
;

boundaryField
{
    inlet
    {
        type            fixedValue;
        value           uniform 1;
    }
    outlet
    {
        type            inletOutlet;
        inletValue      uniform 1;
        value           nonuniform List<scalar> 
100
(
0.0916824
0.0916826
0.0916829
0.0916834
0.091684
0.0916846
0.0916854
0.0916862
0.091687
0.0916879
0.0916887
0.0916895
0.0916903
0.091691
0.0916917
0.0916922
0.0916927
0.0916931
0.0916934
0.0916936
0.0916936
0.0916936
0.0916935
0.0916933
0.091693
0.0916926
0.0916922
0.0916916
0.0916911
0.0916904
0.0916897
0.091689
0.0916883
0.0916875
0.0916867
0.0916859
0.0916851
0.0916844
0.0916836
0.0916829
0.0916822
0.0916815
0.0916809
0.0916803
0.0916798
0.0916794
0.091679
0.0916787
0.0916784
0.0916782
0.0916782
0.0916781
0.0916782
0.0916783
0.0916785
0.0916788
0.0916791
0.0916795
0.0916799
0.0916803
0.0916808
0.0916813
0.0916819
0.0916824
0.091683
0.0916835
0.0916841
0.0916846
0.0916851
0.0916855
0.0916859
0.0916862
0.0916864
0.0916866
0.0916866
0.0916865
0.0916863
0.091686
0.0916855
0.0916849
0.0916842
0.0916832
0.0916821
0.0916808
0.0916794
0.0916777
0.0916759
0.0916739
0.0916718
0.0916695
0.0916671
0.0916645
0.091662
0.0916594
0.0916568
0.0916544
0.0916523
0.0916504
0.0916489
0.091648
)
;
    }
    ground
    {
        type            empty;
    }
    top
    {
        type            empty;
    }
    front
    {
        type            inletOutlet;
        inletValue      uniform 1;
        value           nonuniform List<scalar> 
100
(
0.961705
0.892207
0.829097
0.77171
0.71945
0.671788
0.628253
0.588423
0.551924
0.518417
0.487603
0.45921
0.432996
0.408744
0.386258
0.365363
0.345901
0.327734
0.310737
0.294804
0.279839
0.265765
0.252516
0.240038
0.22829
0.217238
0.206857
0.197128
0.188034
0.179557
0.171682
0.16439
0.157659
0.151466
0.145784
0.140585
0.135838
0.131513
0.127582
0.124013
0.120778
0.11785
0.115202
0.112809
0.110648
0.108699
0.106941
0.105357
0.10393
0.102647
0.101492
0.100455
0.0995229
0.0986867
0.0979368
0.0972649
0.0966632
0.0961249
0.0956437
0.0952138
0.0948301
0.0944878
0.0941828
0.0939111
0.0936692
0.093454
0.0932625
0.0930923
0.092941
0.0928065
0.0926869
0.0925805
0.0924858
0.0924014
0.0923262
0.092259
0.0921989
0.0921451
0.0920967
0.0920532
0.0920139
0.0919784
0.0919461
0.0919167
0.0918898
0.0918652
0.0918426
0.0918217
0.0918025
0.0917847
0.0917683
0.0917532
0.0917394
0.0917268
0.0917155
0.0917056
0.0916971
0.0916903
0.0916854
0.0916824
)
;
    }
    back
    {
        type            inletOutlet;
        inletValue      uniform 1;
        value           nonuniform List<scalar> 
100
(
0.961705
0.892207
0.829097
0.77171
0.71945
0.671788
0.628253
0.588424
0.551924
0.518418
0.487603
0.459211
0.432997
0.408745
0.386259
0.365364
0.345902
0.327735
0.310739
0.294806
0.279842
0.265768
0.252519
0.240041
0.228292
0.217241
0.20686
0.197131
0.188036
0.179559
0.171684
0.164391
0.15766
0.151466
0.145783
0.140582
0.135834
0.131509
0.127575
0.124005
0.120769
0.117839
0.115189
0.112795
0.110633
0.108681
0.106922
0.105336
0.103908
0.102623
0.101467
0.100428
0.0994944
0.0986568
0.0979056
0.0972324
0.0966296
0.0960902
0.095608
0.0951772
0.0947926
0.0944496
0.0941438
0.0938715
0.093629
0.0934133
0.0932214
0.0930509
0.0928992
0.0927644
0.0926446
0.092538
0.0924432
0.0923588
0.0922835
0.0922163
0.0921562
0.0921024
0.0920541
0.0920107
0.0919715
0.091936
0.0919039
0.0918747
0.091848
0.0918236
0.0918013
0.0917807
0.0917619
0.0917445
0.0917285
0.0917139
0.0917006
0.0916886
0.0916779
0.0916687
0.0916609
0.0916548
0.0916504
0.091648
)
;
    }
}


// ************************************************************************* //
