/*--------------------------------*- C++ -*----------------------------------*\
  =========                 |
  \\      /  F ield         | OpenFOAM: The Open Source CFD Toolbox
   \\    /   O peration     | Website:  https://openfoam.org
    \\  /    A nd           | Version:  11
     \\/     M anipulation  |
\*---------------------------------------------------------------------------*/
FoamFile
{
    format      ascii;
    class       volScalarField;
    location    "128";
    object      omega;
}
// * * * * * * * * * * * * * * * * * * * * * * * * * * * * * * * * * * * * * //

dimensions      [0 0 -1 0 0 0 0];

internalField   nonuniform List<scalar> 
10000
(
0.961705
0.892209
0.829105
0.771727
0.719479
0.671835
0.628324
0.588524
0.552062
0.518602
0.487843
0.459517
0.433382
0.409222
0.38684
0.366063
0.346732
0.328707
0.311862
0.296085
0.281277
0.267353
0.254241
0.241878
0.230215
0.219212
0.208838
0.199068
0.189885
0.181273
0.173219
0.165709
0.158729
0.152261
0.146286
0.140784
0.13573
0.131098
0.126864
0.123
0.119481
0.116281
0.113374
0.110737
0.108346
0.10618
0.104219
0.102445
0.100842
0.0993925
0.0980838
0.0969026
0.0958372
0.0948767
0.0940113
0.0932322
0.0925311
0.0919007
0.0913342
0.0908256
0.0903691
0.0899598
0.089593
0.0892645
0.0889705
0.0887075
0.0884724
0.0882623
0.0880746
0.0879069
0.0877572
0.0876235
0.0875041
0.0873973
0.0873019
0.0872165
0.0871401
0.0870715
0.0870099
0.0869546
0.0869046
0.0868596
0.0868188
0.0867818
0.0867482
0.0867175
0.0866895
0.0866639
0.0866404
0.0866188
0.0865991
0.086581
0.0865645
0.0865497
0.0865364
0.0865248
0.0865151
0.0865072
0.0865015
0.0864982
0.961705
0.89221
0.829107
0.771729
0.719482
0.671839
0.628328
0.588529
0.552067
0.518607
0.487849
0.459523
0.433389
0.409228
0.386848
0.366071
0.346741
0.328717
0.311873
0.296097
0.28129
0.267368
0.254257
0.241895
0.230234
0.219233
0.20886
0.199092
0.18991
0.181299
0.173245
0.165735
0.158755
0.152286
0.146312
0.140808
0.135754
0.131122
0.126887
0.123022
0.119503
0.116301
0.113393
0.110754
0.108362
0.106195
0.104233
0.102458
0.100853
0.099403
0.0980935
0.0969116
0.0958454
0.0948843
0.0940184
0.0932387
0.0925371
0.0919062
0.0913393
0.0908303
0.0903735
0.0899638
0.0895967
0.0892679
0.0889736
0.0887104
0.088475
0.0882647
0.0880768
0.087909
0.0877591
0.0876252
0.0875057
0.0873988
0.0873033
0.0872178
0.0871412
0.0870725
0.0870109
0.0869554
0.0869054
0.0868603
0.0868195
0.0867824
0.0867487
0.086718
0.08669
0.0866643
0.0866408
0.0866192
0.0865994
0.0865813
0.0865648
0.0865499
0.0865366
0.0865251
0.0865153
0.0865074
0.0865017
0.0864984
0.961705
0.892212
0.82911
0.771733
0.719488
0.671845
0.628335
0.588537
0.552076
0.518616
0.487859
0.459534
0.4334
0.40924
0.386861
0.366085
0.346756
0.328734
0.311891
0.296117
0.281312
0.267392
0.254283
0.241925
0.230266
0.219267
0.208896
0.19913
0.18995
0.181341
0.173288
0.165779
0.158798
0.152329
0.146354
0.14085
0.135793
0.13116
0.126924
0.123058
0.119536
0.116333
0.113423
0.110782
0.108387
0.106218
0.104254
0.102478
0.100871
0.0994199
0.098109
0.0969258
0.0958585
0.0948963
0.0940293
0.0932487
0.0925463
0.0919146
0.091347
0.0908372
0.0903798
0.0899696
0.0896019
0.0892727
0.088978
0.0887143
0.0884786
0.0882679
0.0880797
0.0879116
0.0877615
0.0876274
0.0875076
0.0874006
0.0873049
0.0872192
0.0871425
0.0870737
0.087012
0.0869564
0.0869063
0.0868611
0.0868202
0.0867831
0.0867493
0.0867186
0.0866905
0.0866648
0.0866412
0.0866196
0.0865998
0.0865817
0.0865652
0.0865503
0.086537
0.0865254
0.0865156
0.0865077
0.086502
0.0864987
0.961705
0.892213
0.829113
0.771738
0.719494
0.671853
0.628344
0.588547
0.552087
0.518629
0.487872
0.459548
0.433416
0.409257
0.386879
0.366104
0.346778
0.328757
0.311917
0.296145
0.281343
0.267426
0.254321
0.241965
0.23031
0.219315
0.208947
0.199184
0.190006
0.181399
0.173347
0.165839
0.158858
0.152389
0.146412
0.140906
0.135848
0.131213
0.126974
0.123106
0.119582
0.116376
0.113463
0.110819
0.108422
0.10625
0.104284
0.102505
0.100897
0.0994429
0.0981301
0.0969452
0.0958762
0.0949125
0.0940441
0.0932622
0.0925586
0.0919258
0.0913571
0.0908465
0.0903882
0.0899771
0.0896088
0.0892789
0.0889835
0.0887194
0.0884832
0.088272
0.0880834
0.0879149
0.0877645
0.0876301
0.08751
0.0874027
0.0873068
0.0872209
0.0871441
0.0870751
0.0870132
0.0869575
0.0869074
0.0868621
0.0868211
0.0867839
0.0867501
0.0867192
0.0866911
0.0866654
0.0866418
0.0866201
0.0866003
0.0865821
0.0865656
0.0865507
0.0865374
0.0865259
0.0865161
0.0865082
0.0865025
0.0864991
0.961705
0.892214
0.829115
0.771742
0.7195
0.67186
0.628353
0.588558
0.5521
0.518643
0.487888
0.459566
0.433435
0.409278
0.386901
0.366129
0.346804
0.328786
0.311949
0.29618
0.281382
0.267469
0.254368
0.242017
0.230366
0.219375
0.209012
0.199252
0.190077
0.181472
0.173422
0.165914
0.158933
0.152463
0.146485
0.140977
0.135917
0.131279
0.127037
0.123166
0.119638
0.116429
0.113513
0.110866
0.108465
0.10629
0.104321
0.102539
0.100928
0.0994718
0.0981567
0.0969695
0.0958984
0.0949328
0.0940626
0.0932791
0.0925739
0.0919398
0.0913698
0.090858
0.0903986
0.0899866
0.0896173
0.0892865
0.0889904
0.0887256
0.0884887
0.088277
0.0880879
0.0879189
0.087768
0.0876333
0.0875129
0.0874053
0.0873091
0.087223
0.0871459
0.0870767
0.0870147
0.0869588
0.0869085
0.0868631
0.086822
0.0867848
0.0867509
0.08672
0.0866918
0.086666
0.0866424
0.0866207
0.0866009
0.0865827
0.0865662
0.0865513
0.086538
0.0865264
0.0865167
0.0865088
0.0865031
0.0864998
0.961705
0.892214
0.829117
0.771745
0.719505
0.671868
0.628363
0.58857
0.552114
0.518659
0.487906
0.459585
0.433456
0.409302
0.386927
0.366158
0.346836
0.328821
0.311987
0.296223
0.281429
0.267521
0.254424
0.242079
0.230433
0.219446
0.209088
0.199332
0.190161
0.181558
0.17351
0.166003
0.159022
0.152551
0.146571
0.141061
0.135998
0.131357
0.127112
0.123236
0.119705
0.116492
0.113571
0.11092
0.108516
0.106337
0.104365
0.102579
0.100965
0.0995059
0.098188
0.0969982
0.0959247
0.0949568
0.0940845
0.093299
0.0925921
0.0919562
0.0913848
0.0908715
0.0904108
0.0899976
0.0896272
0.0892955
0.0889985
0.0887328
0.0884952
0.0882828
0.0880931
0.0879236
0.0877722
0.0876369
0.0875161
0.0874082
0.0873116
0.0872253
0.0871479
0.0870786
0.0870163
0.0869603
0.0869098
0.0868643
0.0868231
0.0867857
0.0867518
0.0867208
0.0866926
0.0866668
0.0866431
0.0866214
0.0866015
0.0865834
0.0865669
0.086552
0.0865387
0.0865271
0.0865174
0.0865095
0.0865038
0.0865005
0.961705
0.892214
0.829118
0.771748
0.719509
0.671875
0.628372
0.588581
0.552127
0.518675
0.487924
0.459606
0.433479
0.409328
0.386956
0.36619
0.346871
0.32886
0.312031
0.296271
0.281482
0.267579
0.254488
0.242148
0.230508
0.219528
0.209174
0.199424
0.190256
0.181656
0.17361
0.166104
0.159123
0.152651
0.146669
0.141157
0.13609
0.131445
0.127196
0.123316
0.11978
0.116563
0.113638
0.110982
0.108574
0.106391
0.104414
0.102625
0.101007
0.0995447
0.0982236
0.0970308
0.0959545
0.094984
0.0941094
0.0933217
0.0926126
0.0919749
0.0914017
0.0908868
0.0904247
0.0900101
0.0896385
0.0893056
0.0890076
0.088741
0.0885025
0.0882893
0.0880989
0.0879287
0.0877767
0.087641
0.0875197
0.0874113
0.0873145
0.0872278
0.0871501
0.0870805
0.087018
0.0869618
0.0869112
0.0868655
0.0868242
0.0867867
0.0867527
0.0867217
0.0866934
0.0866675
0.0866438
0.0866221
0.0866023
0.0865841
0.0865676
0.0865527
0.0865394
0.0865279
0.0865181
0.0865103
0.0865046
0.0865013
0.961705
0.892214
0.829118
0.771749
0.719513
0.67188
0.62838
0.588592
0.55214
0.518691
0.487943
0.459627
0.433504
0.409355
0.386987
0.366224
0.34691
0.328903
0.312078
0.296323
0.28154
0.267643
0.254559
0.242226
0.230592
0.219617
0.20927
0.199524
0.190361
0.181764
0.17372
0.166215
0.159234
0.152761
0.146777
0.141262
0.136192
0.131542
0.127289
0.123404
0.119864
0.116641
0.113711
0.111051
0.108638
0.10645
0.104469
0.102676
0.101054
0.0995876
0.0982629
0.0970668
0.0959875
0.0950142
0.0941369
0.0933467
0.0926354
0.0919956
0.0914204
0.0909038
0.09044
0.0900239
0.0896509
0.0893168
0.0890176
0.0887499
0.0885105
0.0882964
0.0881052
0.0879343
0.0877817
0.0876454
0.0875236
0.0874148
0.0873175
0.0872304
0.0871524
0.0870826
0.0870198
0.0869634
0.0869126
0.0868668
0.0868253
0.0867878
0.0867536
0.0867226
0.0866942
0.0866683
0.0866446
0.0866229
0.086603
0.0865849
0.0865684
0.0865535
0.0865402
0.0865287
0.086519
0.0865112
0.0865055
0.0865021
0.961705
0.892214
0.829118
0.771751
0.719516
0.671885
0.628387
0.588601
0.552153
0.518706
0.487961
0.459649
0.433528
0.409383
0.387019
0.36626
0.34695
0.328949
0.312129
0.29638
0.281603
0.267713
0.254635
0.242309
0.230682
0.219714
0.209373
0.199633
0.190474
0.181881
0.173839
0.166335
0.159354
0.15288
0.146894
0.141375
0.136301
0.131647
0.127389
0.1235
0.119954
0.116726
0.113791
0.111125
0.108707
0.106514
0.104528
0.102731
0.101104
0.099634
0.0983056
0.097106
0.0960233
0.0950469
0.0941667
0.0933739
0.0926601
0.092018
0.0914407
0.0909221
0.0904565
0.0900388
0.0896643
0.0893288
0.0890283
0.0887595
0.088519
0.0883041
0.088112
0.0879403
0.087787
0.0876501
0.0875277
0.0874184
0.0873206
0.0872332
0.0871549
0.0870847
0.0870217
0.0869651
0.0869141
0.0868681
0.0868265
0.0867888
0.0867546
0.0867234
0.086695
0.0866691
0.0866454
0.0866236
0.0866038
0.0865856
0.0865691
0.0865543
0.0865411
0.0865296
0.0865198
0.086512
0.0865064
0.086503
0.961704
0.892213
0.829118
0.771751
0.719518
0.671889
0.628393
0.58861
0.552164
0.51872
0.487978
0.45967
0.433553
0.409412
0.387051
0.366297
0.346992
0.328996
0.312182
0.29644
0.28167
0.267786
0.254716
0.242397
0.230778
0.219817
0.209482
0.199748
0.190594
0.182004
0.173965
0.166462
0.159481
0.153006
0.147017
0.141495
0.136417
0.131759
0.127496
0.123601
0.120049
0.116816
0.113875
0.111204
0.10878
0.106582
0.104591
0.102789
0.101158
0.0996836
0.0983511
0.0971477
0.0960616
0.0950818
0.0941986
0.0934028
0.0926864
0.0920419
0.0914624
0.0909417
0.0904741
0.0900547
0.0896786
0.0893416
0.0890398
0.0887697
0.0885281
0.0883121
0.0881191
0.0879466
0.0877926
0.0876549
0.087532
0.0874221
0.0873239
0.087236
0.0871573
0.0870868
0.0870236
0.0869667
0.0869155
0.0868693
0.0868276
0.0867898
0.0867555
0.0867243
0.0866958
0.0866698
0.0866461
0.0866244
0.0866045
0.0865864
0.0865699
0.0865551
0.0865419
0.0865304
0.0865207
0.086513
0.0865073
0.0865039
0.961704
0.892212
0.829118
0.771751
0.719519
0.671892
0.628398
0.588617
0.552174
0.518734
0.487995
0.45969
0.433577
0.40944
0.387084
0.366335
0.347035
0.329045
0.312237
0.296501
0.281738
0.267863
0.2548
0.242489
0.230878
0.219924
0.209596
0.199868
0.190719
0.182134
0.174097
0.166596
0.159615
0.153138
0.147147
0.141622
0.136539
0.131876
0.127608
0.123707
0.12015
0.11691
0.113964
0.111287
0.108857
0.106654
0.104658
0.10285
0.101215
0.0997358
0.0983991
0.0971917
0.0961018
0.0951186
0.0942321
0.0934334
0.0927142
0.0920671
0.0914852
0.0909623
0.0904927
0.0900714
0.0896936
0.089355
0.0890518
0.0887804
0.0885376
0.0883205
0.0881265
0.0879532
0.0877983
0.08766
0.0875364
0.087426
0.0873272
0.0872389
0.0871599
0.087089
0.0870254
0.0869683
0.0869169
0.0868705
0.0868287
0.0867908
0.0867564
0.0867251
0.0866966
0.0866706
0.0866468
0.0866251
0.0866052
0.0865871
0.0865707
0.0865559
0.0865427
0.0865313
0.0865216
0.0865138
0.0865082
0.0865048
0.961704
0.892212
0.829117
0.771751
0.71952
0.671894
0.628402
0.588624
0.552184
0.518746
0.488011
0.459709
0.433601
0.409468
0.387117
0.366373
0.347079
0.329094
0.312294
0.296565
0.281809
0.267941
0.254887
0.242584
0.230981
0.220035
0.209715
0.199993
0.190849
0.182268
0.174234
0.166734
0.159753
0.153275
0.147281
0.141753
0.136666
0.131998
0.127724
0.123818
0.120255
0.117009
0.114056
0.111373
0.108938
0.106729
0.104727
0.102915
0.101274
0.0997903
0.0984492
0.0972377
0.0961439
0.095157
0.0942672
0.0934653
0.0927432
0.0920934
0.0915089
0.0909837
0.0905121
0.0900888
0.0897092
0.0893689
0.0890642
0.0887914
0.0885474
0.0883292
0.0881342
0.0879599
0.0878042
0.0876651
0.0875409
0.0874299
0.0873306
0.0872418
0.0871624
0.0870911
0.0870273
0.0869699
0.0869183
0.0868717
0.0868297
0.0867917
0.0867572
0.0867258
0.0866973
0.0866712
0.0866475
0.0866257
0.0866059
0.0865878
0.0865714
0.0865566
0.0865435
0.0865321
0.0865224
0.0865147
0.0865091
0.0865057
0.961703
0.892211
0.829116
0.77175
0.71952
0.671896
0.628406
0.588629
0.552192
0.518757
0.488026
0.459728
0.433623
0.409495
0.387149
0.36641
0.347122
0.329144
0.31235
0.296629
0.281881
0.268022
0.254976
0.242681
0.231086
0.220149
0.209836
0.20012
0.190982
0.182405
0.174374
0.166875
0.159894
0.153415
0.14742
0.141887
0.136797
0.132124
0.127844
0.123932
0.120362
0.11711
0.114151
0.111462
0.109021
0.106806
0.104799
0.102981
0.101335
0.0998467
0.098501
0.0972852
0.0961874
0.0951968
0.0943035
0.0934983
0.0927732
0.0921206
0.0915335
0.0910059
0.0905321
0.0901067
0.0897252
0.0893833
0.089077
0.0888028
0.0885575
0.0883381
0.088142
0.0879668
0.0878102
0.0876704
0.0875454
0.0874338
0.087334
0.0872447
0.0871648
0.0870933
0.0870291
0.0869714
0.0869195
0.0868728
0.0868306
0.0867925
0.0867579
0.0867265
0.0866979
0.0866718
0.086648
0.0866263
0.0866065
0.0865884
0.0865721
0.0865573
0.0865443
0.0865329
0.0865233
0.0865156
0.0865099
0.0865065
0.961703
0.89221
0.829115
0.77175
0.71952
0.671897
0.628408
0.588634
0.552199
0.518768
0.488039
0.459746
0.433645
0.409522
0.387181
0.366448
0.347166
0.329194
0.312407
0.296693
0.281954
0.268103
0.255065
0.24278
0.231193
0.220264
0.209958
0.20025
0.191118
0.182545
0.174517
0.16702
0.160039
0.153559
0.14756
0.142025
0.13693
0.132252
0.127966
0.124048
0.120473
0.117214
0.114249
0.111553
0.109106
0.106885
0.104872
0.103049
0.101398
0.0999045
0.0985542
0.097334
0.0962321
0.0952377
0.0943407
0.0935323
0.092804
0.0921485
0.0915588
0.0910287
0.0905526
0.0901252
0.0897417
0.089398
0.0890901
0.0888145
0.0885678
0.0883472
0.08815
0.0879738
0.0878163
0.0876757
0.08755
0.0874377
0.0873373
0.0872476
0.0871673
0.0870953
0.0870308
0.0869729
0.0869208
0.0868738
0.0868315
0.0867932
0.0867585
0.0867271
0.0866984
0.0866724
0.0866486
0.0866268
0.086607
0.086589
0.0865727
0.086558
0.086545
0.0865336
0.086524
0.0865163
0.0865107
0.0865073
0.961702
0.892209
0.829114
0.771749
0.71952
0.671897
0.628411
0.588639
0.552206
0.518777
0.488052
0.459762
0.433666
0.409547
0.387211
0.366484
0.347208
0.329243
0.312464
0.296758
0.282026
0.268184
0.255155
0.242879
0.231301
0.22038
0.210082
0.200381
0.191254
0.182686
0.174661
0.167166
0.160185
0.153704
0.147703
0.142164
0.137065
0.132382
0.128091
0.124167
0.120585
0.11732
0.114348
0.111646
0.109193
0.106966
0.104947
0.103118
0.101462
0.0999635
0.0986084
0.0973838
0.0962777
0.0952793
0.0943787
0.0935669
0.0928355
0.092177
0.0915846
0.091052
0.0905735
0.0901439
0.0897585
0.089413
0.0891035
0.0888263
0.0885783
0.0883564
0.0881581
0.0879808
0.0878224
0.087681
0.0875545
0.0874416
0.0873407
0.0872504
0.0871696
0.0870973
0.0870324
0.0869742
0.0869219
0.0868748
0.0868323
0.0867939
0.0867591
0.0867276
0.0866989
0.0866728
0.086649
0.0866273
0.0866075
0.0865895
0.0865732
0.0865586
0.0865456
0.0865343
0.0865247
0.0865171
0.0865114
0.0865081
0.961702
0.892208
0.829113
0.771748
0.719519
0.671898
0.628412
0.588642
0.552212
0.518786
0.488064
0.459778
0.433686
0.409572
0.387241
0.366519
0.34725
0.329292
0.31252
0.296821
0.282098
0.268264
0.255245
0.242978
0.231409
0.220497
0.210207
0.200512
0.191391
0.182828
0.174806
0.167313
0.160333
0.15385
0.147847
0.142305
0.137201
0.132513
0.128216
0.124286
0.120698
0.117427
0.114449
0.111741
0.109281
0.107048
0.105023
0.103188
0.101527
0.100023
0.0986635
0.0974343
0.096324
0.0953217
0.0944173
0.093602
0.0928674
0.0922059
0.0916107
0.0910755
0.0905947
0.0901629
0.0897755
0.0894282
0.0891169
0.0888382
0.0885888
0.0883657
0.0881662
0.0879879
0.0878286
0.0876862
0.0875591
0.0874454
0.0873439
0.0872531
0.0871719
0.0870992
0.087034
0.0869755
0.0869229
0.0868756
0.0868329
0.0867944
0.0867596
0.0867279
0.0866992
0.0866731
0.0866493
0.0866276
0.0866079
0.0865899
0.0865737
0.0865591
0.0865461
0.0865348
0.0865253
0.0865177
0.0865121
0.0865087
0.961702
0.892207
0.829111
0.771747
0.719518
0.671898
0.628414
0.588645
0.552217
0.518794
0.488075
0.459793
0.433705
0.409595
0.38727
0.366554
0.347291
0.329339
0.312574
0.296884
0.28217
0.268345
0.255334
0.243076
0.231516
0.220612
0.21033
0.200643
0.191528
0.182969
0.174951
0.16746
0.16048
0.153996
0.147992
0.142446
0.137338
0.132645
0.128342
0.124406
0.120812
0.117534
0.11455
0.111835
0.109369
0.10713
0.1051
0.103259
0.101593
0.100084
0.0987191
0.0974854
0.0963708
0.0953644
0.0944563
0.0936375
0.0928996
0.0922351
0.0916371
0.0910993
0.090616
0.0901821
0.0897926
0.0894434
0.0891305
0.0888502
0.0885993
0.0883749
0.0881743
0.0879949
0.0878346
0.0876914
0.0875635
0.0874492
0.0873471
0.0872558
0.0871741
0.087101
0.0870354
0.0869766
0.0869238
0.0868763
0.0868335
0.0867949
0.0867599
0.0867282
0.0866995
0.0866733
0.0866495
0.0866279
0.0866082
0.0865902
0.086574
0.0865595
0.0865466
0.0865353
0.0865258
0.0865182
0.0865127
0.0865093
0.961701
0.892206
0.82911
0.771745
0.719518
0.671898
0.628415
0.588648
0.552222
0.518801
0.488086
0.459807
0.433723
0.409618
0.387298
0.366587
0.34733
0.329386
0.312628
0.296946
0.28224
0.268423
0.255422
0.243173
0.231622
0.220727
0.210453
0.200773
0.191664
0.18311
0.175096
0.167606
0.160627
0.154142
0.148135
0.142587
0.137474
0.132776
0.128469
0.124527
0.120926
0.117642
0.114651
0.11193
0.109458
0.107213
0.105177
0.103331
0.101658
0.100145
0.098775
0.0975367
0.0964178
0.0954074
0.0944955
0.0936732
0.092932
0.0922644
0.0916636
0.0911232
0.0906375
0.0902013
0.0898098
0.0894587
0.089144
0.0888622
0.0886099
0.0883842
0.0881823
0.0880019
0.0878406
0.0876966
0.0875679
0.0874529
0.0873502
0.0872583
0.0871762
0.0871026
0.0870368
0.0869777
0.0869246
0.0868769
0.086834
0.0867952
0.0867601
0.0867284
0.0866996
0.0866734
0.0866496
0.086628
0.0866083
0.0865904
0.0865743
0.0865598
0.0865469
0.0865357
0.0865263
0.0865187
0.0865131
0.0865098
0.961701
0.892206
0.829109
0.771744
0.719517
0.671898
0.628416
0.58865
0.552226
0.518808
0.488096
0.45982
0.43374
0.40964
0.387324
0.36662
0.347369
0.329431
0.312681
0.297006
0.282309
0.268501
0.255509
0.243268
0.231727
0.22084
0.210574
0.200901
0.191799
0.18325
0.175239
0.167751
0.160772
0.154287
0.148279
0.142726
0.13761
0.132908
0.128594
0.124647
0.12104
0.11775
0.114752
0.112025
0.109547
0.107296
0.105253
0.103402
0.101724
0.100205
0.0988309
0.097588
0.0964648
0.0954504
0.0945348
0.0937089
0.0929644
0.0922938
0.0916901
0.0911471
0.090659
0.0902205
0.089827
0.089474
0.0891576
0.0888741
0.0886204
0.0883933
0.0881903
0.0880088
0.0878466
0.0877016
0.0875722
0.0874565
0.0873531
0.0872608
0.0871781
0.0871042
0.087038
0.0869786
0.0869253
0.0868774
0.0868343
0.0867954
0.0867602
0.0867284
0.0866996
0.0866734
0.0866496
0.086628
0.0866084
0.0865905
0.0865744
0.08656
0.0865472
0.086536
0.0865266
0.0865191
0.0865135
0.0865102
0.961701
0.892205
0.829108
0.771743
0.719516
0.671897
0.628416
0.588652
0.55223
0.518814
0.488105
0.459832
0.433756
0.40966
0.38735
0.366651
0.347406
0.329475
0.312732
0.297065
0.282376
0.268577
0.255594
0.243362
0.23183
0.220952
0.210694
0.201028
0.191932
0.183387
0.17538
0.167894
0.160917
0.154431
0.14842
0.142865
0.137745
0.133038
0.128719
0.124766
0.121153
0.117857
0.114853
0.11212
0.109635
0.107378
0.10533
0.103473
0.10179
0.100266
0.0988866
0.0976392
0.0965118
0.0954933
0.0945739
0.0937445
0.0929967
0.0923231
0.0917165
0.0911709
0.0906803
0.0902397
0.089844
0.0894891
0.089171
0.0888859
0.0886307
0.0884024
0.0881981
0.0880155
0.0878524
0.0877066
0.0875763
0.08746
0.087356
0.0872631
0.08718
0.0871057
0.0870391
0.0869794
0.0869259
0.0868778
0.0868345
0.0867955
0.0867602
0.0867284
0.0866995
0.0866733
0.0866495
0.0866279
0.0866083
0.0865905
0.0865745
0.0865601
0.0865473
0.0865362
0.0865268
0.0865193
0.0865138
0.0865105
0.9617
0.892204
0.829107
0.771742
0.719515
0.671897
0.628417
0.588654
0.552234
0.51882
0.488113
0.459844
0.433772
0.40968
0.387374
0.366681
0.347442
0.329517
0.312782
0.297122
0.282441
0.268651
0.255676
0.243454
0.23193
0.221061
0.210811
0.201152
0.192062
0.183523
0.175518
0.168035
0.161058
0.154572
0.14856
0.143002
0.137878
0.133166
0.128843
0.124884
0.121265
0.117962
0.114953
0.112213
0.109722
0.10746
0.105406
0.103543
0.101855
0.100326
0.098942
0.0976901
0.0965584
0.095536
0.0946128
0.0937799
0.0930289
0.0923522
0.0917428
0.0911945
0.0907016
0.0902586
0.089861
0.0895042
0.0891843
0.0888976
0.088641
0.0884113
0.0882059
0.0880222
0.0878581
0.0877114
0.0875804
0.0874633
0.0873587
0.0872653
0.0871817
0.087107
0.0870401
0.0869801
0.0869263
0.086878
0.0868346
0.0867954
0.0867601
0.0867282
0.0866993
0.0866731
0.0866493
0.0866277
0.0866082
0.0865904
0.0865744
0.08656
0.0865473
0.0865363
0.086527
0.0865195
0.086514
0.0865106
0.9617
0.892203
0.829106
0.77174
0.719514
0.671896
0.628417
0.588656
0.552237
0.518826
0.488121
0.459855
0.433786
0.409699
0.387398
0.366709
0.347476
0.329558
0.31283
0.297178
0.282505
0.268723
0.255757
0.243543
0.232028
0.221167
0.210925
0.201273
0.192189
0.183655
0.175655
0.168174
0.161198
0.154711
0.148697
0.143137
0.138009
0.133293
0.128964
0.125
0.121375
0.118067
0.115051
0.112306
0.109809
0.10754
0.105481
0.103613
0.10192
0.100386
0.0989969
0.0977405
0.0966046
0.0955782
0.0946514
0.093815
0.0930607
0.092381
0.0917688
0.091218
0.0907226
0.0902774
0.0898777
0.089519
0.0891974
0.0889092
0.0886511
0.0884201
0.0882135
0.0880287
0.0878636
0.0877161
0.0875843
0.0874665
0.0873614
0.0872674
0.0871833
0.0871082
0.087041
0.0869807
0.0869267
0.0868782
0.0868346
0.0867953
0.0867599
0.0867279
0.086699
0.0866728
0.086649
0.0866275
0.0866079
0.0865902
0.0865742
0.0865599
0.0865473
0.0865363
0.086527
0.0865195
0.0865141
0.0865107
0.9617
0.892202
0.829105
0.771739
0.719513
0.671896
0.628417
0.588657
0.55224
0.518831
0.488129
0.459866
0.4338
0.409717
0.38742
0.366737
0.34751
0.329598
0.312876
0.297232
0.282566
0.268792
0.255835
0.24363
0.232123
0.221271
0.211036
0.201391
0.192314
0.183784
0.175787
0.168309
0.161334
0.154847
0.148832
0.143269
0.138138
0.133417
0.129084
0.125114
0.121484
0.11817
0.115148
0.112397
0.109894
0.10762
0.105555
0.103682
0.101983
0.100444
0.099051
0.0977903
0.0966502
0.0956199
0.0946894
0.0938496
0.0930921
0.0924094
0.0917945
0.0912411
0.0907433
0.0902959
0.0898942
0.0895336
0.0892103
0.0889205
0.088661
0.0884287
0.0882209
0.0880351
0.087869
0.0877206
0.087588
0.0874696
0.0873638
0.0872693
0.0871848
0.0871093
0.0870417
0.0869812
0.0869269
0.0868782
0.0868344
0.086795
0.0867596
0.0867275
0.0866986
0.0866724
0.0866486
0.0866271
0.0866075
0.0865899
0.086574
0.0865597
0.0865471
0.0865362
0.0865269
0.0865195
0.0865141
0.0865107
0.9617
0.892202
0.829104
0.771738
0.719512
0.671895
0.628417
0.588659
0.552243
0.518836
0.488136
0.459876
0.433814
0.409734
0.387442
0.366763
0.347542
0.329636
0.31292
0.297283
0.282625
0.26886
0.255911
0.243714
0.232216
0.221371
0.211144
0.201506
0.192434
0.18391
0.175917
0.168441
0.161467
0.15498
0.148963
0.143398
0.138263
0.133539
0.129201
0.125226
0.121591
0.118271
0.115243
0.112486
0.109978
0.107698
0.105628
0.103749
0.102046
0.100502
0.0991043
0.0978392
0.0966951
0.095661
0.0947269
0.0938837
0.0931231
0.0924374
0.0918198
0.0912638
0.0907637
0.0903141
0.0899104
0.089548
0.0892229
0.0889316
0.0886707
0.0884371
0.0882281
0.0880413
0.0878742
0.087725
0.0875917
0.0874726
0.0873662
0.0872711
0.0871862
0.0871103
0.0870423
0.0869815
0.086927
0.0868781
0.0868342
0.0867947
0.0867591
0.086727
0.0866981
0.0866718
0.0866481
0.0866266
0.0866071
0.0865895
0.0865736
0.0865594
0.0865469
0.0865359
0.0865268
0.0865194
0.0865139
0.0865106
0.961699
0.892201
0.829103
0.771737
0.719511
0.671894
0.628418
0.58866
0.552246
0.51884
0.488143
0.459885
0.433826
0.40975
0.387462
0.366789
0.347572
0.329672
0.312963
0.297333
0.282682
0.268925
0.255984
0.243795
0.232305
0.221468
0.211249
0.201618
0.192552
0.184032
0.176043
0.168569
0.161596
0.155109
0.149091
0.143523
0.138386
0.133658
0.129315
0.125335
0.121695
0.118369
0.115337
0.112574
0.11006
0.107775
0.105699
0.103816
0.102107
0.100559
0.0991565
0.0978873
0.0967391
0.0957013
0.0947636
0.0939171
0.0931534
0.0924649
0.0918445
0.0912861
0.0907836
0.090332
0.0899262
0.089562
0.0892353
0.0889425
0.0886801
0.0884453
0.0882352
0.0880473
0.0878793
0.0877292
0.0875951
0.0874754
0.0873684
0.0872728
0.0871874
0.0871111
0.0870429
0.0869818
0.086927
0.0868779
0.0868339
0.0867943
0.0867586
0.0867265
0.0866975
0.0866712
0.0866475
0.086626
0.0866066
0.086589
0.0865732
0.086559
0.0865465
0.0865356
0.0865265
0.0865192
0.0865137
0.0865104
0.961699
0.8922
0.829102
0.771736
0.71951
0.671894
0.628418
0.588661
0.552248
0.518844
0.488149
0.459894
0.433838
0.409766
0.387482
0.366813
0.347601
0.329707
0.313004
0.297381
0.282737
0.268987
0.256054
0.243873
0.232391
0.221562
0.21135
0.201726
0.192665
0.18415
0.176165
0.168693
0.161722
0.155235
0.149215
0.143646
0.138505
0.133773
0.129426
0.125442
0.121796
0.118466
0.115428
0.112659
0.11014
0.10785
0.105769
0.10388
0.102167
0.100614
0.0992077
0.0979343
0.0967822
0.0957407
0.0947996
0.0939498
0.0931831
0.0924917
0.0918688
0.0913078
0.0908031
0.0903494
0.0899417
0.0895757
0.0892474
0.088953
0.0886893
0.0884532
0.088242
0.0880531
0.0878842
0.0877332
0.0875984
0.087478
0.0873705
0.0872744
0.0871886
0.0871119
0.0870433
0.0869819
0.0869269
0.0868777
0.0868335
0.0867937
0.086758
0.0867258
0.0866968
0.0866705
0.0866468
0.0866254
0.0866059
0.0865884
0.0865726
0.0865585
0.0865461
0.0865353
0.0865262
0.0865188
0.0865135
0.0865101
0.961699
0.8922
0.829101
0.771735
0.719509
0.671893
0.628418
0.588662
0.55225
0.518848
0.488155
0.459902
0.43385
0.40978
0.387501
0.366836
0.347629
0.32974
0.313044
0.297427
0.28279
0.269047
0.256121
0.243949
0.232474
0.221653
0.211447
0.201829
0.192775
0.184264
0.176282
0.168813
0.161843
0.155356
0.149336
0.143764
0.138621
0.133885
0.129535
0.125545
0.121895
0.118559
0.115516
0.112743
0.110218
0.107923
0.105837
0.103943
0.102226
0.100668
0.0992575
0.0979801
0.0968243
0.0957791
0.0948347
0.0939818
0.0932121
0.0925179
0.0918924
0.0913291
0.0908222
0.0903663
0.0899568
0.089589
0.0892591
0.0889633
0.0886982
0.0884609
0.0882486
0.0880586
0.0878888
0.0877371
0.0876016
0.0874805
0.0873724
0.0872758
0.0871896
0.0871125
0.0870436
0.086982
0.0869268
0.0868773
0.086833
0.0867931
0.0867573
0.0867251
0.086696
0.0866698
0.0866461
0.0866246
0.0866052
0.0865878
0.086572
0.086558
0.0865456
0.0865348
0.0865257
0.0865185
0.0865131
0.0865098
0.961699
0.892199
0.8291
0.771734
0.719508
0.671893
0.628418
0.588663
0.552252
0.518852
0.488161
0.45991
0.43386
0.409794
0.387518
0.366858
0.347656
0.329772
0.313081
0.29747
0.28284
0.269104
0.256186
0.244021
0.232554
0.221739
0.211541
0.201929
0.19288
0.184374
0.176396
0.168929
0.16196
0.155473
0.149452
0.143879
0.138733
0.133994
0.129639
0.125646
0.12199
0.11865
0.115602
0.112823
0.110294
0.107993
0.105903
0.104005
0.102283
0.100721
0.0993059
0.0980246
0.0968651
0.0958165
0.0948688
0.0940128
0.0932402
0.0925434
0.0919154
0.0913497
0.0908406
0.0903828
0.0899714
0.089602
0.0892705
0.0889732
0.0887069
0.0884684
0.0882549
0.088064
0.0878933
0.0877408
0.0876046
0.0874829
0.0873742
0.0872772
0.0871905
0.087113
0.0870438
0.0869819
0.0869265
0.0868769
0.0868324
0.0867925
0.0867566
0.0867243
0.0866952
0.0866689
0.0866452
0.0866238
0.0866045
0.086587
0.0865714
0.0865574
0.086545
0.0865343
0.0865252
0.086518
0.0865127
0.0865094
0.961698
0.892198
0.829099
0.771733
0.719507
0.671892
0.628418
0.588663
0.552254
0.518855
0.488166
0.459918
0.433871
0.409808
0.387535
0.366878
0.347681
0.329803
0.313117
0.297512
0.282888
0.269159
0.256248
0.24409
0.23263
0.221822
0.211631
0.202025
0.192981
0.18448
0.176505
0.16904
0.162073
0.155586
0.149564
0.143989
0.138841
0.134099
0.12974
0.125743
0.122083
0.118738
0.115685
0.112901
0.110367
0.108062
0.105967
0.104064
0.102338
0.100772
0.0993529
0.0980678
0.0969048
0.0958528
0.0949019
0.0940429
0.0932675
0.0925681
0.0919376
0.0913697
0.0908585
0.0903988
0.0899856
0.0896145
0.0892815
0.0889828
0.0887152
0.0884755
0.088261
0.0880692
0.0878976
0.0877443
0.0876074
0.0874851
0.0873759
0.0872784
0.0871913
0.0871135
0.087044
0.0869818
0.0869262
0.0868764
0.0868318
0.0867917
0.0867558
0.0867234
0.0866943
0.0866681
0.0866444
0.086623
0.0866037
0.0865863
0.0865706
0.0865567
0.0865444
0.0865337
0.0865247
0.0865175
0.0865122
0.0865089
0.961698
0.892198
0.829098
0.771732
0.719506
0.671891
0.628418
0.588664
0.552256
0.518858
0.488171
0.459925
0.43388
0.40982
0.387551
0.366898
0.347705
0.329831
0.313151
0.297552
0.282934
0.269211
0.256307
0.244155
0.232702
0.221902
0.211716
0.202116
0.193078
0.184581
0.176609
0.169147
0.162181
0.155694
0.149672
0.144095
0.138945
0.134199
0.129837
0.125836
0.122172
0.118822
0.115765
0.112977
0.110438
0.108128
0.106029
0.104122
0.102391
0.100821
0.0993983
0.0981096
0.0969431
0.0958878
0.0949338
0.094072
0.0932939
0.092592
0.0919592
0.091389
0.0908758
0.0904142
0.0899992
0.0896265
0.089292
0.0889921
0.0887232
0.0884824
0.0882669
0.0880741
0.0879017
0.0877477
0.0876101
0.0874872
0.0873774
0.0872795
0.087192
0.0871138
0.087044
0.0869816
0.0869258
0.0868758
0.0868311
0.0867909
0.0867549
0.0867225
0.0866934
0.0866671
0.0866434
0.0866221
0.0866028
0.0865854
0.0865698
0.0865559
0.0865437
0.086533
0.0865241
0.0865169
0.0865116
0.0865083
0.961698
0.892197
0.829097
0.771731
0.719505
0.671891
0.628417
0.588665
0.552258
0.518861
0.488175
0.459932
0.433889
0.409832
0.387566
0.366917
0.347728
0.329859
0.313183
0.297589
0.282978
0.269261
0.256363
0.244218
0.232771
0.221977
0.211798
0.202204
0.19317
0.184677
0.176709
0.169249
0.162284
0.155798
0.149775
0.144197
0.139044
0.134296
0.129931
0.125925
0.122257
0.118903
0.115841
0.113049
0.110506
0.108192
0.106088
0.104177
0.102442
0.100868
0.099442
0.0981498
0.0969799
0.0959216
0.0949646
0.0941
0.0933194
0.092615
0.0919799
0.0914077
0.0908925
0.090429
0.0900124
0.0896381
0.0893022
0.0890009
0.0887309
0.088489
0.0882725
0.0880788
0.0879056
0.0877509
0.0876126
0.0874891
0.0873789
0.0872805
0.0871926
0.0871141
0.087044
0.0869813
0.0869253
0.0868752
0.0868303
0.0867901
0.086754
0.0867216
0.0866924
0.0866661
0.0866425
0.0866211
0.0866019
0.0865845
0.086569
0.0865552
0.0865429
0.0865323
0.0865234
0.0865163
0.086511
0.0865077
0.961698
0.892197
0.829097
0.77173
0.719504
0.67189
0.628417
0.588665
0.552259
0.518864
0.48818
0.459938
0.433898
0.409843
0.38758
0.366934
0.347749
0.329884
0.313214
0.297625
0.283019
0.269308
0.256416
0.244277
0.232837
0.222049
0.211876
0.202287
0.193258
0.184769
0.176803
0.169346
0.162382
0.155897
0.149873
0.144294
0.139139
0.134388
0.13002
0.126011
0.122339
0.118981
0.115915
0.113119
0.110571
0.108253
0.106145
0.10423
0.102491
0.100914
0.0994839
0.0981884
0.0970154
0.095954
0.0949942
0.094127
0.0933438
0.0926371
0.0919998
0.0914255
0.0909085
0.0904432
0.090025
0.0896492
0.089312
0.0890094
0.0887382
0.0884953
0.0882778
0.0880832
0.0879093
0.0877538
0.087615
0.0874909
0.0873802
0.0872813
0.0871931
0.0871143
0.0870439
0.086981
0.0869248
0.0868746
0.0868295
0.0867892
0.0867531
0.0867206
0.0866914
0.0866651
0.0866415
0.0866201
0.0866009
0.0865836
0.0865681
0.0865543
0.0865422
0.0865316
0.0865227
0.0865156
0.0865103
0.0865071
0.961698
0.892196
0.829096
0.771729
0.719504
0.67189
0.628417
0.588666
0.552261
0.518867
0.488184
0.459944
0.433906
0.409854
0.387594
0.366951
0.34777
0.329909
0.313242
0.297659
0.283058
0.269352
0.256466
0.244333
0.232899
0.222117
0.211949
0.202365
0.193341
0.184856
0.176894
0.169439
0.162476
0.155991
0.149967
0.144386
0.139229
0.134476
0.130105
0.126093
0.122417
0.119055
0.115985
0.113185
0.110633
0.108311
0.106199
0.10428
0.102538
0.100957
0.099524
0.0982253
0.0970492
0.095985
0.0950225
0.0941527
0.0933671
0.0926582
0.0920188
0.0914426
0.0909237
0.0904568
0.090037
0.0896599
0.0893212
0.0890175
0.0887452
0.0885012
0.0882828
0.0880875
0.0879128
0.0877566
0.0876172
0.0874926
0.0873814
0.0872821
0.0871935
0.0871144
0.0870438
0.0869807
0.0869243
0.0868739
0.0868287
0.0867883
0.0867521
0.0867196
0.0866904
0.0866641
0.0866404
0.0866191
0.0866
0.0865827
0.0865672
0.0865535
0.0865413
0.0865308
0.086522
0.0865149
0.0865097
0.0865064
0.961697
0.892196
0.829095
0.771729
0.719503
0.671889
0.628417
0.588667
0.552262
0.518869
0.488188
0.459949
0.433913
0.409864
0.387606
0.366967
0.347789
0.329931
0.313269
0.29769
0.283094
0.269394
0.256513
0.244386
0.232958
0.222181
0.212018
0.202439
0.193419
0.184938
0.176979
0.169526
0.162565
0.15608
0.150055
0.144474
0.139315
0.13456
0.130185
0.12617
0.122491
0.119126
0.116052
0.113248
0.110693
0.108367
0.106251
0.104329
0.102583
0.100999
0.0995622
0.0982605
0.0970815
0.0960145
0.0950495
0.0941772
0.0933894
0.0926783
0.0920369
0.0914589
0.0909383
0.0904698
0.0900485
0.0896699
0.0893301
0.0890251
0.0887518
0.0885069
0.0882876
0.0880915
0.087916
0.0877593
0.0876192
0.0874942
0.0873825
0.0872828
0.0871939
0.0871145
0.0870436
0.0869803
0.0869237
0.0868731
0.0868279
0.0867874
0.0867511
0.0867186
0.0866893
0.086663
0.0866394
0.0866181
0.086599
0.0865818
0.0865663
0.0865526
0.0865405
0.0865301
0.0865212
0.0865142
0.086509
0.0865057
0.961697
0.892196
0.829095
0.771728
0.719502
0.671889
0.628417
0.588667
0.552264
0.518872
0.488191
0.459955
0.43392
0.409873
0.387618
0.366981
0.347806
0.329953
0.313295
0.29772
0.283129
0.269433
0.256558
0.244436
0.233013
0.222241
0.212084
0.202509
0.193493
0.185016
0.177059
0.169608
0.162648
0.156164
0.150139
0.144556
0.139396
0.134639
0.130262
0.126244
0.122561
0.119193
0.116115
0.113308
0.110749
0.108419
0.1063
0.104374
0.102625
0.101038
0.0995985
0.0982938
0.0971121
0.0960426
0.0950751
0.0942005
0.0934105
0.0926974
0.0920541
0.0914743
0.090952
0.090482
0.0900593
0.0896795
0.0893384
0.0890324
0.088758
0.0885122
0.0882921
0.0880952
0.0879191
0.0877617
0.0876211
0.0874956
0.0873835
0.0872834
0.0871942
0.0871145
0.0870433
0.0869798
0.0869231
0.0868724
0.0868271
0.0867865
0.0867501
0.0867175
0.0866883
0.086662
0.0866384
0.0866171
0.086598
0.0865808
0.0865654
0.0865517
0.0865397
0.0865293
0.0865205
0.0865134
0.0865082
0.086505
0.961697
0.892195
0.829094
0.771727
0.719502
0.671888
0.628417
0.588668
0.552265
0.518874
0.488195
0.459959
0.433927
0.409881
0.387629
0.366995
0.347823
0.329973
0.313318
0.297748
0.283161
0.26947
0.256599
0.244483
0.233064
0.222298
0.212145
0.202575
0.193563
0.185088
0.177134
0.169685
0.162727
0.156243
0.150218
0.144634
0.139472
0.134713
0.130334
0.126313
0.122627
0.119256
0.116175
0.113364
0.110802
0.108469
0.106346
0.104417
0.102665
0.101075
0.0996327
0.0983253
0.0971411
0.096069
0.0950992
0.0942225
0.0934304
0.0927154
0.0920703
0.0914888
0.090965
0.0904936
0.0900696
0.0896885
0.0893463
0.0890392
0.0887639
0.0885172
0.0882963
0.0880987
0.087922
0.087764
0.0876229
0.0874969
0.0873844
0.087284
0.0871944
0.0871144
0.0870431
0.0869794
0.0869225
0.0868716
0.0868262
0.0867855
0.0867491
0.0867165
0.0866872
0.086661
0.0866373
0.0866161
0.086597
0.0865799
0.0865645
0.0865509
0.0865389
0.0865285
0.0865197
0.0865127
0.0865075
0.0865043
0.961697
0.892195
0.829094
0.771727
0.719501
0.671888
0.628417
0.588668
0.552266
0.518876
0.488198
0.459964
0.433933
0.409889
0.387639
0.367008
0.347839
0.329991
0.313341
0.297773
0.283191
0.269504
0.256638
0.244526
0.233112
0.22235
0.212202
0.202636
0.193627
0.185156
0.177205
0.169758
0.1628
0.156317
0.150291
0.144707
0.139544
0.134782
0.130401
0.126377
0.122689
0.119315
0.116231
0.113417
0.110851
0.108515
0.10639
0.104458
0.102703
0.10111
0.0996649
0.0983549
0.0971682
0.0960939
0.0951219
0.0942432
0.0934492
0.0927323
0.0920856
0.0915025
0.0909773
0.0905044
0.0900792
0.0896969
0.0893537
0.0890456
0.0887694
0.0885219
0.0883003
0.088102
0.0879246
0.0877661
0.0876245
0.0874981
0.0873852
0.0872844
0.0871945
0.0871143
0.0870428
0.0869789
0.0869218
0.0868709
0.0868254
0.0867846
0.0867482
0.0867155
0.0866862
0.0866599
0.0866363
0.0866151
0.086596
0.0865789
0.0865636
0.08655
0.086538
0.0865277
0.0865189
0.0865119
0.0865068
0.0865035
0.961697
0.892194
0.829093
0.771726
0.719501
0.671888
0.628417
0.588668
0.552267
0.518878
0.488201
0.459968
0.433939
0.409897
0.387648
0.367019
0.347853
0.330009
0.313361
0.297797
0.283218
0.269536
0.256674
0.244566
0.233157
0.222399
0.212255
0.202693
0.193688
0.185219
0.17727
0.169825
0.162868
0.156385
0.15036
0.144774
0.13961
0.134847
0.130464
0.126438
0.122747
0.11937
0.116283
0.113466
0.110898
0.108559
0.106431
0.104496
0.102738
0.101142
0.0996949
0.0983826
0.0971936
0.0961172
0.0951432
0.0942625
0.0934667
0.0927481
0.0920998
0.0915153
0.0909887
0.0905146
0.0900881
0.0897048
0.0893605
0.0890516
0.0887745
0.0885262
0.0883039
0.088105
0.0879271
0.087768
0.087626
0.0874991
0.0873859
0.0872848
0.0871947
0.0871142
0.0870424
0.0869784
0.0869212
0.0868701
0.0868245
0.0867837
0.0867472
0.0867145
0.0866852
0.0866589
0.0866353
0.0866141
0.0865951
0.086578
0.0865627
0.0865492
0.0865372
0.0865269
0.0865182
0.0865112
0.086506
0.0865028
0.961697
0.892194
0.829093
0.771726
0.7195
0.671887
0.628417
0.588669
0.552268
0.518879
0.488203
0.459972
0.433944
0.409904
0.387657
0.36703
0.347866
0.330024
0.31338
0.297819
0.283244
0.269565
0.256707
0.244603
0.233198
0.222444
0.212303
0.202745
0.193743
0.185277
0.17733
0.169887
0.162931
0.156449
0.150423
0.144837
0.139672
0.134907
0.130522
0.126494
0.122801
0.119421
0.116331
0.113512
0.110941
0.108599
0.106468
0.104531
0.102771
0.101173
0.0997228
0.0984082
0.0972172
0.0961387
0.0951628
0.0942804
0.0934829
0.0927628
0.092113
0.0915271
0.0909992
0.090524
0.0900964
0.0897121
0.0893669
0.0890571
0.0887792
0.0885302
0.0883073
0.0881077
0.0879293
0.0877698
0.0876273
0.0875001
0.0873865
0.0872852
0.0871947
0.0871141
0.0870421
0.0869779
0.0869206
0.0868694
0.0868237
0.0867828
0.0867463
0.0867136
0.0866843
0.086658
0.0866344
0.0866132
0.0865942
0.0865771
0.0865619
0.0865483
0.0865364
0.0865261
0.0865174
0.0865105
0.0865053
0.0865021
0.961697
0.892194
0.829092
0.771725
0.7195
0.671887
0.628417
0.588669
0.552269
0.518881
0.488206
0.459975
0.433949
0.40991
0.387665
0.36704
0.347878
0.330039
0.313397
0.297839
0.283267
0.269592
0.256737
0.244637
0.233235
0.222485
0.212348
0.202793
0.193794
0.185331
0.177386
0.169943
0.162989
0.156507
0.150481
0.144895
0.139728
0.134962
0.130575
0.126545
0.12285
0.119467
0.116376
0.113554
0.11098
0.108636
0.106503
0.104563
0.102801
0.1012
0.0997484
0.0984319
0.0972389
0.0961586
0.095181
0.0942969
0.0934979
0.0927763
0.0921252
0.091538
0.091009
0.0905326
0.090104
0.0897188
0.0893727
0.0890621
0.0887836
0.0885339
0.0883103
0.0881103
0.0879313
0.0877714
0.0876285
0.0875009
0.087387
0.0872854
0.0871948
0.0871139
0.0870418
0.0869774
0.08692
0.0868687
0.0868229
0.086782
0.0867454
0.0867127
0.0866833
0.086657
0.0866335
0.0866123
0.0865933
0.0865763
0.086561
0.0865475
0.0865356
0.0865254
0.0865167
0.0865098
0.0865047
0.0865014
0.961697
0.892194
0.829092
0.771725
0.719499
0.671887
0.628417
0.588669
0.552269
0.518882
0.488208
0.459978
0.433953
0.409915
0.387672
0.367049
0.347889
0.330052
0.313412
0.297858
0.283288
0.269616
0.256764
0.244667
0.233269
0.222522
0.212388
0.202836
0.19384
0.185379
0.177436
0.169995
0.163041
0.15656
0.150534
0.144947
0.13978
0.135012
0.130624
0.126592
0.122895
0.11951
0.116416
0.113592
0.111016
0.10867
0.106535
0.104593
0.102828
0.101226
0.0997719
0.0984535
0.0972587
0.0961767
0.0951975
0.0943119
0.0935115
0.0927887
0.0921363
0.091548
0.0910178
0.0905405
0.090111
0.0897249
0.089378
0.0890667
0.0887875
0.0885372
0.0883131
0.0881125
0.0879332
0.0877728
0.0876296
0.0875017
0.0873875
0.0872856
0.0871948
0.0871137
0.0870414
0.0869769
0.0869194
0.086868
0.0868222
0.0867812
0.0867446
0.0867118
0.0866825
0.0866562
0.0866326
0.0866114
0.0865925
0.0865755
0.0865603
0.0865468
0.0865349
0.0865247
0.086516
0.0865091
0.086504
0.0865008
0.961697
0.892193
0.829092
0.771724
0.719499
0.671887
0.628417
0.58867
0.55227
0.518883
0.48821
0.459981
0.433957
0.40992
0.387678
0.367057
0.347899
0.330064
0.313426
0.297874
0.283307
0.269638
0.256789
0.244695
0.2333
0.222556
0.212425
0.202875
0.193881
0.185423
0.177481
0.170042
0.163089
0.156607
0.150582
0.144994
0.139826
0.135057
0.130667
0.126634
0.122935
0.119549
0.116453
0.113626
0.111049
0.108701
0.106563
0.104619
0.102853
0.101249
0.099793
0.0984729
0.0972766
0.0961931
0.0952125
0.0943255
0.0935239
0.0927998
0.0921463
0.0915569
0.0910258
0.0905476
0.0901173
0.0897304
0.0893828
0.0890708
0.088791
0.0885402
0.0883156
0.0881146
0.0879348
0.0877741
0.0876305
0.0875023
0.0873879
0.0872858
0.0871947
0.0871135
0.0870411
0.0869764
0.0869188
0.0868674
0.0868214
0.0867804
0.0867438
0.086711
0.0866816
0.0866553
0.0866318
0.0866106
0.0865917
0.0865747
0.0865595
0.0865461
0.0865342
0.086524
0.0865154
0.0865085
0.0865034
0.0865002
0.961696
0.892193
0.829091
0.771724
0.719499
0.671886
0.628417
0.58867
0.552271
0.518885
0.488212
0.459984
0.43396
0.409925
0.387684
0.367064
0.347907
0.330074
0.313439
0.297888
0.283324
0.269657
0.256811
0.24472
0.233327
0.222586
0.212457
0.20291
0.193918
0.185461
0.177521
0.170083
0.163131
0.15665
0.150624
0.145036
0.139867
0.135098
0.130706
0.126672
0.122971
0.119583
0.116486
0.113657
0.111078
0.108728
0.106589
0.104643
0.102875
0.101269
0.0998119
0.0984903
0.0972926
0.0962077
0.0952258
0.0943376
0.0935348
0.0928097
0.0921552
0.0915649
0.091033
0.0905539
0.0901228
0.0897352
0.0893871
0.0890745
0.0887941
0.0885429
0.0883178
0.0881164
0.0879362
0.0877752
0.0876313
0.0875029
0.0873882
0.0872859
0.0871947
0.0871133
0.0870407
0.086976
0.0869183
0.0868668
0.0868208
0.0867797
0.086743
0.0867102
0.0866809
0.0866546
0.086631
0.0866099
0.0865909
0.086574
0.0865589
0.0865454
0.0865336
0.0865234
0.0865148
0.0865079
0.0865028
0.0864996
0.961696
0.892193
0.829091
0.771724
0.719498
0.671886
0.628417
0.58867
0.552271
0.518885
0.488213
0.459986
0.433963
0.409929
0.387689
0.36707
0.347915
0.330083
0.313449
0.297901
0.283338
0.269674
0.25683
0.244741
0.233351
0.222612
0.212485
0.20294
0.19395
0.185495
0.177557
0.170119
0.163168
0.156687
0.150661
0.145073
0.139903
0.135133
0.130741
0.126705
0.123003
0.119613
0.116514
0.113684
0.111103
0.108752
0.106611
0.104664
0.102894
0.101287
0.0998284
0.0985056
0.0973065
0.0962205
0.0952375
0.0943482
0.0935445
0.0928184
0.092163
0.0915719
0.0910392
0.0905594
0.0901277
0.0897395
0.0893908
0.0890777
0.0887969
0.0885451
0.0883197
0.0881179
0.0879374
0.0877761
0.087632
0.0875033
0.0873885
0.087286
0.0871946
0.0871131
0.0870404
0.0869756
0.0869178
0.0868662
0.0868202
0.0867791
0.0867424
0.0867095
0.0866802
0.0866539
0.0866303
0.0866092
0.0865903
0.0865733
0.0865582
0.0865448
0.086533
0.0865228
0.0865143
0.0865074
0.0865022
0.086499
0.961696
0.892193
0.829091
0.771724
0.719498
0.671886
0.628417
0.58867
0.552272
0.518886
0.488214
0.459988
0.433965
0.409932
0.387693
0.367075
0.347921
0.330091
0.313459
0.297912
0.283351
0.269688
0.256846
0.244759
0.233371
0.222634
0.21251
0.202966
0.193978
0.185524
0.177587
0.17015
0.163199
0.156719
0.150693
0.145104
0.139934
0.135163
0.13077
0.126733
0.12303
0.119639
0.116539
0.113708
0.111125
0.108772
0.10663
0.104682
0.102911
0.101302
0.0998426
0.0985186
0.0973185
0.0962315
0.0952475
0.0943574
0.0935527
0.0928258
0.0921697
0.0915779
0.0910445
0.0905641
0.0901318
0.0897431
0.0893939
0.0890804
0.0887992
0.0885471
0.0883213
0.0881192
0.0879385
0.0877769
0.0876325
0.0875037
0.0873886
0.087286
0.0871945
0.0871129
0.0870401
0.0869752
0.0869173
0.0868657
0.0868196
0.0867785
0.0867417
0.0867089
0.0866795
0.0866532
0.0866297
0.0866086
0.0865897
0.0865728
0.0865577
0.0865443
0.0865325
0.0865223
0.0865138
0.0865069
0.0865018
0.0864985
0.961696
0.892193
0.829091
0.771723
0.719498
0.671886
0.628417
0.58867
0.552272
0.518887
0.488215
0.459989
0.433968
0.409935
0.387697
0.36708
0.347927
0.330097
0.313466
0.297921
0.283361
0.2697
0.25686
0.244774
0.233388
0.222653
0.21253
0.202988
0.194001
0.185548
0.177612
0.170176
0.163226
0.156745
0.150719
0.145131
0.13996
0.135188
0.130794
0.126756
0.123053
0.119661
0.116559
0.113727
0.111143
0.108789
0.106646
0.104697
0.102925
0.101315
0.0998545
0.0985295
0.0973286
0.0962407
0.0952558
0.0943649
0.0935596
0.092832
0.0921753
0.0915829
0.0910489
0.090568
0.0901353
0.0897461
0.0893965
0.0890826
0.0888011
0.0885487
0.0883226
0.0881203
0.0879393
0.0877775
0.087633
0.0875039
0.0873888
0.087286
0.0871944
0.0871126
0.0870398
0.0869748
0.0869169
0.0868652
0.0868191
0.086778
0.0867412
0.0867084
0.086679
0.0866527
0.0866291
0.086608
0.0865891
0.0865722
0.0865572
0.0865438
0.086532
0.0865219
0.0865133
0.0865065
0.0865014
0.0864981
0.961696
0.892193
0.82909
0.771723
0.719498
0.671886
0.628417
0.58867
0.552272
0.518888
0.488216
0.45999
0.433969
0.409937
0.3877
0.367083
0.347931
0.330103
0.313472
0.297928
0.28337
0.26971
0.256871
0.244787
0.233401
0.222667
0.212546
0.203005
0.194019
0.185568
0.177632
0.170197
0.163247
0.156767
0.150741
0.145152
0.139981
0.135209
0.130814
0.126775
0.123071
0.119678
0.116576
0.113742
0.111158
0.108803
0.106659
0.104709
0.102936
0.101326
0.099864
0.0985383
0.0973366
0.096248
0.0952625
0.094371
0.0935651
0.092837
0.0921797
0.0915868
0.0910525
0.0905712
0.090138
0.0897485
0.0893986
0.0890844
0.0888025
0.0885499
0.0883236
0.0881211
0.0879399
0.087778
0.0876333
0.0875041
0.0873888
0.087286
0.0871942
0.0871124
0.0870395
0.0869745
0.0869165
0.0868648
0.0868187
0.0867775
0.0867407
0.0867079
0.0866785
0.0866522
0.0866287
0.0866076
0.0865887
0.0865718
0.0865567
0.0865434
0.0865316
0.0865215
0.086513
0.0865061
0.086501
0.0864977
0.961696
0.892193
0.82909
0.771723
0.719498
0.671886
0.628417
0.58867
0.552273
0.518888
0.488217
0.459991
0.43397
0.409939
0.387702
0.367086
0.347934
0.330106
0.313477
0.297934
0.283376
0.269717
0.256879
0.244796
0.233411
0.222678
0.212558
0.203018
0.194033
0.185582
0.177647
0.170212
0.163262
0.156783
0.150757
0.145167
0.139996
0.135224
0.130829
0.126789
0.123084
0.119691
0.116588
0.113754
0.111169
0.108813
0.106668
0.104717
0.102944
0.101333
0.0998711
0.0985448
0.0973425
0.0962534
0.0952675
0.0943755
0.0935691
0.0928406
0.092183
0.0915898
0.0910551
0.0905734
0.09014
0.0897503
0.0894001
0.0890857
0.0888036
0.0885508
0.0883243
0.0881216
0.0879403
0.0877783
0.0876335
0.0875042
0.0873888
0.0872859
0.0871941
0.0871122
0.0870393
0.0869742
0.0869162
0.0868645
0.0868183
0.0867771
0.0867403
0.0867075
0.0866781
0.0866518
0.0866283
0.0866072
0.0865883
0.0865714
0.0865564
0.086543
0.0865313
0.0865212
0.0865127
0.0865058
0.0865007
0.0864974
0.961696
0.892192
0.82909
0.771723
0.719498
0.671886
0.628417
0.58867
0.552273
0.518888
0.488217
0.459992
0.433971
0.40994
0.387703
0.367087
0.347936
0.330109
0.31348
0.297937
0.28338
0.269721
0.256884
0.244802
0.233418
0.222686
0.212566
0.203027
0.194042
0.185592
0.177657
0.170223
0.163273
0.156793
0.150767
0.145178
0.140007
0.135234
0.130839
0.126799
0.123093
0.1197
0.116596
0.113762
0.111176
0.10882
0.106675
0.104723
0.10295
0.101338
0.0998758
0.0985491
0.0973465
0.096257
0.0952708
0.0943785
0.0935718
0.092843
0.0921852
0.0915917
0.0910567
0.0905749
0.0901413
0.0897514
0.089401
0.0890865
0.0888043
0.0885513
0.0883247
0.0881219
0.0879405
0.0877784
0.0876335
0.0875042
0.0873888
0.0872858
0.0871939
0.0871121
0.0870391
0.086974
0.0869159
0.0868642
0.086818
0.0867768
0.08674
0.0867072
0.0866778
0.0866515
0.086628
0.0866069
0.086588
0.0865711
0.0865561
0.0865428
0.0865311
0.0865209
0.0865124
0.0865056
0.0865005
0.0864972
0.961696
0.892192
0.82909
0.771723
0.719497
0.671886
0.628417
0.588671
0.552273
0.518888
0.488218
0.459992
0.433972
0.40994
0.387704
0.367088
0.347937
0.33011
0.313482
0.297939
0.283382
0.269724
0.256887
0.244805
0.233422
0.22269
0.21257
0.203031
0.194047
0.185597
0.177662
0.170228
0.163278
0.156799
0.150773
0.145183
0.140012
0.135239
0.130843
0.126804
0.123098
0.119704
0.1166
0.113766
0.11118
0.108823
0.106678
0.104726
0.102952
0.101341
0.0998781
0.0985512
0.0973484
0.0962588
0.0952723
0.0943799
0.0935731
0.0928442
0.0921861
0.0915926
0.0910575
0.0905756
0.0901419
0.0897518
0.0894014
0.0890868
0.0888045
0.0885515
0.0883249
0.088122
0.0879406
0.0877784
0.0876335
0.0875041
0.0873887
0.0872856
0.0871938
0.0871119
0.0870389
0.0869738
0.0869157
0.086864
0.0868178
0.0867766
0.0867398
0.0867069
0.0866776
0.0866513
0.0866277
0.0866067
0.0865878
0.0865709
0.0865559
0.0865426
0.0865309
0.0865208
0.0865123
0.0865054
0.0865003
0.086497
0.961696
0.892192
0.82909
0.771723
0.719497
0.671886
0.628417
0.588671
0.552273
0.518888
0.488218
0.459992
0.433972
0.40994
0.387704
0.367088
0.347937
0.33011
0.313482
0.297939
0.283382
0.269724
0.256887
0.244805
0.233422
0.22269
0.21257
0.203031
0.194047
0.185597
0.177662
0.170228
0.163278
0.156799
0.150773
0.145183
0.140012
0.135239
0.130843
0.126804
0.123098
0.119704
0.1166
0.113766
0.11118
0.108823
0.106678
0.104726
0.102952
0.101341
0.099878
0.0985511
0.0973483
0.0962586
0.0952722
0.0943798
0.0935729
0.092844
0.092186
0.0915924
0.0910573
0.0905754
0.0901417
0.0897517
0.0894012
0.0890866
0.0888043
0.0885513
0.0883247
0.0881218
0.0879404
0.0877782
0.0876333
0.0875039
0.0873885
0.0872855
0.0871936
0.0871117
0.0870387
0.0869736
0.0869156
0.0868638
0.0868176
0.0867765
0.0867397
0.0867068
0.0866774
0.0866511
0.0866276
0.0866065
0.0865877
0.0865708
0.0865558
0.0865424
0.0865307
0.0865206
0.0865122
0.0865053
0.0865002
0.0864969
0.961696
0.892192
0.82909
0.771723
0.719498
0.671886
0.628417
0.58867
0.552273
0.518888
0.488217
0.459992
0.433971
0.40994
0.387703
0.367087
0.347936
0.330109
0.31348
0.297937
0.28338
0.269722
0.256884
0.244802
0.233418
0.222686
0.212566
0.203027
0.194043
0.185592
0.177657
0.170223
0.163273
0.156793
0.150767
0.145178
0.140007
0.135234
0.130838
0.126799
0.123093
0.1197
0.116596
0.113762
0.111176
0.10882
0.106675
0.104723
0.102949
0.101338
0.0998755
0.0985488
0.0973461
0.0962567
0.0952704
0.0943781
0.0935714
0.0928426
0.0921847
0.0915912
0.0910562
0.0905744
0.0901408
0.0897509
0.0894005
0.0890859
0.0888037
0.0885508
0.0883242
0.0881214
0.08794
0.0877779
0.087633
0.0875037
0.0873883
0.0872853
0.0871934
0.0871116
0.0870386
0.0869735
0.0869155
0.0868637
0.0868176
0.0867764
0.0867396
0.0867068
0.0866774
0.0866511
0.0866276
0.0866065
0.0865876
0.0865708
0.0865557
0.0865424
0.0865307
0.0865206
0.0865121
0.0865053
0.0865002
0.0864968
0.961696
0.892193
0.82909
0.771723
0.719498
0.671886
0.628417
0.58867
0.552273
0.518888
0.488217
0.459991
0.43397
0.409939
0.387702
0.367086
0.347934
0.330107
0.313477
0.297934
0.283376
0.269717
0.256879
0.244796
0.233411
0.222679
0.212558
0.203018
0.194033
0.185582
0.177647
0.170212
0.163263
0.156783
0.150757
0.145168
0.139996
0.135224
0.130829
0.126789
0.123084
0.119691
0.116588
0.113754
0.111169
0.108813
0.106668
0.104717
0.102944
0.101333
0.0998706
0.0985442
0.0973419
0.0962528
0.0952668
0.0943748
0.0935684
0.0928399
0.0921822
0.091589
0.0910542
0.0905726
0.0901392
0.0897494
0.0893992
0.0890848
0.0888027
0.0885499
0.0883234
0.0881207
0.0879394
0.0877774
0.0876326
0.0875033
0.087388
0.087285
0.0871933
0.0871114
0.0870385
0.0869734
0.0869154
0.0868637
0.0868176
0.0867764
0.0867396
0.0867068
0.0866774
0.0866511
0.0866276
0.0866065
0.0865877
0.0865708
0.0865558
0.0865424
0.0865307
0.0865206
0.0865121
0.0865053
0.0865002
0.0864969
0.961696
0.892193
0.82909
0.771723
0.719498
0.671886
0.628417
0.58867
0.552272
0.518888
0.488216
0.45999
0.433969
0.409937
0.3877
0.367083
0.347931
0.330103
0.313473
0.297928
0.28337
0.26971
0.256871
0.244787
0.233401
0.222667
0.212546
0.203005
0.19402
0.185568
0.177632
0.170197
0.163247
0.156767
0.150741
0.145152
0.139981
0.135209
0.130814
0.126775
0.123071
0.119678
0.116575
0.113742
0.111158
0.108803
0.106658
0.104708
0.102935
0.101325
0.0998633
0.0985375
0.0973357
0.0962471
0.0952616
0.09437
0.093564
0.0928359
0.0921786
0.0915857
0.0910513
0.09057
0.0901368
0.0897473
0.0893973
0.0890832
0.0888013
0.0885487
0.0883224
0.0881198
0.0879387
0.0877767
0.0876321
0.0875029
0.0873876
0.0872848
0.0871931
0.0871113
0.0870384
0.0869734
0.0869154
0.0868637
0.0868176
0.0867765
0.0867397
0.0867069
0.0866775
0.0866513
0.0866277
0.0866067
0.0865878
0.0865709
0.0865559
0.0865425
0.0865308
0.0865207
0.0865122
0.0865054
0.0865002
0.086497
0.961696
0.892193
0.829091
0.771723
0.719498
0.671886
0.628417
0.58867
0.552272
0.518887
0.488215
0.459989
0.433968
0.409935
0.387697
0.36708
0.347927
0.330098
0.313466
0.297921
0.283362
0.2697
0.25686
0.244775
0.233388
0.222653
0.21253
0.202988
0.194001
0.185549
0.177612
0.170176
0.163226
0.156746
0.15072
0.145131
0.13996
0.135188
0.130794
0.126756
0.123052
0.11966
0.116559
0.113727
0.111143
0.108789
0.106645
0.104696
0.102924
0.101314
0.0998536
0.0985286
0.0973275
0.0962395
0.0952546
0.0943637
0.0935583
0.0928307
0.0921739
0.0915815
0.0910475
0.0905665
0.0901338
0.0897446
0.0893949
0.089081
0.0887995
0.0885471
0.088321
0.0881187
0.0879377
0.0877759
0.0876314
0.0875024
0.0873872
0.0872845
0.0871929
0.0871112
0.0870383
0.0869734
0.0869155
0.0868638
0.0868178
0.0867766
0.0867399
0.0867071
0.0866777
0.0866515
0.0866279
0.0866069
0.086588
0.0865711
0.0865561
0.0865427
0.086531
0.0865209
0.0865123
0.0865055
0.0865004
0.0864971
0.961696
0.892193
0.829091
0.771724
0.719498
0.671886
0.628417
0.58867
0.552272
0.518886
0.488214
0.459988
0.433965
0.409932
0.387693
0.367075
0.347921
0.330091
0.313459
0.297912
0.283351
0.269688
0.256846
0.244759
0.233371
0.222634
0.21251
0.202966
0.193978
0.185524
0.177587
0.17015
0.163199
0.156719
0.150693
0.145104
0.139934
0.135163
0.13077
0.126733
0.12303
0.119639
0.116538
0.113707
0.111125
0.108771
0.106629
0.104681
0.10291
0.101301
0.0998415
0.0985174
0.0973172
0.0962301
0.095246
0.0943558
0.0935511
0.0928242
0.092168
0.0915762
0.0910427
0.0905623
0.09013
0.0897412
0.089392
0.0890784
0.0887972
0.0885451
0.0883193
0.0881172
0.0879365
0.0877749
0.0876306
0.0875017
0.0873867
0.0872841
0.0871926
0.087111
0.0870383
0.0869734
0.0869156
0.086864
0.0868179
0.0867769
0.0867402
0.0867073
0.086678
0.0866517
0.0866282
0.0866072
0.0865883
0.0865714
0.0865563
0.086543
0.0865312
0.0865211
0.0865125
0.0865057
0.0865006
0.0864973
0.961696
0.892193
0.829091
0.771724
0.719498
0.671886
0.628417
0.58867
0.552271
0.518885
0.488213
0.459986
0.433963
0.409929
0.387689
0.36707
0.347915
0.330083
0.31345
0.297901
0.283339
0.269674
0.25683
0.244741
0.233351
0.222612
0.212486
0.20294
0.193951
0.185495
0.177557
0.170119
0.163168
0.156687
0.150661
0.145073
0.139903
0.135133
0.13074
0.126704
0.123003
0.119613
0.116514
0.113684
0.111103
0.108751
0.10661
0.104663
0.102893
0.101286
0.0998271
0.0985041
0.097305
0.0962189
0.0952357
0.0943464
0.0935426
0.0928164
0.092161
0.0915698
0.091037
0.0905572
0.0901255
0.0897373
0.0893885
0.0890754
0.0887945
0.0885428
0.0883174
0.0881156
0.0879351
0.0877738
0.0876297
0.087501
0.0873862
0.0872838
0.0871924
0.0871109
0.0870383
0.0869735
0.0869157
0.0868642
0.0868182
0.0867771
0.0867405
0.0867077
0.0866784
0.0866521
0.0866286
0.0866075
0.0865886
0.0865717
0.0865566
0.0865433
0.0865315
0.0865213
0.0865128
0.0865059
0.0865008
0.0864976
0.961696
0.892193
0.829091
0.771724
0.719499
0.671886
0.628417
0.58867
0.552271
0.518885
0.488212
0.459984
0.43396
0.409925
0.387684
0.367064
0.347907
0.330074
0.313439
0.297889
0.283324
0.269657
0.256811
0.24472
0.233327
0.222586
0.212457
0.20291
0.193919
0.185462
0.177522
0.170083
0.163131
0.15665
0.150624
0.145036
0.139867
0.135098
0.130706
0.126671
0.122971
0.119583
0.116485
0.113657
0.111077
0.108727
0.106588
0.104642
0.102874
0.101268
0.0998103
0.0984887
0.0972908
0.0962058
0.0952238
0.0943355
0.0935327
0.0928074
0.0921529
0.0915625
0.0910305
0.0905514
0.0901202
0.0897326
0.0893844
0.0890718
0.0887915
0.0885402
0.0883151
0.0881137
0.0879335
0.0877725
0.0876287
0.0875002
0.0873856
0.0872833
0.0871921
0.0871108
0.0870383
0.0869736
0.0869159
0.0868644
0.0868185
0.0867775
0.0867408
0.0867081
0.0866788
0.0866525
0.086629
0.0866079
0.086589
0.0865721
0.086557
0.0865436
0.0865318
0.0865217
0.0865131
0.0865062
0.0865011
0.0864979
0.961697
0.892193
0.829092
0.771724
0.719499
0.671887
0.628417
0.58867
0.55227
0.518883
0.48821
0.459981
0.433957
0.40992
0.387678
0.367057
0.347899
0.330064
0.313426
0.297874
0.283307
0.269638
0.256789
0.244695
0.2333
0.222556
0.212425
0.202875
0.193882
0.185423
0.177482
0.170042
0.163089
0.156608
0.150582
0.144994
0.139826
0.135057
0.130667
0.126634
0.122935
0.119548
0.116452
0.113626
0.111048
0.108699
0.106562
0.104618
0.102851
0.101247
0.0997913
0.0984711
0.0972746
0.096191
0.0952102
0.0943231
0.0935214
0.0927972
0.0921436
0.0915542
0.091023
0.0905447
0.0901143
0.0897274
0.0893798
0.0890678
0.088788
0.0885372
0.0883125
0.0881115
0.0879317
0.087771
0.0876275
0.0874993
0.0873849
0.0872829
0.0871919
0.0871107
0.0870383
0.0869737
0.0869161
0.0868647
0.0868189
0.0867779
0.0867413
0.0867086
0.0866793
0.086653
0.0866295
0.0866084
0.0865895
0.0865726
0.0865574
0.086544
0.0865322
0.086522
0.0865135
0.0865066
0.0865015
0.0864983
0.961697
0.892194
0.829092
0.771725
0.719499
0.671887
0.628417
0.588669
0.552269
0.518882
0.488208
0.459978
0.433953
0.409915
0.387672
0.367049
0.347889
0.330052
0.313412
0.297858
0.283288
0.269616
0.256765
0.244668
0.233269
0.222523
0.212389
0.202836
0.19384
0.185379
0.177436
0.169996
0.163042
0.15656
0.150534
0.144947
0.13978
0.135012
0.130623
0.126591
0.122894
0.11951
0.116416
0.113591
0.111015
0.108669
0.106533
0.104591
0.102826
0.101224
0.0997699
0.0984513
0.0972564
0.0961743
0.095195
0.0943093
0.0935087
0.0927858
0.0921333
0.0915449
0.0910147
0.0905373
0.0901077
0.0897216
0.0893747
0.0890633
0.0887841
0.0885338
0.0883097
0.0881091
0.0879297
0.0877694
0.0876262
0.0874983
0.0873842
0.0872824
0.0871915
0.0871105
0.0870383
0.0869738
0.0869163
0.086865
0.0868193
0.0867783
0.0867418
0.0867091
0.0866798
0.0866536
0.08663
0.0866089
0.08659
0.0865731
0.0865579
0.0865445
0.0865327
0.0865224
0.0865139
0.086507
0.0865019
0.0864987
0.961697
0.892194
0.829092
0.771725
0.7195
0.671887
0.628417
0.588669
0.552269
0.518881
0.488206
0.459975
0.433949
0.40991
0.387665
0.36704
0.347878
0.330039
0.313397
0.29784
0.283267
0.269592
0.256737
0.244637
0.233235
0.222485
0.212348
0.202793
0.193794
0.185331
0.177386
0.169944
0.162989
0.156507
0.150481
0.144895
0.139728
0.134962
0.130575
0.126545
0.122849
0.119467
0.116375
0.113553
0.110979
0.108635
0.106501
0.104561
0.102799
0.101198
0.0997462
0.0984295
0.0972364
0.0961559
0.0951781
0.0942939
0.0934948
0.0927731
0.0921219
0.0915346
0.0910055
0.090529
0.0901004
0.0897151
0.089369
0.0890584
0.0887798
0.0885301
0.0883065
0.0881065
0.0879275
0.0877676
0.0876248
0.0874972
0.0873834
0.0872818
0.0871912
0.0871104
0.0870383
0.086974
0.0869166
0.0868654
0.0868197
0.0867788
0.0867423
0.0867096
0.0866804
0.0866541
0.0866306
0.0866095
0.0865906
0.0865736
0.0865584
0.086545
0.0865331
0.0865229
0.0865143
0.0865074
0.0865023
0.0864991
0.961697
0.892194
0.829093
0.771726
0.7195
0.671887
0.628417
0.588669
0.552268
0.518879
0.488203
0.459972
0.433944
0.409904
0.387657
0.36703
0.347866
0.330025
0.31338
0.297819
0.283244
0.269565
0.256707
0.244603
0.233198
0.222444
0.212304
0.202745
0.193743
0.185278
0.177331
0.169887
0.162932
0.156449
0.150423
0.144837
0.139672
0.134907
0.130521
0.126493
0.1228
0.11942
0.11633
0.11351
0.110939
0.108598
0.106467
0.104529
0.102769
0.10117
0.0997204
0.0984056
0.0972144
0.0961358
0.0951597
0.0942771
0.0934795
0.0927593
0.0921094
0.0915234
0.0909954
0.09052
0.0900924
0.089708
0.0893628
0.0890529
0.0887751
0.0885261
0.0883031
0.0881036
0.0879251
0.0877656
0.0876232
0.087496
0.0873825
0.0872812
0.0871908
0.0871102
0.0870383
0.0869741
0.0869169
0.0868658
0.0868201
0.0867794
0.0867429
0.0867102
0.086681
0.0866548
0.0866312
0.0866101
0.0865912
0.0865742
0.086559
0.0865455
0.0865336
0.0865234
0.0865148
0.0865079
0.0865027
0.0864995
0.961697
0.892194
0.829093
0.771726
0.719501
0.671888
0.628417
0.588668
0.552267
0.518878
0.488201
0.459968
0.433939
0.409897
0.387648
0.367019
0.347853
0.330009
0.313361
0.297798
0.283219
0.269536
0.256674
0.244566
0.233157
0.222399
0.212255
0.202693
0.193688
0.18522
0.177271
0.169825
0.162869
0.156386
0.15036
0.144775
0.13961
0.134847
0.130463
0.126437
0.122747
0.119369
0.116282
0.113465
0.110896
0.108557
0.106429
0.104494
0.102736
0.10114
0.0996923
0.0983797
0.0971906
0.0961139
0.0951398
0.0942589
0.093463
0.0927443
0.0920958
0.0915112
0.0909845
0.0905103
0.0900837
0.0897004
0.089356
0.089047
0.08877
0.0885217
0.0882993
0.0881004
0.0879225
0.0877635
0.0876215
0.0874947
0.0873815
0.0872805
0.0871904
0.08711
0.0870383
0.0869743
0.0869172
0.0868662
0.0868206
0.0867799
0.0867435
0.0867109
0.0866817
0.0866554
0.0866319
0.0866108
0.0865918
0.0865748
0.0865596
0.0865461
0.0865342
0.0865239
0.0865152
0.0865083
0.0865032
0.0865
0.961697
0.892195
0.829094
0.771727
0.719501
0.671888
0.628417
0.588668
0.552266
0.518876
0.488198
0.459964
0.433933
0.409889
0.387639
0.367008
0.347839
0.329992
0.313341
0.297774
0.283191
0.269505
0.256638
0.244526
0.233113
0.222351
0.212202
0.202636
0.193628
0.185157
0.177205
0.169758
0.1628
0.156317
0.150292
0.144707
0.139544
0.134782
0.130401
0.126377
0.122689
0.119314
0.11623
0.113415
0.11085
0.108514
0.106388
0.104456
0.102701
0.101107
0.099662
0.0983518
0.0971649
0.0960904
0.0951182
0.0942393
0.0934451
0.0927281
0.0920813
0.0914981
0.0909727
0.0904998
0.0900744
0.0896921
0.0893488
0.0890407
0.0887645
0.0885169
0.0882953
0.088097
0.0879197
0.0877612
0.0876196
0.0874932
0.0873804
0.0872797
0.0871899
0.0871097
0.0870382
0.0869744
0.0869175
0.0868666
0.0868211
0.0867805
0.0867441
0.0867115
0.0866823
0.0866561
0.0866326
0.0866114
0.0865925
0.0865754
0.0865602
0.0865466
0.0865347
0.0865244
0.0865157
0.0865088
0.0865037
0.0865005
0.961697
0.892195
0.829094
0.771727
0.719502
0.671889
0.628417
0.588668
0.552265
0.518874
0.488195
0.459959
0.433927
0.409881
0.387629
0.366995
0.347823
0.329973
0.313319
0.297748
0.283161
0.26947
0.2566
0.244483
0.233065
0.222298
0.212145
0.202575
0.193563
0.185089
0.177135
0.169686
0.162727
0.156243
0.150218
0.144634
0.139473
0.134713
0.130333
0.126312
0.122627
0.119255
0.116174
0.113362
0.1108
0.108467
0.106344
0.104415
0.102663
0.101072
0.0996296
0.098322
0.0971375
0.0960652
0.0950952
0.0942183
0.0934261
0.0927109
0.0920657
0.091484
0.0909601
0.0904885
0.0900644
0.0896833
0.089341
0.0890339
0.0887586
0.0885119
0.088291
0.0880933
0.0879166
0.0877587
0.0876176
0.0874916
0.0873792
0.0872789
0.0871893
0.0871094
0.0870382
0.0869745
0.0869177
0.086867
0.0868216
0.0867811
0.0867447
0.0867122
0.086683
0.0866568
0.0866333
0.0866121
0.0865931
0.0865761
0.0865608
0.0865472
0.0865353
0.0865249
0.0865162
0.0865093
0.0865041
0.0865009
0.961697
0.892196
0.829095
0.771728
0.719502
0.671889
0.628417
0.588667
0.552264
0.518872
0.488191
0.459955
0.43392
0.409873
0.387618
0.366981
0.347807
0.329953
0.313295
0.29772
0.283129
0.269434
0.256558
0.244437
0.233013
0.222242
0.212084
0.20251
0.193494
0.185016
0.17706
0.169609
0.162649
0.156164
0.15014
0.144557
0.139396
0.134638
0.130261
0.126243
0.122561
0.119192
0.116114
0.113306
0.110747
0.108417
0.106298
0.104372
0.102622
0.101035
0.0995951
0.0982902
0.0971083
0.0960385
0.0950708
0.094196
0.0934058
0.0926925
0.0920491
0.0914691
0.0909467
0.0904766
0.0900538
0.0896739
0.0893328
0.0890267
0.0887523
0.0885064
0.0882863
0.0880894
0.0879133
0.087756
0.0876154
0.0874899
0.0873779
0.0872779
0.0871887
0.0871091
0.087038
0.0869746
0.086918
0.0868674
0.0868221
0.0867816
0.0867454
0.0867129
0.0866837
0.0866575
0.086634
0.0866128
0.0865938
0.0865767
0.0865614
0.0865478
0.0865358
0.0865254
0.0865167
0.0865097
0.0865046
0.0865014
0.961697
0.892196
0.829095
0.771729
0.719503
0.671889
0.628417
0.588667
0.552262
0.518869
0.488188
0.459949
0.433913
0.409864
0.387606
0.366967
0.347789
0.329932
0.31327
0.297691
0.283095
0.269395
0.256514
0.244387
0.232958
0.222182
0.212019
0.20244
0.19342
0.184939
0.17698
0.169527
0.162565
0.15608
0.150056
0.144474
0.139315
0.13456
0.130185
0.12617
0.12249
0.119125
0.116051
0.113246
0.110691
0.108364
0.106249
0.104326
0.10258
0.100995
0.0995586
0.0982566
0.0970774
0.0960101
0.0950449
0.0941724
0.0933843
0.0926731
0.0920315
0.0914533
0.0909326
0.0904639
0.0900426
0.0896639
0.089324
0.089019
0.0887456
0.0885007
0.0882814
0.0880853
0.0879099
0.0877531
0.0876131
0.0874881
0.0873765
0.0872769
0.087188
0.0871087
0.0870379
0.0869747
0.0869182
0.0868677
0.0868226
0.0867822
0.086746
0.0867136
0.0866844
0.0866583
0.0866347
0.0866135
0.0865945
0.0865773
0.086562
0.0865484
0.0865364
0.086526
0.0865172
0.0865102
0.086505
0.0865018
0.961698
0.892196
0.829096
0.771729
0.719504
0.67189
0.628417
0.588666
0.552261
0.518867
0.488184
0.459944
0.433906
0.409854
0.387594
0.366951
0.34777
0.329909
0.313243
0.297659
0.283058
0.269353
0.256467
0.244334
0.2329
0.222118
0.21195
0.202366
0.193342
0.184857
0.176894
0.169439
0.162477
0.155991
0.149967
0.144386
0.139229
0.134476
0.130104
0.126092
0.122416
0.119054
0.115984
0.113183
0.110631
0.108309
0.106197
0.104277
0.102535
0.100954
0.0995202
0.0982211
0.0970448
0.0959803
0.0950176
0.0941475
0.0933617
0.0926526
0.092013
0.0914366
0.0909176
0.0904506
0.0900307
0.0896534
0.0893147
0.0890109
0.0887386
0.0884946
0.0882762
0.0880808
0.0879062
0.0877501
0.0876106
0.0874861
0.087375
0.0872758
0.0871873
0.0871082
0.0870377
0.0869747
0.0869184
0.0868681
0.0868231
0.0867828
0.0867466
0.0867142
0.0866851
0.0866589
0.0866354
0.0866142
0.0865951
0.086578
0.0865626
0.0865489
0.0865369
0.0865264
0.0865177
0.0865106
0.0865054
0.0865022
0.961698
0.892197
0.829097
0.77173
0.719504
0.67189
0.628417
0.588665
0.552259
0.518864
0.48818
0.459938
0.433898
0.409843
0.38758
0.366935
0.34775
0.329885
0.313214
0.297625
0.283019
0.269308
0.256416
0.244278
0.232838
0.22205
0.211876
0.202287
0.193259
0.18477
0.176804
0.169347
0.162383
0.155897
0.149874
0.144294
0.139139
0.134388
0.130019
0.12601
0.122338
0.11898
0.115913
0.113117
0.110569
0.10825
0.106142
0.104227
0.102488
0.10091
0.0994798
0.0981839
0.0970106
0.095949
0.094989
0.0941214
0.093338
0.0926311
0.0919936
0.0914192
0.090902
0.0904366
0.0900182
0.0896424
0.089305
0.0890024
0.0887312
0.0884882
0.0882707
0.0880762
0.0879022
0.0877468
0.087608
0.087484
0.0873734
0.0872746
0.0871864
0.0871077
0.0870374
0.0869746
0.0869185
0.0868684
0.0868235
0.0867833
0.0867472
0.0867149
0.0866858
0.0866596
0.0866361
0.0866148
0.0865957
0.0865786
0.0865631
0.0865494
0.0865373
0.0865269
0.0865181
0.086511
0.0865058
0.0865026
0.961698
0.892197
0.829097
0.771731
0.719505
0.671891
0.628418
0.588665
0.552258
0.518861
0.488176
0.459932
0.433889
0.409832
0.387566
0.366917
0.347728
0.329859
0.313183
0.29759
0.282978
0.269261
0.256363
0.244219
0.232772
0.221978
0.211799
0.202205
0.193171
0.184678
0.176709
0.16925
0.162285
0.155799
0.149775
0.144197
0.139044
0.134296
0.12993
0.125925
0.122256
0.118902
0.11584
0.113047
0.110504
0.108189
0.106085
0.104173
0.102438
0.100864
0.0994376
0.0981451
0.0969749
0.0959162
0.094959
0.0940942
0.0933132
0.0926086
0.0919733
0.0914009
0.0908856
0.090422
0.0900052
0.0896308
0.0892948
0.0889935
0.0887234
0.0884815
0.0882649
0.0880713
0.0878981
0.0877434
0.0876052
0.0874818
0.0873716
0.0872732
0.0871854
0.0871071
0.0870371
0.0869745
0.0869186
0.0868686
0.0868239
0.0867837
0.0867478
0.0867155
0.0866864
0.0866602
0.0866367
0.0866155
0.0865963
0.0865791
0.0865637
0.0865499
0.0865378
0.0865273
0.0865184
0.0865113
0.0865061
0.0865029
0.961698
0.892198
0.829098
0.771732
0.719506
0.671891
0.628418
0.588664
0.552256
0.518858
0.488171
0.459925
0.43388
0.40982
0.387551
0.366898
0.347705
0.329832
0.313151
0.297552
0.282935
0.269212
0.256307
0.244156
0.232703
0.221902
0.211717
0.202117
0.193079
0.184582
0.17661
0.169148
0.162181
0.155695
0.149672
0.144095
0.138945
0.134199
0.129837
0.125835
0.122171
0.118821
0.115763
0.112975
0.110435
0.108125
0.106025
0.104118
0.102387
0.100817
0.0993936
0.0981045
0.0969377
0.0958821
0.0949279
0.0940658
0.0932874
0.0925852
0.0919522
0.0913819
0.0908685
0.0904067
0.0899916
0.0896188
0.0892842
0.0889841
0.0887152
0.0884744
0.0882589
0.0880661
0.0878937
0.0877397
0.0876022
0.0874794
0.0873697
0.0872718
0.0871844
0.0871063
0.0870366
0.0869744
0.0869187
0.0868688
0.0868242
0.0867842
0.0867483
0.086716
0.086687
0.0866608
0.0866373
0.086616
0.0865969
0.0865796
0.0865641
0.0865503
0.0865382
0.0865276
0.0865187
0.0865116
0.0865064
0.0865031
0.961698
0.892198
0.829099
0.771733
0.719507
0.671892
0.628418
0.588663
0.552254
0.518855
0.488166
0.459918
0.433871
0.409808
0.387535
0.366879
0.347681
0.329803
0.313117
0.297512
0.282889
0.26916
0.256248
0.24409
0.23263
0.221823
0.211632
0.202026
0.192982
0.184481
0.176505
0.169041
0.162073
0.155587
0.149565
0.143989
0.138841
0.134098
0.12974
0.125742
0.122082
0.118736
0.115683
0.112899
0.110365
0.108059
0.105963
0.10406
0.102333
0.100767
0.0993479
0.0980625
0.0968991
0.0958467
0.0948955
0.0940363
0.0932606
0.0925609
0.0919302
0.0913621
0.0908508
0.0903908
0.0899775
0.0896063
0.0892731
0.0889744
0.0887067
0.088467
0.0882525
0.0880607
0.0878892
0.0877359
0.087599
0.0874768
0.0873676
0.0872702
0.0871832
0.0871055
0.0870361
0.0869741
0.0869186
0.0868689
0.0868244
0.0867845
0.0867487
0.0867165
0.0866875
0.0866614
0.0866378
0.0866165
0.0865973
0.08658
0.0865645
0.0865507
0.0865385
0.0865279
0.086519
0.0865118
0.0865066
0.0865033
0.961699
0.892199
0.8291
0.771734
0.719508
0.671893
0.628418
0.588663
0.552252
0.518852
0.488161
0.45991
0.433861
0.409795
0.387518
0.366858
0.347656
0.329773
0.313081
0.297471
0.282841
0.269105
0.256187
0.244021
0.232554
0.22174
0.211542
0.20193
0.192881
0.184375
0.176397
0.16893
0.161961
0.155474
0.149453
0.143879
0.138733
0.133994
0.129639
0.125645
0.121989
0.118648
0.1156
0.112821
0.110291
0.10799
0.105899
0.104001
0.102278
0.100716
0.0993007
0.098019
0.0968591
0.0958101
0.0948621
0.0940058
0.0932329
0.0925358
0.0919075
0.0913417
0.0908324
0.0903744
0.0899628
0.0895933
0.0892617
0.0889643
0.0886979
0.0884594
0.0882459
0.088055
0.0878844
0.0877319
0.0875957
0.0874741
0.0873655
0.0872685
0.0871819
0.0871046
0.0870355
0.0869737
0.0869184
0.086869
0.0868246
0.0867848
0.086749
0.0867169
0.0866879
0.0866618
0.0866382
0.0866169
0.0865977
0.0865804
0.0865648
0.0865509
0.0865387
0.0865281
0.0865191
0.0865119
0.0865067
0.0865034
0.961699
0.8922
0.829101
0.771735
0.719509
0.671893
0.628418
0.588662
0.55225
0.518848
0.488155
0.459903
0.43385
0.409781
0.387501
0.366836
0.347629
0.329741
0.313044
0.297427
0.282791
0.269048
0.256122
0.243949
0.232475
0.221654
0.211448
0.20183
0.192776
0.184266
0.176283
0.168814
0.161844
0.155357
0.149336
0.143764
0.138621
0.133885
0.129534
0.125545
0.121894
0.118558
0.115514
0.11274
0.110215
0.107919
0.105833
0.103939
0.102221
0.100663
0.0992519
0.0979741
0.0968179
0.0957723
0.0948275
0.0939743
0.0932043
0.0925099
0.0918841
0.0913205
0.0908134
0.0903574
0.0899477
0.0895798
0.0892498
0.0889539
0.0886888
0.0884514
0.088239
0.0880491
0.0878793
0.0877276
0.0875921
0.0874712
0.0873631
0.0872666
0.0871805
0.0871035
0.0870347
0.0869732
0.0869182
0.0868689
0.0868247
0.086785
0.0867493
0.0867172
0.0866883
0.0866622
0.0866386
0.0866173
0.086598
0.0865807
0.0865651
0.0865511
0.0865388
0.0865282
0.0865192
0.086512
0.0865067
0.0865034
0.961699
0.8922
0.829102
0.771736
0.71951
0.671894
0.628418
0.588661
0.552248
0.518844
0.488149
0.459894
0.433838
0.409766
0.387482
0.366813
0.347602
0.329707
0.313005
0.297381
0.282738
0.268988
0.256055
0.243874
0.232392
0.221563
0.211351
0.201727
0.192666
0.184151
0.176166
0.168694
0.161723
0.155235
0.149216
0.143646
0.138505
0.133773
0.129426
0.125441
0.121795
0.118464
0.115425
0.112657
0.110137
0.107846
0.105765
0.103876
0.102162
0.100609
0.0992017
0.0979279
0.0967755
0.0957335
0.0947921
0.093942
0.0931749
0.0924832
0.09186
0.0912988
0.0907939
0.0903399
0.0899321
0.089566
0.0892375
0.0889431
0.0886793
0.0884432
0.0882319
0.088043
0.0878741
0.0877232
0.0875884
0.0874681
0.0873606
0.0872646
0.0871789
0.0871023
0.0870339
0.0869726
0.0869178
0.0868687
0.0868246
0.0867851
0.0867495
0.0867174
0.0866885
0.0866624
0.0866388
0.0866175
0.0865982
0.0865808
0.0865652
0.0865512
0.0865389
0.0865281
0.0865191
0.0865119
0.0865066
0.0865033
0.961699
0.892201
0.829103
0.771737
0.719511
0.671894
0.628418
0.58866
0.552246
0.51884
0.488143
0.459885
0.433826
0.40975
0.387463
0.366789
0.347572
0.329673
0.312964
0.297334
0.282683
0.268925
0.255984
0.243796
0.232306
0.221469
0.21125
0.201619
0.192553
0.184033
0.176044
0.16857
0.161597
0.15511
0.149092
0.143524
0.138386
0.133657
0.129315
0.125334
0.121693
0.118368
0.115334
0.112571
0.110057
0.107771
0.105695
0.103811
0.102102
0.100553
0.0991503
0.0978805
0.096732
0.0956937
0.0947557
0.0939088
0.0931447
0.0924559
0.0918353
0.0912765
0.0907739
0.090322
0.0899161
0.0895517
0.0892249
0.0889319
0.0886695
0.0884346
0.0882245
0.0880366
0.0878686
0.0877186
0.0875845
0.0874648
0.0873579
0.0872625
0.0871772
0.087101
0.0870329
0.0869719
0.0869173
0.0868684
0.0868245
0.086785
0.0867495
0.0867175
0.0866887
0.0866626
0.086639
0.0866176
0.0865983
0.0865809
0.0865652
0.0865512
0.0865388
0.086528
0.086519
0.0865117
0.0865063
0.0865031
0.9617
0.892202
0.829104
0.771738
0.719512
0.671895
0.628418
0.588659
0.552243
0.518836
0.488136
0.459876
0.433814
0.409734
0.387442
0.366764
0.347542
0.329636
0.312921
0.297284
0.282626
0.26886
0.255911
0.243715
0.232217
0.221372
0.211146
0.201508
0.192436
0.183911
0.175918
0.168442
0.161468
0.154981
0.148964
0.143398
0.138263
0.133538
0.1292
0.125225
0.121589
0.118269
0.115241
0.112483
0.109975
0.107694
0.105623
0.103744
0.10204
0.100496
0.0990977
0.0978321
0.0966875
0.095653
0.0947184
0.0938749
0.0931139
0.0924279
0.09181
0.0912537
0.0907533
0.0903036
0.0898996
0.0895371
0.0892119
0.0889205
0.0886595
0.0884258
0.0882168
0.08803
0.0878629
0.0877137
0.0875804
0.0874614
0.0873551
0.0872602
0.0871753
0.0870995
0.0870317
0.086971
0.0869167
0.086868
0.0868242
0.0867849
0.0867494
0.0867175
0.0866887
0.0866626
0.086639
0.0866177
0.0865983
0.0865808
0.0865651
0.086551
0.0865386
0.0865278
0.0865187
0.0865114
0.086506
0.0865027
0.9617
0.892202
0.829105
0.771739
0.719513
0.671896
0.628417
0.588657
0.55224
0.518831
0.488129
0.459866
0.433801
0.409717
0.387421
0.366737
0.34751
0.329598
0.312876
0.297232
0.282567
0.268793
0.255836
0.243631
0.232124
0.221272
0.211038
0.201393
0.192315
0.183786
0.175789
0.16831
0.161335
0.154848
0.148832
0.143269
0.138138
0.133417
0.129083
0.125113
0.121482
0.118168
0.115146
0.112394
0.109891
0.107616
0.10555
0.103676
0.101977
0.100438
0.099044
0.0977828
0.0966422
0.0956114
0.0946805
0.0938403
0.0930824
0.0923994
0.0917841
0.0912304
0.0907324
0.0902848
0.0898828
0.0895221
0.0891986
0.0889087
0.0886491
0.0884168
0.0882089
0.0880231
0.087857
0.0877087
0.0875762
0.0874578
0.0873521
0.0872577
0.0871733
0.0870979
0.0870304
0.08697
0.0869159
0.0868674
0.0868238
0.0867845
0.0867492
0.0867173
0.0866886
0.0866625
0.0866389
0.0866175
0.0865981
0.0865806
0.0865648
0.0865507
0.0865382
0.0865274
0.0865182
0.0865109
0.0865055
0.0865022
0.9617
0.892203
0.829106
0.77174
0.719514
0.671896
0.628417
0.588656
0.552237
0.518826
0.488121
0.459855
0.433787
0.409699
0.387398
0.36671
0.347477
0.329559
0.31283
0.297179
0.282505
0.268723
0.255758
0.243544
0.232029
0.221168
0.210926
0.201275
0.192191
0.183656
0.175656
0.168175
0.161199
0.154712
0.148698
0.143137
0.138009
0.133292
0.128963
0.124999
0.121374
0.118065
0.115048
0.112302
0.109805
0.107536
0.105476
0.103607
0.101913
0.100379
0.0989895
0.0977326
0.0965961
0.0955693
0.094642
0.0938051
0.0930505
0.0923704
0.0917579
0.0912067
0.0907111
0.0902657
0.0898657
0.0895068
0.0891851
0.0888967
0.0886386
0.0884075
0.0882008
0.0880161
0.087851
0.0877034
0.0875717
0.087454
0.0873489
0.087255
0.0871711
0.0870961
0.087029
0.0869689
0.086915
0.0868666
0.0868232
0.0867841
0.0867488
0.086717
0.0866883
0.0866622
0.0866386
0.0866172
0.0865978
0.0865803
0.0865644
0.0865503
0.0865377
0.0865268
0.0865177
0.0865103
0.0865049
0.0865016
0.9617
0.892204
0.829107
0.771742
0.719515
0.671897
0.628417
0.588654
0.552234
0.51882
0.488113
0.459844
0.433772
0.40968
0.387375
0.366681
0.347442
0.329518
0.312782
0.297123
0.282442
0.268652
0.255677
0.243455
0.231931
0.221062
0.210812
0.201153
0.192063
0.183524
0.17552
0.168037
0.16106
0.154573
0.14856
0.143002
0.137878
0.133166
0.128842
0.124882
0.121263
0.11796
0.11495
0.11221
0.109718
0.107455
0.1054
0.103537
0.101848
0.100319
0.0989342
0.0976817
0.0965495
0.0955265
0.0946029
0.0937695
0.0930181
0.092341
0.0917313
0.0911827
0.0906894
0.0902462
0.0898483
0.0894913
0.0891712
0.0888845
0.0886277
0.088398
0.0881925
0.0880088
0.0878447
0.087698
0.087567
0.08745
0.0873455
0.0872522
0.0871687
0.0870941
0.0870273
0.0869675
0.0869139
0.0868657
0.0868224
0.0867835
0.0867483
0.0867166
0.0866878
0.0866618
0.0866382
0.0866168
0.0865973
0.0865797
0.0865639
0.0865497
0.0865371
0.0865261
0.0865169
0.0865096
0.0865041
0.0865008
0.961701
0.892205
0.829108
0.771743
0.719516
0.671897
0.628416
0.588652
0.55223
0.518815
0.488105
0.459832
0.433756
0.40966
0.38735
0.366651
0.347406
0.329475
0.312733
0.297066
0.282377
0.268578
0.255595
0.243363
0.231831
0.220953
0.210695
0.201029
0.191933
0.183389
0.175381
0.167896
0.160918
0.154432
0.148421
0.142865
0.137745
0.133037
0.128718
0.124764
0.121151
0.117854
0.11485
0.112116
0.10963
0.107373
0.105324
0.103466
0.101783
0.100258
0.0988783
0.0976304
0.0965023
0.0954833
0.0945634
0.0937335
0.0929853
0.0923112
0.0917043
0.0911583
0.0906675
0.0902265
0.0898307
0.0894755
0.0891572
0.088872
0.0886167
0.0883883
0.088184
0.0880013
0.0878382
0.0876924
0.0875622
0.0874459
0.087342
0.0872492
0.0871662
0.087092
0.0870255
0.086966
0.0869126
0.0868646
0.0868215
0.0867827
0.0867476
0.0867159
0.0866872
0.0866612
0.0866376
0.0866162
0.0865967
0.0865791
0.0865632
0.0865489
0.0865363
0.0865253
0.0865161
0.0865086
0.0865032
0.0864999
0.961701
0.892206
0.829109
0.771744
0.719517
0.671898
0.628416
0.58865
0.552226
0.518808
0.488096
0.45982
0.43374
0.40964
0.387325
0.36662
0.347369
0.329432
0.312681
0.297007
0.282309
0.268502
0.25551
0.24327
0.231728
0.220842
0.210576
0.200903
0.191801
0.183251
0.17524
0.167752
0.160774
0.154288
0.148279
0.142727
0.13761
0.132907
0.128593
0.124645
0.121038
0.117747
0.114749
0.112021
0.109542
0.10729
0.105247
0.103395
0.101717
0.100197
0.0988221
0.0975786
0.0964548
0.0954398
0.0945237
0.0936973
0.0929523
0.0922813
0.0916772
0.0911338
0.0906454
0.0902066
0.0898128
0.0894596
0.089143
0.0888594
0.0886055
0.0883784
0.0881752
0.0879937
0.0878315
0.0876866
0.0875571
0.0874415
0.0873382
0.0872459
0.0871634
0.0870896
0.0870235
0.0869643
0.0869111
0.0868634
0.0868204
0.0867817
0.0867467
0.0867151
0.0866864
0.0866604
0.0866368
0.0866154
0.0865959
0.0865782
0.0865623
0.086548
0.0865353
0.0865243
0.086515
0.0865076
0.0865021
0.0864988
0.961701
0.892206
0.82911
0.771745
0.719518
0.671898
0.628415
0.588648
0.552222
0.518801
0.488086
0.459807
0.433723
0.409618
0.387298
0.366588
0.347331
0.329386
0.312629
0.296947
0.282241
0.268425
0.255423
0.243174
0.231624
0.220729
0.210455
0.200774
0.191666
0.183112
0.175097
0.167607
0.160628
0.154143
0.148136
0.142587
0.137474
0.132776
0.128468
0.124525
0.120924
0.117639
0.114648
0.111926
0.109453
0.107207
0.10517
0.103323
0.10165
0.100136
0.0987657
0.0975267
0.0964072
0.0953962
0.0944838
0.0936609
0.0929192
0.0922512
0.0916499
0.0911091
0.0906231
0.0901866
0.0897948
0.0894435
0.0891286
0.0888466
0.0885941
0.0883683
0.0881664
0.0879859
0.0878246
0.0876806
0.0875519
0.087437
0.0873343
0.0872426
0.0871605
0.0870871
0.0870213
0.0869624
0.0869095
0.0868619
0.0868191
0.0867805
0.0867456
0.0867141
0.0866855
0.0866595
0.0866359
0.0866144
0.0865949
0.0865772
0.0865612
0.0865469
0.0865341
0.0865231
0.0865138
0.0865063
0.0865008
0.0864975
0.961702
0.892207
0.829111
0.771747
0.719518
0.671898
0.628414
0.588645
0.552217
0.518794
0.488076
0.459793
0.433705
0.409596
0.38727
0.366554
0.347291
0.32934
0.312575
0.296885
0.282171
0.268346
0.255336
0.243077
0.231518
0.220614
0.210332
0.200645
0.19153
0.182971
0.174953
0.167461
0.160481
0.153997
0.147992
0.142446
0.137338
0.132644
0.128341
0.124405
0.120809
0.117531
0.114546
0.111831
0.109364
0.107124
0.105093
0.103252
0.101584
0.100075
0.0987092
0.0974748
0.0963596
0.0953526
0.0944439
0.0936245
0.092886
0.092221
0.0916226
0.0910844
0.0906008
0.0901665
0.0897768
0.0894273
0.0891141
0.0888336
0.0885826
0.0883581
0.0881573
0.0879779
0.0878176
0.0876744
0.0875465
0.0874323
0.0873302
0.087239
0.0871574
0.0870844
0.087019
0.0869603
0.0869076
0.0868603
0.0868176
0.0867791
0.0867444
0.0867129
0.0866843
0.0866583
0.0866347
0.0866133
0.0865937
0.086576
0.0865599
0.0865456
0.0865328
0.0865217
0.0865124
0.0865049
0.0864994
0.0864961
0.961702
0.892208
0.829113
0.771748
0.719519
0.671898
0.628412
0.588642
0.552212
0.518786
0.488064
0.459778
0.433686
0.409572
0.387241
0.36652
0.34725
0.329292
0.31252
0.296822
0.282099
0.268266
0.255247
0.242979
0.231411
0.220498
0.210208
0.200514
0.191393
0.18283
0.174808
0.167314
0.160334
0.153851
0.147848
0.142305
0.137201
0.132512
0.128215
0.124284
0.120695
0.117423
0.114444
0.111736
0.109275
0.107041
0.105016
0.10318
0.101518
0.100014
0.098653
0.0974232
0.0963121
0.0953091
0.0944042
0.0935882
0.092853
0.092191
0.0915954
0.0910597
0.0905785
0.0901464
0.0897587
0.089411
0.0890996
0.0888206
0.088571
0.0883478
0.0881482
0.0879698
0.0878105
0.0876681
0.087541
0.0874274
0.0873259
0.0872352
0.0871541
0.0870814
0.0870164
0.086958
0.0869056
0.0868584
0.0868159
0.0867776
0.0867429
0.0867115
0.0866829
0.086657
0.0866334
0.0866119
0.0865923
0.0865746
0.0865585
0.0865441
0.0865313
0.0865202
0.0865108
0.0865033
0.0864978
0.0864945
0.961702
0.892209
0.829114
0.771749
0.71952
0.671897
0.628411
0.588639
0.552206
0.518777
0.488052
0.459762
0.433666
0.409547
0.387212
0.366484
0.347209
0.329244
0.312464
0.296758
0.282027
0.268185
0.255157
0.24288
0.231303
0.220382
0.210084
0.200383
0.191256
0.182688
0.174663
0.167168
0.160187
0.153705
0.147704
0.142165
0.137065
0.132381
0.128089
0.124164
0.120582
0.117316
0.114344
0.111641
0.109187
0.106959
0.104939
0.103109
0.101453
0.0999532
0.0985973
0.0973719
0.0962651
0.095266
0.0943648
0.0935523
0.0928202
0.0921612
0.0915683
0.0910352
0.0905563
0.0901264
0.0897406
0.0893948
0.089085
0.0888076
0.0885594
0.0883374
0.0881389
0.0879616
0.0878032
0.0876617
0.0875353
0.0874223
0.0873214
0.0872312
0.0871505
0.0870783
0.0870136
0.0869555
0.0869033
0.0868564
0.086814
0.0867758
0.0867412
0.0867098
0.0866813
0.0866554
0.0866318
0.0866103
0.0865907
0.0865729
0.0865568
0.0865424
0.0865296
0.0865184
0.086509
0.0865015
0.086496
0.0864927
0.961703
0.89221
0.829115
0.77175
0.71952
0.671897
0.628408
0.588634
0.552199
0.518768
0.48804
0.459746
0.433645
0.409522
0.387181
0.366448
0.347166
0.329195
0.312408
0.296694
0.281955
0.268104
0.255067
0.242781
0.231195
0.220266
0.20996
0.200252
0.19112
0.182547
0.174519
0.167022
0.160041
0.15356
0.147561
0.142025
0.136929
0.132251
0.127965
0.124046
0.120469
0.11721
0.114244
0.111548
0.109099
0.106878
0.104864
0.10304
0.101388
0.0998936
0.0985424
0.0973214
0.0962187
0.0952235
0.0943259
0.0935167
0.0927879
0.0921317
0.0915415
0.0910109
0.0905343
0.0901065
0.0897227
0.0893787
0.0890705
0.0887946
0.0885477
0.088327
0.0881296
0.0879533
0.0877958
0.0876551
0.0875294
0.0874171
0.0873168
0.0872271
0.0871468
0.087075
0.0870106
0.0869528
0.0869008
0.0868541
0.0868119
0.0867738
0.0867393
0.086708
0.0866795
0.0866536
0.0866301
0.0866085
0.086589
0.0865711
0.086555
0.0865405
0.0865277
0.0865165
0.0865071
0.0864995
0.086494
0.0864907
0.961703
0.892211
0.829116
0.77175
0.71952
0.671896
0.628406
0.58863
0.552192
0.518757
0.488026
0.459728
0.433624
0.409495
0.38715
0.366411
0.347123
0.329145
0.312351
0.29663
0.281882
0.268023
0.254977
0.242683
0.231088
0.220151
0.209838
0.200122
0.190984
0.182407
0.174376
0.166877
0.159896
0.153416
0.14742
0.141888
0.136796
0.132123
0.127842
0.123929
0.120359
0.117106
0.114146
0.111456
0.109014
0.106798
0.10479
0.102971
0.101324
0.099835
0.0984885
0.0972718
0.0961732
0.0951818
0.0942877
0.0934818
0.092756
0.0921028
0.0915152
0.090987
0.0905126
0.0900869
0.089705
0.0893627
0.0890561
0.0887816
0.0885361
0.0883165
0.0881203
0.0879449
0.0877883
0.0876484
0.0875234
0.0874117
0.087312
0.0872228
0.0871429
0.0870715
0.0870074
0.0869498
0.0868981
0.0868515
0.0868095
0.0867715
0.0867371
0.0867059
0.0866775
0.0866516
0.0866281
0.0866066
0.0865869
0.0865691
0.0865529
0.0865384
0.0865255
0.0865143
0.0865049
0.0864973
0.0864918
0.0864885
0.961704
0.892212
0.829117
0.771751
0.71952
0.671894
0.628402
0.588624
0.552184
0.518746
0.488011
0.45971
0.433601
0.409468
0.387117
0.366373
0.34708
0.329095
0.312294
0.296566
0.281811
0.267943
0.254889
0.242586
0.230983
0.220037
0.209717
0.199995
0.190851
0.18227
0.174236
0.166736
0.159754
0.153276
0.147282
0.141753
0.136666
0.131997
0.127722
0.123815
0.120251
0.117004
0.114051
0.111367
0.10893
0.106721
0.104718
0.102904
0.101263
0.0997779
0.0984359
0.0972234
0.0961288
0.0951411
0.0942504
0.0934478
0.0927249
0.0920744
0.0914894
0.0909636
0.0904914
0.0900676
0.0896875
0.0893469
0.0890419
0.0887688
0.0885246
0.0883061
0.0881109
0.0879365
0.0877807
0.0876416
0.0875173
0.0874062
0.087307
0.0872183
0.0871389
0.0870677
0.087004
0.0869467
0.0868952
0.0868488
0.0868069
0.0867691
0.0867348
0.0867036
0.0866753
0.0866494
0.0866259
0.0866043
0.0865847
0.0865669
0.0865507
0.0865362
0.0865233
0.086512
0.0865026
0.086495
0.0864895
0.0864862
0.961704
0.892212
0.829118
0.771751
0.719519
0.671892
0.628398
0.588617
0.552174
0.518734
0.487995
0.45969
0.433577
0.40944
0.387085
0.366336
0.347036
0.329046
0.312238
0.296503
0.28174
0.267864
0.254802
0.242491
0.23088
0.219927
0.209599
0.19987
0.190722
0.182136
0.174099
0.166598
0.159616
0.153139
0.147148
0.141622
0.136539
0.131875
0.127606
0.123704
0.120146
0.116905
0.113958
0.11128
0.108849
0.106645
0.104648
0.102839
0.101203
0.0997226
0.0983849
0.0971766
0.0960857
0.0951016
0.0942143
0.0934147
0.0926948
0.0920469
0.0914643
0.0909408
0.0904707
0.0900488
0.0896705
0.0893315
0.0890279
0.0887562
0.0885131
0.0882958
0.0881016
0.0879281
0.0877732
0.0876347
0.0875111
0.0874006
0.0873019
0.0872136
0.0871346
0.0870638
0.0870004
0.0869433
0.0868921
0.0868459
0.0868041
0.0867664
0.0867322
0.0867011
0.0866728
0.086647
0.0866234
0.0866019
0.0865823
0.0865644
0.0865482
0.0865337
0.0865208
0.0865095
0.0865001
0.0864925
0.086487
0.0864837
0.961704
0.892213
0.829118
0.771751
0.719518
0.671889
0.628393
0.58861
0.552164
0.51872
0.487979
0.45967
0.433553
0.409412
0.387052
0.366298
0.346993
0.328997
0.312183
0.296441
0.281671
0.267788
0.254718
0.242399
0.23078
0.219819
0.209484
0.19975
0.190596
0.182007
0.173967
0.166464
0.159483
0.153007
0.147018
0.141496
0.136417
0.131758
0.127493
0.123598
0.120045
0.11681
0.113869
0.111196
0.108772
0.106573
0.104581
0.102777
0.101145
0.0996696
0.098336
0.0971316
0.0960444
0.0950637
0.0941795
0.0933829
0.0926657
0.0920204
0.0914401
0.0909187
0.0904506
0.0900306
0.089654
0.0893165
0.0890143
0.0887439
0.088502
0.0882857
0.0880925
0.0879198
0.0877656
0.0876279
0.0875049
0.0873949
0.0872967
0.0872089
0.0871302
0.0870598
0.0869966
0.0869398
0.0868887
0.0868427
0.0868011
0.0867635
0.0867294
0.0866983
0.0866701
0.0866443
0.0866208
0.0865993
0.0865797
0.0865618
0.0865456
0.0865311
0.0865181
0.0865069
0.0864974
0.0864899
0.0864844
0.0864811
0.961705
0.892214
0.829118
0.771751
0.719516
0.671885
0.628387
0.588601
0.552153
0.518706
0.487961
0.459649
0.433529
0.409384
0.387019
0.366261
0.346951
0.328949
0.31213
0.296381
0.281605
0.267715
0.254637
0.242311
0.230684
0.219717
0.209375
0.199635
0.190476
0.181883
0.173841
0.166337
0.159356
0.152881
0.146894
0.141375
0.1363
0.131646
0.127387
0.123496
0.119949
0.11672
0.113784
0.111117
0.108698
0.106504
0.104517
0.102718
0.101091
0.0996191
0.0982895
0.0970888
0.0960051
0.0950276
0.0941464
0.0933526
0.092638
0.091995
0.091417
0.0908977
0.0904314
0.0900131
0.089638
0.089302
0.0890011
0.0887319
0.0884911
0.0882758
0.0880834
0.0879116
0.0877581
0.087621
0.0874986
0.0873892
0.0872914
0.087204
0.0871257
0.0870556
0.0869926
0.0869361
0.0868852
0.0868394
0.0867979
0.0867604
0.0867264
0.0866954
0.0866672
0.0866415
0.086618
0.0865965
0.0865769
0.086559
0.0865428
0.0865283
0.0865154
0.0865041
0.0864947
0.0864871
0.0864817
0.0864784
0.961705
0.892214
0.829118
0.771749
0.719513
0.67188
0.62838
0.588592
0.552141
0.518691
0.487943
0.459628
0.433504
0.409356
0.386987
0.366225
0.346911
0.328904
0.312079
0.296325
0.281542
0.267645
0.254561
0.242228
0.230594
0.21962
0.209272
0.199527
0.190364
0.181767
0.173723
0.166217
0.159236
0.152762
0.146778
0.141262
0.136191
0.131541
0.127286
0.123401
0.119859
0.116635
0.113704
0.111043
0.108628
0.106439
0.104457
0.102662
0.101039
0.0995717
0.0982458
0.0970485
0.0959681
0.0949936
0.0941153
0.0933241
0.0926118
0.0919711
0.0913951
0.0908777
0.0904132
0.0899964
0.0896229
0.0892882
0.0889885
0.0887204
0.0884806
0.0882662
0.0880747
0.0879036
0.0877508
0.0876143
0.0874924
0.0873835
0.0872862
0.0871991
0.0871211
0.0870513
0.0869886
0.0869323
0.0868816
0.0868359
0.0867946
0.0867572
0.0867232
0.0866923
0.0866642
0.0866385
0.0866151
0.0865936
0.086574
0.0865561
0.0865399
0.0865254
0.0865125
0.0865013
0.0864918
0.0864843
0.0864789
0.0864757
0.961705
0.892214
0.829118
0.771748
0.719509
0.671875
0.628372
0.588581
0.552127
0.518675
0.487924
0.459606
0.43348
0.409328
0.386957
0.36619
0.346872
0.328861
0.312032
0.296272
0.281484
0.267581
0.25449
0.242151
0.230511
0.21953
0.209177
0.199426
0.190259
0.181659
0.173613
0.166106
0.159125
0.152653
0.14667
0.141157
0.136089
0.131443
0.127193
0.123312
0.119775
0.116556
0.11363
0.110974
0.108564
0.106379
0.104401
0.102611
0.100992
0.0995278
0.0982053
0.0970113
0.0959338
0.0949622
0.0940864
0.0932976
0.0925876
0.0919489
0.0913748
0.0908591
0.0903961
0.0899809
0.0896086
0.0892751
0.0889766
0.0887095
0.0884706
0.0882571
0.0880663
0.0878959
0.0877437
0.0876078
0.0874864
0.0873779
0.0872809
0.0871942
0.0871166
0.087047
0.0869845
0.0869284
0.0868779
0.0868323
0.0867911
0.0867538
0.08672
0.0866892
0.0866611
0.0866354
0.086612
0.0865906
0.086571
0.0865532
0.086537
0.0865224
0.0865095
0.0864984
0.0864889
0.0864815
0.0864761
0.0864729
0.961705
0.892214
0.829117
0.771745
0.719505
0.671868
0.628363
0.58857
0.552114
0.518659
0.487906
0.459586
0.433457
0.409302
0.386928
0.366158
0.346837
0.328822
0.311989
0.296224
0.281431
0.267522
0.254426
0.242081
0.230435
0.219449
0.209091
0.199335
0.190164
0.181561
0.173513
0.166005
0.159024
0.152553
0.146572
0.141061
0.135997
0.131355
0.127109
0.123232
0.1197
0.116485
0.113563
0.110911
0.108505
0.106325
0.104351
0.102564
0.100949
0.099488
0.0981687
0.0969775
0.0959027
0.0949336
0.0940601
0.0932735
0.0925654
0.0919286
0.0913562
0.090842
0.0903805
0.0899665
0.0895955
0.0892631
0.0889655
0.0886993
0.0884612
0.0882485
0.0880584
0.0878886
0.0877369
0.0876015
0.0874805
0.0873724
0.0872758
0.0871894
0.087112
0.0870427
0.0869805
0.0869245
0.0868742
0.0868287
0.0867877
0.0867505
0.0867167
0.0866859
0.0866579
0.0866323
0.0866089
0.0865875
0.086568
0.0865502
0.086534
0.0865195
0.0865066
0.0864955
0.0864861
0.0864787
0.0864733
0.0864702
0.961705
0.892214
0.829115
0.771742
0.7195
0.671861
0.628353
0.588558
0.5521
0.518644
0.487889
0.459566
0.433435
0.409279
0.386902
0.36613
0.346805
0.328787
0.31195
0.296182
0.281384
0.267471
0.25437
0.24202
0.230369
0.219378
0.209015
0.199255
0.19008
0.181475
0.173425
0.165916
0.158935
0.152465
0.146486
0.140977
0.135916
0.131277
0.127034
0.123161
0.119633
0.116422
0.113504
0.110856
0.108454
0.106277
0.104307
0.102523
0.10091
0.0994529
0.0981363
0.0969477
0.0958752
0.0949082
0.0940368
0.0932521
0.0925458
0.0919105
0.0913395
0.0908267
0.0903665
0.0899536
0.0895836
0.0892522
0.0889555
0.08869
0.0884527
0.0882406
0.0880511
0.0878818
0.0877306
0.0875956
0.087475
0.0873673
0.087271
0.0871848
0.0871077
0.0870386
0.0869765
0.0869208
0.0868705
0.0868252
0.0867843
0.0867471
0.0867134
0.0866828
0.0866548
0.0866293
0.0866059
0.0865845
0.086565
0.0865472
0.0865311
0.0865166
0.0865038
0.0864927
0.0864834
0.086476
0.0864707
0.0864676
0.961705
0.892213
0.829113
0.771738
0.719494
0.671853
0.628344
0.588547
0.552087
0.518629
0.487873
0.459549
0.433416
0.409258
0.386879
0.366105
0.346779
0.328758
0.311918
0.296146
0.281345
0.267428
0.254323
0.241968
0.230313
0.219318
0.20895
0.199187
0.19001
0.181402
0.17335
0.165841
0.15886
0.15239
0.146413
0.140906
0.135847
0.13121
0.126971
0.123101
0.119576
0.116368
0.113454
0.110809
0.10841
0.106237
0.104269
0.102488
0.100878
0.099423
0.0981087
0.0969222
0.0958518
0.0948867
0.094017
0.0932338
0.0925289
0.091895
0.0913253
0.0908136
0.0903543
0.0899424
0.0895733
0.0892426
0.0889467
0.0886819
0.0884452
0.0882336
0.0880445
0.0878757
0.0877249
0.0875903
0.08747
0.0873626
0.0872665
0.0871806
0.0871037
0.0870347
0.0869728
0.0869172
0.0868671
0.0868219
0.086781
0.086744
0.0867104
0.0866798
0.0866518
0.0866263
0.086603
0.0865817
0.0865622
0.0865445
0.0865284
0.086514
0.0865012
0.0864901
0.0864809
0.0864735
0.0864683
0.0864653
0.961705
0.892212
0.82911
0.771733
0.719488
0.671845
0.628335
0.588537
0.552076
0.518617
0.487859
0.459534
0.433401
0.409241
0.386861
0.366086
0.346757
0.328735
0.311892
0.296118
0.281314
0.267394
0.254286
0.241927
0.230269
0.21927
0.2089
0.199134
0.189953
0.181344
0.173291
0.165781
0.1588
0.152331
0.146354
0.140849
0.135792
0.131158
0.12692
0.123053
0.11953
0.116325
0.113413
0.110771
0.108375
0.106204
0.104239
0.10246
0.100852
0.0993991
0.0980866
0.0969019
0.095833
0.0948693
0.094001
0.093219
0.0925153
0.0918824
0.0913136
0.0908028
0.0903444
0.0899333
0.0895648
0.0892347
0.0889393
0.0886751
0.0884388
0.0882276
0.088039
0.0878705
0.0877201
0.0875857
0.0874657
0.0873585
0.0872626
0.0871769
0.0871001
0.0870313
0.0869696
0.086914
0.086864
0.0868189
0.0867781
0.0867412
0.0867076
0.086677
0.0866492
0.0866237
0.0866004
0.0865792
0.0865597
0.086542
0.086526
0.0865116
0.0864989
0.0864879
0.0864787
0.0864714
0.0864662
0.0864633
0.961705
0.89221
0.829107
0.771729
0.719482
0.671839
0.628328
0.588529
0.552067
0.518608
0.487849
0.459524
0.433389
0.409229
0.386848
0.366072
0.346742
0.328718
0.311874
0.296098
0.281292
0.26737
0.254259
0.241898
0.230237
0.219236
0.208863
0.199095
0.189913
0.181302
0.173248
0.165738
0.158757
0.152288
0.146312
0.140808
0.135752
0.131119
0.126883
0.123017
0.119496
0.116293
0.113383
0.110743
0.108349
0.10618
0.104216
0.10244
0.100833
0.0993815
0.0980703
0.0968868
0.0958191
0.0948564
0.093989
0.0932079
0.092505
0.0918729
0.0913048
0.0907946
0.0903367
0.0899261
0.0895581
0.0892285
0.0889335
0.0886697
0.0884337
0.0882229
0.0880345
0.0878663
0.087716
0.0875819
0.0874621
0.087355
0.0872593
0.0871737
0.0870971
0.0870284
0.0869668
0.0869113
0.0868614
0.0868164
0.0867757
0.0867387
0.0867052
0.0866747
0.0866469
0.0866215
0.0865983
0.086577
0.0865576
0.08654
0.086524
0.0865097
0.086497
0.0864861
0.0864769
0.0864697
0.0864646
0.0864617
0.961705
0.892209
0.829105
0.771727
0.719479
0.671835
0.628324
0.588524
0.552063
0.518602
0.487844
0.459518
0.433383
0.409222
0.386841
0.366064
0.346733
0.328709
0.311864
0.296087
0.281279
0.267356
0.254243
0.241881
0.230218
0.219215
0.208841
0.199072
0.189888
0.181276
0.173222
0.165712
0.158731
0.152262
0.146287
0.140784
0.135728
0.131096
0.12686
0.122995
0.119475
0.116273
0.113364
0.110725
0.108332
0.106165
0.104203
0.102427
0.100821
0.0993705
0.0980601
0.0968772
0.0958101
0.0948481
0.0939812
0.0932006
0.0924982
0.0918665
0.0912988
0.090789
0.0903314
0.0899211
0.0895534
0.0892241
0.0889293
0.0886657
0.0884299
0.0882193
0.0880311
0.087863
0.087713
0.0875789
0.0874593
0.0873523
0.0872568
0.0871713
0.0870947
0.0870261
0.0869646
0.0869092
0.0868594
0.0868144
0.0867737
0.0867369
0.0867034
0.0866729
0.0866452
0.0866198
0.0865966
0.0865754
0.0865561
0.0865385
0.0865226
0.0865083
0.0864957
0.0864848
0.0864757
0.0864686
0.0864635
0.0864607
)
;

boundaryField
{
    inlet
    {
        type            fixedValue;
        value           uniform 1;
    }
    outlet
    {
        type            inletOutlet;
        inletValue      uniform 1;
        value           nonuniform List<scalar> 
100
(
0.0864982
0.0864984
0.0864987
0.0864991
0.0864998
0.0865005
0.0865013
0.0865021
0.086503
0.0865039
0.0865048
0.0865057
0.0865065
0.0865073
0.0865081
0.0865087
0.0865093
0.0865098
0.0865102
0.0865105
0.0865106
0.0865107
0.0865107
0.0865106
0.0865104
0.0865101
0.0865098
0.0865094
0.0865089
0.0865083
0.0865077
0.0865071
0.0865064
0.0865057
0.086505
0.0865043
0.0865035
0.0865028
0.0865021
0.0865014
0.0865008
0.0865002
0.0864996
0.086499
0.0864985
0.0864981
0.0864977
0.0864974
0.0864972
0.086497
0.0864969
0.0864968
0.0864969
0.086497
0.0864971
0.0864973
0.0864976
0.0864979
0.0864983
0.0864987
0.0864991
0.0864995
0.0865
0.0865005
0.0865009
0.0865014
0.0865018
0.0865022
0.0865026
0.0865029
0.0865031
0.0865033
0.0865034
0.0865034
0.0865033
0.0865031
0.0865027
0.0865022
0.0865016
0.0865008
0.0864999
0.0864988
0.0864975
0.0864961
0.0864945
0.0864927
0.0864907
0.0864885
0.0864862
0.0864837
0.0864811
0.0864784
0.0864757
0.0864729
0.0864702
0.0864676
0.0864653
0.0864633
0.0864617
0.0864607
)
;
    }
    ground
    {
        type            empty;
    }
    top
    {
        type            empty;
    }
    front
    {
        type            inletOutlet;
        inletValue      uniform 1;
        value           nonuniform List<scalar> 
100
(
0.961705
0.892209
0.829105
0.771727
0.719479
0.671835
0.628324
0.588524
0.552062
0.518602
0.487843
0.459517
0.433382
0.409222
0.38684
0.366063
0.346732
0.328707
0.311862
0.296085
0.281277
0.267353
0.254241
0.241878
0.230215
0.219212
0.208838
0.199068
0.189885
0.181273
0.173219
0.165709
0.158729
0.152261
0.146286
0.140784
0.13573
0.131098
0.126864
0.123
0.119481
0.116281
0.113374
0.110737
0.108346
0.10618
0.104219
0.102445
0.100842
0.0993925
0.0980838
0.0969026
0.0958372
0.0948767
0.0940113
0.0932322
0.0925311
0.0919007
0.0913342
0.0908256
0.0903691
0.0899598
0.089593
0.0892645
0.0889705
0.0887075
0.0884724
0.0882623
0.0880746
0.0879069
0.0877572
0.0876235
0.0875041
0.0873973
0.0873019
0.0872165
0.0871401
0.0870715
0.0870099
0.0869546
0.0869046
0.0868596
0.0868188
0.0867818
0.0867482
0.0867175
0.0866895
0.0866639
0.0866404
0.0866188
0.0865991
0.086581
0.0865645
0.0865497
0.0865364
0.0865248
0.0865151
0.0865072
0.0865015
0.0864982
)
;
    }
    back
    {
        type            inletOutlet;
        inletValue      uniform 1;
        value           nonuniform List<scalar> 
100
(
0.961705
0.892209
0.829105
0.771727
0.719479
0.671835
0.628324
0.588524
0.552063
0.518602
0.487844
0.459518
0.433383
0.409222
0.386841
0.366064
0.346733
0.328709
0.311864
0.296087
0.281279
0.267356
0.254243
0.241881
0.230218
0.219215
0.208841
0.199072
0.189888
0.181276
0.173222
0.165712
0.158731
0.152262
0.146287
0.140784
0.135728
0.131096
0.12686
0.122995
0.119475
0.116273
0.113364
0.110725
0.108332
0.106165
0.104203
0.102427
0.100821
0.0993705
0.0980601
0.0968772
0.0958101
0.0948481
0.0939812
0.0932006
0.0924982
0.0918665
0.0912988
0.090789
0.0903314
0.0899211
0.0895534
0.0892241
0.0889293
0.0886657
0.0884299
0.0882193
0.0880311
0.087863
0.087713
0.0875789
0.0874593
0.0873523
0.0872568
0.0871713
0.0870947
0.0870261
0.0869646
0.0869092
0.0868594
0.0868144
0.0867737
0.0867369
0.0867034
0.0866729
0.0866452
0.0866198
0.0865966
0.0865754
0.0865561
0.0865385
0.0865226
0.0865083
0.0864957
0.0864848
0.0864757
0.0864686
0.0864635
0.0864607
)
;
    }
}


// ************************************************************************* //
