/*--------------------------------*- C++ -*----------------------------------*\
  =========                 |
  \\      /  F ield         | OpenFOAM: The Open Source CFD Toolbox
   \\    /   O peration     | Website:  https://openfoam.org
    \\  /    A nd           | Version:  11
     \\/     M anipulation  |
\*---------------------------------------------------------------------------*/
FoamFile
{
    format      ascii;
    class       volScalarField;
    location    "640";
    object      omega;
}
// * * * * * * * * * * * * * * * * * * * * * * * * * * * * * * * * * * * * * //

dimensions      [0 0 -1 0 0 0 0];

internalField   nonuniform List<scalar> 
10000
(
0.961692
0.892185
0.829085
0.771728
0.719523
0.671944
0.628523
0.588843
0.552532
0.519257
0.488724
0.460666
0.434849
0.411059
0.389108
0.368826
0.35006
0.332674
0.316544
0.30156
0.287623
0.274642
0.262537
0.251234
0.240668
0.230778
0.22151
0.212816
0.204649
0.19697
0.189742
0.18293
0.176505
0.170437
0.164702
0.159276
0.154137
0.149265
0.144643
0.140253
0.136081
0.132112
0.128333
0.124732
0.121298
0.11802
0.11489
0.111898
0.109036
0.106297
0.103673
0.101158
0.0987456
0.0964303
0.0942067
0.0920697
0.0900149
0.0880377
0.0861341
0.0843003
0.0825328
0.080828
0.0791829
0.0775945
0.07606
0.0745766
0.073142
0.0717537
0.0704096
0.0691074
0.0678451
0.066621
0.0654331
0.0642797
0.0631591
0.0620699
0.0610105
0.0599795
0.0589756
0.0579974
0.0570439
0.0561138
0.0552061
0.05432
0.0534546
0.0526092
0.0517835
0.0509772
0.0501904
0.0494238
0.0486786
0.0479568
0.0472616
0.0465976
0.0459718
0.0453939
0.0448775
0.0444417
0.0441129
0.0439266
0.961692
0.892185
0.829085
0.771728
0.719523
0.671944
0.628523
0.588843
0.552532
0.519257
0.488724
0.460666
0.434849
0.411059
0.389108
0.368826
0.35006
0.332674
0.316544
0.30156
0.287623
0.274642
0.262537
0.251234
0.240668
0.230778
0.22151
0.212816
0.204649
0.19697
0.189742
0.18293
0.176505
0.170437
0.164702
0.159276
0.154137
0.149265
0.144643
0.140253
0.136081
0.132112
0.128333
0.124732
0.121298
0.11802
0.11489
0.111898
0.109036
0.106297
0.103673
0.101158
0.0987458
0.0964305
0.0942069
0.09207
0.0900151
0.088038
0.0861344
0.0843006
0.0825331
0.0808283
0.0791832
0.0775948
0.0760603
0.074577
0.0731424
0.0717541
0.07041
0.0691078
0.0678456
0.0666214
0.0654335
0.0642802
0.0631596
0.0620704
0.0610111
0.0599801
0.0589762
0.0579981
0.0570445
0.0561144
0.0552068
0.0543207
0.0534553
0.05261
0.0517843
0.050978
0.0501912
0.0494247
0.0486795
0.0479577
0.0472624
0.0465985
0.0459727
0.0453948
0.0448784
0.0444426
0.0441138
0.0439275
0.961692
0.892185
0.829085
0.771728
0.719523
0.671944
0.628523
0.588843
0.552532
0.519257
0.488724
0.460666
0.434849
0.411059
0.389108
0.368826
0.35006
0.332674
0.316544
0.30156
0.287623
0.274642
0.262537
0.251234
0.240668
0.230778
0.22151
0.212816
0.204649
0.19697
0.189742
0.18293
0.176505
0.170438
0.164703
0.159276
0.154137
0.149265
0.144643
0.140254
0.136081
0.132112
0.128333
0.124732
0.121298
0.118021
0.11489
0.111899
0.109037
0.106297
0.103674
0.101159
0.0987463
0.096431
0.0942074
0.0920705
0.0900156
0.0880385
0.0861349
0.0843012
0.0825337
0.0808289
0.0791839
0.0775955
0.076061
0.0745777
0.0731431
0.0717549
0.0704108
0.0691086
0.0678464
0.0666223
0.0654344
0.0642811
0.0631606
0.0620715
0.0610121
0.0599812
0.0589773
0.0579992
0.0570457
0.0561157
0.0552081
0.054322
0.0534567
0.0526114
0.0517857
0.0509795
0.0501928
0.0494263
0.0486811
0.0479593
0.0472641
0.0466002
0.0459744
0.0453965
0.0448801
0.0444443
0.0441155
0.0439292
0.961692
0.892185
0.829085
0.771728
0.719523
0.671944
0.628523
0.588843
0.552532
0.519257
0.488724
0.460667
0.434849
0.411059
0.389109
0.368826
0.35006
0.332674
0.316544
0.30156
0.287623
0.274642
0.262537
0.251234
0.240668
0.230778
0.221511
0.212816
0.204649
0.196971
0.189742
0.182931
0.176505
0.170438
0.164703
0.159276
0.154137
0.149266
0.144644
0.140254
0.136082
0.132112
0.128333
0.124732
0.121298
0.118021
0.114891
0.111899
0.109037
0.106298
0.103674
0.101159
0.0987469
0.0964317
0.0942081
0.0920712
0.0900164
0.0880393
0.0861358
0.084302
0.0825345
0.0808298
0.0791848
0.0775965
0.076062
0.0745788
0.0731442
0.071756
0.0704119
0.0691098
0.0678477
0.0666236
0.0654358
0.0642825
0.0631621
0.0620729
0.0610137
0.0599828
0.058979
0.0580009
0.0570475
0.0561175
0.05521
0.054324
0.0534587
0.0526135
0.0517879
0.0509817
0.0501951
0.0494286
0.0486835
0.0479618
0.0472666
0.0466028
0.045977
0.0453991
0.0448827
0.0444469
0.0441181
0.0439318
0.961692
0.892185
0.829085
0.771728
0.719523
0.671944
0.628523
0.588843
0.552532
0.519257
0.488724
0.460667
0.434849
0.41106
0.389109
0.368826
0.35006
0.332674
0.316544
0.30156
0.287623
0.274642
0.262537
0.251235
0.240668
0.230779
0.221511
0.212816
0.20465
0.196971
0.189743
0.182931
0.176506
0.170438
0.164703
0.159277
0.154138
0.149266
0.144644
0.140254
0.136082
0.132113
0.128334
0.124733
0.121299
0.118022
0.114892
0.1119
0.109038
0.106299
0.103675
0.10116
0.0987478
0.0964325
0.094209
0.0920722
0.0900174
0.0880403
0.0861368
0.0843032
0.0825357
0.080831
0.0791861
0.0775978
0.0760633
0.0745801
0.0731456
0.0717575
0.0704134
0.0691114
0.0678493
0.0666253
0.0654375
0.0642843
0.0631639
0.0620749
0.0610157
0.0599849
0.0589811
0.0580032
0.0570498
0.0561199
0.0552125
0.0543266
0.0534614
0.0526163
0.0517907
0.0509846
0.0501981
0.0494317
0.0486867
0.047965
0.0472699
0.046606
0.0459803
0.0454024
0.044886
0.0444502
0.0441214
0.043935
0.961692
0.892185
0.829085
0.771728
0.719523
0.671944
0.628523
0.588843
0.552532
0.519257
0.488724
0.460667
0.434849
0.41106
0.389109
0.368826
0.350061
0.332674
0.316544
0.301561
0.287623
0.274643
0.262537
0.251235
0.240669
0.230779
0.221511
0.212816
0.20465
0.196971
0.189743
0.182931
0.176506
0.170439
0.164704
0.159277
0.154138
0.149267
0.144645
0.140255
0.136083
0.132114
0.128335
0.124734
0.1213
0.118023
0.114892
0.111901
0.109039
0.1063
0.103676
0.101161
0.0987488
0.0964336
0.0942101
0.0920733
0.0900186
0.0880416
0.0861381
0.0843045
0.0825371
0.0808325
0.0791876
0.0775993
0.0760649
0.0745818
0.0731474
0.0717593
0.0704153
0.0691133
0.0678513
0.0666274
0.0654397
0.0642865
0.0631662
0.0620773
0.0610181
0.0599874
0.0589838
0.0580059
0.0570526
0.0561229
0.0552155
0.0543297
0.0534646
0.0526196
0.0517942
0.0509882
0.0502017
0.0494354
0.0486905
0.0479689
0.0472738
0.04661
0.0459843
0.0454064
0.0448901
0.0444543
0.0441254
0.0439391
0.961692
0.892185
0.829085
0.771728
0.719523
0.671944
0.628523
0.588843
0.552532
0.519257
0.488724
0.460667
0.434849
0.41106
0.389109
0.368827
0.350061
0.332674
0.316545
0.301561
0.287623
0.274643
0.262538
0.251235
0.240669
0.230779
0.221512
0.212817
0.20465
0.196972
0.189743
0.182932
0.176507
0.170439
0.164704
0.159278
0.154139
0.149267
0.144645
0.140256
0.136083
0.132114
0.128335
0.124735
0.121301
0.118023
0.114893
0.111902
0.10904
0.106301
0.103677
0.101162
0.09875
0.0964349
0.0942114
0.0920747
0.09002
0.088043
0.0861397
0.0843061
0.0825387
0.0808342
0.0791893
0.0776011
0.0760668
0.0745838
0.0731494
0.0717614
0.0704175
0.0691156
0.0678536
0.0666298
0.0654422
0.0642891
0.0631689
0.06208
0.061021
0.0599904
0.0589868
0.0580091
0.057056
0.0561263
0.0552191
0.0543334
0.0534684
0.0526235
0.0517982
0.0509923
0.050206
0.0494398
0.0486949
0.0479734
0.0472785
0.0466147
0.0459891
0.0454112
0.0448948
0.044459
0.0441301
0.0439438
0.961692
0.892185
0.829085
0.771728
0.719523
0.671944
0.628523
0.588843
0.552532
0.519257
0.488724
0.460667
0.434849
0.41106
0.389109
0.368827
0.350061
0.332675
0.316545
0.301561
0.287624
0.274643
0.262538
0.251235
0.240669
0.230779
0.221512
0.212817
0.204651
0.196972
0.189744
0.182932
0.176507
0.17044
0.164705
0.159279
0.15414
0.149268
0.144646
0.140256
0.136084
0.132115
0.128336
0.124736
0.121302
0.118025
0.114894
0.111903
0.109041
0.106302
0.103678
0.101163
0.0987514
0.0964363
0.0942129
0.0920762
0.0900216
0.0880447
0.0861414
0.0843079
0.0825406
0.0808361
0.0791913
0.0776032
0.076069
0.074586
0.0731517
0.0717638
0.0704199
0.0691181
0.0678563
0.0666325
0.065445
0.064292
0.0631719
0.0620832
0.0610243
0.0599938
0.0589903
0.0580127
0.0570597
0.0561302
0.0552231
0.0543375
0.0534727
0.0526279
0.0518027
0.050997
0.0502108
0.0494447
0.0487
0.0479786
0.0472837
0.04662
0.0459944
0.0454166
0.0449002
0.0444644
0.0441355
0.0439491
0.961692
0.892185
0.829085
0.771728
0.719523
0.671944
0.628523
0.588843
0.552532
0.519258
0.488724
0.460667
0.434849
0.41106
0.389109
0.368827
0.350061
0.332675
0.316545
0.301561
0.287624
0.274643
0.262538
0.251236
0.24067
0.23078
0.221512
0.212818
0.204651
0.196973
0.189744
0.182933
0.176508
0.17044
0.164705
0.159279
0.15414
0.149269
0.144647
0.140257
0.136085
0.132116
0.128337
0.124737
0.121303
0.118026
0.114896
0.111904
0.109042
0.106303
0.10368
0.101165
0.0987529
0.0964379
0.0942146
0.092078
0.0900234
0.0880465
0.0861433
0.0843099
0.0825426
0.0808382
0.0791935
0.0776055
0.0760714
0.0745884
0.0731542
0.0717664
0.0704227
0.0691209
0.0678592
0.0666355
0.0654481
0.0642953
0.0631753
0.0620867
0.0610279
0.0599975
0.0589942
0.0580167
0.0570638
0.0561344
0.0552275
0.0543421
0.0534774
0.0526328
0.0518078
0.0510022
0.0502161
0.0494502
0.0487056
0.0479843
0.0472895
0.0466259
0.0460003
0.0454225
0.0449062
0.0444703
0.0441415
0.043955
0.961692
0.892185
0.829085
0.771728
0.719523
0.671944
0.628523
0.588843
0.552532
0.519258
0.488724
0.460667
0.43485
0.41106
0.389109
0.368827
0.350061
0.332675
0.316545
0.301562
0.287624
0.274644
0.262539
0.251236
0.24067
0.23078
0.221513
0.212818
0.204652
0.196973
0.189745
0.182934
0.176508
0.170441
0.164706
0.15928
0.154141
0.14927
0.144648
0.140258
0.136086
0.132117
0.128338
0.124738
0.121304
0.118027
0.114897
0.111905
0.109044
0.106305
0.103681
0.101167
0.0987546
0.0964396
0.0942164
0.0920798
0.0900253
0.0880485
0.0861454
0.084312
0.0825449
0.0808406
0.0791959
0.077608
0.0760739
0.0745911
0.073157
0.0717693
0.0704256
0.069124
0.0678624
0.0666389
0.0654516
0.0642988
0.063179
0.0620905
0.0610318
0.0600016
0.0589984
0.0580211
0.0570684
0.0561391
0.0552323
0.0543471
0.0534826
0.0526381
0.0518133
0.0510078
0.0502219
0.0494561
0.0487116
0.0479905
0.0472958
0.0466323
0.0460068
0.045429
0.0449127
0.0444769
0.044148
0.0439615
0.961692
0.892185
0.829085
0.771728
0.719523
0.671944
0.628523
0.588843
0.552532
0.519258
0.488724
0.460667
0.43485
0.41106
0.389109
0.368827
0.350061
0.332675
0.316545
0.301562
0.287624
0.274644
0.262539
0.251236
0.24067
0.230781
0.221513
0.212819
0.204652
0.196974
0.189745
0.182934
0.176509
0.170442
0.164707
0.159281
0.154142
0.149271
0.144649
0.140259
0.136087
0.132118
0.12834
0.124739
0.121305
0.118028
0.114898
0.111907
0.109045
0.106306
0.103683
0.101168
0.0987563
0.0964415
0.0942183
0.0920818
0.0900274
0.0880507
0.0861476
0.0843143
0.0825473
0.0808431
0.0791985
0.0776107
0.0760767
0.074594
0.07316
0.0717724
0.0704288
0.0691273
0.0678658
0.0666424
0.0654552
0.0643026
0.0631829
0.0620945
0.061036
0.0600059
0.0590029
0.0580258
0.0570732
0.0561441
0.0552375
0.0543524
0.0534881
0.0526438
0.0518191
0.0510139
0.0502281
0.0494625
0.0487182
0.0479971
0.0473026
0.0466392
0.0460137
0.045436
0.0449197
0.0444839
0.0441549
0.0439685
0.961692
0.892185
0.829085
0.771728
0.719523
0.671944
0.628523
0.588843
0.552532
0.519258
0.488724
0.460667
0.43485
0.41106
0.389109
0.368827
0.350062
0.332675
0.316546
0.301562
0.287625
0.274644
0.262539
0.251237
0.240671
0.230781
0.221514
0.212819
0.204653
0.196974
0.189746
0.182935
0.17651
0.170443
0.164708
0.159282
0.154143
0.149272
0.14465
0.14026
0.136088
0.13212
0.128341
0.12474
0.121307
0.11803
0.1149
0.111908
0.109047
0.106308
0.103685
0.10117
0.0987582
0.0964434
0.0942203
0.0920839
0.0900296
0.088053
0.08615
0.0843168
0.0825498
0.0808457
0.0792013
0.0776135
0.0760797
0.074597
0.0731631
0.0717756
0.0704322
0.0691308
0.0678695
0.0666462
0.0654591
0.0643067
0.0631871
0.0620989
0.0610405
0.0600106
0.0590077
0.0580307
0.0570783
0.0561494
0.055243
0.0543581
0.0534939
0.0526499
0.0518254
0.0510203
0.0502347
0.0494693
0.0487251
0.0480042
0.0473098
0.0466465
0.0460211
0.0454434
0.0449271
0.0444913
0.0441624
0.0439759
0.961692
0.892185
0.829085
0.771728
0.719523
0.671944
0.628523
0.588843
0.552532
0.519258
0.488724
0.460667
0.43485
0.41106
0.38911
0.368828
0.350062
0.332676
0.316546
0.301562
0.287625
0.274644
0.26254
0.251237
0.240671
0.230782
0.221514
0.21282
0.204653
0.196975
0.189747
0.182936
0.17651
0.170443
0.164709
0.159283
0.154144
0.149273
0.144651
0.140261
0.136089
0.132121
0.128342
0.124742
0.121308
0.118031
0.114901
0.11191
0.109049
0.10631
0.103686
0.101172
0.0987602
0.0964455
0.0942225
0.0920861
0.0900319
0.0880554
0.0861525
0.0843194
0.0825525
0.0808485
0.0792041
0.0776165
0.0760828
0.0746002
0.0731665
0.0717791
0.0704358
0.0691345
0.0678733
0.0666501
0.0654632
0.0643109
0.0631915
0.0621034
0.0610452
0.0600154
0.0590128
0.0580359
0.0570837
0.056155
0.0552488
0.0543641
0.0535001
0.0526562
0.0518319
0.051027
0.0502416
0.0494764
0.0487324
0.0480116
0.0473173
0.0466541
0.0460288
0.0454512
0.044935
0.0444992
0.0441702
0.0439837
0.961692
0.892185
0.829085
0.771728
0.719523
0.671944
0.628523
0.588843
0.552532
0.519258
0.488724
0.460667
0.43485
0.411061
0.38911
0.368828
0.350062
0.332676
0.316546
0.301563
0.287625
0.274645
0.26254
0.251238
0.240672
0.230782
0.221515
0.21282
0.204654
0.196975
0.189747
0.182936
0.176511
0.170444
0.164709
0.159283
0.154145
0.149274
0.144652
0.140263
0.136091
0.132122
0.128343
0.124743
0.121309
0.118033
0.114903
0.111912
0.10905
0.106312
0.103688
0.101174
0.0987623
0.0964476
0.0942247
0.0920885
0.0900343
0.0880579
0.0861551
0.0843221
0.0825553
0.0808514
0.0792071
0.0776196
0.076086
0.0746036
0.0731699
0.0717826
0.0704395
0.0691384
0.0678772
0.0666542
0.0654675
0.0643153
0.063196
0.0621081
0.0610501
0.0600205
0.059018
0.0580413
0.0570893
0.0561608
0.0552547
0.0543702
0.0535065
0.0526628
0.0518387
0.051034
0.0502488
0.0494837
0.0487399
0.0480193
0.0473252
0.0466621
0.0460369
0.0454594
0.0449431
0.0445073
0.0441784
0.0439918
0.961692
0.892185
0.829085
0.771728
0.719523
0.671944
0.628523
0.588843
0.552532
0.519258
0.488724
0.460667
0.43485
0.411061
0.38911
0.368828
0.350062
0.332676
0.316546
0.301563
0.287626
0.274645
0.26254
0.251238
0.240672
0.230782
0.221515
0.212821
0.204655
0.196976
0.189748
0.182937
0.176512
0.170445
0.16471
0.159284
0.154146
0.149275
0.144653
0.140264
0.136092
0.132123
0.128345
0.124744
0.121311
0.118034
0.114905
0.111913
0.109052
0.106313
0.10369
0.101176
0.0987644
0.0964498
0.094227
0.0920908
0.0900368
0.0880604
0.0861577
0.0843248
0.0825582
0.0808544
0.0792102
0.0776228
0.0760893
0.074607
0.0731735
0.0717863
0.0704433
0.0691423
0.0678813
0.0666585
0.0654719
0.0643198
0.0632007
0.062113
0.0610551
0.0600257
0.0590234
0.0580469
0.0570951
0.0561668
0.0552609
0.0543766
0.0535131
0.0526696
0.0518457
0.0510412
0.0502563
0.0494914
0.0487477
0.0480273
0.0473333
0.0466703
0.0460453
0.0454678
0.0449516
0.0445158
0.0441868
0.0440002
0.961692
0.892185
0.829085
0.771728
0.719523
0.671944
0.628523
0.588843
0.552532
0.519258
0.488724
0.460667
0.43485
0.411061
0.38911
0.368828
0.350062
0.332676
0.316547
0.301563
0.287626
0.274645
0.262541
0.251238
0.240672
0.230783
0.221516
0.212821
0.204655
0.196977
0.189749
0.182938
0.176513
0.170446
0.164711
0.159285
0.154147
0.149276
0.144654
0.140265
0.136093
0.132125
0.128346
0.124746
0.121312
0.118036
0.114906
0.111915
0.109054
0.106315
0.103692
0.101178
0.0987665
0.0964521
0.0942293
0.0920933
0.0900393
0.0880631
0.0861605
0.0843277
0.0825611
0.0808574
0.0792134
0.0776261
0.0760927
0.0746105
0.0731771
0.0717901
0.0704472
0.0691464
0.0678855
0.0666628
0.0654764
0.0643245
0.0632056
0.062118
0.0610603
0.060031
0.0590289
0.0580526
0.057101
0.0561729
0.0552673
0.0543832
0.0535198
0.0526766
0.0518529
0.0510487
0.0502639
0.0494992
0.0487557
0.0480355
0.0473416
0.0466788
0.0460539
0.0454765
0.0449603
0.0445245
0.0441955
0.0440089
0.961692
0.892185
0.829085
0.771728
0.719523
0.671944
0.628523
0.588843
0.552532
0.519258
0.488724
0.460667
0.43485
0.411061
0.38911
0.368828
0.350062
0.332676
0.316547
0.301563
0.287626
0.274646
0.262541
0.251239
0.240673
0.230783
0.221516
0.212822
0.204656
0.196977
0.18975
0.182939
0.176514
0.170447
0.164712
0.159286
0.154148
0.149277
0.144655
0.140266
0.136094
0.132126
0.128348
0.124747
0.121314
0.118037
0.114908
0.111917
0.109056
0.106317
0.103694
0.10118
0.0987688
0.0964544
0.0942317
0.0920958
0.0900419
0.0880658
0.0861633
0.0843306
0.0825641
0.0808605
0.0792166
0.0776295
0.0760962
0.0746141
0.0731809
0.071794
0.0704512
0.0691505
0.0678898
0.0666672
0.065481
0.0643292
0.0632105
0.0621231
0.0610655
0.0600365
0.0590346
0.0580585
0.0571071
0.0561791
0.0552737
0.0543899
0.0535267
0.0526837
0.0518603
0.0510562
0.0502717
0.0495072
0.0487639
0.0480439
0.0473502
0.0466875
0.0460626
0.0454853
0.0449692
0.0445334
0.0442044
0.0440178
0.961692
0.892185
0.829085
0.771728
0.719523
0.671944
0.628523
0.588843
0.552532
0.519258
0.488724
0.460667
0.43485
0.411061
0.38911
0.368828
0.350063
0.332676
0.316547
0.301564
0.287626
0.274646
0.262541
0.251239
0.240673
0.230784
0.221517
0.212822
0.204656
0.196978
0.18975
0.182939
0.176514
0.170448
0.164713
0.159287
0.154149
0.149278
0.144656
0.140267
0.136096
0.132127
0.128349
0.124749
0.121316
0.118039
0.11491
0.111919
0.109058
0.106319
0.103696
0.101182
0.098771
0.0964567
0.0942341
0.0920983
0.0900445
0.0880685
0.0861661
0.0843335
0.0825672
0.0808637
0.0792199
0.0776329
0.0760997
0.0746178
0.0731846
0.0717979
0.0704553
0.0691547
0.0678942
0.0666717
0.0654856
0.0643341
0.0632155
0.0621282
0.0610709
0.060042
0.0590403
0.0580644
0.0571132
0.0561855
0.0552803
0.0543966
0.0535337
0.0526909
0.0518677
0.0510639
0.0502796
0.0495153
0.0487722
0.0480524
0.0473588
0.0466963
0.0460715
0.0454943
0.0449783
0.0445425
0.0442135
0.0440268
0.961692
0.892185
0.829085
0.771728
0.719523
0.671944
0.628523
0.588843
0.552532
0.519258
0.488725
0.460667
0.43485
0.411061
0.38911
0.368828
0.350063
0.332677
0.316547
0.301564
0.287627
0.274646
0.262542
0.25124
0.240674
0.230784
0.221517
0.212823
0.204657
0.196979
0.189751
0.18294
0.176515
0.170448
0.164714
0.159288
0.15415
0.149279
0.144658
0.140269
0.136097
0.132129
0.128351
0.12475
0.121317
0.118041
0.114911
0.11192
0.10906
0.106321
0.103698
0.101184
0.0987733
0.0964591
0.0942366
0.0921009
0.0900472
0.0880712
0.086169
0.0843365
0.0825703
0.0808669
0.0792232
0.0776363
0.0761032
0.0746215
0.0731885
0.0718018
0.0704594
0.0691589
0.0678985
0.0666763
0.0654903
0.0643389
0.0632205
0.0621334
0.0610763
0.0600476
0.0590461
0.0580704
0.0571194
0.0561919
0.0552869
0.0544035
0.0535408
0.0526982
0.0518752
0.0510716
0.0502875
0.0495235
0.0487806
0.0480609
0.0473676
0.0467052
0.0460806
0.0455034
0.0449874
0.0445517
0.0442227
0.044036
0.961692
0.892185
0.829084
0.771728
0.719523
0.671944
0.628523
0.588843
0.552532
0.519258
0.488725
0.460668
0.43485
0.411061
0.38911
0.368828
0.350063
0.332677
0.316547
0.301564
0.287627
0.274647
0.262542
0.25124
0.240674
0.230785
0.221518
0.212824
0.204658
0.196979
0.189752
0.182941
0.176516
0.170449
0.164715
0.159289
0.154151
0.14928
0.144659
0.14027
0.136098
0.13213
0.128352
0.124752
0.121319
0.118042
0.114913
0.111922
0.109062
0.106323
0.103701
0.101187
0.0987755
0.0964614
0.0942391
0.0921034
0.0900498
0.088074
0.0861718
0.0843395
0.0825733
0.0808701
0.0792265
0.0776397
0.0761068
0.0746252
0.0731923
0.0718058
0.0704635
0.0691632
0.067903
0.0666808
0.065495
0.0643438
0.0632255
0.0621387
0.0610817
0.0600532
0.0590519
0.0580764
0.0571256
0.0561983
0.0552935
0.0544103
0.0535479
0.0527055
0.0518828
0.0510794
0.0502956
0.0495317
0.0487891
0.0480696
0.0473764
0.0467141
0.0460896
0.0455126
0.0449967
0.0445609
0.0442319
0.0440452
0.961692
0.892185
0.829084
0.771728
0.719523
0.671944
0.628523
0.588843
0.552532
0.519258
0.488725
0.460668
0.43485
0.411061
0.38911
0.368829
0.350063
0.332677
0.316548
0.301564
0.287627
0.274647
0.262542
0.25124
0.240675
0.230785
0.221518
0.212824
0.204658
0.19698
0.189752
0.182942
0.176517
0.17045
0.164716
0.15929
0.154152
0.149281
0.14466
0.140271
0.1361
0.132131
0.128353
0.124753
0.12132
0.118044
0.114915
0.111924
0.109063
0.106325
0.103703
0.101189
0.0987778
0.0964638
0.0942415
0.092106
0.0900525
0.0880768
0.0861747
0.0843424
0.0825764
0.0808733
0.0792299
0.0776432
0.0761104
0.0746289
0.0731961
0.0718098
0.0704676
0.0691675
0.0679074
0.0666854
0.0654997
0.0643487
0.0632306
0.0621439
0.0610871
0.0600588
0.0590577
0.0580824
0.0571318
0.0562047
0.0553002
0.0544172
0.053555
0.0527129
0.0518904
0.0510872
0.0503036
0.0495399
0.0487975
0.0480782
0.0473852
0.0467231
0.0460988
0.0455218
0.0450059
0.0445702
0.0442412
0.0440544
0.961692
0.892185
0.829084
0.771728
0.719523
0.671944
0.628523
0.588843
0.552532
0.519258
0.488725
0.460668
0.43485
0.411061
0.389111
0.368829
0.350063
0.332677
0.316548
0.301564
0.287628
0.274647
0.262543
0.251241
0.240675
0.230786
0.221519
0.212825
0.204659
0.196981
0.189753
0.182942
0.176518
0.170451
0.164717
0.159291
0.154153
0.149282
0.144661
0.140272
0.136101
0.132133
0.128355
0.124755
0.121322
0.118046
0.114917
0.111926
0.109065
0.106327
0.103705
0.101191
0.0987801
0.0964662
0.094244
0.0921085
0.0900552
0.0880795
0.0861775
0.0843454
0.0825795
0.0808765
0.0792332
0.0776466
0.0761139
0.0746326
0.0731999
0.0718137
0.0704717
0.0691717
0.0679117
0.0666899
0.0655044
0.0643536
0.0632356
0.0621491
0.0610925
0.0600644
0.0590634
0.0580884
0.057138
0.0562111
0.0553068
0.0544241
0.0535621
0.0527202
0.0518979
0.051095
0.0503116
0.0495482
0.0488059
0.0480869
0.047394
0.0467321
0.0461078
0.045531
0.0450152
0.0445795
0.0442505
0.0440637
0.961692
0.892184
0.829084
0.771728
0.719523
0.671944
0.628523
0.588843
0.552532
0.519258
0.488725
0.460668
0.43485
0.411061
0.389111
0.368829
0.350063
0.332677
0.316548
0.301565
0.287628
0.274648
0.262543
0.251241
0.240675
0.230786
0.221519
0.212825
0.204659
0.196981
0.189754
0.182943
0.176518
0.170452
0.164718
0.159292
0.154154
0.149283
0.144662
0.140274
0.136102
0.132134
0.128356
0.124756
0.121324
0.118047
0.114918
0.111928
0.109067
0.106329
0.103707
0.101193
0.0987823
0.0964685
0.0942464
0.092111
0.0900578
0.0880823
0.0861804
0.0843484
0.0825826
0.0808797
0.0792365
0.07765
0.0761175
0.0746362
0.0732037
0.0718176
0.0704757
0.0691759
0.0679161
0.0666944
0.0655091
0.0643584
0.0632406
0.0621543
0.0610979
0.0600699
0.0590692
0.0580943
0.0571441
0.0562175
0.0553134
0.0544308
0.0535691
0.0527274
0.0519054
0.0511027
0.0503195
0.0495563
0.0488143
0.0480954
0.0474028
0.046741
0.0461169
0.0455401
0.0450244
0.0445887
0.0442597
0.0440729
0.961692
0.892184
0.829084
0.771727
0.719523
0.671944
0.628523
0.588843
0.552532
0.519258
0.488725
0.460668
0.43485
0.411061
0.389111
0.368829
0.350063
0.332677
0.316548
0.301565
0.287628
0.274648
0.262543
0.251241
0.240676
0.230787
0.22152
0.212826
0.20466
0.196982
0.189754
0.182944
0.176519
0.170453
0.164719
0.159293
0.154155
0.149285
0.144663
0.140275
0.136104
0.132136
0.128358
0.124758
0.121325
0.118049
0.11492
0.11193
0.109069
0.106331
0.103709
0.101195
0.0987845
0.0964708
0.0942488
0.0921135
0.0900604
0.088085
0.0861832
0.0843513
0.0825856
0.0808828
0.0792397
0.0776534
0.076121
0.0746398
0.0732075
0.0718215
0.0704798
0.0691801
0.0679204
0.0666989
0.0655137
0.0643632
0.0632456
0.0621594
0.0611032
0.0600754
0.0590748
0.0581002
0.0571502
0.0562238
0.0553199
0.0544376
0.053576
0.0527346
0.0519128
0.0511103
0.0503274
0.0495644
0.0488226
0.0481039
0.0474115
0.0467499
0.0461259
0.0455492
0.0450335
0.0445979
0.0442688
0.044082
0.961692
0.892184
0.829084
0.771727
0.719523
0.671944
0.628523
0.588843
0.552532
0.519258
0.488725
0.460668
0.43485
0.411061
0.389111
0.368829
0.350064
0.332678
0.316548
0.301565
0.287628
0.274648
0.262544
0.251242
0.240676
0.230787
0.22152
0.212826
0.204661
0.196983
0.189755
0.182945
0.17652
0.170454
0.164719
0.159294
0.154156
0.149286
0.144664
0.140276
0.136105
0.132137
0.128359
0.124759
0.121327
0.118051
0.114922
0.111931
0.109071
0.106333
0.103711
0.101197
0.0987867
0.0964731
0.0942512
0.092116
0.0900629
0.0880876
0.086186
0.0843541
0.0825886
0.0808859
0.0792429
0.0776567
0.0761244
0.0746434
0.0732112
0.0718253
0.0704837
0.0691841
0.0679246
0.0667033
0.0655183
0.0643679
0.0632504
0.0621644
0.0611084
0.0600808
0.0590804
0.058106
0.0571562
0.05623
0.0553263
0.0544442
0.0535829
0.0527417
0.0519201
0.0511179
0.0503351
0.0495724
0.0488308
0.0481123
0.04742
0.0467586
0.0461347
0.0455582
0.0450425
0.0446069
0.0442779
0.044091
0.961692
0.892184
0.829084
0.771727
0.719523
0.671944
0.628523
0.588843
0.552532
0.519258
0.488725
0.460668
0.43485
0.411061
0.389111
0.368829
0.350064
0.332678
0.316549
0.301565
0.287629
0.274648
0.262544
0.251242
0.240677
0.230787
0.221521
0.212827
0.204661
0.196983
0.189756
0.182945
0.176521
0.170454
0.16472
0.159295
0.154157
0.149287
0.144666
0.140277
0.136106
0.132138
0.12836
0.124761
0.121328
0.118052
0.114923
0.111933
0.109073
0.106335
0.103713
0.101199
0.0987889
0.0964753
0.0942535
0.0921184
0.0900655
0.0880902
0.0861887
0.0843569
0.0825915
0.0808889
0.0792461
0.07766
0.0761278
0.0746469
0.0732148
0.0718291
0.0704876
0.0691882
0.0679288
0.0667076
0.0655227
0.0643725
0.0632552
0.0621694
0.0611135
0.0600861
0.0590859
0.0581116
0.057162
0.056236
0.0553326
0.0544507
0.0535896
0.0527486
0.0519273
0.0511253
0.0503428
0.0495803
0.0488389
0.0481206
0.0474285
0.0467672
0.0461434
0.045567
0.0450514
0.0446159
0.0442868
0.0440999
0.961692
0.892184
0.829084
0.771727
0.719523
0.671944
0.628523
0.588843
0.552532
0.519258
0.488725
0.460668
0.434851
0.411061
0.389111
0.368829
0.350064
0.332678
0.316549
0.301565
0.287629
0.274649
0.262544
0.251242
0.240677
0.230788
0.221521
0.212827
0.204662
0.196984
0.189756
0.182946
0.176521
0.170455
0.164721
0.159296
0.154158
0.149288
0.144667
0.140278
0.136107
0.132139
0.128362
0.124762
0.12133
0.118054
0.114925
0.111935
0.109075
0.106337
0.103715
0.101201
0.0987909
0.0964775
0.0942558
0.0921208
0.0900679
0.0880928
0.0861913
0.0843597
0.0825943
0.0808919
0.0792491
0.0776631
0.0761311
0.0746503
0.0732183
0.0718328
0.0704914
0.0691921
0.0679329
0.0667118
0.0655271
0.064377
0.0632599
0.0621742
0.0611185
0.0600913
0.0590913
0.0581172
0.0571678
0.056242
0.0553387
0.0544571
0.0535962
0.0527554
0.0519343
0.0511325
0.0503502
0.0495879
0.0488468
0.0481287
0.0474367
0.0467756
0.046152
0.0455756
0.0450601
0.0446246
0.0442956
0.0441087
0.961692
0.892184
0.829084
0.771727
0.719523
0.671944
0.628523
0.588843
0.552532
0.519258
0.488725
0.460668
0.434851
0.411061
0.389111
0.368829
0.350064
0.332678
0.316549
0.301566
0.287629
0.274649
0.262545
0.251243
0.240677
0.230788
0.221521
0.212828
0.204662
0.196984
0.189757
0.182947
0.176522
0.170456
0.164722
0.159297
0.154159
0.149289
0.144668
0.140279
0.136108
0.132141
0.128363
0.124764
0.121331
0.118055
0.114927
0.111936
0.109076
0.106339
0.103717
0.101203
0.098793
0.0964796
0.094258
0.0921231
0.0900703
0.0880953
0.0861939
0.0843624
0.0825971
0.0808948
0.0792521
0.0776662
0.0761343
0.0746536
0.0732218
0.0718363
0.0704951
0.0691959
0.0679368
0.0667159
0.0655313
0.0643814
0.0632645
0.062179
0.0611234
0.0600964
0.0590965
0.0581226
0.0571734
0.0562478
0.0553447
0.0544633
0.0536026
0.0527621
0.0519412
0.0511396
0.0503575
0.0495955
0.0488545
0.0481366
0.0474448
0.0467838
0.0461604
0.0455841
0.0450687
0.0446332
0.0443041
0.0441172
0.961692
0.892184
0.829084
0.771727
0.719523
0.671944
0.628523
0.588843
0.552532
0.519258
0.488725
0.460668
0.434851
0.411062
0.389111
0.368829
0.350064
0.332678
0.316549
0.301566
0.287629
0.274649
0.262545
0.251243
0.240678
0.230789
0.221522
0.212828
0.204663
0.196985
0.189758
0.182947
0.176523
0.170457
0.164723
0.159298
0.15416
0.14929
0.144669
0.14028
0.13611
0.132142
0.128364
0.124765
0.121332
0.118057
0.114928
0.111938
0.109078
0.10634
0.103718
0.101205
0.098795
0.0964817
0.0942601
0.0921253
0.0900726
0.0880977
0.0861964
0.084365
0.0825998
0.0808976
0.079255
0.0776693
0.0761374
0.0746569
0.0732251
0.0718398
0.0704987
0.0691997
0.0679407
0.0667199
0.0655355
0.0643857
0.0632689
0.0621835
0.0611281
0.0601013
0.0591016
0.0581279
0.0571789
0.0562535
0.0553506
0.0544693
0.0536089
0.0527686
0.0519478
0.0511465
0.0503646
0.0496028
0.048862
0.0481443
0.0474527
0.0467919
0.0461685
0.0455923
0.045077
0.0446415
0.0443125
0.0441255
0.961692
0.892184
0.829084
0.771727
0.719523
0.671944
0.628523
0.588843
0.552532
0.519258
0.488725
0.460668
0.434851
0.411062
0.389111
0.368829
0.350064
0.332678
0.316549
0.301566
0.287629
0.274649
0.262545
0.251243
0.240678
0.230789
0.221522
0.212829
0.204663
0.196985
0.189758
0.182948
0.176524
0.170457
0.164723
0.159298
0.154161
0.14929
0.14467
0.140281
0.136111
0.132143
0.128365
0.124766
0.121334
0.118058
0.11493
0.11194
0.10908
0.106342
0.10372
0.101207
0.0987969
0.0964837
0.0942622
0.0921275
0.0900749
0.0881
0.0861988
0.0843675
0.0826025
0.0809003
0.0792579
0.0776722
0.0761405
0.07466
0.0732284
0.0718432
0.0705022
0.0692033
0.0679444
0.0667238
0.0655395
0.0643898
0.0632732
0.062188
0.0611327
0.0601061
0.0591066
0.058133
0.0571842
0.0562589
0.0553563
0.0544752
0.053615
0.0527748
0.0519543
0.0511532
0.0503715
0.0496099
0.0488693
0.0481518
0.0474603
0.0467997
0.0461764
0.0456004
0.0450851
0.0446496
0.0443206
0.0441336
0.961692
0.892184
0.829084
0.771727
0.719523
0.671944
0.628523
0.588843
0.552532
0.519258
0.488725
0.460668
0.434851
0.411062
0.389111
0.368829
0.350064
0.332678
0.316549
0.301566
0.28763
0.27465
0.262545
0.251244
0.240678
0.230789
0.221523
0.212829
0.204664
0.196986
0.189759
0.182948
0.176524
0.170458
0.164724
0.159299
0.154162
0.149291
0.144671
0.140282
0.136112
0.132144
0.128367
0.124767
0.121335
0.118059
0.114931
0.111941
0.109081
0.106344
0.103722
0.101209
0.0987987
0.0964856
0.0942642
0.0921296
0.0900771
0.0881023
0.0862012
0.08437
0.082605
0.0809029
0.0792606
0.077675
0.0761434
0.0746631
0.0732315
0.0718464
0.0705056
0.0692068
0.0679481
0.0667275
0.0655434
0.0643938
0.0632773
0.0621923
0.0611372
0.0601107
0.0591113
0.0581379
0.0571893
0.0562642
0.0553617
0.0544809
0.0536208
0.0527809
0.0519606
0.0511597
0.0503782
0.0496167
0.0488763
0.048159
0.0474677
0.0468072
0.0461841
0.0456081
0.0450929
0.0446575
0.0443284
0.0441415
0.961692
0.892184
0.829084
0.771727
0.719522
0.671944
0.628523
0.588843
0.552532
0.519258
0.488725
0.460668
0.434851
0.411062
0.389111
0.36883
0.350064
0.332678
0.316549
0.301566
0.28763
0.27465
0.262546
0.251244
0.240679
0.23079
0.221523
0.212829
0.204664
0.196986
0.189759
0.182949
0.176525
0.170459
0.164725
0.1593
0.154162
0.149292
0.144671
0.140283
0.136113
0.132145
0.128368
0.124769
0.121336
0.118061
0.114932
0.111942
0.109083
0.106345
0.103724
0.101211
0.0988005
0.0964875
0.0942662
0.0921316
0.0900792
0.0881045
0.0862035
0.0843723
0.0826074
0.0809054
0.0792632
0.0776777
0.0761462
0.074666
0.0732345
0.0718496
0.0705088
0.0692101
0.0679515
0.0667311
0.0655471
0.0643977
0.0632813
0.0621964
0.0611415
0.0601151
0.0591159
0.0581427
0.0571942
0.0562693
0.055367
0.0544863
0.0536265
0.0527867
0.0519666
0.0511659
0.0503846
0.0496233
0.0488831
0.048166
0.0474749
0.0468145
0.0461915
0.0456156
0.0451004
0.0446651
0.044336
0.044149
0.961692
0.892184
0.829084
0.771727
0.719522
0.671944
0.628523
0.588843
0.552532
0.519258
0.488725
0.460668
0.434851
0.411062
0.389111
0.36883
0.350064
0.332679
0.316549
0.301566
0.28763
0.27465
0.262546
0.251244
0.240679
0.23079
0.221523
0.21283
0.204664
0.196987
0.18976
0.182949
0.176525
0.170459
0.164726
0.159301
0.154163
0.149293
0.144672
0.140284
0.136114
0.132146
0.128369
0.12477
0.121337
0.118062
0.114934
0.111944
0.109084
0.106347
0.103725
0.101212
0.0988022
0.0964892
0.094268
0.0921335
0.0900812
0.0881065
0.0862056
0.0843745
0.0826098
0.0809079
0.0792657
0.0776803
0.0761489
0.0746688
0.0732374
0.0718526
0.0705119
0.0692133
0.0679549
0.0667346
0.0655506
0.0644014
0.0632851
0.0622004
0.0611456
0.0601193
0.0591203
0.0581472
0.0571989
0.0562742
0.055372
0.0544916
0.0536319
0.0527923
0.0519724
0.0511719
0.0503908
0.0496297
0.0488897
0.0481726
0.0474817
0.0468215
0.0461986
0.0456228
0.0451077
0.0446724
0.0443433
0.0441563
0.961692
0.892184
0.829084
0.771727
0.719522
0.671944
0.628523
0.588843
0.552532
0.519258
0.488725
0.460668
0.434851
0.411062
0.389111
0.36883
0.350064
0.332679
0.31655
0.301567
0.28763
0.27465
0.262546
0.251244
0.240679
0.23079
0.221524
0.21283
0.204665
0.196987
0.18976
0.18295
0.176526
0.17046
0.164726
0.159301
0.154164
0.149294
0.144673
0.140285
0.136115
0.132147
0.12837
0.124771
0.121339
0.118063
0.114935
0.111945
0.109085
0.106348
0.103727
0.101214
0.0988038
0.0964909
0.0942698
0.0921354
0.0900831
0.0881085
0.0862077
0.0843767
0.082612
0.0809102
0.0792681
0.0776828
0.0761515
0.0746714
0.0732402
0.0718554
0.0705149
0.0692164
0.067958
0.0667378
0.065554
0.0644049
0.0632888
0.0622041
0.0611495
0.0601234
0.0591245
0.0581516
0.0572034
0.0562788
0.0553769
0.0544965
0.053637
0.0527977
0.0519779
0.0511776
0.0503967
0.0496357
0.0488959
0.048179
0.0474883
0.0468281
0.0462054
0.0456297
0.0451146
0.0446793
0.0443503
0.0441632
0.961692
0.892184
0.829084
0.771727
0.719522
0.671944
0.628523
0.588843
0.552532
0.519258
0.488725
0.460668
0.434851
0.411062
0.389111
0.36883
0.350064
0.332679
0.31655
0.301567
0.28763
0.27465
0.262546
0.251245
0.240679
0.230791
0.221524
0.21283
0.204665
0.196988
0.189761
0.18295
0.176526
0.17046
0.164727
0.159302
0.154164
0.149294
0.144674
0.140286
0.136115
0.132148
0.128371
0.124772
0.12134
0.118064
0.114936
0.111946
0.109087
0.10635
0.103728
0.101215
0.0988054
0.0964925
0.0942714
0.0921371
0.0900849
0.0881104
0.0862096
0.0843787
0.0826141
0.0809124
0.0792704
0.0776852
0.0761539
0.074674
0.0732428
0.0718581
0.0705177
0.0692193
0.067961
0.066741
0.0655573
0.0644083
0.0632923
0.0622077
0.0611532
0.0601272
0.0591285
0.0581557
0.0572077
0.0562833
0.0553815
0.0545013
0.0536419
0.0528027
0.0519832
0.051183
0.0504023
0.0496415
0.0489018
0.0481851
0.0474945
0.0468345
0.0462119
0.0456362
0.0451212
0.044686
0.0443569
0.0441699
0.961692
0.892184
0.829084
0.771727
0.719522
0.671944
0.628523
0.588843
0.552532
0.519258
0.488725
0.460668
0.434851
0.411062
0.389111
0.36883
0.350065
0.332679
0.31655
0.301567
0.28763
0.27465
0.262546
0.251245
0.24068
0.230791
0.221524
0.212831
0.204666
0.196988
0.189761
0.182951
0.176527
0.170461
0.164727
0.159303
0.154165
0.149295
0.144675
0.140287
0.136116
0.132149
0.128372
0.124773
0.121341
0.118065
0.114937
0.111948
0.109088
0.106351
0.103729
0.101217
0.0988068
0.0964941
0.094273
0.0921388
0.0900866
0.0881122
0.0862115
0.0843806
0.0826161
0.0809144
0.0792725
0.0776874
0.0761562
0.0746763
0.0732453
0.0718607
0.0705203
0.0692221
0.0679639
0.0667439
0.0655603
0.0644114
0.0632955
0.0622111
0.0611567
0.0601309
0.0591322
0.0581596
0.0572117
0.0562874
0.0553858
0.0545058
0.0536466
0.0528075
0.0519881
0.0511881
0.0504076
0.049647
0.0489074
0.0481909
0.0475004
0.0468405
0.046218
0.0456424
0.0451275
0.0446923
0.0443632
0.0441762
0.961692
0.892184
0.829084
0.771727
0.719522
0.671944
0.628523
0.588843
0.552532
0.519258
0.488725
0.460668
0.434851
0.411062
0.389111
0.36883
0.350065
0.332679
0.31655
0.301567
0.28763
0.274651
0.262547
0.251245
0.24068
0.230791
0.221525
0.212831
0.204666
0.196988
0.189761
0.182951
0.176527
0.170461
0.164728
0.159303
0.154166
0.149296
0.144675
0.140287
0.136117
0.13215
0.128373
0.124774
0.121342
0.118066
0.114938
0.111949
0.109089
0.106352
0.103731
0.101218
0.0988082
0.0964955
0.0942745
0.0921403
0.0900882
0.0881139
0.0862132
0.0843824
0.082618
0.0809164
0.0792745
0.0776895
0.0761584
0.0746786
0.0732476
0.0718631
0.0705228
0.0692246
0.0679666
0.0667467
0.0655632
0.0644144
0.0632986
0.0622143
0.06116
0.0601343
0.0591358
0.0581633
0.0572155
0.0562914
0.0553899
0.05451
0.053651
0.0528121
0.0519928
0.051193
0.0504125
0.0496521
0.0489127
0.0481963
0.047506
0.0468462
0.0462238
0.0456483
0.0451334
0.0446982
0.0443692
0.0441821
0.961692
0.892184
0.829084
0.771727
0.719522
0.671944
0.628523
0.588843
0.552532
0.519258
0.488725
0.460668
0.434851
0.411062
0.389111
0.36883
0.350065
0.332679
0.31655
0.301567
0.287631
0.274651
0.262547
0.251245
0.24068
0.230791
0.221525
0.212831
0.204666
0.196989
0.189762
0.182952
0.176528
0.170462
0.164728
0.159304
0.154166
0.149296
0.144676
0.140288
0.136118
0.13215
0.128373
0.124774
0.121343
0.118067
0.114939
0.11195
0.10909
0.106353
0.103732
0.101219
0.0988095
0.0964968
0.0942759
0.0921417
0.0900897
0.0881154
0.0862149
0.0843841
0.0826197
0.0809182
0.0792764
0.0776914
0.0761604
0.0746807
0.0732498
0.0718654
0.0705252
0.0692271
0.0679691
0.0667493
0.0655659
0.0644172
0.0633015
0.0622173
0.0611631
0.0601375
0.0591391
0.0581667
0.0572191
0.0562951
0.0553937
0.054514
0.0536551
0.0528163
0.0519972
0.0511975
0.0504172
0.0496569
0.0489177
0.0482014
0.0475112
0.0468515
0.0462292
0.0456538
0.0451389
0.0447038
0.0443747
0.0441876
0.961692
0.892184
0.829084
0.771727
0.719522
0.671944
0.628523
0.588843
0.552532
0.519258
0.488725
0.460668
0.434851
0.411062
0.389112
0.36883
0.350065
0.332679
0.31655
0.301567
0.287631
0.274651
0.262547
0.251245
0.24068
0.230791
0.221525
0.212832
0.204666
0.196989
0.189762
0.182952
0.176528
0.170462
0.164729
0.159304
0.154167
0.149297
0.144677
0.140289
0.136118
0.132151
0.128374
0.124775
0.121343
0.118068
0.11494
0.111951
0.109091
0.106354
0.103733
0.10122
0.0988107
0.0964981
0.0942772
0.0921431
0.0900911
0.0881169
0.0862164
0.0843857
0.0826213
0.0809199
0.0792782
0.0776932
0.0761623
0.0746826
0.0732518
0.0718675
0.0705273
0.0692293
0.0679714
0.0667517
0.0655684
0.0644197
0.0633042
0.0622201
0.061166
0.0601404
0.0591422
0.0581699
0.0572224
0.0562985
0.0553972
0.0545176
0.0536589
0.0528202
0.0520013
0.0512017
0.0504216
0.0496614
0.0489223
0.0482062
0.047516
0.0468565
0.0462342
0.0456589
0.0451441
0.0447089
0.0443799
0.0441928
0.961692
0.892184
0.829084
0.771727
0.719522
0.671944
0.628523
0.588843
0.552532
0.519258
0.488725
0.460668
0.434851
0.411062
0.389112
0.36883
0.350065
0.332679
0.31655
0.301567
0.287631
0.274651
0.262547
0.251245
0.24068
0.230792
0.221525
0.212832
0.204667
0.196989
0.189762
0.182952
0.176529
0.170463
0.164729
0.159305
0.154167
0.149297
0.144677
0.140289
0.136119
0.132152
0.128375
0.124776
0.121344
0.118069
0.114941
0.111951
0.109092
0.106355
0.103734
0.101221
0.0988118
0.0964992
0.0942784
0.0921443
0.0900924
0.0881182
0.0862177
0.0843871
0.0826228
0.0809214
0.0792798
0.0776949
0.076164
0.0746844
0.0732537
0.0718694
0.0705293
0.0692314
0.0679735
0.0667539
0.0655707
0.0644221
0.0633066
0.0622226
0.0611686
0.0601432
0.059145
0.0581728
0.0572254
0.0563016
0.0554005
0.054521
0.0536624
0.0528239
0.052005
0.0512056
0.0504256
0.0496655
0.0489266
0.0482105
0.0475205
0.0468611
0.0462389
0.0456636
0.0451489
0.0447137
0.0443847
0.0441976
0.961692
0.892184
0.829084
0.771727
0.719522
0.671944
0.628523
0.588843
0.552532
0.519258
0.488725
0.460668
0.434851
0.411062
0.389112
0.36883
0.350065
0.332679
0.31655
0.301567
0.287631
0.274651
0.262547
0.251246
0.24068
0.230792
0.221525
0.212832
0.204667
0.19699
0.189763
0.182953
0.176529
0.170463
0.16473
0.159305
0.154168
0.149298
0.144678
0.14029
0.13612
0.132152
0.128375
0.124777
0.121345
0.11807
0.114942
0.111952
0.109093
0.106356
0.103735
0.101222
0.0988128
0.0965002
0.0942795
0.0921455
0.0900936
0.0881194
0.086219
0.0843885
0.0826242
0.0809229
0.0792813
0.0776964
0.0761656
0.0746861
0.0732554
0.0718711
0.0705311
0.0692333
0.0679755
0.0667559
0.0655728
0.0644243
0.0633089
0.0622249
0.061171
0.0601457
0.0591476
0.0581755
0.0572282
0.0563045
0.0554035
0.0545241
0.0536656
0.0528272
0.0520085
0.0512091
0.0504293
0.0496693
0.0489305
0.0482145
0.0475246
0.0468653
0.0462432
0.0456679
0.0451532
0.0447181
0.0443891
0.044202
0.961692
0.892184
0.829084
0.771727
0.719522
0.671944
0.628523
0.588843
0.552532
0.519258
0.488725
0.460668
0.434851
0.411062
0.389112
0.36883
0.350065
0.332679
0.31655
0.301567
0.287631
0.274651
0.262547
0.251246
0.240681
0.230792
0.221526
0.212832
0.204667
0.19699
0.189763
0.182953
0.176529
0.170463
0.16473
0.159305
0.154168
0.149298
0.144678
0.14029
0.13612
0.132153
0.128376
0.124777
0.121345
0.11807
0.114943
0.111953
0.109094
0.106357
0.103736
0.101223
0.0988137
0.0965012
0.0942804
0.0921465
0.0900946
0.0881205
0.0862202
0.0843897
0.0826254
0.0809241
0.0792826
0.0776978
0.076167
0.0746876
0.0732569
0.0718727
0.0705328
0.069235
0.0679773
0.0667578
0.0655747
0.0644263
0.0633109
0.062227
0.0611732
0.0601479
0.0591499
0.0581779
0.0572307
0.0563071
0.0554062
0.0545269
0.0536685
0.0528302
0.0520116
0.0512124
0.0504326
0.0496728
0.048934
0.0482182
0.0475283
0.0468691
0.046247
0.0456719
0.0451572
0.0447221
0.0443931
0.0442059
0.961692
0.892184
0.829084
0.771727
0.719522
0.671944
0.628523
0.588843
0.552532
0.519258
0.488725
0.460668
0.434851
0.411062
0.389112
0.36883
0.350065
0.332679
0.31655
0.301567
0.287631
0.274651
0.262547
0.251246
0.240681
0.230792
0.221526
0.212832
0.204667
0.19699
0.189763
0.182953
0.176529
0.170464
0.16473
0.159306
0.154168
0.149299
0.144678
0.140291
0.13612
0.132153
0.128377
0.124778
0.121346
0.118071
0.114943
0.111954
0.109094
0.106358
0.103736
0.101224
0.0988145
0.096502
0.0942813
0.0921474
0.0900956
0.0881215
0.0862212
0.0843907
0.0826265
0.0809253
0.0792838
0.0776991
0.0761683
0.0746889
0.0732583
0.0718741
0.0705343
0.0692365
0.0679788
0.0667594
0.0655764
0.064428
0.0633127
0.0622289
0.0611751
0.06015
0.059152
0.0581801
0.057233
0.0563095
0.0554086
0.0545294
0.0536711
0.0528329
0.0520144
0.0512152
0.0504356
0.0496758
0.0489372
0.0482214
0.0475317
0.0468725
0.0462505
0.0456754
0.0451607
0.0447257
0.0443966
0.0442095
0.961692
0.892184
0.829084
0.771727
0.719522
0.671944
0.628523
0.588843
0.552532
0.519258
0.488725
0.460668
0.434851
0.411062
0.389112
0.36883
0.350065
0.332679
0.31655
0.301568
0.287631
0.274651
0.262547
0.251246
0.240681
0.230792
0.221526
0.212833
0.204668
0.19699
0.189763
0.182953
0.17653
0.170464
0.164731
0.159306
0.154169
0.149299
0.144679
0.140291
0.136121
0.132154
0.128377
0.124778
0.121346
0.118071
0.114944
0.111954
0.109095
0.106358
0.103737
0.101225
0.0988152
0.0965028
0.0942821
0.0921482
0.0900964
0.0881224
0.0862221
0.0843916
0.0826275
0.0809263
0.0792848
0.0777001
0.0761694
0.07469
0.0732595
0.0718754
0.0705355
0.0692378
0.0679802
0.0667608
0.0655778
0.0644295
0.0633143
0.0622306
0.0611768
0.0601517
0.0591539
0.058182
0.0572349
0.0563115
0.0554107
0.0545316
0.0536734
0.0528353
0.0520168
0.0512178
0.0504382
0.0496785
0.0489399
0.0482243
0.0475346
0.0468755
0.0462535
0.0456785
0.0451639
0.0447288
0.0443998
0.0442126
0.961692
0.892184
0.829084
0.771727
0.719522
0.671944
0.628523
0.588843
0.552532
0.519258
0.488725
0.460668
0.434851
0.411062
0.389112
0.36883
0.350065
0.332679
0.31655
0.301568
0.287631
0.274651
0.262547
0.251246
0.240681
0.230792
0.221526
0.212833
0.204668
0.19699
0.189764
0.182954
0.17653
0.170464
0.164731
0.159306
0.154169
0.149299
0.144679
0.140291
0.136121
0.132154
0.128377
0.124779
0.121347
0.118072
0.114944
0.111955
0.109095
0.106359
0.103738
0.101225
0.0988158
0.0965034
0.0942827
0.0921489
0.0900971
0.0881231
0.0862229
0.0843924
0.0826283
0.0809271
0.0792857
0.0777011
0.0761704
0.074691
0.0732605
0.0718765
0.0705366
0.069239
0.0679814
0.066762
0.0655791
0.0644309
0.0633157
0.062232
0.0611783
0.0601532
0.0591554
0.0581836
0.0572366
0.0563133
0.0554126
0.0545335
0.0536753
0.0528373
0.0520189
0.0512199
0.0504404
0.0496809
0.0489423
0.0482267
0.0475371
0.046878
0.0462562
0.0456812
0.0451666
0.0447315
0.0444025
0.0442153
0.961692
0.892184
0.829084
0.771727
0.719522
0.671944
0.628523
0.588843
0.552532
0.519258
0.488725
0.460668
0.434851
0.411062
0.389112
0.36883
0.350065
0.332679
0.31655
0.301568
0.287631
0.274652
0.262548
0.251246
0.240681
0.230792
0.221526
0.212833
0.204668
0.19699
0.189764
0.182954
0.17653
0.170464
0.164731
0.159306
0.154169
0.1493
0.144679
0.140292
0.136121
0.132154
0.128378
0.124779
0.121347
0.118072
0.114945
0.111955
0.109096
0.106359
0.103738
0.101226
0.0988163
0.0965039
0.0942833
0.0921494
0.0900977
0.0881237
0.0862235
0.0843931
0.082629
0.0809279
0.0792864
0.0777018
0.0761712
0.0746919
0.0732614
0.0718773
0.0705376
0.0692399
0.0679824
0.0667631
0.0655802
0.064432
0.0633168
0.0622332
0.0611795
0.0601545
0.0591568
0.058185
0.057238
0.0563147
0.0554141
0.0545351
0.053677
0.052839
0.0520207
0.0512218
0.0504423
0.0496828
0.0489443
0.0482288
0.0475393
0.0468802
0.0462584
0.0456834
0.0451688
0.0447338
0.0444048
0.0442176
0.961692
0.892184
0.829084
0.771727
0.719522
0.671944
0.628523
0.588843
0.552532
0.519258
0.488725
0.460668
0.434851
0.411062
0.389112
0.36883
0.350065
0.332679
0.316551
0.301568
0.287631
0.274652
0.262548
0.251246
0.240681
0.230793
0.221526
0.212833
0.204668
0.196991
0.189764
0.182954
0.17653
0.170464
0.164731
0.159307
0.154169
0.1493
0.144679
0.140292
0.136122
0.132155
0.128378
0.124779
0.121348
0.118073
0.114945
0.111955
0.109096
0.10636
0.103738
0.101226
0.0988167
0.0965043
0.0942837
0.0921499
0.0900982
0.0881242
0.086224
0.0843936
0.0826296
0.0809284
0.079287
0.0777024
0.0761718
0.0746925
0.0732621
0.0718781
0.0705383
0.0692407
0.0679832
0.0667639
0.065581
0.0644328
0.0633177
0.0622341
0.0611805
0.0601555
0.0591578
0.0581861
0.0572392
0.0563159
0.0554153
0.0545364
0.0536783
0.0528404
0.0520221
0.0512232
0.0504438
0.0496844
0.048946
0.0482305
0.047541
0.046882
0.0462602
0.0456852
0.0451707
0.0447356
0.0444066
0.0442195
0.961692
0.892184
0.829084
0.771727
0.719522
0.671944
0.628523
0.588843
0.552532
0.519258
0.488725
0.460668
0.434851
0.411062
0.389112
0.36883
0.350065
0.332679
0.316551
0.301568
0.287631
0.274652
0.262548
0.251246
0.240681
0.230793
0.221526
0.212833
0.204668
0.196991
0.189764
0.182954
0.17653
0.170465
0.164731
0.159307
0.15417
0.1493
0.14468
0.140292
0.136122
0.132155
0.128378
0.124779
0.121348
0.118073
0.114945
0.111956
0.109096
0.10636
0.103739
0.101226
0.098817
0.0965046
0.0942841
0.0921502
0.0900985
0.0881246
0.0862244
0.084394
0.08263
0.0809289
0.0792875
0.0777029
0.0761723
0.074693
0.0732626
0.0718786
0.0705389
0.0692413
0.0679838
0.0667645
0.0655817
0.0644335
0.0633184
0.0622348
0.0611813
0.0601563
0.0591586
0.0581869
0.05724
0.0563168
0.0554162
0.0545373
0.0536793
0.0528414
0.0520232
0.0512243
0.050445
0.0496856
0.0489472
0.0482318
0.0475423
0.0468833
0.0462615
0.0456866
0.0451721
0.044737
0.044408
0.0442208
0.961692
0.892184
0.829084
0.771727
0.719522
0.671944
0.628523
0.588843
0.552532
0.519258
0.488725
0.460668
0.434851
0.411062
0.389112
0.36883
0.350065
0.332679
0.316551
0.301568
0.287631
0.274652
0.262548
0.251246
0.240681
0.230793
0.221526
0.212833
0.204668
0.196991
0.189764
0.182954
0.17653
0.170465
0.164731
0.159307
0.15417
0.1493
0.14468
0.140292
0.136122
0.132155
0.128378
0.12478
0.121348
0.118073
0.114945
0.111956
0.109097
0.10636
0.103739
0.101227
0.0988172
0.0965049
0.0942843
0.0921505
0.0900988
0.0881249
0.0862246
0.0843943
0.0826303
0.0809291
0.0792878
0.0777032
0.0761726
0.0746933
0.0732629
0.0718789
0.0705392
0.0692416
0.0679842
0.0667649
0.0655821
0.0644339
0.0633189
0.0622353
0.0611817
0.0601568
0.0591591
0.0581875
0.0572406
0.0563174
0.0554168
0.054538
0.0536799
0.0528421
0.0520239
0.0512251
0.0504458
0.0496864
0.048948
0.0482326
0.0475432
0.0468842
0.0462625
0.0456875
0.045173
0.044738
0.044409
0.0442218
0.961692
0.892184
0.829084
0.771727
0.719522
0.671944
0.628523
0.588843
0.552532
0.519258
0.488725
0.460668
0.434851
0.411062
0.389112
0.36883
0.350065
0.332679
0.316551
0.301568
0.287631
0.274652
0.262548
0.251246
0.240681
0.230793
0.221526
0.212833
0.204668
0.196991
0.189764
0.182954
0.17653
0.170465
0.164731
0.159307
0.15417
0.1493
0.14468
0.140292
0.136122
0.132155
0.128378
0.12478
0.121348
0.118073
0.114945
0.111956
0.109097
0.10636
0.103739
0.101227
0.0988173
0.096505
0.0942844
0.0921506
0.0900989
0.088125
0.0862248
0.0843944
0.0826304
0.0809293
0.0792879
0.0777034
0.0761728
0.0746935
0.0732631
0.0718791
0.0705394
0.0692418
0.0679843
0.0667651
0.0655823
0.0644342
0.0633191
0.0622355
0.061182
0.0601571
0.0591594
0.0581877
0.0572409
0.0563177
0.0554171
0.0545383
0.0536803
0.0528424
0.0520243
0.0512255
0.0504462
0.0496868
0.0489485
0.0482331
0.0475436
0.0468847
0.046263
0.045688
0.0451735
0.0447385
0.0444095
0.0442223
0.961692
0.892184
0.829084
0.771727
0.719522
0.671944
0.628523
0.588843
0.552532
0.519258
0.488725
0.460668
0.434851
0.411062
0.389112
0.36883
0.350065
0.332679
0.316551
0.301568
0.287631
0.274652
0.262548
0.251246
0.240681
0.230793
0.221526
0.212833
0.204668
0.196991
0.189764
0.182954
0.17653
0.170465
0.164731
0.159307
0.15417
0.1493
0.14468
0.140292
0.136122
0.132155
0.128378
0.12478
0.121348
0.118073
0.114945
0.111956
0.109097
0.10636
0.103739
0.101227
0.0988173
0.096505
0.0942844
0.0921506
0.0900989
0.088125
0.0862248
0.0843944
0.0826304
0.0809293
0.0792879
0.0777033
0.0761727
0.0746935
0.0732631
0.0718791
0.0705394
0.0692418
0.0679843
0.0667651
0.0655823
0.0644341
0.0633191
0.0622355
0.061182
0.060157
0.0591594
0.0581877
0.0572409
0.0563177
0.0554172
0.0545383
0.0536803
0.0528425
0.0520243
0.0512255
0.0504462
0.0496868
0.0489485
0.0482331
0.0475437
0.0468848
0.046263
0.0456881
0.0451736
0.0447386
0.0444096
0.0442224
0.961692
0.892184
0.829084
0.771727
0.719522
0.671944
0.628523
0.588843
0.552532
0.519258
0.488725
0.460668
0.434851
0.411062
0.389112
0.36883
0.350065
0.332679
0.316551
0.301568
0.287631
0.274652
0.262548
0.251246
0.240681
0.230793
0.221526
0.212833
0.204668
0.196991
0.189764
0.182954
0.17653
0.170465
0.164731
0.159307
0.15417
0.1493
0.14468
0.140292
0.136122
0.132155
0.128378
0.12478
0.121348
0.118073
0.114945
0.111956
0.109097
0.10636
0.103739
0.101227
0.0988172
0.0965048
0.0942842
0.0921504
0.0900987
0.0881248
0.0862246
0.0843943
0.0826302
0.0809291
0.0792877
0.0777032
0.0761726
0.0746933
0.0732629
0.0718789
0.0705392
0.0692416
0.0679841
0.0667649
0.065582
0.0644339
0.0633188
0.0622353
0.0611817
0.0601568
0.0591591
0.0581875
0.0572406
0.0563174
0.0554169
0.054538
0.05368
0.0528421
0.052024
0.0512252
0.0504459
0.0496865
0.0489482
0.0482328
0.0475433
0.0468844
0.0462627
0.0456878
0.0451732
0.0447382
0.0444092
0.044222
0.961692
0.892184
0.829084
0.771727
0.719522
0.671944
0.628523
0.588843
0.552532
0.519258
0.488725
0.460668
0.434851
0.411062
0.389112
0.36883
0.350065
0.332679
0.316551
0.301568
0.287631
0.274652
0.262548
0.251246
0.240681
0.230793
0.221526
0.212833
0.204668
0.196991
0.189764
0.182954
0.17653
0.170465
0.164731
0.159307
0.15417
0.1493
0.14468
0.140292
0.136122
0.132155
0.128378
0.124779
0.121348
0.118073
0.114945
0.111956
0.109096
0.10636
0.103739
0.101226
0.098817
0.0965046
0.094284
0.0921502
0.0900985
0.0881246
0.0862243
0.084394
0.0826299
0.0809288
0.0792874
0.0777028
0.0761722
0.074693
0.0732625
0.0718785
0.0705388
0.0692412
0.0679837
0.0667645
0.0655816
0.0644335
0.0633184
0.0622348
0.0611812
0.0601563
0.0591586
0.0581869
0.05724
0.0563168
0.0554163
0.0545374
0.0536793
0.0528415
0.0520233
0.0512245
0.0504452
0.0496858
0.0489474
0.048232
0.0475426
0.0468836
0.0462619
0.0456869
0.0451724
0.0447374
0.0444084
0.0442212
0.961692
0.892184
0.829084
0.771727
0.719522
0.671944
0.628523
0.588843
0.552532
0.519258
0.488725
0.460668
0.434851
0.411062
0.389112
0.36883
0.350065
0.332679
0.316551
0.301568
0.287631
0.274652
0.262548
0.251246
0.240681
0.230793
0.221526
0.212833
0.204668
0.196991
0.189764
0.182954
0.17653
0.170464
0.164731
0.159307
0.154169
0.1493
0.144679
0.140292
0.136122
0.132155
0.128378
0.124779
0.121348
0.118073
0.114945
0.111955
0.109096
0.10636
0.103738
0.101226
0.0988167
0.0965043
0.0942837
0.0921498
0.0900981
0.0881242
0.0862239
0.0843936
0.0826295
0.0809284
0.079287
0.0777024
0.0761717
0.0746924
0.073262
0.071878
0.0705382
0.0692406
0.0679831
0.0667638
0.065581
0.0644328
0.0633177
0.0622341
0.0611805
0.0601555
0.0591578
0.0581861
0.0572392
0.056316
0.0554154
0.0545364
0.0536784
0.0528405
0.0520223
0.0512235
0.0504441
0.0496847
0.0489463
0.0482309
0.0475414
0.0468824
0.0462607
0.0456857
0.0451712
0.0447362
0.0444072
0.04422
0.961692
0.892184
0.829084
0.771727
0.719522
0.671944
0.628523
0.588843
0.552532
0.519258
0.488725
0.460668
0.434851
0.411062
0.389112
0.36883
0.350065
0.332679
0.31655
0.301568
0.287631
0.274652
0.262548
0.251246
0.240681
0.230792
0.221526
0.212833
0.204668
0.19699
0.189764
0.182954
0.17653
0.170464
0.164731
0.159306
0.154169
0.1493
0.144679
0.140292
0.136121
0.132154
0.128378
0.124779
0.121347
0.118072
0.114944
0.111955
0.109096
0.106359
0.103738
0.101226
0.0988162
0.0965039
0.0942832
0.0921494
0.0900976
0.0881237
0.0862234
0.084393
0.0826289
0.0809278
0.0792864
0.0777017
0.0761711
0.0746918
0.0732613
0.0718773
0.0705375
0.0692398
0.0679823
0.066763
0.0655801
0.0644319
0.0633167
0.0622331
0.0611795
0.0601545
0.0591567
0.058185
0.0572381
0.0563148
0.0554142
0.0545352
0.0536771
0.0528392
0.0520209
0.051222
0.0504426
0.0496832
0.0489448
0.0482293
0.0475398
0.0468808
0.046259
0.0456841
0.0451695
0.0447345
0.0444055
0.0442183
0.961692
0.892184
0.829084
0.771727
0.719522
0.671944
0.628523
0.588843
0.552532
0.519258
0.488725
0.460668
0.434851
0.411062
0.389112
0.36883
0.350065
0.332679
0.31655
0.301568
0.287631
0.274651
0.262547
0.251246
0.240681
0.230792
0.221526
0.212833
0.204668
0.19699
0.189764
0.182954
0.17653
0.170464
0.164731
0.159306
0.154169
0.149299
0.144679
0.140291
0.136121
0.132154
0.128377
0.124779
0.121347
0.118072
0.114944
0.111955
0.109095
0.106359
0.103737
0.101225
0.0988157
0.0965033
0.0942827
0.0921488
0.090097
0.088123
0.0862228
0.0843923
0.0826282
0.080927
0.0792856
0.0777009
0.0761703
0.0746909
0.0732604
0.0718763
0.0705365
0.0692389
0.0679813
0.0667619
0.065579
0.0644308
0.0633156
0.0622319
0.0611783
0.0601532
0.0591554
0.0581836
0.0572367
0.0563133
0.0554126
0.0545336
0.0536755
0.0528375
0.0520192
0.0512203
0.0504408
0.0496813
0.0489429
0.0482274
0.0475378
0.0468788
0.046257
0.045682
0.0451674
0.0447324
0.0444033
0.0442162
0.961692
0.892184
0.829084
0.771727
0.719522
0.671944
0.628523
0.588843
0.552532
0.519258
0.488725
0.460668
0.434851
0.411062
0.389112
0.36883
0.350065
0.332679
0.31655
0.301568
0.287631
0.274651
0.262547
0.251246
0.240681
0.230792
0.221526
0.212833
0.204668
0.19699
0.189763
0.182953
0.17653
0.170464
0.164731
0.159306
0.154169
0.149299
0.144679
0.140291
0.136121
0.132154
0.128377
0.124778
0.121346
0.118071
0.114944
0.111954
0.109095
0.106358
0.103737
0.101225
0.0988151
0.0965027
0.094282
0.0921481
0.0900963
0.0881223
0.086222
0.0843915
0.0826274
0.0809262
0.0792847
0.0777
0.0761693
0.0746899
0.0732593
0.0718753
0.0705354
0.0692377
0.0679801
0.0667607
0.0655777
0.0644294
0.0633142
0.0622305
0.0611768
0.0601517
0.0591538
0.058182
0.057235
0.0563116
0.0554109
0.0545318
0.0536736
0.0528355
0.0520172
0.0512182
0.0504387
0.0496791
0.0489406
0.048225
0.0475354
0.0468763
0.0462545
0.0456794
0.0451649
0.0447298
0.0444008
0.0442136
0.961692
0.892184
0.829084
0.771727
0.719522
0.671944
0.628523
0.588843
0.552532
0.519258
0.488725
0.460668
0.434851
0.411062
0.389112
0.36883
0.350065
0.332679
0.31655
0.301567
0.287631
0.274651
0.262547
0.251246
0.240681
0.230792
0.221526
0.212832
0.204667
0.19699
0.189763
0.182953
0.176529
0.170464
0.16473
0.159306
0.154168
0.149299
0.144678
0.140291
0.13612
0.132153
0.128376
0.124778
0.121346
0.118071
0.114943
0.111954
0.109094
0.106358
0.103736
0.101224
0.0988144
0.0965019
0.0942812
0.0921473
0.0900955
0.0881214
0.0862211
0.0843906
0.0826264
0.0809251
0.0792836
0.0776989
0.0761682
0.0746887
0.0732581
0.071874
0.0705341
0.0692363
0.0679787
0.0667593
0.0655762
0.0644279
0.0633126
0.0622288
0.0611751
0.0601499
0.059152
0.0581801
0.057233
0.0563096
0.0554088
0.0545296
0.0536713
0.0528332
0.0520148
0.0512157
0.0504361
0.0496765
0.0489379
0.0482223
0.0475326
0.0468735
0.0462516
0.0456765
0.0451619
0.0447269
0.0443978
0.0442107
0.961692
0.892184
0.829084
0.771727
0.719522
0.671944
0.628523
0.588843
0.552532
0.519258
0.488725
0.460668
0.434851
0.411062
0.389112
0.36883
0.350065
0.332679
0.31655
0.301567
0.287631
0.274651
0.262547
0.251246
0.240681
0.230792
0.221526
0.212832
0.204667
0.19699
0.189763
0.182953
0.176529
0.170463
0.16473
0.159305
0.154168
0.149298
0.144678
0.14029
0.13612
0.132153
0.128376
0.124777
0.121345
0.11807
0.114942
0.111953
0.109094
0.106357
0.103736
0.101223
0.0988136
0.0965011
0.0942803
0.0921463
0.0900945
0.0881204
0.08622
0.0843895
0.0826253
0.080924
0.0792824
0.0776977
0.0761669
0.0746874
0.0732567
0.0718726
0.0705326
0.0692348
0.0679771
0.0667576
0.0655745
0.0644261
0.0633108
0.0622269
0.0611731
0.0601479
0.0591499
0.058178
0.0572308
0.0563073
0.0554064
0.0545272
0.0536688
0.0528306
0.0520121
0.0512129
0.0504333
0.0496736
0.0489349
0.0482192
0.0475294
0.0468702
0.0462483
0.0456732
0.0451586
0.0447235
0.0443945
0.0442073
0.961692
0.892184
0.829084
0.771727
0.719522
0.671944
0.628523
0.588843
0.552532
0.519258
0.488725
0.460668
0.434851
0.411062
0.389112
0.36883
0.350065
0.332679
0.31655
0.301567
0.287631
0.274651
0.262547
0.251246
0.24068
0.230792
0.221525
0.212832
0.204667
0.19699
0.189763
0.182953
0.176529
0.170463
0.16473
0.159305
0.154168
0.149298
0.144678
0.14029
0.136119
0.132152
0.128375
0.124777
0.121345
0.11807
0.114942
0.111952
0.109093
0.106356
0.103735
0.101222
0.0988127
0.0965001
0.0942793
0.0921453
0.0900934
0.0881193
0.0862189
0.0843883
0.082624
0.0809227
0.0792811
0.0776963
0.0761654
0.0746859
0.0732552
0.071871
0.070531
0.0692331
0.0679753
0.0667558
0.0655726
0.0644242
0.0633088
0.0622248
0.0611709
0.0601456
0.0591476
0.0581756
0.0572283
0.0563047
0.0554037
0.0545244
0.053666
0.0528277
0.052009
0.0512098
0.0504301
0.0496702
0.0489315
0.0482157
0.0475259
0.0468666
0.0462446
0.0456695
0.0451548
0.0447197
0.0443907
0.0442035
0.961692
0.892184
0.829084
0.771727
0.719522
0.671944
0.628523
0.588843
0.552532
0.519258
0.488725
0.460668
0.434851
0.411062
0.389112
0.36883
0.350065
0.332679
0.31655
0.301567
0.287631
0.274651
0.262547
0.251245
0.24068
0.230792
0.221525
0.212832
0.204667
0.196989
0.189762
0.182952
0.176529
0.170463
0.164729
0.159305
0.154167
0.149297
0.144677
0.140289
0.136119
0.132152
0.128375
0.124776
0.121344
0.118069
0.114941
0.111951
0.109092
0.106355
0.103734
0.101221
0.0988116
0.0964991
0.0942782
0.0921442
0.0900922
0.0881181
0.0862176
0.084387
0.0826226
0.0809212
0.0792796
0.0776947
0.0761638
0.0746842
0.0732535
0.0718692
0.0705291
0.0692312
0.0679733
0.0667537
0.0655705
0.064422
0.0633065
0.0622225
0.0611685
0.0601431
0.059145
0.0581729
0.0572255
0.0563018
0.0554008
0.0545214
0.0536628
0.0528244
0.0520057
0.0512064
0.0504265
0.0496666
0.0489277
0.0482118
0.0475219
0.0468626
0.0462405
0.0456653
0.0451506
0.0447155
0.0443865
0.0441994
0.961692
0.892184
0.829084
0.771727
0.719522
0.671944
0.628523
0.588843
0.552532
0.519258
0.488725
0.460668
0.434851
0.411062
0.389112
0.36883
0.350065
0.332679
0.31655
0.301567
0.287631
0.274651
0.262547
0.251245
0.24068
0.230791
0.221525
0.212832
0.204666
0.196989
0.189762
0.182952
0.176528
0.170462
0.164729
0.159304
0.154167
0.149297
0.144676
0.140289
0.136118
0.132151
0.128374
0.124775
0.121343
0.118068
0.11494
0.11195
0.109091
0.106354
0.103733
0.10122
0.0988105
0.0964979
0.094277
0.0921429
0.0900909
0.0881167
0.0862162
0.0843855
0.0826211
0.0809197
0.079278
0.077693
0.0761621
0.0746824
0.0732516
0.0718672
0.0705271
0.0692291
0.0679712
0.0667515
0.0655682
0.0644196
0.063304
0.06222
0.0611659
0.0601404
0.0591422
0.05817
0.0572225
0.0562987
0.0553975
0.054518
0.0536594
0.0528209
0.052002
0.0512026
0.0504226
0.0496626
0.0489236
0.0482076
0.0475176
0.0468582
0.0462361
0.0456608
0.0451461
0.0447109
0.0443819
0.0441948
0.961692
0.892184
0.829084
0.771727
0.719522
0.671944
0.628523
0.588843
0.552532
0.519258
0.488725
0.460668
0.434851
0.411062
0.389112
0.36883
0.350065
0.332679
0.31655
0.301567
0.287631
0.274651
0.262547
0.251245
0.24068
0.230791
0.221525
0.212831
0.204666
0.196989
0.189762
0.182952
0.176528
0.170462
0.164728
0.159304
0.154166
0.149296
0.144676
0.140288
0.136118
0.13215
0.128373
0.124774
0.121342
0.118067
0.114939
0.11195
0.10909
0.106353
0.103732
0.101219
0.0988093
0.0964967
0.0942757
0.0921416
0.0900895
0.0881152
0.0862147
0.0843839
0.0826195
0.080918
0.0792762
0.0776912
0.0761602
0.0746805
0.0732496
0.0718651
0.0705249
0.0692268
0.0679689
0.0667491
0.0655657
0.064417
0.0633014
0.0622172
0.061163
0.0601375
0.0591392
0.0581668
0.0572193
0.0562953
0.0553941
0.0545144
0.0536557
0.052817
0.0519981
0.0511985
0.0504184
0.0496583
0.0489192
0.0482031
0.047513
0.0468535
0.0462312
0.0456559
0.0451411
0.044706
0.044377
0.0441899
0.961692
0.892184
0.829084
0.771727
0.719522
0.671944
0.628523
0.588843
0.552532
0.519258
0.488725
0.460668
0.434851
0.411062
0.389111
0.36883
0.350065
0.332679
0.31655
0.301567
0.28763
0.274651
0.262547
0.251245
0.24068
0.230791
0.221525
0.212831
0.204666
0.196988
0.189761
0.182951
0.176527
0.170461
0.164728
0.159303
0.154166
0.149296
0.144675
0.140287
0.136117
0.13215
0.128373
0.124774
0.121342
0.118066
0.114938
0.111948
0.109089
0.106352
0.10373
0.101218
0.0988081
0.0964953
0.0942743
0.0921401
0.090088
0.0881137
0.086213
0.0843822
0.0826177
0.0809161
0.0792743
0.0776892
0.0761581
0.0746783
0.0732474
0.0718629
0.0705226
0.0692244
0.0679664
0.0667465
0.065563
0.0644142
0.0632985
0.0622142
0.06116
0.0601343
0.0591359
0.0581634
0.0572157
0.0562917
0.0553903
0.0545106
0.0536517
0.0528129
0.0519938
0.0511941
0.0504139
0.0496536
0.0489144
0.0481982
0.047508
0.0468484
0.0462261
0.0456507
0.0451359
0.0447007
0.0443716
0.0441845
0.961692
0.892184
0.829084
0.771727
0.719522
0.671944
0.628523
0.588843
0.552532
0.519258
0.488725
0.460668
0.434851
0.411062
0.389111
0.36883
0.350065
0.332679
0.31655
0.301567
0.28763
0.27465
0.262546
0.251245
0.24068
0.230791
0.221524
0.212831
0.204666
0.196988
0.189761
0.182951
0.176527
0.170461
0.164727
0.159303
0.154165
0.149295
0.144675
0.140287
0.136116
0.132149
0.128372
0.124773
0.121341
0.118065
0.114937
0.111947
0.109088
0.106351
0.103729
0.101217
0.0988067
0.0964939
0.0942728
0.0921385
0.0900864
0.088112
0.0862113
0.0843804
0.0826158
0.0809142
0.0792723
0.0776871
0.076156
0.0746761
0.073245
0.0718605
0.0705201
0.0692218
0.0679637
0.0667437
0.0655602
0.0644113
0.0632954
0.0622111
0.0611567
0.0601309
0.0591324
0.0581598
0.057212
0.0562878
0.0553863
0.0545064
0.0536474
0.0528085
0.0519893
0.0511894
0.050409
0.0496486
0.0489093
0.048193
0.0475026
0.0468429
0.0462205
0.0456451
0.0451302
0.044695
0.044366
0.0441789
0.961692
0.892184
0.829084
0.771727
0.719522
0.671944
0.628523
0.588843
0.552532
0.519258
0.488725
0.460668
0.434851
0.411062
0.389111
0.36883
0.350064
0.332679
0.31655
0.301567
0.28763
0.27465
0.262546
0.251245
0.240679
0.230791
0.221524
0.21283
0.204665
0.196988
0.189761
0.18295
0.176526
0.17046
0.164727
0.159302
0.154164
0.149294
0.144674
0.140286
0.136115
0.132148
0.128371
0.124772
0.12134
0.118064
0.114936
0.111946
0.109087
0.106349
0.103728
0.101215
0.0988052
0.0964923
0.0942712
0.0921369
0.0900847
0.0881102
0.0862094
0.0843785
0.0826138
0.0809121
0.0792701
0.0776849
0.0761536
0.0746737
0.0732426
0.0718579
0.0705174
0.0692191
0.0679608
0.0667408
0.0655571
0.0644081
0.0632922
0.0622077
0.0611532
0.0601273
0.0591286
0.0581559
0.057208
0.0562837
0.0553821
0.054502
0.0536428
0.0528038
0.0519844
0.0511844
0.0504039
0.0496434
0.0489039
0.0481874
0.047497
0.0468372
0.0462147
0.0456392
0.0451242
0.044689
0.04436
0.0441729
0.961692
0.892184
0.829084
0.771727
0.719522
0.671944
0.628523
0.588843
0.552532
0.519258
0.488725
0.460668
0.434851
0.411062
0.389111
0.36883
0.350064
0.332679
0.31655
0.301567
0.28763
0.27465
0.262546
0.251244
0.240679
0.23079
0.221524
0.21283
0.204665
0.196987
0.18976
0.18295
0.176526
0.17046
0.164726
0.159301
0.154164
0.149294
0.144673
0.140285
0.136114
0.132147
0.12837
0.124771
0.121338
0.118063
0.114935
0.111945
0.109085
0.106348
0.103726
0.101214
0.0988036
0.0964907
0.0942695
0.0921351
0.0900828
0.0881083
0.0862074
0.0843764
0.0826117
0.0809099
0.0792678
0.0776825
0.0761512
0.0746712
0.0732399
0.0718552
0.0705146
0.0692162
0.0679578
0.0667377
0.0655539
0.0644048
0.0632887
0.0622041
0.0611495
0.0601235
0.0591247
0.0581519
0.0572038
0.0562794
0.0553776
0.0544974
0.0536381
0.0527989
0.0519793
0.0511792
0.0503985
0.0496378
0.0488982
0.0481816
0.047491
0.0468311
0.0462085
0.0456329
0.0451179
0.0446827
0.0443536
0.0441666
0.961692
0.892184
0.829084
0.771727
0.719522
0.671944
0.628523
0.588843
0.552532
0.519258
0.488725
0.460668
0.434851
0.411062
0.389111
0.36883
0.350064
0.332679
0.31655
0.301566
0.28763
0.27465
0.262546
0.251244
0.240679
0.23079
0.221523
0.21283
0.204664
0.196987
0.18976
0.182949
0.176525
0.170459
0.164725
0.159301
0.154163
0.149293
0.144672
0.140284
0.136113
0.132146
0.128369
0.12477
0.121337
0.118062
0.114934
0.111944
0.109084
0.106347
0.103725
0.101212
0.098802
0.096489
0.0942678
0.0921333
0.0900809
0.0881063
0.0862054
0.0843743
0.0826095
0.0809076
0.0792654
0.07768
0.0761486
0.0746685
0.0732372
0.0718523
0.0705117
0.0692131
0.0679547
0.0667344
0.0655505
0.0644013
0.0632851
0.0622004
0.0611457
0.0601195
0.0591206
0.0581476
0.0571994
0.0562748
0.0553729
0.0544925
0.053633
0.0527937
0.051974
0.0511737
0.0503928
0.049632
0.0488922
0.0481755
0.0474848
0.0468247
0.046202
0.0456264
0.0451113
0.0446761
0.044347
0.04416
0.961692
0.892184
0.829084
0.771727
0.719523
0.671944
0.628523
0.588843
0.552532
0.519258
0.488725
0.460668
0.434851
0.411062
0.389111
0.36883
0.350064
0.332678
0.316549
0.301566
0.28763
0.27465
0.262546
0.251244
0.240678
0.23079
0.221523
0.212829
0.204664
0.196986
0.189759
0.182949
0.176525
0.170459
0.164725
0.1593
0.154162
0.149292
0.144671
0.140283
0.136113
0.132145
0.128368
0.124768
0.121336
0.118061
0.114932
0.111942
0.109082
0.106345
0.103723
0.10121
0.0988003
0.0964872
0.0942659
0.0921313
0.0900789
0.0881042
0.0862032
0.084372
0.0826071
0.0809052
0.0792629
0.0776774
0.0761459
0.0746657
0.0732343
0.0718493
0.0705086
0.0692099
0.0679513
0.066731
0.065547
0.0643976
0.0632813
0.0621965
0.0611416
0.0601153
0.0591163
0.0581431
0.0571948
0.0562701
0.0553679
0.0544874
0.0536278
0.0527883
0.0519684
0.0511679
0.0503869
0.0496259
0.048886
0.0481691
0.0474782
0.0468181
0.0461953
0.0456195
0.0451045
0.0446691
0.0443401
0.0441531
0.961692
0.892184
0.829084
0.771727
0.719523
0.671944
0.628523
0.588843
0.552532
0.519258
0.488725
0.460668
0.434851
0.411062
0.389111
0.368829
0.350064
0.332678
0.316549
0.301566
0.28763
0.27465
0.262545
0.251244
0.240678
0.230789
0.221523
0.212829
0.204664
0.196986
0.189759
0.182948
0.176524
0.170458
0.164724
0.159299
0.154161
0.149291
0.14467
0.140282
0.136112
0.132144
0.128367
0.124767
0.121335
0.118059
0.114931
0.111941
0.109081
0.106344
0.103722
0.101209
0.0987985
0.0964854
0.094264
0.0921293
0.0900768
0.088102
0.0862009
0.0843697
0.0826047
0.0809026
0.0792603
0.0776747
0.0761431
0.0746628
0.0732313
0.0718462
0.0705053
0.0692066
0.0679479
0.0667274
0.0655433
0.0643938
0.0632774
0.0621924
0.0611374
0.060111
0.0591117
0.0581385
0.05719
0.0562651
0.0553628
0.0544821
0.0536223
0.0527826
0.0519626
0.0511619
0.0503808
0.0496196
0.0488795
0.0481624
0.0474714
0.0468111
0.0461883
0.0456124
0.0450973
0.044662
0.0443329
0.0441459
0.961692
0.892184
0.829084
0.771727
0.719523
0.671944
0.628523
0.588843
0.552532
0.519258
0.488725
0.460668
0.434851
0.411062
0.389111
0.368829
0.350064
0.332678
0.316549
0.301566
0.287629
0.274649
0.262545
0.251243
0.240678
0.230789
0.221522
0.212829
0.204663
0.196985
0.189758
0.182948
0.176523
0.170457
0.164723
0.159298
0.154161
0.14929
0.144669
0.140281
0.13611
0.132143
0.128365
0.124766
0.121334
0.118058
0.114929
0.111939
0.109079
0.106342
0.10372
0.101207
0.0987966
0.0964834
0.094262
0.0921272
0.0900746
0.0880997
0.0861986
0.0843672
0.0826022
0.0809
0.0792576
0.0776719
0.0761402
0.0746598
0.0732281
0.071843
0.070502
0.0692031
0.0679443
0.0667237
0.0655394
0.0643899
0.0632733
0.0621882
0.061133
0.0601064
0.0591071
0.0581337
0.057185
0.0562599
0.0553575
0.0544766
0.0536166
0.0527768
0.0519565
0.0511557
0.0503744
0.049613
0.0488728
0.0481555
0.0474644
0.046804
0.046181
0.0456051
0.0450899
0.0446545
0.0443255
0.0441385
0.961692
0.892184
0.829084
0.771727
0.719523
0.671944
0.628523
0.588843
0.552532
0.519258
0.488725
0.460668
0.434851
0.411062
0.389111
0.368829
0.350064
0.332678
0.316549
0.301566
0.287629
0.274649
0.262545
0.251243
0.240678
0.230789
0.221522
0.212828
0.204663
0.196985
0.189757
0.182947
0.176523
0.170457
0.164723
0.159298
0.15416
0.149289
0.144669
0.14028
0.136109
0.132142
0.128364
0.124765
0.121332
0.118057
0.114928
0.111938
0.109078
0.10634
0.103718
0.101205
0.0987947
0.0964814
0.0942599
0.0921251
0.0900723
0.0880974
0.0861961
0.0843647
0.0825995
0.0808973
0.0792548
0.077669
0.0761371
0.0746566
0.0732249
0.0718396
0.0704985
0.0691995
0.0679406
0.0667199
0.0655355
0.0643858
0.063269
0.0621838
0.0611285
0.0601018
0.0591022
0.0581287
0.0571798
0.0562546
0.055352
0.054471
0.0536108
0.0527707
0.0519503
0.0511493
0.0503678
0.0496062
0.0488658
0.0481484
0.0474572
0.0467966
0.0461735
0.0455975
0.0450823
0.0446469
0.0443178
0.0441308
0.961692
0.892184
0.829084
0.771727
0.719523
0.671944
0.628523
0.588843
0.552532
0.519258
0.488725
0.460668
0.434851
0.411062
0.389111
0.368829
0.350064
0.332678
0.316549
0.301566
0.287629
0.274649
0.262545
0.251243
0.240677
0.230788
0.221521
0.212828
0.204662
0.196984
0.189757
0.182946
0.176522
0.170456
0.164722
0.159297
0.154159
0.149288
0.144667
0.140279
0.136108
0.13214
0.128363
0.124763
0.121331
0.118055
0.114926
0.111936
0.109076
0.106338
0.103716
0.101203
0.0987927
0.0964793
0.0942577
0.0921228
0.09007
0.088095
0.0861936
0.0843621
0.0825968
0.0808945
0.0792518
0.077666
0.076134
0.0746534
0.0732215
0.0718361
0.0704949
0.0691958
0.0679368
0.0667159
0.0655314
0.0643815
0.0632647
0.0621793
0.0611238
0.0600969
0.0590973
0.0581235
0.0571745
0.0562491
0.0553463
0.0544651
0.0536047
0.0527645
0.0519439
0.0511427
0.050361
0.0495993
0.0488587
0.0481411
0.0474497
0.046789
0.0461658
0.0455897
0.0450744
0.044639
0.04431
0.044123
0.961692
0.892184
0.829084
0.771727
0.719523
0.671944
0.628523
0.588843
0.552532
0.519258
0.488725
0.460668
0.434851
0.411061
0.389111
0.368829
0.350064
0.332678
0.316549
0.301565
0.287629
0.274649
0.262544
0.251242
0.240677
0.230788
0.221521
0.212827
0.204662
0.196984
0.189756
0.182946
0.176521
0.170455
0.164721
0.159296
0.154158
0.149287
0.144666
0.140278
0.136107
0.132139
0.128362
0.124762
0.121329
0.118054
0.114925
0.111935
0.109074
0.106337
0.103714
0.101201
0.0987907
0.0964772
0.0942555
0.0921205
0.0900676
0.0880925
0.086191
0.0843594
0.082594
0.0808916
0.0792488
0.0776629
0.0761308
0.0746501
0.0732181
0.0718326
0.0704913
0.069192
0.0679328
0.0667118
0.0655272
0.0643772
0.0632602
0.0621746
0.061119
0.060092
0.0590922
0.0581182
0.0571691
0.0562435
0.0553405
0.0544591
0.0535986
0.0527581
0.0519374
0.051136
0.0503541
0.0495922
0.0488514
0.0481337
0.0474421
0.0467813
0.046158
0.0455818
0.0450664
0.044631
0.0443019
0.044115
0.961692
0.892184
0.829084
0.771727
0.719523
0.671944
0.628523
0.588843
0.552532
0.519258
0.488725
0.460668
0.43485
0.411061
0.389111
0.368829
0.350064
0.332678
0.316549
0.301565
0.287629
0.274648
0.262544
0.251242
0.240677
0.230787
0.221521
0.212827
0.204661
0.196983
0.189756
0.182945
0.176521
0.170454
0.16472
0.159295
0.154157
0.149286
0.144665
0.140277
0.136106
0.132138
0.12836
0.124761
0.121328
0.118052
0.114923
0.111933
0.109073
0.106335
0.103713
0.101199
0.0987886
0.096475
0.0942532
0.0921181
0.0900652
0.0880899
0.0861884
0.0843566
0.0825912
0.0808886
0.0792458
0.0776597
0.0761275
0.0746467
0.0732146
0.0718289
0.0704875
0.0691881
0.0679288
0.0667077
0.0655229
0.0643727
0.0632556
0.0621699
0.0611141
0.0600869
0.0590869
0.0581128
0.0571635
0.0562377
0.0553346
0.054453
0.0535923
0.0527516
0.0519307
0.0511291
0.050347
0.0495849
0.048844
0.0481261
0.0474344
0.0467734
0.04615
0.0455737
0.0450583
0.0446228
0.0442938
0.0441069
0.961692
0.892184
0.829084
0.771727
0.719523
0.671944
0.628523
0.588843
0.552532
0.519258
0.488725
0.460668
0.43485
0.411061
0.389111
0.368829
0.350064
0.332678
0.316548
0.301565
0.287628
0.274648
0.262544
0.251242
0.240676
0.230787
0.22152
0.212826
0.204661
0.196982
0.189755
0.182944
0.17652
0.170453
0.164719
0.159294
0.154156
0.149285
0.144664
0.140276
0.136105
0.132137
0.128359
0.124759
0.121326
0.11805
0.114922
0.111931
0.109071
0.106333
0.103711
0.101197
0.0987864
0.0964728
0.0942509
0.0921157
0.0900626
0.0880873
0.0861857
0.0843538
0.0825883
0.0808856
0.0792427
0.0776564
0.0761242
0.0746432
0.073211
0.0718252
0.0704836
0.0691841
0.0679247
0.0667034
0.0655185
0.0643682
0.0632509
0.0621651
0.0611092
0.0600818
0.0590816
0.0581074
0.0571578
0.0562319
0.0553285
0.0544468
0.0535858
0.052745
0.0519239
0.0511221
0.0503398
0.0495775
0.0488364
0.0481184
0.0474265
0.0467654
0.0461419
0.0455655
0.0450501
0.0446146
0.0442855
0.0440986
0.961692
0.892184
0.829084
0.771727
0.719523
0.671944
0.628523
0.588843
0.552532
0.519258
0.488725
0.460668
0.43485
0.411061
0.389111
0.368829
0.350063
0.332677
0.316548
0.301565
0.287628
0.274648
0.262543
0.251241
0.240676
0.230787
0.22152
0.212826
0.20466
0.196982
0.189754
0.182944
0.176519
0.170453
0.164718
0.159293
0.154155
0.149284
0.144663
0.140275
0.136103
0.132135
0.128357
0.124758
0.121325
0.118049
0.11492
0.111929
0.109069
0.106331
0.103709
0.101195
0.0987842
0.0964705
0.0942485
0.0921132
0.0900601
0.0880847
0.0861829
0.084351
0.0825853
0.0808825
0.0792395
0.0776532
0.0761208
0.0746397
0.0732073
0.0718215
0.0704797
0.0691801
0.0679205
0.0666991
0.0655141
0.0643636
0.0632462
0.0621602
0.0611041
0.0600765
0.0590762
0.0581018
0.0571521
0.056226
0.0553224
0.0544405
0.0535793
0.0527383
0.051917
0.051115
0.0503325
0.0495701
0.0488288
0.0481106
0.0474185
0.0467573
0.0461337
0.0455572
0.0450417
0.0446062
0.0442771
0.0440903
0.961692
0.892184
0.829084
0.771728
0.719523
0.671944
0.628523
0.588843
0.552532
0.519258
0.488725
0.460668
0.43485
0.411061
0.389111
0.368829
0.350063
0.332677
0.316548
0.301565
0.287628
0.274648
0.262543
0.251241
0.240675
0.230786
0.221519
0.212825
0.204659
0.196981
0.189754
0.182943
0.176518
0.170452
0.164718
0.159292
0.154154
0.149283
0.144662
0.140273
0.136102
0.132134
0.128356
0.124756
0.121323
0.118047
0.114918
0.111928
0.109067
0.106329
0.103707
0.101193
0.098782
0.0964682
0.0942461
0.0921107
0.0900575
0.088082
0.0861801
0.0843481
0.0825823
0.0808794
0.0792362
0.0776498
0.0761173
0.0746361
0.0732036
0.0718176
0.0704758
0.069176
0.0679163
0.0666948
0.0655095
0.064359
0.0632414
0.0621552
0.061099
0.0600713
0.0590707
0.0580961
0.0571463
0.05622
0.0553162
0.0544341
0.0535728
0.0527316
0.05191
0.0511079
0.0503252
0.0495625
0.0488211
0.0481027
0.0474105
0.0467492
0.0461254
0.0455489
0.0450333
0.0445978
0.0442687
0.0440819
0.961692
0.892185
0.829084
0.771728
0.719523
0.671944
0.628523
0.588843
0.552532
0.519258
0.488725
0.460668
0.43485
0.411061
0.389111
0.368829
0.350063
0.332677
0.316548
0.301564
0.287628
0.274647
0.262543
0.251241
0.240675
0.230786
0.221519
0.212825
0.204659
0.196981
0.189753
0.182942
0.176518
0.170451
0.164717
0.159291
0.154153
0.149282
0.144661
0.140272
0.136101
0.132133
0.128355
0.124755
0.121322
0.118046
0.114916
0.111926
0.109065
0.106327
0.103704
0.101191
0.0987798
0.0964659
0.0942437
0.0921082
0.0900549
0.0880792
0.0861773
0.0843451
0.0825793
0.0808763
0.079233
0.0776464
0.0761138
0.0746325
0.0731999
0.0718138
0.0704718
0.0691719
0.067912
0.0666904
0.065505
0.0643543
0.0632365
0.0621502
0.0610938
0.0600659
0.0590652
0.0580905
0.0571404
0.0562139
0.05531
0.0544277
0.0535662
0.0527248
0.051903
0.0511007
0.0503178
0.049555
0.0488133
0.0480948
0.0474025
0.046741
0.0461172
0.0455406
0.0450249
0.0445894
0.0442603
0.0440735
0.961692
0.892185
0.829084
0.771728
0.719523
0.671944
0.628523
0.588843
0.552532
0.519258
0.488725
0.460668
0.43485
0.411061
0.38911
0.368829
0.350063
0.332677
0.316548
0.301564
0.287627
0.274647
0.262542
0.25124
0.240675
0.230785
0.221518
0.212824
0.204658
0.19698
0.189752
0.182941
0.176517
0.17045
0.164716
0.15929
0.154152
0.149281
0.14466
0.140271
0.1361
0.132131
0.128353
0.124753
0.12132
0.118044
0.114915
0.111924
0.109063
0.106325
0.103702
0.101189
0.0987775
0.0964635
0.0942412
0.0921057
0.0900522
0.0880765
0.0861744
0.0843422
0.0825762
0.0808731
0.0792297
0.0776431
0.0761103
0.0746288
0.0731962
0.0718099
0.0704678
0.0691678
0.0679078
0.0666859
0.0655004
0.0643496
0.0632317
0.0621452
0.0610886
0.0600606
0.0590597
0.0580848
0.0571345
0.0562079
0.0553038
0.0544213
0.0535596
0.052718
0.051896
0.0510935
0.0503105
0.0495475
0.0488056
0.0480869
0.0473945
0.0467329
0.0461089
0.0455323
0.0450166
0.044581
0.044252
0.0440651
0.961692
0.892185
0.829084
0.771728
0.719523
0.671944
0.628523
0.588843
0.552532
0.519258
0.488725
0.460668
0.43485
0.411061
0.38911
0.368828
0.350063
0.332677
0.316547
0.301564
0.287627
0.274647
0.262542
0.25124
0.240674
0.230785
0.221518
0.212824
0.204658
0.196979
0.189752
0.182941
0.176516
0.170449
0.164715
0.159289
0.154151
0.14928
0.144658
0.14027
0.136098
0.13213
0.128352
0.124752
0.121319
0.118042
0.114913
0.111922
0.109061
0.106323
0.1037
0.101186
0.0987752
0.0964612
0.0942388
0.0921031
0.0900496
0.0880738
0.0861716
0.0843392
0.0825732
0.0808699
0.0792264
0.0776397
0.0761068
0.0746252
0.0731924
0.071806
0.0704638
0.0691636
0.0679035
0.0666815
0.0654959
0.0643448
0.0632268
0.0621401
0.0610834
0.0600552
0.0590542
0.0580791
0.0571287
0.0562018
0.0552975
0.0544149
0.053553
0.0527112
0.0518891
0.0510864
0.0503031
0.04954
0.048798
0.0480791
0.0473865
0.0467248
0.0461008
0.045524
0.0450083
0.0445727
0.0442437
0.0440569
0.961692
0.892185
0.829085
0.771728
0.719523
0.671944
0.628523
0.588843
0.552532
0.519258
0.488725
0.460667
0.43485
0.411061
0.38911
0.368828
0.350063
0.332677
0.316547
0.301564
0.287627
0.274646
0.262542
0.25124
0.240674
0.230784
0.221517
0.212823
0.204657
0.196979
0.189751
0.18294
0.176515
0.170448
0.164714
0.159288
0.15415
0.149279
0.144657
0.140268
0.136097
0.132129
0.12835
0.12475
0.121317
0.11804
0.114911
0.11192
0.109059
0.106321
0.103698
0.101184
0.098773
0.0964588
0.0942363
0.0921006
0.0900469
0.088071
0.0861687
0.0843363
0.0825701
0.0808668
0.0792232
0.0776363
0.0761033
0.0746216
0.0731887
0.0718021
0.0704598
0.0691595
0.0678992
0.0666771
0.0654913
0.0643402
0.063222
0.0621352
0.0610783
0.0600499
0.0590487
0.0580735
0.0571229
0.0561959
0.0552914
0.0544085
0.0535464
0.0527045
0.0518822
0.0510793
0.0502959
0.0495325
0.0487904
0.0480714
0.0473787
0.0467169
0.0460927
0.0455159
0.0450001
0.0445645
0.0442355
0.0440487
0.961692
0.892185
0.829085
0.771728
0.719523
0.671944
0.628523
0.588843
0.552532
0.519258
0.488724
0.460667
0.43485
0.411061
0.38911
0.368828
0.350063
0.332676
0.316547
0.301563
0.287626
0.274646
0.262541
0.251239
0.240673
0.230784
0.221517
0.212822
0.204656
0.196978
0.18975
0.182939
0.176514
0.170447
0.164713
0.159287
0.154149
0.149278
0.144656
0.140267
0.136096
0.132127
0.128349
0.124749
0.121315
0.118039
0.114909
0.111918
0.109057
0.106319
0.103696
0.101182
0.0987707
0.0964565
0.0942339
0.0920981
0.0900443
0.0880683
0.0861659
0.0843334
0.0825671
0.0808636
0.0792199
0.0776329
0.0760998
0.074618
0.073185
0.0717983
0.0704558
0.0691554
0.067895
0.0666728
0.0654868
0.0643355
0.0632172
0.0621302
0.0610732
0.0600447
0.0590433
0.0580679
0.0571171
0.0561899
0.0552853
0.0544023
0.05354
0.0526979
0.0518754
0.0510723
0.0502888
0.0495253
0.048783
0.0480638
0.047371
0.0467091
0.0460848
0.045508
0.0449922
0.0445565
0.0442275
0.0440407
0.961692
0.892185
0.829085
0.771728
0.719523
0.671944
0.628523
0.588843
0.552532
0.519258
0.488724
0.460667
0.43485
0.411061
0.38911
0.368828
0.350062
0.332676
0.316547
0.301563
0.287626
0.274646
0.262541
0.251239
0.240673
0.230783
0.221516
0.212822
0.204656
0.196977
0.189749
0.182938
0.176513
0.170447
0.164712
0.159286
0.154148
0.149277
0.144655
0.140266
0.136094
0.132126
0.128347
0.124747
0.121314
0.118037
0.114908
0.111917
0.109056
0.106317
0.103694
0.10118
0.0987685
0.0964541
0.0942315
0.0920956
0.0900417
0.0880656
0.0861631
0.0843305
0.0825641
0.0808605
0.0792167
0.0776296
0.0760964
0.0746145
0.0731813
0.0717945
0.0704519
0.0691514
0.0678909
0.0666685
0.0654824
0.064331
0.0632125
0.0621254
0.0610682
0.0600395
0.059038
0.0580624
0.0571115
0.0561841
0.0552793
0.0543961
0.0535337
0.0526914
0.0518688
0.0510655
0.0502818
0.0495182
0.0487757
0.0480565
0.0473635
0.0467015
0.0460771
0.0455002
0.0449844
0.0445487
0.0442197
0.044033
0.961692
0.892185
0.829085
0.771728
0.719523
0.671944
0.628523
0.588843
0.552532
0.519258
0.488724
0.460667
0.43485
0.411061
0.38911
0.368828
0.350062
0.332676
0.316547
0.301563
0.287626
0.274645
0.262541
0.251238
0.240672
0.230783
0.221516
0.212821
0.204655
0.196977
0.189749
0.182938
0.176513
0.170446
0.164711
0.159285
0.154147
0.149276
0.144654
0.140265
0.136093
0.132124
0.128346
0.124746
0.121312
0.118036
0.114906
0.111915
0.109054
0.106315
0.103692
0.101178
0.0987663
0.0964519
0.0942291
0.0920931
0.0900392
0.088063
0.0861604
0.0843277
0.0825611
0.0808575
0.0792136
0.0776263
0.076093
0.074611
0.0731777
0.0717908
0.0704481
0.0691474
0.0678868
0.0666643
0.0654781
0.0643265
0.0632079
0.0621206
0.0610633
0.0600345
0.0590329
0.0580571
0.057106
0.0561785
0.0552735
0.0543902
0.0535276
0.0526851
0.0518623
0.0510589
0.0502751
0.0495113
0.0487687
0.0480493
0.0473562
0.0466941
0.0460697
0.0454928
0.0449769
0.0445412
0.0442122
0.0440255
0.961692
0.892185
0.829085
0.771728
0.719523
0.671944
0.628523
0.588843
0.552532
0.519258
0.488724
0.460667
0.43485
0.411061
0.38911
0.368828
0.350062
0.332676
0.316546
0.301563
0.287626
0.274645
0.26254
0.251238
0.240672
0.230782
0.221515
0.212821
0.204655
0.196976
0.189748
0.182937
0.176512
0.170445
0.16471
0.159284
0.154146
0.149274
0.144653
0.140264
0.136092
0.132123
0.128345
0.124744
0.121311
0.118034
0.114904
0.111913
0.109052
0.106313
0.10369
0.101176
0.0987642
0.0964496
0.0942268
0.0920907
0.0900367
0.0880604
0.0861577
0.0843249
0.0825583
0.0808545
0.0792105
0.0776232
0.0760898
0.0746076
0.0731742
0.0717872
0.0704444
0.0691436
0.0678828
0.0666602
0.0654739
0.0643222
0.0632034
0.062116
0.0610586
0.0600296
0.0590278
0.0580519
0.0571007
0.056173
0.0552679
0.0543844
0.0535217
0.0526791
0.0518561
0.0510526
0.0502686
0.0495046
0.0487619
0.0480425
0.0473493
0.0466871
0.0460626
0.0454856
0.0449697
0.0445341
0.0442051
0.0440184
0.961692
0.892185
0.829085
0.771728
0.719523
0.671944
0.628523
0.588843
0.552532
0.519258
0.488724
0.460667
0.43485
0.41106
0.38911
0.368828
0.350062
0.332676
0.316546
0.301562
0.287625
0.274645
0.26254
0.251237
0.240671
0.230782
0.221515
0.21282
0.204654
0.196975
0.189747
0.182936
0.176511
0.170444
0.164709
0.159283
0.154145
0.149273
0.144652
0.140262
0.13609
0.132122
0.128343
0.124743
0.121309
0.118032
0.114903
0.111911
0.10905
0.106311
0.103688
0.101174
0.0987621
0.0964475
0.0942246
0.0920884
0.0900343
0.0880579
0.0861551
0.0843222
0.0825555
0.0808517
0.0792075
0.0776201
0.0760866
0.0746043
0.0731708
0.0717837
0.0704408
0.0691399
0.067879
0.0666563
0.0654698
0.064318
0.0631991
0.0621116
0.061054
0.0600249
0.059023
0.058047
0.0570956
0.0561678
0.0552626
0.0543789
0.053516
0.0526733
0.0518502
0.0510465
0.0502624
0.0494983
0.0487555
0.048036
0.0473427
0.0466804
0.0460559
0.0454789
0.044963
0.0445273
0.0441983
0.0440117
0.961692
0.892185
0.829085
0.771728
0.719523
0.671944
0.628523
0.588843
0.552532
0.519258
0.488724
0.460667
0.43485
0.41106
0.38911
0.368827
0.350062
0.332675
0.316546
0.301562
0.287625
0.274644
0.262539
0.251237
0.240671
0.230781
0.221514
0.21282
0.204653
0.196975
0.189747
0.182935
0.17651
0.170443
0.164708
0.159282
0.154144
0.149272
0.14465
0.140261
0.136089
0.13212
0.128342
0.124741
0.121308
0.118031
0.114901
0.11191
0.109048
0.10631
0.103686
0.101172
0.0987601
0.0964454
0.0942224
0.0920861
0.090032
0.0880555
0.0861527
0.0843196
0.0825529
0.0808489
0.0792047
0.0776172
0.0760836
0.0746012
0.0731676
0.0717804
0.0704374
0.0691364
0.0678754
0.0666525
0.065466
0.064314
0.063195
0.0621074
0.0610497
0.0600205
0.0590184
0.0580423
0.0570908
0.0561629
0.0552575
0.0543737
0.0535107
0.0526678
0.0518446
0.0510408
0.0502566
0.0494924
0.0487495
0.0480299
0.0473365
0.0466742
0.0460497
0.0454726
0.0449567
0.044521
0.044192
0.0440054
0.961692
0.892185
0.829085
0.771728
0.719523
0.671944
0.628523
0.588843
0.552532
0.519258
0.488724
0.460667
0.43485
0.41106
0.389109
0.368827
0.350062
0.332675
0.316546
0.301562
0.287625
0.274644
0.262539
0.251237
0.240671
0.230781
0.221513
0.212819
0.204653
0.196974
0.189746
0.182935
0.17651
0.170442
0.164708
0.159281
0.154143
0.149271
0.144649
0.14026
0.136088
0.132119
0.128341
0.12474
0.121306
0.118029
0.1149
0.111908
0.109047
0.106308
0.103684
0.10117
0.0987582
0.0964434
0.0942204
0.092084
0.0900298
0.0880532
0.0861503
0.0843172
0.0825503
0.0808463
0.079202
0.0776144
0.0760807
0.0745983
0.0731646
0.0717773
0.0704341
0.069133
0.0678719
0.066649
0.0654623
0.0643103
0.0631912
0.0621034
0.0610456
0.0600163
0.0590142
0.0580379
0.0570863
0.0561582
0.0552527
0.0543688
0.0535057
0.0526628
0.0518394
0.0510356
0.0502512
0.049487
0.048744
0.0480243
0.0473309
0.0466685
0.0460439
0.0454668
0.0449509
0.0445152
0.0441863
0.0439997
0.961692
0.892185
0.829085
0.771728
0.719523
0.671944
0.628523
0.588843
0.552532
0.519258
0.488724
0.460667
0.43485
0.41106
0.389109
0.368827
0.350061
0.332675
0.316545
0.301562
0.287624
0.274644
0.262539
0.251236
0.24067
0.23078
0.221513
0.212818
0.204652
0.196973
0.189745
0.182934
0.176509
0.170442
0.164707
0.159281
0.154142
0.14927
0.144648
0.140259
0.136087
0.132118
0.128339
0.124739
0.121305
0.118028
0.114898
0.111907
0.109045
0.106306
0.103683
0.101168
0.0987564
0.0964416
0.0942184
0.092082
0.0900277
0.0880511
0.0861481
0.0843149
0.082548
0.0808439
0.0791995
0.0776118
0.076078
0.0745955
0.0731617
0.0717743
0.0704311
0.0691299
0.0678687
0.0666457
0.0654589
0.0643068
0.0631876
0.0620998
0.0610419
0.0600125
0.0590102
0.0580338
0.0570821
0.056154
0.0552484
0.0543644
0.0535012
0.0526581
0.0518347
0.0510308
0.0502463
0.049482
0.048739
0.0480192
0.0473258
0.0466634
0.0460388
0.0454617
0.0449457
0.0445101
0.0441811
0.0439945
0.961692
0.892185
0.829085
0.771728
0.719523
0.671944
0.628523
0.588843
0.552532
0.519258
0.488724
0.460667
0.434849
0.41106
0.389109
0.368827
0.350061
0.332675
0.316545
0.301561
0.287624
0.274643
0.262538
0.251236
0.24067
0.23078
0.221513
0.212818
0.204652
0.196973
0.189745
0.182933
0.176508
0.170441
0.164706
0.15928
0.154141
0.14927
0.144647
0.140258
0.136086
0.132117
0.128338
0.124738
0.121304
0.118027
0.114897
0.111905
0.109044
0.106305
0.103681
0.101167
0.0987547
0.0964398
0.0942166
0.0920802
0.0900258
0.0880491
0.086146
0.0843128
0.0825458
0.0808416
0.0791971
0.0776094
0.0760755
0.0745929
0.0731591
0.0717716
0.0704283
0.069127
0.0678658
0.0666427
0.0654559
0.0643036
0.0631843
0.0620964
0.0610385
0.060009
0.0590066
0.0580302
0.0570784
0.0561502
0.0552445
0.0543604
0.0534971
0.052654
0.0518305
0.0510265
0.050242
0.0494777
0.0487346
0.0480147
0.0473213
0.0466589
0.0460343
0.0454572
0.0449412
0.0445056
0.0441767
0.0439901
0.961692
0.892185
0.829085
0.771728
0.719523
0.671944
0.628523
0.588843
0.552532
0.519258
0.488724
0.460667
0.434849
0.41106
0.389109
0.368827
0.350061
0.332675
0.316545
0.301561
0.287624
0.274643
0.262538
0.251236
0.240669
0.23078
0.221512
0.212817
0.204651
0.196972
0.189744
0.182933
0.176507
0.17044
0.164705
0.159279
0.15414
0.149269
0.144647
0.140257
0.136085
0.132116
0.128337
0.124736
0.121303
0.118026
0.114896
0.111904
0.109042
0.106303
0.10368
0.101165
0.0987532
0.0964382
0.094215
0.0920785
0.090024
0.0880473
0.0861441
0.0843109
0.0825438
0.0808396
0.079195
0.0776072
0.0760733
0.0745906
0.0731567
0.0717692
0.0704258
0.0691245
0.0678632
0.06664
0.0654531
0.0643008
0.0631815
0.0620935
0.0610354
0.0600059
0.0590035
0.0580269
0.0570751
0.0561468
0.0552411
0.054357
0.0534936
0.0526504
0.0518269
0.0510228
0.0502383
0.0494739
0.0487308
0.048011
0.0473175
0.0466551
0.0460305
0.0454534
0.0449375
0.0445019
0.044173
0.0439864
0.961692
0.892185
0.829085
0.771728
0.719523
0.671944
0.628523
0.588843
0.552532
0.519257
0.488724
0.460667
0.434849
0.41106
0.389109
0.368827
0.350061
0.332674
0.316545
0.301561
0.287624
0.274643
0.262538
0.251235
0.240669
0.230779
0.221512
0.212817
0.204651
0.196972
0.189744
0.182932
0.176507
0.17044
0.164705
0.159278
0.154139
0.149268
0.144646
0.140256
0.136084
0.132115
0.128336
0.124736
0.121302
0.118025
0.114895
0.111903
0.109041
0.106302
0.103679
0.101164
0.0987518
0.0964368
0.0942135
0.092077
0.0900225
0.0880457
0.0861425
0.0843092
0.082542
0.0808378
0.0791932
0.0776053
0.0760714
0.0745886
0.0731547
0.0717671
0.0704237
0.0691223
0.0678609
0.0666377
0.0654507
0.0642984
0.063179
0.062091
0.0610329
0.0600033
0.0590008
0.0580242
0.0570723
0.056144
0.0552383
0.0543541
0.0534907
0.0526475
0.051824
0.0510199
0.0502354
0.049471
0.0487279
0.048008
0.0473146
0.0466522
0.0460276
0.0454505
0.0449346
0.044499
0.0441701
0.0439836
0.961692
0.892185
0.829085
0.771728
0.719523
0.671944
0.628523
0.588843
0.552532
0.519257
0.488724
0.460667
0.434849
0.41106
0.389109
0.368827
0.350061
0.332674
0.316544
0.301561
0.287623
0.274643
0.262538
0.251235
0.240669
0.230779
0.221511
0.212817
0.20465
0.196971
0.189743
0.182932
0.176506
0.170439
0.164704
0.159278
0.154139
0.149267
0.144645
0.140256
0.136083
0.132114
0.128335
0.124735
0.121301
0.118024
0.114894
0.111902
0.10904
0.106301
0.103677
0.101163
0.0987506
0.0964356
0.0942123
0.0920757
0.0900211
0.0880443
0.0861411
0.0843077
0.0825405
0.0808362
0.0791916
0.0776037
0.0760697
0.0745869
0.0731529
0.0717653
0.0704219
0.0691204
0.067859
0.0666357
0.0654488
0.0642964
0.063177
0.0620889
0.0610308
0.0600012
0.0589987
0.0580221
0.0570702
0.0561418
0.0552361
0.0543519
0.0534885
0.0526453
0.0518218
0.0510177
0.0502332
0.0494688
0.0487257
0.0480059
0.0473125
0.0466501
0.0460256
0.0454486
0.0449327
0.0444971
0.0441683
0.0439817
0.961692
0.892185
0.829085
0.771728
0.719523
0.671944
0.628523
0.588843
0.552532
0.519257
0.488724
0.460667
0.434849
0.41106
0.389109
0.368826
0.35006
0.332674
0.316544
0.30156
0.287623
0.274642
0.262537
0.251235
0.240668
0.230779
0.221511
0.212816
0.20465
0.196971
0.189743
0.182931
0.176506
0.170439
0.164704
0.159277
0.154138
0.149267
0.144645
0.140255
0.136083
0.132114
0.128335
0.124734
0.1213
0.118023
0.114893
0.111901
0.109039
0.1063
0.103677
0.101162
0.0987497
0.0964346
0.0942113
0.0920746
0.09002
0.0880432
0.08614
0.0843065
0.0825393
0.080835
0.0791904
0.0776024
0.0760684
0.0745856
0.0731516
0.0717639
0.0704205
0.069119
0.0678576
0.0666343
0.0654473
0.0642949
0.0631755
0.0620874
0.0610293
0.0599996
0.0589971
0.0580206
0.0570687
0.0561403
0.0552346
0.0543504
0.0534871
0.0526439
0.0518204
0.0510163
0.0502319
0.0494676
0.0487245
0.0480048
0.0473114
0.0466491
0.0460246
0.0454476
0.0449318
0.0444962
0.0441674
0.0439809
0.961692
0.892185
0.829085
0.771728
0.719523
0.671944
0.628523
0.588843
0.552532
0.519257
0.488724
0.460666
0.434849
0.411059
0.389109
0.368826
0.35006
0.332674
0.316544
0.30156
0.287623
0.274642
0.262537
0.251234
0.240668
0.230778
0.221511
0.212816
0.20465
0.196971
0.189742
0.182931
0.176506
0.170438
0.164703
0.159277
0.154138
0.149266
0.144644
0.140255
0.136082
0.132113
0.128334
0.124733
0.121299
0.118022
0.114892
0.1119
0.109039
0.1063
0.103676
0.101161
0.0987489
0.0964339
0.0942105
0.0920738
0.0900192
0.0880424
0.0861391
0.0843057
0.0825385
0.0808341
0.0791895
0.0776015
0.0760675
0.0745847
0.0731506
0.071763
0.0704195
0.069118
0.0678566
0.0666333
0.0654463
0.0642939
0.0631745
0.0620865
0.0610283
0.0599987
0.0589963
0.0580197
0.0570678
0.0561396
0.0552338
0.0543497
0.0534864
0.0526433
0.0518199
0.0510159
0.0502315
0.0494673
0.0487243
0.0480047
0.0473114
0.0466492
0.0460247
0.0454478
0.0449321
0.0444965
0.0441677
0.0439812
0.961692
0.892185
0.829085
0.771728
0.719523
0.671944
0.628523
0.588843
0.552532
0.519257
0.488724
0.460666
0.434849
0.411059
0.389108
0.368826
0.35006
0.332674
0.316544
0.30156
0.287623
0.274642
0.262537
0.251234
0.240668
0.230778
0.221511
0.212816
0.204649
0.19697
0.189742
0.182931
0.176505
0.170438
0.164703
0.159277
0.154138
0.149266
0.144644
0.140254
0.136082
0.132113
0.128334
0.124733
0.121299
0.118022
0.114892
0.1119
0.109038
0.106299
0.103675
0.101161
0.0987485
0.0964334
0.09421
0.0920733
0.0900187
0.0880418
0.0861386
0.0843052
0.082538
0.0808336
0.0791889
0.077601
0.076067
0.0745842
0.0731501
0.0717625
0.070419
0.0691176
0.0678562
0.0666329
0.0654459
0.0642936
0.0631742
0.0620862
0.0610281
0.0599985
0.0589961
0.0580196
0.0570678
0.0561396
0.0552339
0.0543499
0.0534867
0.0526437
0.0518203
0.0510165
0.0502322
0.0494681
0.0487253
0.0480057
0.0473126
0.0466504
0.0460261
0.0454493
0.0449335
0.0444981
0.0441692
0.0439827
0.961692
0.892185
0.829085
0.771728
0.719523
0.671944
0.628523
0.588843
0.552532
0.519257
0.488724
0.460666
0.434849
0.411059
0.389108
0.368826
0.35006
0.332674
0.316544
0.30156
0.287623
0.274642
0.262537
0.251234
0.240668
0.230778
0.22151
0.212816
0.204649
0.19697
0.189742
0.182931
0.176505
0.170438
0.164703
0.159276
0.154137
0.149266
0.144644
0.140254
0.136082
0.132113
0.128334
0.124733
0.121299
0.118022
0.114892
0.1119
0.109038
0.106299
0.103675
0.10116
0.0987483
0.0964332
0.0942098
0.0920732
0.0900186
0.0880417
0.0861384
0.084305
0.0825378
0.0808335
0.0791888
0.0776009
0.0760669
0.0745841
0.0731501
0.0717625
0.0704191
0.0691177
0.0678563
0.0666331
0.0654461
0.0642938
0.0631745
0.0620865
0.0610285
0.059999
0.0589967
0.0580203
0.0570686
0.0561405
0.055235
0.0543511
0.053488
0.0526451
0.0518219
0.0510182
0.0502341
0.0494701
0.0487274
0.048008
0.047315
0.046653
0.0460288
0.045452
0.0449364
0.0445009
0.0441721
0.0439856
0.961692
0.892185
0.829085
0.771728
0.719523
0.671944
0.628523
0.588843
0.552531
0.519257
0.488724
0.460666
0.434849
0.411059
0.389108
0.368826
0.35006
0.332674
0.316544
0.30156
0.287623
0.274642
0.262537
0.251234
0.240668
0.230778
0.22151
0.212816
0.204649
0.19697
0.189742
0.18293
0.176505
0.170438
0.164703
0.159276
0.154137
0.149266
0.144644
0.140254
0.136082
0.132113
0.128334
0.124733
0.121299
0.118022
0.114892
0.1119
0.109038
0.106299
0.103675
0.10116
0.0987484
0.0964333
0.09421
0.0920733
0.0900188
0.0880419
0.0861387
0.0843053
0.0825381
0.0808338
0.0791892
0.0776013
0.0760673
0.0745846
0.0731506
0.0717631
0.0704197
0.0691183
0.067857
0.0666339
0.065447
0.0642948
0.0631755
0.0620877
0.0610298
0.0600004
0.0589982
0.0580219
0.0570703
0.0561423
0.055237
0.0543532
0.0534903
0.0526476
0.0518246
0.051021
0.0502371
0.0494733
0.0487308
0.0480116
0.0473188
0.0466569
0.0460328
0.0454562
0.0449406
0.0445051
0.0441764
0.0439898
0.961692
0.892185
0.829085
0.771728
0.719523
0.671944
0.628523
0.588843
0.552531
0.519257
0.488724
0.460666
0.434849
0.411059
0.389108
0.368826
0.35006
0.332674
0.316544
0.30156
0.287623
0.274642
0.262537
0.251234
0.240668
0.230778
0.22151
0.212816
0.204649
0.19697
0.189742
0.182931
0.176505
0.170438
0.164703
0.159276
0.154137
0.149266
0.144644
0.140254
0.136082
0.132113
0.128334
0.124733
0.121299
0.118022
0.114892
0.1119
0.109038
0.106299
0.103676
0.101161
0.0987487
0.0964337
0.0942104
0.0920738
0.0900192
0.0880424
0.0861392
0.0843058
0.0825387
0.0808344
0.0791899
0.077602
0.0760681
0.0745854
0.0731515
0.071764
0.0704207
0.0691194
0.0678582
0.0666351
0.0654483
0.0642962
0.063177
0.0620892
0.0610314
0.0600022
0.0590001
0.0580239
0.0570725
0.0561447
0.0552394
0.0543559
0.0534931
0.0526506
0.0518278
0.0510244
0.0502407
0.0494771
0.0487348
0.0480157
0.047323
0.0466613
0.0460374
0.0454608
0.0449453
0.04451
0.0441811
0.0439939
)
;

boundaryField
{
    inlet
    {
        type            fixedValue;
        value           uniform 1;
    }
    outlet
    {
        type            inletOutlet;
        inletValue      uniform 1;
        value           nonuniform List<scalar> 
100
(
0.0439266
0.0439275
0.0439292
0.0439318
0.043935
0.0439391
0.0439438
0.0439491
0.043955
0.0439615
0.0439685
0.0439759
0.0439837
0.0439918
0.0440002
0.0440089
0.0440178
0.0440268
0.044036
0.0440452
0.0440544
0.0440637
0.0440729
0.044082
0.044091
0.0440999
0.0441087
0.0441172
0.0441255
0.0441336
0.0441415
0.044149
0.0441563
0.0441632
0.0441699
0.0441762
0.0441821
0.0441876
0.0441928
0.0441976
0.044202
0.0442059
0.0442095
0.0442126
0.0442153
0.0442176
0.0442195
0.0442208
0.0442218
0.0442223
0.0442224
0.044222
0.0442212
0.04422
0.0442183
0.0442162
0.0442136
0.0442107
0.0442073
0.0442035
0.0441994
0.0441948
0.0441899
0.0441845
0.0441789
0.0441729
0.0441666
0.04416
0.0441531
0.0441459
0.0441385
0.0441308
0.044123
0.044115
0.0441069
0.0440986
0.0440903
0.0440819
0.0440735
0.0440651
0.0440569
0.0440487
0.0440407
0.044033
0.0440255
0.0440184
0.0440117
0.0440054
0.0439997
0.0439945
0.0439901
0.0439864
0.0439836
0.0439817
0.0439809
0.0439812
0.0439827
0.0439856
0.0439898
0.0439939
)
;
    }
    ground
    {
        type            empty;
    }
    top
    {
        type            empty;
    }
    front
    {
        type            inletOutlet;
        inletValue      uniform 1;
        value           nonuniform List<scalar> 
100
(
0.961692
0.892185
0.829085
0.771728
0.719523
0.671944
0.628523
0.588843
0.552532
0.519257
0.488724
0.460666
0.434849
0.411059
0.389108
0.368826
0.35006
0.332674
0.316544
0.30156
0.287623
0.274642
0.262537
0.251234
0.240668
0.230778
0.22151
0.212816
0.204649
0.19697
0.189742
0.18293
0.176505
0.170437
0.164702
0.159276
0.154137
0.149265
0.144643
0.140253
0.136081
0.132112
0.128333
0.124732
0.121298
0.11802
0.11489
0.111898
0.109036
0.106297
0.103673
0.101158
0.0987456
0.0964303
0.0942067
0.0920697
0.0900149
0.0880377
0.0861341
0.0843003
0.0825328
0.080828
0.0791829
0.0775945
0.07606
0.0745766
0.073142
0.0717537
0.0704096
0.0691074
0.0678451
0.066621
0.0654331
0.0642797
0.0631591
0.0620699
0.0610105
0.0599795
0.0589756
0.0579974
0.0570439
0.0561138
0.0552061
0.05432
0.0534546
0.0526092
0.0517835
0.0509772
0.0501904
0.0494238
0.0486786
0.0479568
0.0472616
0.0465976
0.0459718
0.0453939
0.0448775
0.0444417
0.0441129
0.0439266
)
;
    }
    back
    {
        type            inletOutlet;
        inletValue      uniform 1;
        value           nonuniform List<scalar> 
100
(
0.961692
0.892185
0.829085
0.771728
0.719523
0.671944
0.628523
0.588843
0.552531
0.519257
0.488724
0.460666
0.434849
0.411059
0.389108
0.368826
0.35006
0.332674
0.316544
0.30156
0.287623
0.274642
0.262537
0.251234
0.240668
0.230778
0.22151
0.212816
0.204649
0.19697
0.189742
0.182931
0.176505
0.170438
0.164703
0.159276
0.154137
0.149266
0.144644
0.140254
0.136082
0.132113
0.128334
0.124733
0.121299
0.118022
0.114892
0.1119
0.109038
0.106299
0.103676
0.101161
0.0987487
0.0964337
0.0942104
0.0920738
0.0900192
0.0880424
0.0861392
0.0843058
0.0825387
0.0808344
0.0791899
0.077602
0.0760681
0.0745854
0.0731515
0.071764
0.0704207
0.0691194
0.0678582
0.0666351
0.0654483
0.0642962
0.063177
0.0620892
0.0610314
0.0600022
0.0590001
0.0580239
0.0570725
0.0561447
0.0552394
0.0543559
0.0534931
0.0526506
0.0518278
0.0510244
0.0502407
0.0494771
0.0487348
0.0480157
0.047323
0.0466613
0.0460374
0.0454608
0.0449453
0.04451
0.0441811
0.0439939
)
;
    }
}


// ************************************************************************* //
