/*--------------------------------*- C++ -*----------------------------------*\
  =========                 |
  \\      /  F ield         | OpenFOAM: The Open Source CFD Toolbox
   \\    /   O peration     | Website:  https://openfoam.org
    \\  /    A nd           | Version:  11
     \\/     M anipulation  |
\*---------------------------------------------------------------------------*/
FoamFile
{
    format      ascii;
    class       volScalarField;
    location    "134";
    object      omega;
}
// * * * * * * * * * * * * * * * * * * * * * * * * * * * * * * * * * * * * * //

dimensions      [0 0 -1 0 0 0 0];

internalField   nonuniform List<scalar> 
10000
(
0.961705
0.89221
0.829109
0.771735
0.719495
0.671861
0.628362
0.588581
0.55214
0.518707
0.487981
0.459694
0.433605
0.409499
0.38718
0.366475
0.347225
0.32929
0.312542
0.296868
0.282168
0.268352
0.255344
0.243079
0.231499
0.220561
0.210229
0.200473
0.191273
0.182613
0.174477
0.166856
0.159737
0.153108
0.146954
0.141258
0.136001
0.131163
0.12672
0.12265
0.118929
0.115532
0.112437
0.109621
0.10706
0.104733
0.102621
0.100706
0.0989689
0.0973952
0.09597
0.0946802
0.0935133
0.0924584
0.091505
0.090644
0.0898667
0.0891656
0.0885334
0.0879637
0.0874508
0.0869891
0.0865739
0.0862007
0.0858655
0.0855645
0.0852945
0.0850523
0.0848351
0.0846405
0.0844661
0.0843099
0.0841699
0.0840445
0.0839321
0.0838314
0.083741
0.0836598
0.0835868
0.0835212
0.083462
0.0834087
0.0833604
0.0833167
0.0832771
0.083241
0.0832082
0.0831783
0.083151
0.083126
0.0831033
0.0830825
0.0830637
0.0830469
0.0830319
0.0830188
0.0830078
0.082999
0.0829927
0.082989
0.961705
0.892211
0.829111
0.771737
0.719498
0.671864
0.628366
0.588585
0.552145
0.518712
0.487986
0.459699
0.433611
0.409505
0.387187
0.366482
0.347233
0.329298
0.312551
0.296878
0.282179
0.268365
0.255358
0.243094
0.231516
0.22058
0.210248
0.200494
0.191296
0.182636
0.174502
0.166881
0.159762
0.153133
0.146978
0.141282
0.136025
0.131186
0.126743
0.122672
0.11895
0.115553
0.112457
0.109639
0.107077
0.104749
0.102636
0.100719
0.0989809
0.0974063
0.0959803
0.0946897
0.0935221
0.0924665
0.0915125
0.0906509
0.0898731
0.0891715
0.0885388
0.0879688
0.0874554
0.0869934
0.0865779
0.0862044
0.0858689
0.0855676
0.0852973
0.0850549
0.0848375
0.0846427
0.0844681
0.0843117
0.0841716
0.0840461
0.0839336
0.0838327
0.0837422
0.0836609
0.0835879
0.0835221
0.0834629
0.0834094
0.0833611
0.0833174
0.0832776
0.0832416
0.0832087
0.0831787
0.0831514
0.0831264
0.0831036
0.0830828
0.083064
0.0830471
0.0830321
0.083019
0.083008
0.0829992
0.0829929
0.0829892
0.961705
0.892212
0.829113
0.771741
0.719502
0.67187
0.628373
0.588592
0.552152
0.51872
0.487995
0.459709
0.433621
0.409516
0.387198
0.366494
0.347246
0.329313
0.312567
0.296895
0.282198
0.268386
0.255381
0.243119
0.231544
0.22061
0.210281
0.200529
0.191333
0.182675
0.174542
0.166922
0.159804
0.153174
0.14702
0.141322
0.136064
0.131224
0.12678
0.122708
0.118985
0.115586
0.112488
0.109668
0.107103
0.104774
0.102659
0.10074
0.0990004
0.0974243
0.0959969
0.0947049
0.0935361
0.0924794
0.0915243
0.0906617
0.0898831
0.0891806
0.0885472
0.0879764
0.0874624
0.0869998
0.0865837
0.0862097
0.0858737
0.085572
0.0853013
0.0850585
0.0848408
0.0846456
0.0844708
0.0843142
0.0841738
0.0840481
0.0839354
0.0838343
0.0837436
0.0836622
0.0835891
0.0835232
0.0834639
0.0834103
0.0833619
0.0833181
0.0832783
0.0832422
0.0832093
0.0831793
0.0831519
0.0831268
0.083104
0.0830832
0.0830644
0.0830475
0.0830324
0.0830194
0.0830084
0.0829996
0.0829932
0.0829895
0.961705
0.892213
0.829116
0.771745
0.719508
0.671877
0.628381
0.588601
0.552163
0.518731
0.488007
0.459722
0.433635
0.409531
0.387215
0.366512
0.347265
0.329333
0.312589
0.29692
0.282225
0.268415
0.255414
0.243155
0.231583
0.220652
0.210326
0.200578
0.191384
0.182728
0.174597
0.166978
0.159861
0.153232
0.147076
0.141378
0.136119
0.131277
0.126831
0.122757
0.119031
0.11563
0.112529
0.109707
0.10714
0.104807
0.10269
0.100769
0.0990272
0.0974489
0.0960195
0.0947257
0.0935553
0.0924969
0.0915404
0.0906764
0.0898965
0.0891928
0.0885583
0.0879865
0.0874716
0.0870082
0.0865913
0.0862166
0.0858799
0.0855776
0.0853064
0.0850631
0.0848449
0.0846494
0.0844742
0.0843172
0.0841765
0.0840505
0.0839376
0.0838363
0.0837454
0.0836638
0.0835905
0.0835245
0.083465
0.0834114
0.0833629
0.0833189
0.0832791
0.0832429
0.0832099
0.0831799
0.0831524
0.0831274
0.0831045
0.0830837
0.0830649
0.083048
0.0830329
0.0830199
0.0830089
0.0830001
0.0829937
0.08299
0.961705
0.892214
0.829118
0.771749
0.719513
0.671884
0.62839
0.588612
0.552175
0.518744
0.488022
0.459738
0.433652
0.409549
0.387235
0.366533
0.347288
0.329359
0.312617
0.296951
0.282259
0.268452
0.255455
0.2432
0.231632
0.220705
0.210384
0.200639
0.191448
0.182795
0.174666
0.16705
0.159933
0.153304
0.147148
0.141448
0.136187
0.131343
0.126894
0.122818
0.119089
0.115685
0.112581
0.109755
0.107185
0.10485
0.102729
0.100805
0.0990607
0.0974798
0.096048
0.0947519
0.0935792
0.0925189
0.0915605
0.0906948
0.0899133
0.0892081
0.0885723
0.0879992
0.0874831
0.0870186
0.0866008
0.0862251
0.0858877
0.0855846
0.0853127
0.0850687
0.08485
0.084654
0.0844783
0.0843209
0.0841798
0.0840534
0.0839402
0.0838386
0.0837475
0.0836657
0.0835921
0.083526
0.0834664
0.0834126
0.083364
0.0833199
0.08328
0.0832437
0.0832107
0.0831806
0.0831531
0.083128
0.0831052
0.0830844
0.0830655
0.0830486
0.0830335
0.0830205
0.0830095
0.0830007
0.0829944
0.0829906
0.961705
0.892215
0.829119
0.771752
0.719518
0.671891
0.628399
0.588622
0.552187
0.518759
0.488037
0.459755
0.433672
0.40957
0.387258
0.366559
0.347316
0.329389
0.312651
0.296987
0.282299
0.268497
0.255504
0.243253
0.23169
0.220769
0.210452
0.200711
0.191525
0.182875
0.174749
0.167134
0.160018
0.153389
0.147232
0.141531
0.136268
0.131421
0.12697
0.122889
0.119157
0.11575
0.112642
0.109813
0.107239
0.104899
0.102775
0.100848
0.0991002
0.0975163
0.0960816
0.0947828
0.0936076
0.0925449
0.0915843
0.0907166
0.0899331
0.0892262
0.0885887
0.0880142
0.0874967
0.0870309
0.0866119
0.0862352
0.0858967
0.0855928
0.08532
0.0850754
0.0848559
0.0846593
0.084483
0.0843251
0.0841836
0.0840568
0.0839432
0.0838413
0.0837499
0.0836678
0.083594
0.0835277
0.0834679
0.0834139
0.0833652
0.083321
0.083281
0.0832446
0.0832116
0.0831814
0.0831539
0.0831288
0.0831059
0.0830851
0.0830662
0.0830493
0.0830342
0.0830212
0.0830102
0.0830015
0.0829951
0.0829914
0.961705
0.892215
0.82912
0.771754
0.719523
0.671897
0.628407
0.588633
0.552199
0.518773
0.488054
0.459774
0.433692
0.409594
0.387283
0.366587
0.347347
0.329423
0.312688
0.297029
0.282345
0.268548
0.25556
0.243315
0.231757
0.220841
0.210529
0.200794
0.191611
0.182966
0.174842
0.167229
0.160114
0.153485
0.147328
0.141625
0.136359
0.13151
0.127055
0.122971
0.119235
0.115823
0.112711
0.109877
0.107299
0.104956
0.102828
0.100897
0.0991451
0.0975577
0.0961198
0.0948179
0.0936399
0.0925744
0.0916114
0.0907413
0.0899557
0.0892468
0.0886074
0.0880312
0.0875121
0.0870449
0.0866245
0.0862466
0.085907
0.0856021
0.0853283
0.0850828
0.0848626
0.0846652
0.0844883
0.0843298
0.0841878
0.0840605
0.0839465
0.0838442
0.0837525
0.0836701
0.0835961
0.0835295
0.0834695
0.0834154
0.0833665
0.0833222
0.0832821
0.0832456
0.0832125
0.0831823
0.0831547
0.0831296
0.0831067
0.0830858
0.083067
0.08305
0.083035
0.083022
0.083011
0.0830023
0.0829959
0.0829922
0.961705
0.892214
0.829121
0.771756
0.719526
0.671902
0.628414
0.588642
0.552211
0.518787
0.488071
0.459793
0.433714
0.409618
0.38731
0.366617
0.347381
0.329461
0.31273
0.297075
0.282396
0.268604
0.255621
0.243382
0.231831
0.22092
0.210615
0.200885
0.191707
0.183066
0.174945
0.167334
0.160221
0.153592
0.147433
0.141729
0.13646
0.131608
0.127149
0.123061
0.11932
0.115904
0.112787
0.109949
0.107366
0.105018
0.102886
0.10095
0.0991948
0.0976036
0.096162
0.0948568
0.0936755
0.0926072
0.0916413
0.0907687
0.0899807
0.0892695
0.0886281
0.08805
0.0875292
0.0870603
0.0866385
0.0862592
0.0859183
0.0856122
0.0853375
0.085091
0.0848699
0.0846717
0.0844941
0.084335
0.0841924
0.0840646
0.08395
0.0838474
0.0837552
0.0836725
0.0835982
0.0835314
0.0834712
0.0834169
0.0833678
0.0833234
0.0832832
0.0832466
0.0832134
0.0831831
0.0831556
0.0831304
0.0831075
0.0830866
0.0830678
0.0830509
0.0830359
0.0830229
0.0830119
0.0830032
0.0829969
0.0829931
0.961704
0.892214
0.829121
0.771757
0.719528
0.671907
0.628421
0.588651
0.552223
0.518801
0.488087
0.459812
0.433736
0.409643
0.387339
0.366649
0.347416
0.3295
0.312774
0.297124
0.282451
0.268664
0.255688
0.243455
0.23191
0.221007
0.210707
0.200983
0.191811
0.183174
0.175057
0.167448
0.160335
0.153707
0.147547
0.141841
0.136569
0.131713
0.12725
0.123158
0.119413
0.115991
0.11287
0.110026
0.107438
0.105085
0.102948
0.101008
0.0992486
0.0976533
0.0962078
0.0948989
0.0937143
0.0926427
0.0916738
0.0907984
0.0900078
0.0892942
0.0886506
0.0880704
0.0875477
0.087077
0.0866536
0.0862728
0.0859306
0.0856232
0.0853473
0.0850997
0.0848777
0.0846787
0.0845003
0.0843405
0.0841972
0.0840689
0.0839538
0.0838507
0.0837582
0.0836751
0.0836005
0.0835334
0.0834729
0.0834184
0.0833692
0.0833247
0.0832843
0.0832477
0.0832144
0.083184
0.0831564
0.0831312
0.0831083
0.0830875
0.0830686
0.0830517
0.0830368
0.0830238
0.0830128
0.0830041
0.0829978
0.0829941
0.961704
0.892214
0.829121
0.771758
0.71953
0.67191
0.628426
0.588659
0.552233
0.518814
0.488103
0.459831
0.433758
0.409668
0.387367
0.366681
0.347453
0.329542
0.312821
0.297176
0.282509
0.268729
0.255759
0.243533
0.231995
0.221098
0.210806
0.201087
0.191921
0.183288
0.175175
0.167569
0.160457
0.153829
0.147668
0.14196
0.136685
0.131826
0.127358
0.123261
0.119511
0.116084
0.112957
0.110108
0.107515
0.105157
0.103015
0.10107
0.099306
0.0977063
0.0962568
0.0949439
0.0937556
0.0926806
0.0917085
0.0908301
0.0900368
0.0893206
0.0886746
0.0880921
0.0875674
0.0870949
0.0866697
0.0862873
0.0859436
0.0856349
0.0853577
0.0851091
0.084886
0.0846861
0.0845068
0.0843462
0.0842023
0.0840734
0.0839578
0.0838541
0.0837612
0.0836778
0.0836028
0.0835354
0.0834747
0.08342
0.0833706
0.0833259
0.0832854
0.0832487
0.0832153
0.0831849
0.0831573
0.0831321
0.0831091
0.0830883
0.0830695
0.0830526
0.0830377
0.0830247
0.0830138
0.0830051
0.0829988
0.082995
0.961704
0.892213
0.82912
0.771758
0.719531
0.671913
0.628431
0.588665
0.552242
0.518826
0.488118
0.459849
0.433779
0.409693
0.387396
0.366714
0.347491
0.329584
0.312869
0.29723
0.282569
0.268795
0.255833
0.243614
0.232084
0.221194
0.210909
0.201197
0.192036
0.183408
0.175299
0.167695
0.160585
0.153957
0.147795
0.142084
0.136807
0.131943
0.127472
0.12337
0.119614
0.116182
0.113049
0.110195
0.107596
0.105233
0.103085
0.101136
0.0993665
0.0977622
0.0963083
0.0949914
0.0937993
0.0927206
0.0917452
0.0908636
0.0900673
0.0893484
0.0886999
0.0881151
0.0875882
0.0871136
0.0866866
0.0863025
0.0859573
0.0856472
0.0853687
0.0851188
0.0848947
0.0846938
0.0845137
0.0843523
0.0842076
0.084078
0.0839618
0.0838577
0.0837643
0.0836805
0.0836051
0.0835374
0.0834765
0.0834215
0.083372
0.0833271
0.0832865
0.0832497
0.0832162
0.0831858
0.0831581
0.0831329
0.08311
0.0830891
0.0830703
0.0830535
0.0830386
0.0830256
0.0830147
0.0830061
0.0829997
0.082996
0.961703
0.892212
0.82912
0.771757
0.719532
0.671915
0.628434
0.588671
0.55225
0.518837
0.488132
0.459866
0.4338
0.409718
0.387425
0.366748
0.347529
0.329628
0.312918
0.297285
0.282631
0.268864
0.255909
0.243698
0.232175
0.221294
0.211015
0.20131
0.192156
0.183533
0.175427
0.167826
0.160718
0.154089
0.147927
0.142214
0.136934
0.132066
0.12759
0.123482
0.119721
0.116283
0.113145
0.110285
0.107681
0.105312
0.103159
0.101204
0.0994296
0.0978206
0.0963622
0.095041
0.0938448
0.0927624
0.0917835
0.0908986
0.0900992
0.0893775
0.0887263
0.0881391
0.0876099
0.0871332
0.0867043
0.0863184
0.0859715
0.0856599
0.0853801
0.085129
0.0849037
0.0847018
0.0845207
0.0843585
0.0842131
0.0840828
0.083966
0.0838613
0.0837674
0.0836832
0.0836075
0.0835395
0.0834782
0.0834231
0.0833733
0.0833283
0.0832876
0.0832507
0.0832171
0.0831867
0.0831589
0.0831337
0.0831108
0.08309
0.0830712
0.0830543
0.0830394
0.0830265
0.0830157
0.083007
0.0830007
0.082997
0.961703
0.892212
0.829119
0.771757
0.719532
0.671916
0.628437
0.588676
0.552258
0.518847
0.488145
0.459882
0.43382
0.409742
0.387453
0.366781
0.347567
0.329671
0.312967
0.297341
0.282693
0.268935
0.255987
0.243784
0.232269
0.221395
0.211125
0.201427
0.192278
0.183661
0.175559
0.167961
0.160854
0.154226
0.148062
0.142347
0.137064
0.132192
0.127711
0.123599
0.119832
0.116388
0.113244
0.110378
0.107768
0.105393
0.103235
0.101274
0.0994949
0.0978809
0.0964179
0.0950923
0.093892
0.0928057
0.0918231
0.0909348
0.0901323
0.0894076
0.0887536
0.0881639
0.0876323
0.0871535
0.0867225
0.0863348
0.0859863
0.0856731
0.0853918
0.0851394
0.084913
0.0847099
0.0845279
0.0843648
0.0842186
0.0840876
0.0839702
0.083865
0.0837706
0.0836859
0.0836098
0.0835415
0.08348
0.0834246
0.0833746
0.0833294
0.0832886
0.0832516
0.083218
0.0831874
0.0831597
0.0831344
0.0831115
0.0830907
0.083072
0.0830551
0.0830403
0.0830274
0.0830166
0.0830079
0.0830016
0.0829979
0.961703
0.892211
0.829118
0.771756
0.719532
0.671917
0.62844
0.588681
0.552264
0.518856
0.488157
0.459898
0.433839
0.409765
0.387481
0.366813
0.347605
0.329715
0.313017
0.297398
0.282757
0.269006
0.256066
0.243871
0.232364
0.221499
0.211236
0.201545
0.192403
0.183791
0.175694
0.168098
0.160993
0.154365
0.1482
0.142483
0.137197
0.132321
0.127835
0.123717
0.119945
0.116496
0.113346
0.110473
0.107857
0.105477
0.103312
0.101347
0.0995619
0.0979429
0.0964751
0.095145
0.0939404
0.0928501
0.0918638
0.090972
0.0901662
0.0894385
0.0887817
0.0881893
0.0876553
0.0871743
0.0867413
0.0863516
0.0860013
0.0856866
0.0854039
0.0851501
0.0849224
0.0847183
0.0845353
0.0843712
0.0842242
0.0840925
0.0839744
0.0838686
0.0837737
0.0836886
0.0836121
0.0835434
0.0834817
0.083426
0.0833758
0.0833305
0.0832895
0.0832524
0.0832187
0.0831882
0.0831604
0.0831351
0.0831122
0.0830914
0.0830727
0.0830559
0.0830411
0.0830282
0.0830174
0.0830088
0.0830025
0.0829988
0.961702
0.89221
0.829117
0.771755
0.719532
0.671918
0.628442
0.588684
0.55227
0.518865
0.488168
0.459913
0.433858
0.409787
0.387508
0.366845
0.347642
0.329758
0.313066
0.297454
0.28282
0.269077
0.256145
0.243959
0.23246
0.221603
0.211348
0.201665
0.192529
0.183923
0.17583
0.168238
0.161134
0.154506
0.14834
0.142621
0.137331
0.132452
0.127961
0.123838
0.12006
0.116605
0.113449
0.11057
0.107948
0.105562
0.103392
0.10142
0.0996303
0.0980062
0.0965335
0.0951988
0.0939899
0.0928955
0.0919054
0.09101
0.0902009
0.0894701
0.0888104
0.0882153
0.0876789
0.0871955
0.0867604
0.0863688
0.0860167
0.0857003
0.0854161
0.0851609
0.084932
0.0847267
0.0845427
0.0843777
0.0842298
0.0840974
0.0839786
0.0838722
0.0837768
0.0836912
0.0836144
0.0835453
0.0834833
0.0834274
0.083377
0.0833315
0.0832904
0.0832532
0.0832194
0.0831888
0.083161
0.0831357
0.0831128
0.0830921
0.0830733
0.0830566
0.0830418
0.083029
0.0830182
0.0830096
0.0830033
0.0829996
0.961702
0.892209
0.829116
0.771754
0.719531
0.671918
0.628443
0.588687
0.552275
0.518872
0.488179
0.459926
0.433875
0.409809
0.387534
0.366876
0.347678
0.3298
0.313115
0.29751
0.282884
0.269148
0.256224
0.244046
0.232557
0.221708
0.211461
0.201785
0.192656
0.184055
0.175966
0.168377
0.161276
0.154648
0.148482
0.142761
0.137468
0.132584
0.128089
0.12396
0.120177
0.116715
0.113553
0.110669
0.10804
0.105648
0.103472
0.101495
0.0996996
0.0980703
0.0965927
0.0952534
0.0940401
0.0929416
0.0919476
0.0910487
0.0902361
0.0895022
0.0888396
0.0882418
0.0877028
0.0872171
0.0867798
0.0863862
0.0860323
0.0857141
0.0854284
0.0851719
0.0849417
0.0847352
0.0845501
0.0843842
0.0842355
0.0841022
0.0839828
0.0838758
0.0837799
0.0836938
0.0836166
0.0835472
0.0834848
0.0834286
0.083378
0.0833324
0.0832912
0.0832538
0.08322
0.0831894
0.0831615
0.0831363
0.0831134
0.0830926
0.0830739
0.0830572
0.0830425
0.0830297
0.0830189
0.0830103
0.0830041
0.0830004
0.961702
0.892208
0.829115
0.771753
0.719531
0.671918
0.628444
0.58869
0.55228
0.518879
0.488188
0.459939
0.433892
0.409829
0.387559
0.366906
0.347714
0.329841
0.313163
0.297565
0.282946
0.269218
0.256303
0.244134
0.232652
0.221812
0.211573
0.201905
0.192782
0.184187
0.176103
0.168517
0.161417
0.154791
0.148623
0.1429
0.137604
0.132716
0.128217
0.124083
0.120294
0.116827
0.113658
0.110768
0.108133
0.105735
0.103553
0.10157
0.0997696
0.0981351
0.0966526
0.0953086
0.0940909
0.0929882
0.0919903
0.0910877
0.0902717
0.0895346
0.088869
0.0882684
0.0877269
0.0872388
0.0867993
0.0864037
0.0860479
0.0857281
0.0854408
0.0851829
0.0849514
0.0847437
0.0845575
0.0843907
0.0842411
0.0841071
0.083987
0.0838793
0.0837828
0.0836963
0.0836186
0.0835489
0.0834862
0.0834298
0.083379
0.0833332
0.0832918
0.0832544
0.0832205
0.0831898
0.083162
0.0831367
0.0831138
0.0830931
0.0830744
0.0830578
0.083043
0.0830303
0.0830196
0.083011
0.0830048
0.083001
0.961702
0.892208
0.829114
0.771752
0.71953
0.671918
0.628445
0.588692
0.552284
0.518886
0.488198
0.459952
0.433907
0.409849
0.387583
0.366935
0.347748
0.329882
0.31321
0.297619
0.283008
0.269288
0.256381
0.24422
0.232747
0.221915
0.211684
0.202024
0.192908
0.184319
0.176239
0.168657
0.161559
0.154933
0.148765
0.14304
0.137741
0.132849
0.128345
0.124206
0.120411
0.116938
0.113764
0.110867
0.108226
0.105822
0.103635
0.101646
0.0998399
0.0982003
0.0967128
0.0953641
0.0941419
0.0930351
0.0920332
0.0911269
0.0903075
0.0895672
0.0888986
0.0882953
0.0877511
0.0872607
0.086819
0.0864213
0.0860637
0.0857421
0.0854532
0.0851938
0.084961
0.0847522
0.0845649
0.0843971
0.0842466
0.0841118
0.083991
0.0838828
0.0837857
0.0836987
0.0836207
0.0835506
0.0834876
0.0834309
0.0833799
0.0833339
0.0832924
0.0832549
0.0832209
0.0831902
0.0831623
0.083137
0.0831142
0.0830935
0.0830748
0.0830582
0.0830435
0.0830308
0.0830201
0.0830116
0.0830053
0.0830016
0.961701
0.892207
0.829112
0.771751
0.719529
0.671918
0.628446
0.588694
0.552288
0.518892
0.488206
0.459963
0.433922
0.409868
0.387606
0.366963
0.347782
0.329922
0.313256
0.297672
0.283068
0.269356
0.256457
0.244305
0.232841
0.222017
0.211795
0.202141
0.193033
0.184449
0.176375
0.168795
0.161699
0.155074
0.148905
0.143178
0.137877
0.132981
0.128472
0.124329
0.120528
0.117049
0.113869
0.110966
0.10832
0.105909
0.103716
0.101722
0.0999103
0.0982655
0.096773
0.0954196
0.0941931
0.093082
0.0920763
0.0911663
0.0903434
0.0895998
0.0889283
0.0883221
0.0877754
0.0872826
0.0868386
0.0864389
0.0860794
0.0857561
0.0854657
0.0852048
0.0849707
0.0847606
0.0845723
0.0844034
0.0842521
0.0841165
0.083995
0.0838861
0.0837885
0.083701
0.0836226
0.0835521
0.0834888
0.0834319
0.0833807
0.0833345
0.0832929
0.0832553
0.0832212
0.0831905
0.0831626
0.0831373
0.0831144
0.0830937
0.0830751
0.0830585
0.0830439
0.0830312
0.0830206
0.083012
0.0830058
0.0830021
0.961701
0.892206
0.829111
0.77175
0.719528
0.671917
0.628446
0.588696
0.552291
0.518897
0.488214
0.459974
0.433936
0.409886
0.387629
0.36699
0.347814
0.32996
0.313301
0.297723
0.283127
0.269423
0.256533
0.244388
0.232933
0.222118
0.211903
0.202258
0.193156
0.184578
0.176508
0.168932
0.161838
0.155213
0.149044
0.143316
0.138011
0.133112
0.128599
0.12445
0.120645
0.11716
0.113974
0.111065
0.108412
0.105996
0.103797
0.101797
0.0999805
0.0983305
0.0968331
0.0954751
0.0942441
0.0931289
0.0921192
0.0912055
0.0903792
0.0896324
0.0889579
0.0883489
0.0877996
0.0873044
0.0868582
0.0864565
0.086095
0.08577
0.085478
0.0852157
0.0849802
0.084769
0.0845795
0.0844097
0.0842575
0.0841211
0.0839989
0.0838894
0.0837912
0.0837033
0.0836244
0.0835535
0.0834899
0.0834328
0.0833813
0.083335
0.0832932
0.0832555
0.0832214
0.0831906
0.0831627
0.0831374
0.0831145
0.0830939
0.0830753
0.0830588
0.0830442
0.0830315
0.0830209
0.0830124
0.0830062
0.0830025
0.961701
0.892205
0.82911
0.771749
0.719527
0.671917
0.628447
0.588698
0.552294
0.518902
0.488221
0.459984
0.43395
0.409903
0.38765
0.367017
0.347846
0.329997
0.313344
0.297773
0.283184
0.269488
0.256606
0.24447
0.233023
0.222216
0.21201
0.202371
0.193276
0.184704
0.176639
0.169067
0.161975
0.155351
0.149182
0.143452
0.138145
0.133242
0.128724
0.124571
0.12076
0.117269
0.114078
0.111163
0.108504
0.106082
0.103878
0.101872
0.10005
0.0983951
0.0968928
0.0955302
0.0942948
0.0931755
0.0921619
0.0912446
0.0904148
0.0896648
0.0889873
0.0883756
0.0878237
0.087326
0.0868776
0.0864739
0.0861106
0.0857838
0.0854902
0.0852264
0.0849896
0.0847772
0.0845867
0.0844159
0.0842628
0.0841256
0.0840027
0.0838925
0.0837938
0.0837054
0.083626
0.0835549
0.083491
0.0834335
0.0833819
0.0833354
0.0832935
0.0832557
0.0832215
0.0831906
0.0831627
0.0831374
0.0831146
0.083094
0.0830754
0.0830589
0.0830443
0.0830317
0.0830211
0.0830127
0.0830065
0.0830028
0.9617
0.892205
0.829109
0.771748
0.719526
0.671916
0.628447
0.588699
0.552297
0.518907
0.488228
0.459994
0.433963
0.40992
0.387671
0.367042
0.347876
0.330033
0.313386
0.297822
0.28324
0.269551
0.256677
0.24455
0.233111
0.222312
0.212114
0.202483
0.193395
0.184828
0.176768
0.169199
0.162109
0.155486
0.149317
0.143585
0.138276
0.13337
0.128848
0.12469
0.120874
0.117378
0.11418
0.11126
0.108595
0.106168
0.103957
0.101947
0.100119
0.098459
0.096952
0.0955848
0.0943451
0.0932216
0.0922042
0.0912833
0.0904501
0.089697
0.0890164
0.088402
0.0878475
0.0873475
0.0868969
0.0864911
0.0861259
0.0857975
0.0855022
0.085237
0.0849989
0.0847853
0.0845937
0.0844219
0.0842679
0.0841299
0.0840063
0.0838955
0.0837963
0.0837074
0.0836276
0.0835561
0.0834919
0.0834342
0.0833824
0.0833357
0.0832937
0.0832557
0.0832215
0.0831906
0.0831626
0.0831373
0.0831145
0.0830939
0.0830754
0.0830589
0.0830444
0.0830318
0.0830213
0.0830129
0.0830067
0.083003
0.9617
0.892204
0.829108
0.771747
0.719525
0.671915
0.628447
0.5887
0.5523
0.518911
0.488235
0.460003
0.433975
0.409935
0.38769
0.367066
0.347905
0.330067
0.313426
0.297869
0.283294
0.269613
0.256747
0.244627
0.233196
0.222406
0.212215
0.202592
0.19351
0.184949
0.176893
0.169328
0.162241
0.155619
0.149449
0.143716
0.138404
0.133495
0.128969
0.124807
0.120985
0.117484
0.114281
0.111355
0.108685
0.106252
0.104036
0.10202
0.100187
0.0985222
0.0970104
0.0956387
0.0943947
0.0932672
0.092246
0.0913215
0.090485
0.0897287
0.0890452
0.088428
0.087871
0.0873687
0.0869159
0.0865081
0.086141
0.0858109
0.0855141
0.0852474
0.085008
0.0847932
0.0846005
0.0844277
0.0842729
0.0841341
0.0840098
0.0838984
0.0837987
0.0837092
0.0836291
0.0835572
0.0834927
0.0834348
0.0833827
0.0833359
0.0832937
0.0832557
0.0832214
0.0831904
0.0831625
0.0831372
0.0831143
0.0830938
0.0830753
0.0830589
0.0830444
0.0830319
0.0830213
0.0830129
0.0830068
0.0830031
0.9617
0.892203
0.829107
0.771745
0.719524
0.671915
0.628447
0.588701
0.552302
0.518915
0.488241
0.460012
0.433986
0.40995
0.387709
0.367089
0.347933
0.330101
0.313465
0.297914
0.283347
0.269673
0.256814
0.244702
0.233279
0.222497
0.212314
0.202697
0.193622
0.185067
0.177016
0.169454
0.162369
0.155748
0.149578
0.143844
0.13853
0.133618
0.129088
0.124921
0.121095
0.117589
0.11438
0.111448
0.108773
0.106334
0.104113
0.102092
0.100254
0.0985843
0.0970679
0.0956917
0.0944436
0.0933122
0.0922872
0.0913591
0.0905194
0.0897599
0.0890736
0.0884537
0.0878942
0.0873895
0.0869346
0.0865248
0.0861559
0.085824
0.0855257
0.0852576
0.085017
0.0848009
0.0846072
0.0844334
0.0842777
0.0841382
0.0840132
0.0839012
0.0838009
0.083711
0.0836304
0.0835582
0.0834934
0.0834352
0.0833829
0.0833359
0.0832937
0.0832555
0.0832212
0.0831902
0.0831622
0.0831369
0.0831141
0.0830936
0.0830751
0.0830587
0.0830443
0.0830318
0.0830213
0.0830129
0.0830068
0.0830031
0.9617
0.892203
0.829106
0.771744
0.719523
0.671914
0.628447
0.588702
0.552304
0.518919
0.488247
0.46002
0.433997
0.409964
0.387727
0.367111
0.34796
0.330132
0.313503
0.297958
0.283397
0.26973
0.256879
0.244775
0.23336
0.222585
0.212409
0.2028
0.193731
0.185182
0.177135
0.169577
0.162494
0.155875
0.149704
0.143969
0.138653
0.133738
0.129204
0.125033
0.121202
0.117691
0.114477
0.11154
0.108859
0.106415
0.104189
0.102163
0.10032
0.0986453
0.0971243
0.0957438
0.0944916
0.0933562
0.0923276
0.0913961
0.0905531
0.0897906
0.0891014
0.0884789
0.0879169
0.0874099
0.0869529
0.0865412
0.0861705
0.0858369
0.0855371
0.0852676
0.0850257
0.0848085
0.0846137
0.084439
0.0842824
0.0841421
0.0840164
0.0839038
0.083803
0.0837126
0.0836316
0.0835591
0.083494
0.0834356
0.0833831
0.0833359
0.0832935
0.0832553
0.0832209
0.0831898
0.0831618
0.0831366
0.0831138
0.0830932
0.0830748
0.0830585
0.0830441
0.0830316
0.0830211
0.0830128
0.0830067
0.083003
0.961699
0.892202
0.829106
0.771743
0.719522
0.671914
0.628447
0.588703
0.552306
0.518922
0.488252
0.460027
0.434008
0.409978
0.387744
0.367132
0.347985
0.330163
0.313539
0.298
0.283445
0.269785
0.256941
0.244844
0.233437
0.22267
0.212501
0.202899
0.193837
0.185293
0.177251
0.169696
0.162615
0.155997
0.149827
0.144091
0.138772
0.133854
0.129318
0.125142
0.121307
0.11779
0.114572
0.11163
0.108944
0.106494
0.104263
0.102232
0.100384
0.0987049
0.0971795
0.0957948
0.0945385
0.0933994
0.0923671
0.0914323
0.0905861
0.0898206
0.0891287
0.0885036
0.0879392
0.0874299
0.0869708
0.0865571
0.0861847
0.0858495
0.0855482
0.0852773
0.0850341
0.0848158
0.08462
0.0844443
0.0842869
0.0841459
0.0840195
0.0839063
0.0838049
0.0837141
0.0836328
0.0835598
0.0834945
0.0834358
0.0833831
0.0833358
0.0832933
0.083255
0.0832205
0.0831894
0.0831614
0.0831361
0.0831133
0.0830928
0.0830745
0.0830581
0.0830438
0.0830313
0.0830209
0.0830126
0.0830065
0.0830028
0.961699
0.892201
0.829105
0.771742
0.719521
0.671913
0.628447
0.588704
0.552308
0.518926
0.488257
0.460035
0.434018
0.409991
0.38776
0.367152
0.34801
0.330192
0.313574
0.29804
0.283492
0.269838
0.257001
0.244912
0.233512
0.222751
0.21259
0.202995
0.193938
0.1854
0.177362
0.169811
0.162733
0.156115
0.149945
0.144208
0.138888
0.133968
0.129427
0.125248
0.121408
0.117887
0.114664
0.111717
0.109026
0.106571
0.104335
0.102299
0.100447
0.0987631
0.0972334
0.0958445
0.0945843
0.0934415
0.0924058
0.0914676
0.0906183
0.08985
0.0891553
0.0885276
0.0879609
0.0874495
0.0869883
0.0865727
0.0861985
0.0858618
0.0855589
0.0852868
0.0850423
0.0848229
0.084626
0.0844495
0.0842913
0.0841495
0.0840225
0.0839087
0.0838068
0.0837155
0.0836338
0.0835605
0.0834949
0.083436
0.0833831
0.0833356
0.083293
0.0832546
0.0832201
0.0831889
0.0831609
0.0831356
0.0831128
0.0830924
0.083074
0.0830577
0.0830434
0.083031
0.0830206
0.0830123
0.0830062
0.0830026
0.961699
0.892201
0.829104
0.771741
0.71952
0.671912
0.628447
0.588704
0.55231
0.518929
0.488262
0.460042
0.434027
0.410003
0.387776
0.367171
0.348033
0.33022
0.313607
0.298079
0.283536
0.269889
0.257059
0.244976
0.233583
0.22283
0.212676
0.203087
0.194036
0.185503
0.17747
0.169922
0.162846
0.15623
0.15006
0.144322
0.139
0.134077
0.129534
0.125351
0.121507
0.117981
0.114753
0.111801
0.109105
0.106646
0.104405
0.102365
0.100508
0.0988196
0.0972858
0.0958929
0.0946289
0.0934825
0.0924433
0.091502
0.0906497
0.0898785
0.0891812
0.088551
0.087982
0.0874684
0.0870053
0.0865879
0.086212
0.0858737
0.0855694
0.0852959
0.0850503
0.0848297
0.0846319
0.0844545
0.0842954
0.0841529
0.0840253
0.0839109
0.0838085
0.0837168
0.0836347
0.0835611
0.0834952
0.083436
0.083383
0.0833354
0.0832926
0.0832541
0.0832195
0.0831884
0.0831603
0.083135
0.0831123
0.0830918
0.0830735
0.0830572
0.0830429
0.0830306
0.0830202
0.083012
0.0830059
0.0830022
0.961699
0.8922
0.829103
0.771741
0.719519
0.671912
0.628447
0.588705
0.552311
0.518932
0.488267
0.460048
0.434036
0.410015
0.38779
0.367189
0.348055
0.330247
0.313638
0.298116
0.283579
0.269938
0.257114
0.245038
0.233652
0.222905
0.212758
0.203175
0.19413
0.185602
0.177573
0.170028
0.162955
0.15634
0.15017
0.144432
0.139108
0.134183
0.129637
0.12545
0.121602
0.118072
0.11484
0.111883
0.109183
0.106719
0.104473
0.102428
0.100567
0.0988745
0.0973365
0.0959398
0.0946722
0.0935222
0.0924798
0.0915353
0.0906801
0.0899062
0.0892063
0.0885737
0.0880024
0.0874868
0.0870217
0.0866026
0.086225
0.0858852
0.0855795
0.0853047
0.0850579
0.0848363
0.0846375
0.0844592
0.0842994
0.0841562
0.0840279
0.083913
0.0838101
0.083718
0.0836355
0.0835616
0.0834954
0.083436
0.0833828
0.083335
0.0832921
0.0832536
0.0832189
0.0831877
0.0831596
0.0831344
0.0831116
0.0830912
0.0830729
0.0830567
0.0830424
0.0830301
0.0830198
0.0830116
0.0830055
0.0830018
0.961699
0.8922
0.829102
0.77174
0.719519
0.671911
0.628447
0.588705
0.552313
0.518935
0.488271
0.460054
0.434044
0.410025
0.387804
0.367207
0.348076
0.330272
0.313668
0.298151
0.283619
0.269984
0.257166
0.245097
0.233717
0.222977
0.212836
0.203259
0.19422
0.185697
0.177672
0.17013
0.163059
0.156446
0.150276
0.144537
0.139212
0.134285
0.129735
0.125545
0.121694
0.11816
0.114923
0.111962
0.109257
0.106789
0.104539
0.102489
0.100624
0.0989274
0.0973856
0.0959852
0.094714
0.0935607
0.092515
0.0915675
0.0907095
0.0899329
0.0892305
0.0885957
0.0880222
0.0875046
0.0870376
0.0866167
0.0862376
0.0858963
0.0855892
0.0853132
0.0850653
0.0848427
0.0846429
0.0844638
0.0843032
0.0841593
0.0840304
0.083915
0.0838116
0.0837191
0.0836362
0.083562
0.0834955
0.0834359
0.0833825
0.0833346
0.0832916
0.083253
0.0832183
0.083187
0.0831589
0.0831337
0.0831109
0.0830905
0.0830723
0.0830561
0.0830419
0.0830296
0.0830193
0.0830111
0.0830051
0.0830014
0.961698
0.892199
0.829102
0.771739
0.719518
0.671911
0.628447
0.588706
0.552314
0.518937
0.488275
0.46006
0.434052
0.410036
0.387817
0.367223
0.348096
0.330296
0.313696
0.298184
0.283658
0.270028
0.257216
0.245153
0.23378
0.223046
0.212911
0.20334
0.194306
0.185787
0.177766
0.170228
0.163159
0.156547
0.150378
0.144638
0.139312
0.134382
0.12983
0.125637
0.121782
0.118244
0.115003
0.112038
0.109329
0.106856
0.104602
0.102548
0.100679
0.0989785
0.0974329
0.0960289
0.0947542
0.0935977
0.092549
0.0915986
0.0907378
0.0899587
0.0892539
0.0886168
0.0880413
0.0875217
0.0870529
0.0866304
0.0862497
0.0859069
0.0855986
0.0853214
0.0850724
0.0848487
0.0846481
0.0844681
0.0843068
0.0841622
0.0840327
0.0839168
0.083813
0.08372
0.0836368
0.0835623
0.0834956
0.0834358
0.0833822
0.0833342
0.0832911
0.0832524
0.0832176
0.0831863
0.0831582
0.0831329
0.0831102
0.0830898
0.0830716
0.0830554
0.0830412
0.083029
0.0830187
0.0830106
0.0830045
0.0830009
0.961698
0.892199
0.829101
0.771738
0.719517
0.67191
0.628446
0.588706
0.552316
0.51894
0.488279
0.460066
0.43406
0.410046
0.38783
0.367238
0.348115
0.330319
0.313723
0.298215
0.283694
0.27007
0.257264
0.245206
0.233839
0.223111
0.212982
0.203416
0.194388
0.185874
0.177857
0.170321
0.163254
0.156643
0.150475
0.144735
0.139407
0.134475
0.129921
0.125725
0.121866
0.118325
0.11508
0.112111
0.109397
0.106921
0.104662
0.102605
0.100731
0.0990274
0.0974783
0.0960708
0.0947929
0.0936333
0.0925816
0.0916285
0.0907651
0.0899835
0.0892764
0.0886371
0.0880596
0.0875381
0.0870676
0.0866434
0.0862612
0.0859172
0.0856076
0.0853292
0.0850791
0.0848545
0.084653
0.0844722
0.0843102
0.084165
0.084035
0.0839185
0.0838142
0.0837209
0.0836373
0.0835626
0.0834956
0.0834356
0.0833818
0.0833337
0.0832905
0.0832517
0.0832168
0.0831855
0.0831574
0.0831321
0.0831094
0.0830891
0.0830709
0.0830548
0.0830406
0.0830284
0.0830181
0.08301
0.083004
0.0830003
0.961698
0.892198
0.8291
0.771737
0.719516
0.67191
0.628446
0.588707
0.552317
0.518942
0.488282
0.460071
0.434067
0.410055
0.387841
0.367253
0.348133
0.33034
0.313749
0.298245
0.283729
0.270109
0.257308
0.245257
0.233895
0.223173
0.213049
0.203489
0.194465
0.185956
0.177942
0.17041
0.163345
0.156735
0.150567
0.144826
0.139498
0.134564
0.130008
0.125808
0.121947
0.118402
0.115153
0.11218
0.109463
0.106982
0.10472
0.102659
0.100782
0.0990743
0.0975217
0.096111
0.0948299
0.0936674
0.0926129
0.091657
0.0907911
0.0900072
0.0892979
0.0886566
0.0880771
0.0875538
0.0870817
0.0866559
0.0862723
0.0859269
0.0856161
0.0853366
0.0850855
0.08486
0.0846577
0.0844761
0.0843134
0.0841676
0.084037
0.0839201
0.0838154
0.0837217
0.0836378
0.0835627
0.0834955
0.0834353
0.0833814
0.0833331
0.0832898
0.083251
0.0832161
0.0831848
0.0831566
0.0831313
0.0831086
0.0830883
0.0830701
0.083054
0.0830399
0.0830277
0.0830175
0.0830094
0.0830034
0.0829997
0.961698
0.892198
0.8291
0.771737
0.719516
0.671909
0.628446
0.588707
0.552318
0.518944
0.488286
0.460075
0.434073
0.410063
0.387852
0.367267
0.348149
0.33036
0.313772
0.298273
0.283761
0.270147
0.257351
0.245304
0.233948
0.223231
0.213113
0.203558
0.194538
0.186033
0.178023
0.170493
0.163431
0.156822
0.150654
0.144913
0.139584
0.134649
0.13009
0.125888
0.122023
0.118475
0.115223
0.112246
0.109525
0.107041
0.104775
0.10271
0.10083
0.0991189
0.0975631
0.0961493
0.0948652
0.0936998
0.0926426
0.0916843
0.090816
0.0900298
0.0893184
0.0886751
0.0880938
0.0875688
0.0870951
0.0866678
0.0862829
0.0859362
0.0856242
0.0853437
0.0850916
0.0848652
0.0846621
0.0844798
0.0843165
0.0841701
0.0840389
0.0839215
0.0838164
0.0837224
0.0836382
0.0835628
0.0834954
0.083435
0.083381
0.0833326
0.0832891
0.0832502
0.0832153
0.0831839
0.0831558
0.0831305
0.0831078
0.0830875
0.0830694
0.0830533
0.0830392
0.083027
0.0830169
0.0830087
0.0830028
0.0829991
0.961698
0.892198
0.829099
0.771736
0.719515
0.671909
0.628446
0.588708
0.552319
0.518946
0.488289
0.46008
0.434079
0.410071
0.387863
0.367279
0.348165
0.330379
0.313795
0.298299
0.283792
0.270182
0.25739
0.245349
0.233997
0.223286
0.213172
0.203622
0.194607
0.186106
0.178099
0.170572
0.163512
0.156904
0.150737
0.144996
0.139665
0.134728
0.130167
0.125963
0.122095
0.118544
0.115289
0.112309
0.109584
0.107097
0.104827
0.102759
0.100875
0.0991613
0.0976024
0.0961856
0.0948987
0.0937306
0.0926709
0.0917101
0.0908396
0.0900512
0.0893378
0.0886927
0.0881096
0.087583
0.0871077
0.0866791
0.0862929
0.085945
0.0856319
0.0853504
0.0850974
0.0848702
0.0846662
0.0844833
0.0843193
0.0841723
0.0840407
0.0839229
0.0838174
0.083723
0.0836385
0.0835629
0.0834953
0.0834347
0.0833805
0.083332
0.0832885
0.0832495
0.0832145
0.0831831
0.0831549
0.0831297
0.083107
0.0830867
0.0830686
0.0830525
0.0830385
0.0830263
0.0830162
0.0830081
0.0830021
0.0829985
0.961698
0.892197
0.829099
0.771735
0.719515
0.671908
0.628446
0.588708
0.55232
0.518948
0.488292
0.460084
0.434085
0.410079
0.387872
0.367291
0.34818
0.330397
0.313816
0.298324
0.28382
0.270214
0.257427
0.24539
0.234044
0.223337
0.213228
0.203683
0.194672
0.186174
0.178171
0.170646
0.163588
0.156981
0.150815
0.145073
0.139741
0.134803
0.13024
0.126034
0.122164
0.118609
0.115351
0.112368
0.10964
0.107149
0.104877
0.102805
0.100918
0.0992013
0.0976394
0.0962199
0.0949304
0.0937597
0.0926976
0.0917346
0.0908618
0.0900715
0.0893562
0.0887093
0.0881245
0.0875964
0.0871197
0.0866898
0.0863023
0.0859533
0.0856392
0.0853567
0.0851028
0.0848748
0.0846701
0.0844865
0.0843219
0.0841744
0.0840423
0.0839241
0.0838182
0.0837235
0.0836387
0.0835629
0.0834951
0.0834343
0.08338
0.0833313
0.0832878
0.0832487
0.0832137
0.0831823
0.0831541
0.0831288
0.0831061
0.0830859
0.0830678
0.0830518
0.0830377
0.0830256
0.0830155
0.0830074
0.0830015
0.0829978
0.961698
0.892197
0.829098
0.771735
0.719514
0.671908
0.628446
0.588708
0.552321
0.518949
0.488294
0.460088
0.43409
0.410086
0.387881
0.367302
0.348193
0.330413
0.313835
0.298347
0.283846
0.270245
0.257462
0.245429
0.234087
0.223385
0.213281
0.203739
0.194732
0.186238
0.178238
0.170716
0.163659
0.157053
0.150887
0.145145
0.139813
0.134874
0.130309
0.1261
0.122228
0.118671
0.115409
0.112423
0.109693
0.107199
0.104923
0.102849
0.100959
0.0992388
0.0976743
0.0962521
0.0949601
0.0937871
0.0927227
0.0917575
0.0908828
0.0900906
0.0893735
0.0887249
0.0881386
0.087609
0.087131
0.0866998
0.0863111
0.085961
0.085646
0.0853626
0.0851078
0.0848791
0.0846737
0.0844895
0.0843244
0.0841764
0.0840438
0.0839252
0.083819
0.0837239
0.0836389
0.0835629
0.0834948
0.083434
0.0833795
0.0833307
0.0832871
0.0832479
0.0832129
0.0831814
0.0831532
0.083128
0.0831053
0.0830851
0.083067
0.083051
0.083037
0.0830249
0.0830148
0.0830067
0.0830008
0.0829972
0.961697
0.892197
0.829098
0.771734
0.719514
0.671907
0.628446
0.588709
0.552322
0.518951
0.488297
0.460092
0.434095
0.410092
0.387889
0.367313
0.348206
0.330428
0.313853
0.298368
0.283871
0.270273
0.257494
0.245466
0.234128
0.22343
0.213329
0.203791
0.194788
0.186297
0.1783
0.17078
0.163725
0.157121
0.150955
0.145213
0.13988
0.134939
0.130373
0.126162
0.122287
0.118728
0.115464
0.112475
0.109741
0.107245
0.104966
0.102889
0.100997
0.0992739
0.0977069
0.0962822
0.0949879
0.0938126
0.0927462
0.091779
0.0909024
0.0901084
0.0893896
0.0887395
0.0881517
0.0876208
0.0871415
0.0867091
0.0863194
0.0859683
0.0856523
0.085368
0.0851126
0.0848831
0.0846771
0.0844923
0.0843266
0.0841782
0.0840452
0.0839262
0.0838197
0.0837243
0.0836391
0.0835628
0.0834946
0.0834335
0.083379
0.0833301
0.0832864
0.0832472
0.0832121
0.0831806
0.0831524
0.0831271
0.0831045
0.0830843
0.0830662
0.0830502
0.0830362
0.0830242
0.0830141
0.0830061
0.0830001
0.0829965
0.961697
0.892196
0.829097
0.771734
0.719513
0.671907
0.628445
0.588709
0.552323
0.518952
0.488299
0.460095
0.4341
0.410098
0.387897
0.367322
0.348217
0.330442
0.31387
0.298387
0.283894
0.270299
0.257524
0.245499
0.234165
0.22347
0.213374
0.20384
0.19484
0.186352
0.178357
0.170839
0.163786
0.157183
0.151017
0.145275
0.139941
0.135
0.130432
0.126219
0.122342
0.118781
0.115514
0.112523
0.109787
0.107287
0.105006
0.102926
0.101032
0.0993065
0.0977371
0.0963102
0.0950137
0.0938364
0.0927679
0.0917989
0.0909205
0.0901249
0.0894046
0.088753
0.0881639
0.0876317
0.0871512
0.0867177
0.086327
0.085975
0.0856581
0.0853731
0.0851169
0.0848868
0.0846802
0.0844949
0.0843287
0.0841798
0.0840465
0.0839271
0.0838202
0.0837247
0.0836392
0.0835627
0.0834943
0.0834331
0.0833784
0.0833295
0.0832857
0.0832464
0.0832113
0.0831798
0.0831516
0.0831263
0.0831037
0.0830835
0.0830655
0.0830495
0.0830355
0.0830235
0.0830134
0.0830054
0.0829995
0.0829959
0.961697
0.892196
0.829097
0.771733
0.719513
0.671907
0.628445
0.588709
0.552323
0.518954
0.488301
0.460098
0.434104
0.410104
0.387904
0.367331
0.348228
0.330455
0.313885
0.298405
0.283914
0.270323
0.257551
0.245529
0.234199
0.223508
0.213415
0.203884
0.194888
0.186402
0.17841
0.170894
0.163842
0.157239
0.151074
0.145332
0.139998
0.135055
0.130486
0.126272
0.122393
0.118829
0.115561
0.112567
0.109829
0.107327
0.105043
0.102961
0.101064
0.0993365
0.0977649
0.0963359
0.0950374
0.0938582
0.092788
0.0918172
0.0909373
0.0901401
0.0894184
0.0887654
0.0881751
0.0876417
0.0871602
0.0867257
0.086334
0.0859812
0.0856635
0.0853777
0.0851209
0.0848901
0.084683
0.0844972
0.0843306
0.0841813
0.0840476
0.0839279
0.0838207
0.0837249
0.0836392
0.0835626
0.083494
0.0834327
0.0833779
0.0833289
0.083285
0.0832457
0.0832106
0.0831791
0.0831508
0.0831256
0.0831029
0.0830827
0.0830647
0.0830488
0.0830348
0.0830228
0.0830128
0.0830048
0.0829989
0.0829952
0.961697
0.892196
0.829096
0.771733
0.719512
0.671906
0.628445
0.588709
0.552324
0.518955
0.488303
0.460101
0.434107
0.410109
0.38791
0.367339
0.348237
0.330466
0.313899
0.298421
0.283933
0.270344
0.257575
0.245557
0.234229
0.223542
0.213452
0.203924
0.194931
0.186448
0.178457
0.170944
0.163893
0.157291
0.151127
0.145384
0.14005
0.135106
0.130536
0.12632
0.122439
0.118874
0.115603
0.112607
0.109867
0.107363
0.105077
0.102993
0.101093
0.0993639
0.0977903
0.0963594
0.0950591
0.0938782
0.0928063
0.091834
0.0909526
0.090154
0.089431
0.0887768
0.0881853
0.0876509
0.0871683
0.086733
0.0863404
0.0859868
0.0856684
0.085382
0.0851245
0.0848932
0.0846856
0.0844993
0.0843323
0.0841826
0.0840486
0.0839286
0.0838212
0.0837251
0.0836392
0.0835624
0.0834937
0.0834323
0.0833774
0.0833283
0.0832843
0.083245
0.0832098
0.0831783
0.0831501
0.0831248
0.0831022
0.083082
0.083064
0.0830481
0.0830342
0.0830222
0.0830122
0.0830041
0.0829983
0.0829946
0.961697
0.892196
0.829096
0.771733
0.719512
0.671906
0.628445
0.588709
0.552324
0.518956
0.488305
0.460103
0.434111
0.410113
0.387916
0.367346
0.348246
0.330477
0.313911
0.298436
0.28395
0.270363
0.257597
0.245582
0.234257
0.223572
0.213485
0.20396
0.194969
0.186489
0.1785
0.170988
0.163938
0.157338
0.151174
0.145431
0.140096
0.135152
0.13058
0.126363
0.122481
0.118914
0.115641
0.112643
0.109901
0.107395
0.105107
0.103021
0.10112
0.0993887
0.0978133
0.0963807
0.0950787
0.0938962
0.0928229
0.0918491
0.0909664
0.0901666
0.0894424
0.0887871
0.0881946
0.0876592
0.0871757
0.0867395
0.0863462
0.0859918
0.0856728
0.0853858
0.0851277
0.0848959
0.0846878
0.0845011
0.0843337
0.0841838
0.0840494
0.0839292
0.0838215
0.0837253
0.0836392
0.0835622
0.0834934
0.0834319
0.0833769
0.0833277
0.0832837
0.0832444
0.0832091
0.0831776
0.0831494
0.0831241
0.0831015
0.0830813
0.0830634
0.0830475
0.0830336
0.0830216
0.0830116
0.0830036
0.0829977
0.082994
0.961697
0.892195
0.829096
0.771732
0.719512
0.671906
0.628445
0.58871
0.552325
0.518957
0.488306
0.460105
0.434114
0.410117
0.387921
0.367352
0.348254
0.330486
0.313922
0.298449
0.283965
0.270381
0.257617
0.245604
0.234282
0.2236
0.213515
0.203993
0.195004
0.186525
0.178539
0.171028
0.163979
0.157379
0.151215
0.145473
0.140138
0.135193
0.13062
0.126402
0.122518
0.118949
0.115675
0.112676
0.109932
0.107424
0.105135
0.103046
0.101144
0.0994107
0.0978338
0.0963996
0.0950962
0.0939123
0.0928376
0.0918626
0.0909787
0.0901777
0.0894525
0.0887962
0.0882028
0.0876665
0.0871823
0.0867453
0.0863513
0.0859963
0.0856767
0.0853891
0.0851306
0.0848984
0.0846898
0.0845028
0.0843351
0.0841848
0.0840502
0.0839297
0.0838218
0.0837254
0.0836392
0.0835621
0.0834931
0.0834315
0.0833764
0.0833272
0.0832831
0.0832437
0.0832085
0.083177
0.0831487
0.0831235
0.0831009
0.0830807
0.0830627
0.0830469
0.083033
0.083021
0.083011
0.083003
0.0829971
0.0829935
0.961697
0.892195
0.829096
0.771732
0.719511
0.671906
0.628445
0.58871
0.552325
0.518958
0.488307
0.460107
0.434116
0.41012
0.387925
0.367357
0.34826
0.330494
0.313931
0.29846
0.283978
0.270396
0.257634
0.245623
0.234303
0.223623
0.213541
0.204021
0.195034
0.186557
0.178572
0.171063
0.164015
0.157416
0.151252
0.14551
0.140174
0.135228
0.130655
0.126436
0.122551
0.118981
0.115705
0.112704
0.109958
0.107449
0.105158
0.103069
0.101164
0.0994301
0.0978517
0.0964163
0.0951116
0.0939264
0.0928506
0.0918745
0.0909895
0.0901875
0.0894614
0.0888042
0.08821
0.087673
0.087188
0.0867504
0.0863558
0.0860002
0.0856801
0.085392
0.0851331
0.0849004
0.0846916
0.0845042
0.0843362
0.0841856
0.0840508
0.0839301
0.0838221
0.0837255
0.0836391
0.0835619
0.0834928
0.0834311
0.083376
0.0833267
0.0832826
0.0832432
0.0832079
0.0831764
0.0831481
0.0831229
0.0831003
0.0830801
0.0830622
0.0830463
0.0830325
0.0830205
0.0830105
0.0830025
0.0829966
0.082993
0.961697
0.892195
0.829095
0.771732
0.719511
0.671906
0.628445
0.58871
0.552326
0.518958
0.488309
0.460109
0.434119
0.410123
0.387929
0.367362
0.348266
0.330501
0.31394
0.298469
0.283989
0.270408
0.257648
0.245639
0.234321
0.223644
0.213563
0.204045
0.19506
0.186585
0.178601
0.171092
0.164045
0.157447
0.151283
0.145541
0.140205
0.135259
0.130685
0.126465
0.122579
0.119008
0.115731
0.112729
0.109982
0.107471
0.105179
0.103088
0.101182
0.0994467
0.0978672
0.0964305
0.0951247
0.0939385
0.0928617
0.0918846
0.0909987
0.090196
0.089469
0.0888111
0.0882161
0.0876785
0.0871929
0.0867547
0.0863596
0.0860036
0.085683
0.0853945
0.0851352
0.0849022
0.084693
0.0845054
0.0843371
0.0841863
0.0840513
0.0839304
0.0838222
0.0837255
0.083639
0.0835617
0.0834926
0.0834308
0.0833756
0.0833262
0.0832821
0.0832427
0.0832074
0.0831758
0.0831476
0.0831223
0.0830997
0.0830796
0.0830617
0.0830458
0.083032
0.08302
0.0830101
0.0830021
0.0829962
0.0829925
0.961697
0.892195
0.829095
0.771732
0.719511
0.671905
0.628445
0.58871
0.552326
0.518959
0.488309
0.46011
0.43412
0.410126
0.387932
0.367366
0.348271
0.330506
0.313946
0.298477
0.283998
0.270419
0.257661
0.245653
0.234337
0.223661
0.213582
0.204065
0.195081
0.186607
0.178625
0.171117
0.164071
0.157473
0.15131
0.145567
0.140231
0.135284
0.13071
0.126489
0.122602
0.11903
0.115752
0.112749
0.110001
0.107489
0.105196
0.103104
0.101197
0.0994606
0.09788
0.0964424
0.0951357
0.0939486
0.0928709
0.0918931
0.0910064
0.090203
0.0894753
0.0888168
0.0882213
0.087683
0.087197
0.0867583
0.0863628
0.0860063
0.0856854
0.0853966
0.0851369
0.0849037
0.0846942
0.0845063
0.0843379
0.0841869
0.0840517
0.0839306
0.0838223
0.0837255
0.0836389
0.0835615
0.0834923
0.0834305
0.0833752
0.0833258
0.0832817
0.0832422
0.0832069
0.0831753
0.0831471
0.0831218
0.0830992
0.0830791
0.0830612
0.0830454
0.0830315
0.0830196
0.0830097
0.0830017
0.0829958
0.0829921
0.961697
0.892195
0.829095
0.771731
0.719511
0.671905
0.628445
0.58871
0.552326
0.518959
0.48831
0.460111
0.434122
0.410127
0.387934
0.367369
0.348275
0.330511
0.313952
0.298484
0.284006
0.270428
0.25767
0.245664
0.234349
0.223674
0.213597
0.204081
0.195098
0.186626
0.178644
0.171137
0.164091
0.157494
0.151331
0.145588
0.140252
0.135305
0.13073
0.126508
0.122621
0.119048
0.115769
0.112765
0.110016
0.107504
0.105209
0.103117
0.101209
0.0994717
0.0978903
0.096452
0.0951445
0.0939567
0.0928783
0.0918998
0.0910126
0.0902085
0.0894804
0.0888214
0.0882253
0.0876867
0.0872002
0.0867612
0.0863653
0.0860085
0.0856872
0.0853982
0.0851383
0.0849048
0.0846952
0.0845071
0.0843384
0.0841873
0.0840519
0.0839308
0.0838224
0.0837254
0.0836388
0.0835613
0.083492
0.0834302
0.0833749
0.0833254
0.0832813
0.0832418
0.0832065
0.0831749
0.0831466
0.0831214
0.0830988
0.0830787
0.0830608
0.083045
0.0830312
0.0830193
0.0830093
0.0830013
0.0829954
0.0829917
0.961697
0.892195
0.829095
0.771731
0.719511
0.671905
0.628445
0.58871
0.552326
0.51896
0.488311
0.460112
0.434123
0.410129
0.387936
0.367371
0.348277
0.330514
0.313956
0.298489
0.284011
0.270434
0.257678
0.245672
0.234358
0.223684
0.213608
0.204093
0.195111
0.186639
0.178658
0.171152
0.164107
0.157509
0.151346
0.145604
0.140267
0.13532
0.130745
0.126523
0.122635
0.119061
0.115782
0.112777
0.110028
0.107515
0.10522
0.103126
0.101218
0.09948
0.097898
0.0964591
0.095151
0.0939627
0.0928838
0.0919049
0.0910172
0.0902127
0.0894841
0.0888247
0.0882284
0.0876894
0.0872026
0.0867633
0.0863671
0.0860101
0.0856886
0.0853993
0.0851393
0.0849056
0.0846958
0.0845076
0.0843388
0.0841875
0.0840521
0.0839309
0.0838224
0.0837254
0.0836386
0.0835611
0.0834918
0.0834299
0.0833746
0.0833251
0.0832809
0.0832414
0.0832061
0.0831745
0.0831463
0.083121
0.0830985
0.0830783
0.0830605
0.0830447
0.0830308
0.083019
0.083009
0.0830011
0.0829952
0.0829914
0.961697
0.892195
0.829095
0.771731
0.719511
0.671905
0.628445
0.58871
0.552327
0.51896
0.488311
0.460112
0.434124
0.41013
0.387937
0.367373
0.348279
0.330517
0.313959
0.298492
0.284015
0.270438
0.257682
0.245678
0.234364
0.223691
0.213615
0.204101
0.19512
0.186648
0.178668
0.171162
0.164117
0.15752
0.151357
0.145614
0.140278
0.13533
0.130755
0.126533
0.122644
0.11907
0.115791
0.112786
0.110035
0.107522
0.105227
0.103133
0.101224
0.0994855
0.0979031
0.0964638
0.0951554
0.0939667
0.0928875
0.0919082
0.0910202
0.0902154
0.0894866
0.0888269
0.0882303
0.0876911
0.0872041
0.0867646
0.0863683
0.0860111
0.0856895
0.0854001
0.0851399
0.0849061
0.0846962
0.0845078
0.084339
0.0841877
0.0840521
0.0839308
0.0838223
0.0837253
0.0836385
0.0835609
0.0834916
0.0834297
0.0833743
0.0833249
0.0832807
0.0832411
0.0832058
0.0831742
0.083146
0.0831207
0.0830982
0.0830781
0.0830602
0.0830444
0.0830306
0.0830187
0.0830088
0.0830008
0.0829949
0.0829912
0.961697
0.892195
0.829095
0.771731
0.719511
0.671905
0.628445
0.58871
0.552327
0.51896
0.488311
0.460113
0.434124
0.41013
0.387938
0.367373
0.34828
0.330518
0.31396
0.298493
0.284017
0.27044
0.257685
0.245681
0.234367
0.223694
0.213619
0.204105
0.195124
0.186653
0.178672
0.171167
0.164122
0.157525
0.151362
0.14562
0.140283
0.135335
0.13076
0.126537
0.122649
0.119075
0.115795
0.11279
0.110039
0.107525
0.10523
0.103136
0.101227
0.0994882
0.0979057
0.0964661
0.0951575
0.0939687
0.0928892
0.0919098
0.0910216
0.0902167
0.0894877
0.088828
0.0882312
0.0876919
0.0872048
0.0867652
0.0863688
0.0860115
0.0856898
0.0854003
0.0851401
0.0849062
0.0846963
0.0845079
0.084339
0.0841876
0.0840521
0.0839307
0.0838222
0.0837251
0.0836383
0.0835607
0.0834914
0.0834295
0.0833741
0.0833246
0.0832804
0.0832409
0.0832056
0.083174
0.0831458
0.0831205
0.083098
0.0830779
0.08306
0.0830442
0.0830304
0.0830185
0.0830086
0.0830007
0.0829948
0.082991
0.961697
0.892195
0.829095
0.771731
0.719511
0.671905
0.628445
0.58871
0.552327
0.51896
0.488311
0.460113
0.434124
0.41013
0.387938
0.367373
0.34828
0.330518
0.31396
0.298493
0.284017
0.27044
0.257685
0.245681
0.234367
0.223694
0.213619
0.204105
0.195124
0.186653
0.178673
0.171167
0.164122
0.157525
0.151362
0.14562
0.140283
0.135335
0.13076
0.126537
0.122649
0.119075
0.115795
0.11279
0.110039
0.107525
0.10523
0.103136
0.101227
0.0994881
0.0979056
0.096466
0.0951574
0.0939685
0.0928891
0.0919097
0.0910215
0.0902166
0.0894876
0.0888278
0.0882311
0.0876917
0.0872046
0.086765
0.0863686
0.0860113
0.0856896
0.0854001
0.0851399
0.084906
0.0846961
0.0845077
0.0843388
0.0841874
0.0840519
0.0839306
0.083822
0.0837249
0.0836381
0.0835606
0.0834912
0.0834293
0.0833739
0.0833245
0.0832803
0.0832408
0.0832055
0.0831739
0.0831456
0.0831204
0.0830978
0.0830777
0.0830598
0.0830441
0.0830303
0.0830184
0.0830085
0.0830005
0.0829947
0.0829909
0.961697
0.892195
0.829095
0.771731
0.719511
0.671905
0.628445
0.58871
0.552327
0.51896
0.488311
0.460112
0.434124
0.41013
0.387937
0.367373
0.348279
0.330517
0.313959
0.298492
0.284015
0.270438
0.257682
0.245678
0.234364
0.223691
0.213615
0.204101
0.19512
0.186648
0.178668
0.171162
0.164117
0.15752
0.151357
0.145614
0.140278
0.13533
0.130755
0.126533
0.122644
0.11907
0.115791
0.112785
0.110035
0.107522
0.105226
0.103132
0.101224
0.0994853
0.0979029
0.0964635
0.0951551
0.0939664
0.0928871
0.0919078
0.0910198
0.090215
0.0894861
0.0888265
0.0882298
0.0876906
0.0872036
0.0867641
0.0863677
0.0860105
0.0856889
0.0853995
0.0851393
0.0849055
0.0846956
0.0845073
0.0843384
0.0841871
0.0840516
0.0839303
0.0838218
0.0837247
0.083638
0.0835604
0.0834911
0.0834292
0.0833738
0.0833244
0.0832802
0.0832407
0.0832054
0.0831738
0.0831456
0.0831203
0.0830978
0.0830777
0.0830598
0.083044
0.0830302
0.0830183
0.0830084
0.0830005
0.0829946
0.0829908
0.961697
0.892195
0.829095
0.771731
0.719511
0.671905
0.628445
0.58871
0.552326
0.51896
0.488311
0.460112
0.434123
0.410129
0.387936
0.367371
0.348277
0.330514
0.313956
0.298489
0.284011
0.270434
0.257678
0.245672
0.234358
0.223684
0.213608
0.204093
0.195111
0.186639
0.178658
0.171152
0.164107
0.157509
0.151346
0.145604
0.140267
0.13532
0.130745
0.126523
0.122635
0.119061
0.115782
0.112777
0.110028
0.107514
0.105219
0.103126
0.101218
0.0994796
0.0978976
0.0964586
0.0951505
0.0939621
0.0928832
0.0919042
0.0910165
0.090212
0.0894834
0.0888239
0.0882276
0.0876885
0.0872017
0.0867624
0.0863662
0.0860092
0.0856877
0.0853984
0.0851383
0.0849047
0.0846949
0.0845066
0.0843379
0.0841866
0.0840512
0.08393
0.0838215
0.0837245
0.0836378
0.0835602
0.083491
0.0834291
0.0833738
0.0833243
0.0832802
0.0832407
0.0832054
0.0831738
0.0831456
0.0831203
0.0830978
0.0830777
0.0830598
0.083044
0.0830302
0.0830183
0.0830084
0.0830005
0.0829946
0.0829908
0.961697
0.892195
0.829095
0.771731
0.719511
0.671905
0.628445
0.58871
0.552326
0.518959
0.48831
0.460111
0.434122
0.410127
0.387934
0.367369
0.348275
0.330511
0.313952
0.298484
0.284006
0.270428
0.25767
0.245664
0.234349
0.223674
0.213597
0.204081
0.195098
0.186626
0.178644
0.171137
0.164091
0.157494
0.151331
0.145588
0.140252
0.135305
0.13073
0.126508
0.122621
0.119048
0.115769
0.112765
0.110016
0.107503
0.105209
0.103116
0.101209
0.0994711
0.0978897
0.0964512
0.0951437
0.0939559
0.0928774
0.0918989
0.0910116
0.0902075
0.0894793
0.0888203
0.0882242
0.0876855
0.087199
0.08676
0.086364
0.0860072
0.085686
0.0853969
0.085137
0.0849035
0.0846939
0.0845058
0.0843371
0.084186
0.0840507
0.0839295
0.0838212
0.0837242
0.0836376
0.0835601
0.0834909
0.083429
0.0833737
0.0833243
0.0832802
0.0832407
0.0832054
0.0831739
0.0831456
0.0831204
0.0830979
0.0830777
0.0830599
0.0830441
0.0830303
0.0830184
0.0830085
0.0830005
0.0829946
0.0829909
0.961697
0.892195
0.829095
0.771732
0.719511
0.671905
0.628445
0.58871
0.552326
0.518959
0.488309
0.46011
0.43412
0.410126
0.387932
0.367366
0.348271
0.330506
0.313946
0.298477
0.283998
0.270419
0.257661
0.245653
0.234337
0.223661
0.213582
0.204065
0.195081
0.186608
0.178625
0.171117
0.164071
0.157473
0.15131
0.145567
0.140231
0.135284
0.13071
0.126489
0.122602
0.11903
0.115752
0.112749
0.11
0.107489
0.105195
0.103103
0.101196
0.0994598
0.0978792
0.0964415
0.0951347
0.0939476
0.0928698
0.0918919
0.0910052
0.0902016
0.089474
0.0888154
0.0882198
0.0876815
0.0871954
0.0867568
0.0863612
0.0860047
0.0856837
0.0853949
0.0851353
0.084902
0.0846926
0.0845047
0.0843362
0.0841852
0.08405
0.083929
0.0838207
0.0837239
0.0836373
0.0835599
0.0834908
0.083429
0.0833737
0.0833244
0.0832803
0.0832408
0.0832055
0.083174
0.0831458
0.0831205
0.083098
0.0830779
0.08306
0.0830442
0.0830304
0.0830185
0.0830085
0.0830006
0.0829947
0.082991
0.961697
0.892195
0.829095
0.771732
0.719511
0.671906
0.628445
0.58871
0.552326
0.518958
0.488309
0.460109
0.434119
0.410123
0.387929
0.367362
0.348266
0.330501
0.31394
0.298469
0.283989
0.270409
0.257648
0.245639
0.234322
0.223644
0.213563
0.204045
0.19506
0.186585
0.178601
0.171093
0.164046
0.157447
0.151284
0.145541
0.140205
0.135259
0.130685
0.126465
0.122579
0.119007
0.11573
0.112728
0.109981
0.10747
0.105178
0.103087
0.101181
0.0994458
0.0978661
0.0964294
0.0951235
0.0939372
0.0928603
0.0918832
0.0909972
0.0901943
0.0894673
0.0888094
0.0882144
0.0876766
0.087191
0.0867528
0.0863576
0.0860016
0.085681
0.0853925
0.0851332
0.0849002
0.084691
0.0845033
0.0843351
0.0841843
0.0840493
0.0839284
0.0838203
0.0837236
0.0836371
0.0835598
0.0834907
0.083429
0.0833738
0.0833245
0.0832804
0.083241
0.0832057
0.0831742
0.083146
0.0831207
0.0830982
0.0830781
0.0830602
0.0830444
0.0830306
0.0830187
0.0830087
0.0830007
0.0829949
0.0829912
0.961697
0.892195
0.829096
0.771732
0.719511
0.671906
0.628445
0.58871
0.552325
0.518958
0.488307
0.460107
0.434116
0.41012
0.387925
0.367357
0.34826
0.330494
0.313931
0.29846
0.283978
0.270396
0.257634
0.245623
0.234303
0.223624
0.213541
0.204021
0.195034
0.186558
0.178572
0.171063
0.164015
0.157416
0.151252
0.14551
0.140174
0.135228
0.130655
0.126436
0.122551
0.118981
0.115705
0.112704
0.109958
0.107449
0.105158
0.103068
0.101163
0.099429
0.0978505
0.0964149
0.0951101
0.0939249
0.0928489
0.0918727
0.0909876
0.0901856
0.0894594
0.0888022
0.0882079
0.0876708
0.0871858
0.0867481
0.0863535
0.0859979
0.0856777
0.0853897
0.0851307
0.084898
0.0846892
0.0845018
0.0843338
0.0841832
0.0840484
0.0839277
0.0838198
0.0837232
0.0836368
0.0835596
0.0834907
0.083429
0.0833739
0.0833246
0.0832806
0.0832412
0.083206
0.0831744
0.0831462
0.083121
0.0830985
0.0830783
0.0830604
0.0830446
0.0830308
0.0830189
0.0830089
0.0830009
0.0829951
0.0829914
0.961697
0.892195
0.829096
0.771732
0.719512
0.671906
0.628445
0.58871
0.552325
0.518957
0.488306
0.460105
0.434114
0.410117
0.387921
0.367352
0.348254
0.330486
0.313922
0.298449
0.283965
0.270381
0.257617
0.245604
0.234282
0.2236
0.213515
0.203993
0.195004
0.186526
0.178539
0.171028
0.163979
0.15738
0.151216
0.145473
0.140138
0.135193
0.13062
0.126402
0.122518
0.118949
0.115675
0.112675
0.109931
0.107423
0.105134
0.103045
0.101142
0.0994094
0.0978323
0.0963981
0.0950945
0.0939105
0.0928357
0.0918606
0.0909766
0.0901755
0.0894502
0.0887938
0.0882003
0.087664
0.0871797
0.0867427
0.0863486
0.0859936
0.0856739
0.0853864
0.0851278
0.0848956
0.0846871
0.0845
0.0843323
0.084182
0.0840474
0.083927
0.0838192
0.0837228
0.0836366
0.0835595
0.0834906
0.083429
0.083374
0.0833248
0.0832808
0.0832414
0.0832062
0.0831747
0.0831466
0.0831213
0.0830988
0.0830786
0.0830607
0.0830449
0.0830311
0.0830191
0.0830092
0.0830012
0.0829953
0.0829917
0.961697
0.892196
0.829096
0.771733
0.719512
0.671906
0.628445
0.588709
0.552324
0.518956
0.488305
0.460103
0.434111
0.410113
0.387916
0.367346
0.348246
0.330477
0.313911
0.298436
0.28395
0.270364
0.257597
0.245582
0.234257
0.223573
0.213486
0.203961
0.19497
0.186489
0.178501
0.170989
0.163939
0.157338
0.151174
0.145432
0.140096
0.135152
0.13058
0.126363
0.122481
0.118913
0.115641
0.112643
0.1099
0.107394
0.105106
0.10302
0.101119
0.0993872
0.0978117
0.0963789
0.0950768
0.0938942
0.0928207
0.0918469
0.090964
0.090164
0.0894398
0.0887844
0.0881918
0.0876563
0.0871728
0.0867365
0.0863431
0.0859887
0.0856697
0.0853826
0.0851246
0.0848928
0.0846847
0.084498
0.0843306
0.0841806
0.0840463
0.0839261
0.0838185
0.0837223
0.0836362
0.0835593
0.0834905
0.0834291
0.0833741
0.083325
0.083281
0.0832417
0.0832066
0.0831751
0.0831469
0.0831217
0.0830991
0.083079
0.0830611
0.0830452
0.0830314
0.0830194
0.0830094
0.0830015
0.0829956
0.082992
0.961697
0.892196
0.829096
0.771733
0.719512
0.671906
0.628445
0.588709
0.552324
0.518955
0.488303
0.460101
0.434108
0.410109
0.38791
0.367339
0.348238
0.330466
0.313899
0.298421
0.283933
0.270344
0.257575
0.245557
0.23423
0.223542
0.213452
0.203925
0.194931
0.186448
0.178458
0.170944
0.163893
0.157292
0.151127
0.145385
0.14005
0.135106
0.130536
0.12632
0.122439
0.118873
0.115602
0.112606
0.109866
0.107362
0.105076
0.102991
0.101092
0.0993623
0.0977885
0.0963575
0.095057
0.0938759
0.0928039
0.0918314
0.0909499
0.0901512
0.0894281
0.0887738
0.0881822
0.0876477
0.087165
0.0867296
0.086337
0.0859833
0.0856649
0.0853785
0.085121
0.0848897
0.084682
0.0844957
0.0843287
0.0841791
0.0840451
0.0839251
0.0838178
0.0837218
0.0836359
0.0835591
0.0834905
0.0834291
0.0833743
0.0833252
0.0832813
0.0832421
0.0832069
0.0831755
0.0831473
0.0831221
0.0830995
0.0830794
0.0830615
0.0830456
0.0830317
0.0830198
0.0830098
0.0830018
0.0829959
0.0829923
0.961697
0.892196
0.829097
0.771733
0.719513
0.671907
0.628445
0.588709
0.552323
0.518954
0.488301
0.460098
0.434104
0.410104
0.387904
0.367331
0.348228
0.330455
0.313885
0.298405
0.283914
0.270323
0.257551
0.245529
0.234199
0.223508
0.213415
0.203884
0.194888
0.186403
0.17841
0.170894
0.163842
0.15724
0.151075
0.145333
0.139998
0.135055
0.130486
0.126272
0.122393
0.118829
0.11556
0.112566
0.109828
0.107326
0.105042
0.10296
0.101062
0.0993347
0.0977629
0.0963337
0.0950351
0.0938557
0.0927853
0.0918144
0.0909343
0.090137
0.0894151
0.0887621
0.0881716
0.0876382
0.0871565
0.086722
0.0863302
0.0859773
0.0856596
0.0853738
0.085117
0.0848862
0.0846791
0.0844932
0.0843267
0.0841774
0.0840437
0.083924
0.083817
0.0837212
0.0836355
0.0835589
0.0834904
0.0834292
0.0833744
0.0833255
0.0832817
0.0832424
0.0832073
0.0831759
0.0831477
0.0831225
0.0831
0.0830798
0.0830619
0.083046
0.0830321
0.0830201
0.0830101
0.0830021
0.0829963
0.0829927
0.961697
0.892196
0.829097
0.771734
0.719513
0.671907
0.628445
0.588709
0.552323
0.518952
0.488299
0.460095
0.4341
0.410098
0.387897
0.367322
0.348217
0.330442
0.31387
0.298387
0.283894
0.270299
0.257524
0.245499
0.234165
0.223471
0.213374
0.20384
0.194841
0.186353
0.178358
0.17084
0.163786
0.157183
0.151017
0.145275
0.139942
0.135
0.130432
0.126219
0.122342
0.11878
0.115514
0.112522
0.109786
0.107286
0.105005
0.102925
0.10103
0.0993045
0.0977348
0.0963078
0.0950111
0.0938336
0.092765
0.0917958
0.0909172
0.0901214
0.089401
0.0887493
0.0881601
0.0876278
0.0871472
0.0867137
0.0863228
0.0859708
0.0856539
0.0853688
0.0851126
0.0848824
0.0846759
0.0844905
0.0843244
0.0841755
0.0840422
0.0839229
0.0838161
0.0837205
0.0836351
0.0835587
0.0834904
0.0834293
0.0833746
0.0833257
0.083282
0.0832428
0.0832078
0.0831764
0.0831482
0.083123
0.0831004
0.0830803
0.0830623
0.0830464
0.0830325
0.0830205
0.0830105
0.0830025
0.0829966
0.082993
0.961697
0.892197
0.829098
0.771734
0.719514
0.671907
0.628446
0.588709
0.552322
0.518951
0.488297
0.460092
0.434095
0.410092
0.387889
0.367313
0.348206
0.330428
0.313853
0.298368
0.283871
0.270273
0.257494
0.245466
0.234128
0.22343
0.21333
0.203792
0.194789
0.186298
0.1783
0.170781
0.163725
0.157121
0.150955
0.145213
0.13988
0.134939
0.130373
0.126162
0.122287
0.118727
0.115463
0.112474
0.10974
0.107243
0.104965
0.102887
0.100995
0.0992717
0.0977044
0.0962796
0.094985
0.0938096
0.0927429
0.0917755
0.0908988
0.0901046
0.0893857
0.0887354
0.0881475
0.0876165
0.0871371
0.0867046
0.0863148
0.0859637
0.0856476
0.0853633
0.0851078
0.0848783
0.0846724
0.0844876
0.0843219
0.0841735
0.0840406
0.0839216
0.0838151
0.0837198
0.0836346
0.0835584
0.0834903
0.0834293
0.0833748
0.083326
0.0832823
0.0832432
0.0832082
0.0831768
0.0831487
0.0831235
0.0831009
0.0830807
0.0830628
0.0830469
0.0830329
0.0830209
0.0830109
0.0830029
0.082997
0.0829934
0.961698
0.892197
0.829098
0.771735
0.719514
0.671908
0.628446
0.588708
0.552321
0.518949
0.488294
0.460088
0.43409
0.410086
0.387881
0.367303
0.348193
0.330413
0.313835
0.298347
0.283847
0.270245
0.257462
0.24543
0.234088
0.223386
0.213281
0.20374
0.194733
0.186239
0.178238
0.170716
0.163659
0.157054
0.150888
0.145146
0.139813
0.134874
0.130309
0.1261
0.122227
0.11867
0.115408
0.112422
0.109691
0.107197
0.104921
0.102847
0.100957
0.0992364
0.0976716
0.0962492
0.094957
0.0937837
0.0927192
0.0917538
0.0908789
0.0900865
0.0893692
0.0887205
0.0881341
0.0876043
0.0871262
0.0866949
0.0863062
0.085956
0.0856409
0.0853575
0.0851027
0.0848739
0.0846686
0.0844844
0.0843193
0.0841713
0.0840388
0.0839202
0.083814
0.0837191
0.0836341
0.0835581
0.0834902
0.0834293
0.083375
0.0833263
0.0832827
0.0832436
0.0832087
0.0831773
0.0831492
0.083124
0.0831014
0.0830812
0.0830632
0.0830473
0.0830334
0.0830214
0.0830113
0.0830033
0.0829974
0.0829938
0.961698
0.892197
0.829099
0.771735
0.719515
0.671908
0.628446
0.588708
0.55232
0.518948
0.488292
0.460084
0.434085
0.410079
0.387872
0.367291
0.34818
0.330397
0.313816
0.298324
0.28382
0.270215
0.257428
0.245391
0.234044
0.223338
0.213229
0.203683
0.194673
0.186175
0.178171
0.170647
0.163588
0.156982
0.150815
0.145073
0.139742
0.134803
0.13024
0.126034
0.122163
0.118609
0.11535
0.112367
0.109639
0.107148
0.104875
0.102803
0.100916
0.0991986
0.0976366
0.0962167
0.094927
0.0937561
0.0926938
0.0917305
0.0908576
0.0900671
0.0893516
0.0887045
0.0881196
0.0875914
0.0871146
0.0866845
0.0862969
0.0859479
0.0856337
0.0853512
0.0850973
0.0848692
0.0846646
0.084481
0.0843164
0.084169
0.0840369
0.0839187
0.0838129
0.0837182
0.0836335
0.0835578
0.08349
0.0834294
0.0833751
0.0833265
0.083283
0.0832441
0.0832091
0.0831778
0.0831497
0.0831245
0.0831019
0.0830817
0.0830637
0.0830478
0.0830338
0.0830218
0.0830117
0.0830037
0.0829978
0.0829942
0.961698
0.892198
0.829099
0.771736
0.719515
0.671909
0.628446
0.588708
0.552319
0.518946
0.488289
0.46008
0.434079
0.410071
0.387863
0.36728
0.348165
0.330379
0.313795
0.2983
0.283792
0.270182
0.257391
0.245349
0.233998
0.223287
0.213173
0.203623
0.194608
0.186107
0.1781
0.170573
0.163512
0.156905
0.150737
0.144996
0.139665
0.134728
0.130167
0.125963
0.122095
0.118543
0.115288
0.112308
0.109583
0.107095
0.104825
0.102757
0.100873
0.0991584
0.0975993
0.0961822
0.0948951
0.0937267
0.0926668
0.0917058
0.090835
0.0900465
0.0893329
0.0886875
0.0881043
0.0875776
0.0871022
0.0866735
0.0862871
0.0859392
0.085626
0.0853445
0.0850914
0.0848642
0.0846602
0.0844773
0.0843133
0.0841664
0.0840348
0.083917
0.0838116
0.0837173
0.0836329
0.0835574
0.0834898
0.0834293
0.0833752
0.0833268
0.0832834
0.0832445
0.0832096
0.0831783
0.0831502
0.083125
0.0831024
0.0830822
0.0830642
0.0830482
0.0830342
0.0830222
0.0830121
0.083004
0.0829981
0.0829945
0.961698
0.892198
0.8291
0.771737
0.719516
0.671909
0.628446
0.588707
0.552318
0.518944
0.488286
0.460075
0.434073
0.410063
0.387853
0.367267
0.348149
0.33036
0.313773
0.298273
0.283761
0.270147
0.257351
0.245305
0.233948
0.223232
0.213113
0.203558
0.194539
0.186034
0.178024
0.170494
0.163431
0.156823
0.150655
0.144914
0.139584
0.134649
0.13009
0.125888
0.122023
0.118474
0.115222
0.112245
0.109524
0.107039
0.104773
0.102708
0.100827
0.0991159
0.0975598
0.0961456
0.0948613
0.0936956
0.0926382
0.0916796
0.0908111
0.0900247
0.0893131
0.0886696
0.0880881
0.087563
0.0870891
0.0866618
0.0862767
0.0859299
0.0856179
0.0853374
0.0850852
0.0848588
0.0846557
0.0844734
0.0843101
0.0841637
0.0840326
0.0839153
0.0838102
0.0837162
0.0836321
0.0835569
0.0834895
0.0834293
0.0833753
0.083327
0.0832837
0.0832448
0.08321
0.0831787
0.0831507
0.0831255
0.0831029
0.0830827
0.0830646
0.0830486
0.0830346
0.0830225
0.0830124
0.0830044
0.0829985
0.0829948
0.961698
0.892198
0.8291
0.771737
0.719516
0.67191
0.628446
0.588707
0.552317
0.518942
0.488282
0.460071
0.434067
0.410055
0.387842
0.367253
0.348133
0.33034
0.313749
0.298245
0.283729
0.27011
0.257309
0.245257
0.233895
0.223174
0.21305
0.20349
0.194466
0.185956
0.177943
0.17041
0.163346
0.156736
0.150568
0.144827
0.139498
0.134564
0.130007
0.125808
0.121946
0.118401
0.115152
0.112179
0.109461
0.10698
0.104718
0.102656
0.100779
0.099071
0.0975181
0.0961071
0.0948258
0.0936629
0.0926081
0.091652
0.0907859
0.0900017
0.0892922
0.0886507
0.088071
0.0875476
0.0870753
0.0866495
0.0862657
0.0859202
0.0856094
0.0853298
0.0850787
0.0848532
0.0846508
0.0844693
0.0843066
0.0841608
0.0840303
0.0839134
0.0838088
0.0837151
0.0836313
0.0835564
0.0834892
0.0834292
0.0833754
0.0833271
0.0832839
0.0832452
0.0832104
0.0831792
0.0831511
0.083126
0.0831034
0.0830831
0.0830651
0.083049
0.083035
0.0830229
0.0830128
0.0830047
0.0829988
0.0829951
0.961698
0.892199
0.829101
0.771738
0.719517
0.67191
0.628446
0.588706
0.552316
0.51894
0.488279
0.460066
0.43406
0.410046
0.38783
0.367239
0.348115
0.330319
0.313723
0.298216
0.283695
0.27007
0.257264
0.245207
0.233839
0.223112
0.212983
0.203417
0.194389
0.185875
0.177857
0.170322
0.163255
0.156644
0.150475
0.144735
0.139407
0.134475
0.129921
0.125724
0.121866
0.118324
0.115079
0.112109
0.109396
0.106919
0.10466
0.102602
0.100728
0.099024
0.0974745
0.0960667
0.0947885
0.0936285
0.0925766
0.0916231
0.0907595
0.0899776
0.0892703
0.0886309
0.0880531
0.0875315
0.0870608
0.0866365
0.0862542
0.08591
0.0856004
0.085322
0.0850718
0.0848472
0.0846457
0.0844649
0.0843029
0.0841578
0.0840278
0.0839114
0.0838072
0.0837139
0.0836304
0.0835557
0.0834889
0.083429
0.0833754
0.0833273
0.0832842
0.0832455
0.0832108
0.0831796
0.0831516
0.0831264
0.0831038
0.0830835
0.0830655
0.0830494
0.0830353
0.0830232
0.083013
0.0830049
0.082999
0.0829954
0.961698
0.892199
0.829102
0.771739
0.719518
0.671911
0.628447
0.588706
0.552314
0.518937
0.488275
0.46006
0.434052
0.410036
0.387817
0.367223
0.348096
0.330296
0.313697
0.298184
0.283658
0.270029
0.257217
0.245154
0.23378
0.223047
0.212912
0.203341
0.194307
0.185788
0.177767
0.170229
0.16316
0.156548
0.150379
0.144639
0.139312
0.134382
0.12983
0.125637
0.121781
0.118243
0.115002
0.112036
0.109327
0.106854
0.104599
0.102545
0.100675
0.0989747
0.0974288
0.0960245
0.0947495
0.0935926
0.0925436
0.0915929
0.0907319
0.0899525
0.0892475
0.0886101
0.0880344
0.0875146
0.0870457
0.086623
0.0862422
0.0858993
0.0855909
0.0853137
0.0850646
0.084841
0.0846403
0.0844603
0.084299
0.0841545
0.0840251
0.0839092
0.0838054
0.0837126
0.0836294
0.083555
0.0834884
0.0834287
0.0833753
0.0833274
0.0832844
0.0832458
0.0832111
0.08318
0.083152
0.0831268
0.0831042
0.0830839
0.0830658
0.0830497
0.0830356
0.0830235
0.0830133
0.0830052
0.0829992
0.0829956
0.961699
0.8922
0.829102
0.77174
0.719519
0.671911
0.628447
0.588705
0.552313
0.518935
0.488271
0.460054
0.434044
0.410026
0.387804
0.367207
0.348076
0.330272
0.313668
0.298151
0.28362
0.269985
0.257167
0.245098
0.233718
0.222978
0.212837
0.20326
0.194221
0.185698
0.177673
0.170131
0.16306
0.156446
0.150277
0.144538
0.139213
0.134285
0.129735
0.125545
0.121693
0.118159
0.114922
0.11196
0.109255
0.106786
0.104536
0.102486
0.10062
0.0989235
0.0973813
0.0959805
0.0947089
0.0935553
0.0925093
0.0915615
0.0907031
0.0899263
0.0892237
0.0885886
0.0880149
0.0874971
0.0870299
0.0866089
0.0862296
0.0858882
0.0855811
0.085305
0.085057
0.0848344
0.0846346
0.0844555
0.0842949
0.0841511
0.0840222
0.0839069
0.0838036
0.0837111
0.0836284
0.0835542
0.0834879
0.0834284
0.0833751
0.0833274
0.0832845
0.083246
0.0832114
0.0831803
0.0831523
0.0831271
0.0831045
0.0830842
0.0830661
0.08305
0.0830358
0.0830237
0.0830134
0.0830053
0.0829993
0.0829957
0.961699
0.8922
0.829103
0.771741
0.719519
0.671912
0.628447
0.588705
0.552311
0.518932
0.488267
0.460048
0.434036
0.410015
0.38779
0.367189
0.348055
0.330247
0.313638
0.298116
0.283579
0.269938
0.257114
0.245039
0.233653
0.222906
0.212759
0.203176
0.194131
0.185603
0.177574
0.170029
0.162956
0.156341
0.150171
0.144432
0.139109
0.134183
0.129636
0.125449
0.121601
0.118071
0.114838
0.111881
0.10918
0.106716
0.10447
0.102425
0.100563
0.0988702
0.0973319
0.0959348
0.0946668
0.0935165
0.0924737
0.0915289
0.0906733
0.0898991
0.089199
0.0885662
0.0879947
0.0874788
0.0870136
0.0865942
0.0862166
0.0858766
0.0855709
0.085296
0.0850492
0.0848276
0.0846287
0.0844504
0.0842906
0.0841475
0.0840192
0.0839044
0.0838016
0.0837095
0.0836271
0.0835534
0.0834873
0.083428
0.0833749
0.0833273
0.0832845
0.0832461
0.0832116
0.0831805
0.0831525
0.0831274
0.0831047
0.0830844
0.0830663
0.0830502
0.083036
0.0830238
0.0830135
0.0830054
0.0829994
0.0829957
0.961699
0.892201
0.829104
0.771741
0.71952
0.671912
0.628447
0.588704
0.55231
0.518929
0.488262
0.460042
0.434027
0.410003
0.387776
0.367171
0.348033
0.33022
0.313607
0.298079
0.283537
0.26989
0.257059
0.244977
0.233584
0.222831
0.212677
0.203088
0.194037
0.185504
0.177471
0.169923
0.162847
0.156231
0.150061
0.144323
0.139001
0.134077
0.129534
0.12535
0.121506
0.11798
0.114752
0.111799
0.109103
0.106644
0.104402
0.102361
0.100504
0.0988152
0.0972809
0.0958876
0.0946232
0.0934764
0.0924369
0.0914951
0.0906425
0.089871
0.0891734
0.088543
0.0879737
0.08746
0.0869966
0.0865791
0.086203
0.0858646
0.0855602
0.0852867
0.085041
0.0848204
0.0846226
0.0844451
0.0842861
0.0841437
0.084016
0.0839018
0.0837995
0.0837078
0.0836258
0.0835523
0.0834865
0.0834275
0.0833746
0.0833271
0.0832845
0.0832461
0.0832117
0.0831806
0.0831527
0.0831276
0.0831049
0.0830846
0.0830664
0.0830503
0.0830361
0.0830238
0.0830135
0.0830053
0.0829993
0.0829957
0.961699
0.892201
0.829105
0.771742
0.719521
0.671913
0.628447
0.588704
0.552308
0.518926
0.488257
0.460035
0.434018
0.409991
0.38776
0.367152
0.34801
0.330193
0.313574
0.298041
0.283492
0.269839
0.257002
0.244912
0.233513
0.222752
0.212591
0.202996
0.193939
0.185401
0.177363
0.169812
0.162734
0.156116
0.149946
0.144209
0.138889
0.133968
0.129427
0.125248
0.121408
0.117886
0.114662
0.111715
0.109023
0.106569
0.104332
0.102295
0.100443
0.0987583
0.0972282
0.0958389
0.0945783
0.0934351
0.0923989
0.0914604
0.0906107
0.0898421
0.0891471
0.0885192
0.0879521
0.0874405
0.0869791
0.0865634
0.0861891
0.0858522
0.0855492
0.085277
0.0850325
0.084813
0.0846161
0.0844396
0.0842814
0.0841397
0.0840127
0.083899
0.0837972
0.083706
0.0836244
0.0835512
0.0834857
0.0834269
0.0833742
0.0833269
0.0832843
0.0832461
0.0832117
0.0831807
0.0831528
0.0831276
0.083105
0.0830847
0.0830664
0.0830503
0.083036
0.0830237
0.0830134
0.0830052
0.0829992
0.0829956
0.961699
0.892202
0.829106
0.771743
0.719522
0.671914
0.628447
0.588703
0.552306
0.518922
0.488252
0.460027
0.434008
0.409978
0.387744
0.367132
0.347985
0.330163
0.313539
0.298001
0.283446
0.269786
0.256942
0.244845
0.233438
0.222671
0.212502
0.2029
0.193838
0.185294
0.177252
0.169697
0.162617
0.155998
0.149828
0.144091
0.138773
0.133854
0.129317
0.125142
0.121306
0.117789
0.11457
0.111627
0.108941
0.106491
0.104259
0.102228
0.10038
0.0986999
0.097174
0.0957889
0.0945321
0.0933926
0.0923599
0.0914246
0.0905781
0.0898123
0.08912
0.0884946
0.0879299
0.0874205
0.0869611
0.0865473
0.0861747
0.0858394
0.0855379
0.085267
0.0850237
0.0848054
0.0846095
0.0844339
0.0842765
0.0841355
0.0840092
0.083896
0.0837947
0.083704
0.0836228
0.08355
0.0834847
0.0834262
0.0833736
0.0833265
0.0832841
0.0832459
0.0832116
0.0831807
0.0831528
0.0831276
0.083105
0.0830846
0.0830664
0.0830501
0.0830359
0.0830236
0.0830132
0.083005
0.082999
0.0829953
0.9617
0.892203
0.829106
0.771744
0.719523
0.671914
0.628447
0.588702
0.552304
0.518919
0.488247
0.46002
0.433998
0.409965
0.387727
0.367111
0.34796
0.330133
0.313503
0.297959
0.283398
0.269731
0.256879
0.244775
0.233361
0.222586
0.21241
0.202801
0.193732
0.185183
0.177136
0.169578
0.162495
0.155876
0.149705
0.14397
0.138653
0.133738
0.129204
0.125032
0.121201
0.117689
0.114475
0.111538
0.108857
0.106412
0.104185
0.102158
0.100315
0.09864
0.0971185
0.0957375
0.0944848
0.093349
0.0923199
0.091388
0.0905446
0.0897818
0.0890923
0.0884694
0.0879072
0.0873999
0.0869427
0.0865307
0.0861599
0.0858262
0.0855262
0.0852567
0.0850146
0.0847974
0.0846026
0.0844279
0.0842713
0.0841311
0.0840054
0.0838929
0.0837922
0.0837019
0.083621
0.0835486
0.0834836
0.0834253
0.083373
0.083326
0.0832837
0.0832457
0.0832114
0.0831805
0.0831526
0.0831275
0.0831048
0.0830844
0.0830662
0.0830499
0.0830356
0.0830233
0.0830129
0.0830046
0.0829986
0.0829949
0.9617
0.892203
0.829107
0.771745
0.719524
0.671915
0.628447
0.588701
0.552302
0.518915
0.488241
0.460012
0.433987
0.40995
0.387709
0.367089
0.347933
0.330101
0.313466
0.297915
0.283347
0.269673
0.256814
0.244703
0.23328
0.222498
0.212315
0.202699
0.193624
0.185069
0.177017
0.169456
0.162371
0.15575
0.149579
0.143845
0.13853
0.133618
0.129088
0.124921
0.121094
0.117587
0.114378
0.111446
0.10877
0.106331
0.104109
0.102087
0.100249
0.0985787
0.0970617
0.0956851
0.0944364
0.0933045
0.0922791
0.0913506
0.0905104
0.0897506
0.0890639
0.0884437
0.0878839
0.0873789
0.0869238
0.0865138
0.0861447
0.0858127
0.0855142
0.0852461
0.0850053
0.0847892
0.0845955
0.0844217
0.084266
0.0841265
0.0840016
0.0838896
0.0837894
0.0836996
0.0836191
0.083547
0.0834824
0.0834243
0.0833722
0.0833253
0.0832832
0.0832453
0.0832111
0.0831802
0.0831524
0.0831272
0.0831045
0.0830841
0.0830658
0.0830496
0.0830352
0.0830228
0.0830125
0.0830042
0.0829981
0.0829944
0.9617
0.892204
0.829108
0.771747
0.719525
0.671915
0.628447
0.5887
0.5523
0.518911
0.488235
0.460003
0.433975
0.409935
0.38769
0.367066
0.347905
0.330068
0.313427
0.29787
0.283295
0.269614
0.256747
0.244628
0.233197
0.222407
0.212216
0.202593
0.193511
0.184951
0.176895
0.16933
0.162242
0.15562
0.14945
0.143717
0.138405
0.133495
0.128969
0.124806
0.120984
0.117482
0.114279
0.111352
0.108682
0.106248
0.104032
0.102015
0.100182
0.0985162
0.0970039
0.0956316
0.0943871
0.0932592
0.0922374
0.0913125
0.0904756
0.0897188
0.089035
0.0884175
0.0878601
0.0873575
0.0869045
0.0864964
0.0861292
0.0857989
0.0855019
0.0852352
0.0849957
0.0847808
0.0845881
0.0844153
0.0842605
0.0841218
0.0839975
0.0838862
0.0837865
0.0836972
0.0836171
0.0835453
0.083481
0.0834232
0.0833713
0.0833246
0.0832826
0.0832447
0.0832106
0.0831798
0.0831519
0.0831268
0.0831041
0.0830837
0.0830654
0.0830491
0.0830347
0.0830223
0.0830119
0.0830036
0.0829975
0.0829938
0.9617
0.892205
0.829109
0.771748
0.719526
0.671916
0.628447
0.588699
0.552297
0.518907
0.488228
0.459994
0.433963
0.40992
0.387671
0.367042
0.347876
0.330033
0.313386
0.297823
0.283241
0.269552
0.256678
0.244551
0.233112
0.222313
0.212115
0.202484
0.193396
0.18483
0.176769
0.1692
0.162111
0.155488
0.149318
0.143586
0.138276
0.13337
0.128848
0.124689
0.120872
0.117376
0.114178
0.111257
0.108592
0.106164
0.103953
0.101942
0.100113
0.0984527
0.0969451
0.0955773
0.094337
0.0932131
0.0921951
0.0912737
0.0904402
0.0896865
0.0890056
0.0883908
0.087836
0.0873357
0.0868848
0.0864788
0.0861134
0.0857848
0.0854894
0.0852241
0.0849859
0.0847722
0.0845805
0.0844087
0.0842547
0.0841168
0.0839932
0.0838825
0.0837834
0.0836945
0.0836149
0.0835435
0.0834794
0.0834219
0.0833702
0.0833237
0.0832818
0.083244
0.08321
0.0831792
0.0831514
0.0831263
0.0831036
0.0830831
0.0830648
0.0830484
0.083034
0.0830216
0.0830111
0.0830028
0.0829967
0.082993
0.961701
0.892205
0.82911
0.771749
0.719527
0.671917
0.628447
0.588698
0.552294
0.518902
0.488221
0.459984
0.43395
0.409903
0.38765
0.367017
0.347846
0.329997
0.313344
0.297774
0.283185
0.269489
0.256607
0.244471
0.233024
0.222217
0.212011
0.202373
0.193278
0.184706
0.176641
0.169068
0.161977
0.155352
0.149183
0.143452
0.138145
0.133242
0.128724
0.12457
0.120759
0.117268
0.114075
0.11116
0.108501
0.106078
0.103873
0.101867
0.100044
0.0983884
0.0968855
0.0955223
0.0942863
0.0931664
0.0921523
0.0912345
0.0904043
0.0896538
0.0889759
0.0883638
0.0878115
0.0873136
0.0868649
0.0864609
0.0860973
0.0857704
0.0854766
0.0852127
0.0849758
0.0847633
0.0845728
0.0844019
0.0842488
0.0841117
0.0839888
0.0838787
0.0837801
0.0836917
0.0836125
0.0835415
0.0834777
0.0834204
0.0833689
0.0833226
0.0832808
0.0832432
0.0832092
0.0831785
0.0831507
0.0831256
0.0831029
0.0830824
0.083064
0.0830476
0.0830332
0.0830207
0.0830102
0.0830019
0.0829958
0.0829921
0.961701
0.892206
0.829111
0.77175
0.719528
0.671917
0.628446
0.588696
0.552291
0.518897
0.488214
0.459974
0.433937
0.409886
0.387629
0.366991
0.347815
0.32996
0.313301
0.297724
0.283128
0.269424
0.256533
0.24439
0.232934
0.222119
0.211905
0.202259
0.193157
0.18458
0.17651
0.168934
0.16184
0.155215
0.149045
0.143317
0.138012
0.133113
0.128599
0.12445
0.120643
0.117158
0.113971
0.111062
0.108409
0.105992
0.103792
0.101792
0.099974
0.0983234
0.0968254
0.0954667
0.0942351
0.0931193
0.0921091
0.0911949
0.0903681
0.0896208
0.0889458
0.0883364
0.0877867
0.0872912
0.0868447
0.0864427
0.086081
0.0857558
0.0854636
0.0852012
0.0849656
0.0847543
0.0845648
0.0843949
0.0842427
0.0841064
0.0839842
0.0838747
0.0837767
0.0836888
0.08361
0.0835393
0.0834758
0.0834188
0.0833675
0.0833213
0.0832797
0.0832422
0.0832082
0.0831776
0.0831498
0.0831247
0.083102
0.0830815
0.0830631
0.0830467
0.0830322
0.0830197
0.0830092
0.0830008
0.0829947
0.082991
0.961701
0.892207
0.829112
0.771751
0.719529
0.671918
0.628446
0.588694
0.552288
0.518892
0.488206
0.459963
0.433922
0.409868
0.387607
0.366964
0.347782
0.329922
0.313256
0.297672
0.283069
0.269357
0.256459
0.244306
0.232842
0.222019
0.211796
0.202143
0.193035
0.184451
0.176376
0.168797
0.161701
0.155075
0.148906
0.143179
0.137877
0.132981
0.128472
0.124328
0.120527
0.117047
0.113866
0.110963
0.108316
0.105905
0.103711
0.101716
0.0999035
0.0982579
0.0967648
0.0954108
0.0941836
0.0930719
0.0920656
0.091155
0.0903316
0.0895875
0.0889155
0.0883089
0.0877618
0.0872686
0.0868243
0.0864244
0.0860646
0.0857411
0.0854504
0.0851894
0.0849552
0.0847451
0.0845567
0.0843878
0.0842364
0.0841009
0.0839794
0.0838706
0.0837731
0.0836857
0.0836073
0.0835369
0.0834738
0.083417
0.0833659
0.0833199
0.0832784
0.083241
0.0832071
0.0831765
0.0831488
0.0831237
0.0831009
0.0830804
0.083062
0.0830456
0.0830311
0.0830185
0.083008
0.0829996
0.0829934
0.0829898
0.961702
0.892208
0.829114
0.771752
0.71953
0.671918
0.628445
0.588692
0.552284
0.518886
0.488198
0.459952
0.433907
0.409849
0.387583
0.366935
0.347749
0.329883
0.31321
0.297619
0.283008
0.269289
0.256382
0.244221
0.232749
0.221917
0.211686
0.202025
0.19291
0.184321
0.176241
0.168659
0.161561
0.154934
0.148766
0.143041
0.137741
0.132849
0.128344
0.124205
0.12041
0.116936
0.113761
0.110863
0.108222
0.105817
0.103629
0.10164
0.0998327
0.0981923
0.0967041
0.0953547
0.0941319
0.0930244
0.0920219
0.091115
0.0902951
0.0895542
0.0888851
0.0882813
0.0877367
0.0872459
0.0868038
0.0864059
0.086048
0.0857262
0.0854371
0.0851776
0.0849446
0.0847357
0.0845484
0.0843805
0.08423
0.0840952
0.0839744
0.0838662
0.0837693
0.0836823
0.0836044
0.0835344
0.0834715
0.083415
0.0833641
0.0833183
0.083277
0.0832396
0.0832058
0.0831752
0.0831475
0.0831224
0.0830997
0.0830792
0.0830607
0.0830443
0.0830297
0.0830172
0.0830066
0.0829982
0.082992
0.0829884
0.961702
0.892208
0.829115
0.771753
0.719531
0.671918
0.628444
0.58869
0.55228
0.518879
0.488189
0.459939
0.433892
0.40983
0.387559
0.366906
0.347714
0.329842
0.313163
0.297565
0.282947
0.269219
0.256304
0.244135
0.232654
0.221813
0.211575
0.201906
0.192784
0.184189
0.176105
0.168519
0.161419
0.154792
0.148625
0.142901
0.137605
0.132716
0.128216
0.124082
0.120292
0.116824
0.113655
0.110764
0.108129
0.105729
0.103547
0.101563
0.0997619
0.0981267
0.0966434
0.0952987
0.0940802
0.0929769
0.0919783
0.0910751
0.0902585
0.0895208
0.0888547
0.0882536
0.0877116
0.0872232
0.0867833
0.0863874
0.0860313
0.0857112
0.0854237
0.0851656
0.084934
0.0847262
0.0845399
0.084373
0.0842234
0.0840894
0.0839693
0.0838617
0.0837653
0.0836788
0.0836013
0.0835317
0.0834691
0.0834128
0.0833622
0.0833165
0.0832753
0.083238
0.0832043
0.0831738
0.0831461
0.083121
0.0830983
0.0830778
0.0830593
0.0830428
0.0830282
0.0830156
0.083005
0.0829966
0.0829904
0.0829868
0.961702
0.892209
0.829116
0.771754
0.719531
0.671918
0.628443
0.588687
0.552275
0.518872
0.488179
0.459927
0.433875
0.409809
0.387534
0.366876
0.347679
0.329801
0.313115
0.29751
0.282884
0.269149
0.256226
0.244048
0.232558
0.221709
0.211462
0.201787
0.192658
0.184057
0.175968
0.168379
0.161277
0.15465
0.148483
0.142761
0.137468
0.132584
0.128088
0.123959
0.120175
0.116713
0.11355
0.110665
0.108035
0.105642
0.103466
0.101488
0.0996914
0.0980614
0.096583
0.0952429
0.0940288
0.0929296
0.0919349
0.0910353
0.0902221
0.0894876
0.0888244
0.0882261
0.0876866
0.0872005
0.0867628
0.0863689
0.0860146
0.0856962
0.0854103
0.0851535
0.0849232
0.0847166
0.0845314
0.0843654
0.0842167
0.0840834
0.083964
0.083857
0.0837612
0.0836752
0.083598
0.0835287
0.0834665
0.0834105
0.08336
0.0833145
0.0832734
0.0832363
0.0832027
0.0831722
0.0831445
0.0831194
0.0830967
0.0830762
0.0830577
0.0830411
0.0830265
0.0830139
0.0830033
0.0829948
0.0829887
0.082985
0.961702
0.89221
0.829117
0.771755
0.719532
0.671918
0.628442
0.588684
0.55227
0.518865
0.488168
0.459913
0.433858
0.409787
0.387508
0.366845
0.347642
0.329758
0.313067
0.297455
0.282821
0.269078
0.256147
0.24396
0.232462
0.221605
0.21135
0.201667
0.192531
0.183925
0.175832
0.16824
0.161136
0.154508
0.148342
0.142622
0.137332
0.132452
0.127961
0.123837
0.120058
0.116602
0.113445
0.110566
0.107943
0.105556
0.103385
0.101412
0.0996216
0.0979967
0.0965231
0.0951876
0.0939779
0.0928828
0.0918919
0.0909959
0.090186
0.0894546
0.0887943
0.0881987
0.0876617
0.0871779
0.0867423
0.0863504
0.085998
0.0856812
0.0853968
0.0851414
0.0849123
0.0847069
0.0845227
0.0843577
0.0842098
0.0840773
0.0839586
0.0838522
0.0837568
0.0836713
0.0835946
0.0835256
0.0834637
0.0834079
0.0833577
0.0833123
0.0832714
0.0832343
0.0832008
0.0831703
0.0831427
0.0831176
0.0830949
0.0830744
0.0830558
0.0830393
0.0830247
0.083012
0.0830014
0.0829929
0.0829867
0.0829831
0.961703
0.892211
0.829118
0.771756
0.719532
0.671917
0.62844
0.588681
0.552264
0.518856
0.488157
0.459898
0.433839
0.409765
0.387481
0.366813
0.347605
0.329715
0.313017
0.297399
0.282758
0.269007
0.256067
0.243873
0.232366
0.221501
0.211238
0.201547
0.192405
0.183793
0.175696
0.168101
0.160995
0.154367
0.148202
0.142484
0.137197
0.132321
0.127834
0.123716
0.119943
0.116493
0.113342
0.110469
0.107852
0.10547
0.103305
0.101338
0.0995527
0.0979328
0.0964641
0.0951331
0.0939277
0.0928366
0.0918495
0.090957
0.0901504
0.0894221
0.0887647
0.0881717
0.0876371
0.0871556
0.0867221
0.0863321
0.0859814
0.0856663
0.0853833
0.0851293
0.0849015
0.0846972
0.084514
0.0843499
0.0842028
0.0840711
0.083953
0.0838472
0.0837523
0.0836673
0.0835909
0.0835223
0.0834606
0.0834051
0.0833551
0.0833099
0.0832691
0.0832322
0.0831987
0.0831683
0.0831407
0.0831156
0.0830929
0.0830723
0.0830538
0.0830372
0.0830226
0.0830099
0.0829992
0.0829908
0.0829846
0.0829809
0.961703
0.892212
0.829119
0.771757
0.719532
0.671916
0.628437
0.588676
0.552258
0.518847
0.488145
0.459883
0.43382
0.409742
0.387454
0.366781
0.347567
0.329672
0.312968
0.297342
0.282695
0.268936
0.255988
0.243786
0.232271
0.221397
0.211127
0.201429
0.192281
0.183663
0.175562
0.167963
0.160856
0.154228
0.148063
0.142348
0.137064
0.132192
0.12771
0.123597
0.11983
0.116385
0.11324
0.110373
0.107762
0.105386
0.103227
0.101265
0.0994851
0.0978702
0.0964062
0.0950797
0.0938785
0.0927913
0.0918079
0.0909188
0.0901155
0.0893901
0.0887355
0.0881451
0.0876129
0.0871336
0.0867021
0.086314
0.085965
0.0856515
0.08537
0.0851173
0.0848906
0.0846874
0.0845052
0.084342
0.0841957
0.0840647
0.0839473
0.083842
0.0837477
0.0836631
0.0835871
0.0835188
0.0834574
0.0834022
0.0833523
0.0833073
0.0832666
0.0832298
0.0831964
0.083166
0.0831385
0.0831134
0.0830907
0.0830701
0.0830516
0.083035
0.0830203
0.0830076
0.0829969
0.0829885
0.0829823
0.0829786
0.961703
0.892212
0.82912
0.771757
0.719532
0.671915
0.628434
0.588671
0.55225
0.518837
0.488132
0.459866
0.4338
0.409718
0.387425
0.366748
0.347529
0.329628
0.312918
0.297286
0.282632
0.268866
0.255911
0.2437
0.232177
0.221296
0.211017
0.201313
0.192158
0.183535
0.17543
0.167829
0.16072
0.154091
0.147928
0.142215
0.136934
0.132066
0.127589
0.123481
0.119719
0.11628
0.113141
0.11028
0.107674
0.105304
0.10315
0.101194
0.0994192
0.0978092
0.0963497
0.0950276
0.0938304
0.0927471
0.0917673
0.0908815
0.0900814
0.0893589
0.088707
0.0881191
0.0875892
0.087112
0.0866825
0.0862962
0.0859489
0.0856369
0.0853568
0.0851054
0.0848799
0.0846777
0.0844965
0.0843341
0.0841886
0.0840582
0.0839414
0.0838368
0.0837429
0.0836587
0.0835831
0.0835151
0.083454
0.083399
0.0833493
0.0833045
0.0832639
0.0832272
0.0831938
0.0831636
0.083136
0.083111
0.0830883
0.0830677
0.0830491
0.0830325
0.0830178
0.0830051
0.0829945
0.082986
0.0829798
0.0829762
0.961704
0.892213
0.82912
0.771758
0.719531
0.671913
0.628431
0.588665
0.552242
0.518826
0.488118
0.459849
0.43378
0.409693
0.387397
0.366715
0.347491
0.329585
0.312869
0.297231
0.28257
0.268797
0.255834
0.243616
0.232086
0.221196
0.210911
0.201199
0.192039
0.183411
0.175301
0.167698
0.160587
0.153958
0.147796
0.142085
0.136808
0.131943
0.127471
0.123368
0.119611
0.116178
0.113045
0.110189
0.107589
0.105225
0.103077
0.101126
0.0993554
0.0977501
0.0962951
0.0949771
0.093784
0.0927043
0.091728
0.0908455
0.0900483
0.0893286
0.0886793
0.0880938
0.0875662
0.087091
0.0866634
0.0862788
0.0859331
0.0856226
0.0853438
0.0850936
0.0848692
0.084668
0.0844877
0.0843262
0.0841814
0.0840517
0.0839355
0.0838314
0.083738
0.0836542
0.0835789
0.0835113
0.0834504
0.0833956
0.0833461
0.0833015
0.083261
0.0832244
0.0831911
0.0831609
0.0831334
0.0831084
0.0830857
0.0830651
0.0830465
0.0830299
0.0830152
0.0830025
0.0829918
0.0829833
0.0829772
0.0829735
0.961704
0.892214
0.829121
0.771758
0.71953
0.67191
0.628426
0.588659
0.552233
0.518814
0.488103
0.459831
0.433758
0.409668
0.387368
0.366682
0.347454
0.329543
0.312821
0.297177
0.28251
0.26873
0.255761
0.243535
0.231997
0.221101
0.210808
0.20109
0.191924
0.183291
0.175178
0.167571
0.16046
0.153831
0.14767
0.141961
0.136686
0.131825
0.127357
0.123259
0.119508
0.11608
0.112952
0.110102
0.107508
0.105149
0.103006
0.10106
0.0992942
0.0976934
0.0962427
0.0949287
0.0937393
0.0926632
0.0916902
0.0908108
0.0900165
0.0892995
0.0886526
0.0880694
0.0875439
0.0870707
0.0866449
0.086262
0.0859178
0.0856087
0.0853311
0.0850821
0.0848588
0.0846585
0.0844791
0.0843183
0.0841742
0.0840452
0.0839295
0.0838259
0.0837329
0.0836495
0.0835746
0.0835073
0.0834467
0.083392
0.0833428
0.0832982
0.0832579
0.0832214
0.0831882
0.083158
0.0831306
0.0831056
0.0830829
0.0830623
0.0830437
0.0830271
0.0830124
0.0829997
0.082989
0.0829805
0.0829744
0.0829708
0.961704
0.892214
0.829121
0.771757
0.719528
0.671907
0.628421
0.588651
0.552223
0.518801
0.488087
0.459812
0.433736
0.409643
0.387339
0.366649
0.347417
0.329501
0.312775
0.297126
0.282452
0.268666
0.25569
0.243457
0.231913
0.221009
0.21071
0.200986
0.191814
0.183176
0.175059
0.167451
0.160338
0.153709
0.147549
0.141842
0.13657
0.131713
0.127249
0.123156
0.119409
0.115987
0.112864
0.110019
0.10743
0.105077
0.102938
0.100997
0.099236
0.0976395
0.0961928
0.0948827
0.0936969
0.0926242
0.0916543
0.0907778
0.0899862
0.0892717
0.0886272
0.0880461
0.0875226
0.0870513
0.0866272
0.0862458
0.085903
0.0855952
0.0853188
0.0850709
0.0848485
0.0846492
0.0844706
0.0843105
0.0841671
0.0840387
0.0839235
0.0838203
0.0837278
0.0836447
0.0835702
0.0835031
0.0834427
0.0833883
0.0833392
0.0832948
0.0832546
0.0832182
0.0831851
0.083155
0.0831275
0.0831026
0.0830799
0.0830593
0.0830408
0.0830242
0.0830095
0.0829968
0.0829861
0.0829776
0.0829715
0.0829679
0.961705
0.892214
0.829121
0.771756
0.719526
0.671902
0.628414
0.588642
0.552212
0.518788
0.488071
0.459793
0.433714
0.409618
0.387311
0.366618
0.347382
0.329461
0.312731
0.297076
0.282398
0.268606
0.255623
0.243384
0.231833
0.220923
0.210617
0.200887
0.19171
0.183068
0.174948
0.167337
0.160223
0.153594
0.147435
0.14173
0.136461
0.131607
0.127147
0.123058
0.119317
0.115899
0.112782
0.109942
0.107358
0.105009
0.102875
0.100938
0.0991814
0.0975889
0.096146
0.0948395
0.0936571
0.0925875
0.0916205
0.0907467
0.0899577
0.0892455
0.0886032
0.0880242
0.0875025
0.0870329
0.0866103
0.0862304
0.0858889
0.0855823
0.085307
0.0850601
0.0848387
0.0846402
0.0844623
0.0843029
0.0841601
0.0840322
0.0839176
0.0838148
0.0837226
0.0836399
0.0835656
0.0834988
0.0834387
0.0833845
0.0833356
0.0832913
0.0832512
0.0832149
0.0831818
0.0831518
0.0831244
0.0830995
0.0830768
0.0830563
0.0830377
0.0830211
0.0830064
0.0829937
0.0829831
0.0829746
0.0829685
0.082965
0.961705
0.892215
0.82912
0.771754
0.719523
0.671897
0.628407
0.588633
0.5522
0.518773
0.488054
0.459774
0.433693
0.409594
0.387284
0.366587
0.347348
0.329424
0.312689
0.297031
0.282347
0.26855
0.255562
0.243317
0.231759
0.220843
0.210532
0.200796
0.191614
0.182969
0.174845
0.167232
0.160117
0.153487
0.147329
0.141626
0.13636
0.131509
0.127053
0.122968
0.119231
0.115818
0.112705
0.10987
0.10729
0.104946
0.102816
0.100884
0.0991309
0.0975421
0.0961028
0.0947996
0.0936202
0.0925535
0.0915892
0.090718
0.0899312
0.0892212
0.0885809
0.0880037
0.0874837
0.0870156
0.0865945
0.0862159
0.0858757
0.0855701
0.0852959
0.0850499
0.0848293
0.0846315
0.0844543
0.0842956
0.0841533
0.0840259
0.0839117
0.0838093
0.0837175
0.0836351
0.0835611
0.0834946
0.0834346
0.0833806
0.0833318
0.0832877
0.0832477
0.0832114
0.0831785
0.0831485
0.0831212
0.0830963
0.0830736
0.0830531
0.0830346
0.083018
0.0830033
0.0829907
0.0829801
0.0829716
0.0829656
0.0829621
0.961705
0.892215
0.829119
0.771752
0.719518
0.671891
0.628399
0.588622
0.552187
0.518759
0.488038
0.459756
0.433672
0.409571
0.387258
0.366559
0.347317
0.32939
0.312652
0.296989
0.282301
0.268499
0.255506
0.243256
0.231693
0.220771
0.210455
0.200714
0.191528
0.182878
0.174752
0.167137
0.16002
0.153391
0.147234
0.141532
0.136268
0.131421
0.126968
0.122887
0.119154
0.115744
0.112636
0.109805
0.107229
0.104889
0.102763
0.100834
0.0990851
0.0974997
0.0960636
0.0947633
0.0935868
0.0925227
0.0915608
0.0906918
0.0899072
0.0891991
0.0885605
0.087985
0.0874665
0.0869998
0.08658
0.0862025
0.0858634
0.0855588
0.0852855
0.0850403
0.0848204
0.0846234
0.0844468
0.0842886
0.0841468
0.0840198
0.0839061
0.083804
0.0837126
0.0836304
0.0835567
0.0834903
0.0834306
0.0833767
0.0833281
0.0832841
0.0832442
0.083208
0.0831751
0.0831452
0.0831179
0.083093
0.0830704
0.0830499
0.0830314
0.0830149
0.0830003
0.0829876
0.0829771
0.0829687
0.0829627
0.0829592
0.961705
0.892214
0.829118
0.771749
0.719514
0.671884
0.62839
0.588612
0.552175
0.518745
0.488022
0.459738
0.433653
0.40955
0.387235
0.366534
0.347289
0.32936
0.312618
0.296952
0.28226
0.268454
0.255457
0.243202
0.231634
0.220708
0.210387
0.200642
0.191451
0.182799
0.17467
0.167053
0.159936
0.153306
0.147149
0.141449
0.136187
0.131342
0.126893
0.122815
0.119085
0.115679
0.112574
0.109747
0.107175
0.104838
0.102716
0.100791
0.0990447
0.0974623
0.0960289
0.0947313
0.0935572
0.0924954
0.0915356
0.0906686
0.0898858
0.0891794
0.0885424
0.0879683
0.0874512
0.0869857
0.086567
0.0861905
0.0858523
0.0855486
0.085276
0.0850315
0.0848123
0.0846158
0.0844398
0.0842821
0.0841408
0.0840142
0.0839007
0.083799
0.0837078
0.0836259
0.0835524
0.0834862
0.0834266
0.0833729
0.0833244
0.0832805
0.0832407
0.0832046
0.0831718
0.0831419
0.0831147
0.0830899
0.0830673
0.0830469
0.0830284
0.0830119
0.0829973
0.0829847
0.0829742
0.0829659
0.0829599
0.0829565
0.961705
0.892213
0.829116
0.771745
0.719508
0.671877
0.628381
0.588601
0.552163
0.518731
0.488007
0.459722
0.433636
0.409531
0.387215
0.366512
0.347266
0.329334
0.31259
0.296921
0.282226
0.268417
0.255416
0.243157
0.231585
0.220655
0.210329
0.200581
0.191387
0.182731
0.1746
0.166981
0.159864
0.153234
0.147078
0.141379
0.136119
0.131276
0.126829
0.122754
0.119027
0.115624
0.112522
0.109698
0.10713
0.104796
0.102677
0.100754
0.0990104
0.0974305
0.0959995
0.0947041
0.0935321
0.0924722
0.0915142
0.0906488
0.0898676
0.0891626
0.0885269
0.0879539
0.0874379
0.0869735
0.0865557
0.0861801
0.0858426
0.0855396
0.0852677
0.0850238
0.0848051
0.0846092
0.0844335
0.0842762
0.0841353
0.084009
0.0838958
0.0837944
0.0837034
0.0836217
0.0835484
0.0834824
0.083423
0.0833694
0.0833209
0.0832771
0.0832374
0.0832014
0.0831686
0.0831388
0.0831116
0.0830869
0.0830644
0.083044
0.0830255
0.0830091
0.0829945
0.082982
0.0829715
0.0829633
0.0829574
0.082954
0.961705
0.892212
0.829113
0.771741
0.719502
0.67187
0.628373
0.588592
0.552153
0.51872
0.487995
0.459709
0.433622
0.409516
0.387199
0.366495
0.347247
0.329314
0.312568
0.296897
0.2822
0.268388
0.255384
0.243122
0.231547
0.220613
0.210284
0.200532
0.191336
0.182678
0.174545
0.166925
0.159806
0.153177
0.147021
0.141323
0.136064
0.131223
0.126778
0.122705
0.11898
0.11558
0.11248
0.109659
0.107093
0.104761
0.102645
0.100724
0.098983
0.0974051
0.095976
0.0946823
0.0935119
0.0924536
0.091497
0.0906329
0.0898528
0.089149
0.0885143
0.0879423
0.0874271
0.0869634
0.0865464
0.0861715
0.0858346
0.0855322
0.0852608
0.0850173
0.0847991
0.0846035
0.0844282
0.0842712
0.0841305
0.0840045
0.0838916
0.0837904
0.0836996
0.0836181
0.0835448
0.083479
0.0834197
0.0833662
0.0833178
0.0832741
0.0832345
0.0831985
0.0831658
0.083136
0.0831089
0.0830842
0.0830617
0.0830414
0.083023
0.0830066
0.0829921
0.0829796
0.0829692
0.082961
0.0829552
0.0829519
0.961705
0.892211
0.829111
0.771737
0.719498
0.671864
0.628366
0.588585
0.552145
0.518712
0.487986
0.4597
0.433611
0.409506
0.387188
0.366483
0.347234
0.329299
0.312552
0.29688
0.282181
0.268367
0.255361
0.243096
0.231519
0.220583
0.210252
0.200498
0.191299
0.182639
0.174505
0.166884
0.159765
0.153135
0.14698
0.141283
0.136025
0.131185
0.126741
0.122669
0.118946
0.115547
0.112449
0.10963
0.107066
0.104736
0.102621
0.100702
0.0989628
0.0973864
0.0959587
0.0946663
0.093497
0.0924397
0.0914842
0.090621
0.0898418
0.0891387
0.0885047
0.0879334
0.0874189
0.0869558
0.0865392
0.0861647
0.0858283
0.0855263
0.0852553
0.0850122
0.0847942
0.0845989
0.0844239
0.0842671
0.0841266
0.0840008
0.0838881
0.083787
0.0836963
0.0836149
0.0835418
0.0834761
0.0834169
0.0833635
0.0833152
0.0832716
0.083232
0.0831961
0.0831634
0.0831337
0.0831066
0.083082
0.0830595
0.0830392
0.0830209
0.0830045
0.0829901
0.0829777
0.0829674
0.0829592
0.0829534
0.0829502
0.961705
0.89221
0.829109
0.771735
0.719495
0.671861
0.628363
0.588581
0.55214
0.518707
0.487981
0.459694
0.433606
0.4095
0.387181
0.366476
0.347226
0.329291
0.312543
0.29687
0.282169
0.268354
0.255347
0.243081
0.231502
0.220564
0.210232
0.200477
0.191277
0.182616
0.174481
0.166859
0.15974
0.15311
0.146955
0.141259
0.136001
0.131162
0.126718
0.122647
0.118924
0.115526
0.11243
0.109611
0.107048
0.10472
0.102607
0.100689
0.0989503
0.0973748
0.0959479
0.0946562
0.0934876
0.092431
0.091476
0.0906133
0.0898346
0.0891319
0.0884984
0.0879274
0.0874132
0.0869505
0.0865342
0.08616
0.0858239
0.0855221
0.0852513
0.0850084
0.0847906
0.0845954
0.0844206
0.084264
0.0841236
0.0839979
0.0838853
0.0837844
0.0836938
0.0836125
0.0835395
0.0834738
0.0834147
0.0833613
0.0833132
0.0832696
0.0832301
0.0831942
0.0831616
0.0831319
0.0831049
0.0830803
0.0830579
0.0830376
0.0830194
0.0830031
0.0829887
0.0829764
0.0829661
0.082958
0.0829523
0.0829491
)
;

boundaryField
{
    inlet
    {
        type            fixedValue;
        value           uniform 1;
    }
    outlet
    {
        type            inletOutlet;
        inletValue      uniform 1;
        value           nonuniform List<scalar> 
100
(
0.082989
0.0829892
0.0829895
0.08299
0.0829906
0.0829914
0.0829922
0.0829931
0.0829941
0.082995
0.082996
0.082997
0.0829979
0.0829988
0.0829996
0.0830004
0.083001
0.0830016
0.0830021
0.0830025
0.0830028
0.083003
0.0830031
0.0830031
0.083003
0.0830028
0.0830026
0.0830022
0.0830018
0.0830014
0.0830009
0.0830003
0.0829997
0.0829991
0.0829985
0.0829978
0.0829972
0.0829965
0.0829959
0.0829952
0.0829946
0.082994
0.0829935
0.082993
0.0829925
0.0829921
0.0829917
0.0829914
0.0829912
0.082991
0.0829909
0.0829908
0.0829908
0.0829909
0.082991
0.0829912
0.0829914
0.0829917
0.082992
0.0829923
0.0829927
0.082993
0.0829934
0.0829938
0.0829942
0.0829945
0.0829948
0.0829951
0.0829954
0.0829956
0.0829957
0.0829957
0.0829957
0.0829956
0.0829953
0.0829949
0.0829944
0.0829938
0.082993
0.0829921
0.082991
0.0829898
0.0829884
0.0829868
0.082985
0.0829831
0.0829809
0.0829786
0.0829762
0.0829735
0.0829708
0.0829679
0.082965
0.0829621
0.0829592
0.0829565
0.082954
0.0829519
0.0829502
0.0829491
)
;
    }
    ground
    {
        type            empty;
    }
    top
    {
        type            empty;
    }
    front
    {
        type            inletOutlet;
        inletValue      uniform 1;
        value           nonuniform List<scalar> 
100
(
0.961705
0.89221
0.829109
0.771735
0.719495
0.671861
0.628362
0.588581
0.55214
0.518707
0.487981
0.459694
0.433605
0.409499
0.38718
0.366475
0.347225
0.32929
0.312542
0.296868
0.282168
0.268352
0.255344
0.243079
0.231499
0.220561
0.210229
0.200473
0.191273
0.182613
0.174477
0.166856
0.159737
0.153108
0.146954
0.141258
0.136001
0.131163
0.12672
0.12265
0.118929
0.115532
0.112437
0.109621
0.10706
0.104733
0.102621
0.100706
0.0989689
0.0973952
0.09597
0.0946802
0.0935133
0.0924584
0.091505
0.090644
0.0898667
0.0891656
0.0885334
0.0879637
0.0874508
0.0869891
0.0865739
0.0862007
0.0858655
0.0855645
0.0852945
0.0850523
0.0848351
0.0846405
0.0844661
0.0843099
0.0841699
0.0840445
0.0839321
0.0838314
0.083741
0.0836598
0.0835868
0.0835212
0.083462
0.0834087
0.0833604
0.0833167
0.0832771
0.083241
0.0832082
0.0831783
0.083151
0.083126
0.0831033
0.0830825
0.0830637
0.0830469
0.0830319
0.0830188
0.0830078
0.082999
0.0829927
0.082989
)
;
    }
    back
    {
        type            inletOutlet;
        inletValue      uniform 1;
        value           nonuniform List<scalar> 
100
(
0.961705
0.89221
0.829109
0.771735
0.719495
0.671861
0.628363
0.588581
0.55214
0.518707
0.487981
0.459694
0.433606
0.4095
0.387181
0.366476
0.347226
0.329291
0.312543
0.29687
0.282169
0.268354
0.255347
0.243081
0.231502
0.220564
0.210232
0.200477
0.191277
0.182616
0.174481
0.166859
0.15974
0.15311
0.146955
0.141259
0.136001
0.131162
0.126718
0.122647
0.118924
0.115526
0.11243
0.109611
0.107048
0.10472
0.102607
0.100689
0.0989503
0.0973748
0.0959479
0.0946562
0.0934876
0.092431
0.091476
0.0906133
0.0898346
0.0891319
0.0884984
0.0879274
0.0874132
0.0869505
0.0865342
0.08616
0.0858239
0.0855221
0.0852513
0.0850084
0.0847906
0.0845954
0.0844206
0.084264
0.0841236
0.0839979
0.0838853
0.0837844
0.0836938
0.0836125
0.0835395
0.0834738
0.0834147
0.0833613
0.0833132
0.0832696
0.0832301
0.0831942
0.0831616
0.0831319
0.0831049
0.0830803
0.0830579
0.0830376
0.0830194
0.0830031
0.0829887
0.0829764
0.0829661
0.082958
0.0829523
0.0829491
)
;
    }
}


// ************************************************************************* //
