/*--------------------------------*- C++ -*----------------------------------*\
  =========                 |
  \\      /  F ield         | OpenFOAM: The Open Source CFD Toolbox
   \\    /   O peration     | Website:  https://openfoam.org
    \\  /    A nd           | Version:  11
     \\/     M anipulation  |
\*---------------------------------------------------------------------------*/
FoamFile
{
    format      ascii;
    class       volScalarField;
    location    "720";
    object      omega;
}
// * * * * * * * * * * * * * * * * * * * * * * * * * * * * * * * * * * * * * //

dimensions      [0 0 -1 0 0 0 0];

internalField   nonuniform List<scalar> 
10000
(
0.961692
0.892185
0.829085
0.771728
0.719523
0.671944
0.628523
0.588843
0.552532
0.519258
0.488725
0.460668
0.43485
0.411061
0.389111
0.368829
0.350064
0.332678
0.316548
0.301565
0.287628
0.274648
0.262544
0.251242
0.240677
0.230788
0.221521
0.212827
0.204662
0.196984
0.189757
0.182947
0.176523
0.170457
0.164723
0.159298
0.15416
0.14929
0.14467
0.140282
0.136112
0.132144
0.128367
0.124769
0.121337
0.118062
0.114934
0.111945
0.109086
0.106349
0.103728
0.101216
0.0988073
0.0964954
0.0942754
0.0921422
0.0900912
0.0881182
0.0862189
0.0843897
0.0826269
0.0809272
0.0792874
0.0777045
0.0761759
0.0746987
0.0732707
0.0718893
0.0705525
0.0692581
0.0680042
0.0667887
0.0656101
0.0644666
0.0633566
0.0622785
0.061231
0.0602125
0.059222
0.0582579
0.0573194
0.0564051
0.0555141
0.0546454
0.0537982
0.0529718
0.0521656
0.0513793
0.0506128
0.0498664
0.049141
0.0484382
0.0477607
0.0471127
0.0465005
0.0459333
0.0454243
0.0449926
0.0446648
0.0444784
0.961692
0.892185
0.829085
0.771728
0.719523
0.671944
0.628523
0.588843
0.552532
0.519258
0.488725
0.460668
0.43485
0.411061
0.389111
0.368829
0.350064
0.332678
0.316548
0.301565
0.287628
0.274648
0.262544
0.251242
0.240677
0.230788
0.221521
0.212827
0.204662
0.196984
0.189757
0.182947
0.176523
0.170457
0.164723
0.159298
0.15416
0.149291
0.14467
0.140282
0.136112
0.132145
0.128368
0.124769
0.121337
0.118062
0.114934
0.111945
0.109086
0.106349
0.103728
0.101216
0.0988074
0.0964956
0.0942755
0.0921423
0.0900914
0.0881183
0.0862191
0.0843899
0.0826271
0.0809274
0.0792876
0.0777047
0.0761761
0.074699
0.0732709
0.0718896
0.0705528
0.0692584
0.0680044
0.066789
0.0656104
0.0644669
0.0633569
0.0622788
0.0612313
0.0602129
0.0592223
0.0582583
0.0573198
0.0564055
0.0555145
0.0546458
0.0537987
0.0529723
0.0521661
0.0513798
0.0506133
0.0498669
0.0491415
0.0484387
0.0477613
0.0471133
0.0465011
0.0459339
0.0454249
0.0449931
0.0446654
0.0444789
0.961692
0.892185
0.829085
0.771728
0.719523
0.671944
0.628523
0.588843
0.552532
0.519258
0.488725
0.460668
0.43485
0.411061
0.389111
0.368829
0.350064
0.332678
0.316548
0.301565
0.287629
0.274648
0.262544
0.251242
0.240677
0.230788
0.221521
0.212827
0.204662
0.196984
0.189757
0.182947
0.176523
0.170457
0.164723
0.159298
0.154161
0.149291
0.14467
0.140282
0.136112
0.132145
0.128368
0.124769
0.121337
0.118062
0.114934
0.111945
0.109086
0.10635
0.103729
0.101217
0.0988077
0.0964958
0.0942758
0.0921427
0.0900917
0.0881187
0.0862195
0.0843902
0.0826275
0.0809278
0.079288
0.0777052
0.0761765
0.0746994
0.0732714
0.0718901
0.0705533
0.0692589
0.068005
0.0667896
0.065611
0.0644675
0.0633575
0.0622795
0.061232
0.0602136
0.0592231
0.0582591
0.0573205
0.0564063
0.0555153
0.0546467
0.0537995
0.0529732
0.052167
0.0513807
0.0506143
0.0498679
0.0491425
0.0484398
0.0477624
0.0471144
0.0465022
0.045935
0.045426
0.0449942
0.0446665
0.0444801
0.961692
0.892185
0.829085
0.771728
0.719523
0.671944
0.628523
0.588843
0.552532
0.519258
0.488725
0.460668
0.43485
0.411061
0.389111
0.368829
0.350064
0.332678
0.316548
0.301565
0.287629
0.274649
0.262544
0.251242
0.240677
0.230788
0.221521
0.212828
0.204662
0.196984
0.189757
0.182947
0.176523
0.170457
0.164723
0.159298
0.154161
0.149291
0.14467
0.140283
0.136112
0.132145
0.128368
0.124769
0.121337
0.118062
0.114935
0.111945
0.109086
0.10635
0.103729
0.101217
0.0988081
0.0964963
0.0942763
0.0921431
0.0900922
0.0881192
0.08622
0.0843908
0.082628
0.0809283
0.0792886
0.0777058
0.0761772
0.0747001
0.0732721
0.0718908
0.0705541
0.0692597
0.0680058
0.0667905
0.0656119
0.0644684
0.0633585
0.0622805
0.061233
0.0602146
0.0592241
0.0582602
0.0573217
0.0564075
0.0555165
0.054648
0.0538009
0.0529745
0.0521684
0.0513822
0.0506157
0.0498694
0.0491441
0.0484414
0.047764
0.047116
0.0465038
0.0459366
0.0454276
0.0449959
0.0446681
0.0444817
0.961692
0.892185
0.829085
0.771728
0.719523
0.671944
0.628523
0.588843
0.552532
0.519258
0.488725
0.460668
0.434851
0.411061
0.389111
0.368829
0.350064
0.332678
0.316549
0.301565
0.287629
0.274649
0.262544
0.251242
0.240677
0.230788
0.221521
0.212828
0.204662
0.196985
0.189757
0.182947
0.176523
0.170457
0.164723
0.159299
0.154161
0.149291
0.144671
0.140283
0.136112
0.132145
0.128368
0.12477
0.121338
0.118063
0.114935
0.111946
0.109087
0.10635
0.10373
0.101218
0.0988087
0.0964968
0.0942768
0.0921437
0.0900928
0.0881198
0.0862207
0.0843915
0.0826288
0.0809291
0.0792894
0.0777066
0.0761781
0.074701
0.073273
0.0718918
0.0705551
0.0692607
0.0680069
0.0667916
0.0656131
0.0644696
0.0633597
0.0622817
0.0612343
0.060216
0.0592255
0.0582617
0.0573232
0.056409
0.0555182
0.0546496
0.0538026
0.0529763
0.0521702
0.051384
0.0506176
0.0498714
0.0491461
0.0484434
0.047766
0.0471181
0.046506
0.0459388
0.0454298
0.044998
0.0446703
0.0444838
0.961692
0.892185
0.829085
0.771728
0.719523
0.671944
0.628523
0.588843
0.552532
0.519258
0.488725
0.460668
0.434851
0.411061
0.389111
0.368829
0.350064
0.332678
0.316549
0.301565
0.287629
0.274649
0.262544
0.251243
0.240677
0.230788
0.221522
0.212828
0.204662
0.196985
0.189758
0.182947
0.176523
0.170457
0.164724
0.159299
0.154161
0.149291
0.144671
0.140283
0.136113
0.132146
0.128369
0.12477
0.121338
0.118063
0.114936
0.111946
0.109087
0.106351
0.10373
0.101218
0.0988093
0.0964975
0.0942775
0.0921445
0.0900936
0.0881206
0.0862215
0.0843924
0.0826297
0.0809301
0.0792904
0.0777077
0.0761791
0.0747021
0.0732742
0.071893
0.0705563
0.069262
0.0680082
0.0667929
0.0656145
0.0644711
0.0633612
0.0622833
0.0612359
0.0602177
0.0592273
0.0582634
0.057325
0.0564109
0.0555201
0.0546516
0.0538047
0.0529785
0.0521725
0.0513863
0.05062
0.0498738
0.0491486
0.0484459
0.0477686
0.0471207
0.0465086
0.0459414
0.0454324
0.0450007
0.0446729
0.0444865
0.961692
0.892185
0.829084
0.771728
0.719523
0.671944
0.628523
0.588843
0.552532
0.519258
0.488725
0.460668
0.434851
0.411061
0.389111
0.368829
0.350064
0.332678
0.316549
0.301566
0.287629
0.274649
0.262544
0.251243
0.240677
0.230788
0.221522
0.212828
0.204663
0.196985
0.189758
0.182948
0.176524
0.170458
0.164724
0.159299
0.154162
0.149292
0.144671
0.140284
0.136113
0.132146
0.128369
0.12477
0.121339
0.118064
0.114936
0.111947
0.109088
0.106352
0.103731
0.101219
0.0988101
0.0964983
0.0942784
0.0921453
0.0900945
0.0881216
0.0862225
0.0843934
0.0826307
0.0809312
0.0792915
0.0777088
0.0761803
0.0747034
0.0732755
0.0718943
0.0705577
0.0692635
0.0680097
0.0667945
0.0656161
0.0644728
0.063363
0.0622851
0.0612378
0.0602196
0.0592293
0.0582655
0.0573272
0.0564132
0.0555224
0.054654
0.0538071
0.052981
0.0521751
0.051389
0.0506227
0.0498766
0.0491514
0.0484489
0.0477716
0.0471238
0.0465117
0.0459445
0.0454356
0.0450038
0.044676
0.0444896
0.961692
0.892185
0.829084
0.771728
0.719523
0.671944
0.628523
0.588843
0.552532
0.519258
0.488725
0.460668
0.434851
0.411061
0.389111
0.368829
0.350064
0.332678
0.316549
0.301566
0.287629
0.274649
0.262545
0.251243
0.240677
0.230789
0.221522
0.212828
0.204663
0.196985
0.189758
0.182948
0.176524
0.170458
0.164724
0.159299
0.154162
0.149292
0.144672
0.140284
0.136114
0.132147
0.12837
0.124771
0.121339
0.118064
0.114937
0.111948
0.109089
0.106352
0.103732
0.10122
0.0988109
0.0964992
0.0942793
0.0921463
0.0900955
0.0881226
0.0862236
0.0843945
0.0826319
0.0809324
0.0792928
0.0777102
0.0761817
0.0747048
0.073277
0.0718959
0.0705593
0.0692652
0.0680115
0.0667963
0.065618
0.0644747
0.063365
0.0622872
0.06124
0.0602219
0.0592316
0.0582679
0.0573297
0.0564157
0.055525
0.0546567
0.0538099
0.0529839
0.052178
0.051392
0.0506259
0.0498798
0.0491547
0.0484522
0.047775
0.0471272
0.0465152
0.045948
0.0454391
0.0450074
0.0446796
0.0444931
0.961692
0.892185
0.829084
0.771728
0.719523
0.671944
0.628523
0.588843
0.552532
0.519258
0.488725
0.460668
0.434851
0.411062
0.389111
0.368829
0.350064
0.332678
0.316549
0.301566
0.287629
0.274649
0.262545
0.251243
0.240678
0.230789
0.221522
0.212828
0.204663
0.196985
0.189758
0.182948
0.176524
0.170458
0.164725
0.1593
0.154162
0.149293
0.144672
0.140284
0.136114
0.132147
0.12837
0.124772
0.12134
0.118065
0.114938
0.111948
0.10909
0.106353
0.103732
0.101221
0.0988119
0.0965002
0.0942804
0.0921474
0.0900967
0.0881238
0.0862248
0.0843958
0.0826333
0.0809338
0.0792943
0.0777117
0.0761833
0.0747065
0.0732787
0.0718976
0.0705611
0.069267
0.0680134
0.0667983
0.06562
0.0644769
0.0633672
0.0622895
0.0612423
0.0602243
0.0592341
0.0582705
0.0573324
0.0564185
0.055528
0.0546597
0.053813
0.052987
0.0521813
0.0513954
0.0506293
0.0498834
0.0491584
0.0484559
0.0477788
0.0471311
0.0465191
0.045952
0.045443
0.0450113
0.0446835
0.0444971
0.961692
0.892185
0.829084
0.771728
0.719523
0.671944
0.628523
0.588843
0.552532
0.519258
0.488725
0.460668
0.434851
0.411062
0.389111
0.368829
0.350064
0.332678
0.316549
0.301566
0.287629
0.274649
0.262545
0.251243
0.240678
0.230789
0.221522
0.212829
0.204663
0.196986
0.189759
0.182948
0.176524
0.170459
0.164725
0.1593
0.154163
0.149293
0.144673
0.140285
0.136115
0.132148
0.128371
0.124772
0.121341
0.118066
0.114938
0.111949
0.10909
0.106354
0.103733
0.101222
0.0988129
0.0965013
0.0942815
0.0921486
0.0900979
0.0881251
0.0862262
0.0843972
0.0826347
0.0809353
0.0792958
0.0777133
0.076185
0.0747082
0.0732805
0.0718995
0.0705631
0.0692691
0.0680155
0.0668005
0.0656223
0.0644792
0.0633696
0.062292
0.0612449
0.060227
0.0592369
0.0582734
0.0573354
0.0564216
0.0555311
0.054663
0.0538164
0.0529905
0.0521849
0.0513991
0.0506331
0.0498873
0.0491623
0.04846
0.0477829
0.0471353
0.0465233
0.0459562
0.0454474
0.0450156
0.0446879
0.0445014
0.961692
0.892184
0.829084
0.771728
0.719523
0.671944
0.628523
0.588843
0.552532
0.519258
0.488725
0.460668
0.434851
0.411062
0.389111
0.368829
0.350064
0.332678
0.316549
0.301566
0.287629
0.274649
0.262545
0.251243
0.240678
0.230789
0.221523
0.212829
0.204664
0.196986
0.189759
0.182949
0.176525
0.170459
0.164725
0.159301
0.154163
0.149294
0.144673
0.140286
0.136115
0.132148
0.128372
0.124773
0.121341
0.118067
0.114939
0.11195
0.109091
0.106355
0.103734
0.101223
0.0988141
0.0965025
0.0942827
0.0921499
0.0900992
0.0881265
0.0862276
0.0843987
0.0826363
0.0809369
0.0792975
0.0777151
0.0761868
0.0747101
0.0732825
0.0719016
0.0705652
0.0692713
0.0680178
0.0668029
0.0656247
0.0644817
0.0633722
0.0622947
0.0612477
0.0602299
0.0592399
0.0582765
0.0573385
0.0564249
0.0555345
0.0546665
0.05382
0.0529943
0.0521887
0.0514031
0.0506372
0.0498914
0.0491666
0.0484644
0.0477874
0.0471398
0.0465279
0.0459609
0.045452
0.0450203
0.0446925
0.044506
0.961692
0.892184
0.829084
0.771728
0.719523
0.671944
0.628523
0.588843
0.552532
0.519258
0.488725
0.460668
0.434851
0.411062
0.389111
0.368829
0.350064
0.332678
0.316549
0.301566
0.287629
0.274649
0.262545
0.251243
0.240678
0.230789
0.221523
0.212829
0.204664
0.196986
0.189759
0.182949
0.176525
0.170459
0.164726
0.159301
0.154164
0.149294
0.144674
0.140286
0.136116
0.132149
0.128372
0.124774
0.121342
0.118068
0.11494
0.111951
0.109092
0.106356
0.103736
0.101224
0.0988152
0.0965037
0.094284
0.0921512
0.0901006
0.088128
0.0862291
0.0844003
0.0826379
0.0809387
0.0792993
0.0777169
0.0761888
0.0747121
0.0732846
0.0719037
0.0705674
0.0692736
0.0680202
0.0668054
0.0656273
0.0644844
0.063375
0.0622976
0.0612507
0.060233
0.0592431
0.0582798
0.0573419
0.0564284
0.0555382
0.0546703
0.0538239
0.0529982
0.0521928
0.0514073
0.0506415
0.0498959
0.0491712
0.048469
0.0477921
0.0471446
0.0465328
0.0459658
0.045457
0.0450253
0.0446975
0.044511
0.961692
0.892184
0.829084
0.771727
0.719523
0.671944
0.628523
0.588843
0.552532
0.519258
0.488725
0.460668
0.434851
0.411062
0.389111
0.368829
0.350064
0.332678
0.316549
0.301566
0.287629
0.27465
0.262545
0.251244
0.240678
0.23079
0.221523
0.212829
0.204664
0.196987
0.18976
0.18295
0.176526
0.17046
0.164726
0.159302
0.154164
0.149295
0.144674
0.140287
0.136117
0.13215
0.128373
0.124775
0.121343
0.118068
0.114941
0.111952
0.109093
0.106357
0.103737
0.101225
0.0988165
0.096505
0.0942854
0.0921526
0.0901021
0.0881295
0.0862308
0.084402
0.0826397
0.0809405
0.0793012
0.0777189
0.0761908
0.0747142
0.0732868
0.071906
0.0705698
0.069276
0.0680227
0.066808
0.06563
0.0644872
0.0633779
0.0623006
0.0612538
0.0602362
0.0592464
0.0582833
0.0573455
0.0564321
0.055542
0.0546742
0.0538279
0.0530024
0.0521972
0.0514117
0.0506461
0.0499005
0.049176
0.0484739
0.0477971
0.0471497
0.0465379
0.045971
0.0454622
0.0450306
0.0447028
0.0445162
0.961692
0.892184
0.829084
0.771727
0.719523
0.671944
0.628523
0.588843
0.552532
0.519258
0.488725
0.460668
0.434851
0.411062
0.389111
0.368829
0.350064
0.332678
0.316549
0.301566
0.28763
0.27465
0.262545
0.251244
0.240679
0.23079
0.221523
0.21283
0.204664
0.196987
0.18976
0.18295
0.176526
0.17046
0.164727
0.159302
0.154165
0.149295
0.144675
0.140288
0.136117
0.132151
0.128374
0.124775
0.121344
0.118069
0.114942
0.111953
0.109094
0.106358
0.103738
0.101226
0.0988178
0.0965064
0.0942868
0.0921541
0.0901037
0.0881311
0.0862324
0.0844037
0.0826415
0.0809424
0.0793032
0.0777209
0.0761929
0.0747164
0.073289
0.0719084
0.0705723
0.0692786
0.0680254
0.0668107
0.0656329
0.0644902
0.063381
0.0623038
0.0612571
0.0602396
0.0592499
0.0582869
0.0573492
0.0564359
0.0555459
0.0546783
0.0538322
0.0530068
0.0522016
0.0514164
0.0506508
0.0499054
0.0491809
0.048479
0.0478023
0.047155
0.0465433
0.0459764
0.0454677
0.0450361
0.0447083
0.0445217
0.961692
0.892184
0.829084
0.771727
0.719523
0.671944
0.628523
0.588843
0.552532
0.519258
0.488725
0.460668
0.434851
0.411062
0.389111
0.36883
0.350064
0.332678
0.316549
0.301566
0.28763
0.27465
0.262546
0.251244
0.240679
0.23079
0.221523
0.21283
0.204665
0.196987
0.18976
0.18295
0.176526
0.170461
0.164727
0.159303
0.154166
0.149296
0.144676
0.140288
0.136118
0.132151
0.128375
0.124776
0.121345
0.11807
0.114943
0.111954
0.109096
0.10636
0.103739
0.101228
0.0988191
0.0965078
0.0942883
0.0921557
0.0901053
0.0881328
0.0862342
0.0844056
0.0826434
0.0809443
0.0793052
0.0777231
0.0761951
0.0747187
0.0732914
0.0719108
0.0705748
0.0692812
0.0680281
0.0668135
0.0656358
0.0644932
0.0633841
0.062307
0.0612604
0.060243
0.0592535
0.0582906
0.0573531
0.0564399
0.05555
0.0546825
0.0538365
0.0530113
0.0522063
0.0514211
0.0506558
0.0499105
0.0491861
0.0484843
0.0478077
0.0471605
0.0465489
0.0459821
0.0454734
0.0450418
0.044714
0.0445274
0.961692
0.892184
0.829084
0.771727
0.719523
0.671944
0.628523
0.588843
0.552532
0.519258
0.488725
0.460668
0.434851
0.411062
0.389111
0.36883
0.350064
0.332679
0.316549
0.301566
0.28763
0.27465
0.262546
0.251244
0.240679
0.23079
0.221524
0.21283
0.204665
0.196988
0.189761
0.182951
0.176527
0.170461
0.164728
0.159303
0.154166
0.149297
0.144676
0.140289
0.136119
0.132152
0.128376
0.124777
0.121346
0.118071
0.114944
0.111955
0.109097
0.106361
0.10374
0.101229
0.0988205
0.0965092
0.0942898
0.0921572
0.0901069
0.0881345
0.0862359
0.0844074
0.0826453
0.0809463
0.0793073
0.0777252
0.0761974
0.0747211
0.0732938
0.0719134
0.0705774
0.0692839
0.0680309
0.0668165
0.0656388
0.0644963
0.0633873
0.0623103
0.0612639
0.0602466
0.0592572
0.0582944
0.057357
0.056444
0.0555543
0.0546869
0.053841
0.0530159
0.0522111
0.0514261
0.0506608
0.0499157
0.0491914
0.0484898
0.0478133
0.0471662
0.0465546
0.0459879
0.0454792
0.0450477
0.0447199
0.0445333
0.961692
0.892184
0.829084
0.771727
0.719523
0.671944
0.628523
0.588843
0.552532
0.519258
0.488725
0.460668
0.434851
0.411062
0.389111
0.36883
0.350064
0.332679
0.31655
0.301566
0.28763
0.27465
0.262546
0.251244
0.240679
0.23079
0.221524
0.212831
0.204665
0.196988
0.189761
0.182951
0.176527
0.170462
0.164728
0.159304
0.154167
0.149297
0.144677
0.14029
0.13612
0.132153
0.128376
0.124778
0.121347
0.118072
0.114945
0.111956
0.109098
0.106362
0.103742
0.10123
0.0988219
0.0965107
0.0942913
0.0921588
0.0901086
0.0881363
0.0862378
0.0844093
0.0826473
0.0809484
0.0793094
0.0777274
0.0761997
0.0747234
0.0732963
0.0719159
0.0705801
0.0692867
0.0680338
0.0668194
0.0656419
0.0644995
0.0633906
0.0623138
0.0612674
0.0602503
0.059261
0.0582983
0.0573611
0.0564482
0.0555586
0.0546913
0.0538456
0.0530207
0.052216
0.0514311
0.050666
0.049921
0.0491969
0.0484953
0.047819
0.0471719
0.0465605
0.0459939
0.0454853
0.0450537
0.0447259
0.0445393
0.961692
0.892184
0.829084
0.771727
0.719523
0.671944
0.628523
0.588843
0.552532
0.519258
0.488725
0.460668
0.434851
0.411062
0.389111
0.36883
0.350064
0.332679
0.31655
0.301567
0.28763
0.27465
0.262546
0.251245
0.240679
0.230791
0.221524
0.212831
0.204666
0.196988
0.189761
0.182952
0.176528
0.170462
0.164729
0.159304
0.154167
0.149298
0.144678
0.14029
0.13612
0.132154
0.128377
0.124779
0.121348
0.118073
0.114946
0.111957
0.109099
0.106363
0.103743
0.101232
0.0988234
0.0965122
0.0942929
0.0921605
0.0901103
0.088138
0.0862396
0.0844112
0.0826493
0.0809505
0.0793116
0.0777297
0.076202
0.0747259
0.0732988
0.0719185
0.0705828
0.0692895
0.0680367
0.0668224
0.065645
0.0645027
0.063394
0.0623172
0.061271
0.060254
0.0592648
0.0583023
0.0573652
0.0564524
0.055563
0.0546959
0.0538503
0.0530255
0.0522209
0.0514362
0.0506712
0.0499264
0.0492024
0.048501
0.0478248
0.0471778
0.0465665
0.0459999
0.0454914
0.0450598
0.0447321
0.0445455
0.961692
0.892184
0.829084
0.771727
0.719523
0.671944
0.628523
0.588843
0.552532
0.519258
0.488725
0.460668
0.434851
0.411062
0.389111
0.36883
0.350064
0.332679
0.31655
0.301567
0.28763
0.27465
0.262546
0.251245
0.24068
0.230791
0.221524
0.212831
0.204666
0.196989
0.189762
0.182952
0.176528
0.170463
0.164729
0.159305
0.154168
0.149298
0.144678
0.140291
0.136121
0.132155
0.128378
0.12478
0.121349
0.118074
0.114947
0.111959
0.1091
0.106364
0.103744
0.101233
0.0988248
0.0965137
0.0942945
0.0921621
0.090112
0.0881398
0.0862415
0.0844132
0.0826513
0.0809526
0.0793138
0.077732
0.0762044
0.0747283
0.0733014
0.0719212
0.0705855
0.0692923
0.0680396
0.0668255
0.0656482
0.064506
0.0633974
0.0623207
0.0612746
0.0602577
0.0592687
0.0583063
0.0573693
0.0564567
0.0555674
0.0547004
0.053855
0.0530304
0.0522259
0.0514414
0.0506766
0.0499318
0.049208
0.0485067
0.0478306
0.0471838
0.0465726
0.0460061
0.0454976
0.0450661
0.0447383
0.0445517
0.961692
0.892184
0.829084
0.771727
0.719523
0.671944
0.628523
0.588843
0.552532
0.519258
0.488725
0.460668
0.434851
0.411062
0.389111
0.36883
0.350064
0.332679
0.31655
0.301567
0.28763
0.27465
0.262546
0.251245
0.24068
0.230791
0.221525
0.212831
0.204666
0.196989
0.189762
0.182952
0.176529
0.170463
0.16473
0.159305
0.154168
0.149299
0.144679
0.140292
0.136122
0.132155
0.128379
0.124781
0.12135
0.118075
0.114948
0.11196
0.109101
0.106366
0.103746
0.101234
0.0988262
0.0965152
0.094296
0.0921638
0.0901137
0.0881416
0.0862434
0.0844151
0.0826534
0.0809547
0.079316
0.0777343
0.0762067
0.0747308
0.0733039
0.0719238
0.0705883
0.0692952
0.0680426
0.0668285
0.0656514
0.0645093
0.0634008
0.0623242
0.0612783
0.0602615
0.0592726
0.0583103
0.0573735
0.056461
0.0555718
0.054705
0.0538598
0.0530353
0.052231
0.0514466
0.0506819
0.0499373
0.0492137
0.0485125
0.0478365
0.0471898
0.0465787
0.0460123
0.0455038
0.0450724
0.0447446
0.044558
0.961692
0.892184
0.829084
0.771727
0.719522
0.671944
0.628523
0.588843
0.552532
0.519258
0.488725
0.460668
0.434851
0.411062
0.389111
0.36883
0.350064
0.332679
0.31655
0.301567
0.28763
0.274651
0.262547
0.251245
0.24068
0.230791
0.221525
0.212832
0.204667
0.196989
0.189763
0.182953
0.176529
0.170464
0.16473
0.159306
0.154169
0.1493
0.14468
0.140293
0.136123
0.132156
0.12838
0.124782
0.121351
0.118076
0.114949
0.111961
0.109103
0.106367
0.103747
0.101236
0.0988277
0.0965167
0.0942976
0.0921654
0.0901155
0.0881434
0.0862452
0.0844171
0.0826554
0.0809568
0.0793182
0.0777365
0.0762091
0.0747333
0.0733065
0.0719265
0.070591
0.069298
0.0680455
0.0668316
0.0656545
0.0645126
0.0634042
0.0623278
0.0612819
0.0602653
0.0592765
0.0583144
0.0573777
0.0564653
0.0555763
0.0547096
0.0538645
0.0530402
0.052236
0.0514518
0.0506873
0.0499429
0.0492193
0.0485183
0.0478425
0.0471959
0.0465848
0.0460185
0.0455101
0.0450787
0.044751
0.0445643
0.961692
0.892184
0.829084
0.771727
0.719522
0.671944
0.628523
0.588843
0.552532
0.519258
0.488725
0.460668
0.434851
0.411062
0.389111
0.36883
0.350065
0.332679
0.31655
0.301567
0.28763
0.274651
0.262547
0.251245
0.24068
0.230792
0.221525
0.212832
0.204667
0.19699
0.189763
0.182953
0.17653
0.170464
0.164731
0.159307
0.15417
0.1493
0.14468
0.140293
0.136123
0.132157
0.128381
0.124783
0.121352
0.118077
0.114951
0.111962
0.109104
0.106368
0.103748
0.101237
0.0988291
0.0965182
0.0942992
0.0921671
0.0901172
0.0881452
0.0862471
0.084419
0.0826574
0.0809589
0.0793204
0.0777388
0.0762115
0.0747357
0.073309
0.0719291
0.0705938
0.0693009
0.0680485
0.0668347
0.0656577
0.0645159
0.0634076
0.0623313
0.0612856
0.060269
0.0592804
0.0583184
0.0573818
0.0564696
0.0555807
0.0547142
0.0538693
0.0530451
0.0522411
0.051457
0.0506926
0.0499484
0.049225
0.0485241
0.0478484
0.0472019
0.046591
0.0460247
0.0455164
0.045085
0.0447573
0.0445706
0.961692
0.892184
0.829084
0.771727
0.719522
0.671944
0.628523
0.588843
0.552532
0.519258
0.488725
0.460668
0.434851
0.411062
0.389111
0.36883
0.350065
0.332679
0.31655
0.301567
0.287631
0.274651
0.262547
0.251245
0.24068
0.230792
0.221525
0.212832
0.204667
0.19699
0.189763
0.182954
0.17653
0.170464
0.164731
0.159307
0.15417
0.149301
0.144681
0.140294
0.136124
0.132158
0.128382
0.124784
0.121353
0.118078
0.114952
0.111963
0.109105
0.106369
0.10375
0.101239
0.0988306
0.0965197
0.0943008
0.0921687
0.0901189
0.088147
0.086249
0.084421
0.0826594
0.080961
0.0793226
0.0777411
0.0762138
0.0747382
0.0733116
0.0719318
0.0705965
0.0693037
0.0680514
0.0668377
0.0656608
0.0645191
0.0634109
0.0623348
0.0612892
0.0602728
0.0592843
0.0583224
0.057386
0.0564739
0.0555852
0.0547188
0.053874
0.0530499
0.0522461
0.0514622
0.050698
0.0499538
0.0492306
0.0485299
0.0478543
0.0472079
0.0465971
0.0460309
0.0455227
0.0450913
0.0447636
0.0445769
0.961692
0.892184
0.829084
0.771727
0.719522
0.671944
0.628523
0.588843
0.552532
0.519258
0.488725
0.460668
0.434851
0.411062
0.389111
0.36883
0.350065
0.332679
0.31655
0.301567
0.287631
0.274651
0.262547
0.251245
0.24068
0.230792
0.221526
0.212832
0.204668
0.19699
0.189764
0.182954
0.17653
0.170465
0.164732
0.159308
0.154171
0.149302
0.144682
0.140295
0.136125
0.132159
0.128382
0.124784
0.121354
0.118079
0.114953
0.111964
0.109106
0.106371
0.103751
0.10124
0.098832
0.0965212
0.0943023
0.0921703
0.0901206
0.0881488
0.0862508
0.0844229
0.0826614
0.0809631
0.0793247
0.0777433
0.0762162
0.0747406
0.0733141
0.0719344
0.0705992
0.0693065
0.0680543
0.0668407
0.065664
0.0645223
0.0634143
0.0623382
0.0612928
0.0602765
0.0592881
0.0583263
0.0573901
0.0564781
0.0555895
0.0547233
0.0538786
0.0530548
0.0522511
0.0514673
0.0507032
0.0499593
0.0492362
0.0485356
0.0478601
0.0472139
0.0466032
0.0460371
0.0455289
0.0450976
0.0447699
0.0445832
0.961692
0.892184
0.829084
0.771727
0.719522
0.671944
0.628523
0.588843
0.552532
0.519258
0.488725
0.460668
0.434851
0.411062
0.389111
0.36883
0.350065
0.332679
0.31655
0.301567
0.287631
0.274651
0.262547
0.251246
0.240681
0.230792
0.221526
0.212833
0.204668
0.196991
0.189764
0.182954
0.176531
0.170465
0.164732
0.159308
0.154171
0.149302
0.144682
0.140295
0.136126
0.132159
0.128383
0.124785
0.121354
0.11808
0.114954
0.111965
0.109107
0.106372
0.103752
0.101241
0.0988334
0.0965227
0.0943038
0.0921719
0.0901223
0.0881505
0.0862526
0.0844248
0.0826634
0.0809651
0.0793268
0.0777455
0.0762185
0.074743
0.0733166
0.0719369
0.0706019
0.0693093
0.0680572
0.0668437
0.065667
0.0645255
0.0634176
0.0623416
0.0612963
0.0602801
0.0592919
0.0583302
0.0573941
0.0564823
0.0555939
0.0547278
0.0538832
0.0530595
0.052256
0.0514723
0.0507085
0.0499646
0.0492417
0.0485413
0.0478659
0.0472198
0.0466092
0.0460432
0.0455351
0.0451038
0.0447761
0.0445894
0.961692
0.892184
0.829084
0.771727
0.719522
0.671944
0.628523
0.588843
0.552532
0.519258
0.488725
0.460668
0.434851
0.411062
0.389111
0.36883
0.350065
0.332679
0.31655
0.301567
0.287631
0.274651
0.262547
0.251246
0.240681
0.230792
0.221526
0.212833
0.204668
0.196991
0.189764
0.182955
0.176531
0.170466
0.164733
0.159309
0.154172
0.149303
0.144683
0.140296
0.136126
0.13216
0.128384
0.124786
0.121355
0.118081
0.114955
0.111966
0.109108
0.106373
0.103753
0.101243
0.0988347
0.0965241
0.0943053
0.0921735
0.0901239
0.0881522
0.0862544
0.0844266
0.0826653
0.0809671
0.0793289
0.0777477
0.0762207
0.0747453
0.073319
0.0719395
0.0706045
0.069312
0.06806
0.0668466
0.06567
0.0645286
0.0634208
0.062345
0.0612998
0.0602837
0.0592956
0.0583341
0.0573981
0.0564864
0.0555981
0.0547322
0.0538878
0.0530642
0.0522608
0.0514773
0.0507136
0.0499699
0.0492471
0.0485468
0.0478716
0.0472256
0.0466151
0.0460492
0.0455411
0.0451099
0.0447822
0.0445955
0.961692
0.892184
0.829084
0.771727
0.719522
0.671944
0.628523
0.588843
0.552532
0.519258
0.488725
0.460668
0.434851
0.411062
0.389111
0.36883
0.350065
0.332679
0.31655
0.301567
0.287631
0.274651
0.262547
0.251246
0.240681
0.230793
0.221526
0.212833
0.204668
0.196991
0.189765
0.182955
0.176532
0.170466
0.164733
0.159309
0.154172
0.149303
0.144684
0.140297
0.136127
0.132161
0.128385
0.124787
0.121356
0.118082
0.114956
0.111967
0.10911
0.106374
0.103755
0.101244
0.0988361
0.0965255
0.0943068
0.092175
0.0901255
0.0881539
0.0862561
0.0844284
0.0826672
0.0809691
0.079331
0.0777498
0.0762229
0.0747476
0.0733214
0.0719419
0.0706071
0.0693146
0.0680627
0.0668494
0.065673
0.0645317
0.063424
0.0623483
0.0613031
0.0602872
0.0592992
0.0583378
0.057402
0.0564904
0.0556023
0.0547365
0.0538922
0.0530688
0.0522656
0.0514822
0.0507186
0.0499751
0.0492525
0.0485523
0.0478772
0.0472313
0.0466209
0.0460551
0.0455471
0.0451159
0.0447882
0.0446015
0.961692
0.892184
0.829084
0.771727
0.719522
0.671944
0.628523
0.588843
0.552532
0.519258
0.488725
0.460668
0.434851
0.411062
0.389111
0.36883
0.350065
0.332679
0.31655
0.301567
0.287631
0.274651
0.262547
0.251246
0.240681
0.230793
0.221527
0.212833
0.204669
0.196991
0.189765
0.182955
0.176532
0.170467
0.164734
0.15931
0.154173
0.149304
0.144684
0.140297
0.136128
0.132162
0.128386
0.124788
0.121357
0.118083
0.114957
0.111969
0.109111
0.106375
0.103756
0.101245
0.0988374
0.0965269
0.0943082
0.0921765
0.0901271
0.0881555
0.0862578
0.0844302
0.0826691
0.080971
0.079333
0.0777519
0.0762251
0.0747498
0.0733237
0.0719443
0.0706096
0.0693172
0.0680654
0.0668522
0.0656759
0.0645347
0.0634271
0.0623515
0.0613065
0.0602907
0.0593028
0.0583415
0.0574058
0.0564944
0.0556063
0.0547407
0.0538966
0.0530733
0.0522702
0.051487
0.0507235
0.0499802
0.0492577
0.0485576
0.0478827
0.0472369
0.0466266
0.0460608
0.0455529
0.0451217
0.0447941
0.0446074
0.961692
0.892184
0.829084
0.771727
0.719522
0.671944
0.628523
0.588843
0.552532
0.519258
0.488725
0.460668
0.434851
0.411062
0.389111
0.36883
0.350065
0.332679
0.31655
0.301567
0.287631
0.274651
0.262548
0.251246
0.240681
0.230793
0.221527
0.212834
0.204669
0.196992
0.189765
0.182956
0.176532
0.170467
0.164734
0.15931
0.154173
0.149304
0.144685
0.140298
0.136128
0.132162
0.128386
0.124789
0.121358
0.118084
0.114958
0.111969
0.109112
0.106376
0.103757
0.101246
0.0988387
0.0965282
0.0943096
0.092178
0.0901286
0.0881571
0.0862595
0.0844319
0.0826709
0.0809729
0.0793349
0.0777539
0.0762272
0.074752
0.073326
0.0719467
0.070612
0.0693198
0.068068
0.0668549
0.0656787
0.0645376
0.0634301
0.0623546
0.0613097
0.060294
0.0593062
0.0583451
0.0574094
0.0564982
0.0556103
0.0547448
0.0539008
0.0530776
0.0522747
0.0514916
0.0507283
0.0499851
0.0492627
0.0485628
0.047888
0.0472424
0.0466321
0.0460665
0.0455586
0.0451275
0.0447999
0.0446131
0.961692
0.892184
0.829084
0.771727
0.719522
0.671944
0.628523
0.588843
0.552532
0.519258
0.488725
0.460668
0.434851
0.411062
0.389111
0.36883
0.350065
0.332679
0.31655
0.301567
0.287631
0.274652
0.262548
0.251246
0.240681
0.230793
0.221527
0.212834
0.204669
0.196992
0.189765
0.182956
0.176533
0.170467
0.164735
0.159311
0.154174
0.149305
0.144685
0.140299
0.136129
0.132163
0.128387
0.124789
0.121359
0.118085
0.114959
0.11197
0.109113
0.106378
0.103758
0.101247
0.0988399
0.0965295
0.094311
0.0921794
0.09013
0.0881586
0.0862611
0.0844336
0.0826726
0.0809747
0.0793368
0.0777559
0.0762292
0.0747541
0.0733282
0.071949
0.0706143
0.0693222
0.0680706
0.0668576
0.0656814
0.0645404
0.063433
0.0623576
0.0613128
0.0602972
0.0593096
0.0583485
0.057413
0.0565019
0.0556141
0.0547487
0.0539049
0.0530818
0.0522791
0.0514961
0.050733
0.0499899
0.0492676
0.0485679
0.0478932
0.0472476
0.0466375
0.0460719
0.0455641
0.045133
0.0448054
0.0446187
0.961692
0.892184
0.829084
0.771727
0.719522
0.671944
0.628523
0.588843
0.552532
0.519258
0.488725
0.460668
0.434851
0.411062
0.389111
0.36883
0.350065
0.332679
0.31655
0.301568
0.287631
0.274652
0.262548
0.251246
0.240682
0.230793
0.221527
0.212834
0.204669
0.196992
0.189766
0.182956
0.176533
0.170468
0.164735
0.159311
0.154174
0.149305
0.144686
0.140299
0.13613
0.132164
0.128388
0.12479
0.12136
0.118086
0.114959
0.111971
0.109114
0.106379
0.103759
0.101249
0.0988411
0.0965307
0.0943123
0.0921807
0.0901315
0.0881601
0.0862626
0.0844352
0.0826743
0.0809764
0.0793386
0.0777578
0.0762312
0.0747562
0.0733303
0.0719512
0.0706166
0.0693246
0.068073
0.0668601
0.065684
0.0645431
0.0634358
0.0623605
0.0613158
0.0603003
0.0593128
0.0583519
0.0574165
0.0565055
0.0556178
0.0547525
0.0539088
0.0530859
0.0522833
0.0515005
0.0507375
0.0499945
0.0492724
0.0485727
0.0478982
0.0472528
0.0466427
0.0460772
0.0455695
0.0451384
0.0448108
0.0446241
0.961692
0.892184
0.829084
0.771727
0.719522
0.671944
0.628523
0.588843
0.552532
0.519258
0.488725
0.460668
0.434851
0.411062
0.389111
0.36883
0.350065
0.332679
0.31655
0.301568
0.287631
0.274652
0.262548
0.251247
0.240682
0.230793
0.221527
0.212834
0.204669
0.196992
0.189766
0.182957
0.176533
0.170468
0.164735
0.159311
0.154175
0.149306
0.144686
0.1403
0.13613
0.132164
0.128388
0.124791
0.12136
0.118087
0.11496
0.111972
0.109115
0.10638
0.10376
0.10125
0.0988422
0.0965319
0.0943135
0.092182
0.0901328
0.0881615
0.0862641
0.0844368
0.0826759
0.0809781
0.0793403
0.0777596
0.076233
0.0747581
0.0733323
0.0719533
0.0706188
0.0693268
0.0680754
0.0668625
0.0656865
0.0645457
0.0634385
0.0623633
0.0613187
0.0603034
0.0593159
0.0583551
0.0574198
0.0565089
0.0556214
0.0547562
0.0539126
0.0530899
0.0522873
0.0515047
0.0507418
0.0499989
0.049277
0.0485775
0.047903
0.0472577
0.0466478
0.0460823
0.0455746
0.0451436
0.0448161
0.0446293
0.961692
0.892184
0.829084
0.771727
0.719522
0.671944
0.628523
0.588843
0.552532
0.519258
0.488725
0.460668
0.434851
0.411062
0.389111
0.36883
0.350065
0.332679
0.31655
0.301568
0.287631
0.274652
0.262548
0.251247
0.240682
0.230793
0.221527
0.212834
0.20467
0.196993
0.189766
0.182957
0.176534
0.170468
0.164736
0.159312
0.154175
0.149306
0.144687
0.1403
0.136131
0.132165
0.128389
0.124792
0.121361
0.118087
0.114961
0.111973
0.109115
0.10638
0.103761
0.101251
0.0988433
0.0965331
0.0943147
0.0921833
0.0901341
0.0881629
0.0862655
0.0844382
0.0826774
0.0809797
0.079342
0.0777613
0.0762349
0.07476
0.0733342
0.0719553
0.0706209
0.069329
0.0680776
0.0668649
0.065689
0.0645482
0.0634411
0.062366
0.0613215
0.0603062
0.0593189
0.0583582
0.057423
0.0565122
0.0556248
0.0547598
0.0539163
0.0530936
0.0522912
0.0515087
0.0507459
0.0500032
0.0492814
0.048582
0.0479076
0.0472624
0.0466526
0.0460872
0.0455796
0.0451486
0.0448211
0.0446343
0.961692
0.892184
0.829084
0.771727
0.719522
0.671944
0.628523
0.588843
0.552532
0.519258
0.488724
0.460668
0.434851
0.411062
0.389111
0.36883
0.350065
0.332679
0.31655
0.301568
0.287631
0.274652
0.262548
0.251247
0.240682
0.230794
0.221528
0.212835
0.20467
0.196993
0.189767
0.182957
0.176534
0.170469
0.164736
0.159312
0.154176
0.149307
0.144687
0.140301
0.136131
0.132165
0.12839
0.124792
0.121362
0.118088
0.114962
0.111974
0.109116
0.106381
0.103762
0.101252
0.0988444
0.0965342
0.0943159
0.0921845
0.0901354
0.0881642
0.0862669
0.0844397
0.0826789
0.0809813
0.0793436
0.077763
0.0762366
0.0747618
0.0733361
0.0719572
0.0706229
0.0693311
0.0680798
0.0668671
0.0656913
0.0645506
0.0634436
0.0623686
0.0613242
0.060309
0.0593217
0.0583611
0.0574261
0.0565154
0.055628
0.0547631
0.0539198
0.0530972
0.052295
0.0515125
0.0507499
0.0500073
0.0492856
0.0485863
0.047912
0.0472669
0.0466572
0.0460919
0.0455843
0.0451534
0.0448259
0.0446391
0.961692
0.892184
0.829084
0.771727
0.719522
0.671944
0.628523
0.588843
0.552532
0.519258
0.488724
0.460668
0.434851
0.411062
0.389111
0.36883
0.350065
0.332679
0.31655
0.301568
0.287631
0.274652
0.262548
0.251247
0.240682
0.230794
0.221528
0.212835
0.20467
0.196993
0.189767
0.182957
0.176534
0.170469
0.164736
0.159313
0.154176
0.149307
0.144688
0.140301
0.136132
0.132166
0.12839
0.124793
0.121362
0.118089
0.114963
0.111975
0.109117
0.106382
0.103763
0.101253
0.0988453
0.0965352
0.094317
0.0921856
0.0901366
0.0881654
0.0862682
0.084441
0.0826803
0.0809827
0.0793451
0.0777646
0.0762382
0.0747635
0.0733379
0.071959
0.0706248
0.069333
0.0680818
0.0668692
0.0656935
0.0645529
0.0634459
0.062371
0.0613267
0.0603116
0.0593244
0.0583639
0.0574289
0.0565184
0.0556311
0.0547663
0.0539231
0.0531007
0.0522985
0.0515162
0.0507537
0.0500112
0.0492896
0.0485904
0.0479163
0.0472713
0.0466616
0.0460964
0.0455889
0.045158
0.0448304
0.0446436
0.961692
0.892184
0.829084
0.771727
0.719522
0.671944
0.628523
0.588843
0.552532
0.519258
0.488724
0.460668
0.434851
0.411062
0.389111
0.36883
0.350065
0.332679
0.316551
0.301568
0.287631
0.274652
0.262548
0.251247
0.240682
0.230794
0.221528
0.212835
0.20467
0.196993
0.189767
0.182958
0.176534
0.170469
0.164737
0.159313
0.154176
0.149308
0.144688
0.140302
0.136132
0.132166
0.128391
0.124793
0.121363
0.118089
0.114963
0.111975
0.109118
0.106383
0.103764
0.101254
0.0988463
0.0965362
0.094318
0.0921867
0.0901377
0.0881666
0.0862694
0.0844423
0.0826816
0.0809841
0.0793466
0.077766
0.0762398
0.0747651
0.0733395
0.0719608
0.0706266
0.0693349
0.0680837
0.0668712
0.0656955
0.064555
0.0634481
0.0623733
0.0613291
0.0603141
0.059327
0.0583666
0.0574317
0.0565212
0.0556341
0.0547694
0.0539262
0.0531039
0.0523019
0.0515197
0.0507572
0.0500149
0.0492934
0.0485943
0.0479203
0.0472753
0.0466658
0.0461006
0.0455932
0.0451623
0.0448348
0.0446479
0.961692
0.892184
0.829084
0.771727
0.719522
0.671944
0.628523
0.588843
0.552532
0.519258
0.488724
0.460668
0.434851
0.411062
0.389111
0.36883
0.350065
0.332679
0.316551
0.301568
0.287632
0.274652
0.262548
0.251247
0.240682
0.230794
0.221528
0.212835
0.20467
0.196993
0.189767
0.182958
0.176535
0.17047
0.164737
0.159313
0.154177
0.149308
0.144689
0.140302
0.136133
0.132167
0.128391
0.124794
0.121364
0.11809
0.114964
0.111976
0.109119
0.106384
0.103765
0.101254
0.0988472
0.0965371
0.0943189
0.0921877
0.0901387
0.0881677
0.0862706
0.0844435
0.0826829
0.0809854
0.0793479
0.0777674
0.0762412
0.0747666
0.0733411
0.0719624
0.0706283
0.0693366
0.0680855
0.0668731
0.0656975
0.0645571
0.0634502
0.0623755
0.0613313
0.0603164
0.0593294
0.0583691
0.0574343
0.0565239
0.0556368
0.0547722
0.0539292
0.053107
0.052305
0.0515229
0.0507606
0.0500184
0.049297
0.048598
0.047924
0.0472792
0.0466697
0.0461046
0.0455972
0.0451664
0.0448389
0.044652
0.961692
0.892184
0.829084
0.771727
0.719522
0.671944
0.628523
0.588843
0.552532
0.519258
0.488724
0.460668
0.434851
0.411062
0.389111
0.36883
0.350065
0.332679
0.316551
0.301568
0.287632
0.274652
0.262548
0.251247
0.240682
0.230794
0.221528
0.212835
0.204671
0.196994
0.189767
0.182958
0.176535
0.17047
0.164737
0.159313
0.154177
0.149308
0.144689
0.140302
0.136133
0.132167
0.128392
0.124794
0.121364
0.118091
0.114964
0.111977
0.109119
0.106385
0.103765
0.101255
0.098848
0.096538
0.0943198
0.0921886
0.0901397
0.0881687
0.0862716
0.0844446
0.082684
0.0809866
0.0793492
0.0777687
0.0762426
0.074768
0.0733426
0.0719639
0.0706298
0.0693383
0.0680872
0.0668748
0.0656993
0.064559
0.0634522
0.0623775
0.0613334
0.0603185
0.0593316
0.0583714
0.0574367
0.0565264
0.0556394
0.0547749
0.0539319
0.0531098
0.052308
0.051526
0.0507638
0.0500216
0.0493003
0.0486014
0.0479275
0.0472828
0.0466734
0.0461084
0.045601
0.0451702
0.0448427
0.0446558
0.961692
0.892184
0.829084
0.771727
0.719522
0.671944
0.628523
0.588843
0.552532
0.519258
0.488724
0.460668
0.434851
0.411062
0.389111
0.36883
0.350065
0.332679
0.316551
0.301568
0.287632
0.274652
0.262548
0.251247
0.240682
0.230794
0.221528
0.212835
0.204671
0.196994
0.189768
0.182958
0.176535
0.17047
0.164737
0.159314
0.154177
0.149309
0.144689
0.140303
0.136134
0.132168
0.128392
0.124795
0.121365
0.118091
0.114965
0.111977
0.10912
0.106385
0.103766
0.101256
0.0988487
0.0965388
0.0943207
0.0921895
0.0901406
0.0881697
0.0862726
0.0844456
0.0826851
0.0809877
0.0793503
0.07777
0.0762438
0.0747693
0.0733439
0.0719653
0.0706313
0.0693398
0.0680888
0.0668765
0.065701
0.0645607
0.063454
0.0623794
0.0613353
0.0603206
0.0593337
0.0583735
0.0574389
0.0565287
0.0556418
0.0547774
0.0539345
0.0531125
0.0523107
0.0515288
0.0507667
0.0500246
0.0493034
0.0486046
0.0479308
0.0472862
0.0466768
0.0461118
0.0456045
0.0451737
0.0448463
0.0446594
0.961692
0.892184
0.829084
0.771727
0.719522
0.671944
0.628523
0.588843
0.552532
0.519258
0.488724
0.460668
0.434851
0.411062
0.389111
0.36883
0.350065
0.332679
0.316551
0.301568
0.287632
0.274652
0.262548
0.251247
0.240682
0.230794
0.221528
0.212835
0.204671
0.196994
0.189768
0.182958
0.176535
0.17047
0.164738
0.159314
0.154178
0.149309
0.14469
0.140303
0.136134
0.132168
0.128393
0.124795
0.121365
0.118092
0.114966
0.111978
0.10912
0.106386
0.103767
0.101257
0.0988494
0.0965395
0.0943214
0.0921903
0.0901415
0.0881706
0.0862735
0.0844466
0.0826861
0.0809887
0.0793514
0.0777711
0.076245
0.0747705
0.0733452
0.0719666
0.0706327
0.0693412
0.0680903
0.066878
0.0657025
0.0645623
0.0634557
0.0623811
0.0613371
0.0603224
0.0593356
0.0583755
0.057441
0.0565308
0.055644
0.0547797
0.0539369
0.0531149
0.0523132
0.0515314
0.0507694
0.0500274
0.0493063
0.0486076
0.0479339
0.0472893
0.04668
0.046115
0.0456078
0.045177
0.0448495
0.0446627
0.961692
0.892184
0.829084
0.771727
0.719522
0.671944
0.628523
0.588843
0.552532
0.519258
0.488724
0.460668
0.434851
0.411062
0.389111
0.36883
0.350065
0.332679
0.316551
0.301568
0.287632
0.274652
0.262548
0.251247
0.240683
0.230794
0.221528
0.212836
0.204671
0.196994
0.189768
0.182959
0.176535
0.17047
0.164738
0.159314
0.154178
0.149309
0.14469
0.140303
0.136134
0.132169
0.128393
0.124796
0.121366
0.118092
0.114966
0.111978
0.109121
0.106386
0.103767
0.101257
0.0988501
0.0965402
0.0943221
0.092191
0.0901422
0.0881714
0.0862744
0.0844474
0.082687
0.0809897
0.0793524
0.0777721
0.076246
0.0747716
0.0733463
0.0719678
0.0706339
0.0693425
0.0680916
0.0668793
0.065704
0.0645638
0.0634572
0.0623827
0.0613388
0.0603241
0.0593374
0.0583774
0.0574428
0.0565328
0.055646
0.0547817
0.053939
0.0531172
0.0523156
0.0515338
0.0507719
0.05003
0.0493089
0.0486103
0.0479366
0.0472921
0.0466828
0.046118
0.0456107
0.04518
0.0448526
0.0446657
0.961692
0.892184
0.829084
0.771727
0.719522
0.671943
0.628523
0.588843
0.552532
0.519258
0.488724
0.460668
0.434851
0.411062
0.389111
0.36883
0.350065
0.332679
0.316551
0.301568
0.287632
0.274652
0.262549
0.251247
0.240683
0.230794
0.221528
0.212836
0.204671
0.196994
0.189768
0.182959
0.176536
0.170471
0.164738
0.159314
0.154178
0.149309
0.14469
0.140304
0.136135
0.132169
0.128393
0.124796
0.121366
0.118093
0.114966
0.111979
0.109121
0.106387
0.103768
0.101258
0.0988506
0.0965408
0.0943228
0.0921917
0.0901429
0.0881721
0.0862751
0.0844482
0.0826878
0.0809905
0.0793533
0.077773
0.076247
0.0747726
0.0733473
0.0719689
0.070635
0.0693436
0.0680928
0.0668806
0.0657052
0.0645651
0.0634586
0.0623841
0.0613402
0.0603256
0.059339
0.058379
0.0574445
0.0565345
0.0556479
0.0547836
0.053941
0.0531192
0.0523176
0.051536
0.0507741
0.0500323
0.0493113
0.0486127
0.0479391
0.0472947
0.0466855
0.0461207
0.0456134
0.0451827
0.0448553
0.0446684
0.961692
0.892184
0.829084
0.771727
0.719522
0.671943
0.628523
0.588843
0.552532
0.519258
0.488724
0.460668
0.434851
0.411062
0.389111
0.36883
0.350065
0.332679
0.316551
0.301568
0.287632
0.274652
0.262549
0.251247
0.240683
0.230794
0.221529
0.212836
0.204671
0.196994
0.189768
0.182959
0.176536
0.170471
0.164738
0.159315
0.154178
0.14931
0.14469
0.140304
0.136135
0.132169
0.128394
0.124796
0.121366
0.118093
0.114967
0.111979
0.109122
0.106387
0.103768
0.101258
0.0988512
0.0965413
0.0943233
0.0921923
0.0901435
0.0881727
0.0862758
0.0844489
0.0826885
0.0809913
0.0793541
0.0777738
0.0762479
0.0747735
0.0733483
0.0719698
0.070636
0.0693446
0.0680938
0.0668817
0.0657064
0.0645663
0.0634598
0.0623854
0.0613416
0.060327
0.0593404
0.0583805
0.0574461
0.0565361
0.0556495
0.0547853
0.0539427
0.053121
0.0523195
0.0515379
0.0507761
0.0500343
0.0493134
0.0486149
0.0479414
0.047297
0.0466878
0.046123
0.0456159
0.0451852
0.0448577
0.0446709
0.961692
0.892184
0.829084
0.771727
0.719522
0.671943
0.628523
0.588843
0.552532
0.519258
0.488724
0.460668
0.434851
0.411062
0.389111
0.36883
0.350065
0.332679
0.316551
0.301568
0.287632
0.274652
0.262549
0.251247
0.240683
0.230795
0.221529
0.212836
0.204671
0.196994
0.189768
0.182959
0.176536
0.170471
0.164738
0.159315
0.154178
0.14931
0.144691
0.140304
0.136135
0.132169
0.128394
0.124797
0.121367
0.118093
0.114967
0.11198
0.109122
0.106388
0.103769
0.101259
0.0988516
0.0965418
0.0943238
0.0921928
0.0901441
0.0881733
0.0862764
0.0844495
0.0826892
0.080992
0.0793547
0.0777745
0.0762486
0.0747743
0.0733491
0.0719707
0.0706369
0.0693455
0.0680948
0.0668826
0.0657074
0.0645673
0.0634609
0.0623865
0.0613427
0.0603282
0.0593416
0.0583817
0.0574474
0.0565375
0.0556509
0.0547868
0.0539443
0.0531226
0.0523212
0.0515396
0.0507778
0.0500361
0.0493153
0.0486168
0.0479433
0.047299
0.0466899
0.0461251
0.045618
0.0451873
0.0448599
0.044673
0.961692
0.892184
0.829084
0.771727
0.719522
0.671943
0.628523
0.588843
0.552532
0.519258
0.488724
0.460668
0.434851
0.411062
0.389111
0.36883
0.350065
0.332679
0.316551
0.301568
0.287632
0.274652
0.262549
0.251247
0.240683
0.230795
0.221529
0.212836
0.204671
0.196994
0.189768
0.182959
0.176536
0.170471
0.164739
0.159315
0.154179
0.14931
0.144691
0.140304
0.136135
0.13217
0.128394
0.124797
0.121367
0.118093
0.114967
0.11198
0.109123
0.106388
0.103769
0.101259
0.098852
0.0965422
0.0943242
0.0921932
0.0901445
0.0881738
0.0862769
0.08445
0.0826897
0.0809925
0.0793553
0.0777752
0.0762492
0.0747749
0.0733498
0.0719714
0.0706376
0.0693463
0.0680956
0.0668835
0.0657082
0.0645682
0.0634618
0.0623874
0.0613437
0.0603292
0.0593427
0.0583828
0.0574485
0.0565386
0.0556521
0.0547881
0.0539456
0.0531239
0.0523226
0.0515411
0.0507793
0.0500377
0.0493169
0.0486185
0.047945
0.0473007
0.0466916
0.0461269
0.0456198
0.0451892
0.0448617
0.0446748
0.961692
0.892184
0.829084
0.771727
0.719522
0.671943
0.628523
0.588843
0.552532
0.519258
0.488724
0.460668
0.434851
0.411062
0.389111
0.36883
0.350065
0.332679
0.316551
0.301568
0.287632
0.274652
0.262549
0.251247
0.240683
0.230795
0.221529
0.212836
0.204671
0.196995
0.189768
0.182959
0.176536
0.170471
0.164739
0.159315
0.154179
0.14931
0.144691
0.140304
0.136135
0.13217
0.128394
0.124797
0.121367
0.118094
0.114968
0.11198
0.109123
0.106388
0.103769
0.101259
0.0988523
0.0965425
0.0943246
0.0921936
0.0901449
0.0881742
0.0862773
0.0844505
0.0826902
0.080993
0.0793558
0.0777757
0.0762498
0.0747755
0.0733503
0.071972
0.0706382
0.069347
0.0680962
0.0668842
0.065709
0.064569
0.0634626
0.0623882
0.0613445
0.0603301
0.0593436
0.0583838
0.0574495
0.0565396
0.0556532
0.0547891
0.0539467
0.0531251
0.0523237
0.0515423
0.0507806
0.050039
0.0493182
0.0486198
0.0479465
0.0473022
0.0466931
0.0461285
0.0456213
0.0451907
0.0448633
0.0446764
0.961692
0.892184
0.829084
0.771727
0.719522
0.671943
0.628523
0.588843
0.552532
0.519258
0.488724
0.460668
0.434851
0.411062
0.389111
0.36883
0.350065
0.332679
0.316551
0.301568
0.287632
0.274652
0.262549
0.251248
0.240683
0.230795
0.221529
0.212836
0.204671
0.196995
0.189768
0.182959
0.176536
0.170471
0.164739
0.159315
0.154179
0.14931
0.144691
0.140305
0.136136
0.13217
0.128395
0.124797
0.121367
0.118094
0.114968
0.11198
0.109123
0.106388
0.10377
0.10126
0.0988526
0.0965428
0.0943249
0.0921939
0.0901452
0.0881745
0.0862776
0.0844508
0.0826905
0.0809934
0.0793562
0.0777761
0.0762502
0.0747759
0.0733508
0.0719724
0.0706387
0.0693475
0.0680968
0.0668847
0.0657095
0.0645696
0.0634632
0.0623889
0.0613452
0.0603308
0.0593443
0.0583845
0.0574502
0.0565404
0.055654
0.05479
0.0539475
0.053126
0.0523247
0.0515433
0.0507816
0.05004
0.0493193
0.0486209
0.0479476
0.0473033
0.0466943
0.0461297
0.0456226
0.0451919
0.0448645
0.0446776
0.961692
0.892184
0.829084
0.771727
0.719522
0.671943
0.628523
0.588843
0.552532
0.519258
0.488724
0.460668
0.434851
0.411062
0.389111
0.36883
0.350065
0.332679
0.316551
0.301568
0.287632
0.274652
0.262549
0.251248
0.240683
0.230795
0.221529
0.212836
0.204671
0.196995
0.189768
0.182959
0.176536
0.170471
0.164739
0.159315
0.154179
0.14931
0.144691
0.140305
0.136136
0.13217
0.128395
0.124797
0.121367
0.118094
0.114968
0.11198
0.109123
0.106389
0.10377
0.10126
0.0988528
0.096543
0.0943251
0.0921941
0.0901455
0.0881747
0.0862779
0.0844511
0.0826908
0.0809937
0.0793565
0.0777764
0.0762505
0.0747762
0.0733511
0.0719728
0.0706391
0.0693478
0.0680971
0.0668851
0.0657099
0.06457
0.0634636
0.0623893
0.0613457
0.0603313
0.0593448
0.058385
0.0574508
0.056541
0.0556546
0.0547906
0.0539482
0.0531267
0.0523254
0.051544
0.0507824
0.0500408
0.0493201
0.0486218
0.0479485
0.0473042
0.0466952
0.0461306
0.0456235
0.0451929
0.0448655
0.0446786
0.961692
0.892184
0.829084
0.771727
0.719522
0.671943
0.628523
0.588843
0.552532
0.519258
0.488724
0.460668
0.434851
0.411062
0.389111
0.36883
0.350065
0.332679
0.316551
0.301568
0.287632
0.274652
0.262549
0.251248
0.240683
0.230795
0.221529
0.212836
0.204671
0.196995
0.189768
0.182959
0.176536
0.170471
0.164739
0.159315
0.154179
0.14931
0.144691
0.140305
0.136136
0.13217
0.128395
0.124797
0.121367
0.118094
0.114968
0.111981
0.109123
0.106389
0.10377
0.10126
0.0988529
0.0965431
0.0943252
0.0921943
0.0901456
0.0881749
0.086278
0.0844513
0.082691
0.0809938
0.0793567
0.0777766
0.0762507
0.0747765
0.0733513
0.071973
0.0706393
0.0693481
0.0680974
0.0668854
0.0657102
0.0645703
0.0634639
0.0623896
0.061346
0.0603316
0.0593451
0.0583854
0.0574512
0.0565414
0.055655
0.054791
0.0539486
0.0531271
0.0523258
0.0515445
0.0507829
0.0500413
0.0493206
0.0486223
0.047949
0.0473048
0.0466958
0.0461312
0.0456241
0.0451935
0.0448661
0.0446792
0.961692
0.892184
0.829084
0.771727
0.719522
0.671943
0.628523
0.588843
0.552532
0.519258
0.488724
0.460668
0.434851
0.411062
0.389111
0.36883
0.350065
0.332679
0.316551
0.301568
0.287632
0.274652
0.262549
0.251248
0.240683
0.230795
0.221529
0.212836
0.204671
0.196995
0.189768
0.182959
0.176536
0.170471
0.164739
0.159315
0.154179
0.14931
0.144691
0.140305
0.136136
0.13217
0.128395
0.124798
0.121367
0.118094
0.114968
0.111981
0.109123
0.106389
0.10377
0.10126
0.0988529
0.0965432
0.0943253
0.0921943
0.0901457
0.0881749
0.0862781
0.0844513
0.0826911
0.0809939
0.0793568
0.0777767
0.0762508
0.0747766
0.0733514
0.0719731
0.0706394
0.0693482
0.0680975
0.0668855
0.0657104
0.0645704
0.0634641
0.0623898
0.0613461
0.0603317
0.0593453
0.0583856
0.0574514
0.0565416
0.0556552
0.0547912
0.0539488
0.0531273
0.0523261
0.0515447
0.0507831
0.0500416
0.0493209
0.0486226
0.0479493
0.0473051
0.0466961
0.0461315
0.0456244
0.0451938
0.0448664
0.0446795
0.961692
0.892184
0.829084
0.771727
0.719522
0.671943
0.628523
0.588843
0.552532
0.519258
0.488724
0.460668
0.434851
0.411062
0.389111
0.36883
0.350065
0.332679
0.316551
0.301568
0.287632
0.274652
0.262549
0.251248
0.240683
0.230795
0.221529
0.212836
0.204671
0.196995
0.189768
0.182959
0.176536
0.170471
0.164739
0.159315
0.154179
0.14931
0.144691
0.140305
0.136136
0.13217
0.128395
0.124798
0.121367
0.118094
0.114968
0.111981
0.109123
0.106389
0.10377
0.10126
0.0988529
0.0965432
0.0943253
0.0921943
0.0901457
0.0881749
0.0862781
0.0844513
0.082691
0.0809939
0.0793568
0.0777767
0.0762508
0.0747765
0.0733514
0.0719731
0.0706394
0.0693482
0.0680975
0.0668855
0.0657103
0.0645704
0.063464
0.0623898
0.0613461
0.0603317
0.0593453
0.0583855
0.0574513
0.0565415
0.0556552
0.0547912
0.0539488
0.0531273
0.0523261
0.0515447
0.0507831
0.0500416
0.0493209
0.0486226
0.0479493
0.0473051
0.0466962
0.0461315
0.0456245
0.0451939
0.0448664
0.0446795
0.961692
0.892184
0.829084
0.771727
0.719522
0.671943
0.628523
0.588843
0.552532
0.519258
0.488724
0.460668
0.434851
0.411062
0.389111
0.36883
0.350065
0.332679
0.316551
0.301568
0.287632
0.274652
0.262549
0.251248
0.240683
0.230795
0.221529
0.212836
0.204671
0.196995
0.189768
0.182959
0.176536
0.170471
0.164739
0.159315
0.154179
0.14931
0.144691
0.140305
0.136136
0.13217
0.128395
0.124797
0.121367
0.118094
0.114968
0.111981
0.109123
0.106389
0.10377
0.10126
0.0988529
0.0965431
0.0943252
0.0921942
0.0901456
0.0881748
0.086278
0.0844512
0.0826909
0.0809938
0.0793566
0.0777765
0.0762507
0.0747764
0.0733513
0.071973
0.0706392
0.069348
0.0680973
0.0668853
0.0657102
0.0645702
0.0634639
0.0623896
0.0613459
0.0603315
0.0593451
0.0583853
0.0574511
0.0565413
0.0556549
0.054791
0.0539486
0.0531271
0.0523258
0.0515445
0.0507829
0.0500413
0.0493206
0.0486224
0.0479491
0.0473048
0.0466959
0.0461313
0.0456242
0.0451936
0.0448661
0.0446792
0.961692
0.892184
0.829084
0.771727
0.719522
0.671943
0.628523
0.588843
0.552532
0.519258
0.488724
0.460668
0.434851
0.411062
0.389111
0.36883
0.350065
0.332679
0.316551
0.301568
0.287632
0.274652
0.262549
0.251248
0.240683
0.230795
0.221529
0.212836
0.204671
0.196995
0.189768
0.182959
0.176536
0.170471
0.164739
0.159315
0.154179
0.14931
0.144691
0.140305
0.136136
0.13217
0.128395
0.124797
0.121367
0.118094
0.114968
0.11198
0.109123
0.106389
0.10377
0.10126
0.0988527
0.0965429
0.094325
0.0921941
0.0901454
0.0881747
0.0862778
0.084451
0.0826907
0.0809936
0.0793564
0.0777763
0.0762504
0.0747762
0.073351
0.0719727
0.070639
0.0693478
0.0680971
0.066885
0.0657099
0.0645699
0.0634635
0.0623892
0.0613456
0.0603312
0.0593447
0.0583849
0.0574507
0.0565409
0.0556545
0.0547905
0.0539482
0.0531266
0.0523253
0.051544
0.0507824
0.0500408
0.0493201
0.0486218
0.0479485
0.0473043
0.0466953
0.0461307
0.0456236
0.045193
0.0448655
0.0446787
0.961692
0.892184
0.829084
0.771727
0.719522
0.671943
0.628523
0.588843
0.552532
0.519258
0.488724
0.460668
0.434851
0.411062
0.389111
0.36883
0.350065
0.332679
0.316551
0.301568
0.287632
0.274652
0.262549
0.251248
0.240683
0.230795
0.221529
0.212836
0.204671
0.196995
0.189768
0.182959
0.176536
0.170471
0.164739
0.159315
0.154179
0.14931
0.144691
0.140305
0.136136
0.13217
0.128394
0.124797
0.121367
0.118094
0.114968
0.11198
0.109123
0.106388
0.103769
0.10126
0.0988525
0.0965427
0.0943248
0.0921938
0.0901451
0.0881744
0.0862775
0.0844507
0.0826904
0.0809933
0.0793561
0.077776
0.0762501
0.0747758
0.0733507
0.0719723
0.0706386
0.0693473
0.0680966
0.0668846
0.0657094
0.0645694
0.063463
0.0623887
0.0613451
0.0603306
0.0593441
0.0583844
0.0574501
0.0565403
0.0556539
0.0547899
0.0539475
0.0531259
0.0523246
0.0515432
0.0507816
0.05004
0.0493193
0.048621
0.0479477
0.0473034
0.0466944
0.0461298
0.0456227
0.0451921
0.0448646
0.0446778
0.961692
0.892184
0.829084
0.771727
0.719522
0.671943
0.628523
0.588843
0.552532
0.519258
0.488724
0.460668
0.434851
0.411062
0.389111
0.36883
0.350065
0.332679
0.316551
0.301568
0.287632
0.274652
0.262549
0.251247
0.240683
0.230795
0.221529
0.212836
0.204671
0.196995
0.189768
0.182959
0.176536
0.170471
0.164739
0.159315
0.154179
0.14931
0.144691
0.140304
0.136135
0.13217
0.128394
0.124797
0.121367
0.118094
0.114968
0.11198
0.109123
0.106388
0.103769
0.101259
0.0988522
0.0965424
0.0943245
0.0921935
0.0901448
0.0881741
0.0862772
0.0844504
0.08269
0.0809929
0.0793557
0.0777755
0.0762496
0.0747753
0.0733502
0.0719718
0.0706381
0.0693468
0.0680961
0.066884
0.0657088
0.0645688
0.0634624
0.0623881
0.0613444
0.0603299
0.0593434
0.0583836
0.0574493
0.0565395
0.055653
0.054789
0.0539466
0.053125
0.0523237
0.0515423
0.0507806
0.050039
0.0493183
0.0486199
0.0479466
0.0473023
0.0466933
0.0461286
0.0456215
0.0451909
0.0448634
0.0446766
0.961692
0.892184
0.829084
0.771727
0.719522
0.671943
0.628523
0.588843
0.552532
0.519258
0.488724
0.460668
0.434851
0.411062
0.389111
0.36883
0.350065
0.332679
0.316551
0.301568
0.287632
0.274652
0.262549
0.251247
0.240683
0.230795
0.221529
0.212836
0.204671
0.196994
0.189768
0.182959
0.176536
0.170471
0.164739
0.159315
0.154179
0.14931
0.144691
0.140304
0.136135
0.13217
0.128394
0.124797
0.121367
0.118093
0.114967
0.11198
0.109123
0.106388
0.103769
0.101259
0.0988519
0.0965421
0.0943241
0.0921931
0.0901444
0.0881736
0.0862767
0.0844499
0.0826896
0.0809924
0.0793552
0.077775
0.0762491
0.0747747
0.0733496
0.0719712
0.0706374
0.0693461
0.0680954
0.0668833
0.065708
0.064568
0.0634616
0.0623872
0.0613435
0.060329
0.0593425
0.0583827
0.0574484
0.0565385
0.055652
0.0547879
0.0539455
0.0531239
0.0523225
0.051541
0.0507793
0.0500377
0.0493169
0.0486186
0.0479452
0.0473009
0.0466918
0.0461271
0.04562
0.0451894
0.0448619
0.0446751
0.961692
0.892184
0.829084
0.771727
0.719522
0.671943
0.628523
0.588843
0.552532
0.519258
0.488724
0.460668
0.434851
0.411062
0.389111
0.36883
0.350065
0.332679
0.316551
0.301568
0.287632
0.274652
0.262549
0.251247
0.240683
0.230795
0.221529
0.212836
0.204671
0.196994
0.189768
0.182959
0.176536
0.170471
0.164738
0.159315
0.154178
0.14931
0.144691
0.140304
0.136135
0.132169
0.128394
0.124797
0.121366
0.118093
0.114967
0.111979
0.109122
0.106388
0.103769
0.101259
0.0988515
0.0965416
0.0943237
0.0921927
0.0901439
0.0881731
0.0862762
0.0844494
0.082689
0.0809918
0.0793546
0.0777744
0.0762484
0.0747741
0.0733488
0.0719704
0.0706366
0.0693453
0.0680945
0.0668824
0.0657072
0.0645671
0.0634606
0.0623862
0.0613425
0.060328
0.0593414
0.0583815
0.0574472
0.0565373
0.0556507
0.0547867
0.0539441
0.0531225
0.0523211
0.0515396
0.0507779
0.0500362
0.0493154
0.0486169
0.0479435
0.0472992
0.0466901
0.0461254
0.0456182
0.0451876
0.0448601
0.0446733
0.961692
0.892184
0.829084
0.771727
0.719522
0.671943
0.628523
0.588843
0.552532
0.519258
0.488724
0.460668
0.434851
0.411062
0.389111
0.36883
0.350065
0.332679
0.316551
0.301568
0.287632
0.274652
0.262549
0.251247
0.240683
0.230794
0.221529
0.212836
0.204671
0.196994
0.189768
0.182959
0.176536
0.170471
0.164738
0.159315
0.154178
0.14931
0.14469
0.140304
0.136135
0.132169
0.128394
0.124796
0.121366
0.118093
0.114967
0.111979
0.109122
0.106387
0.103768
0.101258
0.098851
0.0965412
0.0943232
0.0921921
0.0901434
0.0881725
0.0862756
0.0844487
0.0826883
0.0809911
0.0793538
0.0777736
0.0762476
0.0747732
0.073348
0.0719696
0.0706357
0.0693444
0.0680936
0.0668814
0.0657061
0.064566
0.0634595
0.0623851
0.0613413
0.0603267
0.0593401
0.0583802
0.0574458
0.0565359
0.0556493
0.0547852
0.0539426
0.0531209
0.0523195
0.0515379
0.0507761
0.0500344
0.0493135
0.048615
0.0479416
0.0472972
0.0466881
0.0461234
0.0456162
0.0451855
0.0448581
0.0446712
0.961692
0.892184
0.829084
0.771727
0.719522
0.671944
0.628523
0.588843
0.552532
0.519258
0.488724
0.460668
0.434851
0.411062
0.389111
0.36883
0.350065
0.332679
0.316551
0.301568
0.287632
0.274652
0.262549
0.251247
0.240683
0.230794
0.221528
0.212836
0.204671
0.196994
0.189768
0.182959
0.176536
0.170471
0.164738
0.159314
0.154178
0.149309
0.14469
0.140304
0.136135
0.132169
0.128393
0.124796
0.121366
0.118092
0.114966
0.111979
0.109121
0.106387
0.103768
0.101258
0.0988505
0.0965406
0.0943226
0.0921915
0.0901427
0.0881719
0.0862749
0.084448
0.0826876
0.0809903
0.079353
0.0777728
0.0762467
0.0747723
0.0733471
0.0719686
0.0706347
0.0693433
0.0680925
0.0668803
0.0657049
0.0645648
0.0634583
0.0623838
0.0613399
0.0603254
0.0593387
0.0583787
0.0574443
0.0565343
0.0556477
0.0547835
0.0539409
0.0531191
0.0523176
0.051536
0.0507741
0.0500324
0.0493114
0.0486129
0.0479394
0.047295
0.0466858
0.046121
0.0456138
0.0451831
0.0448557
0.0446688
0.961692
0.892184
0.829084
0.771727
0.719522
0.671944
0.628523
0.588843
0.552532
0.519258
0.488724
0.460668
0.434851
0.411062
0.389111
0.36883
0.350065
0.332679
0.316551
0.301568
0.287632
0.274652
0.262548
0.251247
0.240683
0.230794
0.221528
0.212835
0.204671
0.196994
0.189768
0.182959
0.176535
0.17047
0.164738
0.159314
0.154178
0.149309
0.14469
0.140303
0.136134
0.132168
0.128393
0.124796
0.121365
0.118092
0.114966
0.111978
0.109121
0.106386
0.103767
0.101257
0.0988499
0.09654
0.0943219
0.0921908
0.090142
0.0881711
0.0862741
0.0844472
0.0826867
0.0809894
0.0793521
0.0777718
0.0762458
0.0747713
0.073346
0.0719675
0.0706336
0.0693421
0.0680912
0.066879
0.0657036
0.0645634
0.0634569
0.0623823
0.0613384
0.0603238
0.0593371
0.0583771
0.0574426
0.0565325
0.0556458
0.0547816
0.0539389
0.0531171
0.0523155
0.0515338
0.0507719
0.0500301
0.0493091
0.0486105
0.0479369
0.0472925
0.0466833
0.0461184
0.0456112
0.0451805
0.044853
0.0446662
0.961692
0.892184
0.829084
0.771727
0.719522
0.671944
0.628523
0.588843
0.552532
0.519258
0.488724
0.460668
0.434851
0.411062
0.389111
0.36883
0.350065
0.332679
0.316551
0.301568
0.287632
0.274652
0.262548
0.251247
0.240682
0.230794
0.221528
0.212835
0.204671
0.196994
0.189768
0.182958
0.176535
0.17047
0.164738
0.159314
0.154178
0.149309
0.14469
0.140303
0.136134
0.132168
0.128393
0.124795
0.121365
0.118092
0.114965
0.111978
0.10912
0.106386
0.103766
0.101256
0.0988492
0.0965393
0.0943212
0.0921901
0.0901412
0.0881703
0.0862733
0.0844463
0.0826858
0.0809885
0.0793511
0.0777708
0.0762447
0.0747702
0.0733448
0.0719663
0.0706323
0.0693408
0.0680899
0.0668776
0.0657022
0.0645619
0.0634553
0.0623807
0.0613368
0.0603221
0.0593353
0.0583752
0.0574407
0.0565306
0.0556438
0.0547795
0.0539367
0.0531148
0.0523132
0.0515315
0.0507695
0.0500276
0.0493065
0.0486079
0.0479342
0.0472897
0.0466804
0.0461156
0.0456083
0.0451776
0.0448501
0.0446632
0.961692
0.892184
0.829084
0.771727
0.719522
0.671944
0.628523
0.588843
0.552532
0.519258
0.488724
0.460668
0.434851
0.411062
0.389111
0.36883
0.350065
0.332679
0.316551
0.301568
0.287632
0.274652
0.262548
0.251247
0.240682
0.230794
0.221528
0.212835
0.204671
0.196994
0.189767
0.182958
0.176535
0.17047
0.164737
0.159314
0.154177
0.149309
0.144689
0.140303
0.136134
0.132168
0.128392
0.124795
0.121365
0.118091
0.114965
0.111977
0.10912
0.106385
0.103766
0.101256
0.0988485
0.0965385
0.0943204
0.0921893
0.0901404
0.0881694
0.0862723
0.0844453
0.0826848
0.0809874
0.07935
0.0777696
0.0762435
0.0747689
0.0733436
0.0719649
0.0706309
0.0693394
0.0680884
0.0668761
0.0657006
0.0645603
0.0634536
0.062379
0.061335
0.0603202
0.0593334
0.0583732
0.0574386
0.0565284
0.0556416
0.0547772
0.0539344
0.0531124
0.0523107
0.0515289
0.0507668
0.0500248
0.0493037
0.048605
0.0479313
0.0472867
0.0466774
0.0461124
0.0456052
0.0451744
0.0448469
0.04466
0.961692
0.892184
0.829084
0.771727
0.719522
0.671944
0.628523
0.588843
0.552532
0.519258
0.488724
0.460668
0.434851
0.411062
0.389111
0.36883
0.350065
0.332679
0.316551
0.301568
0.287632
0.274652
0.262548
0.251247
0.240682
0.230794
0.221528
0.212835
0.204671
0.196994
0.189767
0.182958
0.176535
0.17047
0.164737
0.159313
0.154177
0.149308
0.144689
0.140302
0.136133
0.132167
0.128392
0.124794
0.121364
0.118091
0.114964
0.111977
0.109119
0.106384
0.103765
0.101255
0.0988477
0.0965377
0.0943196
0.0921884
0.0901394
0.0881684
0.0862713
0.0844443
0.0826837
0.0809863
0.0793488
0.0777684
0.0762422
0.0747676
0.0733422
0.0719635
0.0706294
0.0693379
0.0680868
0.0668744
0.0656989
0.0645585
0.0634518
0.0623771
0.061333
0.0603182
0.0593313
0.0583711
0.0574364
0.0565261
0.0556392
0.0547747
0.0539318
0.0531098
0.052308
0.0515261
0.0507639
0.0500219
0.0493007
0.0486019
0.0479281
0.0472834
0.046674
0.0461091
0.0456017
0.0451709
0.0448434
0.0446566
0.961692
0.892184
0.829084
0.771727
0.719522
0.671944
0.628523
0.588843
0.552532
0.519258
0.488724
0.460668
0.434851
0.411062
0.389111
0.36883
0.350065
0.332679
0.316551
0.301568
0.287632
0.274652
0.262548
0.251247
0.240682
0.230794
0.221528
0.212835
0.20467
0.196993
0.189767
0.182958
0.176535
0.17047
0.164737
0.159313
0.154177
0.149308
0.144688
0.140302
0.136133
0.132167
0.128391
0.124794
0.121363
0.11809
0.114964
0.111976
0.109118
0.106384
0.103764
0.101254
0.0988469
0.0965368
0.0943187
0.0921874
0.0901384
0.0881674
0.0862702
0.0844431
0.0826825
0.080985
0.0793475
0.077767
0.0762408
0.0747662
0.0733407
0.071962
0.0706278
0.0693362
0.0680851
0.0668726
0.065697
0.0645566
0.0634498
0.062375
0.0613309
0.060316
0.059329
0.0583687
0.057434
0.0565236
0.0556366
0.0547721
0.0539291
0.053107
0.0523051
0.0515231
0.0507609
0.0500187
0.0492974
0.0485985
0.0479246
0.0472799
0.0466705
0.0461054
0.0455981
0.0451672
0.0448397
0.0446529
0.961692
0.892184
0.829084
0.771727
0.719522
0.671944
0.628523
0.588843
0.552532
0.519258
0.488724
0.460668
0.434851
0.411062
0.389111
0.36883
0.350065
0.332679
0.316551
0.301568
0.287631
0.274652
0.262548
0.251247
0.240682
0.230794
0.221528
0.212835
0.20467
0.196993
0.189767
0.182958
0.176534
0.170469
0.164737
0.159313
0.154176
0.149307
0.144688
0.140301
0.136132
0.132166
0.128391
0.124793
0.121363
0.118089
0.114963
0.111975
0.109118
0.106383
0.103764
0.101253
0.098846
0.0965359
0.0943177
0.0921864
0.0901374
0.0881663
0.0862691
0.0844419
0.0826812
0.0809837
0.0793462
0.0777656
0.0762393
0.0747646
0.0733391
0.0719603
0.0706261
0.0693344
0.0680833
0.0668707
0.0656951
0.0645546
0.0634477
0.0623729
0.0613286
0.0603137
0.0593266
0.0583662
0.0574314
0.0565209
0.0556339
0.0547692
0.0539262
0.0531039
0.052302
0.0515199
0.0507576
0.0500153
0.0492939
0.0485949
0.047921
0.0472762
0.0466667
0.0461016
0.0455942
0.0451633
0.0448358
0.0446489
0.961692
0.892184
0.829084
0.771727
0.719522
0.671944
0.628523
0.588843
0.552532
0.519258
0.488724
0.460668
0.434851
0.411062
0.389111
0.36883
0.350065
0.332679
0.31655
0.301568
0.287631
0.274652
0.262548
0.251247
0.240682
0.230794
0.221528
0.212835
0.20467
0.196993
0.189767
0.182957
0.176534
0.170469
0.164736
0.159312
0.154176
0.149307
0.144688
0.140301
0.136132
0.132166
0.12839
0.124793
0.121362
0.118089
0.114962
0.111974
0.109117
0.106382
0.103763
0.101252
0.0988451
0.0965349
0.0943166
0.0921853
0.0901362
0.0881651
0.0862678
0.0844406
0.0826799
0.0809823
0.0793447
0.0777641
0.0762378
0.074763
0.0733374
0.0719586
0.0706243
0.0693326
0.0680813
0.0668687
0.065693
0.0645524
0.0634455
0.0623705
0.0613262
0.0603112
0.059324
0.0583636
0.0574287
0.0565181
0.055631
0.0547662
0.0539231
0.0531007
0.0522987
0.0515165
0.0507541
0.0500117
0.0492902
0.0485912
0.0479171
0.0472722
0.0466626
0.0460975
0.04559
0.0451591
0.0448316
0.0446448
0.961692
0.892184
0.829084
0.771727
0.719522
0.671944
0.628523
0.588843
0.552532
0.519258
0.488725
0.460668
0.434851
0.411062
0.389111
0.36883
0.350065
0.332679
0.31655
0.301568
0.287631
0.274652
0.262548
0.251247
0.240682
0.230794
0.221528
0.212835
0.20467
0.196993
0.189766
0.182957
0.176534
0.170469
0.164736
0.159312
0.154176
0.149307
0.144687
0.140301
0.136131
0.132165
0.12839
0.124792
0.121362
0.118088
0.114962
0.111974
0.109116
0.106381
0.103762
0.101251
0.098844
0.0965338
0.0943155
0.0921841
0.090135
0.0881638
0.0862665
0.0844392
0.0826785
0.0809808
0.0793432
0.0777625
0.0762361
0.0747613
0.0733356
0.0719567
0.0706224
0.0693306
0.0680793
0.0668666
0.0656908
0.0645501
0.0634431
0.0623681
0.0613237
0.0603086
0.0593214
0.0583608
0.0574258
0.0565152
0.0556279
0.0547631
0.0539198
0.0530974
0.0522952
0.0515129
0.0507504
0.0500079
0.0492863
0.0485872
0.047913
0.0472681
0.0466584
0.0460932
0.0455857
0.0451548
0.0448272
0.0446404
0.961692
0.892184
0.829084
0.771727
0.719522
0.671944
0.628523
0.588843
0.552532
0.519258
0.488725
0.460668
0.434851
0.411062
0.389111
0.36883
0.350065
0.332679
0.31655
0.301568
0.287631
0.274652
0.262548
0.251247
0.240682
0.230793
0.221527
0.212834
0.20467
0.196993
0.189766
0.182957
0.176534
0.170468
0.164736
0.159312
0.154175
0.149306
0.144687
0.1403
0.136131
0.132165
0.128389
0.124791
0.121361
0.118087
0.114961
0.111973
0.109115
0.10638
0.103761
0.10125
0.098843
0.0965327
0.0943144
0.0921829
0.0901337
0.0881625
0.0862651
0.0844378
0.082677
0.0809793
0.0793415
0.0777608
0.0762344
0.0747595
0.0733337
0.0719548
0.0706204
0.0693285
0.0680771
0.0668643
0.0656885
0.0645477
0.0634406
0.0623655
0.0613211
0.0603058
0.0593185
0.0583579
0.0574228
0.056512
0.0556247
0.0547597
0.0539164
0.0530938
0.0522916
0.0515092
0.0507465
0.050004
0.0492823
0.048583
0.0479088
0.0472637
0.046654
0.0460887
0.0455811
0.0451502
0.0448226
0.0446358
0.961692
0.892184
0.829084
0.771727
0.719522
0.671944
0.628523
0.588843
0.552532
0.519258
0.488725
0.460668
0.434851
0.411062
0.389111
0.36883
0.350065
0.332679
0.31655
0.301568
0.287631
0.274652
0.262548
0.251247
0.240682
0.230793
0.221527
0.212834
0.204669
0.196992
0.189766
0.182956
0.176533
0.170468
0.164735
0.159311
0.154175
0.149306
0.144686
0.140299
0.13613
0.132164
0.128388
0.124791
0.12136
0.118086
0.11496
0.111972
0.109114
0.106379
0.10376
0.101249
0.0988419
0.0965316
0.0943132
0.0921817
0.0901324
0.0881611
0.0862637
0.0844363
0.0826754
0.0809776
0.0793399
0.0777591
0.0762325
0.0747576
0.0733318
0.0719527
0.0706183
0.0693263
0.0680748
0.066862
0.065686
0.0645452
0.063438
0.0623629
0.0613183
0.060303
0.0593156
0.0583548
0.0574196
0.0565088
0.0556213
0.0547563
0.0539128
0.0530902
0.0522878
0.0515052
0.0507425
0.0499998
0.049278
0.0485786
0.0479043
0.0472592
0.0466493
0.046084
0.0455764
0.0451454
0.0448178
0.044631
0.961692
0.892184
0.829084
0.771727
0.719522
0.671944
0.628523
0.588843
0.552532
0.519258
0.488725
0.460668
0.434851
0.411062
0.389111
0.36883
0.350065
0.332679
0.31655
0.301568
0.287631
0.274652
0.262548
0.251246
0.240682
0.230793
0.221527
0.212834
0.204669
0.196992
0.189766
0.182956
0.176533
0.170468
0.164735
0.159311
0.154174
0.149305
0.144686
0.140299
0.13613
0.132163
0.128388
0.12479
0.121359
0.118086
0.114959
0.111971
0.109113
0.106378
0.103759
0.101248
0.0988407
0.0965304
0.0943119
0.0921803
0.090131
0.0881597
0.0862622
0.0844347
0.0826738
0.0809759
0.0793381
0.0777572
0.0762306
0.0747556
0.0733297
0.0719506
0.0706161
0.069324
0.0680725
0.0668596
0.0656835
0.0645426
0.0634353
0.0623601
0.0613154
0.0603
0.0593125
0.0583516
0.0574163
0.0565054
0.0556178
0.0547527
0.0539091
0.0530863
0.0522838
0.0515012
0.0507383
0.0499955
0.0492736
0.0485741
0.0478997
0.0472544
0.0466445
0.0460791
0.0455714
0.0451404
0.0448128
0.044626
0.961692
0.892184
0.829084
0.771727
0.719522
0.671944
0.628523
0.588843
0.552532
0.519258
0.488725
0.460668
0.434851
0.411062
0.389111
0.36883
0.350065
0.332679
0.31655
0.301567
0.287631
0.274652
0.262548
0.251246
0.240681
0.230793
0.221527
0.212834
0.204669
0.196992
0.189765
0.182956
0.176533
0.170467
0.164734
0.15931
0.154174
0.149305
0.144685
0.140298
0.136129
0.132163
0.128387
0.124789
0.121359
0.118085
0.114958
0.11197
0.109112
0.106377
0.103758
0.101247
0.0988395
0.0965291
0.0943106
0.0921789
0.0901296
0.0881582
0.0862606
0.0844331
0.0826721
0.0809742
0.0793363
0.0777553
0.0762287
0.0747536
0.0733276
0.0719484
0.0706138
0.0693216
0.06807
0.066857
0.0656809
0.0645399
0.0634325
0.0623572
0.0613124
0.0602969
0.0593093
0.0583483
0.0574129
0.0565019
0.0556142
0.0547489
0.0539052
0.0530823
0.0522797
0.051497
0.050734
0.0499911
0.049269
0.0485694
0.0478949
0.0472496
0.0466396
0.0460741
0.0455664
0.0451353
0.0448077
0.0446209
0.961692
0.892184
0.829084
0.771727
0.719522
0.671944
0.628523
0.588843
0.552532
0.519258
0.488725
0.460668
0.434851
0.411062
0.389111
0.36883
0.350065
0.332679
0.31655
0.301567
0.287631
0.274651
0.262548
0.251246
0.240681
0.230793
0.221527
0.212834
0.204669
0.196992
0.189765
0.182956
0.176532
0.170467
0.164734
0.15931
0.154173
0.149304
0.144685
0.140298
0.136128
0.132162
0.128386
0.124788
0.121358
0.118084
0.114957
0.111969
0.109111
0.106376
0.103757
0.101246
0.0988383
0.0965278
0.0943092
0.0921775
0.0901281
0.0881566
0.086259
0.0844314
0.0826703
0.0809724
0.0793344
0.0777534
0.0762266
0.0747514
0.0733254
0.0719461
0.0706114
0.0693192
0.0680675
0.0668544
0.0656782
0.0645371
0.0634296
0.0623542
0.0613093
0.0602937
0.059306
0.0583449
0.0574094
0.0564982
0.0556104
0.0547451
0.0539012
0.0530782
0.0522755
0.0514926
0.0507295
0.0499865
0.0492643
0.0485646
0.04789
0.0472445
0.0466345
0.0460689
0.0455611
0.04513
0.0448024
0.0446156
0.961692
0.892184
0.829084
0.771727
0.719522
0.671944
0.628523
0.588843
0.552532
0.519258
0.488725
0.460668
0.434851
0.411062
0.389111
0.36883
0.350065
0.332679
0.31655
0.301567
0.287631
0.274651
0.262547
0.251246
0.240681
0.230793
0.221526
0.212833
0.204669
0.196991
0.189765
0.182955
0.176532
0.170466
0.164734
0.15931
0.154173
0.149304
0.144684
0.140297
0.136128
0.132161
0.128385
0.124788
0.121357
0.118083
0.114956
0.111968
0.10911
0.106375
0.103755
0.101245
0.098837
0.0965265
0.0943078
0.0921761
0.0901266
0.088155
0.0862573
0.0844297
0.0826685
0.0809705
0.0793324
0.0777514
0.0762245
0.0747493
0.0733231
0.0719438
0.070609
0.0693167
0.0680649
0.0668517
0.0656754
0.0645342
0.0634266
0.0623511
0.0613061
0.0602904
0.0593026
0.0583414
0.0574058
0.0564945
0.0556066
0.0547411
0.0538971
0.053074
0.0522712
0.0514882
0.0507249
0.0499818
0.0492595
0.0485597
0.0478849
0.0472394
0.0466292
0.0460636
0.0455558
0.0451246
0.044797
0.0446102
0.961692
0.892184
0.829084
0.771727
0.719522
0.671944
0.628523
0.588843
0.552532
0.519258
0.488725
0.460668
0.434851
0.411062
0.389111
0.36883
0.350065
0.332679
0.31655
0.301567
0.287631
0.274651
0.262547
0.251246
0.240681
0.230792
0.221526
0.212833
0.204668
0.196991
0.189764
0.182955
0.176531
0.170466
0.164733
0.159309
0.154172
0.149303
0.144683
0.140296
0.136127
0.132161
0.128385
0.124787
0.121356
0.118082
0.114955
0.111967
0.109109
0.106374
0.103754
0.101243
0.0988357
0.0965251
0.0943064
0.0921745
0.090125
0.0881534
0.0862556
0.0844279
0.0826667
0.0809686
0.0793304
0.0777493
0.0762223
0.074747
0.0733208
0.0719414
0.0706065
0.0693141
0.0680622
0.0668489
0.0656725
0.0645313
0.0634236
0.0623479
0.0613029
0.060287
0.0592991
0.0583378
0.0574021
0.0564907
0.0556027
0.054737
0.053893
0.0530697
0.0522667
0.0514836
0.0507202
0.049977
0.0492546
0.0485546
0.0478798
0.0472341
0.0466239
0.0460582
0.0455503
0.0451191
0.0447915
0.0446047
0.961692
0.892184
0.829084
0.771727
0.719522
0.671944
0.628523
0.588843
0.552532
0.519258
0.488725
0.460668
0.434851
0.411062
0.389111
0.36883
0.350065
0.332679
0.31655
0.301567
0.287631
0.274651
0.262547
0.251246
0.240681
0.230792
0.221526
0.212833
0.204668
0.196991
0.189764
0.182955
0.176531
0.170466
0.164733
0.159309
0.154172
0.149303
0.144683
0.140296
0.136126
0.13216
0.128384
0.124786
0.121355
0.118081
0.114954
0.111966
0.109108
0.106373
0.103753
0.101242
0.0988343
0.0965237
0.0943049
0.092173
0.0901234
0.0881517
0.0862539
0.0844261
0.0826648
0.0809666
0.0793284
0.0777471
0.0762201
0.0747447
0.0733184
0.0719389
0.0706039
0.0693115
0.0680595
0.0668461
0.0656696
0.0645282
0.0634205
0.0623447
0.0612995
0.0602836
0.0592956
0.0583342
0.0573983
0.0564868
0.0555986
0.0547329
0.0538887
0.0530653
0.0522622
0.0514789
0.0507155
0.0499721
0.0492496
0.0485495
0.0478745
0.0472288
0.0466185
0.0460527
0.0455447
0.0451135
0.0447859
0.0445991
0.961692
0.892184
0.829084
0.771727
0.719522
0.671944
0.628523
0.588843
0.552532
0.519258
0.488725
0.460668
0.434851
0.411062
0.389111
0.36883
0.350065
0.332679
0.31655
0.301567
0.287631
0.274651
0.262547
0.251246
0.240681
0.230792
0.221526
0.212833
0.204668
0.19699
0.189764
0.182954
0.176531
0.170465
0.164732
0.159308
0.154171
0.149302
0.144682
0.140295
0.136125
0.132159
0.128383
0.124785
0.121354
0.11808
0.114953
0.111965
0.109107
0.106371
0.103752
0.101241
0.0988329
0.0965222
0.0943034
0.0921714
0.0901217
0.08815
0.0862521
0.0844242
0.0826628
0.0809646
0.0793263
0.077745
0.0762179
0.0747424
0.073316
0.0719364
0.0706013
0.0693088
0.0680567
0.0668432
0.0656666
0.0645252
0.0634173
0.0623414
0.0612962
0.0602801
0.0592919
0.0583305
0.0573944
0.0564828
0.0555946
0.0547287
0.0538844
0.0530609
0.0522576
0.0514742
0.0507106
0.0499671
0.0492445
0.0485443
0.0478692
0.0472234
0.046613
0.0460471
0.0455391
0.0451079
0.0447802
0.0445934
0.961692
0.892184
0.829084
0.771727
0.719522
0.671944
0.628523
0.588843
0.552532
0.519258
0.488725
0.460668
0.434851
0.411062
0.389111
0.36883
0.350065
0.332679
0.31655
0.301567
0.287631
0.274651
0.262547
0.251245
0.24068
0.230792
0.221526
0.212832
0.204667
0.19699
0.189763
0.182954
0.17653
0.170465
0.164732
0.159307
0.154171
0.149301
0.144681
0.140294
0.136125
0.132158
0.128382
0.124784
0.121353
0.118079
0.114952
0.111964
0.109106
0.10637
0.10375
0.101239
0.0988315
0.0965207
0.0943018
0.0921698
0.0901201
0.0881482
0.0862503
0.0844223
0.0826609
0.0809625
0.0793241
0.0777428
0.0762156
0.07474
0.0733135
0.0719338
0.0705987
0.069306
0.0680539
0.0668403
0.0656636
0.064522
0.0634141
0.0623381
0.0612927
0.0602765
0.0592883
0.0583267
0.0573906
0.0564788
0.0555904
0.0547244
0.05388
0.0530564
0.052253
0.0514695
0.0507057
0.0499621
0.0492393
0.0485391
0.0478639
0.0472179
0.0466074
0.0460415
0.0455334
0.0451022
0.0447745
0.0445877
0.961692
0.892184
0.829084
0.771727
0.719522
0.671944
0.628523
0.588843
0.552532
0.519258
0.488725
0.460668
0.434851
0.411062
0.389111
0.36883
0.350065
0.332679
0.31655
0.301567
0.287631
0.274651
0.262547
0.251245
0.24068
0.230792
0.221525
0.212832
0.204667
0.19699
0.189763
0.182953
0.17653
0.170464
0.164731
0.159307
0.15417
0.149301
0.144681
0.140294
0.136124
0.132157
0.128381
0.124783
0.121352
0.118078
0.114951
0.111963
0.109105
0.106369
0.103749
0.101238
0.0988301
0.0965192
0.0943003
0.0921682
0.0901184
0.0881465
0.0862484
0.0844204
0.0826589
0.0809604
0.079322
0.0777405
0.0762133
0.0747376
0.0733111
0.0719313
0.070596
0.0693033
0.068051
0.0668374
0.0656605
0.0645189
0.0634108
0.0623347
0.0612892
0.060273
0.0592846
0.0583229
0.0573866
0.0564748
0.0555862
0.0547201
0.0538756
0.0530518
0.0522483
0.0514647
0.0507008
0.0499571
0.0492342
0.0485338
0.0478585
0.0472125
0.0466019
0.0460359
0.0455278
0.0450965
0.0447688
0.044582
0.961692
0.892184
0.829084
0.771727
0.719522
0.671944
0.628523
0.588843
0.552532
0.519258
0.488725
0.460668
0.434851
0.411062
0.389111
0.36883
0.350065
0.332679
0.31655
0.301567
0.28763
0.274651
0.262547
0.251245
0.24068
0.230791
0.221525
0.212832
0.204667
0.196989
0.189763
0.182953
0.176529
0.170464
0.164731
0.159306
0.154169
0.1493
0.14468
0.140293
0.136123
0.132157
0.12838
0.124782
0.121351
0.118077
0.11495
0.111962
0.109103
0.106368
0.103748
0.101237
0.0988286
0.0965177
0.0942987
0.0921665
0.0901167
0.0881447
0.0862466
0.0844185
0.0826569
0.0809584
0.0793198
0.0777383
0.0762109
0.0747352
0.0733085
0.0719287
0.0705933
0.0693005
0.0680481
0.0668344
0.0656575
0.0645157
0.0634075
0.0623313
0.0612857
0.0602694
0.0592809
0.058319
0.0573827
0.0564707
0.0555821
0.0547158
0.0538711
0.0530473
0.0522436
0.0514599
0.0506959
0.049952
0.049229
0.0485285
0.0478531
0.047207
0.0465963
0.0460303
0.0455221
0.0450908
0.0447631
0.0445763
0.961692
0.892184
0.829084
0.771727
0.719523
0.671944
0.628523
0.588843
0.552532
0.519258
0.488725
0.460668
0.434851
0.411062
0.389111
0.36883
0.350064
0.332679
0.31655
0.301567
0.28763
0.274651
0.262546
0.251245
0.24068
0.230791
0.221525
0.212832
0.204667
0.196989
0.189762
0.182953
0.176529
0.170463
0.16473
0.159306
0.154169
0.149299
0.144679
0.140292
0.136122
0.132156
0.12838
0.124781
0.12135
0.118076
0.114949
0.11196
0.109102
0.106367
0.103746
0.101235
0.0988272
0.0965162
0.0942971
0.0921649
0.0901149
0.0881429
0.0862447
0.0844165
0.0826548
0.0809563
0.0793176
0.077736
0.0762086
0.0747328
0.073306
0.0719261
0.0705906
0.0692977
0.0680452
0.0668314
0.0656544
0.0645125
0.0634042
0.0623279
0.0612822
0.0602658
0.0592772
0.0583152
0.0573787
0.0564666
0.0555779
0.0547115
0.0538667
0.0530427
0.052239
0.0514551
0.050691
0.049947
0.0492239
0.0485233
0.0478478
0.0472016
0.0465908
0.0460247
0.0455165
0.0450851
0.0447574
0.0445707
0.961692
0.892184
0.829084
0.771727
0.719523
0.671944
0.628523
0.588843
0.552532
0.519258
0.488725
0.460668
0.434851
0.411062
0.389111
0.36883
0.350064
0.332679
0.31655
0.301567
0.28763
0.27465
0.262546
0.251245
0.24068
0.230791
0.221525
0.212831
0.204666
0.196989
0.189762
0.182952
0.176528
0.170463
0.16473
0.159305
0.154168
0.149299
0.144679
0.140291
0.136122
0.132155
0.128379
0.12478
0.121349
0.118075
0.114948
0.111959
0.109101
0.106365
0.103745
0.101234
0.0988257
0.0965147
0.0942955
0.0921632
0.0901132
0.0881411
0.0862428
0.0844146
0.0826528
0.0809542
0.0793155
0.0777338
0.0762063
0.0747303
0.0733035
0.0719235
0.070588
0.0692949
0.0680424
0.0668284
0.0656513
0.0645094
0.063401
0.0623246
0.0612788
0.0602622
0.0592735
0.0583114
0.0573748
0.0564626
0.0555737
0.0547073
0.0538623
0.0530382
0.0522343
0.0514503
0.0506861
0.049942
0.0492188
0.0485181
0.0478425
0.0471962
0.0465854
0.0460192
0.045511
0.0450796
0.0447518
0.0445651
0.961692
0.892184
0.829084
0.771727
0.719523
0.671944
0.628523
0.588843
0.552532
0.519258
0.488725
0.460668
0.434851
0.411062
0.389111
0.36883
0.350064
0.332679
0.31655
0.301567
0.28763
0.27465
0.262546
0.251245
0.240679
0.230791
0.221524
0.212831
0.204666
0.196988
0.189762
0.182952
0.176528
0.170462
0.164729
0.159305
0.154168
0.149298
0.144678
0.140291
0.136121
0.132154
0.128378
0.12478
0.121348
0.118074
0.114947
0.111958
0.1091
0.106364
0.103744
0.101233
0.0988243
0.0965132
0.0942939
0.0921616
0.0901115
0.0881393
0.086241
0.0844127
0.0826508
0.0809521
0.0793133
0.0777315
0.0762039
0.0747279
0.073301
0.0719209
0.0705853
0.0692921
0.0680395
0.0668255
0.0656483
0.0645062
0.0633977
0.0623212
0.0612753
0.0602586
0.0592698
0.0583076
0.0573709
0.0564586
0.0555696
0.054703
0.053858
0.0530338
0.0522298
0.0514457
0.0506814
0.0499371
0.0492138
0.048513
0.0478373
0.047191
0.0465801
0.0460138
0.0455055
0.0450741
0.0447464
0.0445597
0.961692
0.892184
0.829084
0.771727
0.719523
0.671944
0.628523
0.588843
0.552532
0.519258
0.488725
0.460668
0.434851
0.411062
0.389111
0.36883
0.350064
0.332679
0.31655
0.301567
0.28763
0.27465
0.262546
0.251244
0.240679
0.230791
0.221524
0.212831
0.204666
0.196988
0.189761
0.182951
0.176528
0.170462
0.164729
0.159304
0.154167
0.149297
0.144677
0.14029
0.13612
0.132153
0.128377
0.124779
0.121347
0.118073
0.114946
0.111957
0.109099
0.106363
0.103742
0.101231
0.0988229
0.0965117
0.0942924
0.09216
0.0901098
0.0881375
0.0862391
0.0844107
0.0826488
0.08095
0.0793111
0.0777293
0.0762016
0.0747255
0.0732985
0.0719183
0.0705826
0.0692894
0.0680367
0.0668225
0.0656453
0.0645031
0.0633945
0.0623179
0.0612719
0.0602551
0.0592662
0.0583039
0.0573671
0.0564547
0.0555656
0.0546989
0.0538537
0.0530294
0.0522253
0.0514411
0.0506767
0.0499323
0.0492089
0.048508
0.0478323
0.0471858
0.0465749
0.0460086
0.0455002
0.0450688
0.044741
0.0445544
0.961692
0.892184
0.829084
0.771727
0.719523
0.671944
0.628523
0.588843
0.552532
0.519258
0.488725
0.460668
0.434851
0.411062
0.389111
0.36883
0.350064
0.332679
0.316549
0.301566
0.28763
0.27465
0.262546
0.251244
0.240679
0.23079
0.221524
0.21283
0.204665
0.196988
0.189761
0.182951
0.176527
0.170461
0.164728
0.159304
0.154166
0.149297
0.144677
0.140289
0.136119
0.132153
0.128376
0.124778
0.121346
0.118072
0.114945
0.111956
0.109097
0.106361
0.103741
0.10123
0.0988214
0.0965102
0.0942908
0.0921583
0.0901081
0.0881358
0.0862373
0.0844088
0.0826469
0.080948
0.079309
0.0777271
0.0761994
0.0747232
0.0732961
0.0719158
0.07058
0.0692867
0.0680339
0.0668197
0.0656423
0.0645001
0.0633914
0.0623147
0.0612686
0.0602517
0.0592626
0.0583003
0.0573634
0.0564508
0.0555616
0.0546948
0.0538496
0.0530251
0.052221
0.0514366
0.0506721
0.0499277
0.0492042
0.0485032
0.0478274
0.0471809
0.0465698
0.0460035
0.0454951
0.0450637
0.0447359
0.0445492
0.961692
0.892184
0.829084
0.771727
0.719523
0.671944
0.628523
0.588843
0.552532
0.519258
0.488725
0.460668
0.434851
0.411062
0.389111
0.36883
0.350064
0.332678
0.316549
0.301566
0.28763
0.27465
0.262546
0.251244
0.240679
0.23079
0.221524
0.21283
0.204665
0.196987
0.18976
0.182951
0.176527
0.170461
0.164728
0.159303
0.154166
0.149296
0.144676
0.140289
0.136119
0.132152
0.128375
0.124777
0.121345
0.118071
0.114944
0.111955
0.109096
0.10636
0.10374
0.101229
0.09882
0.0965087
0.0942893
0.0921568
0.0901065
0.0881341
0.0862355
0.084407
0.0826449
0.080946
0.079307
0.077725
0.0761971
0.0747209
0.0732937
0.0719133
0.0705775
0.0692841
0.0680312
0.0668169
0.0656394
0.0644971
0.0633883
0.0623115
0.0612653
0.0602483
0.0592592
0.0582967
0.0573597
0.0564471
0.0555578
0.0546909
0.0538456
0.053021
0.0522168
0.0514323
0.0506677
0.0499232
0.0491997
0.0484986
0.0478227
0.0471761
0.046565
0.0459987
0.0454903
0.0450588
0.044731
0.0445444
0.961692
0.892184
0.829084
0.771727
0.719523
0.671944
0.628523
0.588843
0.552532
0.519258
0.488725
0.460668
0.434851
0.411062
0.389111
0.36883
0.350064
0.332678
0.316549
0.301566
0.28763
0.27465
0.262546
0.251244
0.240679
0.23079
0.221523
0.21283
0.204665
0.196987
0.18976
0.18295
0.176526
0.17046
0.164727
0.159302
0.154165
0.149296
0.144675
0.140288
0.136118
0.132151
0.128374
0.124776
0.121345
0.11807
0.114943
0.111954
0.109095
0.106359
0.103739
0.101227
0.0988187
0.0965073
0.0942878
0.0921552
0.0901049
0.0881324
0.0862338
0.0844052
0.0826431
0.080944
0.079305
0.0777229
0.076195
0.0747187
0.0732914
0.071911
0.070575
0.0692816
0.0680286
0.0668142
0.0656366
0.0644942
0.0633854
0.0623085
0.0612622
0.0602451
0.0592559
0.0582934
0.0573563
0.0564435
0.0555542
0.0546872
0.0538417
0.0530171
0.0522127
0.0514283
0.0506636
0.049919
0.0491953
0.0484942
0.0478183
0.0471716
0.0465605
0.0459941
0.0454856
0.0450542
0.0447264
0.0445398
0.961692
0.892184
0.829084
0.771727
0.719523
0.671944
0.628523
0.588843
0.552532
0.519258
0.488725
0.460668
0.434851
0.411062
0.389111
0.368829
0.350064
0.332678
0.316549
0.301566
0.287629
0.27465
0.262545
0.251244
0.240678
0.23079
0.221523
0.21283
0.204664
0.196987
0.18976
0.18295
0.176526
0.17046
0.164727
0.159302
0.154165
0.149295
0.144675
0.140287
0.136117
0.13215
0.128374
0.124775
0.121344
0.118069
0.114942
0.111953
0.109094
0.106358
0.103737
0.101226
0.0988174
0.096506
0.0942864
0.0921537
0.0901033
0.0881308
0.0862321
0.0844035
0.0826413
0.0809422
0.079303
0.0777209
0.0761929
0.0747165
0.0732892
0.0719087
0.0705727
0.0692791
0.0680261
0.0668116
0.065634
0.0644915
0.0633825
0.0623056
0.0612592
0.0602421
0.0592528
0.0582901
0.057353
0.0564402
0.0555507
0.0546836
0.0538381
0.0530134
0.052209
0.0514244
0.0506596
0.049915
0.0491913
0.0484901
0.0478141
0.0471674
0.0465562
0.0459898
0.0454814
0.0450499
0.0447221
0.0445355
0.961692
0.892184
0.829084
0.771727
0.719523
0.671944
0.628523
0.588843
0.552532
0.519258
0.488725
0.460668
0.434851
0.411062
0.389111
0.368829
0.350064
0.332678
0.316549
0.301566
0.287629
0.274649
0.262545
0.251243
0.240678
0.230789
0.221523
0.212829
0.204664
0.196986
0.189759
0.182949
0.176525
0.17046
0.164726
0.159301
0.154164
0.149294
0.144674
0.140287
0.136116
0.132149
0.128373
0.124774
0.121343
0.118068
0.114941
0.111952
0.109093
0.106357
0.103736
0.101225
0.0988161
0.0965046
0.094285
0.0921523
0.0901018
0.0881293
0.0862305
0.0844018
0.0826396
0.0809404
0.0793012
0.077719
0.0761909
0.0747145
0.0732871
0.0719065
0.0705704
0.0692768
0.0680237
0.0668092
0.0656315
0.0644889
0.0633799
0.0623029
0.0612564
0.0602392
0.0592498
0.0582871
0.0573498
0.056437
0.0555474
0.0546803
0.0538347
0.0530099
0.0522054
0.0514208
0.050656
0.0499113
0.0491875
0.0484863
0.0478102
0.0471635
0.0465523
0.0459859
0.0454774
0.0450459
0.0447182
0.0445315
0.961692
0.892184
0.829084
0.771728
0.719523
0.671944
0.628523
0.588843
0.552532
0.519258
0.488725
0.460668
0.434851
0.411062
0.389111
0.368829
0.350064
0.332678
0.316549
0.301566
0.287629
0.274649
0.262545
0.251243
0.240678
0.230789
0.221523
0.212829
0.204664
0.196986
0.189759
0.182949
0.176525
0.170459
0.164726
0.159301
0.154164
0.149294
0.144673
0.140286
0.136116
0.132149
0.128372
0.124773
0.121342
0.118067
0.11494
0.111951
0.109092
0.106356
0.103735
0.101224
0.0988149
0.0965034
0.0942837
0.092151
0.0901004
0.0881278
0.086229
0.0844002
0.0826379
0.0809387
0.0792995
0.0777172
0.0761891
0.0747126
0.0732851
0.0719045
0.0705683
0.0692747
0.0680215
0.0668069
0.0656291
0.0644865
0.0633774
0.0623003
0.0612538
0.0602365
0.0592471
0.0582843
0.057347
0.056434
0.0555444
0.0546772
0.0538316
0.0530068
0.0522022
0.0514175
0.0506527
0.0499079
0.0491841
0.0484829
0.0478068
0.04716
0.0465488
0.0459824
0.0454739
0.0450424
0.0447146
0.044528
0.961692
0.892184
0.829084
0.771728
0.719523
0.671944
0.628523
0.588843
0.552532
0.519258
0.488725
0.460668
0.434851
0.411062
0.389111
0.368829
0.350064
0.332678
0.316549
0.301566
0.287629
0.274649
0.262545
0.251243
0.240678
0.230789
0.221522
0.212829
0.204663
0.196986
0.189759
0.182949
0.176525
0.170459
0.164725
0.1593
0.154163
0.149293
0.144673
0.140285
0.136115
0.132148
0.128371
0.124773
0.121341
0.118066
0.114939
0.11195
0.109091
0.106355
0.103734
0.101223
0.0988138
0.0965022
0.0942825
0.0921497
0.0900991
0.0881264
0.0862276
0.0843988
0.0826364
0.0809372
0.0792978
0.0777155
0.0761874
0.0747108
0.0732833
0.0719026
0.0705664
0.0692727
0.0680194
0.0668048
0.0656269
0.0644842
0.0633751
0.062298
0.0612514
0.060234
0.0592446
0.0582817
0.0573444
0.0564314
0.0555417
0.0546745
0.0538288
0.0530039
0.0521993
0.0514146
0.0506497
0.0499049
0.0491811
0.0484798
0.0478037
0.047157
0.0465458
0.0459793
0.0454709
0.0450393
0.0447116
0.044525
0.961692
0.892185
0.829084
0.771728
0.719523
0.671944
0.628523
0.588843
0.552532
0.519258
0.488725
0.460668
0.434851
0.411062
0.389111
0.368829
0.350064
0.332678
0.316549
0.301566
0.287629
0.274649
0.262545
0.251243
0.240678
0.230789
0.221522
0.212828
0.204663
0.196985
0.189758
0.182948
0.176524
0.170458
0.164725
0.1593
0.154163
0.149293
0.144672
0.140285
0.136114
0.132147
0.128371
0.124772
0.12134
0.118066
0.114938
0.111949
0.10909
0.106354
0.103733
0.101222
0.0988128
0.0965012
0.0942814
0.0921485
0.0900979
0.0881252
0.0862263
0.0843975
0.082635
0.0809357
0.0792964
0.077714
0.0761858
0.0747092
0.0732817
0.0719009
0.0705646
0.0692709
0.0680176
0.0668029
0.065625
0.0644822
0.063373
0.0622959
0.0612493
0.0602319
0.0592423
0.0582795
0.0573421
0.056429
0.0555393
0.0546721
0.0538263
0.0530014
0.0521968
0.0514121
0.0506472
0.0499024
0.0491786
0.0484773
0.0478012
0.0471544
0.0465432
0.0459768
0.0454683
0.0450368
0.0447091
0.0445225
0.961692
0.892185
0.829084
0.771728
0.719523
0.671944
0.628523
0.588843
0.552532
0.519258
0.488725
0.460668
0.434851
0.411061
0.389111
0.368829
0.350064
0.332678
0.316549
0.301566
0.287629
0.274649
0.262545
0.251243
0.240677
0.230789
0.221522
0.212828
0.204663
0.196985
0.189758
0.182948
0.176524
0.170458
0.164724
0.1593
0.154162
0.149292
0.144672
0.140284
0.136114
0.132147
0.12837
0.124771
0.12134
0.118065
0.114937
0.111948
0.109089
0.106353
0.103732
0.101221
0.0988118
0.0965002
0.0942804
0.0921475
0.0900968
0.0881241
0.0862252
0.0843963
0.0826338
0.0809345
0.0792951
0.0777126
0.0761844
0.0747077
0.0732802
0.0718994
0.0705631
0.0692693
0.0680159
0.0668012
0.0656233
0.0644805
0.0633713
0.0622941
0.0612474
0.06023
0.0592404
0.0582775
0.0573401
0.056427
0.0555373
0.05467
0.0538243
0.0529994
0.0521948
0.05141
0.0506451
0.0499003
0.0491765
0.0484752
0.0477992
0.0471524
0.0465413
0.0459748
0.0454664
0.0450349
0.0447072
0.0445206
0.961692
0.892185
0.829084
0.771728
0.719523
0.671944
0.628523
0.588843
0.552532
0.519258
0.488725
0.460668
0.434851
0.411061
0.389111
0.368829
0.350064
0.332678
0.316549
0.301565
0.287629
0.274649
0.262544
0.251243
0.240677
0.230788
0.221522
0.212828
0.204663
0.196985
0.189758
0.182948
0.176524
0.170458
0.164724
0.159299
0.154162
0.149292
0.144671
0.140284
0.136113
0.132146
0.128369
0.124771
0.121339
0.118064
0.114937
0.111948
0.109089
0.106352
0.103732
0.10122
0.098811
0.0964993
0.0942795
0.0921466
0.0900959
0.0881231
0.0862242
0.0843952
0.0826327
0.0809334
0.0792939
0.0777115
0.0761832
0.0747065
0.0732789
0.0718981
0.0705618
0.0692679
0.0680145
0.0667998
0.0656218
0.064479
0.0633698
0.0622926
0.0612459
0.0602284
0.0592389
0.0582759
0.0573385
0.0564254
0.0555357
0.0546684
0.0538227
0.0529978
0.0521932
0.0514085
0.0506436
0.0498988
0.049175
0.0484738
0.0477977
0.047151
0.0465399
0.0459735
0.045465
0.0450336
0.0447059
0.0445193
0.961692
0.892185
0.829084
0.771728
0.719523
0.671944
0.628523
0.588843
0.552532
0.519258
0.488725
0.460668
0.43485
0.411061
0.389111
0.368829
0.350064
0.332678
0.316549
0.301565
0.287629
0.274649
0.262544
0.251242
0.240677
0.230788
0.221521
0.212828
0.204662
0.196985
0.189758
0.182947
0.176523
0.170457
0.164724
0.159299
0.154161
0.149292
0.144671
0.140283
0.136113
0.132146
0.128369
0.12477
0.121339
0.118064
0.114936
0.111947
0.109088
0.106352
0.103731
0.101219
0.0988103
0.0964986
0.0942788
0.0921458
0.0900951
0.0881223
0.0862233
0.0843944
0.0826319
0.0809325
0.079293
0.0777105
0.0761822
0.0747055
0.0732779
0.071897
0.0705607
0.0692668
0.0680135
0.0667987
0.0656207
0.0644779
0.0633686
0.0622914
0.0612447
0.0602273
0.0592377
0.0582748
0.0573373
0.0564243
0.0555346
0.0546673
0.0538216
0.0529967
0.0521921
0.0514074
0.0506426
0.0498979
0.0491741
0.0484729
0.0477969
0.0471503
0.0465392
0.0459728
0.0454644
0.045033
0.0447053
0.0445187
0.961692
0.892185
0.829084
0.771728
0.719523
0.671944
0.628523
0.588843
0.552532
0.519258
0.488725
0.460668
0.43485
0.411061
0.389111
0.368829
0.350064
0.332678
0.316548
0.301565
0.287629
0.274648
0.262544
0.251242
0.240677
0.230788
0.221521
0.212828
0.204662
0.196984
0.189757
0.182947
0.176523
0.170457
0.164723
0.159299
0.154161
0.149291
0.144671
0.140283
0.136113
0.132146
0.128369
0.12477
0.121338
0.118063
0.114936
0.111947
0.109088
0.106351
0.10373
0.101219
0.0988098
0.0964981
0.0942782
0.0921452
0.0900945
0.0881217
0.0862227
0.0843937
0.0826312
0.0809318
0.0792923
0.0777098
0.0761815
0.0747048
0.0732771
0.0718963
0.0705599
0.0692661
0.0680127
0.0667979
0.0656199
0.0644771
0.0633679
0.0622906
0.061244
0.0602265
0.0592369
0.058274
0.0573366
0.0564236
0.055534
0.0546667
0.053821
0.0529962
0.0521916
0.051407
0.0506422
0.0498976
0.0491739
0.0484728
0.0477969
0.0471503
0.0465392
0.0459729
0.0454645
0.0450331
0.0447054
0.0445189
0.961692
0.892185
0.829084
0.771728
0.719523
0.671944
0.628523
0.588843
0.552532
0.519258
0.488725
0.460668
0.43485
0.411061
0.389111
0.368829
0.350063
0.332678
0.316548
0.301565
0.287628
0.274648
0.262544
0.251242
0.240677
0.230788
0.221521
0.212827
0.204662
0.196984
0.189757
0.182947
0.176523
0.170457
0.164723
0.159298
0.154161
0.149291
0.14467
0.140283
0.136112
0.132145
0.128368
0.12477
0.121338
0.118063
0.114935
0.111946
0.109087
0.106351
0.10373
0.101218
0.0988094
0.0964977
0.0942778
0.0921448
0.0900941
0.0881212
0.0862222
0.0843933
0.0826307
0.0809313
0.0792918
0.0777093
0.076181
0.0747043
0.0732767
0.0718958
0.0705595
0.0692656
0.0680122
0.0667975
0.0656195
0.0644767
0.0633675
0.0622903
0.0612436
0.0602262
0.0592367
0.0582738
0.0573364
0.0564235
0.0555339
0.0546667
0.0538211
0.0529963
0.0521918
0.0514073
0.0506426
0.049898
0.0491744
0.0484734
0.0477975
0.047151
0.0465401
0.0459738
0.0454655
0.0450341
0.0447065
0.0445199
0.961692
0.892185
0.829084
0.771728
0.719523
0.671944
0.628523
0.588843
0.552532
0.519258
0.488725
0.460668
0.43485
0.411061
0.389111
0.368829
0.350063
0.332678
0.316548
0.301565
0.287628
0.274648
0.262544
0.251242
0.240677
0.230788
0.221521
0.212827
0.204662
0.196984
0.189757
0.182947
0.176523
0.170457
0.164723
0.159298
0.154161
0.149291
0.14467
0.140283
0.136112
0.132145
0.128368
0.124769
0.121338
0.118063
0.114935
0.111946
0.109087
0.106351
0.10373
0.101218
0.0988092
0.0964975
0.0942776
0.0921446
0.0900939
0.088121
0.086222
0.0843931
0.0826305
0.0809311
0.0792917
0.0777092
0.0761809
0.0747042
0.0732766
0.0718957
0.0705594
0.0692655
0.0680122
0.0667974
0.0656195
0.0644767
0.0633675
0.0622904
0.0612438
0.0602264
0.0592369
0.0582741
0.0573368
0.0564239
0.0555344
0.0546673
0.0538218
0.0529971
0.0521927
0.0514083
0.0506437
0.0498992
0.0491758
0.0484748
0.0477991
0.0471527
0.0465418
0.0459756
0.0454674
0.0450361
0.0447084
0.0445219
0.961692
0.892185
0.829084
0.771728
0.719523
0.671944
0.628523
0.588843
0.552532
0.519258
0.488725
0.460668
0.43485
0.411061
0.389111
0.368829
0.350063
0.332678
0.316548
0.301565
0.287628
0.274648
0.262544
0.251242
0.240677
0.230788
0.221521
0.212827
0.204662
0.196984
0.189757
0.182947
0.176523
0.170457
0.164723
0.159298
0.154161
0.149291
0.14467
0.140283
0.136112
0.132145
0.128368
0.124769
0.121338
0.118063
0.114935
0.111946
0.109087
0.106351
0.10373
0.101218
0.0988092
0.0964975
0.0942776
0.0921447
0.0900939
0.0881211
0.0862221
0.0843932
0.0826306
0.0809312
0.0792918
0.0777093
0.0761811
0.0747044
0.0732768
0.071896
0.0705597
0.0692659
0.0680126
0.0667979
0.06562
0.0644773
0.0633681
0.062291
0.0612445
0.0602272
0.0592378
0.0582751
0.0573379
0.056425
0.0555356
0.0546686
0.0538232
0.0529987
0.0521944
0.0514101
0.0506457
0.0499014
0.049178
0.0484772
0.0478016
0.0471554
0.0465446
0.0459785
0.0454703
0.045039
0.0447114
0.044525
0.961692
0.892185
0.829084
0.771728
0.719523
0.671944
0.628523
0.588843
0.552532
0.519258
0.488725
0.460668
0.43485
0.411061
0.389111
0.368829
0.350063
0.332678
0.316548
0.301565
0.287628
0.274648
0.262544
0.251242
0.240677
0.230788
0.221521
0.212827
0.204662
0.196984
0.189757
0.182947
0.176523
0.170457
0.164723
0.159298
0.154161
0.149291
0.14467
0.140283
0.136112
0.132145
0.128368
0.124769
0.121338
0.118063
0.114935
0.111946
0.109087
0.106351
0.10373
0.101218
0.0988094
0.0964977
0.0942779
0.0921449
0.0900942
0.0881214
0.0862225
0.0843936
0.0826311
0.0809317
0.0792923
0.0777099
0.0761816
0.074705
0.0732775
0.0718967
0.0705605
0.0692667
0.0680134
0.0667988
0.065621
0.0644784
0.0633693
0.0622922
0.0612458
0.0602286
0.0592393
0.0582767
0.0573396
0.0564269
0.0555376
0.0546708
0.0538255
0.0530011
0.052197
0.0514129
0.0506486
0.0499045
0.0491813
0.0484807
0.0478053
0.0471591
0.0465485
0.0459825
0.0454744
0.0450432
0.0447156
0.0445292
0.961692
0.892185
0.829084
0.771728
0.719523
0.671944
0.628523
0.588843
0.552532
0.519258
0.488725
0.460668
0.43485
0.411061
0.389111
0.368829
0.350063
0.332678
0.316548
0.301565
0.287628
0.274648
0.262544
0.251242
0.240677
0.230788
0.221521
0.212827
0.204662
0.196984
0.189757
0.182947
0.176523
0.170457
0.164723
0.159298
0.154161
0.149291
0.144671
0.140283
0.136112
0.132145
0.128368
0.12477
0.121338
0.118063
0.114936
0.111946
0.109088
0.106351
0.10373
0.101219
0.0988099
0.0964983
0.0942785
0.0921455
0.0900949
0.0881221
0.0862232
0.0843943
0.0826319
0.0809325
0.0792932
0.0777108
0.0761826
0.0747061
0.0732786
0.0718979
0.0705617
0.069268
0.0680148
0.0668003
0.0656226
0.06448
0.0633711
0.0622941
0.0612478
0.0602307
0.0592416
0.0582791
0.0573422
0.0564296
0.0555405
0.0546738
0.0538287
0.0530045
0.0522006
0.0514167
0.0506526
0.0499087
0.0491857
0.0484853
0.0478101
0.0471641
0.0465536
0.0459878
0.0454798
0.0450486
0.044721
0.0445346
)
;

boundaryField
{
    inlet
    {
        type            fixedValue;
        value           uniform 1;
    }
    outlet
    {
        type            inletOutlet;
        inletValue      uniform 1;
        value           nonuniform List<scalar> 
100
(
0.0444784
0.0444789
0.0444801
0.0444817
0.0444838
0.0444865
0.0444896
0.0444931
0.0444971
0.0445014
0.044506
0.044511
0.0445162
0.0445217
0.0445274
0.0445333
0.0445393
0.0445455
0.0445517
0.044558
0.0445643
0.0445706
0.0445769
0.0445832
0.0445894
0.0445955
0.0446015
0.0446074
0.0446131
0.0446187
0.0446241
0.0446293
0.0446343
0.0446391
0.0446436
0.0446479
0.044652
0.0446558
0.0446594
0.0446627
0.0446657
0.0446684
0.0446709
0.044673
0.0446748
0.0446764
0.0446776
0.0446786
0.0446792
0.0446795
0.0446795
0.0446792
0.0446787
0.0446778
0.0446766
0.0446751
0.0446733
0.0446712
0.0446688
0.0446662
0.0446632
0.04466
0.0446566
0.0446529
0.0446489
0.0446448
0.0446404
0.0446358
0.044631
0.044626
0.0446209
0.0446156
0.0446102
0.0446047
0.0445991
0.0445934
0.0445877
0.044582
0.0445763
0.0445707
0.0445651
0.0445597
0.0445544
0.0445492
0.0445444
0.0445398
0.0445355
0.0445315
0.044528
0.044525
0.0445225
0.0445206
0.0445193
0.0445187
0.0445189
0.0445199
0.0445219
0.044525
0.0445292
0.0445346
)
;
    }
    ground
    {
        type            empty;
    }
    top
    {
        type            empty;
    }
    front
    {
        type            inletOutlet;
        inletValue      uniform 1;
        value           nonuniform List<scalar> 
100
(
0.961692
0.892185
0.829085
0.771728
0.719523
0.671944
0.628523
0.588843
0.552532
0.519258
0.488725
0.460668
0.43485
0.411061
0.389111
0.368829
0.350064
0.332678
0.316548
0.301565
0.287628
0.274648
0.262544
0.251242
0.240677
0.230788
0.221521
0.212827
0.204662
0.196984
0.189757
0.182947
0.176523
0.170457
0.164723
0.159298
0.15416
0.14929
0.14467
0.140282
0.136112
0.132144
0.128367
0.124769
0.121337
0.118062
0.114934
0.111945
0.109086
0.106349
0.103728
0.101216
0.0988073
0.0964954
0.0942754
0.0921422
0.0900912
0.0881182
0.0862189
0.0843897
0.0826269
0.0809272
0.0792874
0.0777045
0.0761759
0.0746987
0.0732707
0.0718893
0.0705525
0.0692581
0.0680042
0.0667887
0.0656101
0.0644666
0.0633566
0.0622785
0.061231
0.0602125
0.059222
0.0582579
0.0573194
0.0564051
0.0555141
0.0546454
0.0537982
0.0529718
0.0521656
0.0513793
0.0506128
0.0498664
0.049141
0.0484382
0.0477607
0.0471127
0.0465005
0.0459333
0.0454243
0.0449926
0.0446648
0.0444784
)
;
    }
    back
    {
        type            inletOutlet;
        inletValue      uniform 1;
        value           nonuniform List<scalar> 
100
(
0.961692
0.892185
0.829084
0.771728
0.719523
0.671944
0.628523
0.588843
0.552532
0.519258
0.488725
0.460668
0.43485
0.411061
0.389111
0.368829
0.350063
0.332678
0.316548
0.301565
0.287628
0.274648
0.262544
0.251242
0.240677
0.230788
0.221521
0.212827
0.204662
0.196984
0.189757
0.182947
0.176523
0.170457
0.164723
0.159298
0.154161
0.149291
0.144671
0.140283
0.136112
0.132145
0.128368
0.12477
0.121338
0.118063
0.114936
0.111946
0.109088
0.106351
0.10373
0.101219
0.0988099
0.0964983
0.0942785
0.0921455
0.0900949
0.0881221
0.0862232
0.0843943
0.0826319
0.0809325
0.0792932
0.0777108
0.0761826
0.0747061
0.0732786
0.0718979
0.0705617
0.069268
0.0680148
0.0668003
0.0656226
0.06448
0.0633711
0.0622941
0.0612478
0.0602307
0.0592416
0.0582791
0.0573422
0.0564296
0.0555405
0.0546738
0.0538287
0.0530045
0.0522006
0.0514167
0.0506526
0.0499087
0.0491857
0.0484853
0.0478101
0.0471641
0.0465536
0.0459878
0.0454798
0.0450486
0.044721
0.0445346
)
;
    }
}


// ************************************************************************* //
