/*--------------------------------*- C++ -*----------------------------------*\
  =========                 |
  \\      /  F ield         | OpenFOAM: The Open Source CFD Toolbox
   \\    /   O peration     | Website:  https://openfoam.org
    \\  /    A nd           | Version:  11
     \\/     M anipulation  |
\*---------------------------------------------------------------------------*/
FoamFile
{
    format      ascii;
    class       volScalarField;
    location    "488";
    object      omega;
}
// * * * * * * * * * * * * * * * * * * * * * * * * * * * * * * * * * * * * * //

dimensions      [0 0 -1 0 0 0 0];

internalField   nonuniform List<scalar> 
10000
(
0.961692
0.892185
0.829085
0.771728
0.719523
0.671944
0.628522
0.588841
0.552528
0.519252
0.488716
0.460657
0.434837
0.411044
0.38909
0.368804
0.350035
0.332644
0.31651
0.301521
0.287579
0.274592
0.262482
0.251173
0.2406
0.230703
0.221428
0.212726
0.204551
0.196864
0.189627
0.182806
0.176371
0.170293
0.164547
0.15911
0.153959
0.149075
0.144439
0.140036
0.135849
0.131865
0.12807
0.124452
0.121001
0.117705
0.114555
0.111543
0.10866
0.105898
0.10325
0.100709
0.0982696
0.0959255
0.0936713
0.0915018
0.0894122
0.0873979
0.0854548
0.0835786
0.0817657
0.0800124
0.0783152
0.076671
0.0750766
0.073529
0.0720256
0.0705636
0.0691407
0.0677543
0.0664023
0.0650827
0.0637936
0.0625331
0.0612999
0.0600926
0.05891
0.0577512
0.0566156
0.0555028
0.0544126
0.0533452
0.0523011
0.051281
0.050286
0.0493173
0.0483766
0.047466
0.0465878
0.0457448
0.0449402
0.0441777
0.0434616
0.0427972
0.0421907
0.04165
0.0411849
0.0408078
0.0405345
0.0403853
0.961692
0.892185
0.829085
0.771728
0.719523
0.671944
0.628522
0.588841
0.552528
0.519252
0.488716
0.460657
0.434837
0.411044
0.38909
0.368804
0.350035
0.332644
0.31651
0.301521
0.287579
0.274593
0.262482
0.251173
0.2406
0.230703
0.221429
0.212726
0.204552
0.196864
0.189627
0.182806
0.176371
0.170293
0.164547
0.15911
0.153959
0.149075
0.14444
0.140036
0.13585
0.131865
0.12807
0.124453
0.121001
0.117706
0.114556
0.111544
0.10866
0.105898
0.10325
0.10071
0.0982702
0.0959261
0.093672
0.0915025
0.0894129
0.0873987
0.0854556
0.0835795
0.0817666
0.0800134
0.0783163
0.0766721
0.0750777
0.0735303
0.0720269
0.070565
0.0691421
0.0677559
0.066404
0.0650845
0.0637954
0.0625351
0.061302
0.0600948
0.0589123
0.0577536
0.0566181
0.0555054
0.0544153
0.053348
0.052304
0.051284
0.0502889
0.0493203
0.0483797
0.0474691
0.046591
0.045748
0.0449433
0.0441807
0.0434645
0.0427999
0.0421933
0.0416526
0.0411874
0.0408102
0.0405368
0.0403875
0.961692
0.892185
0.829086
0.771729
0.719523
0.671944
0.628522
0.588841
0.552528
0.519252
0.488717
0.460657
0.434837
0.411045
0.38909
0.368805
0.350035
0.332644
0.31651
0.301522
0.287579
0.274593
0.262482
0.251173
0.240601
0.230704
0.221429
0.212727
0.204552
0.196865
0.189628
0.182807
0.176372
0.170294
0.164548
0.15911
0.153959
0.149075
0.14444
0.140037
0.13585
0.131866
0.128071
0.124454
0.121002
0.117706
0.114557
0.111545
0.108661
0.105899
0.103251
0.100711
0.0982713
0.0959273
0.0936732
0.0915038
0.0894143
0.0874001
0.0854571
0.0835811
0.0817683
0.0800151
0.0783181
0.076674
0.0750798
0.0735324
0.0720292
0.0705674
0.0691447
0.0677585
0.0664068
0.0650875
0.0637986
0.0625385
0.0613056
0.0600985
0.0589162
0.0577577
0.0566224
0.0555099
0.05442
0.0533529
0.052309
0.0512891
0.0502942
0.0493256
0.0483851
0.0474746
0.0465964
0.0457534
0.0449487
0.044186
0.0434697
0.042805
0.0421983
0.0416574
0.0411921
0.0408148
0.0405413
0.040392
0.961692
0.892185
0.829086
0.771729
0.719523
0.671944
0.628522
0.588841
0.552528
0.519252
0.488717
0.460657
0.434837
0.411045
0.389091
0.368805
0.350035
0.332645
0.316511
0.301522
0.28758
0.274593
0.262483
0.251174
0.240601
0.230704
0.22143
0.212727
0.204553
0.196865
0.189628
0.182808
0.176372
0.170295
0.164549
0.159111
0.15396
0.149076
0.144441
0.140038
0.135851
0.131867
0.128072
0.124455
0.121003
0.117708
0.114558
0.111546
0.108663
0.105901
0.103253
0.100712
0.0982729
0.095929
0.093675
0.0915056
0.0894162
0.0874022
0.0854592
0.0835833
0.0817706
0.0800176
0.0783207
0.0766767
0.0750826
0.0735355
0.0720324
0.0705708
0.0691483
0.0677623
0.0664108
0.0650917
0.0638031
0.0625432
0.0613106
0.0601038
0.0589218
0.0577636
0.0566285
0.0555162
0.0544266
0.0533597
0.052316
0.0512963
0.0503016
0.0493332
0.0483928
0.0474823
0.0466042
0.0457612
0.0449564
0.0441936
0.0434772
0.0428123
0.0422054
0.0416643
0.0411988
0.0408214
0.0405478
0.0403984
0.961692
0.892185
0.829086
0.771729
0.719524
0.671944
0.628523
0.588841
0.552529
0.519253
0.488717
0.460658
0.434838
0.411045
0.389091
0.368806
0.350036
0.332645
0.316511
0.301523
0.28758
0.274594
0.262483
0.251175
0.240602
0.230705
0.22143
0.212728
0.204554
0.196866
0.189629
0.182808
0.176373
0.170296
0.16455
0.159112
0.153961
0.149078
0.144442
0.140039
0.135853
0.131868
0.128074
0.124456
0.121005
0.117709
0.11456
0.111548
0.108664
0.105902
0.103255
0.100714
0.0982751
0.0959312
0.0936773
0.091508
0.0894187
0.0874048
0.085462
0.0835862
0.0817737
0.0800208
0.078324
0.0766803
0.0750864
0.0735394
0.0720366
0.0705752
0.0691529
0.0677672
0.066416
0.0650972
0.0638089
0.0625494
0.061317
0.0601106
0.0589289
0.0577711
0.0566364
0.0555244
0.0544351
0.0533685
0.0523251
0.0513057
0.0503111
0.0493429
0.0484026
0.0474923
0.0466142
0.0457711
0.0449663
0.0442034
0.0434868
0.0428217
0.0422146
0.0416733
0.0412076
0.04083
0.0405562
0.0404067
0.961692
0.892185
0.829086
0.771729
0.719524
0.671944
0.628523
0.588842
0.552529
0.519253
0.488718
0.460658
0.434838
0.411046
0.389092
0.368806
0.350036
0.332646
0.316512
0.301523
0.287581
0.274595
0.262484
0.251175
0.240603
0.230706
0.221431
0.212729
0.204555
0.196867
0.18963
0.18281
0.176374
0.170297
0.164551
0.159114
0.153963
0.149079
0.144444
0.140041
0.135854
0.13187
0.128075
0.124458
0.121007
0.117711
0.114562
0.11155
0.108667
0.105905
0.103257
0.100717
0.0982776
0.0959339
0.0936801
0.091511
0.0894218
0.087408
0.0854653
0.0835897
0.0817774
0.0800246
0.0783281
0.0766846
0.0750909
0.0735442
0.0720416
0.0705806
0.0691585
0.0677732
0.0664223
0.0651039
0.0638159
0.0625568
0.0613249
0.0601188
0.0589376
0.0577801
0.0566458
0.0555343
0.0544453
0.0533791
0.0523361
0.0513169
0.0503226
0.0493546
0.0484145
0.0475042
0.0466262
0.0457831
0.0449782
0.0442151
0.0434983
0.0428331
0.0422257
0.0416841
0.0412182
0.0408403
0.0405664
0.0404168
0.961692
0.892185
0.829086
0.771729
0.719524
0.671945
0.628523
0.588842
0.552529
0.519253
0.488718
0.460659
0.434839
0.411046
0.389092
0.368807
0.350037
0.332647
0.316513
0.301524
0.287582
0.274596
0.262485
0.251176
0.240604
0.230707
0.221432
0.21273
0.204556
0.196869
0.189632
0.182811
0.176376
0.170298
0.164553
0.159115
0.153964
0.149081
0.144446
0.140042
0.135856
0.131872
0.128077
0.12446
0.121009
0.117713
0.114564
0.111552
0.108669
0.105907
0.10326
0.10072
0.0982806
0.095937
0.0936833
0.0915144
0.0894254
0.0874118
0.0854693
0.0835938
0.0817817
0.0800292
0.0783329
0.0766896
0.0750962
0.0735498
0.0720475
0.0705868
0.0691651
0.0677801
0.0664296
0.0651116
0.0638241
0.0625654
0.0613339
0.0601284
0.0589476
0.0577906
0.0566568
0.0555457
0.0544572
0.0533914
0.0523487
0.0513299
0.0503359
0.0493681
0.0484282
0.047518
0.04664
0.0457969
0.0449919
0.0442287
0.0435117
0.0428462
0.0422386
0.0416967
0.0412305
0.0408524
0.0405782
0.0404284
0.961692
0.892185
0.829086
0.771729
0.719524
0.671945
0.628523
0.588842
0.55253
0.519254
0.488718
0.460659
0.434839
0.411047
0.389093
0.368807
0.350038
0.332647
0.316513
0.301525
0.287583
0.274597
0.262486
0.251177
0.240605
0.230708
0.221434
0.212731
0.204557
0.19687
0.189633
0.182812
0.176377
0.1703
0.164554
0.159117
0.153966
0.149082
0.144447
0.140044
0.135858
0.131874
0.12808
0.124462
0.121011
0.117716
0.114567
0.111555
0.108672
0.10591
0.103263
0.100723
0.098284
0.0959406
0.0936871
0.0915183
0.0894294
0.087416
0.0854737
0.0835985
0.0817866
0.0800343
0.0783383
0.0766953
0.0751022
0.0735561
0.0720541
0.0705938
0.0691725
0.0677879
0.0664379
0.0651203
0.0638333
0.0625751
0.0613441
0.0601391
0.0589588
0.0578024
0.0566691
0.0555585
0.0544705
0.0534052
0.052363
0.0513445
0.0503508
0.0493833
0.0484435
0.0475335
0.0466556
0.0458125
0.0450074
0.044244
0.0435268
0.042861
0.0422531
0.0417109
0.0412444
0.0408659
0.0405915
0.0404416
0.961692
0.892185
0.829086
0.771729
0.719524
0.671945
0.628523
0.588842
0.55253
0.519254
0.488719
0.46066
0.43484
0.411048
0.389094
0.368808
0.350039
0.332648
0.316514
0.301526
0.287584
0.274598
0.262487
0.251178
0.240606
0.230709
0.221435
0.212733
0.204558
0.196871
0.189634
0.182814
0.176379
0.170302
0.164556
0.159119
0.153968
0.149084
0.14445
0.140047
0.13586
0.131877
0.128082
0.124465
0.121014
0.117719
0.11457
0.111558
0.108675
0.105914
0.103266
0.100726
0.0982878
0.0959445
0.0936912
0.0915226
0.0894339
0.0874207
0.0854786
0.0836037
0.081792
0.08004
0.0783443
0.0767016
0.0751088
0.073563
0.0720615
0.0706015
0.0691807
0.0677966
0.066447
0.0651299
0.0638434
0.0625858
0.0613554
0.0601509
0.0589712
0.0578154
0.0566827
0.0555727
0.0544852
0.0534204
0.0523786
0.0513605
0.0503672
0.0494
0.0484605
0.0475506
0.0466727
0.0458296
0.0450244
0.0442608
0.0435434
0.0428773
0.042269
0.0417265
0.0412596
0.0408809
0.0406062
0.0404561
0.961692
0.892185
0.829086
0.771729
0.719524
0.671945
0.628524
0.588843
0.55253
0.519254
0.488719
0.46066
0.43484
0.411048
0.389094
0.368809
0.350039
0.332649
0.316515
0.301527
0.287585
0.274599
0.262488
0.25118
0.240607
0.230711
0.221436
0.212734
0.20456
0.196873
0.189636
0.182816
0.176381
0.170303
0.164558
0.159121
0.15397
0.149087
0.144452
0.140049
0.135863
0.131879
0.128085
0.124468
0.121017
0.117722
0.114573
0.111561
0.108679
0.105917
0.10327
0.10073
0.0982919
0.0959488
0.0936956
0.0915272
0.0894388
0.0874258
0.085484
0.0836093
0.0817979
0.0800462
0.0783508
0.0767084
0.075116
0.0735706
0.0720695
0.07061
0.0691896
0.067806
0.0664569
0.0651404
0.0638544
0.0625973
0.0613676
0.0601637
0.0589847
0.0578295
0.0566974
0.055588
0.0545011
0.0534368
0.0523955
0.0513779
0.050385
0.049418
0.0484787
0.047569
0.0466912
0.045848
0.0450427
0.044279
0.0435613
0.0428949
0.0422863
0.0417434
0.0412762
0.0408971
0.0406222
0.0404719
0.961692
0.892185
0.829086
0.771729
0.719524
0.671945
0.628524
0.588843
0.55253
0.519255
0.48872
0.46066
0.434841
0.411049
0.389095
0.368809
0.35004
0.33265
0.316516
0.301528
0.287586
0.2746
0.262489
0.251181
0.240608
0.230712
0.221438
0.212736
0.204562
0.196875
0.189638
0.182817
0.176383
0.170305
0.16456
0.159123
0.153973
0.149089
0.144454
0.140052
0.135866
0.131882
0.128088
0.124471
0.12102
0.117725
0.114576
0.111565
0.108682
0.105921
0.103274
0.100735
0.0982963
0.0959534
0.0937004
0.0915323
0.0894441
0.0874313
0.0854898
0.0836153
0.0818042
0.0800529
0.0783578
0.0767158
0.0751237
0.0735788
0.0720781
0.070619
0.0691991
0.067816
0.0664675
0.0651516
0.0638662
0.0626097
0.0613806
0.0601774
0.058999
0.0578445
0.056713
0.0556043
0.054518
0.0534543
0.0524135
0.0513964
0.0504039
0.0494373
0.0484982
0.0475887
0.0467109
0.0458678
0.0450623
0.0442984
0.0435805
0.0429138
0.0423048
0.0417615
0.0412939
0.0409145
0.0406393
0.0404888
0.961692
0.892185
0.829086
0.771729
0.719524
0.671945
0.628524
0.588843
0.552531
0.519255
0.48872
0.460661
0.434841
0.411049
0.389095
0.36881
0.350041
0.332651
0.316517
0.301529
0.287587
0.274601
0.26249
0.251182
0.24061
0.230714
0.221439
0.212737
0.204563
0.196876
0.18964
0.182819
0.176385
0.170308
0.164562
0.159125
0.153975
0.149092
0.144457
0.140054
0.135868
0.131885
0.128091
0.124474
0.121023
0.117729
0.11458
0.111569
0.108686
0.105925
0.103278
0.100739
0.098301
0.0959583
0.0937055
0.0915376
0.0894496
0.0874372
0.0854959
0.0836217
0.0818109
0.0800599
0.0783652
0.0767236
0.0751319
0.0735874
0.0720872
0.0706286
0.0692092
0.0678267
0.0664787
0.0651634
0.0638787
0.0626229
0.0613944
0.0601919
0.0590142
0.0578603
0.0567296
0.0556215
0.0545359
0.0534727
0.0524325
0.0514159
0.0504238
0.0494576
0.0485188
0.0476094
0.0467317
0.0458886
0.045083
0.0443189
0.0436007
0.0429337
0.0423243
0.0417807
0.0413127
0.0409329
0.0406574
0.0405067
0.961692
0.892185
0.829086
0.771729
0.719524
0.671945
0.628524
0.588843
0.552531
0.519255
0.48872
0.460661
0.434842
0.41105
0.389096
0.368811
0.350042
0.332652
0.316518
0.30153
0.287588
0.274602
0.262492
0.251183
0.240611
0.230715
0.221441
0.212739
0.204565
0.196878
0.189642
0.182821
0.176387
0.17031
0.164565
0.159128
0.153977
0.149094
0.14446
0.140057
0.135871
0.131888
0.128094
0.124477
0.121027
0.117732
0.114584
0.111573
0.10869
0.10593
0.103283
0.100744
0.0983059
0.0959634
0.0937109
0.0915432
0.0894555
0.0874433
0.0855023
0.0836285
0.081818
0.0800673
0.078373
0.0767318
0.0751406
0.0735965
0.0720967
0.0706387
0.0692198
0.0678378
0.0664905
0.0651758
0.0638917
0.0626366
0.0614088
0.060207
0.0590301
0.0578769
0.0567469
0.0556395
0.0545545
0.053492
0.0524524
0.0514363
0.0504447
0.0494788
0.0485403
0.0476311
0.0467535
0.0459103
0.0451047
0.0443404
0.0436219
0.0429545
0.0423448
0.0418007
0.0413323
0.0409521
0.0406763
0.0405254
0.961692
0.892185
0.829086
0.771729
0.719524
0.671945
0.628524
0.588843
0.552531
0.519255
0.48872
0.460662
0.434842
0.41105
0.389097
0.368811
0.350042
0.332652
0.316519
0.301531
0.287589
0.274603
0.262493
0.251185
0.240612
0.230716
0.221442
0.21274
0.204567
0.19688
0.189643
0.182823
0.176389
0.170312
0.164567
0.15913
0.15398
0.149097
0.144462
0.14006
0.135874
0.131891
0.128097
0.124481
0.121031
0.117736
0.114588
0.111577
0.108695
0.105934
0.103288
0.100749
0.098311
0.0959687
0.0937164
0.091549
0.0894616
0.0874497
0.085509
0.0836355
0.0818254
0.080075
0.0783811
0.0767403
0.0751495
0.0736059
0.0721066
0.0706491
0.0692308
0.0678495
0.0665027
0.0651887
0.0639053
0.0626509
0.0614238
0.0602228
0.0590465
0.0578941
0.0567648
0.0556582
0.0545739
0.0535121
0.052473
0.0514575
0.0504663
0.0495008
0.0485625
0.0476535
0.0467761
0.0459328
0.0451271
0.0443626
0.0436438
0.0429761
0.042366
0.0418215
0.0413527
0.0409722
0.040696
0.0405449
0.961692
0.892185
0.829086
0.771729
0.719524
0.671945
0.628524
0.588843
0.552531
0.519256
0.488721
0.460662
0.434842
0.411051
0.389097
0.368812
0.350043
0.332653
0.316519
0.301532
0.28759
0.274604
0.262494
0.251186
0.240614
0.230718
0.221444
0.212742
0.204568
0.196882
0.189645
0.182825
0.176391
0.170314
0.164569
0.159133
0.153983
0.1491
0.144465
0.140063
0.135878
0.131894
0.128101
0.124484
0.121034
0.11774
0.114592
0.111581
0.108699
0.105939
0.103292
0.100754
0.0983162
0.0959742
0.0937222
0.091555
0.0894679
0.0874563
0.0855159
0.0836427
0.081833
0.080083
0.0783895
0.0767491
0.0751588
0.0736157
0.0721169
0.0706599
0.0692422
0.0678614
0.0665154
0.065202
0.0639193
0.0626656
0.0614393
0.060239
0.0590635
0.0579119
0.0567833
0.0556774
0.0545938
0.0535326
0.0524942
0.0514792
0.0504885
0.0495234
0.0485855
0.0476767
0.0467993
0.0459561
0.0451502
0.0443856
0.0436665
0.0429985
0.042388
0.041843
0.0413738
0.0409928
0.0407164
0.0405651
0.961692
0.892185
0.829086
0.771729
0.719524
0.671945
0.628524
0.588843
0.552531
0.519256
0.488721
0.460662
0.434843
0.411051
0.389098
0.368813
0.350044
0.332654
0.31652
0.301532
0.287591
0.274605
0.262495
0.251187
0.240615
0.230719
0.221445
0.212744
0.20457
0.196884
0.189647
0.182828
0.176393
0.170317
0.164572
0.159135
0.153985
0.149102
0.144468
0.140066
0.135881
0.131898
0.128104
0.124488
0.121038
0.117744
0.114596
0.111585
0.108704
0.105943
0.103297
0.100759
0.0983217
0.0959799
0.0937281
0.0915612
0.0894744
0.0874631
0.085523
0.0836502
0.0818408
0.0800912
0.0783981
0.0767582
0.0751683
0.0736257
0.0721275
0.070671
0.0692539
0.0678738
0.0665283
0.0652156
0.0639336
0.0626806
0.0614551
0.0602556
0.0590809
0.05793
0.0568022
0.055697
0.0546142
0.0535537
0.0525159
0.0515015
0.0505113
0.0495466
0.0486089
0.0477003
0.0468231
0.0459799
0.0451739
0.044409
0.0436897
0.0430213
0.0424104
0.0418651
0.0413954
0.041014
0.0407372
0.0405857
0.961692
0.892185
0.829086
0.771729
0.719524
0.671945
0.628524
0.588843
0.552531
0.519256
0.488721
0.460662
0.434843
0.411051
0.389098
0.368813
0.350044
0.332655
0.316521
0.301533
0.287592
0.274606
0.262496
0.251189
0.240617
0.230721
0.221447
0.212746
0.204572
0.196886
0.189649
0.18283
0.176396
0.170319
0.164574
0.159138
0.153988
0.149105
0.144471
0.140069
0.135884
0.131901
0.128108
0.124492
0.121042
0.117748
0.1146
0.11159
0.108708
0.105948
0.103302
0.100764
0.0983272
0.0959857
0.0937342
0.0915676
0.089481
0.08747
0.0855303
0.0836578
0.0818488
0.0800996
0.0784069
0.0767674
0.075178
0.0736359
0.0721382
0.0706824
0.0692658
0.0678863
0.0665415
0.0652295
0.0639482
0.062696
0.0614712
0.0602725
0.0590986
0.0579485
0.0568215
0.0557171
0.054635
0.0535752
0.052538
0.0515241
0.0505344
0.0495701
0.0486328
0.0477244
0.0468473
0.0460041
0.045198
0.044433
0.0437134
0.0430446
0.0424333
0.0418875
0.0414174
0.0410357
0.0407585
0.0406068
0.961692
0.892185
0.829086
0.771729
0.719524
0.671945
0.628524
0.588843
0.552531
0.519256
0.488721
0.460663
0.434843
0.411052
0.389099
0.368814
0.350045
0.332655
0.316522
0.301534
0.287593
0.274608
0.262498
0.25119
0.240618
0.230722
0.221448
0.212747
0.204574
0.196888
0.189651
0.182832
0.176398
0.170321
0.164577
0.15914
0.153991
0.149108
0.144474
0.140072
0.135887
0.131905
0.128112
0.124496
0.121046
0.117752
0.114605
0.111594
0.108713
0.105953
0.103308
0.10077
0.0983328
0.0959916
0.0937403
0.091574
0.0894877
0.087477
0.0855376
0.0836655
0.0818569
0.0801081
0.0784158
0.0767768
0.0751879
0.0736463
0.0721491
0.0706939
0.0692779
0.067899
0.0665549
0.0652436
0.0639631
0.0627116
0.0614876
0.0602896
0.0591165
0.0579672
0.056841
0.0557374
0.054656
0.0535969
0.0525604
0.0515471
0.0505579
0.049594
0.048657
0.0477488
0.0468718
0.0460286
0.0452225
0.0444572
0.0437374
0.0430683
0.0424566
0.0419103
0.0414398
0.0410576
0.0407801
0.0406282
0.961692
0.892185
0.829086
0.771729
0.719524
0.671945
0.628524
0.588843
0.552531
0.519256
0.488722
0.460663
0.434844
0.411052
0.389099
0.368814
0.350046
0.332656
0.316523
0.301535
0.287594
0.274609
0.262499
0.251191
0.240619
0.230724
0.22145
0.212749
0.204576
0.196889
0.189653
0.182834
0.1764
0.170324
0.164579
0.159143
0.153994
0.149111
0.144477
0.140076
0.135891
0.131908
0.128115
0.124499
0.12105
0.117756
0.114609
0.111599
0.108718
0.105958
0.103313
0.100775
0.0983385
0.0959975
0.0937465
0.0915805
0.0894945
0.0874842
0.0855451
0.0836734
0.0818651
0.0801167
0.0784249
0.0767863
0.0751979
0.0736568
0.0721602
0.0707055
0.0692902
0.0679119
0.0665685
0.0652578
0.063978
0.0627273
0.0615041
0.0603069
0.0591346
0.0579861
0.0568607
0.0557578
0.0546772
0.0536188
0.0525829
0.0515702
0.0505815
0.049618
0.0486814
0.0477735
0.0468965
0.0460534
0.0452472
0.0444817
0.0437616
0.0430922
0.04248
0.0419334
0.0414623
0.0410798
0.0408019
0.0406498
0.961692
0.892185
0.829085
0.771729
0.719524
0.671945
0.628524
0.588844
0.552532
0.519256
0.488722
0.460663
0.434844
0.411053
0.389099
0.368815
0.350046
0.332657
0.316523
0.301536
0.287595
0.27461
0.2625
0.251192
0.240621
0.230725
0.221452
0.212751
0.204577
0.196891
0.189655
0.182836
0.176402
0.170326
0.164582
0.159146
0.153996
0.149114
0.14448
0.140079
0.135894
0.131912
0.128119
0.124503
0.121054
0.11776
0.114613
0.111603
0.108723
0.105963
0.103318
0.10078
0.0983442
0.0960035
0.0937528
0.091587
0.0895014
0.0874913
0.0855526
0.0836812
0.0818734
0.0801254
0.078434
0.0767959
0.0752079
0.0736673
0.0721713
0.0707172
0.0693025
0.0679248
0.0665821
0.0652721
0.0639931
0.0627431
0.0615206
0.0603242
0.0591527
0.058005
0.0568804
0.0557783
0.0546984
0.0536407
0.0526055
0.0515934
0.0506052
0.0496422
0.0487059
0.0477982
0.0469214
0.0460782
0.045272
0.0445064
0.0437859
0.0431162
0.0425036
0.0419565
0.0414851
0.0411021
0.0408239
0.0406715
0.961692
0.892185
0.829085
0.771729
0.719524
0.671945
0.628524
0.588844
0.552532
0.519256
0.488722
0.460663
0.434844
0.411053
0.3891
0.368815
0.350047
0.332657
0.316524
0.301537
0.287596
0.274611
0.262501
0.251193
0.240622
0.230727
0.221453
0.212752
0.204579
0.196893
0.189657
0.182838
0.176404
0.170328
0.164584
0.159148
0.153999
0.149117
0.144483
0.140082
0.135897
0.131915
0.128122
0.124507
0.121058
0.117765
0.114618
0.111608
0.108727
0.105968
0.103323
0.100786
0.0983499
0.0960095
0.0937591
0.0915936
0.0895083
0.0874985
0.0855602
0.0836891
0.0818816
0.0801341
0.0784431
0.0768054
0.075218
0.0736779
0.0721824
0.0707289
0.0693148
0.0679378
0.0665957
0.0652865
0.0640081
0.0627589
0.0615372
0.0603416
0.0591709
0.058024
0.0569002
0.0557988
0.0547197
0.0536627
0.0526282
0.0516166
0.0506289
0.0496663
0.0487304
0.0478229
0.0469462
0.0461031
0.0452968
0.044531
0.0438103
0.0431402
0.0425273
0.0419798
0.0415078
0.0411244
0.0408459
0.0406933
0.961692
0.892185
0.829085
0.771729
0.719524
0.671945
0.628524
0.588844
0.552532
0.519257
0.488722
0.460664
0.434844
0.411053
0.3891
0.368816
0.350047
0.332658
0.316525
0.301538
0.287596
0.274612
0.262502
0.251195
0.240623
0.230728
0.221455
0.212754
0.204581
0.196895
0.189659
0.18284
0.176407
0.170331
0.164587
0.159151
0.154002
0.14912
0.144486
0.140085
0.135901
0.131919
0.128126
0.124511
0.121062
0.117769
0.114622
0.111613
0.108732
0.105973
0.103328
0.100791
0.0983557
0.0960155
0.0937653
0.0916001
0.0895151
0.0875057
0.0855677
0.083697
0.0818899
0.0801428
0.0784522
0.076815
0.0752281
0.0736885
0.0721935
0.0707405
0.0693271
0.0679507
0.0666093
0.0653007
0.0640231
0.0627746
0.0615537
0.0603589
0.059189
0.0580429
0.0569198
0.0558193
0.0547409
0.0536846
0.0526507
0.0516397
0.0506526
0.0496904
0.0487548
0.0478475
0.046971
0.0461279
0.0453215
0.0445556
0.0438346
0.0431642
0.0425509
0.0420029
0.0415306
0.0411467
0.0408679
0.0407151
0.961692
0.892185
0.829085
0.771729
0.719524
0.671945
0.628524
0.588844
0.552532
0.519257
0.488722
0.460664
0.434845
0.411054
0.389101
0.368816
0.350048
0.332658
0.316526
0.301538
0.287597
0.274613
0.262503
0.251196
0.240625
0.230729
0.221456
0.212755
0.204582
0.196897
0.189661
0.182842
0.176409
0.170333
0.164589
0.159153
0.154004
0.149122
0.144489
0.140088
0.135904
0.131922
0.12813
0.124515
0.121066
0.117773
0.114626
0.111617
0.108737
0.105978
0.103334
0.100797
0.0983613
0.0960214
0.0937715
0.0916067
0.0895219
0.0875129
0.0855752
0.0837049
0.0818981
0.0801514
0.0784613
0.0768245
0.0752381
0.073699
0.0722046
0.0707522
0.0693393
0.0679636
0.0666228
0.0653149
0.064038
0.0627903
0.0615701
0.0603761
0.0592069
0.0580616
0.0569394
0.0558396
0.0547619
0.0537063
0.0526731
0.0516627
0.050676
0.0497143
0.048779
0.047872
0.0469956
0.0461526
0.0453461
0.04458
0.0438588
0.0431881
0.0425744
0.042026
0.0415532
0.0411689
0.0408897
0.0407367
0.961692
0.892185
0.829085
0.771729
0.719524
0.671945
0.628524
0.588844
0.552532
0.519257
0.488722
0.460664
0.434845
0.411054
0.389101
0.368817
0.350048
0.332659
0.316526
0.301539
0.287598
0.274613
0.262504
0.251197
0.240626
0.230731
0.221457
0.212757
0.204584
0.196899
0.189663
0.182844
0.176411
0.170335
0.164591
0.159156
0.154007
0.149125
0.144492
0.140091
0.135907
0.131926
0.128133
0.124519
0.12107
0.117777
0.114631
0.111622
0.108742
0.105983
0.103339
0.100802
0.098367
0.0960273
0.0937777
0.0916131
0.0895287
0.0875199
0.0855826
0.0837127
0.0819063
0.08016
0.0784703
0.076834
0.075248
0.0737094
0.0722155
0.0707637
0.0693514
0.0679763
0.0666362
0.065329
0.0640528
0.0628058
0.0615864
0.0603931
0.0592247
0.0580802
0.0569587
0.0558596
0.0547827
0.0537278
0.0526952
0.0516854
0.0506992
0.0497379
0.048803
0.0478962
0.04702
0.046177
0.0453705
0.0446042
0.0438828
0.0432117
0.0425976
0.0420488
0.0415756
0.0411909
0.0409114
0.0407581
0.961692
0.892185
0.829085
0.771729
0.719524
0.671945
0.628524
0.588844
0.552532
0.519257
0.488722
0.460664
0.434845
0.411054
0.389101
0.368817
0.350049
0.33266
0.316527
0.30154
0.287599
0.274614
0.262505
0.251198
0.240627
0.230732
0.221459
0.212758
0.204586
0.1969
0.189665
0.182846
0.176413
0.170337
0.164594
0.159158
0.15401
0.149128
0.144495
0.140094
0.13591
0.131929
0.128137
0.124522
0.121074
0.117781
0.114635
0.111626
0.108746
0.105988
0.103344
0.100808
0.0983725
0.0960331
0.0937838
0.0916195
0.0895354
0.0875269
0.0855899
0.0837203
0.0819144
0.0801684
0.0784791
0.0768433
0.0752578
0.0737197
0.0722263
0.070775
0.0693633
0.0679888
0.0666494
0.0653428
0.0640673
0.0628211
0.0616024
0.0604099
0.0592422
0.0580985
0.0569777
0.0558794
0.0548032
0.053749
0.052717
0.0517078
0.0507221
0.0497613
0.0488266
0.0479201
0.0470441
0.0462011
0.0453945
0.0446281
0.0439065
0.0432351
0.0426206
0.0420714
0.0415977
0.0412127
0.0409328
0.0407793
0.961692
0.892185
0.829085
0.771729
0.719524
0.671945
0.628524
0.588844
0.552532
0.519257
0.488723
0.460664
0.434845
0.411054
0.389102
0.368817
0.350049
0.33266
0.316527
0.30154
0.2876
0.274615
0.262506
0.251199
0.240628
0.230733
0.22146
0.21276
0.204587
0.196902
0.189667
0.182848
0.176415
0.17034
0.164596
0.159161
0.154012
0.149131
0.144498
0.140097
0.135914
0.131932
0.12814
0.124526
0.121078
0.117785
0.114639
0.11163
0.108751
0.105993
0.103349
0.100813
0.098378
0.0960389
0.0937898
0.0916258
0.089542
0.0875338
0.0855971
0.0837279
0.0819223
0.0801768
0.0784879
0.0768524
0.0752674
0.0737298
0.072237
0.0707862
0.0693751
0.0680012
0.0666623
0.0653565
0.0640817
0.0628361
0.0616181
0.0604263
0.0592595
0.0581165
0.0569965
0.0558989
0.0548233
0.0537698
0.0527384
0.0517298
0.0507446
0.0497842
0.0488499
0.0479436
0.0470677
0.0462248
0.0454182
0.0446516
0.0439297
0.043258
0.0426432
0.0420936
0.0416195
0.0412341
0.0409538
0.0408002
0.961692
0.892185
0.829085
0.771729
0.719524
0.671945
0.628524
0.588844
0.552532
0.519257
0.488723
0.460664
0.434846
0.411055
0.389102
0.368818
0.35005
0.332661
0.316528
0.301541
0.2876
0.274616
0.262507
0.2512
0.240629
0.230734
0.221461
0.212761
0.204589
0.196904
0.189668
0.18285
0.176417
0.170342
0.164598
0.159163
0.154015
0.149133
0.144501
0.1401
0.135917
0.131935
0.128144
0.124529
0.121081
0.117789
0.114643
0.111635
0.108755
0.105997
0.103354
0.100818
0.0983834
0.0960445
0.0937957
0.0916319
0.0895484
0.0875406
0.0856042
0.0837353
0.0819301
0.0801849
0.0784965
0.0768614
0.0752768
0.0737397
0.0722474
0.0707972
0.0693866
0.0680133
0.0666751
0.0653698
0.0640957
0.0628508
0.0616335
0.0604425
0.0592764
0.0581341
0.0570148
0.0559179
0.0548431
0.0537902
0.0527595
0.0517513
0.0507667
0.0498067
0.0488727
0.0479667
0.0470909
0.0462481
0.0454414
0.0446747
0.0439526
0.0432806
0.0426654
0.0421154
0.0416409
0.0412551
0.0409745
0.0408206
0.961692
0.892185
0.829085
0.771729
0.719524
0.671945
0.628524
0.588844
0.552532
0.519257
0.488723
0.460664
0.434846
0.411055
0.389102
0.368818
0.35005
0.332661
0.316529
0.301542
0.287601
0.274617
0.262508
0.251201
0.24063
0.230736
0.221463
0.212763
0.20459
0.196905
0.18967
0.182852
0.176419
0.170344
0.1646
0.159165
0.154017
0.149136
0.144503
0.140103
0.13592
0.131939
0.128147
0.124533
0.121085
0.117793
0.114647
0.111639
0.10876
0.106002
0.103359
0.100823
0.0983886
0.09605
0.0938014
0.091638
0.0895547
0.0875472
0.0856112
0.0837426
0.0819377
0.0801929
0.0785048
0.0768702
0.0752861
0.0737494
0.0722576
0.0708079
0.0693978
0.0680251
0.0666875
0.0653829
0.0641094
0.0628652
0.0616486
0.0604583
0.0592928
0.0581513
0.0570327
0.0559365
0.0548624
0.0538101
0.05278
0.0517724
0.0507882
0.0498286
0.048895
0.0479892
0.0471136
0.0462708
0.0454641
0.0446973
0.043975
0.0433027
0.0426872
0.0421368
0.0416619
0.0412757
0.0409948
0.0408406
0.961692
0.892185
0.829085
0.771729
0.719524
0.671945
0.628524
0.588844
0.552532
0.519257
0.488723
0.460665
0.434846
0.411055
0.389102
0.368818
0.35005
0.332662
0.316529
0.301542
0.287602
0.274618
0.262509
0.251202
0.240631
0.230737
0.221464
0.212764
0.204592
0.196907
0.189672
0.182853
0.176421
0.170346
0.164602
0.159168
0.154019
0.149138
0.144506
0.140106
0.135922
0.131942
0.12815
0.124536
0.121088
0.117797
0.114651
0.111643
0.108764
0.106006
0.103363
0.100828
0.0983938
0.0960553
0.0938071
0.0916438
0.0895609
0.0875536
0.0856179
0.0837497
0.0819451
0.0802007
0.078513
0.0768788
0.0752951
0.0737589
0.0722675
0.0708183
0.0694088
0.0680366
0.0666996
0.0653956
0.0641227
0.0628792
0.0616633
0.0604736
0.0593089
0.058168
0.0570502
0.0559547
0.0548811
0.0538295
0.0527999
0.0517929
0.0508092
0.04985
0.0489167
0.0480112
0.0471357
0.046293
0.0454862
0.0447193
0.0439968
0.0433242
0.0427084
0.0421576
0.0416823
0.0412957
0.0410145
0.0408602
0.961692
0.892185
0.829085
0.771729
0.719524
0.671945
0.628524
0.588844
0.552532
0.519257
0.488723
0.460665
0.434846
0.411055
0.389103
0.368819
0.350051
0.332662
0.31653
0.301543
0.287602
0.274618
0.262509
0.251203
0.240632
0.230738
0.221465
0.212765
0.204593
0.196908
0.189673
0.182855
0.176423
0.170348
0.164604
0.15917
0.154022
0.149141
0.144509
0.140109
0.135925
0.131945
0.128153
0.124539
0.121092
0.1178
0.114655
0.111647
0.108768
0.106011
0.103368
0.100833
0.0983987
0.0960605
0.0938125
0.0916495
0.0895668
0.0875599
0.0856245
0.0837565
0.0819523
0.0802083
0.0785209
0.0768871
0.0753038
0.0737681
0.0722772
0.0708284
0.0694195
0.0680478
0.0667114
0.065408
0.0641357
0.0628928
0.0616775
0.0604885
0.0593245
0.0581843
0.0570671
0.0559722
0.0548993
0.0538483
0.0528193
0.0518128
0.0508296
0.0498707
0.0489377
0.0480325
0.0471571
0.0463145
0.0455077
0.0447406
0.0440179
0.0433451
0.042729
0.0421778
0.0417022
0.0413152
0.0410337
0.0408792
0.961692
0.892185
0.829085
0.771729
0.719524
0.671945
0.628524
0.588844
0.552532
0.519257
0.488723
0.460665
0.434846
0.411055
0.389103
0.368819
0.350051
0.332662
0.31653
0.301543
0.287603
0.274619
0.26251
0.251204
0.240633
0.230739
0.221466
0.212766
0.204594
0.196909
0.189675
0.182857
0.176424
0.170349
0.164606
0.159172
0.154024
0.149143
0.144511
0.140111
0.135928
0.131947
0.128156
0.124543
0.121095
0.117804
0.114658
0.111651
0.108772
0.106015
0.103372
0.100837
0.0984035
0.0960656
0.0938178
0.091655
0.0895726
0.0875659
0.0856308
0.0837632
0.0819593
0.0802156
0.0785286
0.0768952
0.0753123
0.073777
0.0722865
0.0708382
0.0694298
0.0680587
0.0667227
0.0654199
0.0641482
0.0629059
0.0616913
0.0605029
0.0593395
0.0582
0.0570834
0.0559892
0.054917
0.0538665
0.0528381
0.0518321
0.0508493
0.0498908
0.0489581
0.0480531
0.0471779
0.0463353
0.0455285
0.0447613
0.0440384
0.0433654
0.0427489
0.0421974
0.0417214
0.0413341
0.0410523
0.0408975
0.961692
0.892185
0.829085
0.771729
0.719524
0.671945
0.628524
0.588844
0.552532
0.519257
0.488723
0.460665
0.434846
0.411056
0.389103
0.368819
0.350051
0.332663
0.316531
0.301544
0.287604
0.27462
0.262511
0.251204
0.240634
0.23074
0.221467
0.212767
0.204596
0.196911
0.189676
0.182858
0.176426
0.170351
0.164608
0.159174
0.154026
0.149145
0.144513
0.140114
0.135931
0.13195
0.128159
0.124546
0.121098
0.117807
0.114662
0.111654
0.108776
0.106019
0.103376
0.100842
0.0984082
0.0960704
0.0938228
0.0916604
0.0895782
0.0875718
0.0856369
0.0837696
0.081966
0.0802226
0.078536
0.076903
0.0753204
0.0737855
0.0722955
0.0708477
0.0694397
0.0680691
0.0667337
0.0654314
0.0641603
0.0629186
0.0617046
0.0605168
0.059354
0.0582151
0.0570992
0.0560056
0.0549339
0.053884
0.0528561
0.0518506
0.0508682
0.0499102
0.0489778
0.0480729
0.0471979
0.0463554
0.0455485
0.0447813
0.0440582
0.0433849
0.0427682
0.0422164
0.04174
0.0413523
0.0410702
0.0409153
0.961692
0.892185
0.829085
0.771728
0.719524
0.671945
0.628524
0.588844
0.552532
0.519257
0.488723
0.460665
0.434846
0.411056
0.389103
0.368819
0.350052
0.332663
0.316531
0.301544
0.287604
0.27462
0.262512
0.251205
0.240635
0.230741
0.221468
0.212769
0.204597
0.196912
0.189678
0.18286
0.176427
0.170353
0.16461
0.159176
0.154028
0.149147
0.144516
0.140116
0.135933
0.131953
0.128162
0.124549
0.121101
0.11781
0.114665
0.111658
0.10878
0.106023
0.10338
0.100846
0.0984126
0.0960751
0.0938277
0.0916655
0.0895835
0.0875774
0.0856428
0.0837758
0.0819725
0.0802294
0.0785431
0.0769104
0.0753283
0.0737937
0.0723041
0.0708568
0.0694492
0.0680791
0.0667442
0.0654424
0.0641719
0.0629307
0.0617173
0.0605301
0.0593679
0.0582296
0.0571143
0.0560213
0.0549502
0.0539009
0.0528735
0.0518684
0.0508865
0.0499287
0.0489966
0.048092
0.0472171
0.0463747
0.0455678
0.0448005
0.0440773
0.0434037
0.0427867
0.0422345
0.0417578
0.0413699
0.0410875
0.0409324
0.961692
0.892185
0.829085
0.771728
0.719524
0.671945
0.628524
0.588844
0.552532
0.519257
0.488723
0.460665
0.434847
0.411056
0.389104
0.36882
0.350052
0.332663
0.316531
0.301545
0.287605
0.274621
0.262512
0.251206
0.240636
0.230742
0.221469
0.21277
0.204598
0.196913
0.189679
0.182861
0.176429
0.170354
0.164612
0.159177
0.15403
0.149149
0.144518
0.140118
0.135935
0.131955
0.128165
0.124551
0.121104
0.117813
0.114668
0.111661
0.108783
0.106027
0.103384
0.10085
0.0984168
0.0960795
0.0938324
0.0916703
0.0895886
0.0875827
0.0856484
0.0837816
0.0819786
0.0802359
0.0785499
0.0769175
0.0753357
0.0738016
0.0723124
0.0708654
0.0694583
0.0680887
0.0667542
0.065453
0.0641829
0.0629423
0.0617294
0.0605429
0.0593812
0.0582435
0.0571287
0.0560363
0.0549658
0.053917
0.05289
0.0518854
0.0509039
0.0499465
0.0490147
0.0481103
0.0472355
0.0463931
0.0455863
0.0448188
0.0440955
0.0434217
0.0428044
0.042252
0.041775
0.0413867
0.041104
0.0409487
0.961692
0.892185
0.829085
0.771728
0.719524
0.671945
0.628524
0.588844
0.552532
0.519257
0.488723
0.460665
0.434847
0.411056
0.389104
0.36882
0.350052
0.332664
0.316532
0.301545
0.287605
0.274621
0.262513
0.251207
0.240636
0.230742
0.22147
0.212771
0.204599
0.196914
0.18968
0.182862
0.17643
0.170356
0.164613
0.159179
0.154032
0.149151
0.14452
0.14012
0.135938
0.131958
0.128167
0.124554
0.121107
0.117816
0.114671
0.111664
0.108786
0.10603
0.103388
0.100854
0.0984209
0.0960837
0.0938368
0.091675
0.0895935
0.0875878
0.0856538
0.0837872
0.0819845
0.080242
0.0785564
0.0769243
0.0753429
0.0738091
0.0723202
0.0708737
0.069467
0.0680978
0.0667638
0.065463
0.0641935
0.0629534
0.061741
0.060555
0.0593939
0.0582567
0.0571425
0.0560506
0.0549806
0.0539323
0.0529058
0.0519016
0.0509205
0.0499634
0.0490319
0.0481277
0.0472531
0.0464107
0.0456039
0.0448364
0.0441128
0.0434389
0.0428213
0.0422686
0.0417913
0.0414027
0.0411198
0.0409643
0.961692
0.892185
0.829085
0.771728
0.719524
0.671945
0.628524
0.588844
0.552532
0.519257
0.488723
0.460665
0.434847
0.411056
0.389104
0.36882
0.350052
0.332664
0.316532
0.301546
0.287606
0.274622
0.262513
0.251207
0.240637
0.230743
0.221471
0.212771
0.2046
0.196916
0.189681
0.182864
0.176432
0.170357
0.164615
0.159181
0.154033
0.149153
0.144522
0.140122
0.13594
0.13196
0.128169
0.124556
0.12111
0.117819
0.114674
0.111667
0.10879
0.106033
0.103392
0.100857
0.0984247
0.0960877
0.093841
0.0916794
0.0895981
0.0875927
0.0856588
0.0837926
0.0819901
0.0802479
0.0785625
0.0769308
0.0753496
0.0738162
0.0723277
0.0708815
0.0694752
0.0681064
0.0667729
0.0654725
0.0642035
0.0629638
0.061752
0.0605664
0.0594059
0.0582692
0.0571555
0.0560641
0.0549946
0.0539468
0.0529208
0.051917
0.0509362
0.0499794
0.0490482
0.0481442
0.0472697
0.0464274
0.0456205
0.044853
0.0441293
0.0434551
0.0428373
0.0422843
0.0418067
0.0414179
0.0411347
0.0409791
0.961692
0.892185
0.829085
0.771728
0.719524
0.671945
0.628524
0.588844
0.552532
0.519257
0.488723
0.460665
0.434847
0.411056
0.389104
0.36882
0.350053
0.332664
0.316532
0.301546
0.287606
0.274622
0.262514
0.251208
0.240638
0.230744
0.221472
0.212772
0.204601
0.196917
0.189682
0.182865
0.176433
0.170359
0.164616
0.159182
0.154035
0.149155
0.144523
0.140124
0.135942
0.131962
0.128172
0.124559
0.121112
0.117821
0.114677
0.11167
0.108793
0.106037
0.103395
0.100861
0.0984283
0.0960915
0.093845
0.0916835
0.0896025
0.0875972
0.0856636
0.0837976
0.0819953
0.0802534
0.0785683
0.0769368
0.075356
0.0738229
0.0723347
0.0708889
0.0694829
0.0681145
0.0667814
0.0654815
0.0642129
0.0629737
0.0617623
0.0605772
0.0594172
0.058281
0.0571678
0.0560769
0.0550078
0.0539604
0.0529348
0.0519315
0.050951
0.0499946
0.0490635
0.0481597
0.0472854
0.0464431
0.0456363
0.0448686
0.0441448
0.0434705
0.0428525
0.0422992
0.0418214
0.0414322
0.0411489
0.0409931
0.961692
0.892185
0.829085
0.771728
0.719524
0.671945
0.628524
0.588844
0.552532
0.519257
0.488723
0.460665
0.434847
0.411056
0.389104
0.368821
0.350053
0.332665
0.316533
0.301546
0.287606
0.274623
0.262514
0.251208
0.240638
0.230745
0.221473
0.212773
0.204602
0.196917
0.189683
0.182866
0.176434
0.17036
0.164618
0.159184
0.154037
0.149156
0.144525
0.140126
0.135944
0.131964
0.128174
0.124561
0.121114
0.117824
0.11468
0.111673
0.108795
0.106039
0.103398
0.100864
0.0984317
0.0960951
0.0938487
0.0916874
0.0896065
0.0876015
0.0856681
0.0838022
0.0820003
0.0802585
0.0785737
0.0769425
0.0753619
0.0738291
0.0723413
0.0708958
0.0694902
0.0681221
0.0667894
0.0654899
0.0642217
0.0629829
0.061772
0.0605874
0.0594278
0.058292
0.0571793
0.0560888
0.0550202
0.0539732
0.052948
0.051945
0.0509649
0.0500087
0.0490779
0.0481743
0.0473001
0.0464579
0.045651
0.0448833
0.0441594
0.0434849
0.0428667
0.0423132
0.0418351
0.0414457
0.0411621
0.0410062
0.961692
0.892185
0.829085
0.771728
0.719524
0.671945
0.628524
0.588844
0.552532
0.519257
0.488723
0.460666
0.434847
0.411057
0.389104
0.368821
0.350053
0.332665
0.316533
0.301547
0.287607
0.274623
0.262515
0.251209
0.240639
0.230745
0.221473
0.212774
0.204603
0.196918
0.189684
0.182867
0.176435
0.170361
0.164619
0.159185
0.154038
0.149158
0.144527
0.140128
0.135945
0.131966
0.128176
0.124563
0.121117
0.117826
0.114682
0.111675
0.108798
0.106042
0.103401
0.100867
0.0984348
0.0960984
0.0938521
0.091691
0.0896103
0.0876055
0.0856722
0.0838066
0.0820048
0.0802633
0.0785787
0.0769478
0.0753675
0.0738349
0.0723474
0.0709022
0.0694969
0.0681292
0.0667968
0.0654977
0.0642299
0.0629915
0.061781
0.0605968
0.0594376
0.0583023
0.05719
0.0560999
0.0550317
0.0539852
0.0529603
0.0519577
0.0509778
0.0500219
0.0490914
0.0481879
0.0473138
0.0464716
0.0456648
0.044897
0.044173
0.0434984
0.0428799
0.0423262
0.0418479
0.0414583
0.0411745
0.0410184
0.961692
0.892185
0.829085
0.771728
0.719524
0.671945
0.628524
0.588844
0.552532
0.519257
0.488723
0.460666
0.434847
0.411057
0.389105
0.368821
0.350053
0.332665
0.316533
0.301547
0.287607
0.274624
0.262515
0.251209
0.24064
0.230746
0.221474
0.212775
0.204603
0.196919
0.189685
0.182868
0.176436
0.170362
0.16462
0.159186
0.154039
0.149159
0.144528
0.140129
0.135947
0.131967
0.128177
0.124565
0.121119
0.117828
0.114684
0.111678
0.1088
0.106045
0.103403
0.10087
0.0984377
0.0961014
0.0938553
0.0916944
0.0896138
0.0876091
0.0856761
0.0838106
0.0820091
0.0802678
0.0785834
0.0769527
0.0753726
0.0738403
0.072353
0.0709081
0.0695032
0.0681358
0.0668037
0.0655049
0.0642374
0.0629995
0.0617893
0.0606055
0.0594467
0.0583118
0.0571999
0.0561102
0.0550424
0.0539962
0.0529717
0.0519693
0.0509898
0.0500341
0.0491038
0.0482004
0.0473264
0.0464844
0.0456775
0.0449097
0.0441856
0.0435108
0.0428922
0.0423383
0.0418597
0.0414699
0.0411859
0.0410297
0.961692
0.892185
0.829085
0.771728
0.719524
0.671945
0.628524
0.588844
0.552532
0.519258
0.488724
0.460666
0.434847
0.411057
0.389105
0.368821
0.350054
0.332665
0.316533
0.301547
0.287607
0.274624
0.262516
0.25121
0.24064
0.230746
0.221474
0.212775
0.204604
0.19692
0.189686
0.182869
0.176437
0.170363
0.164621
0.159187
0.15404
0.149161
0.144529
0.140131
0.135949
0.131969
0.128179
0.124567
0.12112
0.11783
0.114686
0.11168
0.108803
0.106047
0.103406
0.100872
0.0984404
0.0961042
0.0938582
0.0916974
0.089617
0.0876125
0.0856796
0.0838143
0.0820129
0.0802718
0.0785876
0.0769571
0.0753773
0.0738452
0.0723582
0.0709136
0.0695089
0.0681418
0.06681
0.0655115
0.0642444
0.0630067
0.0617969
0.0606135
0.059455
0.0583205
0.0572089
0.0561196
0.0550521
0.0540063
0.0529821
0.05198
0.0510008
0.0500453
0.0491151
0.048212
0.047338
0.046496
0.0456892
0.0449213
0.0441971
0.0435222
0.0429035
0.0423494
0.0418706
0.0414806
0.0411964
0.0410401
0.961692
0.892185
0.829085
0.771728
0.719524
0.671945
0.628524
0.588844
0.552532
0.519258
0.488724
0.460666
0.434847
0.411057
0.389105
0.368821
0.350054
0.332666
0.316534
0.301548
0.287608
0.274624
0.262516
0.25121
0.24064
0.230747
0.221475
0.212776
0.204605
0.196921
0.189687
0.18287
0.176438
0.170364
0.164622
0.159188
0.154041
0.149162
0.144531
0.140132
0.13595
0.13197
0.128181
0.124568
0.121122
0.117832
0.114688
0.111682
0.108805
0.106049
0.103408
0.100875
0.0984428
0.0961067
0.0938609
0.0917002
0.0896199
0.0876155
0.0856828
0.0838177
0.0820164
0.0802755
0.0785915
0.0769612
0.0753815
0.0738497
0.0723629
0.0709185
0.069514
0.0681472
0.0668157
0.0655175
0.0642506
0.0630133
0.0618038
0.0606207
0.0594626
0.0583284
0.0572171
0.0561282
0.055061
0.0540154
0.0529915
0.0519897
0.0510107
0.0500555
0.0491254
0.0482224
0.0473486
0.0465066
0.0456998
0.0449319
0.0442076
0.0435326
0.0429137
0.0423594
0.0418804
0.0414902
0.0412059
0.0410495
0.961692
0.892185
0.829085
0.771728
0.719524
0.671945
0.628524
0.588844
0.552532
0.519258
0.488724
0.460666
0.434847
0.411057
0.389105
0.368821
0.350054
0.332666
0.316534
0.301548
0.287608
0.274625
0.262516
0.251211
0.240641
0.230747
0.221475
0.212776
0.204605
0.196921
0.189687
0.18287
0.176439
0.170365
0.164623
0.159189
0.154042
0.149163
0.144532
0.140133
0.135951
0.131972
0.128182
0.12457
0.121123
0.117833
0.11469
0.111683
0.108806
0.106051
0.10341
0.100877
0.0984449
0.0961089
0.0938632
0.0917027
0.0896225
0.0876182
0.0856856
0.0838206
0.0820195
0.0802788
0.0785949
0.0769648
0.0753853
0.0738537
0.0723671
0.0709229
0.0695187
0.068152
0.0668208
0.0655229
0.0642563
0.0630192
0.06181
0.0606271
0.0594693
0.0583354
0.0572245
0.0561358
0.0550689
0.0540236
0.053
0.0519984
0.0510196
0.0500645
0.0491347
0.0482318
0.047358
0.0465161
0.0457093
0.0449413
0.044217
0.0435419
0.0429228
0.0423684
0.0418893
0.0414989
0.0412145
0.041058
0.961692
0.892185
0.829085
0.771728
0.719524
0.671945
0.628524
0.588844
0.552532
0.519258
0.488724
0.460666
0.434847
0.411057
0.389105
0.368821
0.350054
0.332666
0.316534
0.301548
0.287608
0.274625
0.262517
0.251211
0.240641
0.230748
0.221476
0.212777
0.204606
0.196922
0.189688
0.182871
0.176439
0.170365
0.164624
0.15919
0.154043
0.149164
0.144533
0.140134
0.135952
0.131973
0.128183
0.124571
0.121125
0.117835
0.114691
0.111685
0.108808
0.106053
0.103412
0.100878
0.0984468
0.0961109
0.0938653
0.0917048
0.0896248
0.0876206
0.0856881
0.0838233
0.0820223
0.0802816
0.0785979
0.076968
0.0753887
0.0738572
0.0723707
0.0709267
0.0695227
0.0681563
0.0668253
0.0655276
0.0642612
0.0630244
0.0618154
0.0606328
0.0594753
0.0583416
0.0572309
0.0561425
0.0550759
0.0540308
0.0530074
0.0520061
0.0510274
0.0500726
0.0491428
0.04824
0.0473663
0.0465245
0.0457176
0.0449497
0.0442253
0.0435501
0.0429309
0.0423763
0.0418971
0.0415066
0.041222
0.0410654
0.961692
0.892185
0.829085
0.771728
0.719524
0.671945
0.628524
0.588844
0.552532
0.519258
0.488724
0.460666
0.434847
0.411057
0.389105
0.368821
0.350054
0.332666
0.316534
0.301548
0.287608
0.274625
0.262517
0.251211
0.240641
0.230748
0.221476
0.212777
0.204606
0.196922
0.189688
0.182871
0.17644
0.170366
0.164624
0.159191
0.154044
0.149164
0.144533
0.140135
0.135953
0.131974
0.128184
0.124572
0.121126
0.117836
0.114692
0.111686
0.108809
0.106054
0.103413
0.10088
0.0984485
0.0961126
0.0938671
0.0917067
0.0896267
0.0876227
0.0856903
0.0838255
0.0820247
0.0802841
0.0786005
0.0769707
0.0753915
0.0738602
0.0723739
0.0709301
0.0695262
0.06816
0.0668291
0.0655316
0.0642654
0.0630288
0.0618201
0.0606377
0.0594804
0.058347
0.0572365
0.0561483
0.0550819
0.054037
0.0530138
0.0520127
0.0510342
0.0500795
0.0491499
0.0482472
0.0473735
0.0465317
0.0457249
0.0449569
0.0442324
0.0435571
0.0429379
0.0423832
0.0419038
0.0415132
0.0412285
0.0410719
0.961692
0.892185
0.829085
0.771728
0.719524
0.671945
0.628524
0.588844
0.552532
0.519258
0.488724
0.460666
0.434848
0.411057
0.389105
0.368822
0.350054
0.332666
0.316534
0.301548
0.287609
0.274625
0.262517
0.251211
0.240642
0.230748
0.221476
0.212777
0.204606
0.196922
0.189689
0.182872
0.17644
0.170367
0.164625
0.159191
0.154045
0.149165
0.144534
0.140136
0.135954
0.131975
0.128185
0.124573
0.121127
0.117837
0.114693
0.111687
0.10881
0.106055
0.103414
0.100881
0.0984498
0.096114
0.0938686
0.0917083
0.0896284
0.0876244
0.0856921
0.0838274
0.0820266
0.0802862
0.0786027
0.076973
0.0753939
0.0738627
0.0723766
0.0709329
0.0695291
0.068163
0.0668324
0.065535
0.064269
0.0630326
0.061824
0.0606418
0.0594847
0.0583515
0.0572412
0.0561532
0.0550869
0.0540423
0.0530192
0.0520182
0.0510399
0.0500853
0.0491558
0.0482532
0.0473796
0.0465378
0.045731
0.044963
0.0442385
0.0435631
0.0429438
0.042389
0.0419095
0.0415188
0.041234
0.0410773
0.961692
0.892185
0.829085
0.771728
0.719524
0.671945
0.628524
0.588844
0.552532
0.519258
0.488724
0.460666
0.434848
0.411057
0.389105
0.368822
0.350054
0.332666
0.316534
0.301548
0.287609
0.274625
0.262517
0.251212
0.240642
0.230748
0.221477
0.212778
0.204607
0.196923
0.189689
0.182872
0.176441
0.170367
0.164625
0.159192
0.154045
0.149165
0.144535
0.140136
0.135954
0.131975
0.128186
0.124573
0.121127
0.117838
0.114694
0.111688
0.108811
0.106056
0.103415
0.100882
0.0984509
0.0961152
0.0938698
0.0917095
0.0896297
0.0876258
0.0856935
0.0838289
0.0820282
0.0802879
0.0786045
0.0769748
0.0753959
0.0738647
0.0723787
0.0709351
0.0695315
0.0681655
0.066835
0.0655377
0.0642719
0.0630356
0.0618272
0.0606451
0.0594882
0.0583551
0.057245
0.0561571
0.055091
0.0540465
0.0530236
0.0520227
0.0510445
0.05009
0.0491606
0.048258
0.0473845
0.0465427
0.0457359
0.0449679
0.0442434
0.0435679
0.0429485
0.0423937
0.0419141
0.0415233
0.0412385
0.0410817
0.961692
0.892185
0.829085
0.771728
0.719524
0.671945
0.628524
0.588844
0.552532
0.519258
0.488724
0.460666
0.434848
0.411057
0.389105
0.368822
0.350054
0.332666
0.316534
0.301549
0.287609
0.274625
0.262517
0.251212
0.240642
0.230748
0.221477
0.212778
0.204607
0.196923
0.189689
0.182872
0.176441
0.170367
0.164625
0.159192
0.154045
0.149166
0.144535
0.140137
0.135955
0.131976
0.128186
0.124574
0.121128
0.117838
0.114695
0.111689
0.108812
0.106057
0.103416
0.100883
0.0984517
0.096116
0.0938707
0.0917105
0.0896307
0.0876268
0.0856946
0.0838301
0.0820294
0.0802891
0.0786058
0.0769762
0.0753973
0.0738663
0.0723803
0.0709368
0.0695333
0.0681674
0.0668369
0.0655398
0.0642741
0.0630379
0.0618296
0.0606476
0.0594908
0.0583578
0.0572478
0.0561601
0.0550941
0.0540497
0.0530269
0.0520261
0.051048
0.0500936
0.0491642
0.0482617
0.0473883
0.0465465
0.0457397
0.0449717
0.0442471
0.0435716
0.0429522
0.0423973
0.0419176
0.0415268
0.0412419
0.0410851
0.961692
0.892185
0.829085
0.771728
0.719524
0.671945
0.628524
0.588844
0.552532
0.519258
0.488724
0.460666
0.434848
0.411057
0.389105
0.368822
0.350054
0.332666
0.316535
0.301549
0.287609
0.274625
0.262518
0.251212
0.240642
0.230749
0.221477
0.212778
0.204607
0.196923
0.18969
0.182873
0.176441
0.170367
0.164626
0.159192
0.154046
0.149166
0.144535
0.140137
0.135955
0.131976
0.128186
0.124574
0.121128
0.117839
0.114695
0.111689
0.108812
0.106057
0.103417
0.100884
0.0984523
0.0961166
0.0938713
0.0917111
0.0896313
0.0876275
0.0856953
0.0838308
0.0820302
0.08029
0.0786067
0.0769771
0.0753983
0.0738673
0.0723814
0.0709379
0.0695345
0.0681686
0.0668383
0.0655412
0.0642755
0.0630394
0.0618312
0.0606494
0.0594926
0.0583597
0.0572498
0.0561621
0.0550962
0.0540519
0.0530292
0.0520285
0.0510504
0.050096
0.0491667
0.0482643
0.0473908
0.0465491
0.0457423
0.0449743
0.0442497
0.0435742
0.0429547
0.0423997
0.0419201
0.0415292
0.0412442
0.0410874
0.961692
0.892185
0.829085
0.771728
0.719524
0.671945
0.628524
0.588844
0.552532
0.519258
0.488724
0.460666
0.434848
0.411057
0.389105
0.368822
0.350054
0.332666
0.316535
0.301549
0.287609
0.274626
0.262518
0.251212
0.240642
0.230749
0.221477
0.212778
0.204607
0.196923
0.18969
0.182873
0.176441
0.170368
0.164626
0.159192
0.154046
0.149166
0.144535
0.140137
0.135955
0.131976
0.128187
0.124574
0.121129
0.117839
0.114695
0.111689
0.108813
0.106058
0.103417
0.100884
0.0984525
0.0961169
0.0938716
0.0917114
0.0896317
0.0876278
0.0856957
0.0838312
0.0820306
0.0802904
0.0786071
0.0769776
0.0753988
0.0738678
0.0723819
0.0709385
0.0695351
0.0681693
0.0668389
0.0655419
0.0642763
0.0630402
0.061832
0.0606502
0.0594935
0.0583607
0.0572508
0.0561632
0.0550974
0.0540531
0.0530304
0.0520297
0.0510517
0.0500974
0.0491681
0.0482657
0.0473922
0.0465505
0.0457437
0.0449757
0.0442511
0.0435756
0.0429561
0.0424011
0.0419214
0.0415305
0.0412455
0.0410886
0.961692
0.892185
0.829085
0.771728
0.719524
0.671945
0.628524
0.588844
0.552532
0.519258
0.488724
0.460666
0.434848
0.411057
0.389105
0.368822
0.350054
0.332666
0.316535
0.301549
0.287609
0.274626
0.262518
0.251212
0.240642
0.230749
0.221477
0.212778
0.204607
0.196923
0.18969
0.182873
0.176441
0.170368
0.164626
0.159192
0.154046
0.149166
0.144535
0.140137
0.135955
0.131976
0.128187
0.124574
0.121129
0.117839
0.114695
0.111689
0.108813
0.106058
0.103417
0.100884
0.0984525
0.0961169
0.0938716
0.0917114
0.0896317
0.0876278
0.0856957
0.0838312
0.0820306
0.0802904
0.0786071
0.0769776
0.0753988
0.0738678
0.0723819
0.0709385
0.0695351
0.0681693
0.066839
0.065542
0.0642763
0.0630403
0.0618321
0.0606503
0.0594936
0.0583608
0.0572509
0.0561633
0.0550975
0.0540532
0.0530306
0.0520299
0.0510519
0.0500976
0.0491683
0.0482659
0.0473925
0.0465508
0.045744
0.0449759
0.0442513
0.0435758
0.0429563
0.0424013
0.0419216
0.0415307
0.0412457
0.0410888
0.961692
0.892185
0.829085
0.771728
0.719524
0.671945
0.628524
0.588844
0.552532
0.519258
0.488724
0.460666
0.434848
0.411057
0.389105
0.368822
0.350054
0.332666
0.316535
0.301549
0.287609
0.274625
0.262518
0.251212
0.240642
0.230749
0.221477
0.212778
0.204607
0.196923
0.18969
0.182873
0.176441
0.170367
0.164626
0.159192
0.154046
0.149166
0.144535
0.140137
0.135955
0.131976
0.128186
0.124574
0.121128
0.117839
0.114695
0.111689
0.108812
0.106057
0.103417
0.100884
0.0984523
0.0961166
0.0938713
0.0917111
0.0896313
0.0876275
0.0856953
0.0838308
0.0820302
0.08029
0.0786067
0.0769772
0.0753983
0.0738674
0.0723814
0.070938
0.0695346
0.0681688
0.0668384
0.0655414
0.0642757
0.0630396
0.0618314
0.0606496
0.0594929
0.05836
0.0572502
0.0561625
0.0550967
0.0540524
0.0530297
0.052029
0.051051
0.0500967
0.0491674
0.048265
0.0473915
0.0465498
0.045743
0.044975
0.0442504
0.0435749
0.0429554
0.0424005
0.0419207
0.0415298
0.0412449
0.041088
0.961692
0.892185
0.829085
0.771728
0.719524
0.671945
0.628524
0.588844
0.552532
0.519258
0.488724
0.460666
0.434848
0.411057
0.389105
0.368822
0.350054
0.332666
0.316534
0.301549
0.287609
0.274625
0.262517
0.251212
0.240642
0.230748
0.221477
0.212778
0.204607
0.196923
0.189689
0.182872
0.176441
0.170367
0.164625
0.159192
0.154045
0.149166
0.144535
0.140137
0.135955
0.131976
0.128186
0.124574
0.121128
0.117838
0.114695
0.111689
0.108812
0.106057
0.103416
0.100883
0.0984517
0.096116
0.0938707
0.0917105
0.0896307
0.0876268
0.0856946
0.0838301
0.0820295
0.0802892
0.0786058
0.0769763
0.0753974
0.0738664
0.0723804
0.0709369
0.0695334
0.0681676
0.0668372
0.0655401
0.0642744
0.0630382
0.06183
0.0606481
0.0594913
0.0583584
0.0572484
0.0561608
0.0550949
0.0540505
0.0530278
0.0520271
0.051049
0.0500946
0.0491653
0.0482629
0.0473895
0.0465477
0.0457409
0.0449729
0.0442483
0.0435729
0.0429534
0.0423985
0.0419188
0.0415279
0.0412429
0.0410861
0.961692
0.892185
0.829085
0.771728
0.719524
0.671945
0.628524
0.588844
0.552532
0.519258
0.488724
0.460666
0.434848
0.411057
0.389105
0.368822
0.350054
0.332666
0.316534
0.301548
0.287609
0.274625
0.262517
0.251212
0.240642
0.230748
0.221477
0.212778
0.204607
0.196923
0.189689
0.182872
0.176441
0.170367
0.164625
0.159192
0.154045
0.149165
0.144535
0.140136
0.135954
0.131975
0.128186
0.124573
0.121127
0.117838
0.114694
0.111688
0.108811
0.106056
0.103415
0.100882
0.0984509
0.0961152
0.0938698
0.0917095
0.0896297
0.0876258
0.0856935
0.083829
0.0820283
0.0802879
0.0786045
0.0769749
0.075396
0.0738649
0.0723788
0.0709353
0.0695317
0.0681658
0.0668353
0.0655381
0.0642723
0.0630361
0.0618277
0.0606458
0.0594889
0.0583559
0.0572458
0.0561581
0.0550921
0.0540476
0.0530248
0.052024
0.0510459
0.0500915
0.0491621
0.0482596
0.0473862
0.0465445
0.0457377
0.0449697
0.0442451
0.0435697
0.0429502
0.0423953
0.0419157
0.0415249
0.04124
0.0410832
0.961692
0.892185
0.829085
0.771728
0.719524
0.671945
0.628524
0.588844
0.552532
0.519258
0.488724
0.460666
0.434848
0.411057
0.389105
0.368822
0.350054
0.332666
0.316534
0.301548
0.287609
0.274625
0.262517
0.251211
0.240642
0.230748
0.221476
0.212777
0.204606
0.196922
0.189689
0.182872
0.17644
0.170367
0.164625
0.159191
0.154045
0.149165
0.144534
0.140136
0.135954
0.131975
0.128185
0.124573
0.121127
0.117837
0.114693
0.111687
0.10881
0.106055
0.103414
0.100881
0.0984498
0.0961141
0.0938686
0.0917083
0.0896284
0.0876244
0.0856921
0.0838275
0.0820267
0.0802863
0.0786028
0.0769731
0.0753941
0.0738629
0.0723768
0.0709331
0.0695294
0.0681634
0.0668328
0.0655355
0.0642696
0.0630332
0.0618247
0.0606426
0.0594856
0.0583525
0.0572423
0.0561544
0.0550883
0.0540437
0.0530208
0.0520199
0.0510417
0.0500872
0.0491578
0.0482553
0.0473818
0.04654
0.0457332
0.0449652
0.0442407
0.0435653
0.042946
0.0423911
0.0419116
0.0415208
0.041236
0.0410792
0.961692
0.892185
0.829085
0.771728
0.719524
0.671945
0.628524
0.588844
0.552532
0.519258
0.488724
0.460666
0.434847
0.411057
0.389105
0.368821
0.350054
0.332666
0.316534
0.301548
0.287608
0.274625
0.262517
0.251211
0.240641
0.230748
0.221476
0.212777
0.204606
0.196922
0.189688
0.182871
0.17644
0.170366
0.164624
0.159191
0.154044
0.149164
0.144533
0.140135
0.135953
0.131974
0.128184
0.124572
0.121126
0.117836
0.114692
0.111686
0.108809
0.106054
0.103413
0.10088
0.0984485
0.0961126
0.0938671
0.0917067
0.0896268
0.0876227
0.0856903
0.0838256
0.0820247
0.0802842
0.0786007
0.0769708
0.0753917
0.0738604
0.0723742
0.0709304
0.0695266
0.0681604
0.0668296
0.0655322
0.0642661
0.0630296
0.061821
0.0606387
0.0594815
0.0583482
0.0572379
0.0561498
0.0550835
0.0540389
0.0530158
0.0520148
0.0510364
0.0500818
0.0491523
0.0482497
0.0473762
0.0465344
0.0457276
0.0449597
0.0442352
0.0435599
0.0429406
0.0423858
0.0419064
0.0415157
0.0412309
0.0410742
0.961692
0.892185
0.829085
0.771728
0.719524
0.671945
0.628524
0.588844
0.552532
0.519258
0.488724
0.460666
0.434847
0.411057
0.389105
0.368821
0.350054
0.332666
0.316534
0.301548
0.287608
0.274625
0.262517
0.251211
0.240641
0.230748
0.221476
0.212777
0.204606
0.196922
0.189688
0.182871
0.176439
0.170365
0.164624
0.15919
0.154043
0.149164
0.144533
0.140134
0.135952
0.131973
0.128183
0.124571
0.121125
0.117835
0.114691
0.111685
0.108808
0.106053
0.103412
0.100878
0.0984468
0.0961109
0.0938653
0.0917049
0.0896248
0.0876207
0.0856882
0.0838233
0.0820224
0.0802818
0.0785981
0.0769681
0.0753889
0.0738574
0.0723711
0.0709271
0.0695232
0.0681568
0.0668259
0.0655283
0.064262
0.0630253
0.0618164
0.060634
0.0594766
0.0583431
0.0572326
0.0561443
0.0550778
0.054033
0.0530098
0.0520086
0.0510301
0.0500754
0.0491458
0.0482431
0.0473695
0.0465277
0.0457209
0.044953
0.0442286
0.0435533
0.0429341
0.0423794
0.0419001
0.0415095
0.0412248
0.0410682
0.961692
0.892185
0.829085
0.771728
0.719524
0.671945
0.628524
0.588844
0.552532
0.519258
0.488724
0.460666
0.434847
0.411057
0.389105
0.368821
0.350054
0.332666
0.316534
0.301548
0.287608
0.274625
0.262516
0.251211
0.240641
0.230747
0.221475
0.212776
0.204605
0.196921
0.189687
0.18287
0.176439
0.170365
0.164623
0.159189
0.154042
0.149163
0.144532
0.140133
0.135951
0.131972
0.128182
0.12457
0.121123
0.117833
0.11469
0.111683
0.108806
0.106051
0.10341
0.100877
0.098445
0.096109
0.0938632
0.0917027
0.0896226
0.0876183
0.0856857
0.0838207
0.0820197
0.0802789
0.0785951
0.076965
0.0753856
0.073854
0.0723674
0.0709233
0.0695192
0.0681526
0.0668215
0.0655237
0.0642572
0.0630203
0.0618112
0.0606285
0.0594709
0.0583371
0.0572264
0.0561379
0.0550712
0.0540261
0.0530027
0.0520013
0.0510227
0.0500678
0.0491381
0.0482353
0.0473617
0.0465199
0.0457131
0.0449452
0.0442208
0.0435456
0.0429265
0.042372
0.0418927
0.0415023
0.0412177
0.0410612
0.961692
0.892185
0.829085
0.771728
0.719524
0.671945
0.628524
0.588844
0.552532
0.519258
0.488724
0.460666
0.434847
0.411057
0.389105
0.368821
0.350054
0.332666
0.316534
0.301548
0.287608
0.274624
0.262516
0.25121
0.24064
0.230747
0.221475
0.212776
0.204605
0.196921
0.189687
0.18287
0.176438
0.170364
0.164622
0.159188
0.154041
0.149162
0.144531
0.140132
0.13595
0.13197
0.128181
0.124568
0.121122
0.117832
0.114688
0.111682
0.108805
0.106049
0.103408
0.100875
0.0984428
0.0961067
0.0938609
0.0917002
0.08962
0.0876156
0.0856829
0.0838178
0.0820166
0.0802757
0.0785917
0.0769614
0.0753818
0.0738501
0.0723633
0.070919
0.0695146
0.0681479
0.0668165
0.0655184
0.0642517
0.0630145
0.0618052
0.0606223
0.0594644
0.0583303
0.0572193
0.0561306
0.0550636
0.0540183
0.0529946
0.0519931
0.0510142
0.0500592
0.0491294
0.0482265
0.0473528
0.0465109
0.0457041
0.0449362
0.0442119
0.0435368
0.0429178
0.0423635
0.0418844
0.0414941
0.0412096
0.0410531
0.961692
0.892185
0.829085
0.771728
0.719524
0.671945
0.628524
0.588844
0.552532
0.519258
0.488724
0.460666
0.434847
0.411057
0.389105
0.368821
0.350054
0.332665
0.316533
0.301547
0.287607
0.274624
0.262516
0.25121
0.24064
0.230746
0.221474
0.212775
0.204604
0.19692
0.189686
0.182869
0.176437
0.170363
0.164621
0.159187
0.15404
0.149161
0.14453
0.140131
0.135949
0.131969
0.128179
0.124567
0.12112
0.11783
0.114686
0.11168
0.108803
0.106047
0.103406
0.100872
0.0984404
0.0961042
0.0938583
0.0916975
0.0896171
0.0876126
0.0856797
0.0838145
0.0820131
0.080272
0.0785879
0.0769574
0.0753776
0.0738457
0.0723587
0.0709142
0.0695096
0.0681426
0.0668109
0.0655126
0.0642456
0.0630081
0.0617985
0.0606153
0.059457
0.0583227
0.0572114
0.0561224
0.0550551
0.0540095
0.0529856
0.0519838
0.0510047
0.0500495
0.0491195
0.0482165
0.0473428
0.0465009
0.0456941
0.0449262
0.044202
0.043527
0.0429082
0.0423539
0.041875
0.0414848
0.0412006
0.0410442
0.961692
0.892185
0.829085
0.771728
0.719524
0.671945
0.628524
0.588844
0.552532
0.519257
0.488723
0.460666
0.434847
0.411057
0.389105
0.368821
0.350053
0.332665
0.316533
0.301547
0.287607
0.274624
0.262515
0.251209
0.24064
0.230746
0.221474
0.212775
0.204603
0.196919
0.189685
0.182868
0.176436
0.170362
0.16462
0.159186
0.154039
0.149159
0.144528
0.140129
0.135947
0.131968
0.128177
0.124565
0.121119
0.117828
0.114684
0.111678
0.1088
0.106045
0.103403
0.10087
0.0984378
0.0961014
0.0938554
0.0916944
0.0896139
0.0876092
0.0856762
0.0838108
0.0820092
0.080268
0.0785836
0.076953
0.075373
0.0738408
0.0723536
0.0709088
0.0695039
0.0681367
0.0668048
0.0655061
0.0642388
0.063001
0.0617911
0.0606075
0.059449
0.0583143
0.0572027
0.0561133
0.0550457
0.0539998
0.0529756
0.0519735
0.0509943
0.0500388
0.0491087
0.0482056
0.0473317
0.0464897
0.0456829
0.0449152
0.044191
0.0435161
0.0428974
0.0423434
0.0418646
0.0414746
0.0411905
0.0410342
0.961692
0.892185
0.829085
0.771728
0.719524
0.671945
0.628524
0.588844
0.552532
0.519257
0.488723
0.460666
0.434847
0.411057
0.389104
0.368821
0.350053
0.332665
0.316533
0.301547
0.287607
0.274623
0.262515
0.251209
0.240639
0.230745
0.221473
0.212774
0.204603
0.196918
0.189684
0.182867
0.176435
0.170361
0.164619
0.159185
0.154038
0.149158
0.144527
0.140128
0.135945
0.131966
0.128176
0.124563
0.121117
0.117826
0.114682
0.111675
0.108798
0.106042
0.103401
0.100867
0.0984349
0.0960984
0.0938522
0.0916911
0.0896104
0.0876056
0.0856724
0.0838068
0.0820051
0.0802636
0.078579
0.0769482
0.0753679
0.0738355
0.072348
0.070903
0.0694978
0.0681302
0.066798
0.0654991
0.0642314
0.0629933
0.061783
0.060599
0.0594401
0.0583051
0.0571931
0.0561033
0.0550354
0.0539892
0.0529647
0.0519623
0.0509828
0.0500271
0.0490968
0.0481935
0.0473196
0.0464776
0.0456708
0.044903
0.044179
0.0435043
0.0428857
0.0423318
0.0418533
0.0414635
0.0411795
0.0410234
0.961692
0.892185
0.829085
0.771728
0.719524
0.671945
0.628524
0.588844
0.552532
0.519257
0.488723
0.460665
0.434847
0.411056
0.389104
0.368821
0.350053
0.332665
0.316533
0.301547
0.287606
0.274623
0.262515
0.251208
0.240638
0.230745
0.221473
0.212773
0.204602
0.196917
0.189683
0.182866
0.176434
0.17036
0.164618
0.159184
0.154037
0.149156
0.144525
0.140126
0.135944
0.131964
0.128174
0.124561
0.121114
0.117824
0.11468
0.111673
0.108795
0.106039
0.103398
0.100864
0.0984318
0.0960951
0.0938488
0.0916875
0.0896067
0.0876016
0.0856682
0.0838025
0.0820005
0.0802588
0.078574
0.0769429
0.0753625
0.0738297
0.072342
0.0708966
0.0694912
0.0681233
0.0667907
0.0654914
0.0642234
0.0629849
0.0617742
0.0605899
0.0594305
0.0582951
0.0571827
0.0560926
0.0550243
0.0539777
0.0529528
0.0519501
0.0509703
0.0500145
0.0490839
0.0481805
0.0473064
0.0464644
0.0456576
0.0448899
0.044166
0.0434914
0.042873
0.0423193
0.041841
0.0414514
0.0411676
0.0410116
0.961692
0.892185
0.829085
0.771728
0.719524
0.671945
0.628524
0.588844
0.552532
0.519257
0.488723
0.460665
0.434847
0.411056
0.389104
0.36882
0.350053
0.332664
0.316532
0.301546
0.287606
0.274622
0.262514
0.251208
0.240638
0.230744
0.221472
0.212772
0.204601
0.196917
0.189682
0.182865
0.176433
0.170359
0.164616
0.159182
0.154035
0.149155
0.144524
0.140124
0.135942
0.131962
0.128172
0.124559
0.121112
0.117821
0.114677
0.11167
0.108793
0.106037
0.103395
0.100861
0.0984284
0.0960916
0.0938451
0.0916837
0.0896026
0.0875974
0.0856638
0.0837978
0.0819956
0.0802537
0.0785687
0.0769373
0.0753566
0.0738235
0.0723355
0.0708898
0.069484
0.0681158
0.0667829
0.0654832
0.0642148
0.0629758
0.0617647
0.06058
0.0594202
0.0582844
0.0571715
0.056081
0.0550123
0.0539653
0.0529401
0.0519371
0.050957
0.0500008
0.0490701
0.0481665
0.0472923
0.0464502
0.0456434
0.0448758
0.044152
0.0434775
0.0428594
0.0423059
0.0418278
0.0414385
0.0411549
0.040999
0.961692
0.892185
0.829085
0.771728
0.719524
0.671945
0.628524
0.588844
0.552532
0.519257
0.488723
0.460665
0.434847
0.411056
0.389104
0.36882
0.350053
0.332664
0.316532
0.301546
0.287606
0.274622
0.262513
0.251207
0.240637
0.230743
0.221471
0.212772
0.2046
0.196916
0.189681
0.182864
0.176432
0.170357
0.164615
0.159181
0.154033
0.149153
0.144522
0.140122
0.13594
0.13196
0.128169
0.124556
0.12111
0.117819
0.114674
0.111667
0.10879
0.106033
0.103392
0.100857
0.0984248
0.0960878
0.0938411
0.0916795
0.0895983
0.0875929
0.085659
0.0837928
0.0819904
0.0802483
0.078563
0.0769313
0.0753503
0.0738169
0.0723286
0.0708826
0.0694764
0.0681078
0.0667745
0.0654744
0.0642056
0.0629662
0.0617547
0.0605694
0.0594092
0.0582729
0.0571596
0.0560686
0.0549995
0.0539521
0.0529265
0.0519231
0.0509427
0.0499863
0.0490553
0.0481515
0.0472772
0.0464351
0.0456283
0.0448607
0.044137
0.0434628
0.0428448
0.0422916
0.0418137
0.0414246
0.0411412
0.0409855
0.961692
0.892185
0.829085
0.771728
0.719524
0.671945
0.628524
0.588844
0.552532
0.519257
0.488723
0.460665
0.434847
0.411056
0.389104
0.36882
0.350052
0.332664
0.316532
0.301545
0.287605
0.274621
0.262513
0.251207
0.240636
0.230742
0.22147
0.212771
0.204599
0.196914
0.18968
0.182862
0.17643
0.170356
0.164613
0.159179
0.154032
0.149151
0.14452
0.14012
0.135938
0.131958
0.128167
0.124554
0.121107
0.117816
0.114672
0.111664
0.108786
0.10603
0.103388
0.100854
0.098421
0.0960838
0.0938369
0.0916751
0.0895937
0.0875881
0.085654
0.0837876
0.0819849
0.0802425
0.0785569
0.0769249
0.0753436
0.0738099
0.0723212
0.0708748
0.0694683
0.0680993
0.0667656
0.0654651
0.0641958
0.062956
0.0617439
0.0605582
0.0593976
0.0582608
0.057147
0.0560555
0.0549859
0.053938
0.052912
0.0519083
0.0509275
0.0499708
0.0490396
0.0481357
0.0472612
0.046419
0.0456123
0.0448448
0.0441212
0.0434471
0.0428293
0.0422764
0.0417988
0.0414099
0.0411268
0.0409712
0.961692
0.892185
0.829085
0.771728
0.719524
0.671945
0.628524
0.588844
0.552532
0.519257
0.488723
0.460665
0.434847
0.411056
0.389104
0.36882
0.350052
0.332663
0.316531
0.301545
0.287605
0.274621
0.262512
0.251206
0.240636
0.230742
0.221469
0.21277
0.204598
0.196913
0.189679
0.182861
0.176429
0.170354
0.164612
0.159177
0.15403
0.149149
0.144518
0.140118
0.135935
0.131955
0.128165
0.124551
0.121104
0.117813
0.114668
0.111661
0.108783
0.106027
0.103384
0.10085
0.0984169
0.0960796
0.0938325
0.0916705
0.0895888
0.087583
0.0856487
0.083782
0.0819791
0.0802364
0.0785505
0.0769182
0.0753366
0.0738025
0.0723135
0.0708667
0.0694598
0.0680904
0.0667562
0.0654552
0.0641855
0.0629452
0.0617326
0.0605464
0.0593852
0.0582479
0.0571336
0.0560416
0.0549715
0.0539232
0.0528968
0.0518926
0.0509115
0.0499545
0.049023
0.0481189
0.0472444
0.0464021
0.0455953
0.0448279
0.0441045
0.0434306
0.042813
0.0422603
0.041783
0.0413945
0.0411116
0.0409561
0.961692
0.892185
0.829085
0.771728
0.719524
0.671945
0.628524
0.588844
0.552532
0.519257
0.488723
0.460665
0.434846
0.411056
0.389103
0.36882
0.350052
0.332663
0.316531
0.301544
0.287604
0.27462
0.262512
0.251205
0.240635
0.230741
0.221468
0.212769
0.204597
0.196912
0.189678
0.18286
0.176428
0.170353
0.16461
0.159176
0.154028
0.149147
0.144516
0.140116
0.135933
0.131953
0.128162
0.124549
0.121101
0.11781
0.114665
0.111658
0.10878
0.106023
0.103381
0.100846
0.0984127
0.0960752
0.0938279
0.0916657
0.0895838
0.0875777
0.0856431
0.0837762
0.0819729
0.0802299
0.0785438
0.0769112
0.0753292
0.0737948
0.0723053
0.0708582
0.0694508
0.068081
0.0667463
0.0654449
0.0641746
0.0629338
0.0617208
0.060534
0.0593723
0.0582344
0.0571196
0.0560271
0.0549565
0.0539077
0.0528807
0.0518762
0.0508947
0.0499373
0.0490056
0.0481013
0.0472266
0.0463843
0.0455776
0.0448102
0.0440869
0.0434132
0.0427959
0.0422435
0.0417665
0.0413782
0.0410956
0.0409403
0.961692
0.892185
0.829085
0.771729
0.719524
0.671945
0.628524
0.588844
0.552532
0.519257
0.488723
0.460665
0.434846
0.411056
0.389103
0.368819
0.350051
0.332663
0.316531
0.301544
0.287604
0.27462
0.262511
0.251204
0.240634
0.23074
0.221467
0.212767
0.204596
0.196911
0.189676
0.182858
0.176426
0.170351
0.164608
0.159174
0.154026
0.149145
0.144513
0.140114
0.135931
0.13195
0.128159
0.124546
0.121098
0.117807
0.114662
0.111654
0.108776
0.106019
0.103377
0.100842
0.0984083
0.0960706
0.093823
0.0916606
0.0895785
0.0875721
0.0856373
0.08377
0.0819666
0.0802232
0.0785367
0.0769038
0.0753214
0.0737867
0.0722968
0.0708492
0.0694415
0.0680711
0.066736
0.0654341
0.0641633
0.0629219
0.0617084
0.060521
0.0593587
0.0582203
0.0571049
0.0560118
0.0549407
0.0538914
0.052864
0.051859
0.0508771
0.0499194
0.0489874
0.0480829
0.0472081
0.0463657
0.045559
0.0447917
0.0440686
0.0433951
0.0427781
0.0422259
0.0417492
0.0413613
0.0410789
0.0409237
0.961692
0.892185
0.829085
0.771729
0.719524
0.671945
0.628524
0.588844
0.552532
0.519257
0.488723
0.460665
0.434846
0.411055
0.389103
0.368819
0.350051
0.332662
0.31653
0.301543
0.287603
0.274619
0.26251
0.251204
0.240633
0.230739
0.221466
0.212766
0.204594
0.196909
0.189675
0.182857
0.176424
0.170349
0.164606
0.159172
0.154024
0.149143
0.144511
0.140111
0.135928
0.131947
0.128156
0.124543
0.121095
0.117804
0.114658
0.111651
0.108772
0.106015
0.103372
0.100837
0.0984037
0.0960657
0.093818
0.0916553
0.0895729
0.0875663
0.0856312
0.0837637
0.0819599
0.0802163
0.0785294
0.0768961
0.0753134
0.0737782
0.072288
0.07084
0.0694317
0.0680609
0.0667253
0.0654228
0.0641515
0.0629096
0.0616954
0.0605075
0.0593446
0.0582056
0.0570896
0.055996
0.0549243
0.0538744
0.0528465
0.051841
0.0508588
0.0499007
0.0489685
0.0480637
0.0471888
0.0463464
0.0455396
0.0447725
0.0440495
0.0433762
0.0427595
0.0422077
0.0417313
0.0413436
0.0410615
0.0409065
0.961692
0.892185
0.829085
0.771729
0.719524
0.671945
0.628524
0.588844
0.552532
0.519257
0.488723
0.460665
0.434846
0.411055
0.389103
0.368819
0.350051
0.332662
0.31653
0.301543
0.287602
0.274618
0.262509
0.251203
0.240632
0.230738
0.221465
0.212765
0.204593
0.196908
0.189673
0.182855
0.176423
0.170348
0.164605
0.15917
0.154022
0.149141
0.144509
0.140109
0.135925
0.131945
0.128153
0.124539
0.121092
0.1178
0.114655
0.111647
0.108768
0.106011
0.103368
0.100833
0.0983989
0.0960607
0.0938127
0.0916498
0.0895672
0.0875603
0.0856249
0.0837571
0.081953
0.080209
0.0785218
0.0768882
0.075305
0.0737695
0.0722788
0.0708303
0.0694216
0.0680503
0.0667142
0.0654111
0.0641393
0.0628968
0.061682
0.0604935
0.05933
0.0581904
0.0570737
0.0559795
0.0549072
0.0538568
0.0528284
0.0518225
0.0508398
0.0498814
0.0489488
0.0480439
0.0471688
0.0463263
0.0455196
0.0447525
0.0440297
0.0433567
0.0427402
0.0421887
0.0417127
0.0413253
0.0410435
0.0408887
0.961692
0.892185
0.829085
0.771729
0.719524
0.671945
0.628524
0.588844
0.552532
0.519257
0.488723
0.460665
0.434846
0.411055
0.389102
0.368818
0.35005
0.332662
0.316529
0.301542
0.287602
0.274618
0.262509
0.251202
0.240631
0.230737
0.221464
0.212764
0.204592
0.196907
0.189672
0.182853
0.176421
0.170346
0.164602
0.159168
0.15402
0.149138
0.144506
0.140106
0.135922
0.131942
0.12815
0.124536
0.121088
0.117797
0.114651
0.111643
0.108764
0.106007
0.103363
0.100828
0.098394
0.0960556
0.0938073
0.0916442
0.0895613
0.0875541
0.0856185
0.0837503
0.0819459
0.0802016
0.078514
0.07688
0.0752964
0.0737605
0.0722693
0.0708204
0.0694112
0.0680393
0.0667027
0.0653991
0.0641266
0.0628835
0.0616681
0.060479
0.0593149
0.0581746
0.0570573
0.0559625
0.0548896
0.0538386
0.0528097
0.0518033
0.0508201
0.0498614
0.0489285
0.0480234
0.0471482
0.0463056
0.0454989
0.0447319
0.0440093
0.0433365
0.0427203
0.0421692
0.0416935
0.0413065
0.0410249
0.0408703
0.961692
0.892185
0.829085
0.771729
0.719524
0.671945
0.628524
0.588844
0.552532
0.519257
0.488723
0.460664
0.434846
0.411055
0.389102
0.368818
0.35005
0.332661
0.316529
0.301542
0.287601
0.274617
0.262508
0.251201
0.24063
0.230736
0.221463
0.212763
0.20459
0.196905
0.18967
0.182852
0.176419
0.170344
0.1646
0.159165
0.154017
0.149136
0.144503
0.140103
0.13592
0.131939
0.128147
0.124533
0.121085
0.117793
0.114647
0.111639
0.10876
0.106002
0.103359
0.100823
0.0983889
0.0960502
0.0938018
0.0916383
0.0895552
0.0875477
0.0856118
0.0837433
0.0819385
0.0801939
0.078506
0.0768715
0.0752876
0.0737512
0.0722596
0.0708101
0.0694004
0.068028
0.0666908
0.0653866
0.0641136
0.0628699
0.0616539
0.0604641
0.0592993
0.0581584
0.0570405
0.055945
0.0548715
0.0538199
0.0527904
0.0517835
0.0507999
0.0498408
0.0489076
0.0480023
0.0471269
0.0462843
0.0454776
0.0447108
0.0439883
0.0433157
0.0426999
0.0421491
0.0416737
0.0412871
0.0410058
0.0408514
0.961692
0.892185
0.829085
0.771729
0.719524
0.671945
0.628524
0.588844
0.552532
0.519257
0.488723
0.460664
0.434846
0.411055
0.389102
0.368818
0.35005
0.332661
0.316528
0.301541
0.2876
0.274616
0.262507
0.2512
0.240629
0.230734
0.221462
0.212761
0.204589
0.196904
0.189669
0.18285
0.176417
0.170342
0.164598
0.159163
0.154015
0.149133
0.144501
0.1401
0.135917
0.131935
0.128144
0.124529
0.121081
0.117789
0.114643
0.111635
0.108755
0.105998
0.103354
0.100818
0.0983837
0.0960448
0.0937961
0.0916324
0.0895489
0.0875412
0.0856049
0.0837361
0.081931
0.080186
0.0784977
0.0768629
0.0752785
0.0737416
0.0722495
0.0707996
0.0693894
0.0680165
0.0666787
0.0653739
0.0641002
0.0628559
0.0616392
0.0604488
0.0592833
0.0581417
0.0570231
0.055927
0.0548529
0.0538007
0.0527707
0.0517632
0.0507792
0.0498197
0.0488862
0.0479806
0.0471051
0.0462624
0.0454558
0.0446891
0.0439668
0.0432945
0.0426789
0.0421285
0.0416535
0.0412672
0.0409862
0.040832
0.961692
0.892185
0.829085
0.771729
0.719524
0.671945
0.628524
0.588844
0.552532
0.519257
0.488723
0.460664
0.434845
0.411054
0.389102
0.368817
0.350049
0.33266
0.316527
0.301541
0.2876
0.274615
0.262506
0.251199
0.240628
0.230733
0.22146
0.21276
0.204587
0.196902
0.189667
0.182848
0.176415
0.17034
0.164596
0.159161
0.154012
0.149131
0.144498
0.140097
0.135914
0.131932
0.12814
0.124526
0.121078
0.117785
0.114639
0.11163
0.108751
0.105993
0.103349
0.100813
0.0983783
0.0960392
0.0937902
0.0916263
0.0895425
0.0875345
0.0855979
0.0837288
0.0819233
0.080178
0.0784893
0.076854
0.0752692
0.0737319
0.0722393
0.0707889
0.0693781
0.0680047
0.0666663
0.0653609
0.0640866
0.0628416
0.0616243
0.0604331
0.059267
0.0581247
0.0570054
0.0559086
0.0548338
0.0537811
0.0527504
0.0517425
0.050758
0.0497981
0.0488643
0.0479585
0.0470828
0.0462401
0.0454335
0.0446669
0.0439448
0.0432728
0.0426575
0.0421074
0.0416329
0.0412469
0.0409662
0.0408123
0.961692
0.892185
0.829085
0.771729
0.719524
0.671945
0.628524
0.588844
0.552532
0.519257
0.488722
0.460664
0.434845
0.411054
0.389101
0.368817
0.350049
0.33266
0.316527
0.30154
0.287599
0.274614
0.262505
0.251198
0.240627
0.230732
0.221459
0.212758
0.204586
0.1969
0.189665
0.182846
0.176413
0.170337
0.164594
0.159158
0.15401
0.149128
0.144495
0.140094
0.13591
0.131929
0.128137
0.124522
0.121074
0.117781
0.114635
0.111626
0.108746
0.105988
0.103344
0.100808
0.0983729
0.0960335
0.0937843
0.09162
0.089536
0.0875277
0.0855908
0.0837213
0.0819155
0.0801698
0.0784807
0.076845
0.0752598
0.073722
0.0722289
0.070778
0.0693667
0.0679926
0.0666536
0.0653476
0.0640727
0.062827
0.061609
0.0604172
0.0592503
0.0581073
0.0569874
0.0558899
0.0548145
0.053761
0.0527298
0.0517214
0.0507364
0.0497761
0.048842
0.0479359
0.0470602
0.0462174
0.0454108
0.0446443
0.0439224
0.0432507
0.0426358
0.042086
0.0416118
0.0412262
0.0409459
0.0407921
0.961692
0.892185
0.829085
0.771729
0.719524
0.671945
0.628524
0.588844
0.552532
0.519257
0.488722
0.460664
0.434845
0.411054
0.389101
0.368817
0.350048
0.332659
0.316526
0.301539
0.287598
0.274613
0.262504
0.251197
0.240626
0.230731
0.221457
0.212757
0.204584
0.196899
0.189663
0.182844
0.176411
0.170335
0.164591
0.159156
0.154007
0.149125
0.144492
0.140091
0.135907
0.131926
0.128133
0.124519
0.12107
0.117777
0.114631
0.111622
0.108742
0.105983
0.103339
0.100803
0.0983674
0.0960278
0.0937782
0.0916137
0.0895294
0.0875208
0.0855836
0.0837138
0.0819076
0.0801614
0.0784719
0.0768359
0.0752502
0.0737119
0.0722184
0.0707669
0.069355
0.0679804
0.0666408
0.0653342
0.0640586
0.0628122
0.0615935
0.060401
0.0592334
0.0580897
0.0569691
0.0558709
0.0547948
0.0537407
0.0527089
0.0516999
0.0507145
0.0497538
0.0488194
0.0479131
0.0470371
0.0461943
0.0453878
0.0446214
0.0438997
0.0432283
0.0426137
0.0420644
0.0415905
0.0412053
0.0409253
0.0407717
0.961692
0.892185
0.829085
0.771729
0.719524
0.671945
0.628524
0.588844
0.552532
0.519257
0.488722
0.460664
0.434845
0.411054
0.389101
0.368816
0.350048
0.332659
0.316526
0.301538
0.287597
0.274613
0.262503
0.251196
0.240625
0.230729
0.221456
0.212755
0.204582
0.196897
0.189661
0.182842
0.176409
0.170333
0.164589
0.159153
0.154004
0.149123
0.144489
0.140088
0.135904
0.131922
0.12813
0.124515
0.121066
0.117773
0.114627
0.111617
0.108737
0.105978
0.103334
0.100797
0.0983618
0.0960219
0.0937721
0.0916073
0.0895227
0.0875138
0.0855762
0.0837061
0.0818996
0.080153
0.0784631
0.0768266
0.0752405
0.0737017
0.0722077
0.0707557
0.0693432
0.067968
0.0666278
0.0653206
0.0640443
0.0627973
0.0615779
0.0603846
0.0592163
0.0580719
0.0569505
0.0558516
0.0547748
0.0537202
0.0526878
0.0516782
0.0506923
0.0497312
0.0487965
0.0478899
0.0470139
0.046171
0.0453645
0.0445983
0.0438768
0.0432056
0.0425914
0.0420424
0.041569
0.0411842
0.0409044
0.040751
0.961692
0.892185
0.829085
0.771729
0.719524
0.671945
0.628524
0.588844
0.552532
0.519257
0.488722
0.460664
0.434844
0.411053
0.3891
0.368816
0.350047
0.332658
0.316525
0.301538
0.287596
0.274612
0.262502
0.251195
0.240623
0.230728
0.221455
0.212754
0.204581
0.196895
0.189659
0.18284
0.176407
0.170331
0.164587
0.159151
0.154002
0.14912
0.144486
0.140085
0.135901
0.131919
0.128126
0.124511
0.121062
0.117769
0.114622
0.111613
0.108732
0.105974
0.103329
0.100792
0.0983562
0.096016
0.093766
0.0916009
0.089516
0.0875067
0.0855689
0.0836984
0.0818915
0.0801446
0.0784543
0.0768173
0.0752307
0.0736915
0.0721969
0.0707444
0.0693314
0.0679556
0.0666148
0.0653069
0.0640299
0.0627822
0.0615621
0.0603681
0.0591991
0.0580539
0.0569318
0.0558322
0.0547548
0.0536994
0.0526664
0.0516563
0.05067
0.0497085
0.0487734
0.0478666
0.0469904
0.0461475
0.0453411
0.044575
0.0438537
0.0431828
0.042569
0.0420204
0.0415473
0.0411629
0.0408834
0.0407303
0.961692
0.892185
0.829085
0.771729
0.719524
0.671945
0.628524
0.588844
0.552532
0.519256
0.488722
0.460663
0.434844
0.411053
0.3891
0.368815
0.350047
0.332657
0.316524
0.301537
0.287596
0.274611
0.262501
0.251193
0.240622
0.230727
0.221453
0.212752
0.204579
0.196893
0.189657
0.182838
0.176404
0.170328
0.164584
0.159148
0.153999
0.149117
0.144483
0.140082
0.135897
0.131915
0.128123
0.124507
0.121058
0.117765
0.114618
0.111608
0.108728
0.105969
0.103324
0.100786
0.0983505
0.0960101
0.0937598
0.0915945
0.0895093
0.0874997
0.0855615
0.0836906
0.0818834
0.0801361
0.0784454
0.076808
0.0752209
0.0736812
0.0721861
0.0707331
0.0693195
0.0679431
0.0666017
0.0652931
0.0640155
0.0627671
0.0615462
0.0603516
0.0591818
0.0580359
0.0569131
0.0558127
0.0547346
0.0536786
0.052645
0.0516344
0.0506475
0.0496856
0.0487502
0.0478432
0.0469669
0.0461239
0.0453176
0.0445516
0.0438306
0.04316
0.0425465
0.0419982
0.0415256
0.0411415
0.0408624
0.0407094
0.961692
0.892185
0.829086
0.771729
0.719524
0.671945
0.628524
0.588844
0.552532
0.519256
0.488722
0.460663
0.434844
0.411053
0.389099
0.368815
0.350046
0.332657
0.316523
0.301536
0.287595
0.27461
0.2625
0.251192
0.240621
0.230725
0.221452
0.212751
0.204577
0.196891
0.189655
0.182836
0.176402
0.170326
0.164582
0.159146
0.153996
0.149114
0.14448
0.140079
0.135894
0.131912
0.128119
0.124503
0.121054
0.117761
0.114614
0.111604
0.108723
0.105964
0.103319
0.100781
0.0983449
0.0960042
0.0937536
0.091588
0.0895025
0.0874926
0.0855541
0.0836829
0.0818753
0.0801276
0.0784365
0.0767987
0.0752111
0.073671
0.0721754
0.0707217
0.0693076
0.0679306
0.0665886
0.0652793
0.0640011
0.0627519
0.0615304
0.060335
0.0591645
0.0580178
0.0568943
0.0557932
0.0547144
0.0536578
0.0526236
0.0516124
0.0506251
0.0496628
0.0487271
0.0478199
0.0469434
0.0461004
0.0452941
0.0445283
0.0438075
0.0431372
0.042524
0.0419761
0.0415039
0.0411202
0.0408414
0.0406886
0.961692
0.892185
0.829086
0.771729
0.719524
0.671945
0.628524
0.588843
0.552531
0.519256
0.488722
0.460663
0.434844
0.411052
0.389099
0.368814
0.350046
0.332656
0.316523
0.301535
0.287594
0.274609
0.262499
0.251191
0.240619
0.230724
0.22145
0.212749
0.204576
0.196889
0.189653
0.182834
0.1764
0.170324
0.164579
0.159143
0.153994
0.149111
0.144477
0.140076
0.135891
0.131908
0.128115
0.1245
0.12105
0.117757
0.114609
0.111599
0.108718
0.105959
0.103313
0.100776
0.0983392
0.0959983
0.0937475
0.0915816
0.0894958
0.0874856
0.0855467
0.0836752
0.0818672
0.0801192
0.0784276
0.0767894
0.0752014
0.0736607
0.0721646
0.0707105
0.0692958
0.0679182
0.0665755
0.0652657
0.0639867
0.0627369
0.0615146
0.0603185
0.0591472
0.0579999
0.0568756
0.0557738
0.0546943
0.0536371
0.0526023
0.0515905
0.0506027
0.04964
0.048704
0.0477966
0.04692
0.0460769
0.0452707
0.044505
0.0437845
0.0431145
0.0425016
0.0419542
0.0414823
0.041099
0.0408205
0.0406679
0.961692
0.892185
0.829086
0.771729
0.719524
0.671945
0.628524
0.588843
0.552531
0.519256
0.488721
0.460663
0.434843
0.411052
0.389099
0.368814
0.350045
0.332655
0.316522
0.301534
0.287593
0.274607
0.262498
0.25119
0.240618
0.230722
0.221448
0.212747
0.204574
0.196888
0.189651
0.182832
0.176398
0.170321
0.164577
0.15914
0.153991
0.149108
0.144474
0.140073
0.135887
0.131905
0.128112
0.124496
0.121046
0.117752
0.114605
0.111595
0.108713
0.105954
0.103308
0.10077
0.0983336
0.0959925
0.0937414
0.0915752
0.0894891
0.0874786
0.0855395
0.0836676
0.0818592
0.0801108
0.0784189
0.0767802
0.0751918
0.0736506
0.072154
0.0706993
0.0692841
0.0679059
0.0665626
0.0652521
0.0639725
0.062722
0.061499
0.0603021
0.0591301
0.0579821
0.056857
0.0557546
0.0546744
0.0536165
0.0525811
0.0515688
0.0505806
0.0496175
0.0486812
0.0477735
0.0468968
0.0460537
0.0452475
0.044482
0.0437617
0.043092
0.0424795
0.0419324
0.041461
0.041078
0.0407998
0.0406474
0.961692
0.892185
0.829086
0.771729
0.719524
0.671945
0.628524
0.588843
0.552531
0.519256
0.488721
0.460662
0.434843
0.411051
0.389098
0.368813
0.350044
0.332655
0.316521
0.301533
0.287592
0.274606
0.262496
0.251189
0.240617
0.230721
0.221447
0.212745
0.204572
0.196886
0.189649
0.18283
0.176396
0.170319
0.164574
0.159138
0.153988
0.149105
0.144471
0.140069
0.135884
0.131901
0.128108
0.124492
0.121042
0.117748
0.114601
0.11159
0.108709
0.105949
0.103303
0.100765
0.0983281
0.0959867
0.0937354
0.0915689
0.0894826
0.0874718
0.0855323
0.0836601
0.0818514
0.0801026
0.0784102
0.0767712
0.0751823
0.0736407
0.0721436
0.0706883
0.0692725
0.0678938
0.0665499
0.0652387
0.0639584
0.0627073
0.0614836
0.060286
0.0591133
0.0579645
0.0568388
0.0557356
0.0546548
0.0535962
0.0525602
0.0515474
0.0505587
0.0495953
0.0486586
0.0477508
0.0468739
0.0460309
0.0452247
0.0444594
0.0437393
0.0430698
0.0424577
0.041911
0.0414399
0.0410573
0.0407794
0.0406272
0.961692
0.892185
0.829086
0.771729
0.719524
0.671945
0.628524
0.588843
0.552531
0.519256
0.488721
0.460662
0.434843
0.411051
0.389098
0.368813
0.350044
0.332654
0.31652
0.301532
0.287591
0.274605
0.262495
0.251187
0.240615
0.230719
0.221445
0.212744
0.20457
0.196884
0.189647
0.182828
0.176393
0.170317
0.164572
0.159135
0.153985
0.149102
0.144468
0.140066
0.135881
0.131898
0.128105
0.124488
0.121038
0.117744
0.114596
0.111586
0.108704
0.105944
0.103298
0.10076
0.0983227
0.0959811
0.0937295
0.0915628
0.0894761
0.087465
0.0855252
0.0836527
0.0818437
0.0800945
0.0784018
0.0767623
0.075173
0.0736309
0.0721333
0.0706776
0.0692612
0.0678819
0.0665374
0.0652256
0.0639447
0.0626928
0.0614685
0.0602702
0.0590968
0.0579473
0.0568208
0.055717
0.0546355
0.0535763
0.0525398
0.0515265
0.0505373
0.0495735
0.0486366
0.0477285
0.0468515
0.0460084
0.0452024
0.0444372
0.0437173
0.0430482
0.0424364
0.04189
0.0414193
0.041037
0.0407594
0.0406074
0.961692
0.892185
0.829086
0.771729
0.719524
0.671945
0.628524
0.588843
0.552531
0.519256
0.488721
0.460662
0.434842
0.411051
0.389097
0.368812
0.350043
0.332653
0.316519
0.301532
0.28759
0.274604
0.262494
0.251186
0.240614
0.230718
0.221444
0.212742
0.204568
0.196882
0.189645
0.182825
0.176391
0.170314
0.164569
0.159133
0.153983
0.1491
0.144465
0.140063
0.135878
0.131895
0.128101
0.124485
0.121035
0.11774
0.114592
0.111581
0.1087
0.105939
0.103293
0.100755
0.0983174
0.0959756
0.0937237
0.0915567
0.0894698
0.0874585
0.0855184
0.0836455
0.0818362
0.0800866
0.0783935
0.0767536
0.0751639
0.0736214
0.0721233
0.0706671
0.0692502
0.0678703
0.0665252
0.0652129
0.0639313
0.0626788
0.0614538
0.0602548
0.0590807
0.0579305
0.0568034
0.0556989
0.0546167
0.0535569
0.0525198
0.051506
0.0505164
0.0495522
0.048615
0.0477068
0.0468297
0.0459866
0.0451806
0.0444155
0.0436959
0.0430271
0.0424156
0.0418696
0.0413993
0.0410173
0.04074
0.0405881
0.961692
0.892185
0.829086
0.771729
0.719524
0.671945
0.628524
0.588843
0.552531
0.519255
0.48872
0.460661
0.434842
0.41105
0.389097
0.368811
0.350042
0.332652
0.316519
0.301531
0.287589
0.274603
0.262493
0.251185
0.240612
0.230716
0.221442
0.21274
0.204567
0.19688
0.189643
0.182823
0.176389
0.170312
0.164567
0.15913
0.15398
0.149097
0.144463
0.14006
0.135875
0.131891
0.128098
0.124481
0.121031
0.117737
0.114588
0.111577
0.108695
0.105935
0.103289
0.10075
0.0983123
0.0959702
0.0937181
0.0915509
0.0894638
0.0874521
0.0855117
0.0836386
0.0818289
0.080079
0.0783856
0.0767453
0.0751551
0.0736122
0.0721137
0.070657
0.0692396
0.0678591
0.0665135
0.0652005
0.0639184
0.0626652
0.0614395
0.0602399
0.0590651
0.0579142
0.0567865
0.0556813
0.0545986
0.0535382
0.0525005
0.0514862
0.0504962
0.0495317
0.0485942
0.0476858
0.0468086
0.0459655
0.0451596
0.0443946
0.0436752
0.0430067
0.0423955
0.0418499
0.0413799
0.0409983
0.0407212
0.0405695
0.961692
0.892185
0.829086
0.771729
0.719524
0.671945
0.628524
0.588843
0.552531
0.519255
0.48872
0.460661
0.434842
0.41105
0.389096
0.368811
0.350041
0.332651
0.316518
0.30153
0.287588
0.274602
0.262492
0.251183
0.240611
0.230715
0.221441
0.212739
0.204565
0.196878
0.189642
0.182821
0.176387
0.17031
0.164565
0.159128
0.153978
0.149094
0.14446
0.140057
0.135872
0.131888
0.128094
0.124478
0.121027
0.117733
0.114584
0.111573
0.108691
0.105931
0.103284
0.100745
0.0983073
0.0959651
0.0937128
0.0915453
0.0894579
0.087446
0.0855054
0.0836319
0.0818219
0.0800717
0.0783779
0.0767373
0.0751467
0.0736034
0.0721044
0.0706472
0.0692294
0.0678484
0.0665022
0.0651887
0.0639059
0.0626522
0.0614259
0.0602256
0.0590502
0.0578987
0.0567703
0.0556645
0.0545811
0.0535202
0.052482
0.0514673
0.0504768
0.0495119
0.0485742
0.0476656
0.0467883
0.0459452
0.0451394
0.0443746
0.0436554
0.0429871
0.0423763
0.041831
0.0413613
0.04098
0.0407032
0.0405517
0.961692
0.892185
0.829086
0.771729
0.719524
0.671945
0.628524
0.588843
0.552531
0.519255
0.48872
0.460661
0.434841
0.411049
0.389095
0.36881
0.350041
0.332651
0.316517
0.301529
0.287587
0.274601
0.26249
0.251182
0.24061
0.230713
0.221439
0.212737
0.204563
0.196876
0.18964
0.182819
0.176385
0.170308
0.164562
0.159125
0.153975
0.149092
0.144457
0.140055
0.135869
0.131885
0.128091
0.124475
0.121024
0.117729
0.114581
0.111569
0.108687
0.105926
0.10328
0.100741
0.0983026
0.0959602
0.0937077
0.09154
0.0894524
0.0874402
0.0854993
0.0836256
0.0818153
0.0800648
0.0783707
0.0767297
0.0751388
0.073595
0.0720956
0.070638
0.0692197
0.0678382
0.0664915
0.0651775
0.0638941
0.0626398
0.0614129
0.060212
0.059036
0.0578839
0.0567548
0.0556485
0.0545646
0.0535031
0.0524644
0.0514492
0.0504584
0.0494932
0.0485552
0.0476464
0.0467691
0.045926
0.0451202
0.0443556
0.0436366
0.0429685
0.042358
0.041813
0.0413437
0.0409627
0.0406861
0.0405348
0.961692
0.892185
0.829086
0.771729
0.719524
0.671945
0.628524
0.588843
0.55253
0.519255
0.48872
0.46066
0.434841
0.411049
0.389095
0.368809
0.35004
0.33265
0.316516
0.301528
0.287586
0.2746
0.262489
0.251181
0.240608
0.230712
0.221438
0.212736
0.204562
0.196875
0.189638
0.182817
0.176383
0.170306
0.16456
0.159123
0.153973
0.149089
0.144455
0.140052
0.135866
0.131882
0.128088
0.124471
0.121021
0.117726
0.114577
0.111566
0.108683
0.105922
0.103276
0.100736
0.0982982
0.0959555
0.0937028
0.091535
0.0894471
0.0874348
0.0854936
0.0836196
0.0818091
0.0800583
0.0783638
0.0767225
0.0751313
0.0735871
0.0720874
0.0706294
0.0692106
0.0678287
0.0664815
0.0651669
0.0638831
0.0626282
0.0614007
0.0601993
0.0590227
0.05787
0.0567404
0.0556335
0.054549
0.053487
0.0524479
0.0514323
0.0504411
0.0494756
0.0485374
0.0476285
0.046751
0.0459079
0.0451022
0.0443377
0.0436189
0.0429511
0.0423409
0.0417962
0.0413271
0.0409464
0.04067
0.0405189
0.961692
0.892185
0.829086
0.771729
0.719524
0.671945
0.628524
0.588843
0.55253
0.519254
0.488719
0.46066
0.43484
0.411048
0.389094
0.368809
0.350039
0.332649
0.316515
0.301527
0.287584
0.274599
0.262488
0.25118
0.240607
0.230711
0.221436
0.212734
0.20456
0.196873
0.189636
0.182816
0.176381
0.170304
0.164558
0.159121
0.153971
0.149087
0.144452
0.140049
0.135863
0.13188
0.128085
0.124469
0.121018
0.117723
0.114574
0.111562
0.10868
0.105919
0.103272
0.100732
0.0982941
0.0959512
0.0936984
0.0915303
0.0894422
0.0874297
0.0854883
0.0836141
0.0818033
0.0800522
0.0783575
0.0767159
0.0751243
0.0735799
0.0720797
0.0706213
0.0692022
0.0678198
0.0664722
0.0651572
0.0638728
0.0626175
0.0613895
0.0601875
0.0590104
0.0578571
0.056727
0.0556196
0.0545346
0.0534722
0.0524326
0.0514166
0.0504251
0.0494593
0.0485209
0.0476118
0.0467343
0.0458912
0.0450855
0.0443212
0.0436025
0.042935
0.042325
0.0417806
0.0413118
0.0409313
0.0406552
0.0405041
0.961692
0.892185
0.829086
0.771729
0.719524
0.671945
0.628523
0.588842
0.55253
0.519254
0.488719
0.46066
0.43484
0.411047
0.389094
0.368808
0.350038
0.332648
0.316514
0.301526
0.287584
0.274598
0.262487
0.251178
0.240606
0.230709
0.221435
0.212733
0.204558
0.196871
0.189634
0.182814
0.176379
0.170302
0.164556
0.159119
0.153968
0.149085
0.14445
0.140047
0.135861
0.131877
0.128083
0.124466
0.121015
0.11772
0.114571
0.111559
0.108677
0.105915
0.103268
0.100729
0.0982903
0.0959473
0.0936942
0.091526
0.0894378
0.087425
0.0854834
0.083609
0.081798
0.0800467
0.0783517
0.0767098
0.075118
0.0735732
0.0720728
0.070614
0.0691945
0.0678118
0.0664637
0.0651483
0.0638635
0.0626077
0.0613792
0.0601768
0.0589991
0.0578454
0.0567148
0.0556069
0.0545215
0.0534586
0.0524187
0.0514023
0.0504105
0.0494445
0.0485059
0.0475967
0.0467191
0.045876
0.0450704
0.0443062
0.0435877
0.0429203
0.0423106
0.0417664
0.0412979
0.0409176
0.0406417
0.0404907
0.961692
0.892185
0.829086
0.771729
0.719524
0.671945
0.628523
0.588842
0.55253
0.519254
0.488718
0.460659
0.434839
0.411047
0.389093
0.368807
0.350038
0.332647
0.316513
0.301525
0.287583
0.274597
0.262486
0.251177
0.240605
0.230708
0.221434
0.212731
0.204557
0.19687
0.189633
0.182812
0.176378
0.1703
0.164555
0.159117
0.153967
0.149083
0.144448
0.140045
0.135859
0.131875
0.128081
0.124463
0.121012
0.117717
0.114568
0.111556
0.108674
0.105912
0.103265
0.100725
0.0982868
0.0959437
0.0936905
0.0915222
0.0894338
0.0874209
0.0854791
0.0836045
0.0817933
0.0800418
0.0783466
0.0767045
0.0751123
0.0735673
0.0720666
0.0706075
0.0691877
0.0678046
0.0664562
0.0651404
0.0638552
0.062599
0.0613701
0.0601673
0.0589892
0.057835
0.056704
0.0555957
0.0545099
0.0534466
0.0524063
0.0513897
0.0503976
0.0494313
0.0484926
0.0475832
0.0467056
0.0458625
0.045057
0.0442928
0.0435745
0.0429073
0.0422978
0.0417538
0.0412855
0.0409054
0.0406296
0.0404788
0.961692
0.892185
0.829086
0.771729
0.719524
0.671945
0.628523
0.588842
0.552529
0.519253
0.488718
0.460659
0.434839
0.411046
0.389092
0.368807
0.350037
0.332647
0.316513
0.301524
0.287582
0.274596
0.262485
0.251176
0.240604
0.230707
0.221432
0.21273
0.204556
0.196869
0.189632
0.182811
0.176376
0.170299
0.164553
0.159116
0.153965
0.149081
0.144446
0.140043
0.135857
0.131873
0.128078
0.124461
0.12101
0.117715
0.114566
0.111554
0.108671
0.10591
0.103262
0.100722
0.0982838
0.0959406
0.0936873
0.0915188
0.0894303
0.0874172
0.0854753
0.0836006
0.0817892
0.0800375
0.0783421
0.0766998
0.0751075
0.0735622
0.0720612
0.0706019
0.0691818
0.0677985
0.0664498
0.0651336
0.0638481
0.0625915
0.0613623
0.0601591
0.0589806
0.0578261
0.0566947
0.055586
0.0544999
0.0534363
0.0523957
0.0513788
0.0503865
0.04942
0.0484811
0.0475717
0.046694
0.0458509
0.0450454
0.0442813
0.0435631
0.0428961
0.0422867
0.041743
0.0412748
0.0408949
0.0406193
0.0404686
0.961692
0.892185
0.829086
0.771729
0.719524
0.671944
0.628523
0.588842
0.552529
0.519253
0.488718
0.460658
0.434838
0.411046
0.389092
0.368806
0.350036
0.332646
0.316512
0.301523
0.287581
0.274595
0.262484
0.251175
0.240603
0.230706
0.221431
0.212729
0.204555
0.196868
0.18963
0.18281
0.176375
0.170297
0.164552
0.159114
0.153963
0.14908
0.144445
0.140042
0.135855
0.131871
0.128077
0.124459
0.121008
0.117713
0.114564
0.111552
0.108669
0.105907
0.10326
0.10072
0.0982813
0.095938
0.0936846
0.091516
0.0894274
0.0874142
0.0854722
0.0835973
0.0817857
0.0800339
0.0783384
0.0766959
0.0751034
0.073558
0.0720568
0.0705973
0.069177
0.0677934
0.0664444
0.065128
0.0638423
0.0625854
0.0613559
0.0601524
0.0589736
0.0578188
0.0566871
0.0555781
0.0544917
0.0534279
0.052387
0.0513699
0.0503774
0.0494108
0.0484718
0.0475623
0.0466845
0.0458414
0.0450359
0.044272
0.0435538
0.0428869
0.0422777
0.0417341
0.0412661
0.0408862
0.0406107
0.0404601
0.961692
0.892185
0.829086
0.771729
0.719524
0.671944
0.628523
0.588841
0.552529
0.519253
0.488717
0.460658
0.434838
0.411045
0.389091
0.368806
0.350036
0.332645
0.316511
0.301523
0.28758
0.274594
0.262483
0.251175
0.240602
0.230705
0.22143
0.212728
0.204554
0.196867
0.189629
0.182809
0.176374
0.170296
0.16455
0.159113
0.153962
0.149078
0.144443
0.14004
0.135854
0.13187
0.128075
0.124458
0.121007
0.117711
0.114562
0.11155
0.108667
0.105906
0.103258
0.100718
0.0982793
0.0959359
0.0936824
0.0915138
0.0894251
0.0874118
0.0854697
0.0835947
0.0817831
0.0800311
0.0783355
0.0766929
0.0751003
0.0735547
0.0720534
0.0705938
0.0691732
0.0677895
0.0664404
0.0651238
0.0638378
0.0625808
0.061351
0.0601473
0.0589683
0.0578133
0.0566814
0.0555722
0.0544855
0.0534215
0.0523805
0.0513632
0.0503705
0.0494038
0.0484647
0.0475551
0.0466774
0.0458342
0.0450288
0.0442649
0.0435468
0.04288
0.0422708
0.0417273
0.0412594
0.0408796
0.0406041
0.0404536
0.961692
0.892185
0.829086
0.771729
0.719523
0.671944
0.628522
0.588841
0.552528
0.519252
0.488717
0.460657
0.434837
0.411045
0.389091
0.368805
0.350035
0.332645
0.316511
0.301522
0.28758
0.274593
0.262483
0.251174
0.240601
0.230705
0.22143
0.212728
0.204553
0.196866
0.189629
0.182808
0.176373
0.170295
0.16455
0.159112
0.153961
0.149077
0.144442
0.140039
0.135853
0.131869
0.128074
0.124457
0.121006
0.11771
0.114561
0.111549
0.108666
0.105904
0.103257
0.100717
0.0982778
0.0959344
0.0936809
0.0915122
0.0894234
0.0874101
0.0854679
0.0835929
0.0817812
0.0800292
0.0783335
0.0766908
0.0750981
0.0735525
0.0720511
0.0705914
0.0691707
0.0677869
0.0664377
0.065121
0.0638349
0.0625777
0.0613478
0.0601439
0.0589648
0.0578096
0.0566776
0.0555683
0.0544815
0.0534174
0.0523763
0.0513588
0.0503661
0.0493993
0.0484601
0.0475505
0.0466727
0.0458295
0.0450241
0.0442602
0.0435422
0.0428754
0.0422663
0.0417228
0.0412549
0.0408752
0.0405997
0.0404491
0.961692
0.892185
0.829085
0.771728
0.719523
0.671944
0.628522
0.588841
0.552528
0.519252
0.488717
0.460657
0.434837
0.411045
0.38909
0.368805
0.350035
0.332644
0.31651
0.301522
0.287579
0.274593
0.262482
0.251173
0.240601
0.230704
0.221429
0.212727
0.204553
0.196865
0.189628
0.182807
0.176372
0.170295
0.164549
0.159111
0.153961
0.149077
0.144442
0.140038
0.135852
0.131868
0.128073
0.124456
0.121005
0.117709
0.11456
0.111548
0.108665
0.105903
0.103256
0.100716
0.0982769
0.0959335
0.0936799
0.0915112
0.0894224
0.0874091
0.0854669
0.0835918
0.0817801
0.0800281
0.0783324
0.0766897
0.075097
0.0735513
0.0720499
0.0705901
0.0691694
0.0677856
0.0664363
0.0651195
0.0638334
0.0625761
0.0613462
0.0601423
0.0589631
0.0578079
0.0566758
0.0555664
0.0544796
0.0534154
0.0523743
0.0513568
0.050364
0.0493972
0.048458
0.0475483
0.0466705
0.0458273
0.0450219
0.044258
0.04354
0.0428732
0.0422641
0.0417206
0.0412527
0.0408729
0.0405973
0.0404465
0.961692
0.892185
0.829085
0.771728
0.719523
0.671944
0.628522
0.588841
0.552528
0.519252
0.488716
0.460657
0.434837
0.411044
0.38909
0.368804
0.350035
0.332644
0.31651
0.301521
0.287579
0.274593
0.262482
0.251173
0.2406
0.230704
0.221429
0.212727
0.204552
0.196865
0.189628
0.182807
0.176372
0.170294
0.164549
0.159111
0.15396
0.149076
0.144441
0.140038
0.135852
0.131868
0.128073
0.124456
0.121004
0.117709
0.11456
0.111548
0.108665
0.105903
0.103255
0.100715
0.0982765
0.095933
0.0936795
0.0915108
0.089422
0.0874087
0.0854665
0.0835914
0.0817797
0.0800277
0.078332
0.0766893
0.0750966
0.0735509
0.0720495
0.0705897
0.0691691
0.0677852
0.0664359
0.0651192
0.0638331
0.0625758
0.0613459
0.060142
0.0589629
0.0578076
0.0566755
0.0555662
0.0544794
0.0534152
0.0523741
0.0513566
0.0503639
0.0493971
0.0484578
0.0475482
0.0466703
0.0458271
0.0450217
0.0442578
0.0435398
0.042873
0.0422638
0.0417203
0.0412523
0.0408724
0.0405966
0.0404457
0.961692
0.892185
0.829085
0.771728
0.719523
0.671944
0.628522
0.588841
0.552528
0.519252
0.488716
0.460657
0.434837
0.411044
0.38909
0.368804
0.350035
0.332644
0.31651
0.301521
0.287579
0.274593
0.262482
0.251173
0.2406
0.230704
0.221429
0.212727
0.204552
0.196865
0.189628
0.182807
0.176372
0.170294
0.164548
0.159111
0.15396
0.149076
0.144441
0.140038
0.135852
0.131867
0.128073
0.124455
0.121004
0.117709
0.11456
0.111548
0.108665
0.105903
0.103255
0.100715
0.0982764
0.095933
0.0936795
0.0915107
0.089422
0.0874086
0.0854665
0.0835915
0.0817797
0.0800277
0.078332
0.0766894
0.0750967
0.073551
0.0720497
0.0705899
0.0691693
0.0677855
0.0664362
0.0651195
0.0638334
0.0625762
0.0613464
0.0601425
0.0589634
0.0578082
0.0566762
0.0555669
0.0544802
0.053416
0.052375
0.0513576
0.0503649
0.0493981
0.0484589
0.0475492
0.0466713
0.0458281
0.0450227
0.0442588
0.0435408
0.0428741
0.0422649
0.0417214
0.0412533
0.0408733
0.0405973
0.040446
)
;

boundaryField
{
    inlet
    {
        type            fixedValue;
        value           uniform 1;
    }
    outlet
    {
        type            inletOutlet;
        inletValue      uniform 1;
        value           nonuniform List<scalar> 
100
(
0.0403853
0.0403875
0.040392
0.0403984
0.0404067
0.0404168
0.0404284
0.0404416
0.0404561
0.0404719
0.0404888
0.0405067
0.0405254
0.0405449
0.0405651
0.0405857
0.0406068
0.0406282
0.0406498
0.0406715
0.0406933
0.0407151
0.0407367
0.0407581
0.0407793
0.0408002
0.0408206
0.0408406
0.0408602
0.0408792
0.0408975
0.0409153
0.0409324
0.0409487
0.0409643
0.0409791
0.0409931
0.0410062
0.0410184
0.0410297
0.0410401
0.0410495
0.041058
0.0410654
0.0410719
0.0410773
0.0410817
0.0410851
0.0410874
0.0410886
0.0410888
0.041088
0.0410861
0.0410832
0.0410792
0.0410742
0.0410682
0.0410612
0.0410531
0.0410442
0.0410342
0.0410234
0.0410116
0.040999
0.0409855
0.0409712
0.0409561
0.0409403
0.0409237
0.0409065
0.0408887
0.0408703
0.0408514
0.040832
0.0408123
0.0407921
0.0407717
0.040751
0.0407303
0.0407094
0.0406886
0.0406679
0.0406474
0.0406272
0.0406074
0.0405881
0.0405695
0.0405517
0.0405348
0.0405189
0.0405041
0.0404907
0.0404788
0.0404686
0.0404601
0.0404536
0.0404491
0.0404465
0.0404457
0.040446
)
;
    }
    ground
    {
        type            empty;
    }
    top
    {
        type            empty;
    }
    front
    {
        type            inletOutlet;
        inletValue      uniform 1;
        value           nonuniform List<scalar> 
100
(
0.961692
0.892185
0.829085
0.771728
0.719523
0.671944
0.628522
0.588841
0.552528
0.519252
0.488716
0.460657
0.434837
0.411044
0.38909
0.368804
0.350035
0.332644
0.31651
0.301521
0.287579
0.274592
0.262482
0.251173
0.2406
0.230703
0.221428
0.212726
0.204551
0.196864
0.189627
0.182806
0.176371
0.170293
0.164547
0.15911
0.153959
0.149075
0.144439
0.140036
0.135849
0.131865
0.12807
0.124452
0.121001
0.117705
0.114555
0.111543
0.10866
0.105898
0.10325
0.100709
0.0982696
0.0959255
0.0936713
0.0915018
0.0894122
0.0873979
0.0854548
0.0835786
0.0817657
0.0800124
0.0783152
0.076671
0.0750766
0.073529
0.0720256
0.0705636
0.0691407
0.0677543
0.0664023
0.0650827
0.0637936
0.0625331
0.0612999
0.0600926
0.05891
0.0577512
0.0566156
0.0555028
0.0544126
0.0533452
0.0523011
0.051281
0.050286
0.0493173
0.0483766
0.047466
0.0465878
0.0457448
0.0449402
0.0441777
0.0434616
0.0427972
0.0421907
0.04165
0.0411849
0.0408078
0.0405345
0.0403853
)
;
    }
    back
    {
        type            inletOutlet;
        inletValue      uniform 1;
        value           nonuniform List<scalar> 
100
(
0.961692
0.892185
0.829085
0.771728
0.719523
0.671944
0.628522
0.588841
0.552528
0.519252
0.488716
0.460657
0.434837
0.411044
0.38909
0.368804
0.350035
0.332644
0.31651
0.301521
0.287579
0.274593
0.262482
0.251173
0.2406
0.230704
0.221429
0.212727
0.204552
0.196865
0.189628
0.182807
0.176372
0.170294
0.164548
0.159111
0.15396
0.149076
0.144441
0.140038
0.135852
0.131867
0.128073
0.124455
0.121004
0.117709
0.11456
0.111548
0.108665
0.105903
0.103255
0.100715
0.0982764
0.095933
0.0936795
0.0915107
0.089422
0.0874086
0.0854665
0.0835915
0.0817797
0.0800277
0.078332
0.0766894
0.0750967
0.073551
0.0720497
0.0705899
0.0691693
0.0677855
0.0664362
0.0651195
0.0638334
0.0625762
0.0613464
0.0601425
0.0589634
0.0578082
0.0566762
0.0555669
0.0544802
0.053416
0.052375
0.0513576
0.0503649
0.0493981
0.0484589
0.0475492
0.0466713
0.0458281
0.0450227
0.0442588
0.0435408
0.0428741
0.0422649
0.0417214
0.0412533
0.0408733
0.0405973
0.040446
)
;
    }
}


// ************************************************************************* //
