/*--------------------------------*- C++ -*----------------------------------*\
  =========                 |
  \\      /  F ield         | OpenFOAM: The Open Source CFD Toolbox
   \\    /   O peration     | Website:  https://openfoam.org
    \\  /    A nd           | Version:  11
     \\/     M anipulation  |
\*---------------------------------------------------------------------------*/
FoamFile
{
    format      ascii;
    class       volScalarField;
    location    "22";
    object      omega;
}
// * * * * * * * * * * * * * * * * * * * * * * * * * * * * * * * * * * * * * //

dimensions      [0 0 -1 0 0 0 0];

internalField   nonuniform List<scalar> 
10000
(
0.95967
0.88572
0.818007
0.756181
0.700028
0.649419
0.604241
0.564339
0.529485
0.49937
0.473621
0.451817
0.433522
0.418298
0.40573
0.39543
0.387045
0.380267
0.374824
0.370482
0.367036
0.364313
0.362174
0.360499
0.359193
0.358179
0.357393
0.356784
0.356314
0.35595
0.355668
0.355449
0.355278
0.355144
0.355038
0.354954
0.354886
0.35483
0.354785
0.354747
0.354714
0.354687
0.354663
0.354643
0.354625
0.354608
0.354594
0.354581
0.354569
0.354559
0.354549
0.35454
0.354532
0.354525
0.354518
0.354512
0.354506
0.3545
0.354496
0.354491
0.354487
0.354483
0.354479
0.354476
0.354473
0.35447
0.354467
0.354465
0.354462
0.35446
0.354458
0.354456
0.354455
0.354453
0.354451
0.35445
0.354449
0.354447
0.354446
0.354445
0.354443
0.354442
0.354441
0.35444
0.354439
0.354438
0.354436
0.354435
0.354434
0.354433
0.354431
0.35443
0.354429
0.354428
0.354426
0.354425
0.354424
0.354423
0.354423
0.354422
0.959669
0.885733
0.818033
0.756214
0.700066
0.649462
0.604288
0.564388
0.529536
0.499422
0.473672
0.451867
0.433569
0.418343
0.405771
0.395468
0.387083
0.380303
0.374858
0.370511
0.36706
0.364334
0.362192
0.360515
0.359207
0.358191
0.357404
0.356794
0.356323
0.355958
0.355675
0.355456
0.355284
0.35515
0.355043
0.354959
0.35489
0.354835
0.354789
0.35475
0.354718
0.35469
0.354666
0.354646
0.354627
0.354611
0.354596
0.354583
0.354571
0.354561
0.354551
0.354542
0.354534
0.354526
0.354519
0.354513
0.354507
0.354502
0.354497
0.354492
0.354488
0.354484
0.35448
0.354477
0.354474
0.354471
0.354468
0.354465
0.354463
0.354461
0.354459
0.354457
0.354455
0.354453
0.354452
0.35445
0.354449
0.354448
0.354446
0.354445
0.354444
0.354443
0.354441
0.35444
0.354439
0.354438
0.354437
0.354435
0.354434
0.354433
0.354432
0.35443
0.354429
0.354428
0.354427
0.354425
0.354424
0.354424
0.354423
0.354422
0.959671
0.885755
0.818072
0.756267
0.700129
0.649532
0.604363
0.564468
0.529617
0.499502
0.473751
0.451942
0.43364
0.418409
0.405832
0.395524
0.387133
0.380349
0.374899
0.370547
0.367091
0.36436
0.362214
0.360534
0.359224
0.358205
0.357416
0.356805
0.356332
0.355966
0.355683
0.355463
0.355291
0.355156
0.355049
0.354964
0.354896
0.35484
0.354794
0.354755
0.354723
0.354695
0.354671
0.35465
0.354631
0.354615
0.3546
0.354587
0.354575
0.354564
0.354554
0.354545
0.354536
0.354529
0.354522
0.354515
0.354509
0.354504
0.354499
0.354494
0.354489
0.354485
0.354482
0.354478
0.354475
0.354472
0.354469
0.354467
0.354464
0.354462
0.35446
0.354458
0.354456
0.354454
0.354453
0.354451
0.35445
0.354448
0.354447
0.354446
0.354444
0.354443
0.354442
0.354441
0.35444
0.354438
0.354437
0.354436
0.354435
0.354433
0.354432
0.354431
0.354429
0.354428
0.354427
0.354426
0.354425
0.354424
0.354423
0.354423
0.959676
0.88578
0.818118
0.75633
0.700207
0.649622
0.604462
0.564572
0.529724
0.49961
0.473856
0.452043
0.433735
0.418496
0.405912
0.395595
0.387197
0.380406
0.374949
0.37059
0.367127
0.364392
0.36224
0.360556
0.359243
0.358222
0.35743
0.356817
0.356343
0.355976
0.355692
0.355471
0.355298
0.355163
0.355056
0.354971
0.354902
0.354846
0.354799
0.354761
0.354728
0.3547
0.354676
0.354654
0.354636
0.354619
0.354604
0.354591
0.354578
0.354567
0.354557
0.354548
0.354539
0.354532
0.354524
0.354518
0.354512
0.354506
0.354501
0.354496
0.354492
0.354487
0.354484
0.35448
0.354477
0.354474
0.354471
0.354468
0.354466
0.354463
0.354461
0.354459
0.354457
0.354455
0.354454
0.354452
0.354451
0.354449
0.354448
0.354446
0.354445
0.354444
0.354443
0.354441
0.35444
0.354439
0.354438
0.354436
0.354435
0.354434
0.354432
0.354431
0.35443
0.354428
0.354427
0.354426
0.354425
0.354424
0.354423
0.354423
0.959682
0.885806
0.818165
0.756398
0.700294
0.649725
0.604577
0.564696
0.529852
0.499739
0.473982
0.452165
0.433849
0.418602
0.406008
0.395682
0.387275
0.380474
0.375008
0.370641
0.367171
0.364428
0.362271
0.360582
0.359264
0.35824
0.357445
0.35683
0.356354
0.355986
0.355701
0.355479
0.355306
0.35517
0.355063
0.354977
0.354908
0.354852
0.354805
0.354766
0.354733
0.354705
0.354681
0.354659
0.354641
0.354624
0.354609
0.354595
0.354583
0.354571
0.354561
0.354552
0.354543
0.354535
0.354528
0.354521
0.354515
0.354509
0.354504
0.354499
0.354494
0.35449
0.354486
0.354482
0.354479
0.354475
0.354472
0.35447
0.354467
0.354465
0.354462
0.35446
0.354458
0.354457
0.354455
0.354453
0.354452
0.35445
0.354449
0.354447
0.354446
0.354445
0.354443
0.354442
0.354441
0.35444
0.354438
0.354437
0.354436
0.354434
0.354433
0.354432
0.35443
0.354429
0.354428
0.354426
0.354425
0.354424
0.354424
0.354423
0.959688
0.88583
0.81821
0.756465
0.700383
0.649833
0.604701
0.564831
0.529994
0.499883
0.474125
0.452302
0.433979
0.418723
0.406118
0.395781
0.387362
0.380551
0.375074
0.370697
0.367219
0.364468
0.362305
0.36061
0.359288
0.358259
0.357462
0.356844
0.356366
0.355997
0.35571
0.355488
0.355314
0.355178
0.35507
0.354984
0.354914
0.354858
0.354811
0.354772
0.354739
0.354711
0.354686
0.354665
0.354646
0.354629
0.354613
0.3546
0.354587
0.354576
0.354565
0.354556
0.354547
0.354539
0.354531
0.354524
0.354518
0.354512
0.354506
0.354501
0.354496
0.354492
0.354488
0.354484
0.354481
0.354477
0.354474
0.354471
0.354469
0.354466
0.354464
0.354462
0.35446
0.354458
0.354456
0.354454
0.354453
0.354451
0.35445
0.354448
0.354447
0.354446
0.354444
0.354443
0.354442
0.35444
0.354439
0.354438
0.354436
0.354435
0.354434
0.354432
0.354431
0.354429
0.354428
0.354427
0.354426
0.354425
0.354424
0.354424
0.959695
0.885853
0.818254
0.756532
0.700472
0.649943
0.604829
0.564973
0.530144
0.500037
0.474278
0.452451
0.43412
0.418853
0.406238
0.395889
0.387457
0.380634
0.375146
0.370758
0.36727
0.364511
0.36234
0.360639
0.359312
0.358279
0.357478
0.356858
0.356378
0.356007
0.355719
0.355495
0.355321
0.355184
0.355076
0.35499
0.35492
0.354864
0.354817
0.354778
0.354744
0.354716
0.354691
0.35467
0.35465
0.354633
0.354618
0.354604
0.354591
0.35458
0.354569
0.354559
0.35455
0.354542
0.354534
0.354527
0.354521
0.354515
0.354509
0.354504
0.354499
0.354494
0.35449
0.354486
0.354483
0.354479
0.354476
0.354473
0.35447
0.354468
0.354466
0.354463
0.354461
0.354459
0.354457
0.354456
0.354454
0.354452
0.354451
0.354449
0.354448
0.354447
0.354445
0.354444
0.354442
0.354441
0.35444
0.354438
0.354437
0.354436
0.354434
0.354433
0.354431
0.35443
0.354429
0.354427
0.354426
0.354425
0.354424
0.354424
0.959701
0.885875
0.818295
0.756596
0.700559
0.650052
0.604957
0.565116
0.530298
0.500196
0.474437
0.452605
0.434267
0.418991
0.406364
0.396002
0.387558
0.380721
0.375221
0.370822
0.367324
0.364556
0.362377
0.360669
0.359336
0.358299
0.357494
0.356871
0.356389
0.356016
0.355727
0.355502
0.355327
0.35519
0.355081
0.354995
0.354925
0.354869
0.354822
0.354782
0.354749
0.354721
0.354696
0.354674
0.354655
0.354638
0.354622
0.354608
0.354595
0.354584
0.354573
0.354563
0.354554
0.354545
0.354538
0.35453
0.354524
0.354517
0.354512
0.354506
0.354501
0.354497
0.354492
0.354488
0.354485
0.354481
0.354478
0.354475
0.354472
0.354469
0.354467
0.354465
0.354462
0.35446
0.354459
0.354457
0.354455
0.354453
0.354452
0.35445
0.354449
0.354447
0.354446
0.354445
0.354443
0.354442
0.35444
0.354439
0.354438
0.354436
0.354435
0.354433
0.354432
0.35443
0.354429
0.354428
0.354427
0.354426
0.354425
0.354424
0.959707
0.885896
0.818335
0.756657
0.700643
0.650158
0.605084
0.565258
0.530452
0.500356
0.474598
0.452763
0.434418
0.419132
0.406493
0.396118
0.387661
0.380811
0.375298
0.370888
0.367378
0.364601
0.362414
0.360699
0.359361
0.358319
0.35751
0.356884
0.356399
0.356024
0.355734
0.355508
0.355332
0.355195
0.355086
0.354999
0.354929
0.354873
0.354826
0.354786
0.354753
0.354725
0.3547
0.354678
0.354659
0.354641
0.354626
0.354612
0.354599
0.354587
0.354576
0.354566
0.354557
0.354548
0.35454
0.354533
0.354526
0.35452
0.354514
0.354509
0.354504
0.354499
0.354494
0.35449
0.354486
0.354483
0.35448
0.354476
0.354474
0.354471
0.354468
0.354466
0.354464
0.354462
0.35446
0.354458
0.354456
0.354454
0.354453
0.354451
0.35445
0.354448
0.354447
0.354445
0.354444
0.354442
0.354441
0.35444
0.354438
0.354437
0.354435
0.354434
0.354432
0.354431
0.354429
0.354428
0.354427
0.354426
0.354425
0.354425
0.959713
0.885916
0.818372
0.756715
0.700723
0.650261
0.605206
0.565398
0.530603
0.500514
0.474759
0.452921
0.43457
0.419274
0.406624
0.396236
0.387765
0.380902
0.375376
0.370953
0.367433
0.364646
0.362451
0.360729
0.359384
0.358337
0.357524
0.356895
0.356408
0.356031
0.355739
0.355513
0.355337
0.355198
0.355089
0.355002
0.354933
0.354876
0.354829
0.35479
0.354756
0.354728
0.354703
0.354681
0.354662
0.354645
0.354629
0.354615
0.354602
0.35459
0.354579
0.354569
0.35456
0.354551
0.354543
0.354536
0.354529
0.354522
0.354516
0.354511
0.354506
0.354501
0.354496
0.354492
0.354488
0.354484
0.354481
0.354478
0.354475
0.354472
0.35447
0.354467
0.354465
0.354463
0.354461
0.354459
0.354457
0.354455
0.354453
0.354452
0.35445
0.354449
0.354447
0.354446
0.354445
0.354443
0.354442
0.35444
0.354439
0.354437
0.354436
0.354434
0.354433
0.354431
0.35443
0.354429
0.354427
0.354426
0.354426
0.354425
0.959719
0.885935
0.818407
0.756769
0.700799
0.650358
0.605324
0.565532
0.53075
0.500669
0.474916
0.453077
0.43472
0.419415
0.406753
0.396353
0.387869
0.380993
0.375454
0.371019
0.367488
0.364691
0.362487
0.360758
0.359406
0.358354
0.357538
0.356905
0.356415
0.356037
0.355744
0.355516
0.355339
0.355201
0.355091
0.355004
0.354934
0.354878
0.354831
0.354792
0.354759
0.35473
0.354705
0.354684
0.354664
0.354647
0.354632
0.354617
0.354604
0.354592
0.354581
0.354571
0.354562
0.354553
0.354545
0.354538
0.354531
0.354524
0.354518
0.354513
0.354507
0.354502
0.354498
0.354494
0.35449
0.354486
0.354482
0.354479
0.354476
0.354473
0.354471
0.354468
0.354466
0.354464
0.354461
0.354459
0.354458
0.354456
0.354454
0.354453
0.354451
0.354449
0.354448
0.354446
0.354445
0.354444
0.354442
0.354441
0.354439
0.354438
0.354436
0.354435
0.354433
0.354432
0.35443
0.354429
0.354428
0.354427
0.354426
0.354425
0.959724
0.885952
0.81844
0.756821
0.700871
0.650451
0.605436
0.565661
0.530892
0.500819
0.475069
0.453229
0.434866
0.419553
0.406881
0.396469
0.387971
0.381082
0.37553
0.371083
0.367541
0.364735
0.362522
0.360785
0.359428
0.358371
0.35755
0.356914
0.356422
0.356041
0.355747
0.355518
0.355341
0.355202
0.355092
0.355005
0.354935
0.354879
0.354832
0.354793
0.35476
0.354732
0.354707
0.354685
0.354666
0.354649
0.354633
0.354619
0.354606
0.354594
0.354583
0.354573
0.354564
0.354555
0.354547
0.354539
0.354532
0.354526
0.35452
0.354514
0.354509
0.354504
0.354499
0.354495
0.354491
0.354487
0.354483
0.35448
0.354477
0.354474
0.354471
0.354469
0.354467
0.354464
0.354462
0.35446
0.354458
0.354456
0.354455
0.354453
0.354451
0.35445
0.354448
0.354447
0.354445
0.354444
0.354442
0.354441
0.354439
0.354438
0.354436
0.354435
0.354433
0.354432
0.35443
0.354429
0.354428
0.354427
0.354426
0.354426
0.959729
0.885968
0.818471
0.756868
0.700938
0.650538
0.605542
0.565783
0.531027
0.500962
0.475216
0.453375
0.435008
0.419688
0.407005
0.396581
0.388071
0.381169
0.375605
0.371146
0.367593
0.364777
0.362555
0.360811
0.359448
0.358386
0.357561
0.356921
0.356427
0.356044
0.355749
0.355519
0.355341
0.355202
0.355092
0.355005
0.354935
0.354878
0.354832
0.354793
0.35476
0.354732
0.354708
0.354686
0.354667
0.35465
0.354635
0.354621
0.354608
0.354596
0.354585
0.354575
0.354565
0.354556
0.354548
0.354541
0.354534
0.354527
0.354521
0.354515
0.35451
0.354505
0.3545
0.354496
0.354492
0.354488
0.354484
0.354481
0.354478
0.354475
0.354472
0.35447
0.354467
0.354465
0.354463
0.354461
0.354459
0.354457
0.354455
0.354453
0.354452
0.35445
0.354449
0.354447
0.354446
0.354444
0.354443
0.354441
0.35444
0.354438
0.354437
0.354435
0.354434
0.354432
0.354431
0.354429
0.354428
0.354427
0.354426
0.354426
0.959733
0.885983
0.818499
0.756913
0.701001
0.65062
0.605642
0.565899
0.531155
0.501098
0.475356
0.453515
0.435144
0.419817
0.407125
0.39669
0.388168
0.381253
0.375677
0.371207
0.367643
0.364817
0.362587
0.360836
0.359466
0.358399
0.35757
0.356928
0.356431
0.356047
0.355749
0.355519
0.35534
0.3552
0.355091
0.355004
0.354934
0.354877
0.354831
0.354792
0.35476
0.354732
0.354708
0.354686
0.354668
0.354651
0.354635
0.354621
0.354608
0.354597
0.354586
0.354576
0.354566
0.354557
0.354549
0.354542
0.354535
0.354528
0.354522
0.354516
0.354511
0.354506
0.354501
0.354496
0.354492
0.354489
0.354485
0.354482
0.354478
0.354475
0.354473
0.35447
0.354468
0.354465
0.354463
0.354461
0.354459
0.354457
0.354455
0.354454
0.354452
0.35445
0.354449
0.354447
0.354446
0.354444
0.354443
0.354441
0.35444
0.354438
0.354437
0.354435
0.354434
0.354432
0.354431
0.354429
0.354428
0.354427
0.354426
0.354426
0.959737
0.885997
0.818526
0.756955
0.70106
0.650696
0.605735
0.566007
0.531275
0.501227
0.475489
0.453648
0.435274
0.41994
0.407239
0.396794
0.38826
0.381334
0.375746
0.371265
0.367691
0.364856
0.362618
0.360859
0.359484
0.358412
0.357579
0.356933
0.356434
0.356048
0.355749
0.355518
0.355338
0.355198
0.355088
0.355001
0.354932
0.354876
0.354829
0.354791
0.354759
0.354731
0.354707
0.354686
0.354667
0.35465
0.354635
0.354621
0.354609
0.354597
0.354586
0.354576
0.354567
0.354558
0.35455
0.354542
0.354535
0.354529
0.354522
0.354517
0.354511
0.354506
0.354501
0.354497
0.354493
0.354489
0.354485
0.354482
0.354479
0.354476
0.354473
0.35447
0.354468
0.354465
0.354463
0.354461
0.354459
0.354457
0.354456
0.354454
0.354452
0.354451
0.354449
0.354447
0.354446
0.354444
0.354443
0.354441
0.35444
0.354438
0.354437
0.354435
0.354434
0.354432
0.354431
0.35443
0.354428
0.354427
0.354426
0.354426
0.959741
0.88601
0.81855
0.756993
0.701114
0.650767
0.605822
0.566109
0.531388
0.501348
0.475615
0.453774
0.435397
0.420057
0.407348
0.396893
0.388349
0.381411
0.375813
0.371321
0.367737
0.364892
0.362647
0.360881
0.3595
0.358423
0.357586
0.356937
0.356436
0.356048
0.355748
0.355516
0.355336
0.355196
0.355085
0.354998
0.354929
0.354873
0.354827
0.354789
0.354757
0.354729
0.354706
0.354685
0.354666
0.35465
0.354635
0.354621
0.354608
0.354597
0.354586
0.354576
0.354567
0.354558
0.35455
0.354542
0.354535
0.354529
0.354523
0.354517
0.354511
0.354506
0.354502
0.354497
0.354493
0.354489
0.354485
0.354482
0.354479
0.354476
0.354473
0.35447
0.354468
0.354465
0.354463
0.354461
0.354459
0.354457
0.354456
0.354454
0.354452
0.354451
0.354449
0.354447
0.354446
0.354444
0.354443
0.354441
0.35444
0.354438
0.354437
0.354435
0.354434
0.354432
0.354431
0.35443
0.354428
0.354427
0.354427
0.354426
0.959744
0.886022
0.818573
0.757029
0.701164
0.650833
0.605903
0.566203
0.531494
0.501461
0.475732
0.453892
0.435512
0.420167
0.407451
0.396987
0.388433
0.381485
0.375876
0.371373
0.36778
0.364927
0.362674
0.360902
0.359515
0.358433
0.357592
0.356941
0.356437
0.356047
0.355746
0.355513
0.355333
0.355192
0.355082
0.354995
0.354925
0.35487
0.354824
0.354786
0.354754
0.354727
0.354704
0.354683
0.354665
0.354648
0.354634
0.35462
0.354608
0.354596
0.354585
0.354576
0.354566
0.354558
0.35455
0.354542
0.354535
0.354529
0.354523
0.354517
0.354511
0.354506
0.354502
0.354497
0.354493
0.354489
0.354485
0.354482
0.354479
0.354476
0.354473
0.35447
0.354468
0.354465
0.354463
0.354461
0.354459
0.354457
0.354455
0.354454
0.354452
0.35445
0.354449
0.354447
0.354446
0.354444
0.354443
0.354441
0.35444
0.354438
0.354437
0.354435
0.354434
0.354432
0.354431
0.354429
0.354428
0.354427
0.354426
0.354426
0.959748
0.886033
0.818594
0.757062
0.701211
0.650894
0.605978
0.566291
0.531592
0.501567
0.475842
0.454003
0.435621
0.420271
0.407548
0.397075
0.388512
0.381554
0.375935
0.371423
0.367821
0.36496
0.362699
0.360921
0.359528
0.358442
0.357598
0.356943
0.356437
0.356046
0.355743
0.35551
0.355329
0.355188
0.355078
0.354991
0.354921
0.354866
0.35482
0.354783
0.354751
0.354725
0.354701
0.354681
0.354663
0.354647
0.354632
0.354619
0.354606
0.354595
0.354585
0.354575
0.354566
0.354557
0.354549
0.354542
0.354535
0.354528
0.354522
0.354517
0.354511
0.354506
0.354501
0.354497
0.354493
0.354489
0.354485
0.354482
0.354479
0.354476
0.354473
0.35447
0.354468
0.354465
0.354463
0.354461
0.354459
0.354457
0.354455
0.354453
0.354452
0.35445
0.354449
0.354447
0.354445
0.354444
0.354442
0.354441
0.354439
0.354438
0.354436
0.354435
0.354433
0.354432
0.354431
0.354429
0.354428
0.354427
0.354426
0.354426
0.959751
0.886043
0.818614
0.757093
0.701254
0.65095
0.606047
0.566372
0.531682
0.501665
0.475944
0.454106
0.435722
0.420368
0.407639
0.397158
0.388587
0.38162
0.375991
0.37147
0.367859
0.364991
0.362723
0.360939
0.359541
0.358451
0.357603
0.356945
0.356437
0.356044
0.35574
0.355506
0.355324
0.355183
0.355073
0.354986
0.354917
0.354862
0.354816
0.354779
0.354748
0.354721
0.354699
0.354679
0.354661
0.354645
0.35463
0.354617
0.354605
0.354594
0.354584
0.354574
0.354565
0.354557
0.354549
0.354541
0.354534
0.354528
0.354522
0.354516
0.354511
0.354506
0.354501
0.354497
0.354493
0.354489
0.354485
0.354482
0.354478
0.354475
0.354472
0.35447
0.354467
0.354465
0.354463
0.354461
0.354459
0.354457
0.354455
0.354453
0.354451
0.35445
0.354448
0.354447
0.354445
0.354444
0.354442
0.354441
0.354439
0.354438
0.354436
0.354435
0.354433
0.354432
0.35443
0.354429
0.354428
0.354427
0.354426
0.354426
0.959754
0.886053
0.818632
0.757121
0.701293
0.651002
0.606111
0.566446
0.531766
0.501755
0.476038
0.454202
0.435817
0.420459
0.407724
0.397236
0.388656
0.381681
0.376044
0.371515
0.367896
0.36502
0.362745
0.360955
0.359553
0.358458
0.357607
0.356947
0.356436
0.356041
0.355737
0.355502
0.35532
0.355178
0.355068
0.354981
0.354912
0.354857
0.354812
0.354775
0.354744
0.354718
0.354696
0.354676
0.354658
0.354643
0.354628
0.354615
0.354603
0.354592
0.354582
0.354573
0.354564
0.354555
0.354548
0.35454
0.354534
0.354527
0.354521
0.354516
0.35451
0.354505
0.354501
0.354496
0.354492
0.354488
0.354484
0.354481
0.354478
0.354475
0.354472
0.354469
0.354467
0.354464
0.354462
0.35446
0.354458
0.354456
0.354454
0.354453
0.354451
0.354449
0.354448
0.354446
0.354445
0.354443
0.354442
0.35444
0.354439
0.354437
0.354436
0.354434
0.354433
0.354432
0.35443
0.354429
0.354428
0.354427
0.354426
0.354426
0.959756
0.886062
0.818648
0.757147
0.70133
0.651049
0.606169
0.566515
0.531843
0.501839
0.476126
0.45429
0.435904
0.420543
0.407803
0.397309
0.388722
0.381738
0.376093
0.371556
0.36793
0.365047
0.362766
0.36097
0.359563
0.358465
0.35761
0.356947
0.356435
0.356039
0.355733
0.355497
0.355315
0.355173
0.355063
0.354976
0.354907
0.354852
0.354808
0.354771
0.35474
0.354715
0.354692
0.354673
0.354655
0.35464
0.354626
0.354613
0.354602
0.354591
0.354581
0.354571
0.354562
0.354554
0.354547
0.354539
0.354533
0.354526
0.35452
0.354515
0.354509
0.354505
0.3545
0.354495
0.354491
0.354488
0.354484
0.35448
0.354477
0.354474
0.354471
0.354469
0.354466
0.354464
0.354462
0.35446
0.354458
0.354456
0.354454
0.354452
0.35445
0.354449
0.354447
0.354446
0.354444
0.354443
0.354441
0.35444
0.354438
0.354437
0.354436
0.354434
0.354433
0.354431
0.35443
0.354429
0.354428
0.354427
0.354426
0.354425
0.959759
0.88607
0.818664
0.75717
0.701363
0.651093
0.606223
0.566578
0.531914
0.501916
0.476206
0.454373
0.435986
0.420622
0.407877
0.397377
0.388783
0.381792
0.376139
0.371595
0.367961
0.365072
0.362785
0.360985
0.359573
0.358471
0.357613
0.356948
0.356433
0.356036
0.355729
0.355493
0.35531
0.355168
0.355057
0.354971
0.354902
0.354847
0.354803
0.354767
0.354736
0.354711
0.354689
0.354669
0.354653
0.354637
0.354624
0.354611
0.354599
0.354589
0.354579
0.35457
0.354561
0.354553
0.354545
0.354538
0.354532
0.354525
0.354519
0.354514
0.354509
0.354504
0.354499
0.354495
0.354491
0.354487
0.354483
0.35448
0.354477
0.354474
0.354471
0.354468
0.354466
0.354463
0.354461
0.354459
0.354457
0.354455
0.354453
0.354452
0.35445
0.354448
0.354447
0.354445
0.354444
0.354442
0.354441
0.354439
0.354438
0.354437
0.354435
0.354434
0.354432
0.354431
0.35443
0.354428
0.354427
0.354426
0.354426
0.354425
0.959761
0.886078
0.818678
0.757192
0.701393
0.651132
0.606272
0.566636
0.531979
0.501986
0.476281
0.454448
0.436061
0.420694
0.407945
0.39744
0.388839
0.381842
0.376182
0.371631
0.367991
0.365095
0.362803
0.360998
0.359582
0.358476
0.357616
0.356948
0.356432
0.356033
0.355725
0.355488
0.355304
0.355162
0.355052
0.354965
0.354897
0.354842
0.354798
0.354762
0.354732
0.354707
0.354685
0.354666
0.354649
0.354634
0.354621
0.354609
0.354597
0.354587
0.354577
0.354568
0.354559
0.354551
0.354544
0.354537
0.35453
0.354524
0.354518
0.354513
0.354508
0.354503
0.354498
0.354494
0.35449
0.354486
0.354482
0.354479
0.354476
0.354473
0.35447
0.354467
0.354465
0.354463
0.35446
0.354458
0.354456
0.354454
0.354453
0.354451
0.354449
0.354448
0.354446
0.354445
0.354443
0.354442
0.35444
0.354439
0.354438
0.354436
0.354435
0.354433
0.354432
0.354431
0.354429
0.354428
0.354427
0.354426
0.354425
0.354425
0.959763
0.886084
0.81869
0.757212
0.701421
0.651169
0.606317
0.566689
0.532039
0.502051
0.476349
0.454518
0.43613
0.420761
0.408008
0.397498
0.388892
0.381888
0.376222
0.371665
0.368019
0.365117
0.36282
0.36101
0.35959
0.358481
0.357618
0.356948
0.35643
0.35603
0.355721
0.355483
0.355299
0.355157
0.355046
0.35496
0.354892
0.354837
0.354793
0.354758
0.354728
0.354703
0.354681
0.354663
0.354646
0.354632
0.354618
0.354606
0.354595
0.354585
0.354575
0.354566
0.354558
0.35455
0.354543
0.354536
0.354529
0.354523
0.354517
0.354512
0.354507
0.354502
0.354497
0.354493
0.354489
0.354485
0.354482
0.354478
0.354475
0.354472
0.354469
0.354467
0.354464
0.354462
0.35446
0.354458
0.354456
0.354454
0.354452
0.35445
0.354449
0.354447
0.354446
0.354444
0.354443
0.354441
0.35444
0.354438
0.354437
0.354436
0.354434
0.354433
0.354432
0.35443
0.354429
0.354428
0.354427
0.354426
0.354425
0.354425
0.959765
0.886091
0.818702
0.75723
0.701447
0.651202
0.606358
0.566737
0.532094
0.502111
0.476412
0.454582
0.436194
0.420823
0.408067
0.397552
0.388941
0.381931
0.376259
0.371696
0.368044
0.365138
0.362836
0.361021
0.359598
0.358486
0.35762
0.356948
0.356428
0.356027
0.355717
0.355478
0.355294
0.355152
0.355041
0.354954
0.354886
0.354832
0.354789
0.354753
0.354724
0.354699
0.354678
0.354659
0.354643
0.354629
0.354616
0.354604
0.354593
0.354583
0.354573
0.354564
0.354556
0.354548
0.354541
0.354534
0.354528
0.354522
0.354516
0.354511
0.354506
0.354501
0.354496
0.354492
0.354488
0.354484
0.354481
0.354477
0.354474
0.354471
0.354469
0.354466
0.354463
0.354461
0.354459
0.354457
0.354455
0.354453
0.354451
0.35445
0.354448
0.354446
0.354445
0.354443
0.354442
0.354441
0.354439
0.354438
0.354436
0.354435
0.354434
0.354432
0.354431
0.35443
0.354429
0.354427
0.354426
0.354426
0.354425
0.354424
0.959766
0.886097
0.818713
0.757247
0.70147
0.651232
0.606395
0.566781
0.532144
0.502165
0.476469
0.454641
0.436252
0.42088
0.408121
0.397602
0.388986
0.381971
0.376294
0.371725
0.368068
0.365157
0.36285
0.361032
0.359605
0.35849
0.357621
0.356948
0.356426
0.356024
0.355713
0.355474
0.355289
0.355146
0.355036
0.354949
0.354881
0.354827
0.354784
0.354749
0.354719
0.354695
0.354674
0.354656
0.35464
0.354626
0.354613
0.354601
0.35459
0.35458
0.354571
0.354562
0.354554
0.354547
0.35454
0.354533
0.354526
0.35452
0.354515
0.354509
0.354504
0.3545
0.354495
0.354491
0.354487
0.354483
0.35448
0.354477
0.354473
0.354471
0.354468
0.354465
0.354463
0.35446
0.354458
0.354456
0.354454
0.354452
0.354451
0.354449
0.354447
0.354446
0.354444
0.354443
0.354441
0.35444
0.354439
0.354437
0.354436
0.354435
0.354433
0.354432
0.354431
0.354429
0.354428
0.354427
0.354426
0.354425
0.354425
0.354424
0.959768
0.886102
0.818723
0.757262
0.701491
0.65126
0.60643
0.566821
0.532189
0.502215
0.476522
0.454695
0.436306
0.420932
0.40817
0.397648
0.389028
0.382008
0.376326
0.371752
0.36809
0.365174
0.362864
0.361042
0.359611
0.358493
0.357623
0.356947
0.356424
0.35602
0.355709
0.355469
0.355284
0.355141
0.35503
0.354944
0.354876
0.354822
0.354779
0.354744
0.354715
0.354691
0.35467
0.354652
0.354637
0.354623
0.35461
0.354599
0.354588
0.354578
0.354569
0.35456
0.354553
0.354545
0.354538
0.354531
0.354525
0.354519
0.354514
0.354508
0.354503
0.354499
0.354494
0.35449
0.354486
0.354482
0.354479
0.354476
0.354473
0.35447
0.354467
0.354464
0.354462
0.35446
0.354457
0.354455
0.354453
0.354452
0.35445
0.354448
0.354447
0.354445
0.354444
0.354442
0.354441
0.354439
0.354438
0.354437
0.354435
0.354434
0.354433
0.354431
0.35443
0.354429
0.354428
0.354427
0.354426
0.354425
0.354424
0.354424
0.95977
0.886107
0.818732
0.757276
0.701511
0.651285
0.606461
0.566858
0.532231
0.502261
0.47657
0.454745
0.436356
0.42098
0.408216
0.397691
0.389066
0.382042
0.376355
0.371777
0.368111
0.36519
0.362876
0.361051
0.359617
0.358497
0.357624
0.356946
0.356422
0.356017
0.355705
0.355465
0.35528
0.355136
0.355025
0.354939
0.354871
0.354818
0.354775
0.35474
0.354711
0.354687
0.354667
0.354649
0.354634
0.35462
0.354607
0.354596
0.354586
0.354576
0.354567
0.354559
0.354551
0.354543
0.354536
0.35453
0.354524
0.354518
0.354512
0.354507
0.354502
0.354498
0.354493
0.354489
0.354485
0.354481
0.354478
0.354475
0.354472
0.354469
0.354466
0.354463
0.354461
0.354459
0.354457
0.354455
0.354453
0.354451
0.354449
0.354447
0.354446
0.354444
0.354443
0.354441
0.35444
0.354439
0.354437
0.354436
0.354435
0.354433
0.354432
0.354431
0.35443
0.354429
0.354427
0.354426
0.354425
0.354425
0.354424
0.354423
0.959771
0.886111
0.81874
0.757289
0.701529
0.651309
0.606489
0.566892
0.532269
0.502303
0.476614
0.45479
0.436401
0.421024
0.408258
0.39773
0.389102
0.382074
0.376383
0.3718
0.36813
0.365205
0.362887
0.361059
0.359623
0.3585
0.357625
0.356946
0.35642
0.356014
0.355702
0.355461
0.355275
0.355132
0.355021
0.354934
0.354867
0.354813
0.35477
0.354736
0.354707
0.354684
0.354663
0.354646
0.354631
0.354617
0.354605
0.354594
0.354583
0.354574
0.354565
0.354557
0.354549
0.354542
0.354535
0.354528
0.354522
0.354516
0.354511
0.354506
0.354501
0.354496
0.354492
0.354488
0.354484
0.354481
0.354477
0.354474
0.354471
0.354468
0.354465
0.354463
0.35446
0.354458
0.354456
0.354454
0.354452
0.35445
0.354448
0.354447
0.354445
0.354444
0.354442
0.354441
0.354439
0.354438
0.354437
0.354435
0.354434
0.354433
0.354432
0.35443
0.354429
0.354428
0.354427
0.354426
0.354425
0.354424
0.354424
0.354423
0.959772
0.886116
0.818748
0.7573
0.701545
0.65133
0.606515
0.566922
0.532304
0.502341
0.476655
0.454831
0.436442
0.421065
0.408297
0.397766
0.389134
0.382103
0.376408
0.371821
0.368147
0.365219
0.362898
0.361066
0.359628
0.358503
0.357626
0.356945
0.356418
0.356012
0.355698
0.355457
0.355271
0.355127
0.355016
0.35493
0.354862
0.354809
0.354766
0.354732
0.354704
0.35468
0.35466
0.354643
0.354628
0.354614
0.354602
0.354591
0.354581
0.354572
0.354563
0.354555
0.354547
0.35454
0.354533
0.354527
0.354521
0.354515
0.35451
0.354505
0.3545
0.354495
0.354491
0.354487
0.354483
0.35448
0.354476
0.354473
0.35447
0.354467
0.354464
0.354462
0.354459
0.354457
0.354455
0.354453
0.354451
0.354449
0.354448
0.354446
0.354444
0.354443
0.354441
0.35444
0.354439
0.354437
0.354436
0.354435
0.354434
0.354432
0.354431
0.35443
0.354429
0.354428
0.354427
0.354426
0.354425
0.354424
0.354423
0.354423
0.959773
0.886119
0.818755
0.757311
0.701559
0.651349
0.606539
0.56695
0.532336
0.502375
0.476691
0.454869
0.43648
0.421102
0.408332
0.397799
0.389164
0.38213
0.376431
0.371841
0.368163
0.365232
0.362908
0.361074
0.359632
0.358505
0.357627
0.356945
0.356417
0.356009
0.355695
0.355453
0.355266
0.355123
0.355012
0.354925
0.354858
0.354805
0.354762
0.354728
0.3547
0.354677
0.354657
0.35464
0.354625
0.354612
0.3546
0.354589
0.354579
0.35457
0.354561
0.354553
0.354546
0.354538
0.354532
0.354525
0.35452
0.354514
0.354509
0.354504
0.354499
0.354494
0.35449
0.354486
0.354482
0.354479
0.354475
0.354472
0.354469
0.354466
0.354463
0.354461
0.354459
0.354456
0.354454
0.354452
0.35445
0.354449
0.354447
0.354445
0.354444
0.354442
0.354441
0.354439
0.354438
0.354437
0.354435
0.354434
0.354433
0.354432
0.354431
0.354429
0.354428
0.354427
0.354426
0.354425
0.354424
0.354424
0.354423
0.354422
0.959774
0.886123
0.818761
0.757321
0.701573
0.651366
0.60656
0.566976
0.532364
0.502407
0.476725
0.454904
0.436515
0.421136
0.408365
0.397829
0.389192
0.382154
0.376452
0.371859
0.368178
0.365244
0.362917
0.36108
0.359637
0.358507
0.357627
0.356944
0.356415
0.356006
0.355692
0.355449
0.355262
0.355119
0.355007
0.354921
0.354854
0.354801
0.354758
0.354724
0.354696
0.354673
0.354654
0.354637
0.354622
0.354609
0.354597
0.354587
0.354577
0.354568
0.354559
0.354551
0.354544
0.354537
0.35453
0.354524
0.354518
0.354513
0.354507
0.354502
0.354498
0.354493
0.354489
0.354485
0.354481
0.354478
0.354474
0.354471
0.354468
0.354465
0.354463
0.35446
0.354458
0.354456
0.354453
0.354451
0.35445
0.354448
0.354446
0.354444
0.354443
0.354441
0.35444
0.354439
0.354437
0.354436
0.354435
0.354434
0.354432
0.354431
0.35443
0.354429
0.354428
0.354427
0.354426
0.354425
0.354424
0.354423
0.354423
0.354422
0.959775
0.886126
0.818767
0.757329
0.701585
0.651382
0.60658
0.566999
0.53239
0.502435
0.476755
0.454935
0.436547
0.421167
0.408394
0.397857
0.389217
0.382177
0.376472
0.371876
0.368192
0.365255
0.362925
0.361086
0.359641
0.358509
0.357628
0.356943
0.356413
0.356004
0.355689
0.355446
0.355259
0.355115
0.355003
0.354917
0.35485
0.354797
0.354755
0.354721
0.354693
0.35467
0.354651
0.354634
0.354619
0.354607
0.354595
0.354584
0.354575
0.354566
0.354557
0.35455
0.354542
0.354535
0.354529
0.354523
0.354517
0.354511
0.354506
0.354501
0.354497
0.354492
0.354488
0.354484
0.35448
0.354477
0.354473
0.35447
0.354467
0.354465
0.354462
0.354459
0.354457
0.354455
0.354453
0.354451
0.354449
0.354447
0.354445
0.354444
0.354442
0.354441
0.354439
0.354438
0.354437
0.354436
0.354434
0.354433
0.354432
0.354431
0.35443
0.354428
0.354427
0.354426
0.354425
0.354424
0.354424
0.354423
0.354422
0.354422
0.959776
0.886129
0.818772
0.757337
0.701596
0.651396
0.606598
0.56702
0.532414
0.502461
0.476783
0.454964
0.436575
0.421195
0.408421
0.397882
0.38924
0.382197
0.37649
0.371891
0.368204
0.365265
0.362933
0.361091
0.359644
0.358511
0.357628
0.356943
0.356412
0.356002
0.355686
0.355442
0.355255
0.355111
0.355
0.354913
0.354846
0.354793
0.354751
0.354718
0.35469
0.354667
0.354648
0.354631
0.354617
0.354604
0.354593
0.354582
0.354573
0.354564
0.354556
0.354548
0.354541
0.354534
0.354528
0.354521
0.354516
0.35451
0.354505
0.3545
0.354496
0.354491
0.354487
0.354483
0.354479
0.354476
0.354473
0.354469
0.354467
0.354464
0.354461
0.354459
0.354456
0.354454
0.354452
0.35445
0.354448
0.354446
0.354445
0.354443
0.354442
0.35444
0.354439
0.354437
0.354436
0.354435
0.354434
0.354433
0.354431
0.35443
0.354429
0.354428
0.354427
0.354426
0.354425
0.354424
0.354423
0.354423
0.354422
0.354422
0.959777
0.886132
0.818777
0.757345
0.701606
0.651409
0.606614
0.567038
0.532436
0.502485
0.476808
0.45499
0.436602
0.421221
0.408446
0.397905
0.389262
0.382216
0.376506
0.371905
0.368216
0.365274
0.36294
0.361096
0.359647
0.358513
0.357629
0.356942
0.35641
0.355999
0.355683
0.355439
0.355252
0.355108
0.354996
0.35491
0.354843
0.35479
0.354748
0.354714
0.354687
0.354664
0.354645
0.354629
0.354615
0.354602
0.354591
0.35458
0.354571
0.354562
0.354554
0.354547
0.354539
0.354533
0.354526
0.35452
0.354515
0.354509
0.354504
0.354499
0.354495
0.35449
0.354486
0.354482
0.354479
0.354475
0.354472
0.354469
0.354466
0.354463
0.35446
0.354458
0.354456
0.354453
0.354451
0.354449
0.354447
0.354446
0.354444
0.354442
0.354441
0.35444
0.354438
0.354437
0.354436
0.354434
0.354433
0.354432
0.354431
0.35443
0.354429
0.354428
0.354427
0.354426
0.354425
0.354424
0.354423
0.354422
0.354422
0.354421
0.959778
0.886134
0.818781
0.757351
0.701615
0.651421
0.606628
0.567056
0.532455
0.502506
0.476831
0.455014
0.436625
0.421244
0.408468
0.397926
0.389281
0.382233
0.376521
0.371918
0.368226
0.365283
0.362946
0.361101
0.35965
0.358515
0.357629
0.356941
0.356409
0.355997
0.35568
0.355437
0.355249
0.355104
0.354993
0.354907
0.35484
0.354787
0.354745
0.354711
0.354684
0.354662
0.354643
0.354627
0.354612
0.3546
0.354589
0.354579
0.354569
0.354561
0.354553
0.354545
0.354538
0.354531
0.354525
0.354519
0.354513
0.354508
0.354503
0.354498
0.354494
0.354489
0.354485
0.354481
0.354478
0.354474
0.354471
0.354468
0.354465
0.354462
0.35446
0.354457
0.354455
0.354453
0.354451
0.354449
0.354447
0.354445
0.354443
0.354442
0.35444
0.354439
0.354438
0.354436
0.354435
0.354434
0.354433
0.354431
0.35443
0.354429
0.354428
0.354427
0.354426
0.354425
0.354424
0.354423
0.354423
0.354422
0.354421
0.354421
0.959778
0.886136
0.818785
0.757357
0.701623
0.651432
0.606641
0.567071
0.532473
0.502526
0.476852
0.455035
0.436647
0.421265
0.408489
0.397945
0.389298
0.382249
0.376535
0.371929
0.368236
0.36529
0.362952
0.361105
0.359653
0.358516
0.35763
0.356941
0.356407
0.355996
0.355678
0.355434
0.355246
0.355101
0.35499
0.354904
0.354837
0.354784
0.354742
0.354709
0.354682
0.354659
0.35464
0.354624
0.35461
0.354598
0.354587
0.354577
0.354568
0.354559
0.354551
0.354544
0.354537
0.35453
0.354524
0.354518
0.354512
0.354507
0.354502
0.354497
0.354493
0.354488
0.354484
0.354481
0.354477
0.354474
0.35447
0.354467
0.354464
0.354462
0.354459
0.354457
0.354454
0.354452
0.35445
0.354448
0.354446
0.354444
0.354443
0.354441
0.35444
0.354438
0.354437
0.354436
0.354435
0.354433
0.354432
0.354431
0.35443
0.354429
0.354428
0.354427
0.354426
0.354425
0.354424
0.354423
0.354422
0.354422
0.354421
0.354421
0.959779
0.886138
0.818789
0.757363
0.701631
0.651441
0.606653
0.567085
0.532489
0.502543
0.47687
0.455054
0.436666
0.421285
0.408507
0.397962
0.389314
0.382263
0.376547
0.37194
0.368245
0.365297
0.362957
0.361109
0.359656
0.358517
0.35763
0.35694
0.356406
0.355994
0.355676
0.355431
0.355243
0.355099
0.354987
0.354901
0.354834
0.354781
0.35474
0.354706
0.354679
0.354657
0.354638
0.354622
0.354608
0.354596
0.354585
0.354575
0.354566
0.354558
0.35455
0.354542
0.354536
0.354529
0.354523
0.354517
0.354511
0.354506
0.354501
0.354496
0.354492
0.354488
0.354484
0.35448
0.354476
0.354473
0.35447
0.354467
0.354464
0.354461
0.354458
0.354456
0.354454
0.354451
0.354449
0.354447
0.354446
0.354444
0.354442
0.354441
0.354439
0.354438
0.354437
0.354435
0.354434
0.354433
0.354432
0.354431
0.354429
0.354428
0.354427
0.354426
0.354425
0.354424
0.354424
0.354423
0.354422
0.354421
0.354421
0.35442
0.95978
0.88614
0.818792
0.757367
0.701637
0.65145
0.606663
0.567097
0.532503
0.502559
0.476887
0.455071
0.436684
0.421302
0.408524
0.397978
0.389328
0.382276
0.376559
0.371949
0.368253
0.365303
0.362962
0.361112
0.359658
0.358519
0.35763
0.35694
0.356405
0.355992
0.355674
0.355429
0.355241
0.355096
0.354985
0.354898
0.354831
0.354779
0.354737
0.354704
0.354677
0.354655
0.354636
0.35462
0.354607
0.354594
0.354584
0.354574
0.354565
0.354556
0.354549
0.354541
0.354534
0.354528
0.354522
0.354516
0.35451
0.354505
0.3545
0.354496
0.354491
0.354487
0.354483
0.354479
0.354476
0.354472
0.354469
0.354466
0.354463
0.35446
0.354458
0.354455
0.354453
0.354451
0.354449
0.354447
0.354445
0.354443
0.354442
0.35444
0.354439
0.354437
0.354436
0.354435
0.354434
0.354432
0.354431
0.35443
0.354429
0.354428
0.354427
0.354426
0.354425
0.354424
0.354423
0.354422
0.354422
0.354421
0.354421
0.35442
0.95978
0.886142
0.818795
0.757372
0.701643
0.651457
0.606673
0.567108
0.532515
0.502573
0.476902
0.455087
0.436699
0.421317
0.408538
0.397992
0.389341
0.382287
0.376569
0.371958
0.36826
0.365309
0.362966
0.361115
0.35966
0.35852
0.35763
0.356939
0.356404
0.355991
0.355672
0.355427
0.355239
0.355094
0.354982
0.354896
0.354829
0.354776
0.354735
0.354702
0.354675
0.354653
0.354634
0.354619
0.354605
0.354593
0.354582
0.354572
0.354563
0.354555
0.354547
0.35454
0.354533
0.354527
0.354521
0.354515
0.35451
0.354504
0.3545
0.354495
0.35449
0.354486
0.354482
0.354478
0.354475
0.354472
0.354468
0.354465
0.354462
0.35446
0.354457
0.354455
0.354452
0.35445
0.354448
0.354446
0.354445
0.354443
0.354441
0.35444
0.354438
0.354437
0.354436
0.354434
0.354433
0.354432
0.354431
0.35443
0.354429
0.354428
0.354427
0.354426
0.354425
0.354424
0.354423
0.354422
0.354421
0.354421
0.35442
0.35442
0.959781
0.886143
0.818797
0.757376
0.701649
0.651464
0.606681
0.567118
0.532526
0.502585
0.476915
0.4551
0.436713
0.421331
0.408551
0.398004
0.389352
0.382297
0.376577
0.371965
0.368266
0.365314
0.36297
0.361118
0.359661
0.35852
0.35763
0.356939
0.356403
0.355989
0.355671
0.355425
0.355237
0.355092
0.35498
0.354894
0.354827
0.354774
0.354733
0.3547
0.354673
0.354651
0.354633
0.354617
0.354603
0.354592
0.354581
0.354571
0.354562
0.354554
0.354546
0.354539
0.354532
0.354526
0.35452
0.354514
0.354509
0.354504
0.354499
0.354494
0.35449
0.354486
0.354482
0.354478
0.354474
0.354471
0.354468
0.354465
0.354462
0.354459
0.354457
0.354454
0.354452
0.35445
0.354448
0.354446
0.354444
0.354442
0.354441
0.354439
0.354438
0.354436
0.354435
0.354434
0.354433
0.354432
0.35443
0.354429
0.354428
0.354427
0.354426
0.354425
0.354424
0.354424
0.354423
0.354422
0.354421
0.354421
0.35442
0.35442
0.959781
0.886144
0.8188
0.757379
0.701653
0.65147
0.606688
0.567127
0.532536
0.502596
0.476926
0.455112
0.436725
0.421343
0.408563
0.398015
0.389362
0.382306
0.376585
0.371972
0.368271
0.365318
0.362974
0.361121
0.359663
0.358521
0.357631
0.356938
0.356402
0.355988
0.355669
0.355424
0.355235
0.35509
0.354978
0.354892
0.354825
0.354772
0.354731
0.354698
0.354671
0.35465
0.354631
0.354616
0.354602
0.35459
0.35458
0.35457
0.354561
0.354553
0.354545
0.354538
0.354532
0.354525
0.354519
0.354514
0.354508
0.354503
0.354498
0.354494
0.354489
0.354485
0.354481
0.354477
0.354474
0.35447
0.354467
0.354464
0.354461
0.354459
0.354456
0.354454
0.354451
0.354449
0.354447
0.354445
0.354444
0.354442
0.35444
0.354439
0.354437
0.354436
0.354435
0.354433
0.354432
0.354431
0.35443
0.354429
0.354428
0.354427
0.354426
0.354425
0.354424
0.354423
0.354423
0.354422
0.354421
0.35442
0.35442
0.35442
0.959781
0.886145
0.818802
0.757382
0.701657
0.651475
0.606695
0.567134
0.532545
0.502605
0.476936
0.455123
0.436736
0.421353
0.408573
0.398024
0.389371
0.382314
0.376592
0.371978
0.368276
0.365322
0.362977
0.361123
0.359664
0.358522
0.357631
0.356938
0.356402
0.355987
0.355668
0.355422
0.355233
0.355088
0.354976
0.35489
0.354823
0.354771
0.35473
0.354697
0.35467
0.354648
0.35463
0.354614
0.354601
0.354589
0.354579
0.354569
0.35456
0.354552
0.354545
0.354537
0.354531
0.354524
0.354519
0.354513
0.354508
0.354502
0.354498
0.354493
0.354489
0.354484
0.354481
0.354477
0.354473
0.35447
0.354467
0.354464
0.354461
0.354458
0.354456
0.354453
0.354451
0.354449
0.354447
0.354445
0.354443
0.354442
0.35444
0.354438
0.354437
0.354436
0.354434
0.354433
0.354432
0.354431
0.35443
0.354429
0.354428
0.354427
0.354426
0.354425
0.354424
0.354423
0.354422
0.354422
0.354421
0.35442
0.35442
0.354419
0.959782
0.886146
0.818803
0.757384
0.701661
0.65148
0.6067
0.567141
0.532552
0.502613
0.476945
0.455132
0.436745
0.421362
0.408582
0.398032
0.389378
0.382321
0.376598
0.371983
0.36828
0.365326
0.362979
0.361124
0.359665
0.358522
0.357631
0.356938
0.356401
0.355986
0.355667
0.355421
0.355232
0.355087
0.354975
0.354889
0.354822
0.354769
0.354728
0.354695
0.354669
0.354647
0.354629
0.354613
0.3546
0.354588
0.354578
0.354568
0.354559
0.354551
0.354544
0.354537
0.35453
0.354524
0.354518
0.354512
0.354507
0.354502
0.354497
0.354492
0.354488
0.354484
0.35448
0.354476
0.354473
0.35447
0.354466
0.354463
0.354461
0.354458
0.354455
0.354453
0.354451
0.354449
0.354447
0.354445
0.354443
0.354441
0.35444
0.354438
0.354437
0.354435
0.354434
0.354433
0.354432
0.354431
0.354429
0.354428
0.354427
0.354426
0.354426
0.354425
0.354424
0.354423
0.354422
0.354421
0.354421
0.35442
0.35442
0.354419
0.959782
0.886147
0.818805
0.757387
0.701664
0.651483
0.606705
0.567146
0.532558
0.50262
0.476952
0.455139
0.436752
0.42137
0.408589
0.398039
0.389385
0.382327
0.376603
0.371987
0.368284
0.365328
0.362981
0.361126
0.359666
0.358523
0.357631
0.356937
0.3564
0.355985
0.355666
0.35542
0.355231
0.355086
0.354974
0.354887
0.35482
0.354768
0.354727
0.354694
0.354668
0.354646
0.354628
0.354612
0.354599
0.354587
0.354577
0.354567
0.354559
0.354551
0.354543
0.354536
0.35453
0.354523
0.354517
0.354512
0.354506
0.354501
0.354497
0.354492
0.354488
0.354484
0.35448
0.354476
0.354473
0.354469
0.354466
0.354463
0.35446
0.354458
0.354455
0.354453
0.35445
0.354448
0.354446
0.354444
0.354443
0.354441
0.354439
0.354438
0.354436
0.354435
0.354434
0.354433
0.354431
0.35443
0.354429
0.354428
0.354427
0.354426
0.354425
0.354424
0.354424
0.354423
0.354422
0.354421
0.354421
0.35442
0.35442
0.354419
0.959782
0.886148
0.818806
0.757388
0.701666
0.651487
0.606709
0.567151
0.532563
0.502625
0.476958
0.455145
0.436759
0.421376
0.408595
0.398045
0.38939
0.382331
0.376607
0.37199
0.368287
0.365331
0.362983
0.361127
0.359667
0.358523
0.357631
0.356937
0.3564
0.355985
0.355665
0.355419
0.35523
0.355084
0.354973
0.354886
0.354819
0.354767
0.354726
0.354693
0.354667
0.354645
0.354627
0.354611
0.354598
0.354586
0.354576
0.354567
0.354558
0.35455
0.354543
0.354536
0.354529
0.354523
0.354517
0.354511
0.354506
0.354501
0.354496
0.354492
0.354487
0.354483
0.354479
0.354476
0.354472
0.354469
0.354466
0.354463
0.35446
0.354457
0.354455
0.354452
0.35445
0.354448
0.354446
0.354444
0.354442
0.354441
0.354439
0.354438
0.354436
0.354435
0.354434
0.354432
0.354431
0.35443
0.354429
0.354428
0.354427
0.354426
0.354425
0.354424
0.354423
0.354423
0.354422
0.354421
0.35442
0.35442
0.354419
0.354419
0.959782
0.886148
0.818807
0.75739
0.701668
0.651489
0.606712
0.567154
0.532567
0.50263
0.476963
0.45515
0.436764
0.421381
0.4086
0.398049
0.389394
0.382335
0.37661
0.371993
0.368289
0.365332
0.362984
0.361128
0.359668
0.358524
0.357631
0.356937
0.356399
0.355984
0.355664
0.355418
0.355229
0.355084
0.354972
0.354885
0.354818
0.354766
0.354725
0.354692
0.354666
0.354644
0.354626
0.354611
0.354598
0.354586
0.354576
0.354566
0.354558
0.35455
0.354542
0.354535
0.354529
0.354522
0.354517
0.354511
0.354506
0.354501
0.354496
0.354491
0.354487
0.354483
0.354479
0.354475
0.354472
0.354469
0.354466
0.354463
0.35446
0.354457
0.354455
0.354452
0.35445
0.354448
0.354446
0.354444
0.354442
0.35444
0.354439
0.354437
0.354436
0.354435
0.354433
0.354432
0.354431
0.35443
0.354429
0.354428
0.354427
0.354426
0.354425
0.354424
0.354423
0.354422
0.354422
0.354421
0.35442
0.35442
0.354419
0.354419
0.959782
0.886149
0.818808
0.757391
0.701669
0.651491
0.606714
0.567157
0.53257
0.502633
0.476966
0.455154
0.436767
0.421384
0.408603
0.398053
0.389397
0.382338
0.376613
0.371995
0.368291
0.365334
0.362985
0.361129
0.359668
0.358524
0.357631
0.356937
0.356399
0.355984
0.355664
0.355418
0.355228
0.355083
0.354971
0.354885
0.354818
0.354766
0.354724
0.354692
0.354665
0.354644
0.354626
0.35461
0.354597
0.354585
0.354575
0.354566
0.354557
0.354549
0.354542
0.354535
0.354528
0.354522
0.354516
0.354511
0.354505
0.3545
0.354496
0.354491
0.354487
0.354483
0.354479
0.354475
0.354472
0.354468
0.354465
0.354462
0.35446
0.354457
0.354454
0.354452
0.35445
0.354448
0.354446
0.354444
0.354442
0.35444
0.354439
0.354437
0.354436
0.354435
0.354433
0.354432
0.354431
0.35443
0.354429
0.354428
0.354427
0.354426
0.354425
0.354424
0.354423
0.354422
0.354422
0.354421
0.35442
0.35442
0.354419
0.354419
0.959782
0.886149
0.818808
0.757392
0.70167
0.651492
0.606715
0.567158
0.532572
0.502635
0.476968
0.455156
0.43677
0.421387
0.408605
0.398055
0.389399
0.382339
0.376614
0.371997
0.368292
0.365335
0.362986
0.361129
0.359669
0.358524
0.357631
0.356937
0.356399
0.355983
0.355663
0.355417
0.355228
0.355083
0.354971
0.354884
0.354817
0.354765
0.354724
0.354691
0.354665
0.354643
0.354625
0.35461
0.354597
0.354585
0.354575
0.354565
0.354557
0.354549
0.354542
0.354535
0.354528
0.354522
0.354516
0.354511
0.354505
0.3545
0.354496
0.354491
0.354487
0.354483
0.354479
0.354475
0.354472
0.354468
0.354465
0.354462
0.354459
0.354457
0.354454
0.354452
0.35445
0.354448
0.354446
0.354444
0.354442
0.35444
0.354439
0.354437
0.354436
0.354434
0.354433
0.354432
0.354431
0.35443
0.354429
0.354428
0.354427
0.354426
0.354425
0.354424
0.354423
0.354422
0.354422
0.354421
0.35442
0.35442
0.354419
0.354419
0.959783
0.886149
0.818808
0.757392
0.701671
0.651493
0.606716
0.567159
0.532573
0.502636
0.47697
0.455157
0.436771
0.421388
0.408606
0.398056
0.3894
0.38234
0.376615
0.371997
0.368292
0.365335
0.362986
0.36113
0.359669
0.358524
0.357631
0.356937
0.356399
0.355983
0.355663
0.355417
0.355228
0.355082
0.35497
0.354884
0.354817
0.354765
0.354724
0.354691
0.354665
0.354643
0.354625
0.35461
0.354597
0.354585
0.354575
0.354565
0.354557
0.354549
0.354541
0.354534
0.354528
0.354522
0.354516
0.35451
0.354505
0.3545
0.354495
0.354491
0.354487
0.354483
0.354479
0.354475
0.354472
0.354468
0.354465
0.354462
0.354459
0.354457
0.354454
0.354452
0.35445
0.354447
0.354445
0.354444
0.354442
0.35444
0.354439
0.354437
0.354436
0.354434
0.354433
0.354432
0.354431
0.35443
0.354429
0.354428
0.354427
0.354426
0.354425
0.354424
0.354423
0.354422
0.354422
0.354421
0.35442
0.35442
0.354419
0.354419
0.959782
0.886149
0.818808
0.757392
0.701671
0.651493
0.606716
0.567159
0.532573
0.502636
0.47697
0.455157
0.436771
0.421388
0.408606
0.398056
0.3894
0.38234
0.376615
0.371997
0.368292
0.365335
0.362986
0.36113
0.359669
0.358524
0.357631
0.356937
0.356399
0.355983
0.355663
0.355417
0.355228
0.355082
0.35497
0.354884
0.354817
0.354765
0.354724
0.354691
0.354665
0.354643
0.354625
0.35461
0.354597
0.354585
0.354575
0.354565
0.354557
0.354549
0.354541
0.354534
0.354528
0.354522
0.354516
0.35451
0.354505
0.3545
0.354495
0.354491
0.354487
0.354483
0.354479
0.354475
0.354472
0.354468
0.354465
0.354462
0.354459
0.354457
0.354454
0.354452
0.35445
0.354447
0.354445
0.354444
0.354442
0.35444
0.354439
0.354437
0.354436
0.354434
0.354433
0.354432
0.354431
0.35443
0.354429
0.354428
0.354427
0.354426
0.354425
0.354424
0.354423
0.354422
0.354422
0.354421
0.35442
0.35442
0.354419
0.354419
0.959782
0.886149
0.818808
0.757391
0.70167
0.651492
0.606715
0.567158
0.532572
0.502635
0.476968
0.455156
0.43677
0.421387
0.408605
0.398055
0.389399
0.382339
0.376614
0.371996
0.368292
0.365335
0.362986
0.361129
0.359668
0.358524
0.357631
0.356937
0.356399
0.355983
0.355663
0.355417
0.355228
0.355082
0.354971
0.354884
0.354817
0.354765
0.354724
0.354691
0.354665
0.354643
0.354625
0.35461
0.354597
0.354585
0.354575
0.354565
0.354557
0.354549
0.354541
0.354535
0.354528
0.354522
0.354516
0.35451
0.354505
0.3545
0.354495
0.354491
0.354487
0.354483
0.354479
0.354475
0.354472
0.354468
0.354465
0.354462
0.354459
0.354457
0.354454
0.354452
0.35445
0.354448
0.354446
0.354444
0.354442
0.35444
0.354439
0.354437
0.354436
0.354434
0.354433
0.354432
0.354431
0.35443
0.354429
0.354428
0.354427
0.354426
0.354425
0.354424
0.354423
0.354422
0.354422
0.354421
0.35442
0.35442
0.354419
0.354419
0.959782
0.886149
0.818808
0.757391
0.701669
0.651491
0.606714
0.567157
0.53257
0.502633
0.476966
0.455154
0.436767
0.421384
0.408603
0.398052
0.389397
0.382337
0.376613
0.371995
0.368291
0.365334
0.362985
0.361129
0.359668
0.358524
0.357631
0.356937
0.356399
0.355984
0.355664
0.355417
0.355228
0.355083
0.354971
0.354885
0.354818
0.354765
0.354724
0.354692
0.354665
0.354643
0.354625
0.35461
0.354597
0.354585
0.354575
0.354566
0.354557
0.354549
0.354542
0.354535
0.354528
0.354522
0.354516
0.354511
0.354505
0.3545
0.354496
0.354491
0.354487
0.354483
0.354479
0.354475
0.354472
0.354468
0.354465
0.354462
0.354459
0.354457
0.354454
0.354452
0.35445
0.354448
0.354446
0.354444
0.354442
0.35444
0.354439
0.354437
0.354436
0.354434
0.354433
0.354432
0.354431
0.35443
0.354429
0.354428
0.354427
0.354426
0.354425
0.354424
0.354423
0.354422
0.354422
0.354421
0.35442
0.35442
0.354419
0.354419
0.959782
0.886148
0.818807
0.75739
0.701668
0.651489
0.606711
0.567154
0.532567
0.50263
0.476963
0.45515
0.436764
0.42138
0.408599
0.398049
0.389394
0.382335
0.37661
0.371993
0.368289
0.365332
0.362984
0.361128
0.359668
0.358523
0.357631
0.356937
0.356399
0.355984
0.355664
0.355418
0.355229
0.355083
0.354971
0.354885
0.354818
0.354766
0.354725
0.354692
0.354666
0.354644
0.354626
0.354611
0.354597
0.354586
0.354575
0.354566
0.354557
0.354549
0.354542
0.354535
0.354528
0.354522
0.354516
0.354511
0.354506
0.354501
0.354496
0.354491
0.354487
0.354483
0.354479
0.354475
0.354472
0.354469
0.354465
0.354462
0.35446
0.354457
0.354454
0.354452
0.35445
0.354448
0.354446
0.354444
0.354442
0.35444
0.354439
0.354437
0.354436
0.354435
0.354433
0.354432
0.354431
0.35443
0.354429
0.354428
0.354427
0.354426
0.354425
0.354424
0.354423
0.354422
0.354422
0.354421
0.35442
0.35442
0.354419
0.354419
0.959782
0.886148
0.818806
0.757388
0.701666
0.651487
0.606709
0.56715
0.532563
0.502625
0.476958
0.455145
0.436759
0.421376
0.408595
0.398045
0.38939
0.382331
0.376607
0.37199
0.368286
0.36533
0.362983
0.361127
0.359667
0.358523
0.357631
0.356937
0.356399
0.355984
0.355665
0.355419
0.355229
0.355084
0.354972
0.354886
0.354819
0.354767
0.354726
0.354693
0.354666
0.354645
0.354626
0.354611
0.354598
0.354586
0.354576
0.354566
0.354558
0.35455
0.354542
0.354535
0.354529
0.354523
0.354517
0.354511
0.354506
0.354501
0.354496
0.354491
0.354487
0.354483
0.354479
0.354476
0.354472
0.354469
0.354466
0.354463
0.35446
0.354457
0.354455
0.354452
0.35445
0.354448
0.354446
0.354444
0.354442
0.354441
0.354439
0.354438
0.354436
0.354435
0.354434
0.354432
0.354431
0.35443
0.354429
0.354428
0.354427
0.354426
0.354425
0.354424
0.354423
0.354423
0.354422
0.354421
0.35442
0.35442
0.354419
0.354419
0.959782
0.886147
0.818805
0.757387
0.701664
0.651483
0.606705
0.567146
0.532558
0.50262
0.476952
0.455139
0.436752
0.421369
0.408589
0.398039
0.389384
0.382326
0.376603
0.371987
0.368283
0.365328
0.362981
0.361126
0.359666
0.358523
0.35763
0.356937
0.3564
0.355985
0.355665
0.355419
0.35523
0.355085
0.354973
0.354887
0.35482
0.354768
0.354726
0.354694
0.354667
0.354645
0.354627
0.354612
0.354599
0.354587
0.354576
0.354567
0.354558
0.35455
0.354543
0.354536
0.354529
0.354523
0.354517
0.354511
0.354506
0.354501
0.354496
0.354492
0.354487
0.354483
0.35448
0.354476
0.354472
0.354469
0.354466
0.354463
0.35446
0.354457
0.354455
0.354453
0.35445
0.354448
0.354446
0.354444
0.354443
0.354441
0.354439
0.354438
0.354436
0.354435
0.354434
0.354433
0.354431
0.35443
0.354429
0.354428
0.354427
0.354426
0.354425
0.354424
0.354424
0.354423
0.354422
0.354421
0.354421
0.35442
0.354419
0.354419
0.959782
0.886146
0.818803
0.757384
0.701661
0.65148
0.6067
0.567141
0.532552
0.502613
0.476945
0.455131
0.436745
0.421362
0.408581
0.398032
0.389378
0.38232
0.376598
0.371982
0.36828
0.365325
0.362979
0.361124
0.359665
0.358522
0.35763
0.356937
0.3564
0.355986
0.355666
0.35542
0.355231
0.355086
0.354974
0.354888
0.354821
0.354769
0.354728
0.354695
0.354668
0.354646
0.354628
0.354613
0.354599
0.354588
0.354577
0.354568
0.354559
0.354551
0.354543
0.354536
0.35453
0.354523
0.354518
0.354512
0.354507
0.354502
0.354497
0.354492
0.354488
0.354484
0.35448
0.354476
0.354473
0.354469
0.354466
0.354463
0.35446
0.354458
0.354455
0.354453
0.354451
0.354448
0.354446
0.354445
0.354443
0.354441
0.35444
0.354438
0.354437
0.354435
0.354434
0.354433
0.354432
0.35443
0.354429
0.354428
0.354427
0.354426
0.354425
0.354425
0.354424
0.354423
0.354422
0.354421
0.354421
0.35442
0.35442
0.354419
0.959781
0.886145
0.818802
0.757382
0.701657
0.651475
0.606695
0.567134
0.532545
0.502605
0.476936
0.455122
0.436736
0.421353
0.408573
0.398024
0.38937
0.382314
0.376592
0.371977
0.368276
0.365322
0.362976
0.361122
0.359664
0.358521
0.35763
0.356937
0.356401
0.355987
0.355667
0.355422
0.355233
0.355088
0.354976
0.35489
0.354823
0.35477
0.354729
0.354696
0.354669
0.354648
0.354629
0.354614
0.3546
0.354589
0.354578
0.354568
0.35456
0.354552
0.354544
0.354537
0.35453
0.354524
0.354518
0.354512
0.354507
0.354502
0.354497
0.354493
0.354488
0.354484
0.35448
0.354477
0.354473
0.35447
0.354467
0.354464
0.354461
0.354458
0.354456
0.354453
0.354451
0.354449
0.354447
0.354445
0.354443
0.354441
0.35444
0.354438
0.354437
0.354436
0.354434
0.354433
0.354432
0.354431
0.35443
0.354429
0.354428
0.354427
0.354426
0.354425
0.354424
0.354423
0.354422
0.354421
0.354421
0.35442
0.35442
0.354419
0.959781
0.886144
0.8188
0.757379
0.701653
0.65147
0.606688
0.567127
0.532536
0.502596
0.476926
0.455112
0.436725
0.421342
0.408562
0.398014
0.389362
0.382306
0.376585
0.371971
0.368271
0.365318
0.362973
0.36112
0.359662
0.358521
0.35763
0.356938
0.356402
0.355988
0.355668
0.355423
0.355234
0.355089
0.354977
0.354891
0.354824
0.354772
0.35473
0.354697
0.354671
0.354649
0.354631
0.354615
0.354602
0.35459
0.354579
0.354569
0.354561
0.354552
0.354545
0.354538
0.354531
0.354525
0.354519
0.354513
0.354508
0.354503
0.354498
0.354493
0.354489
0.354485
0.354481
0.354477
0.354473
0.35447
0.354467
0.354464
0.354461
0.354458
0.354456
0.354454
0.354451
0.354449
0.354447
0.354445
0.354443
0.354442
0.35444
0.354439
0.354437
0.354436
0.354435
0.354433
0.354432
0.354431
0.35443
0.354429
0.354428
0.354427
0.354426
0.354425
0.354424
0.354423
0.354422
0.354422
0.354421
0.35442
0.35442
0.35442
0.959781
0.886143
0.818797
0.757376
0.701649
0.651464
0.606681
0.567118
0.532526
0.502585
0.476914
0.4551
0.436713
0.42133
0.408551
0.398003
0.389352
0.382297
0.376577
0.371965
0.368265
0.365313
0.362969
0.361117
0.359661
0.35852
0.35763
0.356938
0.356402
0.355989
0.35567
0.355425
0.355236
0.355091
0.354979
0.354893
0.354826
0.354774
0.354732
0.354699
0.354672
0.35465
0.354632
0.354616
0.354603
0.354591
0.35458
0.354571
0.354562
0.354553
0.354546
0.354539
0.354532
0.354526
0.35452
0.354514
0.354508
0.354503
0.354498
0.354494
0.354489
0.354485
0.354481
0.354478
0.354474
0.354471
0.354467
0.354464
0.354462
0.354459
0.354456
0.354454
0.354452
0.35445
0.354448
0.354446
0.354444
0.354442
0.354441
0.354439
0.354438
0.354436
0.354435
0.354434
0.354433
0.354431
0.35443
0.354429
0.354428
0.354427
0.354426
0.354425
0.354424
0.354423
0.354423
0.354422
0.354421
0.354421
0.35442
0.35442
0.95978
0.886142
0.818795
0.757372
0.701643
0.651457
0.606673
0.567108
0.532515
0.502572
0.476901
0.455086
0.436699
0.421317
0.408538
0.397991
0.38934
0.382287
0.376568
0.371957
0.368259
0.365308
0.362966
0.361115
0.359659
0.358519
0.357629
0.356938
0.356403
0.35599
0.355671
0.355426
0.355238
0.355093
0.354981
0.354895
0.354828
0.354776
0.354734
0.354701
0.354674
0.354652
0.354634
0.354618
0.354604
0.354592
0.354581
0.354572
0.354563
0.354555
0.354547
0.35454
0.354533
0.354526
0.35452
0.354515
0.354509
0.354504
0.354499
0.354494
0.35449
0.354486
0.354482
0.354478
0.354475
0.354471
0.354468
0.354465
0.354462
0.354459
0.354457
0.354454
0.354452
0.35445
0.354448
0.354446
0.354444
0.354443
0.354441
0.354439
0.354438
0.354437
0.354435
0.354434
0.354433
0.354432
0.354431
0.35443
0.354429
0.354428
0.354427
0.354426
0.354425
0.354424
0.354423
0.354422
0.354421
0.354421
0.35442
0.35442
0.95978
0.88614
0.818792
0.757367
0.701637
0.65145
0.606663
0.567097
0.532503
0.502559
0.476886
0.455071
0.436683
0.421301
0.408523
0.397977
0.389327
0.382275
0.376558
0.371948
0.368252
0.365302
0.362961
0.361112
0.359657
0.358518
0.357629
0.356939
0.356404
0.355991
0.355673
0.355428
0.35524
0.355095
0.354984
0.354897
0.35483
0.354778
0.354736
0.354703
0.354676
0.354654
0.354635
0.35462
0.354606
0.354594
0.354583
0.354573
0.354564
0.354556
0.354548
0.354541
0.354534
0.354527
0.354521
0.354515
0.35451
0.354505
0.3545
0.354495
0.354491
0.354486
0.354482
0.354479
0.354475
0.354472
0.354469
0.354465
0.354463
0.35446
0.354457
0.354455
0.354453
0.354451
0.354449
0.354447
0.354445
0.354443
0.354441
0.35444
0.354439
0.354437
0.354436
0.354435
0.354433
0.354432
0.354431
0.35443
0.354429
0.354428
0.354427
0.354426
0.354425
0.354424
0.354423
0.354422
0.354422
0.354421
0.354421
0.35442
0.959779
0.886138
0.818789
0.757363
0.701631
0.651441
0.606653
0.567085
0.532488
0.502543
0.47687
0.455054
0.436666
0.421284
0.408506
0.397962
0.389313
0.382262
0.376547
0.371939
0.368244
0.365296
0.362956
0.361108
0.359654
0.358516
0.357629
0.356939
0.356405
0.355993
0.355675
0.35543
0.355242
0.355098
0.354986
0.3549
0.354833
0.35478
0.354739
0.354705
0.354678
0.354656
0.354637
0.354621
0.354608
0.354595
0.354584
0.354574
0.354565
0.354557
0.354549
0.354542
0.354535
0.354528
0.354522
0.354516
0.354511
0.354506
0.354501
0.354496
0.354491
0.354487
0.354483
0.354479
0.354476
0.354472
0.354469
0.354466
0.354463
0.354461
0.354458
0.354456
0.354453
0.354451
0.354449
0.354447
0.354445
0.354444
0.354442
0.35444
0.354439
0.354438
0.354436
0.354435
0.354434
0.354433
0.354432
0.35443
0.354429
0.354428
0.354427
0.354426
0.354425
0.354424
0.354423
0.354423
0.354422
0.354421
0.354421
0.35442
0.959778
0.886136
0.818785
0.757357
0.701623
0.651432
0.606641
0.567071
0.532473
0.502526
0.476851
0.455034
0.436647
0.421265
0.408488
0.397944
0.389297
0.382248
0.376534
0.371928
0.368235
0.365289
0.362951
0.361104
0.359652
0.358515
0.357628
0.35694
0.356406
0.355994
0.355677
0.355433
0.355245
0.3551
0.354989
0.354903
0.354835
0.354783
0.354741
0.354708
0.354681
0.354658
0.354639
0.354623
0.354609
0.354597
0.354586
0.354576
0.354567
0.354558
0.35455
0.354543
0.354536
0.354529
0.354523
0.354517
0.354512
0.354506
0.354501
0.354497
0.354492
0.354488
0.354484
0.35448
0.354476
0.354473
0.35447
0.354467
0.354464
0.354461
0.354459
0.354456
0.354454
0.354452
0.35445
0.354448
0.354446
0.354444
0.354443
0.354441
0.35444
0.354438
0.354437
0.354436
0.354434
0.354433
0.354432
0.354431
0.35443
0.354429
0.354428
0.354427
0.354426
0.354425
0.354424
0.354423
0.354422
0.354422
0.354421
0.354421
0.959778
0.886134
0.818781
0.757351
0.701615
0.651421
0.606628
0.567056
0.532455
0.502506
0.476831
0.455013
0.436625
0.421244
0.408468
0.397925
0.38928
0.382232
0.376521
0.371917
0.368225
0.365281
0.362945
0.3611
0.359649
0.358513
0.357628
0.35694
0.356408
0.355996
0.355679
0.355435
0.355248
0.355103
0.354992
0.354906
0.354838
0.354786
0.354744
0.35471
0.354683
0.354661
0.354642
0.354626
0.354611
0.354599
0.354588
0.354578
0.354568
0.35456
0.354552
0.354544
0.354537
0.354531
0.354524
0.354518
0.354513
0.354507
0.354502
0.354498
0.354493
0.354489
0.354485
0.354481
0.354477
0.354474
0.354471
0.354467
0.354465
0.354462
0.354459
0.354457
0.354454
0.354452
0.35445
0.354448
0.354446
0.354445
0.354443
0.354442
0.35444
0.354439
0.354437
0.354436
0.354435
0.354434
0.354432
0.354431
0.35443
0.354429
0.354428
0.354427
0.354426
0.354425
0.354424
0.354423
0.354422
0.354422
0.354421
0.354421
0.959777
0.886132
0.818777
0.757345
0.701606
0.651409
0.606614
0.567038
0.532436
0.502485
0.476808
0.454989
0.436601
0.42122
0.408445
0.397904
0.389261
0.382215
0.376505
0.371904
0.368215
0.365273
0.362939
0.361095
0.359646
0.358512
0.357628
0.356941
0.356409
0.355998
0.355682
0.355438
0.355251
0.355106
0.354995
0.354909
0.354841
0.354789
0.354747
0.354713
0.354686
0.354663
0.354644
0.354628
0.354614
0.354601
0.35459
0.354579
0.35457
0.354561
0.354553
0.354546
0.354539
0.354532
0.354525
0.354519
0.354514
0.354508
0.354503
0.354499
0.354494
0.35449
0.354486
0.354482
0.354478
0.354475
0.354471
0.354468
0.354465
0.354462
0.35446
0.354457
0.354455
0.354453
0.354451
0.354449
0.354447
0.354445
0.354444
0.354442
0.354441
0.354439
0.354438
0.354437
0.354435
0.354434
0.354433
0.354432
0.354431
0.35443
0.354428
0.354427
0.354426
0.354425
0.354424
0.354424
0.354423
0.354422
0.354422
0.354421
0.959776
0.886129
0.818772
0.757337
0.701596
0.651396
0.606597
0.567019
0.532414
0.502461
0.476783
0.454963
0.436575
0.421195
0.408421
0.397881
0.389239
0.382196
0.376489
0.37189
0.368203
0.365264
0.362932
0.36109
0.359643
0.35851
0.357627
0.356941
0.35641
0.356
0.355684
0.355441
0.355254
0.35511
0.354998
0.354912
0.354845
0.354792
0.35475
0.354716
0.354689
0.354666
0.354647
0.35463
0.354616
0.354603
0.354592
0.354581
0.354572
0.354563
0.354555
0.354547
0.35454
0.354533
0.354527
0.354521
0.354515
0.354509
0.354504
0.354499
0.354495
0.354491
0.354486
0.354482
0.354479
0.354475
0.354472
0.354469
0.354466
0.354463
0.354461
0.354458
0.354456
0.354454
0.354452
0.35445
0.354448
0.354446
0.354444
0.354443
0.354441
0.35444
0.354439
0.354437
0.354436
0.354435
0.354434
0.354432
0.354431
0.35443
0.354429
0.354428
0.354427
0.354426
0.354425
0.354424
0.354423
0.354422
0.354422
0.354421
0.959775
0.886126
0.818767
0.757329
0.701585
0.651382
0.60658
0.566999
0.53239
0.502435
0.476755
0.454935
0.436546
0.421166
0.408393
0.397856
0.389216
0.382176
0.376471
0.371874
0.368191
0.365254
0.362924
0.361085
0.359639
0.358508
0.357626
0.356942
0.356412
0.356002
0.355687
0.355444
0.355257
0.355113
0.355002
0.354916
0.354848
0.354795
0.354753
0.354719
0.354692
0.354669
0.354649
0.354633
0.354618
0.354605
0.354594
0.354583
0.354574
0.354565
0.354556
0.354549
0.354541
0.354535
0.354528
0.354522
0.354516
0.354511
0.354505
0.354501
0.354496
0.354491
0.354487
0.354483
0.35448
0.354476
0.354473
0.35447
0.354467
0.354464
0.354461
0.354459
0.354457
0.354454
0.354452
0.35445
0.354448
0.354447
0.354445
0.354443
0.354442
0.354441
0.354439
0.354438
0.354437
0.354435
0.354434
0.354433
0.354432
0.354431
0.354429
0.354428
0.354427
0.354426
0.354425
0.354424
0.354423
0.354423
0.354422
0.354422
0.959774
0.886123
0.818761
0.757321
0.701573
0.651366
0.60656
0.566975
0.532364
0.502406
0.476724
0.454903
0.436514
0.421135
0.408364
0.397828
0.389191
0.382153
0.376451
0.371858
0.368177
0.365243
0.362915
0.361078
0.359635
0.358506
0.357626
0.356942
0.356413
0.356005
0.35569
0.355448
0.355261
0.355117
0.355006
0.35492
0.354852
0.354799
0.354757
0.354723
0.354695
0.354672
0.354652
0.354636
0.354621
0.354608
0.354596
0.354585
0.354576
0.354567
0.354558
0.35455
0.354543
0.354536
0.354529
0.354523
0.354517
0.354512
0.354507
0.354502
0.354497
0.354492
0.354488
0.354484
0.354481
0.354477
0.354474
0.354471
0.354468
0.354465
0.354462
0.35446
0.354457
0.354455
0.354453
0.354451
0.354449
0.354447
0.354446
0.354444
0.354443
0.354441
0.35444
0.354438
0.354437
0.354436
0.354435
0.354433
0.354432
0.354431
0.35443
0.354429
0.354428
0.354427
0.354426
0.354425
0.354424
0.354423
0.354422
0.354422
0.959773
0.886119
0.818755
0.757311
0.701559
0.651349
0.606539
0.56695
0.532335
0.502375
0.476691
0.454868
0.436479
0.421101
0.408331
0.397798
0.389163
0.382128
0.37643
0.371839
0.368162
0.365231
0.362906
0.361072
0.359631
0.358503
0.357625
0.356943
0.356415
0.356007
0.355693
0.355451
0.355265
0.355121
0.35501
0.354924
0.354856
0.354803
0.354761
0.354726
0.354698
0.354675
0.354655
0.354638
0.354623
0.35461
0.354598
0.354588
0.354578
0.354569
0.35456
0.354552
0.354544
0.354537
0.354531
0.354524
0.354519
0.354513
0.354508
0.354503
0.354498
0.354493
0.354489
0.354485
0.354481
0.354478
0.354475
0.354471
0.354468
0.354466
0.354463
0.35446
0.354458
0.354456
0.354454
0.354452
0.35445
0.354448
0.354446
0.354445
0.354443
0.354442
0.35444
0.354439
0.354438
0.354436
0.354435
0.354434
0.354433
0.354432
0.35443
0.354429
0.354428
0.354427
0.354426
0.354425
0.354424
0.354423
0.354423
0.354422
0.959772
0.886116
0.818748
0.7573
0.701545
0.651329
0.606515
0.566922
0.532304
0.50234
0.476654
0.454831
0.436441
0.421064
0.408296
0.397764
0.389133
0.382101
0.376406
0.37182
0.368145
0.365218
0.362896
0.361065
0.359626
0.358501
0.357624
0.356943
0.356417
0.35601
0.355696
0.355455
0.355269
0.355125
0.355014
0.354928
0.35486
0.354807
0.354765
0.35473
0.354702
0.354678
0.354659
0.354641
0.354626
0.354613
0.354601
0.35459
0.35458
0.354571
0.354562
0.354554
0.354546
0.354539
0.354532
0.354526
0.35452
0.354514
0.354509
0.354504
0.354499
0.354494
0.35449
0.354486
0.354482
0.354479
0.354475
0.354472
0.354469
0.354466
0.354464
0.354461
0.354459
0.354457
0.354454
0.354453
0.354451
0.354449
0.354447
0.354446
0.354444
0.354443
0.354441
0.35444
0.354438
0.354437
0.354436
0.354435
0.354433
0.354432
0.354431
0.35443
0.354429
0.354427
0.354426
0.354425
0.354424
0.354424
0.354423
0.354423
0.959771
0.886111
0.81874
0.757289
0.701529
0.651308
0.606489
0.566892
0.532269
0.502302
0.476614
0.454789
0.4364
0.421023
0.408257
0.397728
0.3891
0.382072
0.376381
0.371798
0.368128
0.365204
0.362886
0.361057
0.359621
0.358498
0.357623
0.356944
0.356418
0.356013
0.3557
0.355459
0.355273
0.35513
0.355019
0.354933
0.354865
0.354811
0.354769
0.354734
0.354706
0.354682
0.354662
0.354644
0.354629
0.354616
0.354603
0.354592
0.354582
0.354573
0.354564
0.354556
0.354548
0.354541
0.354534
0.354527
0.354521
0.354515
0.35451
0.354505
0.3545
0.354496
0.354491
0.354487
0.354483
0.35448
0.354476
0.354473
0.35447
0.354467
0.354465
0.354462
0.35446
0.354457
0.354455
0.354453
0.354451
0.35445
0.354448
0.354446
0.354445
0.354443
0.354442
0.35444
0.354439
0.354438
0.354436
0.354435
0.354434
0.354433
0.354431
0.35443
0.354429
0.354428
0.354427
0.354426
0.354425
0.354424
0.354423
0.354423
0.95977
0.886107
0.818732
0.757276
0.701511
0.651285
0.606461
0.566858
0.532231
0.50226
0.476569
0.454744
0.436354
0.420979
0.408215
0.397689
0.389065
0.382041
0.376354
0.371775
0.368109
0.365188
0.362874
0.361049
0.359615
0.358495
0.357622
0.356944
0.35642
0.356015
0.355703
0.355463
0.355278
0.355134
0.355024
0.354937
0.354869
0.354816
0.354773
0.354738
0.35471
0.354686
0.354665
0.354648
0.354632
0.354618
0.354606
0.354595
0.354584
0.354575
0.354566
0.354557
0.354549
0.354542
0.354535
0.354529
0.354523
0.354517
0.354511
0.354506
0.354501
0.354497
0.354492
0.354488
0.354484
0.354481
0.354477
0.354474
0.354471
0.354468
0.354465
0.354463
0.35446
0.354458
0.354456
0.354454
0.354452
0.35445
0.354449
0.354447
0.354445
0.354444
0.354442
0.354441
0.35444
0.354438
0.354437
0.354436
0.354434
0.354433
0.354432
0.354431
0.354429
0.354428
0.354427
0.354426
0.354425
0.354424
0.354424
0.354423
0.959768
0.886102
0.818723
0.757262
0.701491
0.65126
0.606429
0.566821
0.532189
0.502215
0.476521
0.454694
0.436305
0.420931
0.408169
0.397647
0.389026
0.382006
0.376324
0.37175
0.368088
0.365172
0.362861
0.361039
0.359609
0.358491
0.357621
0.356945
0.356422
0.356018
0.355707
0.355467
0.355282
0.355139
0.355028
0.354942
0.354874
0.354821
0.354777
0.354742
0.354714
0.354689
0.354669
0.354651
0.354635
0.354621
0.354609
0.354597
0.354587
0.354577
0.354568
0.354559
0.354551
0.354544
0.354537
0.35453
0.354524
0.354518
0.354512
0.354507
0.354502
0.354498
0.354493
0.354489
0.354485
0.354482
0.354478
0.354475
0.354472
0.354469
0.354466
0.354464
0.354461
0.354459
0.354457
0.354455
0.354453
0.354451
0.354449
0.354448
0.354446
0.354445
0.354443
0.354442
0.35444
0.354439
0.354438
0.354436
0.354435
0.354434
0.354432
0.354431
0.35443
0.354429
0.354428
0.354427
0.354426
0.354425
0.354424
0.354424
0.959766
0.886097
0.818713
0.757247
0.70147
0.651232
0.606395
0.566781
0.532143
0.502165
0.476468
0.45464
0.436251
0.420878
0.408119
0.3976
0.388984
0.381969
0.376292
0.371723
0.368066
0.365154
0.362848
0.36103
0.359603
0.358487
0.357619
0.356945
0.356424
0.356021
0.355711
0.355472
0.355287
0.355144
0.355034
0.354947
0.354879
0.354825
0.354782
0.354747
0.354718
0.354693
0.354672
0.354654
0.354638
0.354624
0.354611
0.3546
0.354589
0.354579
0.35457
0.354561
0.354553
0.354545
0.354538
0.354532
0.354525
0.354519
0.354514
0.354508
0.354503
0.354499
0.354494
0.35449
0.354486
0.354482
0.354479
0.354476
0.354473
0.35447
0.354467
0.354464
0.354462
0.35446
0.354458
0.354456
0.354454
0.354452
0.35445
0.354448
0.354447
0.354445
0.354444
0.354442
0.354441
0.35444
0.354438
0.354437
0.354436
0.354434
0.354433
0.354432
0.35443
0.354429
0.354428
0.354427
0.354426
0.354425
0.354424
0.354424
0.959765
0.886091
0.818702
0.75723
0.701447
0.651202
0.606358
0.566736
0.532093
0.50211
0.476411
0.454581
0.436192
0.420821
0.408065
0.39755
0.388939
0.381929
0.376257
0.371694
0.368042
0.365135
0.362833
0.361019
0.359596
0.358483
0.357617
0.356946
0.356426
0.356024
0.355715
0.355476
0.355292
0.355149
0.355039
0.354952
0.354884
0.35483
0.354787
0.354751
0.354722
0.354697
0.354676
0.354657
0.354641
0.354627
0.354614
0.354602
0.354591
0.354581
0.354572
0.354563
0.354555
0.354547
0.35454
0.354533
0.354527
0.35452
0.354515
0.354509
0.354504
0.3545
0.354495
0.354491
0.354487
0.354483
0.35448
0.354477
0.354473
0.354471
0.354468
0.354465
0.354463
0.35446
0.354458
0.354456
0.354454
0.354452
0.354451
0.354449
0.354447
0.354446
0.354444
0.354443
0.354442
0.35444
0.354439
0.354437
0.354436
0.354435
0.354433
0.354432
0.354431
0.35443
0.354428
0.354427
0.354426
0.354425
0.354425
0.354424
0.959763
0.886084
0.81869
0.757212
0.701421
0.651169
0.606317
0.566688
0.532038
0.50205
0.476348
0.454516
0.436128
0.420759
0.408006
0.397496
0.38889
0.381886
0.37622
0.371662
0.368016
0.365115
0.362818
0.361008
0.359588
0.358479
0.357615
0.356946
0.356428
0.356027
0.355719
0.355481
0.355297
0.355155
0.355044
0.354958
0.354889
0.354835
0.354791
0.354756
0.354726
0.354701
0.354679
0.354661
0.354644
0.35463
0.354617
0.354604
0.354593
0.354583
0.354574
0.354565
0.354556
0.354548
0.354541
0.354534
0.354528
0.354522
0.354516
0.354511
0.354505
0.354501
0.354496
0.354492
0.354488
0.354484
0.354481
0.354477
0.354474
0.354471
0.354468
0.354466
0.354463
0.354461
0.354459
0.354457
0.354455
0.354453
0.354451
0.35445
0.354448
0.354447
0.354445
0.354444
0.354442
0.354441
0.354439
0.354438
0.354437
0.354435
0.354434
0.354433
0.354431
0.35443
0.354429
0.354428
0.354426
0.354426
0.354425
0.354424
0.959761
0.886078
0.818678
0.757192
0.701393
0.651132
0.606271
0.566635
0.531978
0.501985
0.476279
0.454447
0.436059
0.420692
0.407943
0.397437
0.388837
0.381839
0.37618
0.371628
0.367988
0.365093
0.362801
0.360995
0.359579
0.358474
0.357613
0.356946
0.356429
0.35603
0.355723
0.355485
0.355302
0.35516
0.355049
0.354963
0.354894
0.35484
0.354796
0.35476
0.35473
0.354705
0.354683
0.354664
0.354647
0.354633
0.354619
0.354607
0.354596
0.354585
0.354575
0.354566
0.354558
0.35455
0.354543
0.354536
0.354529
0.354523
0.354517
0.354512
0.354506
0.354502
0.354497
0.354493
0.354489
0.354485
0.354481
0.354478
0.354475
0.354472
0.354469
0.354467
0.354464
0.354462
0.35446
0.354458
0.354456
0.354454
0.354452
0.35445
0.354449
0.354447
0.354446
0.354444
0.354443
0.354441
0.35444
0.354438
0.354437
0.354436
0.354434
0.354433
0.354432
0.35443
0.354429
0.354428
0.354427
0.354426
0.354425
0.354425
0.959759
0.88607
0.818664
0.75717
0.701363
0.651092
0.606222
0.566577
0.531913
0.501914
0.476205
0.45437
0.435983
0.420619
0.407874
0.397374
0.38878
0.381789
0.376136
0.371592
0.367959
0.365069
0.362782
0.360982
0.35957
0.358468
0.35761
0.356945
0.356431
0.356033
0.355727
0.35549
0.355307
0.355165
0.355055
0.354968
0.3549
0.354845
0.354801
0.354764
0.354734
0.354709
0.354687
0.354667
0.35465
0.354635
0.354622
0.354609
0.354598
0.354587
0.354577
0.354568
0.354559
0.354551
0.354544
0.354537
0.35453
0.354524
0.354518
0.354512
0.354507
0.354502
0.354498
0.354494
0.354489
0.354486
0.354482
0.354479
0.354476
0.354473
0.35447
0.354467
0.354465
0.354462
0.35446
0.354458
0.354456
0.354454
0.354453
0.354451
0.354449
0.354448
0.354446
0.354445
0.354443
0.354442
0.35444
0.354439
0.354437
0.354436
0.354435
0.354433
0.354432
0.354431
0.354429
0.354428
0.354427
0.354426
0.354425
0.354425
0.959756
0.886062
0.818648
0.757147
0.70133
0.651049
0.606168
0.566514
0.531842
0.501837
0.476123
0.454288
0.435902
0.42054
0.4078
0.397306
0.388719
0.381735
0.37609
0.371553
0.367927
0.365043
0.362763
0.360967
0.35956
0.358462
0.357607
0.356945
0.356432
0.356036
0.35573
0.355494
0.355312
0.35517
0.35506
0.354973
0.354905
0.35485
0.354805
0.354769
0.354738
0.354712
0.35469
0.35467
0.354653
0.354638
0.354624
0.354611
0.3546
0.354589
0.354579
0.354569
0.354561
0.354553
0.354545
0.354538
0.354531
0.354525
0.354519
0.354513
0.354508
0.354503
0.354498
0.354494
0.35449
0.354486
0.354483
0.354479
0.354476
0.354473
0.35447
0.354468
0.354465
0.354463
0.354461
0.354459
0.354457
0.354455
0.354453
0.354451
0.35445
0.354448
0.354447
0.354445
0.354444
0.354442
0.354441
0.354439
0.354438
0.354436
0.354435
0.354434
0.354432
0.354431
0.35443
0.354428
0.354427
0.354426
0.354425
0.354425
0.959754
0.886053
0.818632
0.757121
0.701293
0.651001
0.60611
0.566445
0.531764
0.501753
0.476035
0.454199
0.435813
0.420455
0.40772
0.397233
0.388653
0.381677
0.37604
0.371511
0.367892
0.365016
0.362742
0.360952
0.359549
0.358455
0.357604
0.356944
0.356433
0.356038
0.355734
0.355499
0.355317
0.355175
0.355065
0.354978
0.35491
0.354854
0.35481
0.354773
0.354742
0.354716
0.354693
0.354673
0.354656
0.35464
0.354626
0.354613
0.354601
0.35459
0.35458
0.354571
0.354562
0.354554
0.354546
0.354539
0.354532
0.354526
0.35452
0.354514
0.354509
0.354504
0.354499
0.354495
0.354491
0.354487
0.354483
0.35448
0.354477
0.354474
0.354471
0.354468
0.354466
0.354463
0.354461
0.354459
0.354457
0.354455
0.354453
0.354452
0.35445
0.354448
0.354447
0.354445
0.354444
0.354443
0.354441
0.35444
0.354438
0.354437
0.354435
0.354434
0.354432
0.354431
0.35443
0.354428
0.354427
0.354426
0.354426
0.354425
0.959751
0.886043
0.818614
0.757093
0.701253
0.650949
0.606046
0.56637
0.53168
0.501662
0.47594
0.454102
0.435718
0.420364
0.407635
0.397154
0.388583
0.381616
0.375987
0.371467
0.367856
0.364987
0.362719
0.360935
0.359538
0.358447
0.357599
0.356942
0.356433
0.356041
0.355737
0.355503
0.355321
0.35518
0.35507
0.354983
0.354914
0.354859
0.354814
0.354777
0.354745
0.354719
0.354696
0.354676
0.354658
0.354642
0.354628
0.354615
0.354603
0.354592
0.354581
0.354572
0.354563
0.354555
0.354547
0.354539
0.354533
0.354526
0.35452
0.354514
0.354509
0.354504
0.354499
0.354495
0.354491
0.354487
0.354483
0.35448
0.354477
0.354474
0.354471
0.354468
0.354466
0.354464
0.354461
0.354459
0.354457
0.354456
0.354454
0.354452
0.35445
0.354449
0.354447
0.354446
0.354444
0.354443
0.354441
0.35444
0.354438
0.354437
0.354435
0.354434
0.354433
0.354431
0.35443
0.354429
0.354427
0.354426
0.354426
0.354425
0.959748
0.886033
0.818594
0.757062
0.70121
0.650893
0.605976
0.566288
0.531588
0.501563
0.475837
0.453998
0.435616
0.420266
0.407543
0.39707
0.388507
0.38155
0.375931
0.371419
0.367817
0.364956
0.362695
0.360917
0.359525
0.358439
0.357594
0.35694
0.356434
0.356042
0.35574
0.355507
0.355325
0.355185
0.355074
0.354988
0.354918
0.354863
0.354818
0.35478
0.354749
0.354722
0.354699
0.354678
0.35466
0.354644
0.35463
0.354616
0.354604
0.354593
0.354582
0.354573
0.354564
0.354555
0.354547
0.35454
0.354533
0.354526
0.35452
0.354515
0.354509
0.354504
0.3545
0.354495
0.354491
0.354487
0.354484
0.35448
0.354477
0.354474
0.354471
0.354469
0.354466
0.354464
0.354462
0.35446
0.354458
0.354456
0.354454
0.354452
0.354451
0.354449
0.354447
0.354446
0.354444
0.354443
0.354441
0.35444
0.354439
0.354437
0.354436
0.354434
0.354433
0.354431
0.35443
0.354429
0.354427
0.354427
0.354426
0.354425
0.959745
0.886022
0.818573
0.757029
0.701163
0.650831
0.6059
0.5662
0.531489
0.501456
0.475726
0.453886
0.435506
0.420161
0.407445
0.396981
0.388427
0.38148
0.375871
0.371369
0.367776
0.364923
0.362669
0.360898
0.359511
0.358429
0.357589
0.356937
0.356433
0.356043
0.355743
0.35551
0.355329
0.355189
0.355079
0.354992
0.354922
0.354866
0.354821
0.354783
0.354751
0.354724
0.354701
0.35468
0.354662
0.354646
0.354631
0.354617
0.354605
0.354594
0.354583
0.354573
0.354564
0.354556
0.354548
0.35454
0.354533
0.354527
0.354521
0.354515
0.354509
0.354504
0.3545
0.354495
0.354491
0.354487
0.354484
0.35448
0.354477
0.354474
0.354471
0.354469
0.354466
0.354464
0.354462
0.35446
0.354458
0.354456
0.354454
0.354452
0.354451
0.354449
0.354448
0.354446
0.354445
0.354443
0.354442
0.35444
0.354439
0.354437
0.354436
0.354434
0.354433
0.354431
0.35443
0.354429
0.354427
0.354426
0.354426
0.354425
0.959741
0.88601
0.81855
0.756993
0.701112
0.650765
0.605818
0.566104
0.531382
0.501341
0.475607
0.453766
0.435389
0.420049
0.407341
0.396886
0.388343
0.381405
0.375807
0.371315
0.367732
0.364888
0.362642
0.360877
0.359496
0.358419
0.357582
0.356933
0.356432
0.356044
0.355744
0.355512
0.355332
0.355192
0.355082
0.354995
0.354926
0.35487
0.354824
0.354786
0.354754
0.354726
0.354703
0.354682
0.354663
0.354647
0.354632
0.354618
0.354606
0.354594
0.354583
0.354573
0.354564
0.354556
0.354548
0.35454
0.354533
0.354526
0.35452
0.354515
0.354509
0.354504
0.3545
0.354495
0.354491
0.354487
0.354484
0.35448
0.354477
0.354474
0.354471
0.354469
0.354466
0.354464
0.354462
0.35446
0.354458
0.354456
0.354454
0.354452
0.354451
0.354449
0.354447
0.354446
0.354444
0.354443
0.354442
0.35444
0.354439
0.354437
0.354436
0.354434
0.354433
0.354431
0.35443
0.354429
0.354427
0.354426
0.354426
0.354425
0.959737
0.885997
0.818525
0.756954
0.701057
0.650692
0.60573
0.566001
0.531267
0.501218
0.47548
0.453639
0.435264
0.419931
0.40723
0.396785
0.388253
0.381327
0.37574
0.371259
0.367685
0.364851
0.362613
0.360855
0.359479
0.358407
0.357574
0.356929
0.35643
0.356044
0.355745
0.355514
0.355335
0.355195
0.355085
0.354998
0.354928
0.354872
0.354826
0.354788
0.354755
0.354728
0.354704
0.354683
0.354664
0.354647
0.354632
0.354618
0.354606
0.354594
0.354583
0.354573
0.354564
0.354555
0.354547
0.35454
0.354533
0.354526
0.35452
0.354514
0.354509
0.354504
0.354499
0.354495
0.354491
0.354487
0.354483
0.35448
0.354477
0.354474
0.354471
0.354468
0.354466
0.354463
0.354461
0.354459
0.354457
0.354455
0.354454
0.354452
0.35445
0.354449
0.354447
0.354446
0.354444
0.354443
0.354441
0.35444
0.354438
0.354437
0.354435
0.354434
0.354432
0.354431
0.35443
0.354428
0.354427
0.354426
0.354425
0.354425
0.959733
0.885983
0.818499
0.756911
0.700998
0.650615
0.605635
0.56589
0.531144
0.501087
0.475344
0.453503
0.435132
0.419805
0.407114
0.39668
0.388159
0.381245
0.37567
0.3712
0.367637
0.364811
0.362582
0.360831
0.359462
0.358394
0.357566
0.356923
0.356426
0.356042
0.355745
0.355515
0.355336
0.355196
0.355087
0.355
0.35493
0.354874
0.354827
0.354789
0.354756
0.354728
0.354704
0.354683
0.354664
0.354647
0.354632
0.354618
0.354605
0.354593
0.354583
0.354572
0.354563
0.354554
0.354546
0.354539
0.354532
0.354525
0.354519
0.354513
0.354508
0.354503
0.354498
0.354494
0.35449
0.354486
0.354482
0.354479
0.354476
0.354473
0.35447
0.354468
0.354465
0.354463
0.354461
0.354459
0.354457
0.354455
0.354453
0.354452
0.35445
0.354449
0.354447
0.354446
0.354444
0.354443
0.354441
0.35444
0.354438
0.354437
0.354435
0.354434
0.354432
0.354431
0.354429
0.354428
0.354427
0.354426
0.354425
0.354425
0.959729
0.885968
0.81847
0.756866
0.700933
0.650531
0.605532
0.565771
0.531013
0.500947
0.4752
0.453359
0.434993
0.419673
0.406992
0.396569
0.388061
0.38116
0.375597
0.371139
0.367586
0.36477
0.362549
0.360806
0.359442
0.35838
0.357556
0.356917
0.356422
0.35604
0.355744
0.355515
0.355337
0.355197
0.355088
0.355001
0.354931
0.354874
0.354828
0.354789
0.354756
0.354728
0.354704
0.354683
0.354664
0.354647
0.354631
0.354617
0.354604
0.354592
0.354581
0.354571
0.354562
0.354553
0.354545
0.354538
0.354531
0.354524
0.354518
0.354512
0.354507
0.354502
0.354497
0.354493
0.354489
0.354485
0.354482
0.354478
0.354475
0.354472
0.35447
0.354467
0.354465
0.354462
0.35446
0.354458
0.354456
0.354455
0.354453
0.354451
0.35445
0.354448
0.354447
0.354445
0.354444
0.354442
0.354441
0.354439
0.354438
0.354436
0.354435
0.354433
0.354432
0.35443
0.354429
0.354428
0.354427
0.354426
0.354425
0.354424
0.959724
0.885952
0.818439
0.756817
0.700865
0.650441
0.605422
0.565644
0.530873
0.500799
0.475049
0.453209
0.434847
0.419536
0.406865
0.396455
0.387959
0.381071
0.375521
0.371075
0.367533
0.364727
0.362515
0.360779
0.359422
0.358365
0.357544
0.356909
0.356417
0.356036
0.355742
0.355514
0.355336
0.355197
0.355088
0.355001
0.354931
0.354874
0.354828
0.354789
0.354756
0.354728
0.354703
0.354681
0.354662
0.354645
0.35463
0.354615
0.354603
0.354591
0.35458
0.35457
0.35456
0.354552
0.354544
0.354536
0.354529
0.354523
0.354516
0.354511
0.354506
0.354501
0.354496
0.354492
0.354488
0.354484
0.35448
0.354477
0.354474
0.354471
0.354469
0.354466
0.354464
0.354461
0.354459
0.354457
0.354456
0.354454
0.354452
0.35445
0.354449
0.354447
0.354446
0.354444
0.354443
0.354442
0.35444
0.354439
0.354437
0.354436
0.354434
0.354433
0.354431
0.35443
0.354429
0.354427
0.354426
0.354425
0.354424
0.354424
0.959719
0.885935
0.818406
0.756765
0.700791
0.650345
0.605306
0.56551
0.530726
0.500643
0.47489
0.453052
0.434696
0.419394
0.406734
0.396336
0.387854
0.38098
0.375443
0.371009
0.367479
0.364683
0.36248
0.360751
0.3594
0.358348
0.357532
0.356899
0.35641
0.356032
0.355739
0.355511
0.355334
0.355196
0.355086
0.355
0.35493
0.354873
0.354826
0.354787
0.354754
0.354726
0.354701
0.354679
0.35466
0.354643
0.354627
0.354613
0.3546
0.354588
0.354578
0.354567
0.354558
0.354549
0.354541
0.354534
0.354527
0.354521
0.354515
0.354509
0.354504
0.354499
0.354494
0.35449
0.354486
0.354482
0.354479
0.354476
0.354473
0.35447
0.354467
0.354465
0.354463
0.35446
0.354458
0.354456
0.354455
0.354453
0.354451
0.35445
0.354448
0.354447
0.354445
0.354444
0.354442
0.354441
0.354439
0.354438
0.354437
0.354435
0.354434
0.354432
0.354431
0.354429
0.354428
0.354427
0.354426
0.354425
0.354424
0.354424
0.959714
0.885917
0.818371
0.756709
0.700712
0.650243
0.605182
0.565368
0.530571
0.500481
0.474725
0.45289
0.434541
0.419248
0.4066
0.396216
0.387748
0.380887
0.375363
0.370942
0.367423
0.364638
0.362443
0.360722
0.359377
0.358331
0.357518
0.356889
0.356402
0.356025
0.355734
0.355508
0.355331
0.355193
0.355084
0.354997
0.354927
0.354871
0.354824
0.354785
0.354752
0.354723
0.354698
0.354677
0.354657
0.35464
0.354625
0.35461
0.354597
0.354586
0.354575
0.354565
0.354555
0.354547
0.354539
0.354532
0.354525
0.354518
0.354512
0.354507
0.354502
0.354497
0.354492
0.354488
0.354484
0.354481
0.354477
0.354474
0.354471
0.354469
0.354466
0.354464
0.354461
0.354459
0.354457
0.354455
0.354453
0.354452
0.35445
0.354449
0.354447
0.354446
0.354444
0.354443
0.354441
0.35444
0.354439
0.354437
0.354436
0.354434
0.354433
0.354432
0.35443
0.354429
0.354427
0.354426
0.354425
0.354424
0.354423
0.354423
0.959709
0.885898
0.818334
0.75665
0.700628
0.650135
0.605052
0.56522
0.53041
0.500313
0.474556
0.452724
0.434382
0.4191
0.406465
0.396094
0.38764
0.380794
0.375283
0.370875
0.367367
0.364591
0.362405
0.360691
0.359353
0.358312
0.357503
0.356877
0.356393
0.356018
0.355728
0.355502
0.355327
0.355189
0.35508
0.354994
0.354924
0.354867
0.35482
0.354781
0.354748
0.35472
0.354695
0.354673
0.354654
0.354637
0.354621
0.354607
0.354594
0.354582
0.354571
0.354562
0.354552
0.354544
0.354536
0.354529
0.354522
0.354516
0.35451
0.354504
0.354499
0.354495
0.35449
0.354486
0.354482
0.354479
0.354476
0.354472
0.35447
0.354467
0.354464
0.354462
0.35446
0.354458
0.354456
0.354454
0.354452
0.354451
0.354449
0.354447
0.354446
0.354445
0.354443
0.354442
0.35444
0.354439
0.354438
0.354436
0.354435
0.354434
0.354432
0.354431
0.354429
0.354428
0.354427
0.354426
0.354425
0.354424
0.354423
0.354422
0.959704
0.885878
0.818295
0.756587
0.70054
0.650021
0.604916
0.565067
0.530245
0.500142
0.474385
0.452557
0.434224
0.418953
0.406331
0.395974
0.387534
0.380701
0.375204
0.370808
0.367311
0.364545
0.362367
0.360661
0.359328
0.358292
0.357487
0.356864
0.356382
0.356009
0.355721
0.355496
0.355321
0.355184
0.355076
0.354989
0.35492
0.354863
0.354816
0.354777
0.354744
0.354715
0.35469
0.354669
0.35465
0.354632
0.354617
0.354603
0.35459
0.354578
0.354568
0.354558
0.354549
0.35454
0.354533
0.354525
0.354519
0.354513
0.354507
0.354502
0.354497
0.354492
0.354488
0.354484
0.35448
0.354477
0.354473
0.35447
0.354468
0.354465
0.354463
0.35446
0.354458
0.354456
0.354454
0.354452
0.354451
0.354449
0.354448
0.354446
0.354445
0.354443
0.354442
0.354441
0.354439
0.354438
0.354437
0.354435
0.354434
0.354433
0.354431
0.35443
0.354429
0.354427
0.354426
0.354425
0.354424
0.354423
0.354422
0.354422
0.959698
0.885858
0.818254
0.756521
0.700447
0.649903
0.604775
0.56491
0.530078
0.49997
0.474214
0.452392
0.434068
0.418809
0.406199
0.395856
0.38743
0.380611
0.375127
0.370742
0.367256
0.364499
0.36233
0.36063
0.359303
0.358271
0.357471
0.356851
0.356371
0.356
0.355712
0.355489
0.355315
0.355178
0.35507
0.354983
0.354914
0.354857
0.354811
0.354772
0.354739
0.35471
0.354685
0.354664
0.354645
0.354628
0.354612
0.354598
0.354586
0.354574
0.354564
0.354554
0.354545
0.354537
0.354529
0.354522
0.354516
0.354509
0.354504
0.354499
0.354494
0.354489
0.354485
0.354481
0.354478
0.354474
0.354471
0.354468
0.354466
0.354463
0.354461
0.354458
0.354456
0.354454
0.354453
0.354451
0.354449
0.354448
0.354446
0.354445
0.354443
0.354442
0.354441
0.354439
0.354438
0.354437
0.354436
0.354434
0.354433
0.354432
0.35443
0.354429
0.354428
0.354426
0.354425
0.354424
0.354423
0.354422
0.354422
0.354421
0.959693
0.885837
0.818211
0.756453
0.700351
0.649782
0.604634
0.564753
0.529912
0.499802
0.474049
0.452233
0.433918
0.41867
0.406074
0.395744
0.387332
0.380525
0.375053
0.370679
0.367204
0.364455
0.362293
0.3606
0.359278
0.358251
0.357454
0.356836
0.356359
0.355989
0.355703
0.355481
0.355307
0.355171
0.355063
0.354977
0.354908
0.354851
0.354805
0.354766
0.354733
0.354704
0.35468
0.354658
0.354639
0.354622
0.354607
0.354594
0.354581
0.35457
0.354559
0.35455
0.354541
0.354533
0.354525
0.354518
0.354512
0.354506
0.354501
0.354496
0.354491
0.354487
0.354483
0.354479
0.354475
0.354472
0.354469
0.354466
0.354464
0.354461
0.354459
0.354457
0.354455
0.354453
0.354451
0.354449
0.354448
0.354446
0.354445
0.354443
0.354442
0.354441
0.354439
0.354438
0.354437
0.354436
0.354434
0.354433
0.354432
0.354431
0.354429
0.354428
0.354427
0.354426
0.354425
0.354423
0.354422
0.354422
0.354421
0.354421
0.959689
0.885816
0.818168
0.756382
0.700254
0.649661
0.604494
0.564601
0.529754
0.499643
0.473893
0.452084
0.433779
0.418543
0.405958
0.395641
0.387241
0.380446
0.374985
0.370621
0.367154
0.364414
0.362259
0.360571
0.359254
0.358231
0.357437
0.356822
0.356347
0.355979
0.355693
0.355472
0.355299
0.355163
0.355056
0.35497
0.354901
0.354845
0.354798
0.35476
0.354727
0.354699
0.354674
0.354653
0.354634
0.354617
0.354602
0.354589
0.354576
0.354565
0.354555
0.354545
0.354537
0.354529
0.354522
0.354515
0.354509
0.354503
0.354498
0.354493
0.354488
0.354484
0.35448
0.354476
0.354473
0.35447
0.354467
0.354464
0.354461
0.354459
0.354457
0.354455
0.354453
0.354451
0.354449
0.354448
0.354446
0.354445
0.354443
0.354442
0.354441
0.354439
0.354438
0.354437
0.354436
0.354435
0.354433
0.354432
0.354431
0.35443
0.354428
0.354427
0.354426
0.354425
0.354424
0.354423
0.354422
0.354421
0.35442
0.35442
0.959685
0.885795
0.818124
0.756313
0.700159
0.649546
0.604364
0.564461
0.529609
0.499499
0.473753
0.451952
0.433656
0.41843
0.405856
0.39555
0.38716
0.380375
0.374924
0.370569
0.36711
0.364377
0.362227
0.360545
0.359232
0.358212
0.357421
0.356808
0.356334
0.355968
0.355684
0.355463
0.355291
0.355155
0.355048
0.354963
0.354894
0.354838
0.354792
0.354753
0.354721
0.354693
0.354668
0.354647
0.354629
0.354612
0.354597
0.354584
0.354572
0.354561
0.35455
0.354541
0.354533
0.354525
0.354518
0.354511
0.354505
0.3545
0.354494
0.35449
0.354485
0.354481
0.354477
0.354474
0.35447
0.354467
0.354465
0.354462
0.354459
0.354457
0.354455
0.354453
0.354451
0.354449
0.354448
0.354446
0.354445
0.354443
0.354442
0.354441
0.354439
0.354438
0.354437
0.354436
0.354435
0.354433
0.354432
0.354431
0.35443
0.354429
0.354428
0.354426
0.354425
0.354424
0.354423
0.354422
0.354421
0.35442
0.35442
0.35442
0.959683
0.885776
0.818082
0.756247
0.700074
0.649443
0.60425
0.564341
0.529487
0.499378
0.473637
0.451842
0.433554
0.418336
0.405772
0.395474
0.387093
0.380316
0.374872
0.370524
0.367072
0.364344
0.3622
0.360522
0.359213
0.358195
0.357406
0.356796
0.356323
0.355958
0.355675
0.355455
0.355283
0.355148
0.355041
0.354956
0.354888
0.354832
0.354786
0.354748
0.354715
0.354687
0.354663
0.354642
0.354624
0.354607
0.354593
0.354579
0.354567
0.354557
0.354547
0.354538
0.354529
0.354522
0.354515
0.354508
0.354502
0.354497
0.354492
0.354487
0.354483
0.354479
0.354475
0.354472
0.354468
0.354465
0.354463
0.35446
0.354458
0.354455
0.354453
0.354451
0.35445
0.354448
0.354446
0.354445
0.354443
0.354442
0.354441
0.354439
0.354438
0.354437
0.354436
0.354435
0.354434
0.354433
0.354431
0.35443
0.354429
0.354428
0.354427
0.354426
0.354425
0.354423
0.354422
0.354421
0.354421
0.35442
0.354419
0.354419
0.959682
0.88576
0.818046
0.756193
0.700005
0.649364
0.604163
0.56425
0.529395
0.499287
0.473549
0.451759
0.433477
0.418265
0.405708
0.395416
0.38704
0.380269
0.37483
0.370488
0.367041
0.364318
0.362177
0.360502
0.359196
0.358181
0.357394
0.356785
0.356313
0.355949
0.355667
0.355447
0.355276
0.355141
0.355035
0.35495
0.354882
0.354827
0.354781
0.354742
0.35471
0.354683
0.354659
0.354638
0.35462
0.354603
0.354589
0.354576
0.354564
0.354553
0.354543
0.354535
0.354526
0.354519
0.354512
0.354506
0.3545
0.354495
0.35449
0.354485
0.354481
0.354477
0.354473
0.35447
0.354467
0.354464
0.354461
0.354459
0.354456
0.354454
0.354452
0.35445
0.354448
0.354447
0.354445
0.354444
0.354442
0.354441
0.35444
0.354439
0.354437
0.354436
0.354435
0.354434
0.354433
0.354432
0.354431
0.35443
0.354428
0.354427
0.354426
0.354425
0.354424
0.354423
0.354422
0.354421
0.35442
0.35442
0.354419
0.354419
0.959684
0.885749
0.818023
0.75616
0.699963
0.649315
0.60411
0.564193
0.529337
0.49923
0.473493
0.451706
0.433427
0.418219
0.405665
0.395376
0.387002
0.380231
0.374795
0.370458
0.367016
0.364297
0.362159
0.360486
0.359182
0.358168
0.357383
0.356775
0.356304
0.355941
0.355659
0.35544
0.355269
0.355136
0.35503
0.354945
0.354877
0.354822
0.354776
0.354738
0.354706
0.354679
0.354655
0.354635
0.354617
0.354601
0.354586
0.354573
0.354562
0.354551
0.354541
0.354533
0.354524
0.354517
0.35451
0.354504
0.354498
0.354493
0.354488
0.354484
0.354479
0.354476
0.354472
0.354469
0.354466
0.354463
0.35446
0.354458
0.354455
0.354453
0.354451
0.354449
0.354448
0.354446
0.354444
0.354443
0.354442
0.35444
0.354439
0.354438
0.354437
0.354436
0.354434
0.354433
0.354432
0.354431
0.35443
0.354429
0.354428
0.354427
0.354426
0.354425
0.354424
0.354423
0.354422
0.354421
0.35442
0.354419
0.354419
0.354419
)
;

boundaryField
{
    inlet
    {
        type            fixedValue;
        value           uniform 1;
    }
    outlet
    {
        type            inletOutlet;
        inletValue      uniform 1;
        value           nonuniform List<scalar> 
100
(
0.354422
0.354422
0.354423
0.354423
0.354423
0.354424
0.354424
0.354424
0.354425
0.354425
0.354425
0.354426
0.354426
0.354426
0.354426
0.354426
0.354426
0.354426
0.354426
0.354426
0.354425
0.354425
0.354425
0.354425
0.354424
0.354424
0.354424
0.354423
0.354423
0.354423
0.354422
0.354422
0.354422
0.354422
0.354421
0.354421
0.354421
0.35442
0.35442
0.35442
0.35442
0.35442
0.354419
0.354419
0.354419
0.354419
0.354419
0.354419
0.354419
0.354419
0.354419
0.354419
0.354419
0.354419
0.354419
0.354419
0.354419
0.354419
0.35442
0.35442
0.35442
0.35442
0.35442
0.354421
0.354421
0.354421
0.354421
0.354422
0.354422
0.354422
0.354423
0.354423
0.354423
0.354424
0.354424
0.354424
0.354424
0.354425
0.354425
0.354425
0.354425
0.354425
0.354425
0.354425
0.354425
0.354425
0.354425
0.354424
0.354424
0.354424
0.354423
0.354422
0.354422
0.354421
0.354421
0.35442
0.35442
0.354419
0.354419
0.354419
)
;
    }
    ground
    {
        type            empty;
    }
    top
    {
        type            empty;
    }
    front
    {
        type            inletOutlet;
        inletValue      uniform 1;
        value           nonuniform List<scalar> 
100
(
0.95967
0.88572
0.818007
0.756181
0.700028
0.649419
0.604241
0.564339
0.529485
0.49937
0.473621
0.451817
0.433522
0.418298
0.40573
0.39543
0.387045
0.380267
0.374824
0.370482
0.367036
0.364313
0.362174
0.360499
0.359193
0.358179
0.357393
0.356784
0.356314
0.35595
0.355668
0.355449
0.355278
0.355144
0.355038
0.354954
0.354886
0.35483
0.354785
0.354747
0.354714
0.354687
0.354663
0.354643
0.354625
0.354608
0.354594
0.354581
0.354569
0.354559
0.354549
0.35454
0.354532
0.354525
0.354518
0.354512
0.354506
0.3545
0.354496
0.354491
0.354487
0.354483
0.354479
0.354476
0.354473
0.35447
0.354467
0.354465
0.354462
0.35446
0.354458
0.354456
0.354455
0.354453
0.354451
0.35445
0.354449
0.354447
0.354446
0.354445
0.354443
0.354442
0.354441
0.35444
0.354439
0.354438
0.354436
0.354435
0.354434
0.354433
0.354431
0.35443
0.354429
0.354428
0.354426
0.354425
0.354424
0.354423
0.354423
0.354422
)
;
    }
    back
    {
        type            inletOutlet;
        inletValue      uniform 1;
        value           nonuniform List<scalar> 
100
(
0.959684
0.885749
0.818023
0.75616
0.699963
0.649315
0.60411
0.564193
0.529337
0.49923
0.473493
0.451706
0.433427
0.418219
0.405665
0.395376
0.387002
0.380231
0.374795
0.370458
0.367016
0.364297
0.362159
0.360486
0.359182
0.358168
0.357383
0.356775
0.356304
0.355941
0.355659
0.35544
0.355269
0.355136
0.35503
0.354945
0.354877
0.354822
0.354776
0.354738
0.354706
0.354679
0.354655
0.354635
0.354617
0.354601
0.354586
0.354573
0.354562
0.354551
0.354541
0.354533
0.354524
0.354517
0.35451
0.354504
0.354498
0.354493
0.354488
0.354484
0.354479
0.354476
0.354472
0.354469
0.354466
0.354463
0.35446
0.354458
0.354455
0.354453
0.354451
0.354449
0.354448
0.354446
0.354444
0.354443
0.354442
0.35444
0.354439
0.354438
0.354437
0.354436
0.354434
0.354433
0.354432
0.354431
0.35443
0.354429
0.354428
0.354427
0.354426
0.354425
0.354424
0.354423
0.354422
0.354421
0.35442
0.354419
0.354419
0.354419
)
;
    }
}


// ************************************************************************* //
