/*--------------------------------*- C++ -*----------------------------------*\
  =========                 |
  \\      /  F ield         | OpenFOAM: The Open Source CFD Toolbox
   \\    /   O peration     | Website:  https://openfoam.org
    \\  /    A nd           | Version:  11
     \\/     M anipulation  |
\*---------------------------------------------------------------------------*/
FoamFile
{
    format      ascii;
    class       volScalarField;
    location    "406";
    object      omega;
}
// * * * * * * * * * * * * * * * * * * * * * * * * * * * * * * * * * * * * * //

dimensions      [0 0 -1 0 0 0 0];

internalField   nonuniform List<scalar> 
10000
(
0.961693
0.892186
0.829087
0.77173
0.719524
0.671944
0.62852
0.588837
0.552522
0.519243
0.488704
0.460641
0.434816
0.411019
0.38906
0.368768
0.349992
0.332594
0.316453
0.301456
0.287505
0.274509
0.262389
0.25107
0.240486
0.230577
0.22129
0.212575
0.204387
0.196685
0.189432
0.182595
0.176143
0.170047
0.164282
0.158824
0.153652
0.148745
0.144085
0.139656
0.135442
0.131428
0.127602
0.123951
0.120463
0.117129
0.113938
0.11088
0.107949
0.105134
0.10243
0.0998278
0.0973222
0.0949066
0.0925751
0.0903221
0.0881425
0.0860314
0.0839842
0.0819968
0.0800651
0.0781857
0.0763553
0.074571
0.0728303
0.0711311
0.0694717
0.0678508
0.0662674
0.0647212
0.0632119
0.0617399
0.0603057
0.0589101
0.057554
0.0562388
0.0549656
0.0537359
0.0525509
0.0514117
0.0503194
0.0492746
0.0482778
0.0473294
0.0464297
0.0455788
0.0447766
0.044023
0.0433181
0.0426617
0.0420538
0.0414949
0.0409855
0.0405265
0.0401197
0.0397674
0.0394727
0.0392403
0.0390763
0.0389888
0.961693
0.892186
0.829087
0.77173
0.719524
0.671944
0.628521
0.588838
0.552522
0.519243
0.488705
0.460641
0.434817
0.411019
0.38906
0.368768
0.349992
0.332595
0.316453
0.301456
0.287505
0.27451
0.262389
0.25107
0.240486
0.230578
0.221291
0.212575
0.204387
0.196685
0.189433
0.182596
0.176143
0.170048
0.164282
0.158825
0.153652
0.148745
0.144086
0.139657
0.135443
0.131429
0.127603
0.123952
0.120464
0.11713
0.113939
0.110881
0.10795
0.105135
0.102431
0.0998291
0.0973236
0.0949081
0.0925767
0.0903238
0.0881444
0.0860334
0.0839864
0.0819992
0.0800677
0.0781885
0.0763583
0.0745742
0.0728337
0.0711347
0.0694755
0.0678548
0.0662716
0.0647255
0.0632164
0.0617446
0.0603105
0.058915
0.0575592
0.0562441
0.054971
0.0537414
0.0525564
0.0514172
0.0503246
0.0492796
0.0482826
0.047334
0.0464341
0.0455829
0.0447805
0.0440268
0.0433216
0.042665
0.042057
0.0414979
0.0409882
0.0405292
0.0401222
0.0397697
0.039475
0.0392425
0.0390784
0.0389909
0.961693
0.892187
0.829087
0.77173
0.719524
0.671944
0.628521
0.588838
0.552523
0.519244
0.488705
0.460642
0.434817
0.41102
0.389061
0.368769
0.349993
0.332595
0.316454
0.301457
0.287506
0.27451
0.26239
0.251071
0.240487
0.230579
0.221291
0.212576
0.204388
0.196686
0.189433
0.182596
0.176144
0.170048
0.164283
0.158826
0.153653
0.148746
0.144087
0.139658
0.135444
0.13143
0.127604
0.123953
0.120466
0.117131
0.11394
0.110883
0.107951
0.105137
0.102433
0.0998312
0.0973259
0.0949105
0.0925793
0.0903266
0.0881474
0.0860367
0.0839899
0.0820029
0.0800718
0.0781929
0.076363
0.0745792
0.0728391
0.0711404
0.0694816
0.0678612
0.0662784
0.0647327
0.0632239
0.0617523
0.0603185
0.0589233
0.0575676
0.0562527
0.0549798
0.0537503
0.0525653
0.051426
0.0503333
0.0492881
0.0482908
0.0473419
0.0464417
0.0455903
0.0447875
0.0440335
0.043328
0.0426711
0.0420627
0.0415033
0.0409934
0.0405341
0.0401269
0.0397742
0.0394793
0.0392466
0.0390825
0.0389949
0.961693
0.892187
0.829087
0.77173
0.719525
0.671945
0.628522
0.588838
0.552523
0.519245
0.488706
0.460642
0.434818
0.411021
0.389061
0.36877
0.349994
0.332596
0.316454
0.301458
0.287507
0.274511
0.262391
0.251072
0.240488
0.23058
0.221292
0.212577
0.204389
0.196687
0.189435
0.182598
0.176145
0.17005
0.164285
0.158827
0.153655
0.148748
0.144088
0.139659
0.135445
0.131432
0.127606
0.123955
0.120468
0.117133
0.113942
0.110885
0.107954
0.10514
0.102435
0.0998341
0.097329
0.0949139
0.0925829
0.0903305
0.0881516
0.0860412
0.0839948
0.0820081
0.0800774
0.0781989
0.0763695
0.0745862
0.0728465
0.0711484
0.06949
0.0678701
0.0662878
0.0647426
0.0632342
0.0617631
0.0603296
0.0589347
0.0575793
0.0562647
0.054992
0.0537625
0.0525776
0.0514382
0.0503454
0.0492999
0.0483023
0.0473531
0.0464525
0.0456007
0.0447975
0.044043
0.0433371
0.0426798
0.042071
0.0415112
0.0410009
0.0405412
0.0401337
0.0397807
0.0394855
0.0392527
0.0390884
0.0390008
0.961693
0.892187
0.829087
0.771731
0.719525
0.671945
0.628522
0.588839
0.552524
0.519245
0.488707
0.460643
0.434819
0.411022
0.389062
0.368771
0.349995
0.332597
0.316455
0.301459
0.287508
0.274512
0.262392
0.251073
0.240489
0.230581
0.221294
0.212578
0.20439
0.196688
0.189436
0.182599
0.176147
0.170051
0.164286
0.158829
0.153656
0.14875
0.14409
0.139661
0.135448
0.131434
0.127608
0.123957
0.12047
0.117136
0.113945
0.110888
0.107957
0.105143
0.102439
0.099838
0.0973331
0.0949183
0.0925876
0.0903356
0.088157
0.086047
0.084001
0.0820149
0.0800846
0.0782067
0.0763778
0.0745951
0.0728561
0.0711585
0.0695008
0.0678816
0.0662999
0.0647552
0.0632474
0.0617768
0.0603438
0.0589493
0.0575943
0.0562799
0.0550074
0.0537781
0.0525931
0.0514536
0.0503606
0.0493148
0.0483169
0.0473673
0.0464663
0.045614
0.0448103
0.0440553
0.0433489
0.0426909
0.0420817
0.0415213
0.0410106
0.0405504
0.0401425
0.0397891
0.0394937
0.0392606
0.0390961
0.0390084
0.961693
0.892187
0.829087
0.771731
0.719525
0.671945
0.628523
0.58884
0.552525
0.519246
0.488707
0.460644
0.43482
0.411023
0.389063
0.368772
0.349996
0.332598
0.316457
0.30146
0.287509
0.274514
0.262393
0.251074
0.240491
0.230582
0.221295
0.21258
0.204392
0.19669
0.189438
0.182601
0.176149
0.170053
0.164288
0.158831
0.153658
0.148752
0.144093
0.139664
0.13545
0.131437
0.127611
0.12396
0.120473
0.117139
0.113949
0.110892
0.107961
0.105147
0.102443
0.0998426
0.0973381
0.0949236
0.0925933
0.0903417
0.0881635
0.086054
0.0840086
0.082023
0.0800933
0.078216
0.0763878
0.0746058
0.0728675
0.0711708
0.0695138
0.0678953
0.0663143
0.0647704
0.0632633
0.0617933
0.0603608
0.0589668
0.0576122
0.0562981
0.0550258
0.0537966
0.0526116
0.0514721
0.0503788
0.0493328
0.0483345
0.0473844
0.0464829
0.04563
0.0448257
0.0440701
0.043363
0.0427044
0.0420945
0.0415336
0.0410223
0.0405616
0.0401532
0.0397994
0.0395036
0.0392702
0.0391055
0.0390176
0.961693
0.892187
0.829088
0.771731
0.719526
0.671946
0.628523
0.58884
0.552525
0.519247
0.488708
0.460645
0.434821
0.411024
0.389064
0.368773
0.349997
0.3326
0.316458
0.301462
0.287511
0.274515
0.262395
0.251076
0.240492
0.230584
0.221297
0.212582
0.204394
0.196692
0.18944
0.182603
0.176151
0.170055
0.164291
0.158833
0.153661
0.148755
0.144095
0.139667
0.135453
0.13144
0.127614
0.123964
0.120477
0.117143
0.113953
0.110896
0.107965
0.105152
0.102449
0.099848
0.0973439
0.0949298
0.0925999
0.0903488
0.0881711
0.0860622
0.0840174
0.0820324
0.0801035
0.0782269
0.0763995
0.0746183
0.0728808
0.0711849
0.0695288
0.0679111
0.066331
0.0647878
0.0632815
0.0618122
0.0603804
0.0589869
0.0576328
0.056319
0.055047
0.0538179
0.0526329
0.0514932
0.0503998
0.0493533
0.0483546
0.0474041
0.0465019
0.0456484
0.0448435
0.0440871
0.0433793
0.0427201
0.0421095
0.0415478
0.0410359
0.0405746
0.0401656
0.0398114
0.0395151
0.0392814
0.0391164
0.0390284
0.961693
0.892187
0.829088
0.771731
0.719526
0.671946
0.628523
0.588841
0.552526
0.519248
0.488709
0.460646
0.434822
0.411025
0.389066
0.368774
0.349998
0.332601
0.31646
0.301463
0.287512
0.274517
0.262397
0.251078
0.240494
0.230586
0.221299
0.212584
0.204396
0.196694
0.189442
0.182605
0.176153
0.170058
0.164293
0.158836
0.153664
0.148757
0.144098
0.13967
0.135456
0.131444
0.127618
0.123968
0.120481
0.117147
0.113957
0.110901
0.10797
0.105157
0.102454
0.0998542
0.0973505
0.0949368
0.0926075
0.0903568
0.0881798
0.0860715
0.0840273
0.0820431
0.0801149
0.0782392
0.0764126
0.0746323
0.0728957
0.0712007
0.0695456
0.0679289
0.0663497
0.0648074
0.0633019
0.0618334
0.0604023
0.0590095
0.0576558
0.0563424
0.0550707
0.0538417
0.0526567
0.0515169
0.0504232
0.0493764
0.0483772
0.047426
0.0465233
0.045669
0.0448634
0.0441063
0.0433977
0.0427376
0.0421263
0.0415639
0.0410512
0.0405892
0.0401797
0.0398248
0.0395281
0.039294
0.0391288
0.0390405
0.961693
0.892187
0.829088
0.771731
0.719526
0.671946
0.628524
0.588841
0.552527
0.519248
0.48871
0.460647
0.434823
0.411026
0.389067
0.368776
0.35
0.332603
0.316461
0.301465
0.287514
0.274519
0.262398
0.25108
0.240496
0.230588
0.221301
0.212586
0.204398
0.196697
0.189444
0.182608
0.176156
0.170061
0.164296
0.158839
0.153667
0.148761
0.144102
0.139674
0.13546
0.131447
0.127622
0.123972
0.120486
0.117152
0.113962
0.110906
0.107976
0.105163
0.102461
0.0998611
0.0973578
0.0949446
0.0926158
0.0903658
0.0881894
0.0860817
0.0840383
0.0820549
0.0801276
0.0782527
0.0764271
0.0746477
0.0729122
0.0712182
0.0695641
0.0679484
0.0663702
0.0648289
0.0633244
0.0618567
0.0604263
0.0590341
0.057681
0.0563681
0.0550966
0.0538677
0.0526828
0.0515428
0.0504488
0.0494016
0.0484019
0.0474502
0.0465467
0.0456917
0.0448853
0.0441273
0.0434179
0.042757
0.0421448
0.0415816
0.0410681
0.0406054
0.0401952
0.0398397
0.0395425
0.039308
0.0391424
0.039054
0.961693
0.892187
0.829088
0.771731
0.719526
0.671946
0.628524
0.588842
0.552527
0.519249
0.488711
0.460648
0.434824
0.411027
0.389068
0.368777
0.350001
0.332604
0.316463
0.301466
0.287516
0.274521
0.2624
0.251082
0.240498
0.23059
0.221303
0.212588
0.204401
0.196699
0.189447
0.182611
0.176159
0.170064
0.164299
0.158842
0.15367
0.148764
0.144106
0.139677
0.135464
0.131452
0.127627
0.123977
0.120491
0.117158
0.113968
0.110912
0.107982
0.10517
0.102468
0.0998686
0.0973658
0.0949532
0.0926249
0.0903755
0.0881998
0.0860929
0.0840503
0.0820677
0.0801413
0.0782674
0.0764428
0.0746645
0.07293
0.0712371
0.0695841
0.0679695
0.0663924
0.0648522
0.0633486
0.0618818
0.0604522
0.0590607
0.0577082
0.0563957
0.0551245
0.0538958
0.0527108
0.0515707
0.0504764
0.0494288
0.0484285
0.0474762
0.046572
0.0457162
0.0449089
0.0441501
0.0434397
0.0427779
0.0421648
0.0416008
0.0410864
0.040623
0.040212
0.0398559
0.0395581
0.0393232
0.0391573
0.0390686
0.961693
0.892187
0.829088
0.771731
0.719526
0.671947
0.628524
0.588842
0.552528
0.51925
0.488711
0.460649
0.434825
0.411028
0.389069
0.368778
0.350003
0.332606
0.316464
0.301468
0.287518
0.274523
0.262402
0.251084
0.2405
0.230593
0.221306
0.212591
0.204403
0.196702
0.18945
0.182614
0.176162
0.170067
0.164303
0.158846
0.153674
0.148768
0.14411
0.139682
0.135469
0.131456
0.127631
0.123982
0.120496
0.117163
0.113974
0.110919
0.107989
0.105177
0.102475
0.0998767
0.0973744
0.0949624
0.0926348
0.0903861
0.0882111
0.086105
0.0840632
0.0820815
0.080156
0.0782831
0.0764596
0.0746824
0.072949
0.0712573
0.0696055
0.067992
0.0664161
0.0648769
0.0633743
0.0619085
0.0604798
0.0590891
0.0577371
0.0564251
0.0551542
0.0539256
0.0527406
0.0516004
0.0505058
0.0494577
0.0484569
0.0475039
0.0465989
0.0457423
0.0449341
0.0441744
0.0434631
0.0428003
0.0421863
0.0416213
0.0411061
0.0406418
0.04023
0.0398733
0.0395749
0.0393395
0.0391732
0.0390843
0.961693
0.892187
0.829088
0.771731
0.719526
0.671947
0.628525
0.588842
0.552528
0.51925
0.488712
0.46065
0.434826
0.411029
0.389071
0.36878
0.350004
0.332607
0.316466
0.30147
0.287519
0.274525
0.262404
0.251086
0.240503
0.230595
0.221308
0.212594
0.204406
0.196705
0.189453
0.182617
0.176165
0.17007
0.164306
0.158849
0.153678
0.148772
0.144114
0.139686
0.135473
0.131461
0.127637
0.123987
0.120502
0.117169
0.11398
0.110925
0.107996
0.105185
0.102484
0.0998853
0.0973836
0.0949722
0.0926452
0.0903972
0.088223
0.0861177
0.0840769
0.0820961
0.0801717
0.0782998
0.0764774
0.0747013
0.0729692
0.0712787
0.069628
0.0680158
0.066441
0.064903
0.0634015
0.0619367
0.0605089
0.0591189
0.0577675
0.056456
0.0551854
0.053957
0.0527721
0.0516316
0.0505367
0.0494882
0.0484868
0.0475331
0.0466273
0.0457698
0.0449607
0.0442
0.0434877
0.042824
0.0422089
0.041643
0.0411268
0.0406617
0.0402491
0.0398917
0.0395927
0.0393567
0.0391901
0.039101
0.961693
0.892187
0.829088
0.771731
0.719526
0.671947
0.628525
0.588843
0.552528
0.519251
0.488713
0.46065
0.434827
0.41103
0.389072
0.368781
0.350005
0.332609
0.316468
0.301472
0.287521
0.274527
0.262407
0.251088
0.240505
0.230597
0.221311
0.212596
0.204409
0.196708
0.189456
0.18262
0.176169
0.170074
0.16431
0.158853
0.153682
0.148776
0.144118
0.139691
0.135478
0.131466
0.127642
0.123993
0.120508
0.117176
0.113987
0.110933
0.108004
0.105193
0.102492
0.0998944
0.0973933
0.0949825
0.0926563
0.090409
0.0882356
0.0861312
0.0840912
0.0821115
0.0801881
0.0783173
0.076496
0.0747212
0.0729903
0.071301
0.0696516
0.0680407
0.0664671
0.0649303
0.0634299
0.0619661
0.0605392
0.05915
0.0577993
0.0564883
0.055218
0.0539898
0.0528048
0.0516642
0.050569
0.04952
0.048518
0.0475635
0.046657
0.0457986
0.0449885
0.0442268
0.0435135
0.0428487
0.0422326
0.0416657
0.0411486
0.0406825
0.0402692
0.039911
0.0396113
0.0393749
0.0392078
0.0391185
0.961693
0.892187
0.829088
0.771731
0.719526
0.671947
0.628525
0.588843
0.552529
0.519251
0.488713
0.460651
0.434828
0.411031
0.389073
0.368782
0.350007
0.33261
0.316469
0.301473
0.287523
0.274528
0.262409
0.25109
0.240507
0.2306
0.221313
0.212599
0.204412
0.196711
0.189459
0.182623
0.176172
0.170077
0.164314
0.158857
0.153686
0.148781
0.144123
0.139696
0.135483
0.131472
0.127648
0.123999
0.120514
0.117182
0.113994
0.11094
0.108012
0.105201
0.102501
0.0999039
0.0974034
0.0949933
0.0926678
0.0904213
0.0882488
0.0861452
0.0841062
0.0821275
0.0802052
0.0783356
0.0765155
0.0747419
0.0730122
0.0713242
0.0696762
0.0680665
0.0664942
0.0649585
0.0634593
0.0619965
0.0605706
0.0591822
0.0578322
0.0565217
0.0552518
0.0540237
0.0528387
0.0516979
0.0506024
0.0495529
0.0485503
0.0475951
0.0466877
0.0458284
0.0450174
0.0442546
0.0435403
0.0428744
0.0422573
0.0416893
0.0411713
0.0407043
0.04029
0.039931
0.0396307
0.0393937
0.0392263
0.0391368
0.961693
0.892187
0.829088
0.771731
0.719526
0.671947
0.628525
0.588843
0.552529
0.519251
0.488714
0.460652
0.434828
0.411032
0.389074
0.368783
0.350008
0.332612
0.316471
0.301475
0.287525
0.27453
0.262411
0.251093
0.24051
0.230602
0.221316
0.212602
0.204415
0.196714
0.189462
0.182627
0.176176
0.170081
0.164318
0.158861
0.15369
0.148785
0.144128
0.139701
0.135489
0.131477
0.127654
0.124005
0.120521
0.117189
0.114001
0.110948
0.10802
0.10521
0.10251
0.0999138
0.097414
0.0950046
0.0926798
0.0904341
0.0882624
0.0861598
0.0841218
0.0821441
0.0802229
0.0783544
0.0765355
0.0747632
0.0730348
0.0713482
0.0697014
0.0680931
0.066522
0.0649876
0.0634896
0.0620279
0.0606029
0.0592153
0.057866
0.056556
0.0552865
0.0540586
0.0528736
0.0517327
0.0506368
0.0495868
0.0485836
0.0476276
0.0467194
0.0458592
0.0450471
0.0442833
0.0435679
0.0429009
0.0422827
0.0417137
0.0411946
0.0407267
0.0403116
0.0399518
0.0396508
0.0394132
0.0392454
0.0391556
0.961693
0.892187
0.829087
0.771731
0.719526
0.671947
0.628525
0.588843
0.552529
0.519252
0.488714
0.460652
0.434829
0.411033
0.389075
0.368784
0.350009
0.332613
0.316472
0.301477
0.287527
0.274532
0.262413
0.251095
0.240512
0.230605
0.221319
0.212605
0.204418
0.196717
0.189466
0.18263
0.176179
0.170085
0.164322
0.158865
0.153695
0.14879
0.144133
0.139706
0.135494
0.131483
0.12766
0.124012
0.120527
0.117196
0.114009
0.110956
0.108029
0.105219
0.10252
0.099924
0.0974248
0.0950161
0.0926921
0.0904473
0.0882764
0.0861748
0.0841378
0.0821612
0.0802411
0.0783738
0.0765561
0.0747851
0.073058
0.0713727
0.0697273
0.0681203
0.0665506
0.0650174
0.0635205
0.0620599
0.060636
0.0592492
0.0579006
0.0565911
0.0553219
0.0540943
0.0529093
0.0517681
0.0506719
0.0496215
0.0486176
0.0476609
0.0467518
0.0458906
0.0450775
0.0443127
0.0435962
0.0429281
0.0423088
0.0417387
0.0412186
0.0407497
0.0403337
0.0399731
0.0396714
0.0394333
0.039265
0.039175
0.961693
0.892187
0.829087
0.771731
0.719526
0.671947
0.628525
0.588843
0.55253
0.519252
0.488715
0.460653
0.43483
0.411034
0.389076
0.368785
0.35001
0.332614
0.316474
0.301478
0.287528
0.274534
0.262415
0.251097
0.240514
0.230607
0.221321
0.212607
0.20442
0.19672
0.189469
0.182634
0.176183
0.170089
0.164326
0.15887
0.153699
0.148795
0.144138
0.139711
0.1355
0.131489
0.127666
0.124018
0.120534
0.117204
0.114017
0.110964
0.108037
0.105228
0.10253
0.0999345
0.097436
0.095028
0.0927048
0.0904608
0.0882908
0.0861901
0.0841541
0.0821786
0.0802597
0.0783936
0.0765772
0.0748074
0.0730817
0.0713977
0.0697537
0.068148
0.0665796
0.0650477
0.0635521
0.0620926
0.0606696
0.0592837
0.0579358
0.0566268
0.055358
0.0541305
0.0529455
0.0518042
0.0507077
0.0496568
0.0486523
0.0476948
0.0467848
0.0459227
0.0451086
0.0443426
0.043625
0.0429559
0.0423355
0.0417643
0.0412431
0.0407732
0.0403563
0.0399949
0.0396924
0.0394537
0.039285
0.0391948
0.961693
0.892186
0.829087
0.771731
0.719526
0.671947
0.628525
0.588843
0.55253
0.519252
0.488715
0.460653
0.43483
0.411034
0.389076
0.368786
0.350012
0.332615
0.316475
0.30148
0.28753
0.274536
0.262417
0.251099
0.240517
0.23061
0.221324
0.21261
0.204423
0.196723
0.189472
0.182637
0.176187
0.170093
0.16433
0.158874
0.153704
0.1488
0.144143
0.139716
0.135505
0.131495
0.127672
0.124025
0.120541
0.117211
0.114025
0.110973
0.108046
0.105238
0.10254
0.0999452
0.0974474
0.0950401
0.0927177
0.0904745
0.0883055
0.0862058
0.0841708
0.0821964
0.0802786
0.0784137
0.0765986
0.0748301
0.0731057
0.0714231
0.0697804
0.0681761
0.066609
0.0650784
0.063584
0.0621256
0.0607036
0.0593185
0.0579713
0.0566629
0.0553945
0.0541672
0.0529822
0.0518408
0.0507439
0.0496925
0.0486873
0.0477291
0.0468183
0.0459552
0.04514
0.044373
0.0436543
0.042984
0.0423625
0.0417902
0.041268
0.0407971
0.0403792
0.040017
0.0397138
0.0394745
0.0393054
0.0392149
0.961693
0.892186
0.829087
0.771731
0.719526
0.671947
0.628525
0.588844
0.55253
0.519253
0.488715
0.460654
0.434831
0.411035
0.389077
0.368787
0.350013
0.332617
0.316476
0.301481
0.287532
0.274538
0.262419
0.251101
0.240519
0.230612
0.221327
0.212613
0.204426
0.196726
0.189476
0.182641
0.17619
0.170097
0.164334
0.158878
0.153709
0.148805
0.144148
0.139722
0.135511
0.131501
0.127679
0.124032
0.120549
0.117219
0.114033
0.110981
0.108055
0.105247
0.10255
0.0999561
0.0974589
0.0950524
0.0927308
0.0904884
0.0883203
0.0862216
0.0841877
0.0822143
0.0802977
0.0784341
0.0766202
0.074853
0.07313
0.0714488
0.0698074
0.0682045
0.0666387
0.0651094
0.0636161
0.0621588
0.0607378
0.0593537
0.0580072
0.0566993
0.0554313
0.0542042
0.0530192
0.0518776
0.0507804
0.0497285
0.0487227
0.0477637
0.046852
0.0459879
0.0451718
0.0444037
0.0436838
0.0430124
0.0423898
0.0418164
0.0412931
0.0408212
0.0404024
0.0400393
0.0397354
0.0394955
0.0393259
0.0392352
0.961693
0.892186
0.829087
0.771731
0.719526
0.671947
0.628525
0.588844
0.55253
0.519253
0.488716
0.460654
0.434831
0.411036
0.389078
0.368788
0.350014
0.332618
0.316478
0.301483
0.287533
0.27454
0.262421
0.251103
0.240521
0.230615
0.221329
0.212616
0.204429
0.196729
0.189479
0.182644
0.176194
0.170101
0.164338
0.158883
0.153713
0.148809
0.144153
0.139727
0.135517
0.131507
0.127685
0.124039
0.120556
0.117227
0.114041
0.11099
0.108064
0.105257
0.10256
0.099967
0.0974706
0.0950648
0.092744
0.0905025
0.0883353
0.0862376
0.0842047
0.0822325
0.080317
0.0784546
0.0766419
0.0748761
0.0731544
0.0714745
0.0698346
0.068233
0.0666685
0.0651405
0.0636484
0.0621922
0.0607722
0.0593889
0.0580432
0.0567359
0.0554682
0.0542413
0.0530564
0.0519146
0.050817
0.0497646
0.0487582
0.0477985
0.0468859
0.0460209
0.0452037
0.0444345
0.0437136
0.043041
0.0424173
0.0418428
0.0413184
0.0408455
0.0404258
0.0400618
0.0397572
0.0395167
0.0393467
0.0392557
0.961693
0.892186
0.829087
0.771731
0.719526
0.671947
0.628525
0.588844
0.55253
0.519253
0.488716
0.460654
0.434832
0.411036
0.389079
0.368789
0.350015
0.332619
0.316479
0.301484
0.287535
0.274541
0.262423
0.251105
0.240523
0.230617
0.221332
0.212618
0.204432
0.196733
0.189482
0.182648
0.176198
0.170105
0.164342
0.158887
0.153718
0.148814
0.144158
0.139733
0.135523
0.131513
0.127692
0.124045
0.120563
0.117234
0.114049
0.110998
0.108074
0.105267
0.102571
0.0999781
0.0974823
0.0950773
0.0927573
0.0905167
0.0883504
0.0862536
0.0842218
0.0822506
0.0803363
0.0784751
0.0766637
0.0748992
0.0731788
0.0715003
0.0698617
0.0682615
0.0666983
0.0651716
0.0636807
0.0622256
0.0608066
0.0594242
0.0580791
0.0567724
0.0555051
0.0542784
0.0530935
0.0519516
0.0508537
0.0498008
0.0487938
0.0478333
0.0469199
0.0460539
0.0452357
0.0444654
0.0437433
0.0430697
0.0424448
0.0418692
0.0413438
0.0408699
0.0404492
0.0400844
0.039779
0.0395379
0.0393674
0.0392762
0.961693
0.892186
0.829087
0.771731
0.719526
0.671947
0.628525
0.588844
0.55253
0.519253
0.488716
0.460655
0.434832
0.411037
0.389079
0.36879
0.350015
0.33262
0.31648
0.301485
0.287536
0.274543
0.262424
0.251107
0.240525
0.230619
0.221334
0.212621
0.204435
0.196736
0.189486
0.182651
0.176201
0.170109
0.164346
0.158892
0.153723
0.148819
0.144164
0.139738
0.135529
0.13152
0.127698
0.124052
0.12057
0.117242
0.114057
0.111007
0.108083
0.105277
0.102581
0.0999891
0.0974941
0.0950898
0.0927706
0.0905308
0.0883655
0.0862697
0.0842388
0.0822688
0.0803556
0.0784956
0.0766855
0.0749223
0.0732032
0.071526
0.0698888
0.0682899
0.0667281
0.0652026
0.0637129
0.0622589
0.0608409
0.0594593
0.0581149
0.0568088
0.0555418
0.0543153
0.0531305
0.0519884
0.0508902
0.0498369
0.0488292
0.047868
0.0469537
0.0460868
0.0452676
0.0444962
0.0437731
0.0430983
0.0424723
0.0418956
0.0413692
0.0408942
0.0404726
0.040107
0.0398008
0.0395591
0.0393882
0.0392967
0.961693
0.892186
0.829087
0.771731
0.719526
0.671947
0.628525
0.588844
0.55253
0.519253
0.488716
0.460655
0.434833
0.411037
0.38908
0.36879
0.350016
0.332621
0.316481
0.301487
0.287538
0.274545
0.262426
0.251109
0.240528
0.230622
0.221337
0.212624
0.204438
0.196739
0.189489
0.182654
0.176205
0.170112
0.164351
0.158896
0.153727
0.148824
0.144169
0.139744
0.135534
0.131526
0.127705
0.124059
0.120578
0.11725
0.114066
0.111016
0.108092
0.105287
0.102592
0.1
0.0975058
0.0951023
0.0927839
0.090545
0.0883805
0.0862857
0.0842559
0.0822869
0.0803749
0.0785161
0.0767072
0.0749452
0.0732275
0.0715516
0.0699157
0.0683181
0.0667576
0.0652333
0.0637448
0.0622919
0.0608749
0.0594942
0.0581505
0.0568449
0.0555783
0.054352
0.0531672
0.052025
0.0509265
0.0498727
0.0488644
0.0479025
0.0469874
0.0461195
0.0452993
0.0445269
0.0438026
0.0431268
0.0424997
0.0419219
0.0413944
0.0409184
0.0404959
0.0401294
0.0398226
0.0395802
0.0394089
0.0393171
0.961693
0.892186
0.829087
0.771731
0.719526
0.671947
0.628525
0.588844
0.55253
0.519253
0.488717
0.460655
0.434833
0.411038
0.389081
0.368791
0.350017
0.332622
0.316482
0.301488
0.287539
0.274546
0.262428
0.251111
0.24053
0.230624
0.221339
0.212626
0.204441
0.196742
0.189492
0.182658
0.176209
0.170116
0.164355
0.1589
0.153732
0.148829
0.144174
0.139749
0.13554
0.131532
0.127711
0.124066
0.120585
0.117257
0.114074
0.111024
0.108101
0.105296
0.102602
0.100011
0.0975175
0.0951147
0.0927971
0.090559
0.0883955
0.0863016
0.0842728
0.0823049
0.0803939
0.0785363
0.0767286
0.0749679
0.0732515
0.0715769
0.0699423
0.068346
0.0667868
0.0652638
0.0637764
0.0623246
0.0609085
0.0595286
0.0581857
0.0568806
0.0556144
0.0543883
0.0532035
0.0520612
0.0509624
0.0499081
0.0488993
0.0479366
0.0470207
0.0461519
0.0453307
0.0445573
0.043832
0.043155
0.0425268
0.041948
0.0414194
0.0409425
0.040519
0.0401517
0.0398441
0.0396012
0.0394294
0.0393373
0.961693
0.892186
0.829087
0.771731
0.719526
0.671947
0.628525
0.588844
0.552531
0.519254
0.488717
0.460656
0.434833
0.411038
0.389081
0.368792
0.350018
0.332623
0.316483
0.301489
0.28754
0.274548
0.262429
0.251113
0.240532
0.230626
0.221341
0.212629
0.204443
0.196744
0.189495
0.182661
0.176212
0.17012
0.164359
0.158905
0.153736
0.148834
0.144179
0.139755
0.135546
0.131538
0.127718
0.124073
0.120592
0.117265
0.114082
0.111033
0.10811
0.105306
0.102612
0.100022
0.0975291
0.095127
0.0928101
0.0905729
0.0884102
0.0863173
0.0842895
0.0823227
0.0804128
0.0785563
0.0767499
0.0749904
0.0732752
0.0716019
0.0699686
0.0683736
0.0668156
0.0652938
0.0638076
0.0623568
0.0609417
0.0595626
0.0582204
0.0569158
0.05565
0.0544241
0.0532394
0.0520969
0.0509978
0.0499431
0.0489337
0.0479704
0.0470536
0.0461839
0.0453617
0.0445873
0.0438609
0.0431829
0.0425536
0.0419738
0.0414442
0.0409663
0.0405419
0.0401737
0.0398654
0.0396219
0.0394496
0.0393573
0.961693
0.892186
0.829087
0.771731
0.719526
0.671947
0.628525
0.588844
0.552531
0.519254
0.488717
0.460656
0.434834
0.411039
0.389082
0.368792
0.350019
0.332624
0.316484
0.30149
0.287542
0.274549
0.262431
0.251114
0.240533
0.230628
0.221344
0.212631
0.204446
0.196747
0.189498
0.182664
0.176216
0.170124
0.164363
0.158909
0.153741
0.148839
0.144184
0.13976
0.135552
0.131544
0.127724
0.12408
0.120599
0.117273
0.11409
0.111042
0.108119
0.105315
0.102622
0.100033
0.0975405
0.0951392
0.092823
0.0905866
0.0884248
0.0863328
0.084306
0.0823402
0.0804314
0.078576
0.0767708
0.0750125
0.0732985
0.0716265
0.0699945
0.0684007
0.066844
0.0653233
0.0638382
0.0623885
0.0609743
0.059596
0.0582545
0.0569504
0.055685
0.0544593
0.0532746
0.052132
0.0510327
0.0499776
0.0489676
0.0480035
0.047086
0.0462155
0.0453923
0.0446169
0.0438895
0.0432104
0.0425801
0.0419992
0.0414686
0.0409897
0.0405644
0.0401954
0.0398864
0.0396423
0.0394696
0.039377
0.961693
0.892186
0.829087
0.771731
0.719526
0.671947
0.628525
0.588844
0.552531
0.519254
0.488717
0.460656
0.434834
0.411039
0.389082
0.368793
0.350019
0.332624
0.316485
0.301491
0.287543
0.27455
0.262432
0.251116
0.240535
0.23063
0.221346
0.212633
0.204448
0.19675
0.189501
0.182668
0.176219
0.170127
0.164366
0.158913
0.153745
0.148843
0.144189
0.139765
0.135557
0.13155
0.12773
0.124086
0.120606
0.11728
0.114098
0.11105
0.108128
0.105325
0.102632
0.100043
0.0975517
0.0951511
0.0928357
0.0906001
0.0884392
0.086348
0.0843222
0.0823574
0.0804497
0.0785954
0.0767913
0.0750342
0.0733214
0.0716507
0.0700199
0.0684273
0.0668717
0.0653522
0.0638682
0.0624195
0.0610062
0.0596288
0.0582879
0.0569843
0.0557193
0.0544938
0.0533092
0.0521665
0.0510668
0.0500113
0.0490008
0.0480361
0.0471178
0.0462464
0.0454223
0.0446459
0.0439175
0.0432374
0.042606
0.0420241
0.0414925
0.0410127
0.0405865
0.0402168
0.039907
0.0396623
0.0394892
0.0393964
0.961693
0.892186
0.829087
0.771731
0.719526
0.671947
0.628525
0.588844
0.552531
0.519254
0.488717
0.460656
0.434834
0.41104
0.389083
0.368794
0.35002
0.332625
0.316486
0.301492
0.287544
0.274552
0.262434
0.251118
0.240537
0.230632
0.221348
0.212636
0.204451
0.196753
0.189504
0.182671
0.176222
0.170131
0.16437
0.158917
0.153749
0.148848
0.144194
0.13977
0.135562
0.131555
0.127736
0.124093
0.120613
0.117287
0.114105
0.111058
0.108137
0.105334
0.102642
0.100054
0.0975627
0.0951628
0.0928482
0.0906133
0.0884532
0.0863629
0.084338
0.0823742
0.0804675
0.0786143
0.0768113
0.0750554
0.0733438
0.0716742
0.0700446
0.0684533
0.0668989
0.0653805
0.0638976
0.0624498
0.0610374
0.0596608
0.0583205
0.0570175
0.0557528
0.0545275
0.0533429
0.0522001
0.0511002
0.0500443
0.0490333
0.0480679
0.0471489
0.0462766
0.0454517
0.0446743
0.0439449
0.0432638
0.0426314
0.0420485
0.041516
0.0410352
0.0406082
0.0402376
0.0399272
0.0396819
0.0395084
0.0394153
0.961693
0.892186
0.829087
0.771731
0.719526
0.671947
0.628525
0.588844
0.552531
0.519254
0.488717
0.460657
0.434835
0.41104
0.389083
0.368794
0.350021
0.332626
0.316487
0.301493
0.287545
0.274553
0.262435
0.251119
0.240539
0.230634
0.22135
0.212638
0.204453
0.196755
0.189507
0.182674
0.176225
0.170134
0.164374
0.158921
0.153753
0.148852
0.144198
0.139775
0.135568
0.131561
0.127742
0.124099
0.12062
0.117294
0.114113
0.111066
0.108145
0.105343
0.102652
0.100064
0.0975735
0.0951742
0.0928603
0.0906262
0.0884669
0.0863775
0.0843535
0.0823906
0.0804849
0.0786328
0.0768309
0.075076
0.0733656
0.0716972
0.0700688
0.0684786
0.0669253
0.065408
0.0639261
0.0624793
0.0610678
0.0596919
0.0583523
0.0570498
0.0557854
0.0545604
0.0533758
0.0522329
0.0511328
0.0500765
0.0490649
0.048099
0.0471792
0.0463061
0.0454803
0.044702
0.0439717
0.0432896
0.0426562
0.0420723
0.0415389
0.0410572
0.0406294
0.040258
0.0399469
0.0397011
0.0395271
0.0394338
0.961693
0.892186
0.829087
0.771731
0.719526
0.671947
0.628525
0.588844
0.552531
0.519254
0.488718
0.460657
0.434835
0.41104
0.389083
0.368795
0.350021
0.332627
0.316488
0.301494
0.287546
0.274554
0.262437
0.251121
0.24054
0.230635
0.221352
0.21264
0.204456
0.196758
0.189509
0.182676
0.176229
0.170137
0.164377
0.158924
0.153757
0.148856
0.144203
0.13978
0.135573
0.131567
0.127748
0.124105
0.120626
0.117301
0.11412
0.111074
0.108154
0.105352
0.102661
0.100074
0.097584
0.0951854
0.0928721
0.0906388
0.0884802
0.0863917
0.0843685
0.0824066
0.0805019
0.0786507
0.0768498
0.0750961
0.0733868
0.0717195
0.0700922
0.0685031
0.0669509
0.0654347
0.0639538
0.062508
0.0610973
0.0597221
0.0583831
0.0570811
0.0558171
0.0545922
0.0534077
0.0522647
0.0511644
0.0501077
0.0490957
0.0481291
0.0472086
0.0463348
0.0455081
0.044729
0.0439977
0.0433146
0.0426803
0.0420955
0.0415611
0.0410786
0.0406499
0.0402779
0.0399661
0.0397197
0.0395453
0.0394518
0.961693
0.892186
0.829087
0.771731
0.719526
0.671947
0.628525
0.588844
0.552531
0.519254
0.488718
0.460657
0.434835
0.411041
0.389084
0.368795
0.350022
0.332627
0.316489
0.301495
0.287547
0.274555
0.262438
0.251122
0.240542
0.230637
0.221354
0.212642
0.204458
0.19676
0.189512
0.182679
0.176232
0.170141
0.164381
0.158928
0.153761
0.14886
0.144207
0.139785
0.135578
0.131572
0.127754
0.124111
0.120633
0.117308
0.114127
0.111081
0.108162
0.10536
0.10267
0.100083
0.0975941
0.0951961
0.0928836
0.0906509
0.0884932
0.0864054
0.0843831
0.082422
0.0805182
0.0786681
0.0768682
0.0751155
0.0734073
0.0717411
0.0701148
0.0685268
0.0669757
0.0654605
0.0639806
0.0625356
0.0611258
0.0597513
0.0584129
0.0571113
0.0558477
0.0546231
0.0534386
0.0522955
0.0511949
0.0501379
0.0491254
0.0481583
0.0472371
0.0463626
0.0455351
0.044755
0.0440228
0.0433389
0.0427037
0.042118
0.0415827
0.0410993
0.0406699
0.0402971
0.0399847
0.0397377
0.039563
0.0394692
0.961693
0.892186
0.829087
0.77173
0.719526
0.671947
0.628525
0.588844
0.552531
0.519254
0.488718
0.460657
0.434835
0.411041
0.389084
0.368796
0.350022
0.332628
0.316489
0.301496
0.287548
0.274556
0.262439
0.251124
0.240543
0.230639
0.221355
0.212644
0.20446
0.196762
0.189514
0.182682
0.176234
0.170144
0.164384
0.158932
0.153765
0.148864
0.144211
0.139789
0.135583
0.131577
0.127759
0.124117
0.120639
0.117314
0.114134
0.111089
0.108169
0.105368
0.102679
0.100093
0.0976039
0.0952065
0.0928946
0.0906627
0.0885056
0.0864186
0.0843971
0.0824369
0.0805341
0.0786848
0.0768859
0.0751342
0.073427
0.0717619
0.0701367
0.0685497
0.0669996
0.0654854
0.0640064
0.0625623
0.0611532
0.0597794
0.0584416
0.0571405
0.0558772
0.0546528
0.0534684
0.0523252
0.0512244
0.0501671
0.0491541
0.0481864
0.0472646
0.0463894
0.0455611
0.0447802
0.0440472
0.0433623
0.0427262
0.0421396
0.0416035
0.0411193
0.0406891
0.0403156
0.0400026
0.0397552
0.03958
0.039486
0.961693
0.892186
0.829087
0.77173
0.719526
0.671947
0.628525
0.588844
0.552531
0.519254
0.488718
0.460657
0.434835
0.411041
0.389085
0.368796
0.350023
0.332629
0.31649
0.301497
0.287549
0.274557
0.26244
0.251125
0.240545
0.23064
0.221357
0.212646
0.204462
0.196765
0.189517
0.182684
0.176237
0.170147
0.164387
0.158935
0.153769
0.148868
0.144216
0.139794
0.135587
0.131582
0.127764
0.124122
0.120645
0.117321
0.114141
0.111096
0.108177
0.105376
0.102687
0.100101
0.0976134
0.0952166
0.0929053
0.090674
0.0885176
0.0864313
0.0844106
0.0824513
0.0805492
0.0787009
0.076903
0.0751522
0.073446
0.0717818
0.0701576
0.0685717
0.0670225
0.0655093
0.0640312
0.0625879
0.0611796
0.0598065
0.0584692
0.0571685
0.0559055
0.0546813
0.0534969
0.0523537
0.0512527
0.0501951
0.0491817
0.0482135
0.0472911
0.0464151
0.0455861
0.0448044
0.0440705
0.0433849
0.0427479
0.0421605
0.0416235
0.0411386
0.0407076
0.0403334
0.0400199
0.0397719
0.0395964
0.0395022
0.961693
0.892186
0.829087
0.77173
0.719526
0.671947
0.628525
0.588844
0.552531
0.519254
0.488718
0.460657
0.434836
0.411041
0.389085
0.368796
0.350023
0.332629
0.316491
0.301498
0.28755
0.274558
0.262441
0.251126
0.240546
0.230642
0.221359
0.212648
0.204464
0.196767
0.189519
0.182687
0.17624
0.170149
0.16439
0.158938
0.153772
0.148872
0.144219
0.139798
0.135592
0.131586
0.127769
0.124128
0.12065
0.117327
0.114147
0.111102
0.108184
0.105384
0.102695
0.10011
0.0976224
0.0952262
0.0929154
0.0906848
0.0885291
0.0864435
0.0844236
0.082465
0.0805638
0.0787163
0.0769192
0.0751694
0.0734641
0.0718009
0.0701777
0.0685927
0.0670445
0.0655321
0.0640548
0.0626124
0.0612048
0.0598323
0.0584955
0.0571953
0.0559326
0.0547086
0.0535243
0.052381
0.0512798
0.0502219
0.0492081
0.0482394
0.0473164
0.0464398
0.04561
0.0448276
0.0440929
0.0434064
0.0427687
0.0421804
0.0416427
0.041157
0.0407254
0.0403505
0.0400364
0.039788
0.0396121
0.0395177
0.961693
0.892186
0.829087
0.77173
0.719526
0.671947
0.628525
0.588844
0.552531
0.519255
0.488718
0.460658
0.434836
0.411042
0.389085
0.368797
0.350024
0.33263
0.316491
0.301498
0.287551
0.274559
0.262442
0.251127
0.240547
0.230643
0.22136
0.212649
0.204466
0.196769
0.189521
0.182689
0.176242
0.170152
0.164393
0.158941
0.153775
0.148875
0.144223
0.139802
0.135596
0.131591
0.127774
0.124133
0.120656
0.117332
0.114153
0.111109
0.108191
0.105391
0.102703
0.100118
0.097631
0.0952353
0.0929251
0.0906951
0.08854
0.0864551
0.0844359
0.082478
0.0805776
0.078731
0.0769347
0.0751858
0.0734814
0.0718191
0.0701967
0.0686126
0.0670653
0.0655538
0.0640774
0.0626357
0.0612287
0.0598569
0.0585206
0.0572208
0.0559584
0.0547345
0.0535503
0.052407
0.0513056
0.0502474
0.0492332
0.048264
0.0473405
0.0464633
0.0456328
0.0448497
0.0441143
0.043427
0.0427885
0.0421995
0.041661
0.0411746
0.0407423
0.0403668
0.0400521
0.0398033
0.0396271
0.0395324
0.961693
0.892186
0.829087
0.77173
0.719526
0.671947
0.628525
0.588844
0.552531
0.519255
0.488718
0.460658
0.434836
0.411042
0.389085
0.368797
0.350024
0.33263
0.316492
0.301499
0.287552
0.27456
0.262443
0.251128
0.240549
0.230645
0.221362
0.212651
0.204467
0.19677
0.189523
0.182691
0.176245
0.170155
0.164396
0.158944
0.153778
0.148879
0.144227
0.139805
0.1356
0.131595
0.127778
0.124137
0.120661
0.117338
0.114159
0.111115
0.108197
0.105398
0.10271
0.100126
0.0976392
0.095244
0.0929344
0.0907049
0.0885504
0.0864662
0.0844476
0.0824904
0.0805907
0.0787449
0.0769494
0.0752013
0.0734977
0.0718363
0.0702148
0.0686316
0.0670851
0.0655744
0.0640987
0.0626577
0.0612514
0.0598801
0.0585444
0.057245
0.0559829
0.0547591
0.053575
0.0524316
0.0513301
0.0502716
0.0492571
0.0482874
0.0473634
0.0464855
0.0456545
0.0448707
0.0441345
0.0434466
0.0428073
0.0422176
0.0416784
0.0411913
0.0407583
0.0403823
0.0400671
0.0398178
0.0396412
0.0395464
0.961693
0.892186
0.829087
0.77173
0.719526
0.671947
0.628525
0.588844
0.552531
0.519255
0.488718
0.460658
0.434836
0.411042
0.389086
0.368797
0.350025
0.332631
0.316493
0.3015
0.287552
0.274561
0.262444
0.251129
0.24055
0.230646
0.221363
0.212652
0.204469
0.196772
0.189525
0.182693
0.176247
0.170157
0.164398
0.158947
0.153781
0.148882
0.14423
0.139809
0.135604
0.131599
0.127783
0.124142
0.120665
0.117343
0.114164
0.11112
0.108203
0.105404
0.102717
0.100133
0.0976469
0.0952522
0.092943
0.0907141
0.0885602
0.0864765
0.0844586
0.0825021
0.0806031
0.078758
0.0769633
0.0752159
0.0735132
0.0718525
0.0702318
0.0686494
0.0671037
0.0655938
0.0641188
0.0626785
0.0612728
0.0599021
0.0585668
0.0572677
0.0560059
0.0547823
0.0535983
0.0524548
0.0513532
0.0502944
0.0492796
0.0483095
0.0473849
0.0465066
0.0456749
0.0448904
0.0441536
0.043465
0.042825
0.0422346
0.0416948
0.041207
0.0407735
0.0403969
0.0400812
0.0398315
0.0396546
0.0395596
0.961693
0.892186
0.829087
0.77173
0.719526
0.671947
0.628525
0.588844
0.552531
0.519255
0.488718
0.460658
0.434836
0.411042
0.389086
0.368798
0.350025
0.332631
0.316493
0.3015
0.287553
0.274562
0.262445
0.25113
0.240551
0.230647
0.221364
0.212654
0.204471
0.196774
0.189527
0.182695
0.176249
0.170159
0.164401
0.158949
0.153784
0.148885
0.144233
0.139812
0.135607
0.131603
0.127787
0.124146
0.12067
0.117347
0.114169
0.111126
0.108209
0.10541
0.102723
0.10014
0.0976541
0.0952598
0.0929512
0.0907227
0.0885694
0.0864863
0.0844689
0.082513
0.0806147
0.0787703
0.0769763
0.0752296
0.0735276
0.0718677
0.0702478
0.0686661
0.0671212
0.0656119
0.0641377
0.062698
0.0612929
0.0599226
0.0585878
0.0572891
0.0560275
0.0548041
0.0536201
0.0524766
0.0513748
0.0503158
0.0493007
0.0483302
0.0474052
0.0465263
0.0456941
0.044909
0.0441716
0.0434823
0.0428417
0.0422506
0.0417102
0.0412218
0.0407877
0.0404106
0.0400944
0.0398444
0.0396672
0.039572
0.961693
0.892186
0.829087
0.77173
0.719526
0.671947
0.628525
0.588844
0.552531
0.519255
0.488719
0.460658
0.434837
0.411042
0.389086
0.368798
0.350025
0.332632
0.316494
0.301501
0.287554
0.274562
0.262446
0.251131
0.240552
0.230648
0.221366
0.212655
0.204472
0.196775
0.189528
0.182697
0.176251
0.170161
0.164403
0.158952
0.153787
0.148887
0.144236
0.139815
0.13561
0.131606
0.12779
0.12415
0.120674
0.117352
0.114174
0.111131
0.108214
0.105416
0.102729
0.100146
0.0976609
0.095267
0.0929588
0.0907308
0.0885779
0.0864953
0.0844785
0.0825232
0.0806255
0.0787817
0.0769883
0.0752424
0.0735411
0.0718819
0.0702627
0.0686816
0.0671374
0.0656288
0.0641552
0.0627161
0.0613116
0.0599418
0.0586073
0.0573089
0.0560476
0.0548243
0.0536404
0.0524969
0.051395
0.0503358
0.0493203
0.0483495
0.047424
0.0465447
0.0457119
0.0449263
0.0441883
0.0434984
0.0428572
0.0422655
0.0417245
0.0412356
0.0408009
0.0404234
0.0401068
0.0398563
0.0396789
0.0395836
0.961693
0.892186
0.829087
0.77173
0.719526
0.671947
0.628525
0.588844
0.552531
0.519255
0.488719
0.460658
0.434837
0.411043
0.389086
0.368798
0.350026
0.332632
0.316494
0.301501
0.287554
0.274563
0.262447
0.251132
0.240553
0.230649
0.221367
0.212656
0.204473
0.196777
0.18953
0.182699
0.176252
0.170163
0.164405
0.158954
0.153789
0.14889
0.144239
0.139818
0.135613
0.13161
0.127794
0.124154
0.120678
0.117356
0.114178
0.111135
0.108219
0.105421
0.102735
0.100152
0.0976671
0.0952736
0.0929658
0.0907382
0.0885858
0.0865037
0.0844874
0.0825327
0.0806355
0.0787922
0.0769995
0.0752542
0.0735535
0.0718949
0.0702764
0.068696
0.0671524
0.0656444
0.0641714
0.0627329
0.0613288
0.0599595
0.0586254
0.0573273
0.0560662
0.0548431
0.0536591
0.0525156
0.0514136
0.0503542
0.0493385
0.0483673
0.0474415
0.0465617
0.0457284
0.0449423
0.0442037
0.0435133
0.0428716
0.0422793
0.0417377
0.0412483
0.0408132
0.0404352
0.0401182
0.0398674
0.0396898
0.0395942
0.961693
0.892186
0.829087
0.77173
0.719526
0.671947
0.628525
0.588844
0.552531
0.519255
0.488719
0.460658
0.434837
0.411043
0.389087
0.368798
0.350026
0.332632
0.316494
0.301502
0.287555
0.274564
0.262447
0.251133
0.240553
0.23065
0.221368
0.212657
0.204474
0.196778
0.189531
0.1827
0.176254
0.170165
0.164407
0.158956
0.153791
0.148892
0.144241
0.139821
0.135616
0.131612
0.127797
0.124157
0.120681
0.11736
0.114182
0.11114
0.108224
0.105426
0.10274
0.100157
0.0976728
0.0952796
0.0929722
0.0907451
0.0885931
0.0865114
0.0844955
0.0825413
0.0806446
0.0788019
0.0770097
0.075265
0.0735648
0.0719069
0.0702889
0.0687092
0.0671661
0.0656587
0.0641862
0.0627482
0.0613446
0.0599756
0.0586419
0.0573441
0.0560832
0.0548602
0.0536763
0.0525328
0.0514306
0.0503711
0.0493551
0.0483837
0.0474575
0.0465772
0.0457436
0.044957
0.0442179
0.043527
0.0428847
0.042292
0.0417499
0.04126
0.0408244
0.040446
0.0401286
0.0398776
0.0396997
0.039604
0.961693
0.892186
0.829087
0.77173
0.719526
0.671947
0.628525
0.588844
0.552531
0.519255
0.488719
0.460658
0.434837
0.411043
0.389087
0.368799
0.350026
0.332633
0.316495
0.301502
0.287555
0.274564
0.262448
0.251133
0.240554
0.230651
0.221368
0.212658
0.204475
0.196779
0.189532
0.182701
0.176256
0.170166
0.164408
0.158958
0.153793
0.148894
0.144243
0.139823
0.135619
0.131615
0.1278
0.12416
0.120685
0.117363
0.114186
0.111144
0.108228
0.10543
0.102744
0.100162
0.0976779
0.0952851
0.092978
0.0907512
0.0885996
0.0865183
0.0845029
0.0825491
0.0806529
0.0788107
0.077019
0.0752747
0.0735751
0.0719177
0.0703003
0.0687211
0.0671786
0.0656717
0.0641996
0.0627621
0.0613589
0.0599903
0.0586569
0.0573593
0.0560986
0.0548757
0.0536919
0.0525483
0.0514461
0.0503864
0.0493702
0.0483985
0.047472
0.0465914
0.0457573
0.0449703
0.0442308
0.0435393
0.0428966
0.0423034
0.0417609
0.0412706
0.0408346
0.0404558
0.0401381
0.0398868
0.0397087
0.0396129
0.961693
0.892186
0.829087
0.77173
0.719526
0.671947
0.628525
0.588844
0.552531
0.519255
0.488719
0.460658
0.434837
0.411043
0.389087
0.368799
0.350026
0.332633
0.316495
0.301502
0.287556
0.274565
0.262448
0.251134
0.240555
0.230651
0.221369
0.212659
0.204476
0.19678
0.189534
0.182703
0.176257
0.170168
0.16441
0.158959
0.153795
0.148896
0.144245
0.139825
0.135621
0.131618
0.127802
0.124163
0.120688
0.117366
0.114189
0.111147
0.108231
0.105434
0.102748
0.100167
0.0976826
0.09529
0.0929832
0.0907568
0.0886055
0.0865246
0.0845095
0.0825561
0.0806603
0.0788185
0.0770272
0.0752835
0.0735843
0.0719274
0.0703105
0.0687317
0.0671897
0.0656832
0.0642117
0.0627745
0.0613717
0.0600034
0.0586703
0.0573729
0.0561124
0.0548896
0.0537059
0.0525622
0.05146
0.0504001
0.0493837
0.0484117
0.0474849
0.046604
0.0457696
0.0449822
0.0442423
0.0435504
0.0429073
0.0423137
0.0417708
0.0412801
0.0408437
0.0404646
0.0401466
0.039895
0.0397167
0.0396208
0.961693
0.892186
0.829087
0.77173
0.719526
0.671947
0.628525
0.588844
0.552531
0.519255
0.488719
0.460658
0.434837
0.411043
0.389087
0.368799
0.350027
0.332633
0.316495
0.301503
0.287556
0.274565
0.262449
0.251134
0.240555
0.230652
0.22137
0.21266
0.204477
0.196781
0.189535
0.182704
0.176258
0.170169
0.164411
0.158961
0.153796
0.148898
0.144247
0.139827
0.135623
0.13162
0.127804
0.124165
0.12069
0.117369
0.114192
0.11115
0.108235
0.105438
0.102752
0.10017
0.0976866
0.0952943
0.0929878
0.0907616
0.0886106
0.08653
0.0845153
0.0825622
0.0806668
0.0788254
0.0770345
0.0752911
0.0735924
0.0719359
0.0703194
0.0687411
0.0671995
0.0656934
0.0642222
0.0627854
0.0613829
0.060015
0.0586821
0.0573849
0.0561245
0.0549019
0.0537181
0.0525745
0.0514721
0.0504122
0.0493956
0.0484234
0.0474964
0.0466152
0.0457804
0.0449926
0.0442524
0.0435602
0.0429167
0.0423227
0.0417794
0.0412884
0.0408517
0.0404723
0.0401541
0.0399023
0.0397238
0.0396278
0.961693
0.892186
0.829087
0.77173
0.719526
0.671947
0.628525
0.588844
0.552531
0.519255
0.488719
0.460658
0.434837
0.411043
0.389087
0.368799
0.350027
0.332633
0.316496
0.301503
0.287556
0.274565
0.262449
0.251135
0.240556
0.230653
0.221371
0.212661
0.204478
0.196782
0.189535
0.182705
0.176259
0.17017
0.164412
0.158962
0.153798
0.148899
0.144248
0.139829
0.135624
0.131621
0.127806
0.124167
0.120692
0.117371
0.114194
0.111153
0.108237
0.105441
0.102755
0.100174
0.0976901
0.0952981
0.0929918
0.0907658
0.0886151
0.0865347
0.0845203
0.0825675
0.0806724
0.0788313
0.0770408
0.0752978
0.0735994
0.0719433
0.0703271
0.0687491
0.0672079
0.0657022
0.0642313
0.0627948
0.0613926
0.0600249
0.0586922
0.0573953
0.056135
0.0549124
0.0537287
0.0525851
0.0514827
0.0504226
0.0494059
0.0484335
0.0475062
0.0466248
0.0457898
0.0450017
0.0442611
0.0435686
0.0429248
0.0423305
0.0417869
0.0412956
0.0408586
0.0404789
0.0401605
0.0399085
0.0397299
0.0396338
0.961693
0.892186
0.829087
0.77173
0.719526
0.671947
0.628525
0.588844
0.552531
0.519255
0.488719
0.460658
0.434837
0.411043
0.389087
0.368799
0.350027
0.332633
0.316496
0.301503
0.287556
0.274566
0.26245
0.251135
0.240556
0.230653
0.221371
0.212661
0.204479
0.196783
0.189536
0.182705
0.17626
0.170171
0.164413
0.158963
0.153799
0.1489
0.14425
0.13983
0.135626
0.131623
0.127808
0.124169
0.120694
0.117373
0.114196
0.111155
0.10824
0.105443
0.102758
0.100177
0.0976931
0.0953012
0.0929951
0.0907693
0.0886188
0.0865387
0.0845245
0.0825719
0.0806771
0.0788363
0.077046
0.0753033
0.0736053
0.0719494
0.0703336
0.0687559
0.067215
0.0657096
0.064239
0.0628027
0.0614008
0.0600333
0.0587008
0.057404
0.0561438
0.0549213
0.0537376
0.052594
0.0514915
0.0504313
0.0494145
0.048442
0.0475145
0.0466328
0.0457976
0.0450093
0.0442685
0.0435757
0.0429316
0.0423371
0.0417932
0.0413016
0.0408644
0.0404845
0.0401659
0.0399137
0.039735
0.0396388
0.961693
0.892186
0.829087
0.77173
0.719526
0.671947
0.628525
0.588844
0.552531
0.519255
0.488719
0.460659
0.434837
0.411043
0.389087
0.368799
0.350027
0.332634
0.316496
0.301503
0.287557
0.274566
0.26245
0.251135
0.240557
0.230653
0.221371
0.212662
0.204479
0.196783
0.189537
0.182706
0.17626
0.170172
0.164414
0.158964
0.153799
0.148901
0.144251
0.139831
0.135627
0.131624
0.127809
0.12417
0.120695
0.117375
0.114198
0.111156
0.108241
0.105445
0.10276
0.100179
0.0976954
0.0953037
0.0929977
0.0907721
0.0886218
0.0865418
0.0845278
0.0825755
0.0806809
0.0788403
0.0770503
0.0753078
0.07361
0.0719544
0.0703388
0.0687614
0.0672207
0.0657155
0.0642451
0.0628091
0.0614073
0.06004
0.0587077
0.057411
0.0561509
0.0549284
0.0537448
0.0526011
0.0514986
0.0504384
0.0494215
0.0484488
0.0475212
0.0466394
0.0458039
0.0450154
0.0442744
0.0435814
0.0429371
0.0423423
0.0417982
0.0413064
0.040869
0.040489
0.0401702
0.0399179
0.0397391
0.0396428
0.961693
0.892186
0.829087
0.77173
0.719526
0.671947
0.628525
0.588844
0.552531
0.519255
0.488719
0.460659
0.434837
0.411043
0.389087
0.368799
0.350027
0.332634
0.316496
0.301504
0.287557
0.274566
0.26245
0.251136
0.240557
0.230654
0.221372
0.212662
0.204479
0.196783
0.189537
0.182707
0.176261
0.170172
0.164415
0.158964
0.1538
0.148902
0.144251
0.139832
0.135628
0.131625
0.12781
0.124171
0.120697
0.117376
0.114199
0.111158
0.108243
0.105446
0.102761
0.10018
0.0976972
0.0953055
0.0929997
0.0907742
0.088624
0.0865442
0.0845304
0.0825782
0.0806837
0.0788433
0.0770534
0.0753111
0.0736135
0.0719581
0.0703427
0.0687655
0.067225
0.06572
0.0642498
0.0628139
0.0614123
0.0600451
0.0587129
0.0574163
0.0561563
0.0549339
0.0537503
0.0526066
0.051504
0.0504438
0.0494268
0.048454
0.0475263
0.0466443
0.0458087
0.04502
0.0442788
0.0435857
0.0429412
0.0423463
0.041802
0.0413101
0.0408725
0.0404923
0.0401734
0.039921
0.0397421
0.0396458
0.961693
0.892186
0.829087
0.77173
0.719526
0.671947
0.628525
0.588844
0.552531
0.519255
0.488719
0.460659
0.434837
0.411043
0.389087
0.3688
0.350027
0.332634
0.316496
0.301504
0.287557
0.274566
0.26245
0.251136
0.240557
0.230654
0.221372
0.212662
0.20448
0.196784
0.189537
0.182707
0.176261
0.170173
0.164415
0.158965
0.153801
0.148902
0.144252
0.139832
0.135628
0.131626
0.127811
0.124172
0.120697
0.117377
0.1142
0.111159
0.108244
0.105447
0.102762
0.100182
0.0976984
0.0953068
0.093001
0.0907756
0.0886255
0.0865458
0.0845321
0.08258
0.0806856
0.0788453
0.0770556
0.0753134
0.0736159
0.0719606
0.0703454
0.0687683
0.0672279
0.065723
0.064253
0.0628172
0.0614157
0.0600486
0.0587164
0.0574199
0.0561599
0.0549376
0.053754
0.0526103
0.0515077
0.0504474
0.0494304
0.0484575
0.0475297
0.0466476
0.0458119
0.0450232
0.0442819
0.0435886
0.042944
0.0423489
0.0418046
0.0413125
0.0408749
0.0404946
0.0401756
0.0399231
0.0397442
0.0396478
0.961693
0.892186
0.829087
0.77173
0.719526
0.671947
0.628525
0.588844
0.552531
0.519255
0.488719
0.460659
0.434837
0.411043
0.389087
0.3688
0.350027
0.332634
0.316496
0.301504
0.287557
0.274566
0.26245
0.251136
0.240557
0.230654
0.221372
0.212662
0.20448
0.196784
0.189537
0.182707
0.176261
0.170173
0.164415
0.158965
0.153801
0.148903
0.144252
0.139833
0.135629
0.131626
0.127811
0.124172
0.120698
0.117377
0.114201
0.111159
0.108244
0.105448
0.102763
0.100182
0.097699
0.0953074
0.0930017
0.0907764
0.0886263
0.0865466
0.0845329
0.0825809
0.0806866
0.0788463
0.0770567
0.0753146
0.0736172
0.0719619
0.0703467
0.0687697
0.0672294
0.0657246
0.0642546
0.0628189
0.0614175
0.0600504
0.0587183
0.0574218
0.0561619
0.0549395
0.0537559
0.0526122
0.0515097
0.0504493
0.0494322
0.0484594
0.0475315
0.0466494
0.0458137
0.0450248
0.0442834
0.0435901
0.0429454
0.0423503
0.0418059
0.0413138
0.0408761
0.0404957
0.0401766
0.0399241
0.0397452
0.0396488
0.961693
0.892186
0.829087
0.77173
0.719526
0.671947
0.628525
0.588844
0.552531
0.519255
0.488719
0.460659
0.434837
0.411043
0.389087
0.3688
0.350027
0.332634
0.316496
0.301504
0.287557
0.274566
0.26245
0.251136
0.240557
0.230654
0.221372
0.212662
0.20448
0.196784
0.189537
0.182707
0.176261
0.170173
0.164415
0.158965
0.153801
0.148903
0.144252
0.139833
0.135629
0.131626
0.127811
0.124172
0.120698
0.117377
0.114201
0.111159
0.108244
0.105448
0.102763
0.100182
0.097699
0.0953074
0.0930017
0.0907764
0.0886263
0.0865467
0.084533
0.0825809
0.0806866
0.0788464
0.0770568
0.0753146
0.0736172
0.071962
0.0703468
0.0687698
0.0672295
0.0657248
0.0642548
0.0628191
0.0614176
0.0600506
0.0587185
0.057422
0.0561621
0.0549397
0.0537561
0.0526125
0.0515099
0.0504495
0.0494325
0.0484596
0.0475317
0.0466496
0.0458138
0.045025
0.0442836
0.0435902
0.0429455
0.0423504
0.0418059
0.0413138
0.0408761
0.0404957
0.0401766
0.0399241
0.0397451
0.0396487
0.961693
0.892186
0.829087
0.77173
0.719526
0.671947
0.628525
0.588844
0.552531
0.519255
0.488719
0.460659
0.434837
0.411043
0.389087
0.3688
0.350027
0.332634
0.316496
0.301504
0.287557
0.274566
0.26245
0.251136
0.240557
0.230654
0.221372
0.212662
0.20448
0.196784
0.189537
0.182707
0.176261
0.170173
0.164415
0.158965
0.153801
0.148902
0.144252
0.139832
0.135628
0.131626
0.127811
0.124172
0.120697
0.117377
0.1142
0.111159
0.108244
0.105447
0.102762
0.100182
0.0976984
0.0953068
0.0930011
0.0907757
0.0886256
0.0865459
0.0845322
0.0825801
0.0806858
0.0788455
0.0770558
0.0753136
0.0736162
0.0719609
0.0703457
0.0687686
0.0672282
0.0657234
0.0642534
0.0628177
0.0614162
0.0600491
0.058717
0.0574205
0.0561605
0.0549382
0.0537546
0.0526109
0.0515084
0.050448
0.049431
0.0484581
0.0475303
0.0466482
0.0458124
0.0450236
0.0442822
0.0435889
0.0429443
0.0423492
0.0418047
0.0413126
0.0408749
0.0404946
0.0401755
0.039923
0.039744
0.0396477
0.961693
0.892186
0.829087
0.77173
0.719526
0.671947
0.628525
0.588844
0.552531
0.519255
0.488719
0.460659
0.434837
0.411043
0.389087
0.368799
0.350027
0.332634
0.316496
0.301504
0.287557
0.274566
0.26245
0.251136
0.240557
0.230654
0.221372
0.212662
0.204479
0.196783
0.189537
0.182707
0.176261
0.170172
0.164415
0.158964
0.1538
0.148902
0.144251
0.139832
0.135628
0.131625
0.12781
0.124171
0.120697
0.117376
0.114199
0.111158
0.108243
0.105446
0.102761
0.10018
0.0976972
0.0953056
0.0929998
0.0907743
0.0886241
0.0865444
0.0845305
0.0825784
0.0806839
0.0788435
0.0770537
0.0753115
0.0736139
0.0719585
0.0703432
0.068766
0.0672256
0.0657207
0.0642505
0.0628147
0.0614132
0.060046
0.0587138
0.0574173
0.0561573
0.0549349
0.0537513
0.0526077
0.0515051
0.0504448
0.0494278
0.048455
0.0475272
0.0466451
0.0458095
0.0450207
0.0442795
0.0435862
0.0429416
0.0423466
0.0418023
0.0413102
0.0408726
0.0404923
0.0401733
0.0399209
0.0397419
0.0396456
0.961693
0.892186
0.829087
0.77173
0.719526
0.671947
0.628525
0.588844
0.552531
0.519255
0.488719
0.460659
0.434837
0.411043
0.389087
0.368799
0.350027
0.332634
0.316496
0.301503
0.287557
0.274566
0.26245
0.251135
0.240557
0.230653
0.221371
0.212662
0.204479
0.196783
0.189537
0.182706
0.17626
0.170172
0.164414
0.158964
0.153799
0.148901
0.144251
0.139831
0.135627
0.131624
0.127809
0.12417
0.120695
0.117375
0.114198
0.111156
0.108241
0.105445
0.10276
0.100179
0.0976955
0.0953037
0.0929978
0.0907722
0.0886219
0.086542
0.0845281
0.0825758
0.0806812
0.0788406
0.0770507
0.0753083
0.0736105
0.071955
0.0703395
0.0687621
0.0672215
0.0657165
0.0642462
0.0628102
0.0614085
0.0600413
0.058709
0.0574124
0.0561523
0.0549299
0.0537463
0.0526026
0.0515001
0.0504399
0.0494229
0.0484502
0.0475225
0.0466406
0.045805
0.0450164
0.0442752
0.0435821
0.0429377
0.0423428
0.0417986
0.0413066
0.0408691
0.040489
0.0401701
0.0399177
0.0397388
0.0396425
0.961693
0.892186
0.829087
0.77173
0.719526
0.671947
0.628525
0.588844
0.552531
0.519255
0.488719
0.460658
0.434837
0.411043
0.389087
0.368799
0.350027
0.332633
0.316496
0.301503
0.287556
0.274566
0.26245
0.251135
0.240556
0.230653
0.221371
0.212661
0.204479
0.196783
0.189536
0.182705
0.17626
0.170171
0.164413
0.158963
0.153799
0.1489
0.14425
0.13983
0.135626
0.131623
0.127808
0.124169
0.120694
0.117373
0.114196
0.111155
0.10824
0.105443
0.102758
0.100177
0.0976932
0.0953013
0.0929952
0.0907695
0.088619
0.0865389
0.0845248
0.0825723
0.0806775
0.0788367
0.0770466
0.0753039
0.073606
0.0719502
0.0703345
0.0687569
0.0672161
0.0657108
0.0642403
0.0628042
0.0614023
0.0600349
0.0587025
0.0574058
0.0561457
0.0549232
0.0537396
0.0525959
0.0514934
0.0504332
0.0494164
0.0484437
0.0475162
0.0466344
0.045799
0.0450106
0.0442696
0.0435766
0.0429324
0.0423377
0.0417936
0.0413019
0.0408645
0.0404845
0.0401657
0.0399135
0.0397347
0.0396384
0.961693
0.892186
0.829087
0.77173
0.719526
0.671947
0.628525
0.588844
0.552531
0.519255
0.488719
0.460658
0.434837
0.411043
0.389087
0.368799
0.350027
0.332633
0.316496
0.301503
0.287556
0.274565
0.262449
0.251135
0.240556
0.230653
0.221371
0.212661
0.204478
0.196782
0.189535
0.182705
0.176259
0.17017
0.164412
0.158962
0.153798
0.148899
0.144248
0.139829
0.135624
0.131621
0.127806
0.124167
0.120692
0.117371
0.114194
0.111153
0.108237
0.105441
0.102755
0.100174
0.0976902
0.0952982
0.0929919
0.090766
0.0886153
0.086535
0.0845207
0.0825679
0.0806729
0.0788319
0.0770415
0.0752985
0.0736003
0.0719443
0.0703282
0.0687504
0.0672093
0.0657037
0.064233
0.0627966
0.0613945
0.0600269
0.0586944
0.0573975
0.0561373
0.0549148
0.0537311
0.0525875
0.051485
0.0504249
0.0494081
0.0484357
0.0475083
0.0466267
0.0457915
0.0450032
0.0442625
0.0435698
0.0429258
0.0423313
0.0417875
0.0412959
0.0408588
0.0404789
0.0401603
0.0399082
0.0397295
0.0396333
0.961693
0.892186
0.829087
0.77173
0.719526
0.671947
0.628525
0.588844
0.552531
0.519255
0.488719
0.460658
0.434837
0.411043
0.389087
0.368799
0.350027
0.332633
0.316495
0.301503
0.287556
0.274565
0.262449
0.251134
0.240555
0.230652
0.22137
0.21266
0.204477
0.196781
0.189535
0.182704
0.176258
0.170169
0.164411
0.158961
0.153796
0.148898
0.144247
0.139827
0.135623
0.13162
0.127804
0.124165
0.12069
0.117369
0.114192
0.11115
0.108235
0.105438
0.102752
0.100171
0.0976868
0.0952945
0.092988
0.0907619
0.0886109
0.0865304
0.0845157
0.0825627
0.0806674
0.0788261
0.0770353
0.0752921
0.0735935
0.0719371
0.0703207
0.0687426
0.0672011
0.0656952
0.0642242
0.0627875
0.0613852
0.0600174
0.0586846
0.0573876
0.0561272
0.0549046
0.0537209
0.0525773
0.0514749
0.0504149
0.0493983
0.048426
0.0474988
0.0466174
0.0457824
0.0449945
0.044254
0.0435616
0.0429178
0.0423236
0.0417801
0.0412888
0.0408519
0.0404723
0.0401538
0.0399019
0.0397233
0.0396272
0.961693
0.892186
0.829087
0.77173
0.719526
0.671947
0.628525
0.588844
0.552531
0.519255
0.488719
0.460658
0.434837
0.411043
0.389087
0.368799
0.350026
0.332633
0.316495
0.301502
0.287556
0.274565
0.262448
0.251134
0.240555
0.230651
0.221369
0.212659
0.204476
0.19678
0.189534
0.182703
0.176257
0.170168
0.16441
0.158959
0.153795
0.148896
0.144245
0.139825
0.135621
0.131618
0.127802
0.124163
0.120688
0.117366
0.114189
0.111147
0.108231
0.105434
0.102748
0.100167
0.0976827
0.0952902
0.0929835
0.0907571
0.0886058
0.086525
0.08451
0.0825567
0.080661
0.0788193
0.0770282
0.0752845
0.0735856
0.0719288
0.070312
0.0687334
0.0671916
0.0656853
0.0642139
0.0627769
0.0613743
0.0600062
0.0586732
0.057376
0.0561155
0.0548928
0.0537091
0.0525655
0.0514632
0.0504033
0.0493868
0.0484147
0.0474877
0.0466066
0.0457719
0.0449843
0.0442441
0.043552
0.0429086
0.0423147
0.0417715
0.0412805
0.0408439
0.0404645
0.0401463
0.0398946
0.0397162
0.0396202
0.961693
0.892186
0.829087
0.77173
0.719526
0.671947
0.628525
0.588844
0.552531
0.519255
0.488719
0.460658
0.434837
0.411043
0.389087
0.368799
0.350026
0.332633
0.316495
0.301502
0.287555
0.274564
0.262448
0.251133
0.240554
0.230651
0.221368
0.212658
0.204475
0.196779
0.189532
0.182701
0.176256
0.170166
0.164408
0.158958
0.153793
0.148894
0.144243
0.139823
0.135619
0.131615
0.1278
0.12416
0.120685
0.117363
0.114186
0.111144
0.108228
0.10543
0.102744
0.100162
0.0976781
0.0952854
0.0929783
0.0907516
0.0886
0.0865188
0.0845035
0.0825498
0.0806537
0.0788116
0.07702
0.075276
0.0735765
0.0719193
0.0703021
0.068723
0.0671807
0.0656741
0.0642022
0.0627649
0.0613619
0.0599935
0.0586602
0.0573628
0.0561021
0.0548794
0.0536956
0.052552
0.0514498
0.05039
0.0493737
0.0484018
0.0474751
0.0465943
0.04576
0.0449727
0.0442329
0.0435411
0.0428981
0.0423046
0.0417617
0.0412711
0.0408348
0.0404557
0.0401378
0.0398863
0.039708
0.0396122
0.961693
0.892186
0.829087
0.77173
0.719526
0.671947
0.628525
0.588844
0.552531
0.519255
0.488719
0.460658
0.434837
0.411043
0.389087
0.368798
0.350026
0.332632
0.316494
0.301502
0.287555
0.274564
0.262447
0.251133
0.240553
0.23065
0.221368
0.212657
0.204474
0.196778
0.189531
0.1827
0.176254
0.170165
0.164407
0.158956
0.153791
0.148892
0.144241
0.139821
0.135616
0.131613
0.127797
0.124157
0.120681
0.11736
0.114182
0.11114
0.108224
0.105426
0.10274
0.100158
0.097673
0.0952799
0.0929725
0.0907455
0.0885935
0.086512
0.0844962
0.0825421
0.0806455
0.078803
0.0770109
0.0752664
0.0735664
0.0719087
0.0702909
0.0687114
0.0671686
0.0656614
0.0641891
0.0627513
0.0613479
0.0599792
0.0586456
0.057348
0.0560872
0.0548643
0.0536805
0.0525369
0.0514347
0.0503751
0.049359
0.0483874
0.047461
0.0465805
0.0457466
0.0449596
0.0442203
0.0435289
0.0428863
0.0422932
0.0417508
0.0412605
0.0408246
0.0404459
0.0401283
0.039877
0.0396989
0.0396032
0.961693
0.892186
0.829087
0.77173
0.719526
0.671947
0.628525
0.588844
0.552531
0.519255
0.488719
0.460658
0.434837
0.411043
0.389086
0.368798
0.350026
0.332632
0.316494
0.301501
0.287554
0.274563
0.262447
0.251132
0.240553
0.230649
0.221367
0.212656
0.204473
0.196777
0.18953
0.182699
0.176252
0.170163
0.164405
0.158954
0.153789
0.14889
0.144239
0.139818
0.135613
0.13161
0.127794
0.124154
0.120678
0.117356
0.114178
0.111136
0.108219
0.105421
0.102735
0.100152
0.0976673
0.0952739
0.0929662
0.0907387
0.0885864
0.0865044
0.0844882
0.0825336
0.0806365
0.0787934
0.0770009
0.0752557
0.0735553
0.0718969
0.0702786
0.0686985
0.0671551
0.0656474
0.0641746
0.0627364
0.0613325
0.0599634
0.0586295
0.0573316
0.0560706
0.0548476
0.0536637
0.0525202
0.0514181
0.0503587
0.0493428
0.0483714
0.0474454
0.0465653
0.0457317
0.0449453
0.0442063
0.0435155
0.0428733
0.0422807
0.0417387
0.0412489
0.0408134
0.040435
0.0401178
0.0398668
0.0396889
0.0395933
0.961693
0.892186
0.829087
0.77173
0.719526
0.671947
0.628525
0.588844
0.552531
0.519255
0.488719
0.460658
0.434837
0.411042
0.389086
0.368798
0.350025
0.332632
0.316494
0.301501
0.287554
0.274562
0.262446
0.251131
0.240552
0.230648
0.221366
0.212655
0.204472
0.196775
0.189528
0.182697
0.176251
0.170161
0.164403
0.158952
0.153787
0.148887
0.144236
0.139815
0.13561
0.131606
0.12779
0.12415
0.120674
0.117352
0.114174
0.111131
0.108214
0.105416
0.102729
0.100146
0.0976611
0.0952673
0.0929592
0.0907313
0.0885785
0.0864961
0.0844794
0.0825242
0.0806267
0.078783
0.0769899
0.0752441
0.073543
0.0718841
0.0702652
0.0686844
0.0671405
0.0656322
0.0641588
0.06272
0.0613157
0.0599462
0.0586119
0.0573137
0.0560525
0.0548294
0.0536455
0.0525019
0.0514
0.0503407
0.0493251
0.048354
0.0474283
0.0465486
0.0457155
0.0449295
0.0441911
0.0435008
0.0428591
0.042267
0.0417255
0.0412362
0.0408011
0.0404232
0.0401063
0.0398556
0.039678
0.0395825
0.961693
0.892186
0.829087
0.77173
0.719526
0.671947
0.628525
0.588844
0.552531
0.519255
0.488718
0.460658
0.434836
0.411042
0.389086
0.368798
0.350025
0.332631
0.316493
0.3015
0.287553
0.274562
0.262445
0.25113
0.240551
0.230647
0.221364
0.212654
0.204471
0.196774
0.189527
0.182695
0.176249
0.170159
0.164401
0.158949
0.153784
0.148885
0.144233
0.139812
0.135607
0.131603
0.127787
0.124146
0.12067
0.117348
0.114169
0.111126
0.108209
0.105411
0.102723
0.10014
0.0976544
0.0952602
0.0929517
0.0907233
0.0885701
0.0864871
0.0844699
0.0825142
0.080616
0.0787717
0.076978
0.0752316
0.0735298
0.0718702
0.0702506
0.0686692
0.0671245
0.0656156
0.0641416
0.0627023
0.0612975
0.0599275
0.0585928
0.0572943
0.0560329
0.0548096
0.0536256
0.0524821
0.0513803
0.0503212
0.0493059
0.0483352
0.0474099
0.0465306
0.045698
0.0449125
0.0441746
0.0434849
0.0428438
0.0422522
0.0417113
0.0412225
0.0407879
0.0404104
0.0400939
0.0398435
0.0396661
0.0395708
0.961693
0.892186
0.829087
0.77173
0.719526
0.671947
0.628525
0.588844
0.552531
0.519255
0.488718
0.460658
0.434836
0.411042
0.389086
0.368797
0.350025
0.332631
0.316493
0.3015
0.287552
0.274561
0.262444
0.251129
0.24055
0.230646
0.221363
0.212652
0.204469
0.196772
0.189525
0.182693
0.176247
0.170157
0.164398
0.158947
0.153781
0.148882
0.14423
0.139809
0.135604
0.131599
0.127783
0.124142
0.120665
0.117343
0.114164
0.111121
0.108203
0.105405
0.102717
0.100133
0.0976473
0.0952526
0.0929436
0.0907147
0.088561
0.0864775
0.0844597
0.0825033
0.0806046
0.0787596
0.0769652
0.0752181
0.0735156
0.0718552
0.0702349
0.0686527
0.0671074
0.0655978
0.0641232
0.0626832
0.0612778
0.0599074
0.0585723
0.0572735
0.0560118
0.0547883
0.0536043
0.0524609
0.0513592
0.0503003
0.0492852
0.0483149
0.04739
0.0465113
0.0456792
0.0448942
0.0441569
0.0434678
0.0428273
0.0422363
0.041696
0.0412077
0.0407736
0.0403966
0.0400805
0.0398305
0.0396534
0.0395583
0.961693
0.892186
0.829087
0.77173
0.719526
0.671947
0.628525
0.588844
0.552531
0.519255
0.488718
0.460658
0.434836
0.411042
0.389085
0.368797
0.350024
0.33263
0.316492
0.301499
0.287552
0.27456
0.262443
0.251128
0.240549
0.230645
0.221362
0.212651
0.204467
0.19677
0.189523
0.182691
0.176245
0.170155
0.164396
0.158944
0.153778
0.148879
0.144227
0.139806
0.1356
0.131595
0.127778
0.124137
0.120661
0.117338
0.114159
0.111115
0.108197
0.105398
0.10271
0.100126
0.0976396
0.0952445
0.092935
0.0907056
0.0885513
0.0864672
0.0844488
0.0824918
0.0805923
0.0787467
0.0769515
0.0752037
0.0735004
0.0718393
0.0702181
0.0686352
0.0670891
0.0655788
0.0641034
0.0626628
0.0612569
0.0598859
0.0585504
0.0572512
0.0559892
0.0547656
0.0535816
0.0524381
0.0513366
0.0502779
0.0492632
0.0482932
0.0473688
0.0464906
0.0456591
0.0448747
0.0441381
0.0434495
0.0428097
0.0422194
0.0416796
0.041192
0.0407585
0.040382
0.0400663
0.0398167
0.0396399
0.039545
0.961693
0.892186
0.829087
0.77173
0.719526
0.671947
0.628525
0.588844
0.552531
0.519255
0.488718
0.460658
0.434836
0.411042
0.389085
0.368797
0.350024
0.33263
0.316491
0.301498
0.287551
0.274559
0.262442
0.251127
0.240547
0.230643
0.22136
0.212649
0.204466
0.196769
0.189521
0.182689
0.176242
0.170152
0.164393
0.158941
0.153775
0.148875
0.144223
0.139802
0.135596
0.131591
0.127774
0.124133
0.120656
0.117332
0.114153
0.111109
0.108191
0.105391
0.102703
0.100118
0.0976315
0.0952359
0.0929258
0.0906959
0.088541
0.0864563
0.0844372
0.0824795
0.0805794
0.078733
0.076937
0.0751884
0.0734843
0.0718223
0.0702004
0.0686166
0.0670697
0.0655586
0.0640825
0.0626412
0.0612346
0.0598631
0.0585271
0.0572275
0.0559653
0.0547415
0.0535574
0.052414
0.0513126
0.0502542
0.0492398
0.0482703
0.0473463
0.0464687
0.0456377
0.0448541
0.0441181
0.0434302
0.0427911
0.0422014
0.0416623
0.0411753
0.0407424
0.0403664
0.0400513
0.0398021
0.0396256
0.0395308
0.961693
0.892186
0.829087
0.77173
0.719526
0.671947
0.628525
0.588844
0.552531
0.519254
0.488718
0.460657
0.434836
0.411041
0.389085
0.368796
0.350023
0.332629
0.316491
0.301498
0.28755
0.274558
0.262441
0.251126
0.240546
0.230642
0.221359
0.212648
0.204464
0.196767
0.189519
0.182687
0.17624
0.170149
0.16439
0.158938
0.153772
0.148872
0.144219
0.139798
0.135592
0.131586
0.127769
0.124128
0.12065
0.117327
0.114147
0.111102
0.108184
0.105384
0.102695
0.10011
0.0976229
0.0952268
0.0929162
0.0906857
0.0885301
0.0864448
0.084425
0.0824666
0.0805657
0.0787185
0.0769217
0.0751722
0.0734673
0.0718044
0.0701816
0.068597
0.0670492
0.0655372
0.0640604
0.0626184
0.0612111
0.059839
0.0585025
0.0572026
0.0559401
0.0547161
0.0535319
0.0523886
0.0512873
0.0502292
0.0492151
0.048246
0.0473226
0.0464455
0.0456153
0.0448322
0.0440969
0.0434098
0.0427714
0.0421825
0.0416441
0.0411577
0.0407254
0.0403501
0.0400354
0.0397866
0.0396105
0.0395159
0.961693
0.892186
0.829087
0.77173
0.719526
0.671947
0.628525
0.588844
0.552531
0.519254
0.488718
0.460657
0.434835
0.411041
0.389085
0.368796
0.350023
0.332629
0.31649
0.301497
0.287549
0.274557
0.26244
0.251125
0.240545
0.23064
0.221357
0.212646
0.204462
0.196765
0.189517
0.182684
0.176237
0.170147
0.164387
0.158935
0.153769
0.148868
0.144216
0.139794
0.135587
0.131582
0.127764
0.124122
0.120645
0.117321
0.114141
0.111096
0.108177
0.105377
0.102687
0.100102
0.0976139
0.0952173
0.0929061
0.090675
0.0885188
0.0864327
0.0844122
0.0824531
0.0805513
0.0787033
0.0769057
0.0751553
0.0734494
0.0717857
0.0701619
0.0685764
0.0670277
0.0655148
0.0640372
0.0625944
0.0611864
0.0598137
0.0584767
0.0571763
0.0559135
0.0546894
0.0535051
0.0523618
0.0512607
0.0502029
0.0491892
0.0482206
0.0472977
0.0464213
0.0455916
0.0448094
0.0440748
0.0433884
0.0427508
0.0421626
0.0416249
0.0411393
0.0407077
0.0403329
0.0400188
0.0397704
0.0395946
0.0395002
0.961693
0.892186
0.829087
0.77173
0.719526
0.671947
0.628525
0.588844
0.552531
0.519254
0.488718
0.460657
0.434835
0.411041
0.389084
0.368796
0.350022
0.332628
0.316489
0.301496
0.287548
0.274556
0.262439
0.251124
0.240543
0.230639
0.221355
0.212644
0.20446
0.196762
0.189514
0.182682
0.176234
0.170144
0.164384
0.158932
0.153765
0.148864
0.144212
0.139789
0.135583
0.131577
0.127759
0.124117
0.120639
0.117315
0.114134
0.111089
0.10817
0.105369
0.102679
0.100093
0.0976046
0.0952073
0.0928955
0.0906638
0.0885069
0.0864201
0.0843989
0.0824389
0.0805363
0.0786874
0.0768889
0.0751376
0.0734308
0.071766
0.0701413
0.0685548
0.0670052
0.0654914
0.0640129
0.0625692
0.0611606
0.0597872
0.0584497
0.0571489
0.0558857
0.0546614
0.0534771
0.0523339
0.051233
0.0501754
0.0491621
0.048194
0.0472717
0.0463959
0.045567
0.0447854
0.0440516
0.0433661
0.0427292
0.0421418
0.0416049
0.04112
0.0406891
0.040315
0.0400014
0.0397535
0.039578
0.0394839
0.961693
0.892186
0.829087
0.771731
0.719526
0.671947
0.628525
0.588844
0.552531
0.519254
0.488718
0.460657
0.434835
0.411041
0.389084
0.368795
0.350022
0.332627
0.316489
0.301495
0.287547
0.274555
0.262438
0.251122
0.240542
0.230637
0.221354
0.212642
0.204458
0.19676
0.189512
0.182679
0.176232
0.170141
0.164381
0.158928
0.153761
0.148861
0.144207
0.139785
0.135578
0.131572
0.127754
0.124111
0.120633
0.117308
0.114127
0.111082
0.108162
0.105361
0.10267
0.100084
0.0975949
0.095197
0.0928846
0.0906521
0.0884946
0.086407
0.084385
0.0824242
0.0805207
0.0786709
0.0768714
0.0751191
0.0734113
0.0717456
0.0701198
0.0685323
0.0669817
0.065467
0.0639875
0.0625431
0.0611336
0.0597596
0.0584215
0.0571203
0.0558568
0.0546323
0.0534479
0.0523048
0.051204
0.0501468
0.0491339
0.0481663
0.0472446
0.0463695
0.0455413
0.0447605
0.0440276
0.0433428
0.0427068
0.0421202
0.0415841
0.0411
0.0406698
0.0402963
0.0399833
0.0397359
0.0395608
0.0394669
0.961693
0.892186
0.829087
0.771731
0.719526
0.671947
0.628525
0.588844
0.552531
0.519254
0.488718
0.460657
0.434835
0.41104
0.389083
0.368795
0.350021
0.332627
0.316488
0.301494
0.287546
0.274554
0.262437
0.251121
0.24054
0.230635
0.221352
0.21264
0.204456
0.196758
0.189509
0.182676
0.176229
0.170137
0.164377
0.158925
0.153758
0.148856
0.144203
0.13978
0.135573
0.131567
0.127748
0.124105
0.120626
0.117302
0.11412
0.111074
0.108154
0.105352
0.102661
0.100074
0.0975848
0.0951863
0.0928732
0.0906401
0.0884818
0.0863934
0.0843706
0.0824089
0.0805045
0.0786538
0.0768533
0.0751
0.0733911
0.0717243
0.0700975
0.068509
0.0669573
0.0654417
0.0639613
0.0625159
0.0611057
0.059731
0.0583923
0.0570906
0.0558268
0.0546021
0.0534176
0.0522746
0.051174
0.0501171
0.0491047
0.0481376
0.0472166
0.0463421
0.0455147
0.0447347
0.0440026
0.0433187
0.0426835
0.0420978
0.0415626
0.0410792
0.0406498
0.040277
0.0399646
0.0397177
0.0395429
0.0394492
0.961693
0.892186
0.829087
0.771731
0.719526
0.671947
0.628525
0.588844
0.552531
0.519254
0.488718
0.460657
0.434835
0.41104
0.389083
0.368794
0.350021
0.332626
0.316487
0.301493
0.287545
0.274553
0.262435
0.251119
0.240539
0.230634
0.22135
0.212638
0.204453
0.196755
0.189507
0.182674
0.176226
0.170134
0.164374
0.158921
0.153754
0.148852
0.144198
0.139775
0.135568
0.131561
0.127742
0.124099
0.12062
0.117295
0.114113
0.111066
0.108146
0.105344
0.102652
0.100065
0.0975744
0.0951753
0.0928615
0.0906277
0.0884686
0.0863794
0.0843557
0.0823932
0.0804879
0.0786361
0.0768346
0.0750802
0.0733703
0.0717024
0.0700745
0.0684849
0.0669322
0.0654155
0.0639341
0.0624879
0.0610768
0.0597014
0.0583621
0.0570599
0.0557958
0.0545709
0.0533863
0.0522433
0.051143
0.0500864
0.0490745
0.048108
0.0471876
0.0463138
0.0454872
0.0447081
0.0439768
0.0432938
0.0426596
0.0420747
0.0415403
0.0410578
0.0406291
0.040257
0.0399453
0.0396989
0.0395245
0.039431
0.961693
0.892186
0.829087
0.771731
0.719526
0.671947
0.628525
0.588844
0.552531
0.519254
0.488717
0.460656
0.434834
0.41104
0.389083
0.368794
0.35002
0.332625
0.316486
0.301492
0.287544
0.274552
0.262434
0.251118
0.240537
0.230632
0.221348
0.212636
0.204451
0.196753
0.189504
0.182671
0.176222
0.170131
0.16437
0.158917
0.153749
0.148848
0.144194
0.13977
0.135563
0.131556
0.127736
0.124093
0.120613
0.117288
0.114106
0.111058
0.108137
0.105335
0.102643
0.100055
0.0975637
0.095164
0.0928495
0.0906149
0.088455
0.0863651
0.0843404
0.082377
0.0804707
0.0786179
0.0768154
0.0750599
0.0733489
0.0716799
0.0700508
0.0684601
0.0669063
0.0653885
0.0639061
0.062459
0.0610471
0.0596709
0.058331
0.0570283
0.0557638
0.0545387
0.0533541
0.0522112
0.0511111
0.0500548
0.0490434
0.0480774
0.0471577
0.0462847
0.045459
0.0446807
0.0439503
0.0432682
0.0426349
0.042051
0.0415174
0.0410357
0.0406079
0.0402365
0.0399254
0.0396795
0.0395055
0.0394123
0.961693
0.892186
0.829087
0.771731
0.719526
0.671947
0.628525
0.588844
0.552531
0.519254
0.488717
0.460656
0.434834
0.411039
0.389082
0.368793
0.350019
0.332624
0.316485
0.301491
0.287543
0.27455
0.262432
0.251116
0.240535
0.23063
0.221346
0.212634
0.204448
0.19675
0.189501
0.182668
0.176219
0.170127
0.164366
0.158913
0.153745
0.148843
0.144189
0.139765
0.135557
0.13155
0.12773
0.124086
0.120607
0.11728
0.114098
0.11105
0.108129
0.105326
0.102633
0.100044
0.0975528
0.0951524
0.0928372
0.0906019
0.0884412
0.0863503
0.0843248
0.0823604
0.0804531
0.0785993
0.0767956
0.0750391
0.0733269
0.0716567
0.0700265
0.0684346
0.0668797
0.0653608
0.0638774
0.0624293
0.0610165
0.0596395
0.058299
0.0569958
0.055731
0.0545057
0.053321
0.0521782
0.0510783
0.0500224
0.0490114
0.0480461
0.0471271
0.0462549
0.04543
0.0446526
0.0439232
0.043242
0.0426096
0.0420266
0.041494
0.0410132
0.0405861
0.0402154
0.039905
0.0396596
0.0394861
0.0393931
0.961693
0.892186
0.829087
0.771731
0.719526
0.671947
0.628525
0.588844
0.552531
0.519254
0.488717
0.460656
0.434834
0.411039
0.389082
0.368792
0.350019
0.332624
0.316484
0.30149
0.287542
0.274549
0.262431
0.251114
0.240533
0.230628
0.221344
0.212631
0.204446
0.196747
0.189498
0.182664
0.176216
0.170124
0.164363
0.158909
0.153741
0.148839
0.144184
0.13976
0.135552
0.131544
0.127724
0.12408
0.1206
0.117273
0.11409
0.111042
0.10812
0.105316
0.102623
0.100034
0.0975417
0.0951406
0.0928247
0.0905885
0.088427
0.0863353
0.0843088
0.0823434
0.0804351
0.0785802
0.0767755
0.0750178
0.0733044
0.071633
0.0700016
0.0684085
0.0668524
0.0653324
0.063848
0.0623989
0.0609853
0.0596075
0.0582663
0.0569626
0.0556975
0.0544719
0.0532872
0.0521444
0.0510448
0.0499893
0.0489788
0.0480141
0.0470958
0.0462244
0.0454003
0.0446239
0.0438954
0.0432152
0.0425837
0.0420017
0.04147
0.0409901
0.0405638
0.0401939
0.0398841
0.0396394
0.0394662
0.0393734
0.961693
0.892186
0.829087
0.771731
0.719526
0.671947
0.628525
0.588844
0.552531
0.519254
0.488717
0.460656
0.434833
0.411038
0.389081
0.368792
0.350018
0.332623
0.316483
0.301489
0.28754
0.274548
0.262429
0.251113
0.240532
0.230626
0.221341
0.212629
0.204443
0.196744
0.189495
0.182661
0.176212
0.17012
0.164359
0.158905
0.153736
0.148834
0.144179
0.139755
0.135546
0.131538
0.127718
0.124073
0.120593
0.117266
0.114082
0.111034
0.108111
0.105307
0.102613
0.100023
0.0975304
0.0951286
0.0928119
0.090575
0.0884126
0.08632
0.0842926
0.0823262
0.0804168
0.0785609
0.076755
0.0749961
0.0732815
0.0716089
0.0699763
0.068382
0.0668247
0.0653036
0.063818
0.0623679
0.0609534
0.0595748
0.058233
0.0569288
0.0556632
0.0544375
0.0532527
0.05211
0.0510106
0.0499555
0.0489456
0.0479815
0.0470639
0.0461933
0.0453701
0.0445946
0.0438671
0.0431879
0.0425574
0.0419764
0.0414456
0.0409666
0.0405412
0.040172
0.0398629
0.0396187
0.039446
0.0393534
0.961693
0.892186
0.829087
0.771731
0.719526
0.671947
0.628525
0.588844
0.55253
0.519254
0.488717
0.460655
0.434833
0.411038
0.389081
0.368791
0.350017
0.332622
0.316482
0.301488
0.287539
0.274546
0.262428
0.251111
0.24053
0.230624
0.221339
0.212626
0.204441
0.196742
0.189492
0.182658
0.176209
0.170116
0.164355
0.1589
0.153732
0.148829
0.144174
0.13975
0.13554
0.131532
0.127712
0.124066
0.120585
0.117258
0.114074
0.111025
0.108102
0.105297
0.102603
0.100012
0.097519
0.0951165
0.092799
0.0905613
0.0883981
0.0863045
0.0842762
0.0823087
0.0803983
0.0785412
0.0767341
0.0749741
0.0732583
0.0715844
0.0699506
0.068355
0.0667965
0.0652742
0.0637876
0.0623364
0.060921
0.0595416
0.0581991
0.0568944
0.0556284
0.0544024
0.0532176
0.0520751
0.0509759
0.0499212
0.0489118
0.0479483
0.0470315
0.0461618
0.0453395
0.0445649
0.0438384
0.0431602
0.0425307
0.0419506
0.0414208
0.0409427
0.0405182
0.0401498
0.0398414
0.0395977
0.0394254
0.0393331
0.961693
0.892186
0.829087
0.771731
0.719526
0.671947
0.628525
0.588844
0.55253
0.519253
0.488716
0.460655
0.434833
0.411037
0.38908
0.36879
0.350016
0.332621
0.316481
0.301487
0.287538
0.274545
0.262426
0.251109
0.240528
0.230622
0.221337
0.212624
0.204438
0.196739
0.189489
0.182655
0.176205
0.170112
0.164351
0.158896
0.153727
0.148824
0.144169
0.139744
0.135535
0.131526
0.127705
0.12406
0.120578
0.11725
0.114066
0.111017
0.108093
0.105288
0.102593
0.100002
0.0975075
0.0951042
0.092786
0.0905475
0.0883834
0.0862889
0.0842596
0.0822911
0.0803796
0.0785213
0.0767131
0.0749518
0.0732348
0.0715597
0.0699245
0.0683277
0.066768
0.0652445
0.0637567
0.0623045
0.0608881
0.059508
0.0581648
0.0568595
0.0555932
0.054367
0.0531821
0.0520397
0.0509408
0.0498865
0.0488776
0.0479148
0.0469987
0.0461298
0.0453085
0.0445349
0.0438093
0.0431321
0.0425037
0.0419246
0.0413958
0.0409186
0.0404949
0.0401273
0.0398196
0.0395765
0.0394046
0.0393125
0.961693
0.892186
0.829087
0.771731
0.719526
0.671947
0.628525
0.588844
0.55253
0.519253
0.488716
0.460655
0.434832
0.411037
0.389079
0.36879
0.350015
0.33262
0.31648
0.301485
0.287536
0.274543
0.262424
0.251107
0.240526
0.230619
0.221334
0.212621
0.204435
0.196736
0.189486
0.182651
0.176202
0.170109
0.164347
0.158892
0.153723
0.148819
0.144164
0.139739
0.135529
0.13152
0.127699
0.124053
0.120571
0.117243
0.114058
0.111008
0.108084
0.105278
0.102583
0.0999907
0.0974959
0.0950919
0.0927729
0.0905336
0.0883686
0.0862732
0.0842429
0.0822733
0.0803607
0.0785013
0.0766919
0.0749294
0.0732111
0.0715347
0.0698982
0.0683001
0.0667392
0.0652145
0.0637256
0.0622723
0.060855
0.059474
0.0581301
0.0568243
0.0555576
0.0543312
0.0531462
0.0520039
0.0509053
0.0498514
0.0488431
0.047881
0.0469657
0.0460976
0.0452772
0.0445046
0.04378
0.0431038
0.0424764
0.0418984
0.0413705
0.0408942
0.0404714
0.0401046
0.0397976
0.039555
0.0393836
0.0392918
0.961693
0.892186
0.829087
0.771731
0.719526
0.671947
0.628525
0.588844
0.55253
0.519253
0.488716
0.460654
0.434832
0.411036
0.389079
0.368789
0.350015
0.332619
0.316479
0.301484
0.287535
0.274541
0.262423
0.251105
0.240523
0.230617
0.221332
0.212618
0.204432
0.196733
0.189482
0.182648
0.176198
0.170105
0.164342
0.158887
0.153718
0.148815
0.144159
0.139733
0.135523
0.131514
0.127692
0.124046
0.120564
0.117235
0.11405
0.110999
0.108075
0.105268
0.102572
0.0999798
0.0974843
0.0950796
0.0927599
0.0905196
0.0883538
0.0862574
0.0842261
0.0822555
0.0803418
0.0784813
0.0766706
0.0749068
0.0731873
0.0715096
0.0698719
0.0682725
0.0667102
0.0651843
0.0636943
0.06224
0.0608217
0.0594398
0.0580953
0.0567889
0.0555218
0.0542952
0.0531102
0.051968
0.0508696
0.0498162
0.0488084
0.0478469
0.0469324
0.0460653
0.0452457
0.0444741
0.0437506
0.0430754
0.0424491
0.041872
0.0413451
0.0408698
0.0404478
0.0400819
0.0397755
0.0395335
0.0393625
0.0392709
0.961693
0.892186
0.829087
0.771731
0.719526
0.671947
0.628525
0.588844
0.55253
0.519253
0.488716
0.460654
0.434831
0.411036
0.389078
0.368788
0.350014
0.332618
0.316478
0.301483
0.287533
0.27454
0.262421
0.251103
0.240521
0.230615
0.221329
0.212616
0.204429
0.196729
0.189479
0.182644
0.176194
0.170101
0.164338
0.158883
0.153713
0.14881
0.144153
0.139728
0.135517
0.131508
0.127686
0.124039
0.120556
0.117227
0.114042
0.110991
0.108066
0.105259
0.102562
0.0999689
0.0974728
0.0950673
0.0927468
0.0905058
0.088339
0.0862417
0.0842094
0.0822378
0.0803229
0.0784612
0.0766494
0.0748843
0.0731635
0.0714845
0.0698454
0.0682448
0.0666813
0.0651541
0.0636629
0.0622075
0.0607883
0.0594056
0.0580603
0.0567534
0.0554859
0.0542591
0.053074
0.051932
0.0508339
0.0497808
0.0487736
0.0478129
0.0468991
0.0460328
0.0452143
0.0444436
0.0437211
0.043047
0.0424217
0.0418456
0.0413197
0.0408453
0.0404242
0.040059
0.0397533
0.0395119
0.0393413
0.03925
0.961693
0.892186
0.829087
0.771731
0.719526
0.671947
0.628525
0.588844
0.55253
0.519253
0.488715
0.460654
0.434831
0.411035
0.389077
0.368787
0.350013
0.332617
0.316476
0.301481
0.287532
0.274538
0.262419
0.251101
0.240519
0.230612
0.221327
0.212613
0.204426
0.196726
0.189476
0.182641
0.17619
0.170097
0.164334
0.158879
0.153709
0.148805
0.144148
0.139722
0.135512
0.131502
0.127679
0.124032
0.120549
0.11722
0.114034
0.110982
0.108057
0.105249
0.102552
0.0999581
0.0974613
0.0950552
0.0927339
0.090492
0.0883244
0.0862261
0.0841928
0.0822201
0.0803042
0.0784413
0.0766282
0.0748619
0.0731398
0.0714595
0.0698191
0.0682171
0.0666523
0.065124
0.0636316
0.0621752
0.0607549
0.0593714
0.0580255
0.056718
0.0554501
0.0542231
0.053038
0.051896
0.0507982
0.0497456
0.0487389
0.0477789
0.0468659
0.0460005
0.0451829
0.0444132
0.0436917
0.0430187
0.0423943
0.0418193
0.0412944
0.0408209
0.0404007
0.0400363
0.0397312
0.0394904
0.0393202
0.0392291
0.961693
0.892186
0.829087
0.771731
0.719526
0.671947
0.628525
0.588843
0.55253
0.519252
0.488715
0.460653
0.43483
0.411034
0.389076
0.368786
0.350012
0.332615
0.316475
0.30148
0.28753
0.274536
0.262417
0.251099
0.240517
0.23061
0.221324
0.21261
0.204423
0.196723
0.189472
0.182637
0.176187
0.170093
0.16433
0.158874
0.153704
0.1488
0.144143
0.139717
0.135506
0.131496
0.127673
0.124026
0.120542
0.117212
0.114026
0.110974
0.108048
0.10524
0.102542
0.0999475
0.09745
0.0950431
0.0927211
0.0904784
0.0883099
0.0862107
0.0841764
0.0822026
0.0802856
0.0784215
0.0766072
0.0748397
0.0731163
0.0714347
0.069793
0.0681897
0.0666236
0.065094
0.0636005
0.062143
0.0607218
0.0593375
0.0579908
0.0566828
0.0554145
0.0541873
0.0530021
0.0518603
0.0507628
0.0497106
0.0487045
0.0477451
0.0468329
0.0459684
0.0451517
0.044383
0.0436625
0.0429905
0.0423672
0.0417932
0.0412692
0.0407967
0.0403773
0.0400137
0.0397093
0.039469
0.0392992
0.0392083
0.961693
0.892187
0.829087
0.771731
0.719526
0.671947
0.628525
0.588843
0.55253
0.519252
0.488715
0.460653
0.43483
0.411034
0.389076
0.368785
0.35001
0.332614
0.316474
0.301478
0.287528
0.274534
0.262415
0.251097
0.240514
0.230607
0.221321
0.212607
0.204421
0.19672
0.189469
0.182634
0.176183
0.170089
0.164326
0.15887
0.1537
0.148795
0.144138
0.139712
0.1355
0.13149
0.127667
0.124019
0.120535
0.117205
0.114018
0.110966
0.108039
0.10523
0.102532
0.0999371
0.0974389
0.0950313
0.0927085
0.090465
0.0882956
0.0861955
0.0841602
0.0821854
0.0802673
0.0784021
0.0765866
0.0748178
0.0730931
0.0714102
0.0697672
0.0681626
0.0665953
0.0650645
0.0635698
0.0621112
0.060689
0.0593039
0.0579565
0.0566479
0.0553793
0.0541518
0.0529666
0.0518249
0.0507277
0.0496759
0.0486704
0.0477117
0.0468003
0.0459366
0.0451208
0.0443531
0.0436337
0.0429627
0.0423404
0.0417673
0.0412443
0.0407727
0.0403542
0.0399913
0.0396876
0.0394479
0.0392784
0.0391878
0.961693
0.892187
0.829087
0.771731
0.719526
0.671947
0.628525
0.588843
0.552529
0.519252
0.488714
0.460652
0.434829
0.411033
0.389075
0.368784
0.350009
0.332613
0.316472
0.301477
0.287527
0.274532
0.262413
0.251095
0.240512
0.230605
0.221319
0.212605
0.204418
0.196717
0.189466
0.18263
0.176179
0.170085
0.164322
0.158866
0.153695
0.14879
0.144133
0.139706
0.135495
0.131484
0.127661
0.124013
0.120528
0.117198
0.11401
0.110958
0.10803
0.105221
0.102522
0.0999268
0.097428
0.0950198
0.0926962
0.0904519
0.0882817
0.0861807
0.0841444
0.0821686
0.0802493
0.078383
0.0765663
0.0747963
0.0730703
0.0713861
0.0697418
0.068136
0.0665674
0.0650354
0.0635395
0.0620799
0.0606568
0.0592708
0.0579227
0.0566136
0.0553446
0.0541169
0.0529317
0.0517901
0.0506932
0.0496418
0.0486368
0.0476788
0.0467682
0.0459054
0.0450905
0.0443238
0.0436053
0.0429353
0.042314
0.0417419
0.0412199
0.0407491
0.0403314
0.0399692
0.0396662
0.039427
0.039258
0.0391675
0.961693
0.892187
0.829088
0.771731
0.719526
0.671947
0.628525
0.588843
0.552529
0.519251
0.488714
0.460652
0.434828
0.411032
0.389074
0.368783
0.350008
0.332611
0.316471
0.301475
0.287525
0.27453
0.262411
0.251093
0.24051
0.230602
0.221316
0.212602
0.204415
0.196714
0.189463
0.182627
0.176176
0.170081
0.164318
0.158862
0.153691
0.148786
0.144128
0.139701
0.135489
0.131478
0.127655
0.124006
0.120522
0.117191
0.114003
0.11095
0.108022
0.105212
0.102513
0.0999169
0.0974175
0.0950086
0.0926843
0.0904392
0.0882681
0.0861662
0.084129
0.0821522
0.0802318
0.0783644
0.0765465
0.0747753
0.0730481
0.0713626
0.0697171
0.0681099
0.0665401
0.0650069
0.06351
0.0620493
0.0606252
0.0592384
0.0578897
0.05658
0.0553107
0.0540828
0.0528975
0.051756
0.0506594
0.0496084
0.048604
0.0476466
0.0467368
0.0458748
0.0450608
0.044295
0.0435775
0.0429084
0.0422881
0.041717
0.0411959
0.040726
0.0403091
0.0399477
0.0396453
0.0394066
0.0392379
0.0391477
0.961693
0.892187
0.829088
0.771731
0.719526
0.671947
0.628525
0.588843
0.552529
0.519251
0.488713
0.460651
0.434827
0.411031
0.389073
0.368782
0.350007
0.33261
0.316469
0.301473
0.287523
0.274528
0.262409
0.25109
0.240507
0.2306
0.221314
0.212599
0.204412
0.196711
0.189459
0.182623
0.176172
0.170078
0.164314
0.158857
0.153687
0.148781
0.144123
0.139696
0.135484
0.131473
0.127649
0.124
0.120515
0.117184
0.113996
0.110942
0.108014
0.105204
0.102504
0.0999074
0.0974073
0.0949977
0.0926728
0.0904269
0.088255
0.0861523
0.0841141
0.0821363
0.0802149
0.0783464
0.0765274
0.074755
0.0730265
0.0713398
0.0696931
0.0680847
0.0665136
0.0649793
0.0634812
0.0620195
0.0605945
0.0592069
0.0578575
0.0565474
0.0552776
0.0540495
0.0528642
0.0517228
0.0506265
0.0495759
0.048572
0.0476153
0.0467062
0.045845
0.0450319
0.044267
0.0435505
0.0428824
0.042263
0.0416928
0.0411726
0.0407035
0.0402874
0.0399267
0.0396248
0.0393866
0.0392184
0.0391284
0.961693
0.892187
0.829088
0.771731
0.719526
0.671947
0.628525
0.588843
0.552528
0.519251
0.488713
0.46065
0.434827
0.41103
0.389072
0.368781
0.350005
0.332609
0.316468
0.301472
0.287521
0.274527
0.262407
0.251088
0.240505
0.230597
0.221311
0.212596
0.204409
0.196708
0.189456
0.18262
0.176169
0.170074
0.16431
0.158854
0.153682
0.148777
0.144119
0.139691
0.135479
0.131467
0.127643
0.123994
0.120509
0.117177
0.113989
0.110935
0.108007
0.105196
0.102495
0.0998982
0.0973976
0.0949874
0.0926617
0.0904152
0.0882425
0.0861389
0.0840999
0.0821211
0.0801987
0.0783291
0.076509
0.0747354
0.0730058
0.0713179
0.0696699
0.0680603
0.0664881
0.0649526
0.0634535
0.0619908
0.0605649
0.0591765
0.0578264
0.0565158
0.0552457
0.0540174
0.0528321
0.0516908
0.0505947
0.0495445
0.0485411
0.047585
0.0466766
0.0458162
0.045004
0.04424
0.0435243
0.0428572
0.0422387
0.0416694
0.04115
0.0406817
0.0402663
0.0399063
0.0396051
0.0393674
0.0391994
0.0391096
0.961693
0.892187
0.829088
0.771731
0.719526
0.671947
0.628525
0.588842
0.552528
0.51925
0.488712
0.46065
0.434826
0.411029
0.38907
0.36878
0.350004
0.332607
0.316466
0.30147
0.287519
0.274525
0.262404
0.251086
0.240503
0.230595
0.221308
0.212594
0.204406
0.196705
0.189453
0.182617
0.176165
0.170071
0.164307
0.15885
0.153678
0.148773
0.144115
0.139687
0.135474
0.131462
0.127638
0.123989
0.120503
0.117171
0.113983
0.110928
0.107999
0.105188
0.102487
0.0998895
0.0973884
0.0949776
0.0926513
0.090404
0.0882306
0.0861262
0.0840863
0.0821066
0.0801833
0.0783127
0.0764915
0.0747168
0.072986
0.071297
0.0696478
0.0680371
0.0664637
0.0649271
0.0634269
0.0619633
0.0605365
0.0591474
0.0577967
0.0564856
0.0552151
0.0539866
0.0528012
0.0516601
0.0505642
0.0495144
0.0485115
0.047556
0.0466483
0.0457887
0.0449772
0.0442141
0.0434993
0.042833
0.0422154
0.0416469
0.0411284
0.0406609
0.0402462
0.0398868
0.0395861
0.0393488
0.0391812
0.0390916
0.961693
0.892187
0.829088
0.771731
0.719526
0.671947
0.628524
0.588842
0.552528
0.51925
0.488711
0.460649
0.434825
0.411028
0.389069
0.368778
0.350003
0.332606
0.316464
0.301468
0.287518
0.274523
0.262402
0.251084
0.2405
0.230593
0.221306
0.212591
0.204403
0.196702
0.18945
0.182614
0.176162
0.170067
0.164303
0.158846
0.153675
0.148769
0.14411
0.139683
0.13547
0.131458
0.127633
0.123984
0.120498
0.117165
0.113976
0.110922
0.107992
0.105181
0.10248
0.0998814
0.0973797
0.0949684
0.0926415
0.0903935
0.0882194
0.0861143
0.0840736
0.082093
0.0801688
0.0782972
0.076475
0.0746992
0.0729674
0.0712772
0.0696269
0.0680151
0.0664407
0.064903
0.0634018
0.0619372
0.0605097
0.0591198
0.0577685
0.0564569
0.0551861
0.0539574
0.052772
0.0516309
0.0505353
0.0494859
0.0484834
0.0475285
0.0466214
0.0457625
0.0449518
0.0441895
0.0434755
0.04281
0.0421932
0.0416256
0.0411078
0.040641
0.040227
0.0398682
0.039568
0.0393311
0.0391638
0.0390744
0.961693
0.892187
0.829088
0.771731
0.719526
0.671946
0.628524
0.588842
0.552527
0.519249
0.488711
0.460648
0.434824
0.411027
0.389068
0.368777
0.350001
0.332604
0.316463
0.301466
0.287516
0.274521
0.2624
0.251082
0.240498
0.23059
0.221304
0.212589
0.204401
0.196699
0.189447
0.182611
0.176159
0.170064
0.1643
0.158843
0.153671
0.148765
0.144107
0.139679
0.135466
0.131453
0.127628
0.123979
0.120493
0.11716
0.113971
0.110916
0.107986
0.105174
0.102473
0.0998739
0.0973717
0.0949598
0.0926324
0.0903838
0.0882091
0.0861032
0.0840617
0.0820804
0.0801552
0.0782827
0.0764596
0.0746829
0.07295
0.0712588
0.0696075
0.0679946
0.0664191
0.0648804
0.0633783
0.0619129
0.0604845
0.0590939
0.0577421
0.05643
0.0551589
0.05393
0.0527446
0.0516036
0.0505081
0.049459
0.048457
0.0475026
0.0465962
0.0457379
0.044928
0.0441664
0.0434532
0.0427884
0.0421724
0.0416055
0.0410884
0.0406223
0.0402089
0.0398506
0.0395509
0.0393144
0.0391474
0.0390582
0.961693
0.892187
0.829088
0.771731
0.719526
0.671946
0.628524
0.588841
0.552527
0.519248
0.48871
0.460647
0.434823
0.411026
0.389067
0.368776
0.35
0.332603
0.316461
0.301465
0.287514
0.274519
0.262398
0.25108
0.240496
0.230588
0.221301
0.212586
0.204398
0.196697
0.189445
0.182608
0.176157
0.170061
0.164297
0.15884
0.153668
0.148762
0.144103
0.139675
0.135462
0.131449
0.127624
0.123974
0.120488
0.117155
0.113966
0.11091
0.10798
0.105168
0.102466
0.099867
0.0973644
0.094952
0.0926241
0.090375
0.0881996
0.0860931
0.0840509
0.0820688
0.0801429
0.0782696
0.0764455
0.0746679
0.0729341
0.0712419
0.0695896
0.0679757
0.0663993
0.0648597
0.0633567
0.0618904
0.0604613
0.0590701
0.0577177
0.0564052
0.0551338
0.0539047
0.0527192
0.0515783
0.050483
0.0494343
0.0484327
0.0474787
0.0465728
0.0457152
0.0449059
0.0441449
0.0434324
0.0427684
0.0421531
0.0415868
0.0410704
0.0406049
0.040192
0.0398342
0.039535
0.0392989
0.0391321
0.039043
0.961693
0.892187
0.829088
0.771731
0.719526
0.671946
0.628523
0.588841
0.552526
0.519247
0.488709
0.460646
0.434822
0.411025
0.389066
0.368774
0.349998
0.332601
0.31646
0.301463
0.287512
0.274517
0.262397
0.251078
0.240494
0.230586
0.221299
0.212584
0.204396
0.196695
0.189442
0.182606
0.176154
0.170059
0.164294
0.158837
0.153665
0.148759
0.1441
0.139672
0.135458
0.131446
0.12762
0.12397
0.120484
0.117151
0.113961
0.110905
0.107975
0.105163
0.10246
0.0998609
0.0973579
0.0949451
0.0926167
0.0903671
0.0881912
0.0860841
0.0840413
0.0820585
0.0801318
0.0782577
0.0764329
0.0746544
0.0729197
0.0712267
0.0695735
0.0679587
0.0663814
0.0648409
0.0633371
0.0618701
0.0604403
0.0590485
0.0576956
0.0563827
0.0551111
0.0538818
0.0526962
0.0515554
0.0504603
0.0494118
0.0484105
0.047457
0.0465516
0.0456945
0.0448858
0.0441254
0.0434136
0.0427502
0.0421355
0.0415698
0.0410539
0.0405889
0.0401766
0.0398192
0.0395203
0.0392845
0.039118
0.0390291
0.961693
0.892187
0.829088
0.771731
0.719526
0.671946
0.628523
0.58884
0.552525
0.519247
0.488708
0.460645
0.434821
0.411024
0.389064
0.368773
0.349997
0.3326
0.316458
0.301462
0.287511
0.274515
0.262395
0.251076
0.240492
0.230584
0.221297
0.212582
0.204394
0.196693
0.18944
0.182604
0.176152
0.170056
0.164292
0.158834
0.153662
0.148756
0.144097
0.139669
0.135455
0.131442
0.127617
0.123967
0.12048
0.117147
0.113957
0.110901
0.107971
0.105158
0.102455
0.0998555
0.0973522
0.0949391
0.0926102
0.0903602
0.0881838
0.0860762
0.0840328
0.0820495
0.0801222
0.0782474
0.0764219
0.0746427
0.0729072
0.0712134
0.0695594
0.0679438
0.0663657
0.0648245
0.06332
0.0618523
0.0604219
0.0590295
0.0576762
0.0563629
0.055091
0.0538616
0.0526759
0.0515351
0.0504401
0.0493918
0.0483909
0.0474377
0.0465328
0.0456761
0.0448679
0.0441081
0.0433967
0.0427339
0.0421197
0.0415545
0.0410391
0.0405746
0.0401626
0.0398057
0.0395071
0.0392715
0.0391052
0.0390164
0.961693
0.892187
0.829087
0.771731
0.719525
0.671945
0.628522
0.58884
0.552525
0.519246
0.488707
0.460644
0.43482
0.411023
0.389063
0.368772
0.349996
0.332598
0.316457
0.30146
0.287509
0.274514
0.262393
0.251074
0.240491
0.230583
0.221296
0.21258
0.204392
0.196691
0.189438
0.182602
0.17615
0.170054
0.16429
0.158832
0.15366
0.148754
0.144095
0.139666
0.135453
0.13144
0.127614
0.123964
0.120477
0.117144
0.113954
0.110897
0.107967
0.105154
0.102451
0.0998511
0.0973475
0.094934
0.0926049
0.0903545
0.0881777
0.0860697
0.0840258
0.082042
0.0801142
0.0782388
0.0764127
0.0746328
0.0728967
0.0712022
0.0695475
0.0679313
0.0663525
0.0648106
0.0633055
0.0618372
0.0604062
0.0590134
0.0576596
0.0563461
0.0550739
0.0538443
0.0526586
0.0515178
0.0504229
0.0493748
0.0483741
0.0474212
0.0465166
0.0456603
0.0448525
0.0440931
0.0433822
0.0427198
0.042106
0.0415413
0.0410263
0.0405621
0.0401504
0.0397938
0.0394954
0.0392601
0.0390939
0.0390053
0.961693
0.892187
0.829087
0.771731
0.719525
0.671945
0.628522
0.588839
0.552524
0.519245
0.488706
0.460643
0.434819
0.411022
0.389062
0.368771
0.349995
0.332597
0.316456
0.301459
0.287508
0.274513
0.262392
0.251073
0.240489
0.230581
0.221294
0.212579
0.204391
0.196689
0.189437
0.1826
0.176148
0.170053
0.164288
0.15883
0.153658
0.148752
0.144093
0.139664
0.135451
0.131438
0.127612
0.123962
0.120475
0.117141
0.113951
0.110895
0.107964
0.105151
0.102448
0.0998476
0.0973438
0.0949301
0.0926007
0.09035
0.0881729
0.0860645
0.0840203
0.0820361
0.0801078
0.078232
0.0764054
0.074625
0.0728884
0.0711933
0.0695381
0.0679213
0.066342
0.0647996
0.0632939
0.0618251
0.0603937
0.0590005
0.0576464
0.0563325
0.0550601
0.0538304
0.0526445
0.0515037
0.0504089
0.0493609
0.0483604
0.0474078
0.0465034
0.0456474
0.0448399
0.0440808
0.0433702
0.0427081
0.0420946
0.0415302
0.0410155
0.0405515
0.0401401
0.0397836
0.0394855
0.0392502
0.0390842
0.0389956
0.961693
0.892187
0.829087
0.77173
0.719525
0.671944
0.628521
0.588838
0.552523
0.519244
0.488706
0.460642
0.434818
0.411021
0.389061
0.36877
0.349994
0.332596
0.316454
0.301458
0.287507
0.274512
0.262391
0.251072
0.240488
0.23058
0.221293
0.212578
0.20439
0.196688
0.189436
0.182599
0.176147
0.170051
0.164287
0.158829
0.153657
0.14875
0.144091
0.139663
0.135449
0.131436
0.12761
0.12396
0.120473
0.117139
0.113949
0.110893
0.107962
0.105149
0.102445
0.0998451
0.0973412
0.0949273
0.0925977
0.0903468
0.0881695
0.0860609
0.0840164
0.0820319
0.0801033
0.0782272
0.0764002
0.0746195
0.0728824
0.071187
0.0695313
0.0679141
0.0663343
0.0647915
0.0632855
0.0618163
0.0603846
0.0589911
0.0576367
0.0563225
0.0550499
0.05382
0.0526341
0.0514932
0.0503984
0.0493505
0.0483501
0.0473976
0.0464934
0.0456376
0.0448302
0.0440714
0.043361
0.042699
0.0420857
0.0415215
0.0410069
0.0405431
0.0401318
0.0397754
0.0394773
0.0392422
0.0390762
0.0389877
0.961693
0.892187
0.829087
0.77173
0.719524
0.671944
0.628521
0.588838
0.552523
0.519244
0.488705
0.460642
0.434817
0.41102
0.389061
0.368769
0.349993
0.332595
0.316454
0.301457
0.287506
0.274511
0.26239
0.251071
0.240488
0.230579
0.221292
0.212577
0.204389
0.196687
0.189435
0.182598
0.176146
0.17005
0.164286
0.158828
0.153656
0.148749
0.14409
0.139662
0.135448
0.131435
0.127609
0.123959
0.120472
0.117138
0.113948
0.110891
0.107961
0.105147
0.102444
0.0998436
0.0973396
0.0949256
0.0925959
0.0903449
0.0881675
0.0860587
0.0840141
0.0820294
0.0801006
0.0782243
0.0763971
0.0746161
0.0728788
0.0711831
0.0695271
0.0679096
0.0663296
0.0647865
0.0632802
0.0618108
0.0603789
0.0589851
0.0576305
0.0563161
0.0550433
0.0538133
0.0526272
0.0514863
0.0503915
0.0493436
0.0483432
0.0473908
0.0464866
0.0456309
0.0448236
0.0440649
0.0433545
0.0426926
0.0420794
0.0415152
0.0410006
0.0405368
0.0401256
0.0397692
0.0394711
0.039236
0.03907
0.0389815
0.961693
0.892186
0.829087
0.77173
0.719524
0.671944
0.628521
0.588837
0.552522
0.519243
0.488705
0.460641
0.434817
0.41102
0.38906
0.368768
0.349992
0.332595
0.316453
0.301457
0.287506
0.27451
0.26239
0.251071
0.240487
0.230579
0.221292
0.212576
0.204388
0.196687
0.189434
0.182598
0.176145
0.17005
0.164285
0.158828
0.153655
0.148749
0.14409
0.139661
0.135447
0.131434
0.127609
0.123958
0.120471
0.117138
0.113947
0.110891
0.10796
0.105147
0.102443
0.099843
0.0973389
0.0949249
0.0925951
0.0903441
0.0881666
0.0860578
0.0840131
0.0820283
0.0800994
0.078223
0.0763956
0.0746145
0.0728771
0.0711813
0.0695252
0.0679075
0.0663274
0.0647841
0.0632777
0.0618081
0.060376
0.0589821
0.0576274
0.0563129
0.0550399
0.0538097
0.0526236
0.0514826
0.0503878
0.0493399
0.0483395
0.0473871
0.046483
0.0456272
0.04482
0.0440611
0.0433508
0.0426888
0.0420756
0.0415113
0.0409967
0.0405328
0.0401215
0.0397651
0.0394669
0.0392318
0.0390658
0.0389773
0.961693
0.892186
0.829087
0.77173
0.719524
0.671944
0.62852
0.588837
0.552522
0.519243
0.488704
0.460641
0.434816
0.411019
0.38906
0.368768
0.349992
0.332595
0.316453
0.301456
0.287505
0.27451
0.262389
0.25107
0.240487
0.230579
0.221292
0.212576
0.204388
0.196686
0.189434
0.182597
0.176145
0.17005
0.164285
0.158827
0.153655
0.148749
0.14409
0.139661
0.135447
0.131434
0.127609
0.123958
0.120471
0.117137
0.113947
0.110891
0.10796
0.105147
0.102443
0.0998428
0.0973387
0.0949247
0.0925949
0.0903439
0.0881664
0.0860575
0.0840128
0.0820279
0.0800991
0.0782226
0.0763952
0.0746141
0.0728766
0.0711807
0.0695246
0.0679069
0.0663267
0.0647835
0.063277
0.0618074
0.0603753
0.0589813
0.0576265
0.0563118
0.0550387
0.0538084
0.0526222
0.0514813
0.0503865
0.0493387
0.0483384
0.047386
0.0464819
0.0456261
0.0448187
0.0440599
0.0433494
0.0426874
0.042074
0.0415096
0.0409949
0.040531
0.0401196
0.0397631
0.0394649
0.0392296
0.0390636
0.0389752
)
;

boundaryField
{
    inlet
    {
        type            fixedValue;
        value           uniform 1;
    }
    outlet
    {
        type            inletOutlet;
        inletValue      uniform 1;
        value           nonuniform List<scalar> 
100
(
0.0389888
0.0389909
0.0389949
0.0390008
0.0390084
0.0390176
0.0390284
0.0390405
0.039054
0.0390686
0.0390843
0.039101
0.0391185
0.0391368
0.0391556
0.039175
0.0391948
0.0392149
0.0392352
0.0392557
0.0392762
0.0392967
0.0393171
0.0393373
0.0393573
0.039377
0.0393964
0.0394153
0.0394338
0.0394518
0.0394692
0.039486
0.0395022
0.0395177
0.0395324
0.0395464
0.0395596
0.039572
0.0395836
0.0395942
0.039604
0.0396129
0.0396208
0.0396278
0.0396338
0.0396388
0.0396428
0.0396458
0.0396478
0.0396488
0.0396487
0.0396477
0.0396456
0.0396425
0.0396384
0.0396333
0.0396272
0.0396202
0.0396122
0.0396032
0.0395933
0.0395825
0.0395708
0.0395583
0.039545
0.0395308
0.0395159
0.0395002
0.0394839
0.0394669
0.0394492
0.039431
0.0394123
0.0393931
0.0393734
0.0393534
0.0393331
0.0393125
0.0392918
0.0392709
0.03925
0.0392291
0.0392083
0.0391878
0.0391675
0.0391477
0.0391284
0.0391096
0.0390916
0.0390744
0.0390582
0.039043
0.0390291
0.0390164
0.0390053
0.0389956
0.0389877
0.0389815
0.0389773
0.0389752
)
;
    }
    ground
    {
        type            empty;
    }
    top
    {
        type            empty;
    }
    front
    {
        type            inletOutlet;
        inletValue      uniform 1;
        value           nonuniform List<scalar> 
100
(
0.961693
0.892186
0.829087
0.77173
0.719524
0.671944
0.62852
0.588837
0.552522
0.519243
0.488704
0.460641
0.434816
0.411019
0.38906
0.368768
0.349992
0.332594
0.316453
0.301456
0.287505
0.274509
0.262389
0.25107
0.240486
0.230577
0.22129
0.212575
0.204387
0.196685
0.189432
0.182595
0.176143
0.170047
0.164282
0.158824
0.153652
0.148745
0.144085
0.139656
0.135442
0.131428
0.127602
0.123951
0.120463
0.117129
0.113938
0.11088
0.107949
0.105134
0.10243
0.0998278
0.0973222
0.0949066
0.0925751
0.0903221
0.0881425
0.0860314
0.0839842
0.0819968
0.0800651
0.0781857
0.0763553
0.074571
0.0728303
0.0711311
0.0694717
0.0678508
0.0662674
0.0647212
0.0632119
0.0617399
0.0603057
0.0589101
0.057554
0.0562388
0.0549656
0.0537359
0.0525509
0.0514117
0.0503194
0.0492746
0.0482778
0.0473294
0.0464297
0.0455788
0.0447766
0.044023
0.0433181
0.0426617
0.0420538
0.0414949
0.0409855
0.0405265
0.0401197
0.0397674
0.0394727
0.0392403
0.0390763
0.0389888
)
;
    }
    back
    {
        type            inletOutlet;
        inletValue      uniform 1;
        value           nonuniform List<scalar> 
100
(
0.961693
0.892186
0.829087
0.77173
0.719524
0.671944
0.62852
0.588837
0.552522
0.519243
0.488704
0.460641
0.434816
0.411019
0.38906
0.368768
0.349992
0.332595
0.316453
0.301456
0.287505
0.27451
0.262389
0.25107
0.240487
0.230579
0.221292
0.212576
0.204388
0.196686
0.189434
0.182597
0.176145
0.17005
0.164285
0.158827
0.153655
0.148749
0.14409
0.139661
0.135447
0.131434
0.127609
0.123958
0.120471
0.117137
0.113947
0.110891
0.10796
0.105147
0.102443
0.0998428
0.0973387
0.0949247
0.0925949
0.0903439
0.0881664
0.0860575
0.0840128
0.0820279
0.0800991
0.0782226
0.0763952
0.0746141
0.0728766
0.0711807
0.0695246
0.0679069
0.0663267
0.0647835
0.063277
0.0618074
0.0603753
0.0589813
0.0576265
0.0563118
0.0550387
0.0538084
0.0526222
0.0514813
0.0503865
0.0493387
0.0483384
0.047386
0.0464819
0.0456261
0.0448187
0.0440599
0.0433494
0.0426874
0.042074
0.0415096
0.0409949
0.040531
0.0401196
0.0397631
0.0394649
0.0392296
0.0390636
0.0389752
)
;
    }
}


// ************************************************************************* //
