/*--------------------------------*- C++ -*----------------------------------*\
  =========                 |
  \\      /  F ield         | OpenFOAM: The Open Source CFD Toolbox
   \\    /   O peration     | Website:  https://openfoam.org
    \\  /    A nd           | Version:  11
     \\/     M anipulation  |
\*---------------------------------------------------------------------------*/
FoamFile
{
    format      ascii;
    class       volScalarField;
    location    "722";
    object      omega;
}
// * * * * * * * * * * * * * * * * * * * * * * * * * * * * * * * * * * * * * //

dimensions      [0 0 -1 0 0 0 0];

internalField   nonuniform List<scalar> 
10000
(
0.961692
0.892185
0.829084
0.771728
0.719523
0.671944
0.628523
0.588843
0.552532
0.519258
0.488725
0.460668
0.43485
0.411061
0.389111
0.368829
0.350064
0.332678
0.316548
0.301565
0.287629
0.274648
0.262544
0.251242
0.240677
0.230788
0.221521
0.212828
0.204662
0.196984
0.189757
0.182947
0.176523
0.170457
0.164723
0.159298
0.154161
0.149291
0.14467
0.140282
0.136112
0.132145
0.128368
0.124769
0.121337
0.118062
0.114935
0.111945
0.109086
0.10635
0.103729
0.101217
0.0988081
0.0964962
0.0942762
0.0921431
0.0900922
0.0881192
0.08622
0.0843908
0.0826281
0.0809284
0.0792887
0.0777059
0.0761773
0.0747003
0.0732723
0.0718911
0.0705543
0.06926
0.0680062
0.0667909
0.0656124
0.064469
0.0633591
0.0622811
0.0612337
0.0602155
0.059225
0.0582612
0.0573228
0.0564087
0.0555179
0.0546494
0.0538025
0.0529763
0.0521703
0.0513843
0.050618
0.0498719
0.0491467
0.0484442
0.0477669
0.0471192
0.0465071
0.04594
0.0454311
0.0449994
0.0446717
0.0444852
0.961692
0.892185
0.829085
0.771728
0.719523
0.671944
0.628523
0.588843
0.552532
0.519258
0.488725
0.460668
0.43485
0.411061
0.389111
0.368829
0.350064
0.332678
0.316548
0.301565
0.287629
0.274648
0.262544
0.251242
0.240677
0.230788
0.221521
0.212828
0.204662
0.196984
0.189757
0.182947
0.176523
0.170457
0.164723
0.159298
0.154161
0.149291
0.14467
0.140283
0.136112
0.132145
0.128368
0.124769
0.121337
0.118062
0.114935
0.111945
0.109086
0.10635
0.103729
0.101217
0.0988082
0.0964964
0.0942764
0.0921433
0.0900924
0.0881194
0.0862202
0.084391
0.0826283
0.0809286
0.0792889
0.0777061
0.0761776
0.0747005
0.0732726
0.0718913
0.0705546
0.0692603
0.0680064
0.0667912
0.0656127
0.0644693
0.0633594
0.0622815
0.0612341
0.0602158
0.0592254
0.0582616
0.0573232
0.0564091
0.0555183
0.0546499
0.0538029
0.0529768
0.0521708
0.0513848
0.0506185
0.0498724
0.0491472
0.0484447
0.0477675
0.0471197
0.0465077
0.0459406
0.0454317
0.045
0.0446722
0.0444858
0.961692
0.892185
0.829085
0.771728
0.719523
0.671944
0.628523
0.588843
0.552532
0.519258
0.488725
0.460668
0.43485
0.411061
0.389111
0.368829
0.350064
0.332678
0.316548
0.301565
0.287629
0.274649
0.262544
0.251242
0.240677
0.230788
0.221521
0.212828
0.204662
0.196984
0.189757
0.182947
0.176523
0.170457
0.164723
0.159298
0.154161
0.149291
0.14467
0.140283
0.136112
0.132145
0.128368
0.124769
0.121338
0.118063
0.114935
0.111946
0.109087
0.10635
0.103729
0.101217
0.0988085
0.0964967
0.0942767
0.0921436
0.0900927
0.0881197
0.0862205
0.0843914
0.0826287
0.080929
0.0792893
0.0777066
0.076178
0.074701
0.073273
0.0718918
0.0705551
0.0692608
0.068007
0.0667917
0.0656133
0.0644699
0.06336
0.0622821
0.0612348
0.0602165
0.0592261
0.0582623
0.057324
0.0564099
0.0555191
0.0546507
0.0538038
0.0529777
0.0521718
0.0513857
0.0506195
0.0498734
0.0491483
0.0484458
0.0477686
0.0471208
0.0465088
0.0459417
0.0454328
0.0450011
0.0446733
0.0444869
0.961692
0.892185
0.829085
0.771728
0.719523
0.671944
0.628523
0.588843
0.552532
0.519258
0.488725
0.460668
0.43485
0.411061
0.389111
0.368829
0.350064
0.332678
0.316549
0.301565
0.287629
0.274649
0.262544
0.251242
0.240677
0.230788
0.221521
0.212828
0.204662
0.196985
0.189757
0.182947
0.176523
0.170457
0.164723
0.159299
0.154161
0.149291
0.144671
0.140283
0.136112
0.132145
0.128368
0.12477
0.121338
0.118063
0.114935
0.111946
0.109087
0.106351
0.10373
0.101218
0.0988089
0.0964971
0.0942771
0.092144
0.0900932
0.0881202
0.086221
0.0843919
0.0826292
0.0809296
0.0792899
0.0777072
0.0761787
0.0747017
0.0732737
0.0718925
0.0705559
0.0692616
0.0680078
0.0667926
0.0656141
0.0644708
0.063361
0.0622831
0.0612357
0.0602176
0.0592272
0.0582634
0.0573251
0.0564111
0.0555204
0.054652
0.0538051
0.052979
0.0521731
0.0513871
0.0506209
0.0498749
0.0491498
0.0484473
0.0477701
0.0471224
0.0465104
0.0459433
0.0454344
0.0450027
0.044675
0.0444885
0.961692
0.892185
0.829085
0.771728
0.719523
0.671944
0.628523
0.588843
0.552532
0.519258
0.488725
0.460668
0.434851
0.411061
0.389111
0.368829
0.350064
0.332678
0.316549
0.301565
0.287629
0.274649
0.262544
0.251243
0.240677
0.230788
0.221522
0.212828
0.204662
0.196985
0.189758
0.182947
0.176523
0.170457
0.164724
0.159299
0.154161
0.149291
0.144671
0.140283
0.136113
0.132146
0.128369
0.12477
0.121338
0.118063
0.114936
0.111946
0.109087
0.106351
0.10373
0.101218
0.0988094
0.0964976
0.0942777
0.0921446
0.0900938
0.0881208
0.0862217
0.0843926
0.0826299
0.0809304
0.0792907
0.077708
0.0761795
0.0747025
0.0732747
0.0718935
0.0705569
0.0692626
0.0680089
0.0667937
0.0656153
0.064472
0.0633622
0.0622844
0.0612371
0.0602189
0.0592286
0.0582649
0.0573266
0.0564126
0.055522
0.0546536
0.0538068
0.0529808
0.0521749
0.051389
0.0506229
0.0498768
0.0491518
0.0484494
0.0477722
0.0471245
0.0465125
0.0459454
0.0454366
0.0450049
0.0446771
0.0444906
0.961692
0.892185
0.829084
0.771728
0.719523
0.671944
0.628523
0.588843
0.552532
0.519258
0.488725
0.460668
0.434851
0.411061
0.389111
0.368829
0.350064
0.332678
0.316549
0.301565
0.287629
0.274649
0.262544
0.251243
0.240677
0.230788
0.221522
0.212828
0.204663
0.196985
0.189758
0.182948
0.176523
0.170457
0.164724
0.159299
0.154162
0.149292
0.144671
0.140283
0.136113
0.132146
0.128369
0.12477
0.121339
0.118064
0.114936
0.111947
0.109088
0.106352
0.103731
0.101219
0.0988101
0.0964983
0.0942784
0.0921454
0.0900946
0.0881216
0.0862226
0.0843935
0.0826308
0.0809313
0.0792917
0.077709
0.0761806
0.0747036
0.0732758
0.0718947
0.0705581
0.0692639
0.0680102
0.066795
0.0656167
0.0644734
0.0633637
0.0622859
0.0612387
0.0602206
0.0592303
0.0582667
0.0573284
0.0564145
0.0555239
0.0546556
0.0538089
0.0529829
0.0521772
0.0513913
0.0506252
0.0498792
0.0491542
0.0484519
0.0477747
0.0471271
0.0465151
0.0459481
0.0454392
0.0450075
0.0446797
0.0444933
0.961692
0.892185
0.829084
0.771728
0.719523
0.671944
0.628523
0.588843
0.552532
0.519258
0.488725
0.460668
0.434851
0.411061
0.389111
0.368829
0.350064
0.332678
0.316549
0.301566
0.287629
0.274649
0.262545
0.251243
0.240677
0.230788
0.221522
0.212828
0.204663
0.196985
0.189758
0.182948
0.176524
0.170458
0.164724
0.159299
0.154162
0.149292
0.144672
0.140284
0.136114
0.132146
0.12837
0.124771
0.121339
0.118064
0.114937
0.111948
0.109089
0.106352
0.103731
0.10122
0.0988108
0.0964991
0.0942792
0.0921462
0.0900954
0.0881226
0.0862235
0.0843945
0.0826319
0.0809324
0.0792928
0.0777102
0.0761818
0.0747049
0.0732771
0.071896
0.0705595
0.0692654
0.0680117
0.0667966
0.0656183
0.0644751
0.0633654
0.0622877
0.0612405
0.0602225
0.0592323
0.0582687
0.0573306
0.0564167
0.0555262
0.054658
0.0538113
0.0529854
0.0521797
0.0513939
0.0506279
0.049882
0.0491571
0.0484548
0.0477777
0.0471301
0.0465182
0.0459511
0.0454423
0.0450106
0.0446828
0.0444963
0.961692
0.892185
0.829084
0.771728
0.719523
0.671944
0.628523
0.588843
0.552532
0.519258
0.488725
0.460668
0.434851
0.411062
0.389111
0.368829
0.350064
0.332678
0.316549
0.301566
0.287629
0.274649
0.262545
0.251243
0.240678
0.230789
0.221522
0.212828
0.204663
0.196985
0.189758
0.182948
0.176524
0.170458
0.164724
0.1593
0.154162
0.149292
0.144672
0.140284
0.136114
0.132147
0.12837
0.124771
0.12134
0.118065
0.114937
0.111948
0.109089
0.106353
0.103732
0.101221
0.0988117
0.0965
0.0942802
0.0921472
0.0900965
0.0881236
0.0862246
0.0843956
0.0826331
0.0809336
0.0792941
0.0777115
0.0761832
0.0747063
0.0732786
0.0718976
0.0705611
0.069267
0.0680134
0.0667984
0.0656201
0.064477
0.0633674
0.0622898
0.0612427
0.0602247
0.0592346
0.0582711
0.057333
0.0564193
0.0555288
0.0546607
0.0538141
0.0529883
0.0521827
0.0513969
0.050631
0.0498852
0.0491604
0.0484581
0.0477811
0.0471335
0.0465216
0.0459546
0.0454458
0.0450141
0.0446863
0.0444999
0.961692
0.892185
0.829084
0.771728
0.719523
0.671944
0.628523
0.588843
0.552532
0.519258
0.488725
0.460668
0.434851
0.411062
0.389111
0.368829
0.350064
0.332678
0.316549
0.301566
0.287629
0.274649
0.262545
0.251243
0.240678
0.230789
0.221522
0.212829
0.204663
0.196986
0.189758
0.182948
0.176524
0.170458
0.164725
0.1593
0.154163
0.149293
0.144672
0.140285
0.136115
0.132148
0.128371
0.124772
0.12134
0.118066
0.114938
0.111949
0.10909
0.106354
0.103733
0.101221
0.0988126
0.096501
0.0942812
0.0921483
0.0900976
0.0881248
0.0862258
0.0843969
0.0826344
0.080935
0.0792955
0.077713
0.0761847
0.0747079
0.0732803
0.0718993
0.0705629
0.0692689
0.0680153
0.0668004
0.0656222
0.0644792
0.0633696
0.0622921
0.061245
0.0602272
0.0592371
0.0582737
0.0573357
0.0564221
0.0555317
0.0546637
0.0538172
0.0529914
0.0521859
0.0514003
0.0506345
0.0498887
0.049164
0.0484618
0.0477849
0.0471373
0.0465255
0.0459585
0.0454497
0.045018
0.0446903
0.0445038
0.961692
0.892185
0.829084
0.771728
0.719523
0.671944
0.628523
0.588843
0.552532
0.519258
0.488725
0.460668
0.434851
0.411062
0.389111
0.368829
0.350064
0.332678
0.316549
0.301566
0.287629
0.274649
0.262545
0.251243
0.240678
0.230789
0.221522
0.212829
0.204663
0.196986
0.189759
0.182949
0.176525
0.170459
0.164725
0.159301
0.154163
0.149293
0.144673
0.140285
0.136115
0.132148
0.128371
0.124773
0.121341
0.118066
0.114939
0.11195
0.109091
0.106355
0.103734
0.101222
0.0988137
0.0965021
0.0942823
0.0921494
0.0900988
0.0881261
0.0862272
0.0843983
0.0826358
0.0809365
0.0792971
0.0777146
0.0761864
0.0747097
0.0732821
0.0719012
0.0705648
0.0692709
0.0680174
0.0668025
0.0656245
0.0644815
0.063372
0.0622945
0.0612476
0.0602298
0.0592399
0.0582766
0.0573387
0.0564251
0.0555348
0.0546669
0.0538205
0.0529949
0.0521895
0.051404
0.0506382
0.0498926
0.0491679
0.0484658
0.047789
0.0471415
0.0465297
0.0459628
0.045454
0.0450223
0.0446946
0.044508
0.961692
0.892184
0.829084
0.771728
0.719523
0.671944
0.628523
0.588843
0.552532
0.519258
0.488725
0.460668
0.434851
0.411062
0.389111
0.368829
0.350064
0.332678
0.316549
0.301566
0.287629
0.274649
0.262545
0.251243
0.240678
0.230789
0.221523
0.212829
0.204664
0.196986
0.189759
0.182949
0.176525
0.170459
0.164726
0.159301
0.154164
0.149294
0.144674
0.140286
0.136116
0.132149
0.128372
0.124773
0.121342
0.118067
0.11494
0.111951
0.109092
0.106356
0.103735
0.101224
0.0988148
0.0965032
0.0942835
0.0921507
0.0901001
0.0881275
0.0862286
0.0843998
0.0826374
0.0809381
0.0792988
0.0777164
0.0761882
0.0747116
0.073284
0.0719032
0.0705669
0.0692731
0.0680197
0.0668049
0.0656269
0.064484
0.0633746
0.0622972
0.0612504
0.0602327
0.0592429
0.0582796
0.0573418
0.0564284
0.0555382
0.0546704
0.0538241
0.0529986
0.0521933
0.0514079
0.0506423
0.0498967
0.0491722
0.0484702
0.0477934
0.047146
0.0465343
0.0459674
0.0454586
0.045027
0.0446992
0.0445127
0.961692
0.892184
0.829084
0.771728
0.719523
0.671944
0.628523
0.588843
0.552532
0.519258
0.488725
0.460668
0.434851
0.411062
0.389111
0.368829
0.350064
0.332678
0.316549
0.301566
0.287629
0.274649
0.262545
0.251244
0.240678
0.230789
0.221523
0.212829
0.204664
0.196986
0.189759
0.182949
0.176525
0.17046
0.164726
0.159301
0.154164
0.149294
0.144674
0.140287
0.136116
0.132149
0.128373
0.124774
0.121343
0.118068
0.114941
0.111952
0.109093
0.106357
0.103736
0.101225
0.098816
0.0965045
0.0942848
0.0921521
0.0901015
0.0881289
0.0862301
0.0844014
0.082639
0.0809398
0.0793005
0.0777182
0.0761901
0.0747136
0.0732861
0.0719054
0.0705691
0.0692754
0.0680221
0.0668074
0.0656294
0.0644866
0.0633774
0.0623001
0.0612533
0.0602357
0.059246
0.0582829
0.0573452
0.0564319
0.0555418
0.0546741
0.053828
0.0530026
0.0521974
0.0514121
0.0506466
0.0499012
0.0491767
0.0484748
0.0477981
0.0471508
0.0465391
0.0459723
0.0454636
0.0450319
0.0447042
0.0445176
0.961692
0.892184
0.829084
0.771727
0.719523
0.671944
0.628523
0.588843
0.552532
0.519258
0.488725
0.460668
0.434851
0.411062
0.389111
0.368829
0.350064
0.332678
0.316549
0.301566
0.28763
0.27465
0.262545
0.251244
0.240678
0.23079
0.221523
0.21283
0.204664
0.196987
0.18976
0.18295
0.176526
0.17046
0.164727
0.159302
0.154165
0.149295
0.144675
0.140287
0.136117
0.13215
0.128373
0.124775
0.121344
0.118069
0.114942
0.111953
0.109094
0.106358
0.103737
0.101226
0.0988172
0.0965058
0.0942862
0.0921535
0.090103
0.0881305
0.0862317
0.084403
0.0826408
0.0809416
0.0793024
0.0777202
0.0761921
0.0747157
0.0732883
0.0719076
0.0705715
0.0692778
0.0680246
0.06681
0.0656321
0.0644894
0.0633803
0.0623031
0.0612564
0.060239
0.0592493
0.0582863
0.0573488
0.0564355
0.0555456
0.054678
0.053832
0.0530067
0.0522017
0.0514165
0.0506511
0.0499058
0.0491814
0.0484796
0.0478031
0.0471558
0.0465442
0.0459775
0.0454688
0.0450372
0.0447094
0.0445228
0.961692
0.892184
0.829084
0.771727
0.719523
0.671944
0.628523
0.588843
0.552532
0.519258
0.488725
0.460668
0.434851
0.411062
0.389111
0.36883
0.350064
0.332678
0.316549
0.301566
0.28763
0.27465
0.262546
0.251244
0.240679
0.23079
0.221523
0.21283
0.204665
0.196987
0.18976
0.18295
0.176526
0.17046
0.164727
0.159302
0.154165
0.149296
0.144675
0.140288
0.136118
0.132151
0.128374
0.124776
0.121344
0.11807
0.114943
0.111954
0.109095
0.106359
0.103738
0.101227
0.0988185
0.0965071
0.0942876
0.0921549
0.0901045
0.0881321
0.0862334
0.0844048
0.0826426
0.0809435
0.0793044
0.0777222
0.0761942
0.0747178
0.0732905
0.07191
0.0705739
0.0692803
0.0680272
0.0668127
0.0656349
0.0644924
0.0633833
0.0623062
0.0612597
0.0602423
0.0592528
0.0582899
0.0573525
0.0564393
0.0555495
0.0546821
0.0538362
0.053011
0.0522061
0.0514211
0.0506558
0.0499106
0.0491864
0.0484847
0.0478082
0.0471611
0.0465496
0.0459829
0.0454742
0.0450426
0.0447148
0.0445283
0.961692
0.892184
0.829084
0.771727
0.719523
0.671944
0.628523
0.588843
0.552532
0.519258
0.488725
0.460668
0.434851
0.411062
0.389111
0.36883
0.350064
0.332678
0.316549
0.301566
0.28763
0.27465
0.262546
0.251244
0.240679
0.23079
0.221524
0.21283
0.204665
0.196987
0.18976
0.18295
0.176527
0.170461
0.164727
0.159303
0.154166
0.149296
0.144676
0.140289
0.136118
0.132152
0.128375
0.124777
0.121345
0.118071
0.114944
0.111955
0.109096
0.10636
0.10374
0.101228
0.0988198
0.0965085
0.094289
0.0921565
0.0901061
0.0881337
0.0862351
0.0844066
0.0826445
0.0809454
0.0793064
0.0777243
0.0761964
0.0747201
0.0732929
0.0719124
0.0705764
0.069283
0.0680299
0.0668155
0.0656379
0.0644954
0.0633864
0.0623094
0.061263
0.0602457
0.0592564
0.0582936
0.0573563
0.0564433
0.0555536
0.0546863
0.0538405
0.0530155
0.0522107
0.0514258
0.0506607
0.0499157
0.0491915
0.04849
0.0478136
0.0471666
0.0465551
0.0459885
0.0454799
0.0450483
0.0447205
0.0445339
0.961692
0.892184
0.829084
0.771727
0.719523
0.671944
0.628523
0.588843
0.552532
0.519258
0.488725
0.460668
0.434851
0.411062
0.389111
0.36883
0.350064
0.332679
0.316549
0.301566
0.28763
0.27465
0.262546
0.251244
0.240679
0.23079
0.221524
0.21283
0.204665
0.196988
0.189761
0.182951
0.176527
0.170461
0.164728
0.159303
0.154166
0.149297
0.144677
0.140289
0.136119
0.132152
0.128376
0.124778
0.121346
0.118072
0.114945
0.111956
0.109097
0.106361
0.103741
0.10123
0.0988212
0.0965099
0.0942905
0.092158
0.0901078
0.0881354
0.0862369
0.0844084
0.0826464
0.0809474
0.0793085
0.0777265
0.0761987
0.0747224
0.0732953
0.0719149
0.070579
0.0692856
0.0680327
0.0668184
0.0656408
0.0644985
0.0633896
0.0623127
0.0612664
0.0602493
0.05926
0.0582974
0.0573602
0.0564474
0.0555578
0.0546906
0.053845
0.0530201
0.0522155
0.0514307
0.0506657
0.0499208
0.0491968
0.0484954
0.0478191
0.0471722
0.0465608
0.0459942
0.0454857
0.0450541
0.0447264
0.0445398
0.961692
0.892184
0.829084
0.771727
0.719523
0.671944
0.628523
0.588843
0.552532
0.519258
0.488725
0.460668
0.434851
0.411062
0.389111
0.36883
0.350064
0.332679
0.31655
0.301567
0.28763
0.27465
0.262546
0.251244
0.240679
0.230791
0.221524
0.212831
0.204666
0.196988
0.189761
0.182951
0.176527
0.170462
0.164728
0.159304
0.154167
0.149297
0.144677
0.14029
0.13612
0.132153
0.128377
0.124778
0.121347
0.118073
0.114946
0.111957
0.109098
0.106362
0.103742
0.101231
0.0988226
0.0965114
0.094292
0.0921596
0.0901094
0.0881371
0.0862387
0.0844103
0.0826483
0.0809495
0.0793106
0.0777287
0.0762009
0.0747248
0.0732977
0.0719174
0.0705817
0.0692884
0.0680356
0.0668213
0.0656439
0.0645016
0.0633929
0.0623161
0.0612699
0.0602529
0.0592638
0.0583013
0.0573642
0.0564515
0.0555621
0.0546951
0.0538496
0.0530248
0.0522203
0.0514357
0.0506709
0.0499261
0.0492022
0.0485009
0.0478248
0.0471779
0.0465667
0.0460002
0.0454917
0.0450601
0.0447324
0.0445458
0.961692
0.892184
0.829084
0.771727
0.719523
0.671944
0.628523
0.588843
0.552532
0.519258
0.488725
0.460668
0.434851
0.411062
0.389111
0.36883
0.350064
0.332679
0.31655
0.301567
0.28763
0.27465
0.262546
0.251245
0.240679
0.230791
0.221524
0.212831
0.204666
0.196988
0.189762
0.182952
0.176528
0.170462
0.164729
0.159305
0.154168
0.149298
0.144678
0.140291
0.136121
0.132154
0.128378
0.124779
0.121348
0.118074
0.114947
0.111958
0.1091
0.106364
0.103744
0.101232
0.098824
0.0965129
0.0942936
0.0921612
0.0901111
0.0881389
0.0862405
0.0844122
0.0826503
0.0809515
0.0793127
0.0777309
0.0762033
0.0747272
0.0733002
0.07192
0.0705844
0.0692912
0.0680384
0.0668243
0.065647
0.0645048
0.0633962
0.0623196
0.0612735
0.0602566
0.0592676
0.0583052
0.0573683
0.0564557
0.0555664
0.0546996
0.0538542
0.0530296
0.0522253
0.0514408
0.0506761
0.0499315
0.0492077
0.0485065
0.0478305
0.0471838
0.0465726
0.0460062
0.0454977
0.0450662
0.0447385
0.0445519
0.961692
0.892184
0.829084
0.771727
0.719523
0.671944
0.628523
0.588843
0.552532
0.519258
0.488725
0.460668
0.434851
0.411062
0.389111
0.36883
0.350064
0.332679
0.31655
0.301567
0.28763
0.27465
0.262546
0.251245
0.24068
0.230791
0.221525
0.212831
0.204666
0.196989
0.189762
0.182952
0.176528
0.170463
0.164729
0.159305
0.154168
0.149299
0.144679
0.140291
0.136121
0.132155
0.128378
0.12478
0.121349
0.118075
0.114948
0.111959
0.109101
0.106365
0.103745
0.101234
0.0988254
0.0965144
0.0942952
0.0921629
0.0901128
0.0881407
0.0862424
0.0844141
0.0826523
0.0809536
0.0793149
0.0777331
0.0762056
0.0747296
0.0733028
0.0719227
0.0705871
0.069294
0.0680414
0.0668273
0.0656501
0.0645081
0.0633996
0.062323
0.0612771
0.0602603
0.0592714
0.0583092
0.0573724
0.05646
0.0555708
0.0547041
0.0538589
0.0530345
0.0522303
0.0514459
0.0506814
0.0499369
0.0492133
0.0485122
0.0478363
0.0471897
0.0465787
0.0460123
0.0455039
0.0450724
0.0447447
0.044558
0.961692
0.892184
0.829084
0.771727
0.719523
0.671944
0.628523
0.588843
0.552532
0.519258
0.488725
0.460668
0.434851
0.411062
0.389111
0.36883
0.350064
0.332679
0.31655
0.301567
0.28763
0.27465
0.262546
0.251245
0.24068
0.230791
0.221525
0.212831
0.204666
0.196989
0.189762
0.182952
0.176529
0.170463
0.16473
0.159306
0.154169
0.149299
0.144679
0.140292
0.136122
0.132156
0.128379
0.124781
0.12135
0.118076
0.114949
0.11196
0.109102
0.106366
0.103746
0.101235
0.0988269
0.0965159
0.0942967
0.0921645
0.0901145
0.0881425
0.0862442
0.0844161
0.0826543
0.0809557
0.0793171
0.0777354
0.076208
0.0747321
0.0733053
0.0719253
0.0705898
0.0692968
0.0680443
0.0668304
0.0656533
0.0645113
0.0634029
0.0623265
0.0612807
0.0602641
0.0592753
0.0583132
0.0573765
0.0564642
0.0555753
0.0547087
0.0538636
0.0530393
0.0522353
0.0514511
0.0506867
0.0499423
0.0492189
0.048518
0.0478422
0.0471957
0.0465847
0.0460184
0.0455101
0.0450787
0.044751
0.0445643
0.961692
0.892184
0.829084
0.771727
0.719522
0.671944
0.628523
0.588843
0.552532
0.519258
0.488725
0.460668
0.434851
0.411062
0.389111
0.36883
0.350064
0.332679
0.31655
0.301567
0.28763
0.274651
0.262547
0.251245
0.24068
0.230791
0.221525
0.212832
0.204667
0.196989
0.189763
0.182953
0.176529
0.170464
0.164731
0.159306
0.154169
0.1493
0.14468
0.140293
0.136123
0.132156
0.12838
0.124782
0.121351
0.118077
0.11495
0.111961
0.109103
0.106367
0.103747
0.101236
0.0988283
0.0965174
0.0942983
0.0921661
0.0901162
0.0881442
0.0862461
0.084418
0.0826564
0.0809578
0.0793193
0.0777377
0.0762103
0.0747345
0.0733079
0.0719279
0.0705926
0.0692997
0.0680472
0.0668334
0.0656564
0.0645146
0.0634063
0.06233
0.0612843
0.0602678
0.0592792
0.0583172
0.0573807
0.0564685
0.0555797
0.0547132
0.0538683
0.0530442
0.0522403
0.0514563
0.050692
0.0499478
0.0492245
0.0485238
0.0478481
0.0472017
0.0465908
0.0460246
0.0455164
0.045085
0.0447573
0.0445706
0.961692
0.892184
0.829084
0.771727
0.719522
0.671944
0.628523
0.588843
0.552532
0.519258
0.488725
0.460668
0.434851
0.411062
0.389111
0.36883
0.350065
0.332679
0.31655
0.301567
0.28763
0.274651
0.262547
0.251245
0.24068
0.230792
0.221525
0.212832
0.204667
0.19699
0.189763
0.182953
0.17653
0.170464
0.164731
0.159307
0.15417
0.149301
0.144681
0.140293
0.136124
0.132157
0.128381
0.124783
0.121352
0.118078
0.114951
0.111962
0.109104
0.106369
0.103749
0.101238
0.0988297
0.0965189
0.0942999
0.0921678
0.0901179
0.088146
0.086248
0.0844199
0.0826584
0.0809599
0.0793214
0.07774
0.0762127
0.074737
0.0733104
0.0719306
0.0705953
0.0693025
0.0680502
0.0668365
0.0656596
0.0645179
0.0634097
0.0623335
0.0612879
0.0602716
0.0592831
0.0583212
0.0573848
0.0564728
0.0555841
0.0547178
0.053873
0.0530491
0.0522453
0.0514614
0.0506973
0.0499533
0.0492302
0.0485295
0.047854
0.0472077
0.046597
0.0460308
0.0455226
0.0450913
0.0447636
0.0445769
0.961692
0.892184
0.829084
0.771727
0.719522
0.671944
0.628523
0.588843
0.552532
0.519258
0.488725
0.460668
0.434851
0.411062
0.389111
0.36883
0.350065
0.332679
0.31655
0.301567
0.287631
0.274651
0.262547
0.251245
0.24068
0.230792
0.221526
0.212832
0.204667
0.19699
0.189763
0.182954
0.17653
0.170465
0.164731
0.159307
0.15417
0.149301
0.144681
0.140294
0.136124
0.132158
0.128382
0.124784
0.121353
0.118079
0.114952
0.111964
0.109105
0.10637
0.10375
0.101239
0.0988311
0.0965203
0.0943014
0.0921694
0.0901196
0.0881478
0.0862498
0.0844218
0.0826604
0.080962
0.0793236
0.0777422
0.076215
0.0747394
0.0733129
0.0719332
0.070598
0.0693053
0.0680531
0.0668395
0.0656627
0.0645211
0.063413
0.062337
0.0612915
0.0602753
0.0592869
0.0583252
0.0573889
0.0564771
0.0555885
0.0547223
0.0538777
0.0530539
0.0522503
0.0514666
0.0507026
0.0499587
0.0492357
0.0485352
0.0478599
0.0472137
0.046603
0.046037
0.0455288
0.0450975
0.0447698
0.0445831
0.961692
0.892184
0.829084
0.771727
0.719522
0.671944
0.628523
0.588843
0.552532
0.519258
0.488725
0.460668
0.434851
0.411062
0.389111
0.36883
0.350065
0.332679
0.31655
0.301567
0.287631
0.274651
0.262547
0.251246
0.24068
0.230792
0.221526
0.212832
0.204668
0.19699
0.189764
0.182954
0.17653
0.170465
0.164732
0.159308
0.154171
0.149302
0.144682
0.140295
0.136125
0.132159
0.128383
0.124785
0.121354
0.11808
0.114953
0.111965
0.109107
0.106371
0.103751
0.10124
0.0988325
0.0965218
0.094303
0.092171
0.0901213
0.0881495
0.0862516
0.0844237
0.0826623
0.0809641
0.0793257
0.0777444
0.0762173
0.0747418
0.0733154
0.0719358
0.0706007
0.0693081
0.068056
0.0668425
0.0656658
0.0645243
0.0634163
0.0623404
0.0612951
0.060279
0.0592907
0.0583291
0.057393
0.0564813
0.0555928
0.0547268
0.0538824
0.0530587
0.0522552
0.0514717
0.0507079
0.0499641
0.0492413
0.0485409
0.0478657
0.0472196
0.0466091
0.0460431
0.045535
0.0451038
0.0447761
0.0445893
0.961692
0.892184
0.829084
0.771727
0.719522
0.671944
0.628523
0.588843
0.552532
0.519258
0.488725
0.460668
0.434851
0.411062
0.389111
0.36883
0.350065
0.332679
0.31655
0.301567
0.287631
0.274651
0.262547
0.251246
0.240681
0.230792
0.221526
0.212833
0.204668
0.196991
0.189764
0.182954
0.176531
0.170465
0.164732
0.159308
0.154172
0.149302
0.144683
0.140296
0.136126
0.13216
0.128384
0.124786
0.121355
0.118081
0.114954
0.111966
0.109108
0.106372
0.103753
0.101242
0.0988339
0.0965233
0.0943045
0.0921726
0.090123
0.0881513
0.0862534
0.0844256
0.0826643
0.0809661
0.0793279
0.0777466
0.0762196
0.0747442
0.0733179
0.0719383
0.0706033
0.0693108
0.0680588
0.0668454
0.0656688
0.0645275
0.0634196
0.0623438
0.0612986
0.0602826
0.0592945
0.058333
0.057397
0.0564854
0.0555971
0.0547313
0.0538869
0.0530634
0.0522601
0.0514767
0.050713
0.0499695
0.0492468
0.0485465
0.0478714
0.0472255
0.046615
0.0460492
0.0455411
0.0451099
0.0447822
0.0445955
0.961692
0.892184
0.829084
0.771727
0.719522
0.671944
0.628523
0.588843
0.552532
0.519258
0.488725
0.460668
0.434851
0.411062
0.389111
0.36883
0.350065
0.332679
0.31655
0.301567
0.287631
0.274651
0.262547
0.251246
0.240681
0.230792
0.221526
0.212833
0.204668
0.196991
0.189764
0.182955
0.176531
0.170466
0.164733
0.159309
0.154172
0.149303
0.144683
0.140296
0.136127
0.13216
0.128384
0.124786
0.121356
0.118082
0.114955
0.111967
0.109109
0.106374
0.103754
0.101243
0.0988353
0.0965247
0.094306
0.0921741
0.0901246
0.088153
0.0862552
0.0844275
0.0826662
0.0809681
0.0793299
0.0777488
0.0762218
0.0747465
0.0733203
0.0719408
0.0706059
0.0693135
0.0680616
0.0668483
0.0656718
0.0645306
0.0634228
0.0623471
0.061302
0.0602861
0.0592981
0.0583368
0.057401
0.0564895
0.0556014
0.0547356
0.0538914
0.0530681
0.0522649
0.0514816
0.0507181
0.0499747
0.0492521
0.0485521
0.0478771
0.0472313
0.0466209
0.0460551
0.0455472
0.045116
0.0447883
0.0446016
0.961692
0.892184
0.829084
0.771727
0.719522
0.671944
0.628523
0.588843
0.552532
0.519258
0.488725
0.460668
0.434851
0.411062
0.389111
0.36883
0.350065
0.332679
0.31655
0.301567
0.287631
0.274651
0.262547
0.251246
0.240681
0.230793
0.221526
0.212833
0.204668
0.196991
0.189765
0.182955
0.176532
0.170466
0.164733
0.159309
0.154173
0.149303
0.144684
0.140297
0.136127
0.132161
0.128385
0.124787
0.121357
0.118083
0.114956
0.111968
0.10911
0.106375
0.103755
0.101244
0.0988366
0.0965261
0.0943074
0.0921757
0.0901262
0.0881546
0.0862569
0.0844293
0.0826681
0.08097
0.079332
0.0777509
0.076224
0.0747488
0.0733226
0.0719433
0.0706085
0.0693161
0.0680643
0.0668511
0.0656748
0.0645336
0.063426
0.0623504
0.0613054
0.0602896
0.0593018
0.0583405
0.0574048
0.0564935
0.0556055
0.0547399
0.0538958
0.0530726
0.0522696
0.0514865
0.0507231
0.0499798
0.0492574
0.0485575
0.0478826
0.0472369
0.0466267
0.046061
0.0455531
0.0451219
0.0447943
0.0446075
0.961692
0.892184
0.829084
0.771727
0.719522
0.671944
0.628523
0.588843
0.552532
0.519258
0.488725
0.460668
0.434851
0.411062
0.389111
0.36883
0.350065
0.332679
0.31655
0.301567
0.287631
0.274651
0.262547
0.251246
0.240681
0.230793
0.221527
0.212833
0.204669
0.196991
0.189765
0.182955
0.176532
0.170467
0.164734
0.15931
0.154173
0.149304
0.144684
0.140297
0.136128
0.132162
0.128386
0.124788
0.121357
0.118084
0.114957
0.111969
0.109111
0.106376
0.103756
0.101246
0.0988379
0.0965274
0.0943088
0.0921771
0.0901277
0.0881562
0.0862586
0.084431
0.0826699
0.0809719
0.0793339
0.0777529
0.0762262
0.074751
0.0733249
0.0719457
0.0706109
0.0693187
0.068067
0.0668539
0.0656776
0.0645366
0.063429
0.0623536
0.0613087
0.060293
0.0593053
0.0583442
0.0574086
0.0564974
0.0556095
0.0547441
0.0539001
0.0530771
0.0522742
0.0514912
0.050728
0.0499849
0.0492626
0.0485628
0.047888
0.0472425
0.0466323
0.0460667
0.0455589
0.0451278
0.0448002
0.0446134
0.961692
0.892184
0.829084
0.771727
0.719522
0.671944
0.628523
0.588843
0.552532
0.519258
0.488725
0.460668
0.434851
0.411062
0.389111
0.36883
0.350065
0.332679
0.31655
0.301567
0.287631
0.274651
0.262548
0.251246
0.240681
0.230793
0.221527
0.212834
0.204669
0.196992
0.189765
0.182956
0.176532
0.170467
0.164734
0.15931
0.154174
0.149305
0.144685
0.140298
0.136129
0.132163
0.128387
0.124789
0.121358
0.118084
0.114958
0.11197
0.109112
0.106377
0.103757
0.101247
0.0988392
0.0965287
0.0943102
0.0921786
0.0901292
0.0881578
0.0862602
0.0844327
0.0826717
0.0809738
0.0793359
0.0777549
0.0762283
0.0747532
0.0733272
0.071948
0.0706134
0.0693212
0.0680696
0.0668566
0.0656804
0.0645394
0.063432
0.0623567
0.0613119
0.0602963
0.0593087
0.0583477
0.0574123
0.0565012
0.0556134
0.0547481
0.0539043
0.0530814
0.0522787
0.0514958
0.0507328
0.0499898
0.0492676
0.048568
0.0478933
0.0472479
0.0466378
0.0460723
0.0455645
0.0451335
0.0448059
0.0446191
0.961692
0.892184
0.829084
0.771727
0.719522
0.671944
0.628523
0.588843
0.552532
0.519258
0.488725
0.460668
0.434851
0.411062
0.389111
0.36883
0.350065
0.332679
0.31655
0.301567
0.287631
0.274652
0.262548
0.251246
0.240681
0.230793
0.221527
0.212834
0.204669
0.196992
0.189766
0.182956
0.176533
0.170467
0.164735
0.159311
0.154174
0.149305
0.144685
0.140299
0.136129
0.132163
0.128387
0.12479
0.121359
0.118085
0.114959
0.111971
0.109113
0.106378
0.103758
0.101248
0.0988404
0.09653
0.0943115
0.09218
0.0901307
0.0881593
0.0862618
0.0844344
0.0826734
0.0809756
0.0793377
0.0777569
0.0762303
0.0747552
0.0733294
0.0719502
0.0706157
0.0693236
0.0680721
0.0668592
0.0656831
0.0645422
0.0634349
0.0623597
0.061315
0.0602996
0.059312
0.0583512
0.0574158
0.0565049
0.0556172
0.054752
0.0539084
0.0530856
0.052283
0.0515003
0.0507374
0.0499945
0.0492725
0.048573
0.0478985
0.0472531
0.0466432
0.0460777
0.04557
0.045139
0.0448114
0.0446246
0.961692
0.892184
0.829084
0.771727
0.719522
0.671944
0.628523
0.588843
0.552532
0.519258
0.488725
0.460668
0.434851
0.411062
0.389111
0.36883
0.350065
0.332679
0.31655
0.301568
0.287631
0.274652
0.262548
0.251246
0.240682
0.230793
0.221527
0.212834
0.204669
0.196992
0.189766
0.182956
0.176533
0.170468
0.164735
0.159311
0.154175
0.149306
0.144686
0.140299
0.13613
0.132164
0.128388
0.12479
0.12136
0.118086
0.11496
0.111972
0.109114
0.106379
0.103759
0.101249
0.0988416
0.0965313
0.0943128
0.0921813
0.0901321
0.0881608
0.0862634
0.084436
0.0826751
0.0809773
0.0793395
0.0777588
0.0762322
0.0747573
0.0733314
0.0719524
0.070618
0.069326
0.0680745
0.0668617
0.0656857
0.0645449
0.0634377
0.0623626
0.061318
0.0603027
0.0593152
0.0583545
0.0574193
0.0565084
0.0556209
0.0547559
0.0539123
0.0530897
0.0522872
0.0515046
0.0507419
0.0499991
0.0492772
0.0485778
0.0479034
0.0472582
0.0466484
0.046083
0.0455754
0.0451444
0.0448168
0.04463
0.961692
0.892184
0.829084
0.771727
0.719522
0.671944
0.628523
0.588843
0.552532
0.519258
0.488725
0.460668
0.434851
0.411062
0.389111
0.36883
0.350065
0.332679
0.31655
0.301568
0.287631
0.274652
0.262548
0.251247
0.240682
0.230793
0.221527
0.212834
0.20467
0.196992
0.189766
0.182957
0.176533
0.170468
0.164735
0.159312
0.154175
0.149306
0.144687
0.1403
0.13613
0.132164
0.128389
0.124791
0.121361
0.118087
0.114961
0.111973
0.109115
0.10638
0.103761
0.10125
0.0988427
0.0965324
0.0943141
0.0921826
0.0901334
0.0881622
0.0862648
0.0844375
0.0826767
0.080979
0.0793413
0.0777606
0.0762341
0.0747592
0.0733335
0.0719545
0.0706201
0.0693282
0.0680769
0.0668641
0.0656882
0.0645475
0.0634404
0.0623653
0.0613209
0.0603056
0.0593183
0.0583577
0.0574226
0.0565118
0.0556245
0.0547595
0.0539161
0.0530936
0.0522912
0.0515088
0.0507461
0.0500035
0.0492818
0.0485825
0.0479082
0.0472631
0.0466534
0.0460881
0.0455805
0.0451495
0.044822
0.0446352
0.961692
0.892184
0.829084
0.771727
0.719522
0.671944
0.628523
0.588843
0.552532
0.519258
0.488724
0.460668
0.434851
0.411062
0.389111
0.36883
0.350065
0.332679
0.31655
0.301568
0.287631
0.274652
0.262548
0.251247
0.240682
0.230793
0.221527
0.212834
0.20467
0.196993
0.189766
0.182957
0.176534
0.170469
0.164736
0.159312
0.154175
0.149306
0.144687
0.1403
0.136131
0.132165
0.128389
0.124792
0.121361
0.118088
0.114961
0.111973
0.109116
0.106381
0.103762
0.101251
0.0988438
0.0965336
0.0943153
0.0921839
0.0901347
0.0881636
0.0862662
0.084439
0.0826782
0.0809806
0.0793429
0.0777623
0.0762359
0.0747611
0.0733354
0.0719565
0.0706222
0.0693304
0.0680791
0.0668664
0.0656906
0.06455
0.063443
0.062368
0.0613236
0.0603085
0.0593213
0.0583608
0.0574257
0.0565151
0.0556279
0.054763
0.0539197
0.0530973
0.0522951
0.0515128
0.0507503
0.0500078
0.0492862
0.048587
0.0479128
0.0472678
0.0466582
0.0460929
0.0455854
0.0451545
0.044827
0.0446401
0.961692
0.892184
0.829084
0.771727
0.719522
0.671944
0.628523
0.588843
0.552532
0.519258
0.488724
0.460668
0.434851
0.411062
0.389111
0.36883
0.350065
0.332679
0.31655
0.301568
0.287631
0.274652
0.262548
0.251247
0.240682
0.230794
0.221528
0.212835
0.20467
0.196993
0.189767
0.182957
0.176534
0.170469
0.164736
0.159312
0.154176
0.149307
0.144687
0.140301
0.136132
0.132166
0.12839
0.124792
0.121362
0.118088
0.114962
0.111974
0.109117
0.106382
0.103762
0.101252
0.0988448
0.0965347
0.0943164
0.092185
0.090136
0.0881649
0.0862676
0.0844404
0.0826797
0.0809821
0.0793445
0.0777639
0.0762376
0.0747628
0.0733372
0.0719584
0.0706242
0.0693324
0.0680812
0.0668686
0.0656929
0.0645524
0.0634454
0.0623706
0.0613263
0.0603112
0.0593241
0.0583637
0.0574288
0.0565182
0.0556311
0.0547664
0.0539232
0.0531009
0.0522988
0.0515166
0.0507542
0.0500119
0.0492904
0.0485913
0.0479172
0.0472723
0.0466627
0.0460976
0.0455901
0.0451593
0.0448317
0.0446449
0.961692
0.892184
0.829084
0.771727
0.719522
0.671944
0.628523
0.588843
0.552532
0.519258
0.488724
0.460668
0.434851
0.411062
0.389111
0.36883
0.350065
0.332679
0.31655
0.301568
0.287631
0.274652
0.262548
0.251247
0.240682
0.230794
0.221528
0.212835
0.20467
0.196993
0.189767
0.182957
0.176534
0.170469
0.164736
0.159313
0.154176
0.149307
0.144688
0.140301
0.136132
0.132166
0.12839
0.124793
0.121363
0.118089
0.114963
0.111975
0.109117
0.106383
0.103763
0.101253
0.0988458
0.0965357
0.0943175
0.0921862
0.0901372
0.0881661
0.0862689
0.0844417
0.0826811
0.0809835
0.079346
0.0777655
0.0762392
0.0747645
0.073339
0.0719602
0.0706261
0.0693344
0.0680832
0.0668707
0.0656951
0.0645546
0.0634478
0.062373
0.0613288
0.0603138
0.0593268
0.0583665
0.0574316
0.0565212
0.0556342
0.0547696
0.0539265
0.0531043
0.0523023
0.0515203
0.050758
0.0500157
0.0492943
0.0485954
0.0479214
0.0472766
0.0466671
0.046102
0.0455946
0.0451638
0.0448363
0.0446494
0.961692
0.892184
0.829084
0.771727
0.719522
0.671944
0.628523
0.588843
0.552532
0.519258
0.488724
0.460668
0.434851
0.411062
0.389111
0.36883
0.350065
0.332679
0.31655
0.301568
0.287631
0.274652
0.262548
0.251247
0.240682
0.230794
0.221528
0.212835
0.20467
0.196993
0.189767
0.182958
0.176534
0.170469
0.164737
0.159313
0.154177
0.149308
0.144688
0.140302
0.136133
0.132167
0.128391
0.124794
0.121363
0.11809
0.114964
0.111976
0.109118
0.106383
0.103764
0.101254
0.0988467
0.0965367
0.0943185
0.0921872
0.0901383
0.0881672
0.0862701
0.084443
0.0826824
0.0809849
0.0793474
0.077767
0.0762407
0.0747661
0.0733406
0.071962
0.0706279
0.0693362
0.0680852
0.0668727
0.0656972
0.0645568
0.06345
0.0623753
0.0613311
0.0603163
0.0593293
0.0583691
0.0574343
0.056524
0.0556371
0.0547726
0.0539296
0.0531075
0.0523057
0.0515237
0.0507615
0.0500194
0.0492981
0.0485992
0.0479254
0.0472807
0.0466713
0.0461063
0.0455989
0.0451681
0.0448406
0.0446537
0.961692
0.892184
0.829084
0.771727
0.719522
0.671944
0.628523
0.588843
0.552532
0.519258
0.488724
0.460668
0.434851
0.411062
0.389111
0.36883
0.350065
0.332679
0.316551
0.301568
0.287632
0.274652
0.262548
0.251247
0.240682
0.230794
0.221528
0.212835
0.20467
0.196993
0.189767
0.182958
0.176535
0.17047
0.164737
0.159313
0.154177
0.149308
0.144689
0.140302
0.136133
0.132167
0.128392
0.124794
0.121364
0.11809
0.114964
0.111976
0.109119
0.106384
0.103765
0.101255
0.0988476
0.0965376
0.0943194
0.0921882
0.0901393
0.0881683
0.0862712
0.0844442
0.0826836
0.0809862
0.0793488
0.0777684
0.0762422
0.0747676
0.0733422
0.0719636
0.0706295
0.069338
0.068087
0.0668746
0.0656991
0.0645588
0.0634521
0.0623774
0.0613334
0.0603186
0.0593317
0.0583716
0.0574369
0.0565267
0.0556398
0.0547754
0.0539326
0.0531106
0.0523088
0.0515269
0.0507649
0.0500228
0.0493016
0.0486029
0.0479291
0.0472845
0.0466752
0.0461102
0.0456029
0.0451721
0.0448446
0.0446578
0.961692
0.892184
0.829084
0.771727
0.719522
0.671944
0.628523
0.588843
0.552532
0.519258
0.488724
0.460668
0.434851
0.411062
0.389111
0.36883
0.350065
0.332679
0.316551
0.301568
0.287632
0.274652
0.262548
0.251247
0.240682
0.230794
0.221528
0.212835
0.204671
0.196994
0.189767
0.182958
0.176535
0.17047
0.164737
0.159314
0.154177
0.149308
0.144689
0.140303
0.136133
0.132168
0.128392
0.124795
0.121364
0.118091
0.114965
0.111977
0.10912
0.106385
0.103766
0.101256
0.0988484
0.0965384
0.0943203
0.0921892
0.0901403
0.0881693
0.0862723
0.0844453
0.0826848
0.0809874
0.07935
0.0777696
0.0762435
0.074769
0.0733437
0.0719651
0.0706311
0.0693396
0.0680886
0.0668763
0.0657009
0.0645607
0.063454
0.0623794
0.0613354
0.0603207
0.0593339
0.0583739
0.0574393
0.0565292
0.0556424
0.0547781
0.0539353
0.0531134
0.0523117
0.05153
0.050768
0.050026
0.049305
0.0486063
0.0479326
0.0472881
0.0466788
0.0461139
0.0456067
0.0451759
0.0448484
0.0446616
0.961692
0.892184
0.829084
0.771727
0.719522
0.671944
0.628523
0.588843
0.552532
0.519258
0.488724
0.460668
0.434851
0.411062
0.389111
0.36883
0.350065
0.332679
0.316551
0.301568
0.287632
0.274652
0.262548
0.251247
0.240682
0.230794
0.221528
0.212835
0.204671
0.196994
0.189768
0.182958
0.176535
0.17047
0.164738
0.159314
0.154177
0.149309
0.144689
0.140303
0.136134
0.132168
0.128392
0.124795
0.121365
0.118091
0.114965
0.111978
0.10912
0.106385
0.103766
0.101256
0.0988491
0.0965392
0.0943212
0.09219
0.0901412
0.0881703
0.0862733
0.0844463
0.0826858
0.0809885
0.0793512
0.0777709
0.0762448
0.0747703
0.073345
0.0719665
0.0706325
0.0693411
0.0680902
0.066878
0.0657026
0.0645624
0.0634558
0.0623813
0.0613374
0.0603227
0.059336
0.058376
0.0574415
0.0565315
0.0556448
0.0547805
0.0539378
0.053116
0.0523145
0.0515328
0.0507709
0.050029
0.0493081
0.0486095
0.0479359
0.0472914
0.0466822
0.0461174
0.0456102
0.0451795
0.044852
0.0446651
0.961692
0.892184
0.829084
0.771727
0.719522
0.671944
0.628523
0.588843
0.552532
0.519258
0.488724
0.460668
0.434851
0.411062
0.389111
0.36883
0.350065
0.332679
0.316551
0.301568
0.287632
0.274652
0.262548
0.251247
0.240682
0.230794
0.221528
0.212835
0.204671
0.196994
0.189768
0.182958
0.176535
0.17047
0.164738
0.159314
0.154178
0.149309
0.14469
0.140303
0.136134
0.132168
0.128393
0.124796
0.121365
0.118092
0.114966
0.111978
0.109121
0.106386
0.103767
0.101257
0.0988498
0.0965399
0.0943219
0.0921908
0.090142
0.0881712
0.0862742
0.0844472
0.0826868
0.0809895
0.0793522
0.077772
0.0762459
0.0747715
0.0733462
0.0719678
0.0706339
0.0693425
0.0680916
0.0668794
0.0657041
0.064564
0.0634575
0.062383
0.0613392
0.0603246
0.0593379
0.058378
0.0574436
0.0565336
0.055647
0.0547828
0.0539402
0.0531185
0.052317
0.0515354
0.0507736
0.0500318
0.0493109
0.0486124
0.0479389
0.0472945
0.0466854
0.0461206
0.0456134
0.0451827
0.0448553
0.0446684
0.961692
0.892184
0.829084
0.771727
0.719522
0.671944
0.628523
0.588843
0.552532
0.519258
0.488724
0.460668
0.434851
0.411062
0.389111
0.36883
0.350065
0.332679
0.316551
0.301568
0.287632
0.274652
0.262548
0.251247
0.240683
0.230794
0.221528
0.212836
0.204671
0.196994
0.189768
0.182959
0.176536
0.170471
0.164738
0.159314
0.154178
0.149309
0.14469
0.140304
0.136134
0.132169
0.128393
0.124796
0.121366
0.118092
0.114966
0.111979
0.109121
0.106387
0.103768
0.101258
0.0988505
0.0965406
0.0943226
0.0921916
0.0901428
0.0881719
0.086275
0.0844481
0.0826877
0.0809905
0.0793532
0.077773
0.076247
0.0747726
0.0733474
0.0719689
0.0706351
0.0693438
0.068093
0.0668808
0.0657055
0.0645655
0.063459
0.0623846
0.0613408
0.0603263
0.0593397
0.0583798
0.0574454
0.0565355
0.055649
0.0547849
0.0539423
0.0531207
0.0523193
0.0515378
0.050776
0.0500343
0.0493135
0.0486151
0.0479417
0.0472973
0.0466882
0.0461235
0.0456164
0.0451857
0.0448583
0.0446714
0.961692
0.892184
0.829084
0.771727
0.719522
0.671943
0.628523
0.588843
0.552532
0.519258
0.488724
0.460668
0.434851
0.411062
0.389111
0.36883
0.350065
0.332679
0.316551
0.301568
0.287632
0.274652
0.262548
0.251247
0.240683
0.230794
0.221528
0.212836
0.204671
0.196994
0.189768
0.182959
0.176536
0.170471
0.164738
0.159314
0.154178
0.14931
0.14469
0.140304
0.136135
0.132169
0.128394
0.124796
0.121366
0.118093
0.114967
0.111979
0.109122
0.106387
0.103768
0.101258
0.098851
0.0965412
0.0943232
0.0921922
0.0901435
0.0881727
0.0862757
0.0844489
0.0826885
0.0809913
0.0793541
0.0777739
0.0762479
0.0747736
0.0733484
0.07197
0.0706362
0.0693449
0.0680941
0.066882
0.0657068
0.0645668
0.0634603
0.062386
0.0613423
0.0603278
0.0593412
0.0583814
0.0574471
0.0565373
0.0556508
0.0547867
0.0539443
0.0531227
0.0523214
0.0515399
0.0507782
0.0500366
0.0493159
0.0486175
0.0479442
0.0472999
0.0466908
0.0461262
0.045619
0.0451884
0.044861
0.0446741
0.961692
0.892184
0.829084
0.771727
0.719522
0.671943
0.628523
0.588843
0.552532
0.519258
0.488724
0.460668
0.434851
0.411062
0.389111
0.36883
0.350065
0.332679
0.316551
0.301568
0.287632
0.274652
0.262549
0.251247
0.240683
0.230794
0.221529
0.212836
0.204671
0.196994
0.189768
0.182959
0.176536
0.170471
0.164738
0.159315
0.154178
0.14931
0.14469
0.140304
0.136135
0.132169
0.128394
0.124797
0.121366
0.118093
0.114967
0.111979
0.109122
0.106388
0.103769
0.101259
0.0988516
0.0965417
0.0943238
0.0921928
0.0901441
0.0881733
0.0862764
0.0844496
0.0826892
0.0809921
0.0793549
0.0777747
0.0762488
0.0747745
0.0733493
0.071971
0.0706372
0.0693459
0.0680952
0.0668831
0.0657079
0.0645679
0.0634616
0.0623872
0.0613436
0.0603291
0.0593426
0.0583829
0.0574486
0.0565388
0.0556524
0.0547884
0.053946
0.0531245
0.0523232
0.0515418
0.0507802
0.0500387
0.049318
0.0486197
0.0479464
0.0473022
0.0466932
0.0461285
0.0456214
0.0451908
0.0448634
0.0446765
0.961692
0.892184
0.829084
0.771727
0.719522
0.671943
0.628523
0.588843
0.552532
0.519258
0.488724
0.460668
0.434851
0.411062
0.389111
0.36883
0.350065
0.332679
0.316551
0.301568
0.287632
0.274652
0.262549
0.251247
0.240683
0.230795
0.221529
0.212836
0.204671
0.196994
0.189768
0.182959
0.176536
0.170471
0.164738
0.159315
0.154179
0.14931
0.144691
0.140304
0.136135
0.13217
0.128394
0.124797
0.121367
0.118093
0.114967
0.11198
0.109123
0.106388
0.103769
0.101259
0.098852
0.0965422
0.0943243
0.0921933
0.0901446
0.0881739
0.086277
0.0844502
0.0826899
0.0809927
0.0793555
0.0777754
0.0762495
0.0747752
0.0733501
0.0719718
0.070638
0.0693468
0.0680961
0.0668841
0.0657089
0.064569
0.0634626
0.0623883
0.0613447
0.0603303
0.0593439
0.0583841
0.0574499
0.0565402
0.0556538
0.0547899
0.0539475
0.0531261
0.0523248
0.0515435
0.050782
0.0500405
0.0493198
0.0486216
0.0479483
0.0473042
0.0466952
0.0461306
0.0456236
0.0451929
0.0448655
0.0446786
0.961692
0.892184
0.829084
0.771727
0.719522
0.671943
0.628523
0.588843
0.552532
0.519258
0.488724
0.460668
0.434851
0.411062
0.389111
0.36883
0.350065
0.332679
0.316551
0.301568
0.287632
0.274652
0.262549
0.251247
0.240683
0.230795
0.221529
0.212836
0.204671
0.196994
0.189768
0.182959
0.176536
0.170471
0.164739
0.159315
0.154179
0.14931
0.144691
0.140304
0.136135
0.13217
0.128394
0.124797
0.121367
0.118094
0.114968
0.11198
0.109123
0.106388
0.103769
0.101259
0.0988524
0.0965426
0.0943247
0.0921937
0.0901451
0.0881743
0.0862775
0.0844507
0.0826904
0.0809933
0.0793561
0.077776
0.0762502
0.0747759
0.0733508
0.0719725
0.0706388
0.0693476
0.0680969
0.0668849
0.0657098
0.0645699
0.0634635
0.0623893
0.0613457
0.0603313
0.0593449
0.0583852
0.0574511
0.0565414
0.055655
0.0547911
0.0539488
0.0531274
0.0523262
0.051545
0.0507835
0.050042
0.0493214
0.0486232
0.04795
0.0473059
0.046697
0.0461324
0.0456254
0.0451948
0.0448674
0.0446805
0.961692
0.892184
0.829084
0.771727
0.719522
0.671943
0.628523
0.588843
0.552532
0.519258
0.488724
0.460668
0.434851
0.411062
0.389111
0.36883
0.350065
0.332679
0.316551
0.301568
0.287632
0.274652
0.262549
0.251247
0.240683
0.230795
0.221529
0.212836
0.204671
0.196995
0.189768
0.182959
0.176536
0.170471
0.164739
0.159315
0.154179
0.14931
0.144691
0.140305
0.136136
0.13217
0.128395
0.124797
0.121367
0.118094
0.114968
0.11198
0.109123
0.106389
0.10377
0.10126
0.0988527
0.0965429
0.094325
0.0921941
0.0901454
0.0881747
0.0862779
0.0844511
0.0826909
0.0809937
0.0793566
0.0777765
0.0762507
0.0747764
0.0733514
0.0719731
0.0706394
0.0693482
0.0680976
0.0668856
0.0657105
0.0645706
0.0634643
0.0623901
0.0613465
0.0603322
0.0593458
0.0583861
0.057452
0.0565423
0.055656
0.0547922
0.0539499
0.0531285
0.0523274
0.0515462
0.0507847
0.0500433
0.0493228
0.0486246
0.0479514
0.0473073
0.0466985
0.0461339
0.0456269
0.0451963
0.0448689
0.044682
0.961692
0.892184
0.829084
0.771727
0.719522
0.671943
0.628523
0.588843
0.552532
0.519258
0.488724
0.460668
0.434851
0.411062
0.389111
0.36883
0.350065
0.332679
0.316551
0.301568
0.287632
0.274652
0.262549
0.251248
0.240683
0.230795
0.221529
0.212836
0.204671
0.196995
0.189768
0.182959
0.176536
0.170471
0.164739
0.159315
0.154179
0.14931
0.144691
0.140305
0.136136
0.13217
0.128395
0.124797
0.121367
0.118094
0.114968
0.111981
0.109123
0.106389
0.10377
0.10126
0.098853
0.0965432
0.0943253
0.0921944
0.0901457
0.088175
0.0862782
0.0844515
0.0826912
0.0809941
0.079357
0.0777769
0.0762511
0.0747769
0.0733518
0.0719735
0.0706399
0.0693487
0.0680981
0.0668861
0.0657111
0.0645712
0.0634649
0.0623907
0.0613472
0.0603329
0.0593465
0.0583869
0.0574528
0.0565431
0.0556568
0.054793
0.0539508
0.0531294
0.0523283
0.0515471
0.0507857
0.0500443
0.0493238
0.0486257
0.0479526
0.0473085
0.0466996
0.0461351
0.0456281
0.0451975
0.0448701
0.0446832
0.961692
0.892184
0.829084
0.771727
0.719522
0.671943
0.628523
0.588843
0.552532
0.519258
0.488724
0.460668
0.434851
0.411062
0.389111
0.36883
0.350065
0.332679
0.316551
0.301568
0.287632
0.274652
0.262549
0.251248
0.240683
0.230795
0.221529
0.212836
0.204671
0.196995
0.189768
0.182959
0.176536
0.170471
0.164739
0.159315
0.154179
0.14931
0.144691
0.140305
0.136136
0.13217
0.128395
0.124798
0.121367
0.118094
0.114968
0.111981
0.109123
0.106389
0.10377
0.10126
0.0988531
0.0965434
0.0943255
0.0921946
0.090146
0.0881753
0.0862785
0.0844517
0.0826915
0.0809944
0.0793573
0.0777772
0.0762514
0.0747772
0.0733521
0.0719739
0.0706402
0.0693491
0.0680985
0.0668865
0.0657115
0.0645716
0.0634654
0.0623912
0.0613476
0.0603334
0.059347
0.0583874
0.0574533
0.0565437
0.0556574
0.0547937
0.0539515
0.0531301
0.052329
0.0515479
0.0507865
0.0500451
0.0493246
0.0486265
0.0479534
0.0473094
0.0467005
0.046136
0.045629
0.0451985
0.0448711
0.0446842
0.961692
0.892184
0.829084
0.771727
0.719522
0.671943
0.628523
0.588843
0.552532
0.519258
0.488724
0.460668
0.434851
0.411062
0.389111
0.36883
0.350065
0.332679
0.316551
0.301568
0.287632
0.274652
0.262549
0.251248
0.240683
0.230795
0.221529
0.212836
0.204671
0.196995
0.189768
0.182959
0.176536
0.170471
0.164739
0.159315
0.154179
0.14931
0.144691
0.140305
0.136136
0.13217
0.128395
0.124798
0.121368
0.118094
0.114968
0.111981
0.109124
0.106389
0.10377
0.10126
0.0988533
0.0965435
0.0943257
0.0921947
0.0901461
0.0881754
0.0862786
0.0844519
0.0826917
0.0809946
0.0793575
0.0777774
0.0762516
0.0747774
0.0733524
0.0719741
0.0706405
0.0693493
0.0680987
0.0668868
0.0657117
0.0645719
0.0634656
0.0623915
0.061348
0.0603337
0.0593474
0.0583878
0.0574537
0.0565441
0.0556578
0.0547941
0.0539519
0.0531306
0.0523295
0.0515483
0.050787
0.0500456
0.0493252
0.0486271
0.047954
0.04731
0.0467011
0.0461366
0.0456297
0.0451991
0.0448717
0.0446848
0.961692
0.892184
0.829084
0.771727
0.719522
0.671943
0.628523
0.588843
0.552532
0.519258
0.488724
0.460668
0.434851
0.411062
0.389111
0.36883
0.350065
0.332679
0.316551
0.301568
0.287632
0.274652
0.262549
0.251248
0.240683
0.230795
0.221529
0.212836
0.204671
0.196995
0.189769
0.182959
0.176536
0.170471
0.164739
0.159315
0.154179
0.14931
0.144691
0.140305
0.136136
0.13217
0.128395
0.124798
0.121368
0.118094
0.114968
0.111981
0.109124
0.106389
0.10377
0.10126
0.0988533
0.0965436
0.0943257
0.0921948
0.0901462
0.0881755
0.0862787
0.084452
0.0826917
0.0809947
0.0793576
0.0777775
0.0762517
0.0747775
0.0733525
0.0719742
0.0706406
0.0693495
0.0680989
0.0668869
0.0657119
0.064572
0.0634658
0.0623916
0.0613481
0.0603338
0.0593475
0.0583879
0.0574539
0.0565443
0.055658
0.0547943
0.0539521
0.0531308
0.0523297
0.0515486
0.0507872
0.0500459
0.0493254
0.0486274
0.0479543
0.0473103
0.0467014
0.046137
0.04563
0.0451994
0.044872
0.0446851
0.961692
0.892184
0.829084
0.771727
0.719522
0.671943
0.628523
0.588843
0.552532
0.519258
0.488724
0.460668
0.434851
0.411062
0.389111
0.36883
0.350065
0.332679
0.316551
0.301568
0.287632
0.274652
0.262549
0.251248
0.240683
0.230795
0.221529
0.212836
0.204671
0.196995
0.189769
0.182959
0.176536
0.170471
0.164739
0.159315
0.154179
0.14931
0.144691
0.140305
0.136136
0.13217
0.128395
0.124798
0.121368
0.118094
0.114968
0.111981
0.109124
0.106389
0.10377
0.10126
0.0988533
0.0965436
0.0943257
0.0921948
0.0901462
0.0881755
0.0862787
0.084452
0.0826917
0.0809946
0.0793576
0.0777775
0.0762517
0.0747775
0.0733525
0.0719742
0.0706406
0.0693494
0.0680988
0.0668869
0.0657119
0.064572
0.0634658
0.0623916
0.0613481
0.0603338
0.0593475
0.0583879
0.0574539
0.0565442
0.055658
0.0547943
0.0539521
0.0531308
0.0523297
0.0515486
0.0507872
0.0500459
0.0493254
0.0486274
0.0479543
0.0473103
0.0467015
0.046137
0.04563
0.0451994
0.044872
0.0446851
0.961692
0.892184
0.829084
0.771727
0.719522
0.671943
0.628523
0.588843
0.552532
0.519258
0.488724
0.460668
0.434851
0.411062
0.389111
0.36883
0.350065
0.332679
0.316551
0.301568
0.287632
0.274652
0.262549
0.251248
0.240683
0.230795
0.221529
0.212836
0.204671
0.196995
0.189768
0.182959
0.176536
0.170471
0.164739
0.159315
0.154179
0.14931
0.144691
0.140305
0.136136
0.13217
0.128395
0.124798
0.121368
0.118094
0.114968
0.111981
0.109124
0.106389
0.10377
0.10126
0.0988532
0.0965435
0.0943256
0.0921947
0.0901461
0.0881754
0.0862786
0.0844519
0.0826916
0.0809945
0.0793574
0.0777774
0.0762516
0.0747774
0.0733523
0.0719741
0.0706404
0.0693493
0.0680987
0.0668867
0.0657117
0.0645718
0.0634656
0.0623914
0.0613479
0.0603336
0.0593473
0.0583877
0.0574537
0.056544
0.0556578
0.054794
0.0539518
0.0531305
0.0523295
0.0515483
0.050787
0.0500456
0.0493252
0.0486271
0.047954
0.04731
0.0467012
0.0461367
0.0456297
0.0451992
0.0448717
0.0446848
0.961692
0.892184
0.829084
0.771727
0.719522
0.671943
0.628523
0.588843
0.552532
0.519258
0.488724
0.460668
0.434851
0.411062
0.389111
0.36883
0.350065
0.332679
0.316551
0.301568
0.287632
0.274652
0.262549
0.251248
0.240683
0.230795
0.221529
0.212836
0.204671
0.196995
0.189768
0.182959
0.176536
0.170471
0.164739
0.159315
0.154179
0.14931
0.144691
0.140305
0.136136
0.13217
0.128395
0.124798
0.121367
0.118094
0.114968
0.111981
0.109123
0.106389
0.10377
0.10126
0.0988531
0.0965433
0.0943255
0.0921946
0.0901459
0.0881752
0.0862784
0.0844517
0.0826914
0.0809943
0.0793572
0.0777772
0.0762513
0.0747771
0.0733521
0.0719738
0.0706402
0.069349
0.0680984
0.0668864
0.0657114
0.0645715
0.0634653
0.0623911
0.0613475
0.0603333
0.0593469
0.0583873
0.0574533
0.0565436
0.0556574
0.0547936
0.0539514
0.0531301
0.052329
0.0515478
0.0507865
0.0500451
0.0493247
0.0486266
0.0479535
0.0473094
0.0467006
0.0461361
0.0456291
0.0451986
0.0448712
0.0446842
0.961692
0.892184
0.829084
0.771727
0.719522
0.671943
0.628523
0.588843
0.552532
0.519258
0.488724
0.460668
0.434851
0.411062
0.389111
0.36883
0.350065
0.332679
0.316551
0.301568
0.287632
0.274652
0.262549
0.251248
0.240683
0.230795
0.221529
0.212836
0.204671
0.196995
0.189768
0.182959
0.176536
0.170471
0.164739
0.159315
0.154179
0.14931
0.144691
0.140305
0.136136
0.13217
0.128395
0.124797
0.121367
0.118094
0.114968
0.111981
0.109123
0.106389
0.10377
0.10126
0.0988529
0.0965431
0.0943253
0.0921943
0.0901457
0.088175
0.0862781
0.0844514
0.0826911
0.080994
0.0793569
0.0777768
0.076251
0.0747768
0.0733517
0.0719734
0.0706398
0.0693486
0.068098
0.066886
0.0657109
0.064571
0.0634648
0.0623906
0.061347
0.0603327
0.0593464
0.0583868
0.0574527
0.056543
0.0556567
0.0547929
0.0539507
0.0531294
0.0523283
0.0515471
0.0507857
0.0500444
0.0493239
0.0486258
0.0479526
0.0473086
0.0466998
0.0461352
0.0456282
0.0451977
0.0448703
0.0446834
0.961692
0.892184
0.829084
0.771727
0.719522
0.671943
0.628523
0.588843
0.552532
0.519258
0.488724
0.460668
0.434851
0.411062
0.389111
0.36883
0.350065
0.332679
0.316551
0.301568
0.287632
0.274652
0.262549
0.251247
0.240683
0.230795
0.221529
0.212836
0.204671
0.196995
0.189768
0.182959
0.176536
0.170471
0.164739
0.159315
0.154179
0.14931
0.144691
0.140305
0.136136
0.13217
0.128394
0.124797
0.121367
0.118094
0.114968
0.11198
0.109123
0.106388
0.10377
0.10126
0.0988526
0.0965428
0.094325
0.092194
0.0901453
0.0881746
0.0862778
0.084451
0.0826907
0.0809936
0.0793565
0.0777764
0.0762505
0.0747763
0.0733512
0.0719729
0.0706392
0.0693481
0.0680974
0.0668854
0.0657103
0.0645704
0.0634641
0.0623899
0.0613463
0.060332
0.0593456
0.058386
0.0574519
0.0565422
0.0556559
0.0547921
0.0539498
0.0531285
0.0523274
0.0515461
0.0507847
0.0500433
0.0493228
0.0486247
0.0479515
0.0473075
0.0466986
0.0461341
0.0456271
0.0451965
0.0448691
0.0446822
0.961692
0.892184
0.829084
0.771727
0.719522
0.671943
0.628523
0.588843
0.552532
0.519258
0.488724
0.460668
0.434851
0.411062
0.389111
0.36883
0.350065
0.332679
0.316551
0.301568
0.287632
0.274652
0.262549
0.251247
0.240683
0.230795
0.221529
0.212836
0.204671
0.196994
0.189768
0.182959
0.176536
0.170471
0.164739
0.159315
0.154179
0.14931
0.144691
0.140304
0.136135
0.13217
0.128394
0.124797
0.121367
0.118094
0.114968
0.11198
0.109123
0.106388
0.103769
0.101259
0.0988523
0.0965425
0.0943246
0.0921936
0.0901449
0.0881742
0.0862773
0.0844506
0.0826903
0.0809931
0.079356
0.0777759
0.07625
0.0747757
0.0733506
0.0719723
0.0706386
0.0693474
0.0680967
0.0668847
0.0657096
0.0645697
0.0634633
0.0623891
0.0613455
0.0603311
0.0593447
0.0583851
0.0574509
0.0565412
0.0556549
0.054791
0.0539487
0.0531273
0.0523262
0.0515449
0.0507835
0.0500421
0.0493215
0.0486233
0.0479502
0.047306
0.0466972
0.0461326
0.0456256
0.045195
0.0448676
0.0446807
0.961692
0.892184
0.829084
0.771727
0.719522
0.671943
0.628523
0.588843
0.552532
0.519258
0.488724
0.460668
0.434851
0.411062
0.389111
0.36883
0.350065
0.332679
0.316551
0.301568
0.287632
0.274652
0.262549
0.251247
0.240683
0.230795
0.221529
0.212836
0.204671
0.196994
0.189768
0.182959
0.176536
0.170471
0.164738
0.159315
0.154179
0.14931
0.144691
0.140304
0.136135
0.132169
0.128394
0.124797
0.121367
0.118093
0.114967
0.11198
0.109122
0.106388
0.103769
0.101259
0.0988519
0.0965421
0.0943241
0.0921932
0.0901445
0.0881737
0.0862768
0.08445
0.0826897
0.0809925
0.0793554
0.0777752
0.0762493
0.074775
0.0733499
0.0719716
0.0706378
0.0693466
0.0680959
0.0668838
0.0657087
0.0645687
0.0634624
0.0623881
0.0613445
0.0603301
0.0593437
0.0583839
0.0574497
0.05654
0.0556536
0.0547897
0.0539474
0.053126
0.0523248
0.0515435
0.050782
0.0500405
0.0493199
0.0486217
0.0479485
0.0473044
0.0466954
0.0461309
0.0456238
0.0451932
0.0448658
0.0446789
0.961692
0.892184
0.829084
0.771727
0.719522
0.671943
0.628523
0.588843
0.552532
0.519258
0.488724
0.460668
0.434851
0.411062
0.389111
0.36883
0.350065
0.332679
0.316551
0.301568
0.287632
0.274652
0.262549
0.251247
0.240683
0.230794
0.221529
0.212836
0.204671
0.196994
0.189768
0.182959
0.176536
0.170471
0.164738
0.159315
0.154178
0.14931
0.14469
0.140304
0.136135
0.132169
0.128394
0.124797
0.121366
0.118093
0.114967
0.111979
0.109122
0.106387
0.103768
0.101258
0.0988514
0.0965416
0.0943236
0.0921926
0.0901439
0.0881731
0.0862762
0.0844494
0.082689
0.0809918
0.0793546
0.0777745
0.0762485
0.0747742
0.0733491
0.0719707
0.0706369
0.0693457
0.0680949
0.0668829
0.0657077
0.0645677
0.0634613
0.062387
0.0613433
0.0603289
0.0593424
0.0583826
0.0574484
0.0565386
0.0556522
0.0547882
0.0539459
0.0531244
0.0523231
0.0515418
0.0507802
0.0500387
0.0493181
0.0486198
0.0479466
0.0473024
0.0466934
0.0461288
0.0456218
0.0451911
0.0448637
0.0446768
0.961692
0.892184
0.829084
0.771727
0.719522
0.671943
0.628523
0.588843
0.552532
0.519258
0.488724
0.460668
0.434851
0.411062
0.389111
0.36883
0.350065
0.332679
0.316551
0.301568
0.287632
0.274652
0.262548
0.251247
0.240683
0.230794
0.221528
0.212836
0.204671
0.196994
0.189768
0.182959
0.176536
0.170471
0.164738
0.159314
0.154178
0.149309
0.14469
0.140304
0.136135
0.132169
0.128393
0.124796
0.121366
0.118093
0.114967
0.111979
0.109122
0.106387
0.103768
0.101258
0.0988509
0.096541
0.0943231
0.092192
0.0901433
0.0881725
0.0862755
0.0844487
0.0826883
0.0809911
0.0793538
0.0777736
0.0762477
0.0747733
0.0733481
0.0719697
0.0706359
0.0693446
0.0680938
0.0668817
0.0657065
0.0645665
0.06346
0.0623857
0.061342
0.0603275
0.059341
0.0583812
0.0574469
0.056537
0.0556506
0.0547866
0.0539441
0.0531226
0.0523213
0.0515399
0.0507783
0.0500367
0.049316
0.0486177
0.0479444
0.0473002
0.0466912
0.0461265
0.0456194
0.0451888
0.0448613
0.0446745
0.961692
0.892184
0.829084
0.771727
0.719522
0.671944
0.628523
0.588843
0.552532
0.519258
0.488724
0.460668
0.434851
0.411062
0.389111
0.36883
0.350065
0.332679
0.316551
0.301568
0.287632
0.274652
0.262548
0.251247
0.240683
0.230794
0.221528
0.212836
0.204671
0.196994
0.189768
0.182959
0.176535
0.17047
0.164738
0.159314
0.154178
0.149309
0.14469
0.140303
0.136134
0.132169
0.128393
0.124796
0.121366
0.118092
0.114966
0.111979
0.109121
0.106386
0.103767
0.101257
0.0988503
0.0965404
0.0943224
0.0921913
0.0901426
0.0881717
0.0862748
0.0844479
0.0826875
0.0809902
0.0793529
0.0777727
0.0762467
0.0747723
0.0733471
0.0719686
0.0706348
0.0693434
0.0680926
0.0668805
0.0657052
0.0645651
0.0634586
0.0623842
0.0613405
0.0603259
0.0593394
0.0583795
0.0574452
0.0565353
0.0556487
0.0547847
0.0539422
0.0531206
0.0523192
0.0515378
0.0507761
0.0500345
0.0493137
0.0486153
0.047942
0.0472977
0.0466886
0.0461239
0.0456168
0.0451862
0.0448587
0.0446718
0.961692
0.892184
0.829084
0.771727
0.719522
0.671944
0.628523
0.588843
0.552532
0.519258
0.488724
0.460668
0.434851
0.411062
0.389111
0.36883
0.350065
0.332679
0.316551
0.301568
0.287632
0.274652
0.262548
0.251247
0.240682
0.230794
0.221528
0.212835
0.204671
0.196994
0.189768
0.182958
0.176535
0.17047
0.164738
0.159314
0.154178
0.149309
0.14469
0.140303
0.136134
0.132168
0.128393
0.124795
0.121365
0.118092
0.114966
0.111978
0.109121
0.106386
0.103767
0.101257
0.0988496
0.0965397
0.0943217
0.0921906
0.0901418
0.0881709
0.0862739
0.084447
0.0826865
0.0809892
0.0793519
0.0777716
0.0762456
0.0747712
0.0733459
0.0719674
0.0706335
0.0693421
0.0680913
0.0668791
0.0657038
0.0645636
0.0634571
0.0623826
0.0613388
0.0603242
0.0593376
0.0583777
0.0574433
0.0565333
0.0556467
0.0547826
0.0539401
0.0531184
0.0523169
0.0515354
0.0507737
0.050032
0.0493111
0.0486127
0.0479393
0.0472949
0.0466858
0.0461211
0.0456139
0.0451833
0.0448558
0.0446689
0.961692
0.892184
0.829084
0.771727
0.719522
0.671944
0.628523
0.588843
0.552532
0.519258
0.488724
0.460668
0.434851
0.411062
0.389111
0.36883
0.350065
0.332679
0.316551
0.301568
0.287632
0.274652
0.262548
0.251247
0.240682
0.230794
0.221528
0.212835
0.204671
0.196994
0.189768
0.182958
0.176535
0.17047
0.164737
0.159314
0.154177
0.149309
0.144689
0.140303
0.136134
0.132168
0.128392
0.124795
0.121365
0.118091
0.114965
0.111977
0.10912
0.106385
0.103766
0.101256
0.0988489
0.096539
0.0943209
0.0921898
0.0901409
0.08817
0.086273
0.084446
0.0826855
0.0809882
0.0793508
0.0777705
0.0762444
0.07477
0.0733446
0.0719661
0.0706322
0.0693407
0.0680898
0.0668776
0.0657022
0.064562
0.0634554
0.0623809
0.061337
0.0603224
0.0593357
0.0583757
0.0574412
0.0565312
0.0556445
0.0547803
0.0539377
0.0531159
0.0523145
0.0515328
0.050771
0.0500292
0.0493083
0.0486098
0.0479363
0.0472919
0.0466828
0.046118
0.0456108
0.0451801
0.0448526
0.0446657
0.961692
0.892184
0.829084
0.771727
0.719522
0.671944
0.628523
0.588843
0.552532
0.519258
0.488724
0.460668
0.434851
0.411062
0.389111
0.36883
0.350065
0.332679
0.316551
0.301568
0.287632
0.274652
0.262548
0.251247
0.240682
0.230794
0.221528
0.212835
0.204671
0.196994
0.189767
0.182958
0.176535
0.17047
0.164737
0.159313
0.154177
0.149308
0.144689
0.140302
0.136133
0.132167
0.128392
0.124795
0.121364
0.118091
0.114965
0.111977
0.109119
0.106385
0.103765
0.101255
0.0988482
0.0965382
0.0943201
0.0921889
0.09014
0.088169
0.086272
0.0844449
0.0826844
0.080987
0.0793496
0.0777693
0.0762432
0.0747686
0.0733433
0.0719647
0.0706307
0.0693392
0.0680882
0.0668759
0.0657005
0.0645602
0.0634536
0.062379
0.061335
0.0603203
0.0593336
0.0583735
0.057439
0.0565289
0.0556422
0.0547779
0.0539352
0.0531133
0.0523118
0.0515301
0.0507682
0.0500263
0.0493053
0.0486067
0.0479332
0.0472887
0.0466795
0.0461146
0.0456074
0.0451767
0.0448492
0.0446623
0.961692
0.892184
0.829084
0.771727
0.719522
0.671944
0.628523
0.588843
0.552532
0.519258
0.488724
0.460668
0.434851
0.411062
0.389111
0.36883
0.350065
0.332679
0.316551
0.301568
0.287632
0.274652
0.262548
0.251247
0.240682
0.230794
0.221528
0.212835
0.20467
0.196993
0.189767
0.182958
0.176535
0.17047
0.164737
0.159313
0.154177
0.149308
0.144689
0.140302
0.136133
0.132167
0.128391
0.124794
0.121364
0.11809
0.114964
0.111976
0.109119
0.106384
0.103765
0.101255
0.0988473
0.0965373
0.0943192
0.0921879
0.090139
0.088168
0.0862709
0.0844438
0.0826832
0.0809858
0.0793484
0.077768
0.0762418
0.0747672
0.0733418
0.0719631
0.0706291
0.0693375
0.0680865
0.0668741
0.0656986
0.0645583
0.0634516
0.062377
0.061333
0.0603182
0.0593313
0.0583712
0.0574366
0.0565264
0.0556396
0.0547752
0.0539325
0.0531105
0.0523089
0.0515271
0.0507651
0.0500231
0.0493021
0.0486034
0.0479297
0.0472852
0.0466759
0.046111
0.0456037
0.045173
0.0448455
0.0446586
0.961692
0.892184
0.829084
0.771727
0.719522
0.671944
0.628523
0.588843
0.552532
0.519258
0.488724
0.460668
0.434851
0.411062
0.389111
0.36883
0.350065
0.332679
0.316551
0.301568
0.287631
0.274652
0.262548
0.251247
0.240682
0.230794
0.221528
0.212835
0.20467
0.196993
0.189767
0.182958
0.176534
0.170469
0.164737
0.159313
0.154176
0.149308
0.144688
0.140302
0.136132
0.132167
0.128391
0.124793
0.121363
0.11809
0.114963
0.111976
0.109118
0.106383
0.103764
0.101254
0.0988464
0.0965364
0.0943182
0.0921869
0.0901379
0.0881669
0.0862697
0.0844426
0.082682
0.0809845
0.079347
0.0777665
0.0762403
0.0747657
0.0733402
0.0719615
0.0706274
0.0693358
0.0680847
0.0668723
0.0656967
0.0645563
0.0634495
0.0623748
0.0613307
0.0603159
0.0593289
0.0583687
0.057434
0.0565238
0.0556369
0.0547724
0.0539296
0.0531075
0.0523058
0.0515239
0.0507618
0.0500198
0.0492986
0.0485999
0.0479261
0.0472815
0.0466721
0.0461072
0.0455999
0.0451691
0.0448416
0.0446547
0.961692
0.892184
0.829084
0.771727
0.719522
0.671944
0.628523
0.588843
0.552532
0.519258
0.488724
0.460668
0.434851
0.411062
0.389111
0.36883
0.350065
0.332679
0.31655
0.301568
0.287631
0.274652
0.262548
0.251247
0.240682
0.230794
0.221528
0.212835
0.20467
0.196993
0.189767
0.182957
0.176534
0.170469
0.164736
0.159313
0.154176
0.149307
0.144688
0.140301
0.136132
0.132166
0.12839
0.124793
0.121362
0.118089
0.114963
0.111975
0.109117
0.106382
0.103763
0.101253
0.0988455
0.0965354
0.0943171
0.0921858
0.0901368
0.0881657
0.0862685
0.0844413
0.0826807
0.0809831
0.0793456
0.077765
0.0762388
0.0747641
0.0733385
0.0719598
0.0706256
0.0693339
0.0680828
0.0668702
0.0656946
0.0645542
0.0634473
0.0623725
0.0613283
0.0603134
0.0593264
0.0583661
0.0574313
0.056521
0.055634
0.0547694
0.0539265
0.0531044
0.0523025
0.0515205
0.0507583
0.0500162
0.0492949
0.0485961
0.0479223
0.0472776
0.0466681
0.0461031
0.0455958
0.0451649
0.0448374
0.0446505
0.961692
0.892184
0.829084
0.771727
0.719522
0.671944
0.628523
0.588843
0.552532
0.519258
0.488725
0.460668
0.434851
0.411062
0.389111
0.36883
0.350065
0.332679
0.31655
0.301568
0.287631
0.274652
0.262548
0.251247
0.240682
0.230794
0.221528
0.212835
0.20467
0.196993
0.189767
0.182957
0.176534
0.170469
0.164736
0.159312
0.154176
0.149307
0.144687
0.140301
0.136131
0.132165
0.12839
0.124792
0.121362
0.118088
0.114962
0.111974
0.109116
0.106381
0.103762
0.101252
0.0988445
0.0965343
0.0943161
0.0921847
0.0901356
0.0881645
0.0862672
0.08444
0.0826792
0.0809817
0.079344
0.0777635
0.0762371
0.0747624
0.0733367
0.0719579
0.0706237
0.0693319
0.0680807
0.0668681
0.0656924
0.0645519
0.063445
0.0623701
0.0613258
0.0603108
0.0593237
0.0583633
0.0574285
0.056518
0.0556309
0.0547663
0.0539232
0.053101
0.052299
0.051517
0.0507547
0.0500124
0.0492911
0.0485921
0.0479182
0.0472734
0.0466639
0.0460989
0.0455914
0.0451606
0.044833
0.0446462
0.961692
0.892184
0.829084
0.771727
0.719522
0.671944
0.628523
0.588843
0.552532
0.519258
0.488725
0.460668
0.434851
0.411062
0.389111
0.36883
0.350065
0.332679
0.31655
0.301568
0.287631
0.274652
0.262548
0.251247
0.240682
0.230793
0.221527
0.212834
0.20467
0.196993
0.189766
0.182957
0.176534
0.170468
0.164736
0.159312
0.154175
0.149306
0.144687
0.1403
0.136131
0.132165
0.128389
0.124792
0.121361
0.118087
0.114961
0.111973
0.109116
0.106381
0.103761
0.101251
0.0988434
0.0965332
0.0943149
0.0921835
0.0901344
0.0881632
0.0862658
0.0844386
0.0826778
0.0809801
0.0793424
0.0777618
0.0762354
0.0747606
0.0733349
0.071956
0.0706217
0.0693299
0.0680786
0.0668659
0.0656901
0.0645495
0.0634425
0.0623675
0.0613232
0.0603081
0.0593209
0.0583604
0.0574255
0.0565149
0.0556277
0.054763
0.0539198
0.0530975
0.0522954
0.0515132
0.0507508
0.0500085
0.049287
0.048588
0.047914
0.0472691
0.0466595
0.0460944
0.0455869
0.045156
0.0448285
0.0446416
0.961692
0.892184
0.829084
0.771727
0.719522
0.671944
0.628523
0.588843
0.552532
0.519258
0.488725
0.460668
0.434851
0.411062
0.389111
0.36883
0.350065
0.332679
0.31655
0.301568
0.287631
0.274652
0.262548
0.251247
0.240682
0.230793
0.221527
0.212834
0.204669
0.196992
0.189766
0.182957
0.176533
0.170468
0.164735
0.159311
0.154175
0.149306
0.144686
0.1403
0.13613
0.132164
0.128388
0.124791
0.12136
0.118087
0.11496
0.111972
0.109115
0.10638
0.10376
0.10125
0.0988423
0.0965321
0.0943137
0.0921822
0.090133
0.0881618
0.0862644
0.0844371
0.0826762
0.0809785
0.0793408
0.07776
0.0762336
0.0747587
0.0733329
0.071954
0.0706196
0.0693277
0.0680763
0.0668636
0.0656877
0.064547
0.0634399
0.0623649
0.0613204
0.0603052
0.059318
0.0583574
0.0574223
0.0565117
0.0556244
0.0547595
0.0539163
0.0530938
0.0522916
0.0515094
0.0507468
0.0500044
0.0492828
0.0485837
0.0479095
0.0472646
0.0466549
0.0460897
0.0455822
0.0451513
0.0448237
0.0446368
0.961692
0.892184
0.829084
0.771727
0.719522
0.671944
0.628523
0.588843
0.552532
0.519258
0.488725
0.460668
0.434851
0.411062
0.389111
0.36883
0.350065
0.332679
0.31655
0.301568
0.287631
0.274652
0.262548
0.251246
0.240682
0.230793
0.221527
0.212834
0.204669
0.196992
0.189766
0.182956
0.176533
0.170468
0.164735
0.159311
0.154174
0.149305
0.144686
0.140299
0.13613
0.132164
0.128388
0.12479
0.12136
0.118086
0.114959
0.111971
0.109114
0.106379
0.103759
0.101249
0.0988412
0.0965309
0.0943124
0.0921809
0.0901317
0.0881603
0.0862629
0.0844355
0.0826746
0.0809768
0.079339
0.0777582
0.0762317
0.0747567
0.0733309
0.0719519
0.0706174
0.0693254
0.068074
0.0668612
0.0656852
0.0645444
0.0634372
0.0623621
0.0613176
0.0603023
0.0593149
0.0583542
0.0574191
0.0565083
0.0556209
0.054756
0.0539126
0.05309
0.0522877
0.0515053
0.0507427
0.0500001
0.0492784
0.0485792
0.0479049
0.0472599
0.0466501
0.0460849
0.0455773
0.0451463
0.0448187
0.0446319
0.961692
0.892184
0.829084
0.771727
0.719522
0.671944
0.628523
0.588843
0.552532
0.519258
0.488725
0.460668
0.434851
0.411062
0.389111
0.36883
0.350065
0.332679
0.31655
0.301567
0.287631
0.274652
0.262548
0.251246
0.240681
0.230793
0.221527
0.212834
0.204669
0.196992
0.189765
0.182956
0.176533
0.170467
0.164735
0.159311
0.154174
0.149305
0.144685
0.140299
0.136129
0.132163
0.128387
0.124789
0.121359
0.118085
0.114959
0.111971
0.109113
0.106378
0.103758
0.101248
0.09884
0.0965296
0.0943111
0.0921795
0.0901302
0.0881589
0.0862613
0.0844339
0.0826729
0.0809751
0.0793372
0.0777563
0.0762297
0.0747547
0.0733288
0.0719497
0.0706151
0.0693231
0.0680715
0.0668586
0.0656826
0.0645417
0.0634345
0.0623592
0.0613146
0.0602992
0.0593117
0.058351
0.0574157
0.0565048
0.0556173
0.0547522
0.0539087
0.0530861
0.0522837
0.0515011
0.0507384
0.0499957
0.0492739
0.0485745
0.0479002
0.047255
0.0466452
0.0460799
0.0455722
0.0451412
0.0448136
0.0446268
0.961692
0.892184
0.829084
0.771727
0.719522
0.671944
0.628523
0.588843
0.552532
0.519258
0.488725
0.460668
0.434851
0.411062
0.389111
0.36883
0.350065
0.332679
0.31655
0.301567
0.287631
0.274651
0.262548
0.251246
0.240681
0.230793
0.221527
0.212834
0.204669
0.196992
0.189765
0.182956
0.176532
0.170467
0.164734
0.15931
0.154173
0.149304
0.144685
0.140298
0.136128
0.132162
0.128386
0.124789
0.121358
0.118084
0.114958
0.11197
0.109112
0.106377
0.103757
0.101246
0.0988388
0.0965283
0.0943098
0.0921781
0.0901288
0.0881573
0.0862597
0.0844322
0.0826712
0.0809733
0.0793353
0.0777544
0.0762277
0.0747526
0.0733266
0.0719474
0.0706128
0.0693207
0.068069
0.066856
0.0656799
0.064539
0.0634316
0.0623562
0.0613115
0.060296
0.0593085
0.0583476
0.0574122
0.0565012
0.0556136
0.0547484
0.0539048
0.053082
0.0522795
0.0514968
0.0507339
0.0499911
0.0492692
0.0485697
0.0478953
0.04725
0.0466401
0.0460747
0.045567
0.045136
0.0448084
0.0446216
0.961692
0.892184
0.829084
0.771727
0.719522
0.671944
0.628523
0.588843
0.552532
0.519258
0.488725
0.460668
0.434851
0.411062
0.389111
0.36883
0.350065
0.332679
0.31655
0.301567
0.287631
0.274651
0.262547
0.251246
0.240681
0.230793
0.221527
0.212833
0.204669
0.196991
0.189765
0.182955
0.176532
0.170467
0.164734
0.15931
0.154173
0.149304
0.144684
0.140297
0.136128
0.132162
0.128386
0.124788
0.121357
0.118083
0.114957
0.111969
0.109111
0.106375
0.103756
0.101245
0.0988375
0.096527
0.0943084
0.0921767
0.0901272
0.0881557
0.0862581
0.0844305
0.0826694
0.0809714
0.0793334
0.0777524
0.0762256
0.0747504
0.0733244
0.0719451
0.0706104
0.0693182
0.0680664
0.0668534
0.0656771
0.0645361
0.0634286
0.0623532
0.0613084
0.0602928
0.0593051
0.0583441
0.0574086
0.0564975
0.0556098
0.0547445
0.0539007
0.0530778
0.0522752
0.0514924
0.0507294
0.0499865
0.0492644
0.0485648
0.0478903
0.0472449
0.0466349
0.0460694
0.0455617
0.0451306
0.044803
0.0446162
0.961692
0.892184
0.829084
0.771727
0.719522
0.671944
0.628523
0.588843
0.552532
0.519258
0.488725
0.460668
0.434851
0.411062
0.389111
0.36883
0.350065
0.332679
0.31655
0.301567
0.287631
0.274651
0.262547
0.251246
0.240681
0.230793
0.221526
0.212833
0.204668
0.196991
0.189765
0.182955
0.176532
0.170466
0.164733
0.159309
0.154172
0.149303
0.144684
0.140297
0.136127
0.132161
0.128385
0.124787
0.121356
0.118082
0.114956
0.111968
0.10911
0.106374
0.103755
0.101244
0.0988362
0.0965256
0.0943069
0.0921752
0.0901257
0.0881541
0.0862564
0.0844287
0.0826675
0.0809695
0.0793314
0.0777503
0.0762235
0.0747482
0.0733221
0.0719427
0.0706079
0.0693156
0.0680638
0.0668506
0.0656743
0.0645332
0.0634256
0.06235
0.0613051
0.0602894
0.0593016
0.0583405
0.0574049
0.0564937
0.0556059
0.0547404
0.0538966
0.0530735
0.0522707
0.0514878
0.0507247
0.0499817
0.0492595
0.0485598
0.0478852
0.0472397
0.0466296
0.0460641
0.0455563
0.0451251
0.0447975
0.0446107
0.961692
0.892184
0.829084
0.771727
0.719522
0.671944
0.628523
0.588843
0.552532
0.519258
0.488725
0.460668
0.434851
0.411062
0.389111
0.36883
0.350065
0.332679
0.31655
0.301567
0.287631
0.274651
0.262547
0.251246
0.240681
0.230792
0.221526
0.212833
0.204668
0.196991
0.189764
0.182955
0.176531
0.170466
0.164733
0.159309
0.154172
0.149303
0.144683
0.140296
0.136126
0.13216
0.128384
0.124786
0.121355
0.118081
0.114955
0.111966
0.109108
0.106373
0.103753
0.101243
0.0988348
0.0965242
0.0943055
0.0921736
0.0901241
0.0881524
0.0862546
0.0844269
0.0826657
0.0809675
0.0793294
0.0777482
0.0762213
0.0747459
0.0733197
0.0719402
0.0706054
0.069313
0.0680611
0.0668478
0.0656714
0.0645301
0.0634225
0.0623468
0.0613018
0.060286
0.0592981
0.0583369
0.0574012
0.0564898
0.0556019
0.0547363
0.0538923
0.0530692
0.0522663
0.0514832
0.05072
0.0499768
0.0492545
0.0485547
0.04788
0.0472344
0.0466242
0.0460586
0.0455507
0.0451196
0.0447919
0.0446051
0.961692
0.892184
0.829084
0.771727
0.719522
0.671944
0.628523
0.588843
0.552532
0.519258
0.488725
0.460668
0.434851
0.411062
0.389111
0.36883
0.350065
0.332679
0.31655
0.301567
0.287631
0.274651
0.262547
0.251246
0.240681
0.230792
0.221526
0.212833
0.204668
0.196991
0.189764
0.182954
0.176531
0.170465
0.164732
0.159308
0.154171
0.149302
0.144682
0.140295
0.136126
0.132159
0.128383
0.124785
0.121354
0.11808
0.114954
0.111965
0.109107
0.106372
0.103752
0.101241
0.0988335
0.0965228
0.094304
0.0921721
0.0901224
0.0881507
0.0862529
0.0844251
0.0826637
0.0809655
0.0793273
0.077746
0.076219
0.0747436
0.0733173
0.0719377
0.0706028
0.0693103
0.0680583
0.0668449
0.0656684
0.0645271
0.0634193
0.0623436
0.0612984
0.0602825
0.0592945
0.0583332
0.0573973
0.0564859
0.0555978
0.0547321
0.053888
0.0530647
0.0522617
0.0514785
0.0507152
0.0499719
0.0492495
0.0485495
0.0478747
0.047229
0.0466188
0.0460531
0.0455451
0.045114
0.0447863
0.0445995
0.961692
0.892184
0.829084
0.771727
0.719522
0.671944
0.628523
0.588843
0.552532
0.519258
0.488725
0.460668
0.434851
0.411062
0.389111
0.36883
0.350065
0.332679
0.31655
0.301567
0.287631
0.274651
0.262547
0.251245
0.24068
0.230792
0.221526
0.212832
0.204667
0.19699
0.189764
0.182954
0.17653
0.170465
0.164732
0.159308
0.154171
0.149302
0.144682
0.140295
0.136125
0.132159
0.128382
0.124784
0.121354
0.118079
0.114953
0.111964
0.109106
0.106371
0.103751
0.10124
0.0988321
0.0965213
0.0943025
0.0921705
0.0901208
0.088149
0.0862511
0.0844232
0.0826618
0.0809635
0.0793252
0.0777438
0.0762167
0.0747412
0.0733148
0.0719352
0.0706002
0.0693076
0.0680555
0.066842
0.0656654
0.064524
0.0634161
0.0623403
0.061295
0.060279
0.0592909
0.0583294
0.0573935
0.0564819
0.0555937
0.0547279
0.0538837
0.0530602
0.0522571
0.0514738
0.0507103
0.0499669
0.0492444
0.0485443
0.0478694
0.0472236
0.0466133
0.0460475
0.0455395
0.0451083
0.0447806
0.0445939
0.961692
0.892184
0.829084
0.771727
0.719522
0.671944
0.628523
0.588843
0.552532
0.519258
0.488725
0.460668
0.434851
0.411062
0.389111
0.36883
0.350065
0.332679
0.31655
0.301567
0.287631
0.274651
0.262547
0.251245
0.24068
0.230792
0.221525
0.212832
0.204667
0.19699
0.189763
0.182953
0.17653
0.170464
0.164731
0.159307
0.15417
0.149301
0.144681
0.140294
0.136124
0.132158
0.128382
0.124784
0.121353
0.118078
0.114952
0.111963
0.109105
0.106369
0.10375
0.101239
0.0988307
0.0965198
0.0943009
0.0921689
0.0901191
0.0881472
0.0862492
0.0844213
0.0826598
0.0809614
0.079323
0.0777416
0.0762144
0.0747389
0.0733124
0.0719327
0.0705975
0.0693048
0.0680527
0.0668391
0.0656624
0.0645209
0.0634129
0.0623369
0.0612916
0.0602754
0.0592872
0.0583256
0.0573896
0.0564779
0.0555896
0.0547236
0.0538793
0.0530557
0.0522525
0.0514691
0.0507054
0.0499619
0.0492393
0.0485391
0.047864
0.0472182
0.0466078
0.0460419
0.0455339
0.0451026
0.0447749
0.0445882
0.961692
0.892184
0.829084
0.771727
0.719522
0.671944
0.628523
0.588843
0.552532
0.519258
0.488725
0.460668
0.434851
0.411062
0.389111
0.36883
0.350065
0.332679
0.31655
0.301567
0.28763
0.274651
0.262547
0.251245
0.24068
0.230792
0.221525
0.212832
0.204667
0.19699
0.189763
0.182953
0.176529
0.170464
0.164731
0.159307
0.15417
0.1493
0.14468
0.140293
0.136123
0.132157
0.128381
0.124783
0.121352
0.118077
0.114951
0.111962
0.109104
0.106368
0.103748
0.101237
0.0988292
0.0965184
0.0942993
0.0921672
0.0901174
0.0881455
0.0862474
0.0844194
0.0826578
0.0809594
0.0793209
0.0777394
0.0762121
0.0747364
0.0733099
0.0719301
0.0705948
0.0693021
0.0680498
0.0668361
0.0656593
0.0645177
0.0634096
0.0623336
0.0612881
0.0602719
0.0592835
0.0583218
0.0573857
0.0564739
0.0555854
0.0547194
0.0538749
0.0530512
0.0522478
0.0514643
0.0507005
0.0499569
0.0492341
0.0485339
0.0478587
0.0472128
0.0466023
0.0460363
0.0455283
0.045097
0.0447693
0.0445825
0.961692
0.892184
0.829084
0.771727
0.719522
0.671944
0.628523
0.588843
0.552532
0.519258
0.488725
0.460668
0.434851
0.411062
0.389111
0.36883
0.350064
0.332679
0.31655
0.301567
0.28763
0.274651
0.262547
0.251245
0.24068
0.230791
0.221525
0.212832
0.204667
0.196989
0.189762
0.182953
0.176529
0.170463
0.16473
0.159306
0.154169
0.1493
0.14468
0.140292
0.136123
0.132156
0.12838
0.124782
0.121351
0.118076
0.114949
0.111961
0.109103
0.106367
0.103747
0.101236
0.0988278
0.0965169
0.0942978
0.0921656
0.0901157
0.0881437
0.0862455
0.0844174
0.0826558
0.0809573
0.0793187
0.0777372
0.0762098
0.074734
0.0733074
0.0719275
0.0705922
0.0692993
0.0680469
0.0668332
0.0656563
0.0645145
0.0634064
0.0623302
0.0612846
0.0602683
0.0592798
0.058318
0.0573817
0.0564698
0.0555813
0.0547151
0.0538705
0.0530467
0.0522432
0.0514595
0.0506957
0.0499519
0.049229
0.0485287
0.0478534
0.0472074
0.0465968
0.0460308
0.0455227
0.0450914
0.0447637
0.0445769
0.961692
0.892184
0.829084
0.771727
0.719523
0.671944
0.628523
0.588843
0.552532
0.519258
0.488725
0.460668
0.434851
0.411062
0.389111
0.36883
0.350064
0.332679
0.31655
0.301567
0.28763
0.27465
0.262546
0.251245
0.24068
0.230791
0.221525
0.212831
0.204666
0.196989
0.189762
0.182952
0.176529
0.170463
0.16473
0.159305
0.154168
0.149299
0.144679
0.140292
0.136122
0.132155
0.128379
0.124781
0.12135
0.118075
0.114948
0.11196
0.109101
0.106366
0.103746
0.101235
0.0988264
0.0965153
0.0942962
0.092164
0.090114
0.0881419
0.0862437
0.0844155
0.0826538
0.0809552
0.0793166
0.0777349
0.0762075
0.0747316
0.0733049
0.0719249
0.0705895
0.0692965
0.0680441
0.0668302
0.0656532
0.0645114
0.0634031
0.0623268
0.0612812
0.0602647
0.0592762
0.0583143
0.0573778
0.0564658
0.0555771
0.0547108
0.0538661
0.0530422
0.0522386
0.0514548
0.0506909
0.049947
0.049224
0.0485235
0.0478482
0.047202
0.0465914
0.0460253
0.0455172
0.0450858
0.0447581
0.0445714
0.961692
0.892184
0.829084
0.771727
0.719523
0.671944
0.628523
0.588843
0.552532
0.519258
0.488725
0.460668
0.434851
0.411062
0.389111
0.36883
0.350064
0.332679
0.31655
0.301567
0.28763
0.27465
0.262546
0.251245
0.24068
0.230791
0.221524
0.212831
0.204666
0.196989
0.189762
0.182952
0.176528
0.170463
0.164729
0.159305
0.154168
0.149298
0.144678
0.140291
0.136121
0.132154
0.128378
0.12478
0.121349
0.118074
0.114947
0.111959
0.1091
0.106365
0.103744
0.101233
0.0988249
0.0965138
0.0942946
0.0921623
0.0901123
0.0881401
0.0862418
0.0844136
0.0826518
0.0809531
0.0793144
0.0777327
0.0762052
0.0747292
0.0733024
0.0719223
0.0705868
0.0692938
0.0680412
0.0668273
0.0656502
0.0645083
0.0633999
0.0623235
0.0612777
0.0602612
0.0592725
0.0583105
0.057374
0.0564618
0.055573
0.0547067
0.0538618
0.0530378
0.0522341
0.0514502
0.0506861
0.0499421
0.049219
0.0485185
0.047843
0.0471968
0.0465861
0.04602
0.0455118
0.0450804
0.0447527
0.044566
0.961692
0.892184
0.829084
0.771727
0.719523
0.671944
0.628523
0.588843
0.552532
0.519258
0.488725
0.460668
0.434851
0.411062
0.389111
0.36883
0.350064
0.332679
0.31655
0.301567
0.28763
0.27465
0.262546
0.251244
0.240679
0.230791
0.221524
0.212831
0.204666
0.196988
0.189761
0.182951
0.176528
0.170462
0.164729
0.159304
0.154167
0.149298
0.144678
0.14029
0.13612
0.132154
0.128377
0.124779
0.121348
0.118073
0.114946
0.111958
0.109099
0.106363
0.103743
0.101232
0.0988235
0.0965124
0.0942931
0.0921607
0.0901106
0.0881384
0.08624
0.0844117
0.0826498
0.0809511
0.0793123
0.0777305
0.0762029
0.0747269
0.0733
0.0719198
0.0705842
0.0692911
0.0680384
0.0668244
0.0656472
0.0645052
0.0633967
0.0623202
0.0612744
0.0602577
0.0592689
0.0583068
0.0573702
0.0564579
0.055569
0.0547025
0.0538576
0.0530335
0.0522296
0.0514456
0.0506815
0.0499374
0.0492142
0.0485135
0.047838
0.0471917
0.0465809
0.0460148
0.0455065
0.0450751
0.0447474
0.0445607
0.961692
0.892184
0.829084
0.771727
0.719523
0.671944
0.628523
0.588843
0.552532
0.519258
0.488725
0.460668
0.434851
0.411062
0.389111
0.36883
0.350064
0.332679
0.316549
0.301566
0.28763
0.27465
0.262546
0.251244
0.240679
0.23079
0.221524
0.212831
0.204665
0.196988
0.189761
0.182951
0.176527
0.170462
0.164728
0.159304
0.154167
0.149297
0.144677
0.14029
0.13612
0.132153
0.128376
0.124778
0.121347
0.118072
0.114945
0.111956
0.109098
0.106362
0.103742
0.10123
0.0988221
0.0965109
0.0942916
0.0921591
0.0901089
0.0881366
0.0862382
0.0844098
0.0826479
0.080949
0.0793102
0.0777283
0.0762006
0.0747245
0.0732975
0.0719173
0.0705816
0.0692884
0.0680357
0.0668216
0.0656443
0.0645022
0.0633936
0.062317
0.0612711
0.0602543
0.0592654
0.0583032
0.0573665
0.0564541
0.0555651
0.0546985
0.0538535
0.0530293
0.0522253
0.0514412
0.0506769
0.0499328
0.0492095
0.0485087
0.0478331
0.0471868
0.0465759
0.0460097
0.0455015
0.0450701
0.0447423
0.0445556
0.961692
0.892184
0.829084
0.771727
0.719523
0.671944
0.628523
0.588843
0.552532
0.519258
0.488725
0.460668
0.434851
0.411062
0.389111
0.36883
0.350064
0.332679
0.316549
0.301566
0.28763
0.27465
0.262546
0.251244
0.240679
0.23079
0.221524
0.21283
0.204665
0.196988
0.189761
0.182951
0.176527
0.170461
0.164728
0.159303
0.154166
0.149296
0.144676
0.140289
0.136119
0.132152
0.128376
0.124777
0.121346
0.118071
0.114944
0.111955
0.109097
0.106361
0.10374
0.101229
0.0988207
0.0965094
0.09429
0.0921575
0.0901073
0.0881349
0.0862364
0.084408
0.082646
0.0809471
0.0793081
0.0777262
0.0761984
0.0747223
0.0732952
0.0719149
0.0705791
0.0692858
0.068033
0.0668188
0.0656414
0.0644992
0.0633905
0.0623139
0.0612678
0.060251
0.059262
0.0582997
0.0573629
0.0564504
0.0555613
0.0546946
0.0538495
0.0530252
0.0522211
0.051437
0.0506726
0.0499283
0.049205
0.0485041
0.0478285
0.0471821
0.0465712
0.0460049
0.0454966
0.0450652
0.0447374
0.0445508
0.961692
0.892184
0.829084
0.771727
0.719523
0.671944
0.628523
0.588843
0.552532
0.519258
0.488725
0.460668
0.434851
0.411062
0.389111
0.36883
0.350064
0.332678
0.316549
0.301566
0.28763
0.27465
0.262546
0.251244
0.240679
0.23079
0.221523
0.21283
0.204665
0.196987
0.18976
0.18295
0.176526
0.170461
0.164727
0.159303
0.154165
0.149296
0.144676
0.140288
0.136118
0.132151
0.128375
0.124776
0.121345
0.11807
0.114943
0.111954
0.109096
0.10636
0.103739
0.101228
0.0988194
0.096508
0.0942886
0.092156
0.0901057
0.0881333
0.0862347
0.0844062
0.0826441
0.0809452
0.0793061
0.0777241
0.0761963
0.07472
0.0732929
0.0719125
0.0705767
0.0692833
0.0680304
0.0668161
0.0656387
0.0644964
0.0633876
0.0623109
0.0612647
0.0602478
0.0592587
0.0582963
0.0573594
0.0564469
0.0555577
0.0546909
0.0538457
0.0530213
0.0522171
0.0514329
0.0506684
0.0499241
0.0492007
0.0484998
0.0478241
0.0471776
0.0465667
0.0460004
0.045492
0.0450606
0.0447329
0.0445462
0.961692
0.892184
0.829084
0.771727
0.719523
0.671944
0.628523
0.588843
0.552532
0.519258
0.488725
0.460668
0.434851
0.411062
0.389111
0.368829
0.350064
0.332678
0.316549
0.301566
0.28763
0.27465
0.262545
0.251244
0.240678
0.23079
0.221523
0.21283
0.204664
0.196987
0.18976
0.18295
0.176526
0.17046
0.164727
0.159302
0.154165
0.149295
0.144675
0.140287
0.136117
0.132151
0.128374
0.124775
0.121344
0.118069
0.114942
0.111953
0.109095
0.106359
0.103738
0.101227
0.0988181
0.0965067
0.0942872
0.0921545
0.0901042
0.0881317
0.0862331
0.0844045
0.0826423
0.0809433
0.0793042
0.0777221
0.0761942
0.0747179
0.0732907
0.0719102
0.0705743
0.0692809
0.0680279
0.0668136
0.065636
0.0644937
0.0633848
0.062308
0.0612618
0.0602448
0.0592556
0.0582931
0.0573561
0.0564435
0.0555543
0.0546874
0.0538421
0.0530176
0.0522134
0.0514291
0.0506645
0.0499201
0.0491967
0.0484957
0.0478199
0.0471734
0.0465624
0.0459961
0.0454878
0.0450563
0.0447286
0.0445419
0.961692
0.892184
0.829084
0.771727
0.719523
0.671944
0.628523
0.588843
0.552532
0.519258
0.488725
0.460668
0.434851
0.411062
0.389111
0.368829
0.350064
0.332678
0.316549
0.301566
0.287629
0.274649
0.262545
0.251244
0.240678
0.230789
0.221523
0.212829
0.204664
0.196987
0.18976
0.182949
0.176526
0.17046
0.164726
0.159302
0.154164
0.149295
0.144674
0.140287
0.136117
0.13215
0.128373
0.124775
0.121343
0.118069
0.114941
0.111952
0.109093
0.106357
0.103737
0.101225
0.0988168
0.0965054
0.0942858
0.0921531
0.0901027
0.0881302
0.0862315
0.0844028
0.0826406
0.0809415
0.0793024
0.0777202
0.0761923
0.0747159
0.0732886
0.0719081
0.0705721
0.0692786
0.0680256
0.0668111
0.0656335
0.0644911
0.0633822
0.0623053
0.061259
0.0602419
0.0592527
0.0582901
0.0573531
0.0564404
0.055551
0.0546841
0.0538387
0.0530142
0.0522099
0.0514255
0.0506609
0.0499165
0.0491929
0.0484919
0.0478161
0.0471696
0.0465586
0.0459922
0.0454839
0.0450524
0.0447247
0.044538
0.961692
0.892184
0.829084
0.771728
0.719523
0.671944
0.628523
0.588843
0.552532
0.519258
0.488725
0.460668
0.434851
0.411062
0.389111
0.368829
0.350064
0.332678
0.316549
0.301566
0.287629
0.274649
0.262545
0.251243
0.240678
0.230789
0.221523
0.212829
0.204664
0.196986
0.189759
0.182949
0.176525
0.170459
0.164726
0.159301
0.154164
0.149294
0.144674
0.140286
0.136116
0.132149
0.128372
0.124774
0.121342
0.118068
0.11494
0.111951
0.109092
0.106356
0.103736
0.101224
0.0988156
0.0965041
0.0942845
0.0921518
0.0901013
0.0881287
0.08623
0.0844013
0.082639
0.0809399
0.0793007
0.0777185
0.0761904
0.074714
0.0732867
0.0719061
0.07057
0.0692764
0.0680233
0.0668088
0.0656312
0.0644887
0.0633797
0.0623028
0.0612564
0.0602392
0.05925
0.0582873
0.0573502
0.0564375
0.0555481
0.0546811
0.0538356
0.053011
0.0522067
0.0514222
0.0506576
0.0499131
0.0491896
0.0484885
0.0478127
0.0471661
0.0465551
0.0459888
0.0454804
0.0450489
0.0447212
0.0445346
0.961692
0.892184
0.829084
0.771728
0.719523
0.671944
0.628523
0.588843
0.552532
0.519258
0.488725
0.460668
0.434851
0.411062
0.389111
0.368829
0.350064
0.332678
0.316549
0.301566
0.287629
0.274649
0.262545
0.251243
0.240678
0.230789
0.221522
0.212829
0.204664
0.196986
0.189759
0.182949
0.176525
0.170459
0.164725
0.159301
0.154163
0.149294
0.144673
0.140286
0.136115
0.132148
0.128372
0.124773
0.121342
0.118067
0.114939
0.11195
0.109092
0.106355
0.103735
0.101223
0.0988145
0.096503
0.0942833
0.0921506
0.0901
0.0881274
0.0862286
0.0843998
0.0826375
0.0809383
0.0792991
0.0777168
0.0761887
0.0747122
0.0732848
0.0719042
0.0705681
0.0692745
0.0680213
0.0668068
0.065629
0.0644865
0.0633774
0.0623004
0.061254
0.0602368
0.0592475
0.0582848
0.0573476
0.0564348
0.0555454
0.0546783
0.0538328
0.0530082
0.0522038
0.0514194
0.0506547
0.0499102
0.0491866
0.0484855
0.0478097
0.0471631
0.0465521
0.0459857
0.0454774
0.0450459
0.0447182
0.0445316
0.961692
0.892185
0.829084
0.771728
0.719523
0.671944
0.628523
0.588843
0.552532
0.519258
0.488725
0.460668
0.434851
0.411062
0.389111
0.368829
0.350064
0.332678
0.316549
0.301566
0.287629
0.274649
0.262545
0.251243
0.240678
0.230789
0.221522
0.212829
0.204663
0.196986
0.189759
0.182948
0.176524
0.170458
0.164725
0.1593
0.154163
0.149293
0.144673
0.140285
0.136115
0.132148
0.128371
0.124772
0.121341
0.118066
0.114939
0.11195
0.109091
0.106354
0.103734
0.101222
0.0988135
0.0965019
0.0942822
0.0921494
0.0900988
0.0881262
0.0862273
0.0843985
0.0826362
0.0809369
0.0792976
0.0777153
0.0761872
0.0747106
0.0732832
0.0719025
0.0705664
0.0692727
0.0680195
0.0668049
0.0656271
0.0644845
0.0633754
0.0622984
0.0612519
0.0602346
0.0592453
0.0582826
0.0573453
0.0564325
0.055543
0.0546759
0.0538304
0.0530057
0.0522014
0.0514169
0.0506522
0.0499076
0.0491841
0.048483
0.0478071
0.0471606
0.0465496
0.0459832
0.0454749
0.0450434
0.0447157
0.0445291
0.961692
0.892185
0.829084
0.771728
0.719523
0.671944
0.628523
0.588843
0.552532
0.519258
0.488725
0.460668
0.434851
0.411061
0.389111
0.368829
0.350064
0.332678
0.316549
0.301566
0.287629
0.274649
0.262545
0.251243
0.240677
0.230789
0.221522
0.212828
0.204663
0.196985
0.189758
0.182948
0.176524
0.170458
0.164725
0.1593
0.154162
0.149293
0.144672
0.140285
0.136114
0.132147
0.12837
0.124772
0.12134
0.118065
0.114938
0.111949
0.10909
0.106354
0.103733
0.101221
0.0988126
0.096501
0.0942812
0.0921484
0.0900978
0.0881251
0.0862262
0.0843973
0.0826349
0.0809357
0.0792963
0.077714
0.0761858
0.0747092
0.0732817
0.071901
0.0705648
0.0692711
0.0680178
0.0668032
0.0656254
0.0644828
0.0633737
0.0622966
0.0612501
0.0602328
0.0592434
0.0582806
0.0573434
0.0564305
0.055541
0.0546739
0.0538284
0.0530037
0.0521993
0.0514148
0.0506501
0.0499056
0.049182
0.048481
0.0478051
0.0471586
0.0465476
0.0459813
0.0454729
0.0450415
0.0447138
0.0445272
0.961692
0.892185
0.829084
0.771728
0.719523
0.671944
0.628523
0.588843
0.552532
0.519258
0.488725
0.460668
0.434851
0.411061
0.389111
0.368829
0.350064
0.332678
0.316549
0.301566
0.287629
0.274649
0.262544
0.251243
0.240677
0.230788
0.221522
0.212828
0.204663
0.196985
0.189758
0.182948
0.176524
0.170458
0.164724
0.159299
0.154162
0.149292
0.144672
0.140284
0.136114
0.132147
0.12837
0.124771
0.12134
0.118065
0.114937
0.111948
0.109089
0.106353
0.103732
0.101221
0.0988118
0.0965001
0.0942804
0.0921475
0.0900968
0.0881241
0.0862252
0.0843963
0.0826339
0.0809346
0.0792952
0.0777128
0.0761846
0.074708
0.0732805
0.0718997
0.0705635
0.0692698
0.0680165
0.0668018
0.065624
0.0644813
0.0633722
0.0622951
0.0612486
0.0602312
0.0592418
0.0582791
0.0573418
0.0564289
0.0555394
0.0546723
0.0538268
0.0530021
0.0521977
0.0514133
0.0506486
0.0499041
0.0491805
0.0484795
0.0478037
0.0471572
0.0465462
0.0459799
0.0454716
0.0450402
0.0447125
0.0445259
0.961692
0.892185
0.829084
0.771728
0.719523
0.671944
0.628523
0.588843
0.552532
0.519258
0.488725
0.460668
0.43485
0.411061
0.389111
0.368829
0.350064
0.332678
0.316549
0.301565
0.287629
0.274649
0.262544
0.251243
0.240677
0.230788
0.221522
0.212828
0.204663
0.196985
0.189758
0.182948
0.176523
0.170457
0.164724
0.159299
0.154162
0.149292
0.144671
0.140284
0.136113
0.132146
0.128369
0.124771
0.121339
0.118064
0.114937
0.111948
0.109089
0.106352
0.103732
0.10122
0.0988111
0.0964994
0.0942796
0.0921467
0.0900961
0.0881233
0.0862244
0.0843955
0.082633
0.0809337
0.0792943
0.0777119
0.0761837
0.074707
0.0732795
0.0718987
0.0705625
0.0692687
0.0680154
0.0668007
0.0656229
0.0644802
0.063371
0.0622939
0.0612474
0.0602301
0.0592407
0.0582779
0.0573407
0.0564278
0.0555383
0.0546712
0.0538257
0.0530011
0.0521967
0.0514123
0.0506477
0.0499032
0.0491797
0.0484787
0.0478029
0.0471565
0.0465455
0.0459793
0.045471
0.0450396
0.0447119
0.0445253
0.961692
0.892185
0.829084
0.771728
0.719523
0.671944
0.628523
0.588843
0.552532
0.519258
0.488725
0.460668
0.43485
0.411061
0.389111
0.368829
0.350064
0.332678
0.316549
0.301565
0.287629
0.274649
0.262544
0.251242
0.240677
0.230788
0.221521
0.212828
0.204662
0.196985
0.189758
0.182947
0.176523
0.170457
0.164724
0.159299
0.154161
0.149292
0.144671
0.140283
0.136113
0.132146
0.128369
0.12477
0.121339
0.118064
0.114936
0.111947
0.109088
0.106352
0.103731
0.101219
0.0988105
0.0964989
0.0942791
0.0921461
0.0900954
0.0881227
0.0862237
0.0843948
0.0826323
0.080933
0.0792936
0.0777112
0.0761829
0.0747063
0.0732787
0.0718979
0.0705617
0.0692679
0.0680146
0.0667999
0.0656221
0.0644794
0.0633703
0.0622932
0.0612466
0.0602293
0.0592399
0.0582772
0.05734
0.0564271
0.0555377
0.0546706
0.0538252
0.0530006
0.0521962
0.0514119
0.0506473
0.0499029
0.0491795
0.0484786
0.0478029
0.0471565
0.0465456
0.0459794
0.0454711
0.0450398
0.0447121
0.0445256
0.961692
0.892185
0.829084
0.771728
0.719523
0.671944
0.628523
0.588843
0.552532
0.519258
0.488725
0.460668
0.43485
0.411061
0.389111
0.368829
0.350064
0.332678
0.316548
0.301565
0.287629
0.274648
0.262544
0.251242
0.240677
0.230788
0.221521
0.212828
0.204662
0.196984
0.189757
0.182947
0.176523
0.170457
0.164723
0.159299
0.154161
0.149291
0.144671
0.140283
0.136113
0.132146
0.128369
0.12477
0.121338
0.118064
0.114936
0.111947
0.109088
0.106351
0.103731
0.101219
0.0988102
0.0964985
0.0942787
0.0921457
0.090095
0.0881222
0.0862233
0.0843944
0.0826319
0.0809325
0.0792931
0.0777107
0.0761825
0.0747058
0.0732783
0.0718975
0.0705613
0.0692675
0.0680142
0.0667995
0.0656217
0.064479
0.0633699
0.0622928
0.0612463
0.060229
0.0592397
0.058277
0.0573398
0.056427
0.0555376
0.0546706
0.0538252
0.0530007
0.0521964
0.0514121
0.0506477
0.0499033
0.04918
0.0484792
0.0478036
0.0471573
0.0465465
0.0459803
0.0454721
0.0450408
0.0447132
0.0445266
0.961692
0.892185
0.829084
0.771728
0.719523
0.671944
0.628523
0.588843
0.552532
0.519258
0.488725
0.460668
0.43485
0.411061
0.389111
0.368829
0.350063
0.332678
0.316548
0.301565
0.287628
0.274648
0.262544
0.251242
0.240677
0.230788
0.221521
0.212828
0.204662
0.196984
0.189757
0.182947
0.176523
0.170457
0.164723
0.159299
0.154161
0.149291
0.144671
0.140283
0.136113
0.132145
0.128369
0.12477
0.121338
0.118063
0.114936
0.111947
0.109088
0.106351
0.103731
0.101219
0.09881
0.0964983
0.0942785
0.0921455
0.0900948
0.088122
0.0862231
0.0843942
0.0826317
0.0809324
0.079293
0.0777105
0.0761823
0.0747057
0.0732782
0.0718974
0.0705612
0.0692674
0.0680142
0.0667995
0.0656217
0.0644791
0.06337
0.0622929
0.0612465
0.0602293
0.05924
0.0582773
0.0573402
0.0564275
0.0555381
0.0546712
0.0538259
0.0530015
0.0521974
0.0514132
0.0506488
0.0499046
0.0491814
0.0484807
0.0478052
0.047159
0.0465482
0.0459822
0.045474
0.0450428
0.0447151
0.0445286
0.961692
0.892185
0.829084
0.771728
0.719523
0.671944
0.628523
0.588843
0.552532
0.519258
0.488725
0.460668
0.43485
0.411061
0.389111
0.368829
0.350063
0.332678
0.316548
0.301565
0.287628
0.274648
0.262544
0.251242
0.240677
0.230788
0.221521
0.212827
0.204662
0.196984
0.189757
0.182947
0.176523
0.170457
0.164723
0.159298
0.154161
0.149291
0.144671
0.140283
0.136113
0.132145
0.128369
0.12477
0.121338
0.118063
0.114936
0.111947
0.109088
0.106351
0.103731
0.101219
0.09881
0.0964983
0.0942785
0.0921456
0.0900949
0.0881221
0.0862232
0.0843943
0.0826318
0.0809325
0.0792931
0.0777107
0.0761825
0.0747059
0.0732784
0.0718977
0.0705615
0.0692678
0.0680145
0.0667999
0.0656222
0.0644796
0.0633706
0.0622936
0.0612472
0.0602301
0.0592408
0.0582783
0.0573412
0.0564286
0.0555394
0.0546726
0.0538274
0.0530031
0.0521991
0.051415
0.0506508
0.0499067
0.0491836
0.0484831
0.0478077
0.0471616
0.046551
0.0459851
0.045477
0.0450458
0.0447182
0.0445317
0.961692
0.892185
0.829084
0.771728
0.719523
0.671944
0.628523
0.588843
0.552532
0.519258
0.488725
0.460668
0.43485
0.411061
0.389111
0.368829
0.350063
0.332678
0.316548
0.301565
0.287628
0.274648
0.262544
0.251242
0.240677
0.230788
0.221521
0.212827
0.204662
0.196984
0.189757
0.182947
0.176523
0.170457
0.164723
0.159298
0.154161
0.149291
0.144671
0.140283
0.136113
0.132146
0.128369
0.12477
0.121338
0.118063
0.114936
0.111947
0.109088
0.106351
0.103731
0.101219
0.0988102
0.0964986
0.0942788
0.0921459
0.0900952
0.0881225
0.0862236
0.0843947
0.0826323
0.080933
0.0792936
0.0777113
0.0761831
0.0747065
0.0732791
0.0718984
0.0705623
0.0692686
0.0680154
0.0668009
0.0656232
0.0644807
0.0633717
0.0622948
0.0612485
0.0602315
0.0592424
0.0582799
0.057343
0.0564305
0.0555414
0.0546748
0.0538297
0.0530055
0.0522017
0.0514178
0.0506538
0.0499099
0.0491869
0.0484866
0.0478114
0.0471654
0.0465549
0.0459891
0.0454811
0.0450499
0.0447224
0.0445359
0.961692
0.892185
0.829084
0.771728
0.719523
0.671944
0.628523
0.588843
0.552532
0.519258
0.488725
0.460668
0.43485
0.411061
0.389111
0.368829
0.350063
0.332678
0.316548
0.301565
0.287628
0.274648
0.262544
0.251242
0.240677
0.230788
0.221521
0.212828
0.204662
0.196984
0.189757
0.182947
0.176523
0.170457
0.164723
0.159299
0.154161
0.149291
0.144671
0.140283
0.136113
0.132146
0.128369
0.12477
0.121339
0.118064
0.114936
0.111947
0.109088
0.106352
0.103731
0.101219
0.0988107
0.0964991
0.0942793
0.0921464
0.0900958
0.0881231
0.0862243
0.0843954
0.0826331
0.0809338
0.0792945
0.0777122
0.0761841
0.0747076
0.0732802
0.0718996
0.0705635
0.0692699
0.0680168
0.0668024
0.0656248
0.0644824
0.0633735
0.0622967
0.0612506
0.0602336
0.0592446
0.0582823
0.0573455
0.0564332
0.0555443
0.0546778
0.0538329
0.0530089
0.0522053
0.0514216
0.0506578
0.0499141
0.0491914
0.0484912
0.0478162
0.0471704
0.0465601
0.0459943
0.0454864
0.0450553
0.0447278
0.0445413
)
;

boundaryField
{
    inlet
    {
        type            fixedValue;
        value           uniform 1;
    }
    outlet
    {
        type            inletOutlet;
        inletValue      uniform 1;
        value           nonuniform List<scalar> 
100
(
0.0444852
0.0444858
0.0444869
0.0444885
0.0444906
0.0444933
0.0444963
0.0444999
0.0445038
0.044508
0.0445127
0.0445176
0.0445228
0.0445283
0.0445339
0.0445398
0.0445458
0.0445519
0.044558
0.0445643
0.0445706
0.0445769
0.0445831
0.0445893
0.0445955
0.0446016
0.0446075
0.0446134
0.0446191
0.0446246
0.04463
0.0446352
0.0446401
0.0446449
0.0446494
0.0446537
0.0446578
0.0446616
0.0446651
0.0446684
0.0446714
0.0446741
0.0446765
0.0446786
0.0446805
0.044682
0.0446832
0.0446842
0.0446848
0.0446851
0.0446851
0.0446848
0.0446842
0.0446834
0.0446822
0.0446807
0.0446789
0.0446768
0.0446745
0.0446718
0.0446689
0.0446657
0.0446623
0.0446586
0.0446547
0.0446505
0.0446462
0.0446416
0.0446368
0.0446319
0.0446268
0.0446216
0.0446162
0.0446107
0.0446051
0.0445995
0.0445939
0.0445882
0.0445825
0.0445769
0.0445714
0.044566
0.0445607
0.0445556
0.0445508
0.0445462
0.0445419
0.044538
0.0445346
0.0445316
0.0445291
0.0445272
0.0445259
0.0445253
0.0445256
0.0445266
0.0445286
0.0445317
0.0445359
0.0445413
)
;
    }
    ground
    {
        type            empty;
    }
    top
    {
        type            empty;
    }
    front
    {
        type            inletOutlet;
        inletValue      uniform 1;
        value           nonuniform List<scalar> 
100
(
0.961692
0.892185
0.829084
0.771728
0.719523
0.671944
0.628523
0.588843
0.552532
0.519258
0.488725
0.460668
0.43485
0.411061
0.389111
0.368829
0.350064
0.332678
0.316548
0.301565
0.287629
0.274648
0.262544
0.251242
0.240677
0.230788
0.221521
0.212828
0.204662
0.196984
0.189757
0.182947
0.176523
0.170457
0.164723
0.159298
0.154161
0.149291
0.14467
0.140282
0.136112
0.132145
0.128368
0.124769
0.121337
0.118062
0.114935
0.111945
0.109086
0.10635
0.103729
0.101217
0.0988081
0.0964962
0.0942762
0.0921431
0.0900922
0.0881192
0.08622
0.0843908
0.0826281
0.0809284
0.0792887
0.0777059
0.0761773
0.0747003
0.0732723
0.0718911
0.0705543
0.06926
0.0680062
0.0667909
0.0656124
0.064469
0.0633591
0.0622811
0.0612337
0.0602155
0.059225
0.0582612
0.0573228
0.0564087
0.0555179
0.0546494
0.0538025
0.0529763
0.0521703
0.0513843
0.050618
0.0498719
0.0491467
0.0484442
0.0477669
0.0471192
0.0465071
0.04594
0.0454311
0.0449994
0.0446717
0.0444852
)
;
    }
    back
    {
        type            inletOutlet;
        inletValue      uniform 1;
        value           nonuniform List<scalar> 
100
(
0.961692
0.892185
0.829084
0.771728
0.719523
0.671944
0.628523
0.588843
0.552532
0.519258
0.488725
0.460668
0.43485
0.411061
0.389111
0.368829
0.350063
0.332678
0.316548
0.301565
0.287628
0.274648
0.262544
0.251242
0.240677
0.230788
0.221521
0.212828
0.204662
0.196984
0.189757
0.182947
0.176523
0.170457
0.164723
0.159299
0.154161
0.149291
0.144671
0.140283
0.136113
0.132146
0.128369
0.12477
0.121339
0.118064
0.114936
0.111947
0.109088
0.106352
0.103731
0.101219
0.0988107
0.0964991
0.0942793
0.0921464
0.0900958
0.0881231
0.0862243
0.0843954
0.0826331
0.0809338
0.0792945
0.0777122
0.0761841
0.0747076
0.0732802
0.0718996
0.0705635
0.0692699
0.0680168
0.0668024
0.0656248
0.0644824
0.0633735
0.0622967
0.0612506
0.0602336
0.0592446
0.0582823
0.0573455
0.0564332
0.0555443
0.0546778
0.0538329
0.0530089
0.0522053
0.0514216
0.0506578
0.0499141
0.0491914
0.0484912
0.0478162
0.0471704
0.0465601
0.0459943
0.0454864
0.0450553
0.0447278
0.0445413
)
;
    }
}


// ************************************************************************* //
