/*--------------------------------*- C++ -*----------------------------------*\
  =========                 |
  \\      /  F ield         | OpenFOAM: The Open Source CFD Toolbox
   \\    /   O peration     | Website:  https://openfoam.org
    \\  /    A nd           | Version:  11
     \\/     M anipulation  |
\*---------------------------------------------------------------------------*/
FoamFile
{
    format      ascii;
    class       volScalarField;
    location    "684";
    object      omega;
}
// * * * * * * * * * * * * * * * * * * * * * * * * * * * * * * * * * * * * * //

dimensions      [0 0 -1 0 0 0 0];

internalField   nonuniform List<scalar> 
10000
(
0.961692
0.892185
0.829085
0.771728
0.719523
0.671944
0.628523
0.588843
0.552532
0.519258
0.488724
0.460667
0.43485
0.411061
0.38911
0.368828
0.350063
0.332676
0.316547
0.301564
0.287627
0.274646
0.262542
0.25124
0.240674
0.230785
0.221518
0.212824
0.204658
0.19698
0.189752
0.182941
0.176517
0.17045
0.164716
0.159291
0.154153
0.149282
0.144661
0.140273
0.136101
0.132134
0.128356
0.124756
0.121324
0.118048
0.114919
0.111929
0.109069
0.106332
0.10371
0.101197
0.0987867
0.0964737
0.0942524
0.092118
0.0900657
0.0880912
0.0861905
0.0843598
0.0825954
0.080894
0.0792524
0.0776677
0.0761371
0.0746579
0.0732277
0.0718441
0.0705048
0.0692078
0.0679512
0.0667329
0.0655512
0.0644045
0.063291
0.0622093
0.0611579
0.0601354
0.0591405
0.0581719
0.0572285
0.056309
0.0554126
0.0545383
0.0536852
0.0528526
0.05204
0.0512472
0.050474
0.049721
0.048989
0.0482799
0.0475965
0.0469431
0.0463264
0.0457555
0.045244
0.0448109
0.0444829
0.0442963
0.961692
0.892185
0.829085
0.771728
0.719523
0.671944
0.628523
0.588843
0.552532
0.519258
0.488724
0.460667
0.43485
0.411061
0.38911
0.368828
0.350063
0.332676
0.316547
0.301564
0.287627
0.274646
0.262542
0.25124
0.240674
0.230785
0.221518
0.212824
0.204658
0.19698
0.189752
0.182941
0.176517
0.17045
0.164716
0.159291
0.154153
0.149282
0.144661
0.140273
0.136102
0.132134
0.128356
0.124756
0.121324
0.118048
0.11492
0.111929
0.109069
0.106332
0.10371
0.101197
0.0987869
0.0964738
0.0942526
0.0921182
0.0900659
0.0880915
0.0861908
0.08436
0.0825956
0.0808942
0.0792527
0.077668
0.0761374
0.0746582
0.073228
0.0718444
0.0705051
0.0692082
0.0679515
0.0667332
0.0655516
0.0644048
0.0632914
0.0622097
0.0611583
0.0601358
0.0591409
0.0581724
0.0572289
0.0563095
0.0554131
0.0545388
0.0536857
0.0528532
0.0520406
0.0512478
0.0504746
0.0497216
0.0489896
0.0482805
0.0475971
0.0469438
0.046327
0.0457562
0.0452447
0.0448116
0.0444835
0.044297
0.961692
0.892185
0.829085
0.771728
0.719523
0.671944
0.628523
0.588843
0.552532
0.519258
0.488724
0.460667
0.43485
0.411061
0.38911
0.368828
0.350063
0.332677
0.316547
0.301564
0.287627
0.274646
0.262542
0.25124
0.240674
0.230785
0.221518
0.212824
0.204658
0.19698
0.189752
0.182942
0.176517
0.17045
0.164716
0.159291
0.154153
0.149282
0.144661
0.140273
0.136102
0.132134
0.128356
0.124757
0.121324
0.118048
0.11492
0.11193
0.10907
0.106332
0.10371
0.101197
0.0987872
0.0964742
0.0942529
0.0921185
0.0900663
0.0880919
0.0861912
0.0843605
0.0825961
0.0808947
0.0792532
0.0776685
0.0761379
0.0746588
0.0732286
0.071845
0.0705057
0.0692088
0.0679522
0.0667339
0.0655523
0.0644056
0.0632922
0.0622105
0.0611591
0.0601367
0.0591418
0.0581733
0.0572299
0.0563105
0.0554141
0.0545399
0.0536868
0.0528543
0.0520417
0.0512489
0.0504758
0.0497228
0.0489909
0.0482818
0.0475984
0.0469451
0.0463283
0.0457575
0.045246
0.0448129
0.0444849
0.0442983
0.961692
0.892185
0.829085
0.771728
0.719523
0.671944
0.628523
0.588843
0.552532
0.519258
0.488724
0.460667
0.43485
0.411061
0.38911
0.368828
0.350063
0.332677
0.316547
0.301564
0.287627
0.274647
0.262542
0.25124
0.240674
0.230785
0.221518
0.212824
0.204658
0.19698
0.189752
0.182942
0.176517
0.170451
0.164716
0.159291
0.154153
0.149283
0.144661
0.140273
0.136102
0.132134
0.128357
0.124757
0.121325
0.118049
0.11492
0.11193
0.10907
0.106333
0.103711
0.101198
0.0987877
0.0964747
0.0942535
0.0921191
0.0900669
0.0880925
0.0861918
0.0843611
0.0825968
0.0808954
0.0792539
0.0776693
0.0761387
0.0746596
0.0732294
0.0718458
0.0705067
0.0692097
0.0679531
0.0667349
0.0655533
0.0644067
0.0632933
0.0622117
0.0611603
0.0601379
0.0591431
0.0581746
0.0572312
0.0563119
0.0554156
0.0545414
0.0536884
0.0528559
0.0520434
0.0512506
0.0504776
0.0497246
0.0489927
0.0482837
0.0476003
0.046947
0.0463303
0.0457595
0.045248
0.0448149
0.0444868
0.0443003
0.961692
0.892185
0.829085
0.771728
0.719523
0.671944
0.628523
0.588843
0.552532
0.519258
0.488724
0.460667
0.43485
0.411061
0.38911
0.368828
0.350063
0.332677
0.316547
0.301564
0.287627
0.274647
0.262542
0.25124
0.240674
0.230785
0.221518
0.212824
0.204658
0.19698
0.189753
0.182942
0.176517
0.170451
0.164717
0.159291
0.154153
0.149283
0.144662
0.140273
0.136102
0.132135
0.128357
0.124757
0.121325
0.118049
0.114921
0.111931
0.109071
0.106333
0.103711
0.101198
0.0987883
0.0964754
0.0942542
0.0921198
0.0900676
0.0880933
0.0861926
0.084362
0.0825977
0.0808963
0.0792549
0.0776703
0.0761397
0.0746606
0.0732305
0.071847
0.0705078
0.069211
0.0679544
0.0667362
0.0655547
0.0644081
0.0632947
0.0622132
0.0611619
0.0601395
0.0591448
0.0581763
0.057233
0.0563138
0.0554175
0.0545433
0.0536904
0.052858
0.0520456
0.0512529
0.0504798
0.0497269
0.0489951
0.0482861
0.0476028
0.0469496
0.0463328
0.045762
0.0452506
0.0448174
0.0444893
0.0443028
0.961692
0.892185
0.829085
0.771728
0.719523
0.671944
0.628523
0.588843
0.552532
0.519258
0.488725
0.460667
0.43485
0.411061
0.38911
0.368828
0.350063
0.332677
0.316547
0.301564
0.287627
0.274647
0.262542
0.25124
0.240674
0.230785
0.221518
0.212824
0.204658
0.19698
0.189753
0.182942
0.176518
0.170451
0.164717
0.159292
0.154154
0.149283
0.144662
0.140274
0.136103
0.132135
0.128357
0.124758
0.121326
0.11805
0.114921
0.111931
0.109071
0.106334
0.103712
0.101199
0.0987891
0.0964762
0.0942551
0.0921207
0.0900686
0.0880942
0.0861937
0.084363
0.0825987
0.0808975
0.079256
0.0776715
0.076141
0.074662
0.0732319
0.0718484
0.0705093
0.0692125
0.067956
0.0667379
0.0655564
0.0644098
0.0632965
0.062215
0.0611638
0.0601415
0.0591468
0.0581784
0.0572352
0.056316
0.0554199
0.0545458
0.0536929
0.0528605
0.0520482
0.0512556
0.0504826
0.0497298
0.048998
0.0482891
0.0476058
0.0469526
0.0463359
0.0457651
0.0452537
0.0448206
0.0444925
0.0443059
0.961692
0.892185
0.829085
0.771728
0.719523
0.671944
0.628523
0.588843
0.552532
0.519258
0.488725
0.460668
0.43485
0.411061
0.38911
0.368828
0.350063
0.332677
0.316547
0.301564
0.287627
0.274647
0.262542
0.25124
0.240675
0.230785
0.221518
0.212824
0.204659
0.196981
0.189753
0.182942
0.176518
0.170452
0.164717
0.159292
0.154154
0.149284
0.144663
0.140274
0.136103
0.132136
0.128358
0.124759
0.121326
0.11805
0.114922
0.111932
0.109072
0.106335
0.103713
0.1012
0.0987901
0.0964772
0.0942561
0.0921218
0.0900697
0.0880954
0.0861948
0.0843642
0.0826
0.0808988
0.0792574
0.0776729
0.0761425
0.0746635
0.0732335
0.07185
0.070511
0.0692142
0.0679578
0.0667397
0.0655583
0.0644118
0.0632986
0.0622172
0.0611661
0.0601438
0.0591492
0.0581809
0.0572378
0.0563187
0.0554226
0.0545486
0.0536958
0.0528635
0.0520513
0.0512588
0.0504859
0.0497331
0.0490015
0.0482926
0.0476094
0.0469562
0.0463396
0.0457688
0.0452573
0.0448242
0.0444961
0.0443095
0.961692
0.892185
0.829085
0.771728
0.719523
0.671944
0.628523
0.588843
0.552532
0.519258
0.488725
0.460668
0.43485
0.411061
0.38911
0.368829
0.350063
0.332677
0.316548
0.301564
0.287627
0.274647
0.262543
0.25124
0.240675
0.230786
0.221519
0.212825
0.204659
0.196981
0.189753
0.182943
0.176518
0.170452
0.164718
0.159293
0.154155
0.149284
0.144663
0.140275
0.136104
0.132136
0.128359
0.124759
0.121327
0.118051
0.114923
0.111933
0.109073
0.106336
0.103714
0.101201
0.0987911
0.0964783
0.0942572
0.092123
0.0900709
0.0880967
0.0861962
0.0843656
0.0826015
0.0809003
0.079259
0.0776745
0.0761441
0.0746652
0.0732352
0.0718519
0.0705129
0.0692162
0.0679599
0.0667419
0.0655605
0.0644141
0.063301
0.0622196
0.0611686
0.0601465
0.0591519
0.0581837
0.0572407
0.0563217
0.0554257
0.0545518
0.0536991
0.052867
0.0520548
0.0512624
0.0504896
0.0497369
0.0490053
0.0482965
0.0476134
0.0469603
0.0463437
0.0457729
0.0452615
0.0448284
0.0445003
0.0443137
0.961692
0.892185
0.829085
0.771728
0.719523
0.671944
0.628523
0.588843
0.552532
0.519258
0.488725
0.460668
0.43485
0.411061
0.389111
0.368829
0.350063
0.332677
0.316548
0.301564
0.287627
0.274647
0.262543
0.251241
0.240675
0.230786
0.221519
0.212825
0.204659
0.196981
0.189754
0.182943
0.176519
0.170452
0.164718
0.159293
0.154155
0.149285
0.144664
0.140276
0.136105
0.132137
0.128359
0.12476
0.121328
0.118052
0.114924
0.111934
0.109074
0.106337
0.103715
0.101202
0.0987923
0.0964795
0.0942585
0.0921243
0.0900723
0.0880981
0.0861977
0.0843672
0.0826031
0.080902
0.0792607
0.0776763
0.076146
0.0746671
0.0732372
0.071854
0.0705151
0.0692185
0.0679622
0.0667443
0.065563
0.0644167
0.0633036
0.0622224
0.0611714
0.0601494
0.059155
0.0581869
0.0572439
0.056325
0.0554291
0.0545553
0.0537028
0.0528707
0.0520587
0.0512664
0.0504937
0.0497412
0.0490096
0.0483009
0.0476179
0.0469648
0.0463483
0.0457776
0.0452662
0.044833
0.0445049
0.0443183
0.961692
0.892185
0.829085
0.771728
0.719523
0.671944
0.628523
0.588843
0.552532
0.519258
0.488725
0.460668
0.43485
0.411061
0.389111
0.368829
0.350063
0.332677
0.316548
0.301565
0.287628
0.274647
0.262543
0.251241
0.240675
0.230786
0.221519
0.212825
0.20466
0.196982
0.189754
0.182944
0.176519
0.170453
0.164719
0.159294
0.154156
0.149285
0.144665
0.140276
0.136105
0.132138
0.12836
0.124761
0.121329
0.118053
0.114925
0.111935
0.109075
0.106338
0.103716
0.101203
0.0987936
0.0964808
0.0942599
0.0921257
0.0900738
0.0880996
0.0861993
0.0843689
0.0826048
0.0809038
0.0792626
0.0776783
0.076148
0.0746692
0.0732394
0.0718562
0.0705174
0.0692209
0.0679647
0.0667469
0.0655657
0.0644194
0.0633065
0.0622253
0.0611745
0.0601526
0.0591582
0.0581903
0.0572474
0.0563287
0.0554329
0.0545592
0.0537068
0.0528749
0.0520629
0.0512707
0.0504982
0.0497457
0.0490143
0.0483057
0.0476228
0.0469698
0.0463533
0.0457826
0.0452712
0.0448381
0.04451
0.0443233
0.961692
0.892185
0.829085
0.771728
0.719523
0.671944
0.628523
0.588843
0.552532
0.519258
0.488725
0.460668
0.43485
0.411061
0.389111
0.368829
0.350063
0.332677
0.316548
0.301565
0.287628
0.274648
0.262543
0.251241
0.240676
0.230786
0.22152
0.212826
0.20466
0.196982
0.189755
0.182944
0.17652
0.170453
0.164719
0.159294
0.154156
0.149286
0.144665
0.140277
0.136106
0.132139
0.128361
0.124762
0.12133
0.118054
0.114926
0.111936
0.109076
0.106339
0.103717
0.101205
0.0987949
0.0964822
0.0942613
0.0921273
0.0900754
0.0881013
0.086201
0.0843707
0.0826067
0.0809057
0.0792646
0.0776804
0.0761502
0.0746715
0.0732418
0.0718586
0.0705199
0.0692235
0.0679673
0.0667496
0.0655686
0.0644224
0.0633096
0.0622285
0.0611778
0.060156
0.0591618
0.0581939
0.0572512
0.0563326
0.0554369
0.0545634
0.0537111
0.0528793
0.0520675
0.0512754
0.050503
0.0497507
0.0490194
0.0483109
0.047628
0.0469751
0.0463587
0.045788
0.0452767
0.0448436
0.0445154
0.0443288
0.961692
0.892185
0.829085
0.771728
0.719523
0.671944
0.628523
0.588843
0.552532
0.519258
0.488725
0.460668
0.43485
0.411061
0.389111
0.368829
0.350063
0.332677
0.316548
0.301565
0.287628
0.274648
0.262543
0.251241
0.240676
0.230787
0.22152
0.212826
0.20466
0.196982
0.189755
0.182945
0.17652
0.170454
0.16472
0.159295
0.154157
0.149287
0.144666
0.140278
0.136107
0.132139
0.128362
0.124763
0.121331
0.118055
0.114927
0.111937
0.109077
0.10634
0.103719
0.101206
0.0987964
0.0964837
0.0942629
0.0921289
0.0900771
0.0881031
0.0862029
0.0843726
0.0826087
0.0809078
0.0792667
0.0776826
0.0761525
0.0746739
0.0732442
0.0718612
0.0705226
0.0692262
0.0679702
0.0667526
0.0655716
0.0644256
0.0633129
0.0622319
0.0611813
0.0601596
0.0591655
0.0581978
0.0572552
0.0563367
0.0554412
0.0545678
0.0537156
0.052884
0.0520723
0.0512804
0.0505081
0.0497559
0.0490248
0.0483164
0.0476336
0.0469808
0.0463644
0.0457938
0.0452825
0.0448494
0.0445212
0.0443346
0.961692
0.892185
0.829085
0.771728
0.719523
0.671944
0.628523
0.588843
0.552532
0.519258
0.488725
0.460668
0.43485
0.411061
0.389111
0.368829
0.350063
0.332678
0.316548
0.301565
0.287628
0.274648
0.262544
0.251242
0.240676
0.230787
0.22152
0.212826
0.204661
0.196983
0.189756
0.182945
0.176521
0.170455
0.164721
0.159296
0.154158
0.149288
0.144667
0.140279
0.136108
0.13214
0.128363
0.124764
0.121332
0.118056
0.114928
0.111938
0.109079
0.106342
0.10372
0.101208
0.0987979
0.0964853
0.0942646
0.0921306
0.0900789
0.088105
0.0862048
0.0843746
0.0826108
0.0809099
0.079269
0.0776849
0.0761549
0.0746764
0.0732468
0.0718639
0.0705254
0.0692291
0.0679732
0.0667557
0.0655748
0.0644289
0.0633163
0.0622355
0.061185
0.0601634
0.0591695
0.0582019
0.0572594
0.056341
0.0554457
0.0545724
0.0537204
0.0528889
0.0520774
0.0512856
0.0505135
0.0497614
0.0490304
0.0483221
0.0476395
0.0469867
0.0463704
0.0457999
0.0452886
0.0448555
0.0445274
0.0443407
0.961692
0.892185
0.829085
0.771728
0.719523
0.671944
0.628523
0.588843
0.552532
0.519258
0.488725
0.460668
0.434851
0.411061
0.389111
0.368829
0.350064
0.332678
0.316548
0.301565
0.287628
0.274648
0.262544
0.251242
0.240676
0.230787
0.221521
0.212827
0.204661
0.196983
0.189756
0.182946
0.176521
0.170455
0.164721
0.159296
0.154158
0.149288
0.144668
0.140279
0.136109
0.132141
0.128364
0.124765
0.121333
0.118057
0.114929
0.111939
0.10908
0.106343
0.103722
0.101209
0.0987995
0.096487
0.0942663
0.0921324
0.0900807
0.0881069
0.0862068
0.0843767
0.0826129
0.0809122
0.0792713
0.0776874
0.0761575
0.074679
0.0732496
0.0718667
0.0705283
0.0692321
0.0679763
0.0667589
0.0655782
0.0644324
0.0633199
0.0622392
0.0611888
0.0601674
0.0591736
0.0582061
0.0572638
0.0563456
0.0554504
0.0545772
0.0537254
0.052894
0.0520827
0.0512911
0.0505191
0.0497672
0.0490363
0.0483281
0.0476456
0.046993
0.0463767
0.0458063
0.045295
0.044862
0.0445338
0.0443471
0.961692
0.892185
0.829084
0.771728
0.719523
0.671944
0.628523
0.588843
0.552532
0.519258
0.488725
0.460668
0.434851
0.411061
0.389111
0.368829
0.350064
0.332678
0.316548
0.301565
0.287629
0.274648
0.262544
0.251242
0.240677
0.230788
0.221521
0.212827
0.204662
0.196984
0.189756
0.182946
0.176522
0.170456
0.164722
0.159297
0.154159
0.149289
0.144668
0.14028
0.13611
0.132142
0.128365
0.124766
0.121334
0.118059
0.11493
0.111941
0.109081
0.106344
0.103723
0.101211
0.0988011
0.0964887
0.0942681
0.0921343
0.0900827
0.0881089
0.0862089
0.0843789
0.0826152
0.0809145
0.0792738
0.0776899
0.0761601
0.0746817
0.0732524
0.0718696
0.0705313
0.0692353
0.0679796
0.0667623
0.0655817
0.064436
0.0633236
0.062243
0.0611928
0.0601715
0.0591778
0.0582105
0.0572683
0.0563503
0.0554552
0.0545822
0.0537305
0.0528993
0.0520882
0.0512967
0.0505249
0.0497731
0.0490424
0.0483343
0.0476519
0.0469994
0.0463833
0.0458129
0.0453016
0.0448686
0.0445404
0.0443537
0.961692
0.892185
0.829084
0.771728
0.719523
0.671944
0.628523
0.588843
0.552532
0.519258
0.488725
0.460668
0.434851
0.411061
0.389111
0.368829
0.350064
0.332678
0.316549
0.301565
0.287629
0.274649
0.262544
0.251242
0.240677
0.230788
0.221521
0.212828
0.204662
0.196984
0.189757
0.182947
0.176522
0.170456
0.164723
0.159298
0.15416
0.14929
0.144669
0.140281
0.136111
0.132143
0.128366
0.124767
0.121335
0.11806
0.114932
0.111942
0.109083
0.106346
0.103725
0.101212
0.0988028
0.0964904
0.0942699
0.0921362
0.0900846
0.088111
0.086211
0.0843811
0.0826175
0.0809169
0.0792763
0.0776925
0.0761627
0.0746845
0.0732552
0.0718726
0.0705344
0.0692385
0.0679829
0.0667657
0.0655852
0.0644396
0.0633274
0.062247
0.0611969
0.0601757
0.0591822
0.058215
0.057273
0.0563551
0.0554602
0.0545874
0.0537358
0.0529048
0.0520938
0.0513025
0.0505308
0.0497792
0.0490486
0.0483407
0.0476584
0.047006
0.04639
0.0458197
0.0453085
0.0448755
0.0445473
0.0443606
0.961692
0.892184
0.829084
0.771728
0.719523
0.671944
0.628523
0.588843
0.552532
0.519258
0.488725
0.460668
0.434851
0.411062
0.389111
0.368829
0.350064
0.332678
0.316549
0.301566
0.287629
0.274649
0.262544
0.251243
0.240677
0.230788
0.221522
0.212828
0.204662
0.196985
0.189757
0.182947
0.176523
0.170457
0.164723
0.159298
0.154161
0.149291
0.14467
0.140282
0.136112
0.132144
0.128367
0.124768
0.121336
0.118061
0.114933
0.111943
0.109084
0.106347
0.103726
0.101214
0.0988045
0.0964922
0.0942717
0.0921381
0.0900867
0.088113
0.0862132
0.0843833
0.0826199
0.0809194
0.0792788
0.0776951
0.0761655
0.0746873
0.0732582
0.0718757
0.0705375
0.0692417
0.0679863
0.0667692
0.0655888
0.0644434
0.0633313
0.062251
0.061201
0.06018
0.0591866
0.0582196
0.0572777
0.05636
0.0554652
0.0545926
0.0537412
0.0529104
0.0520995
0.0513084
0.0505369
0.0497854
0.049055
0.0483473
0.0476651
0.0470128
0.0463969
0.0458266
0.0453155
0.0448825
0.0445543
0.0443676
0.961692
0.892184
0.829084
0.771727
0.719523
0.671944
0.628523
0.588843
0.552532
0.519258
0.488725
0.460668
0.434851
0.411062
0.389111
0.368829
0.350064
0.332678
0.316549
0.301566
0.287629
0.274649
0.262545
0.251243
0.240678
0.230789
0.221522
0.212828
0.204663
0.196985
0.189758
0.182948
0.176524
0.170458
0.164724
0.159299
0.154161
0.149291
0.144671
0.140283
0.136113
0.132145
0.128368
0.124769
0.121337
0.118062
0.114934
0.111945
0.109086
0.106349
0.103728
0.101216
0.0988062
0.096494
0.0942736
0.0921401
0.0900887
0.0881152
0.0862154
0.0843857
0.0826223
0.0809219
0.0792814
0.0776978
0.0761683
0.0746902
0.0732612
0.0718787
0.0705407
0.0692451
0.0679897
0.0667728
0.0655925
0.0644472
0.0633352
0.0622551
0.0612052
0.0601844
0.0591911
0.0582242
0.0572825
0.0563649
0.0554704
0.0545979
0.0537467
0.052916
0.0521054
0.0513144
0.050543
0.0497918
0.0490615
0.0483539
0.0476719
0.0470197
0.0464038
0.0458337
0.0453226
0.0448896
0.0445615
0.0443747
0.961692
0.892184
0.829084
0.771727
0.719523
0.671944
0.628523
0.588843
0.552532
0.519258
0.488725
0.460668
0.434851
0.411062
0.389111
0.368829
0.350064
0.332678
0.316549
0.301566
0.287629
0.274649
0.262545
0.251243
0.240678
0.230789
0.221522
0.212829
0.204663
0.196986
0.189758
0.182948
0.176524
0.170458
0.164725
0.1593
0.154162
0.149292
0.144672
0.140284
0.136113
0.132146
0.128369
0.12477
0.121339
0.118064
0.114936
0.111946
0.109087
0.10635
0.103729
0.101217
0.098808
0.0964958
0.0942755
0.092142
0.0900908
0.0881173
0.0862177
0.084388
0.0826247
0.0809244
0.079284
0.0777005
0.0761711
0.0746931
0.0732642
0.0718819
0.070544
0.0692484
0.0679932
0.0667764
0.0655962
0.064451
0.0633392
0.0622592
0.0612095
0.0601888
0.0591957
0.0582289
0.0572874
0.05637
0.0554756
0.0546033
0.0537522
0.0529217
0.0521112
0.0513204
0.0505493
0.0497982
0.049068
0.0483606
0.0476787
0.0470267
0.0464109
0.0458408
0.0453298
0.0448969
0.0445687
0.0443819
0.961692
0.892184
0.829084
0.771727
0.719523
0.671944
0.628523
0.588843
0.552532
0.519258
0.488725
0.460668
0.434851
0.411062
0.389111
0.368829
0.350064
0.332678
0.316549
0.301566
0.287629
0.274649
0.262545
0.251243
0.240678
0.230789
0.221523
0.212829
0.204664
0.196986
0.189759
0.182949
0.176525
0.170459
0.164725
0.1593
0.154163
0.149293
0.144673
0.140285
0.136114
0.132147
0.12837
0.124772
0.12134
0.118065
0.114937
0.111948
0.109089
0.106352
0.103731
0.101219
0.0988097
0.0964977
0.0942774
0.092144
0.0900928
0.0881195
0.0862199
0.0843903
0.0826271
0.0809269
0.0792866
0.0777032
0.0761739
0.074696
0.0732672
0.071885
0.0705472
0.0692518
0.0679966
0.06678
0.0656
0.0644549
0.0633432
0.0622633
0.0612138
0.0601932
0.0592002
0.0582337
0.0572923
0.056375
0.0554808
0.0546087
0.0537578
0.0529275
0.0521172
0.0513265
0.0505555
0.0498046
0.0490746
0.0483674
0.0476856
0.0470337
0.0464181
0.045848
0.0453371
0.0449042
0.044576
0.0443892
0.961692
0.892184
0.829084
0.771727
0.719523
0.671944
0.628523
0.588843
0.552532
0.519258
0.488725
0.460668
0.434851
0.411062
0.389111
0.368829
0.350064
0.332678
0.316549
0.301566
0.28763
0.27465
0.262545
0.251244
0.240678
0.23079
0.221523
0.212829
0.204664
0.196986
0.189759
0.182949
0.176525
0.170459
0.164726
0.159301
0.154164
0.149294
0.144673
0.140286
0.136115
0.132148
0.128371
0.124773
0.121341
0.118066
0.114938
0.111949
0.10909
0.106353
0.103733
0.101221
0.0988115
0.0964995
0.0942793
0.092146
0.0900949
0.0881216
0.0862222
0.0843926
0.0826295
0.0809294
0.0792892
0.0777059
0.0761767
0.074699
0.0732702
0.0718881
0.0705505
0.0692551
0.0680001
0.0667836
0.0656037
0.0644588
0.0633472
0.0622674
0.061218
0.0601976
0.0592048
0.0582384
0.0572972
0.0563801
0.055486
0.0546141
0.0537634
0.0529332
0.0521231
0.0513326
0.0505618
0.0498111
0.0490813
0.0483742
0.0476926
0.0470408
0.0464252
0.0458553
0.0453444
0.0449115
0.0445834
0.0443965
0.961692
0.892184
0.829084
0.771727
0.719523
0.671944
0.628523
0.588843
0.552532
0.519258
0.488725
0.460668
0.434851
0.411062
0.389111
0.36883
0.350064
0.332678
0.316549
0.301566
0.28763
0.27465
0.262546
0.251244
0.240679
0.23079
0.221523
0.21283
0.204665
0.196987
0.18976
0.18295
0.176526
0.17046
0.164726
0.159302
0.154164
0.149295
0.144674
0.140287
0.136116
0.132149
0.128372
0.124774
0.121342
0.118067
0.11494
0.11195
0.109091
0.106355
0.103734
0.101222
0.0988132
0.0965013
0.0942813
0.092148
0.090097
0.0881238
0.0862244
0.084395
0.0826319
0.0809319
0.0792918
0.0777086
0.0761795
0.0747019
0.0732733
0.0718913
0.0705537
0.0692585
0.0680036
0.0667872
0.0656074
0.0644626
0.0633512
0.0622716
0.0612223
0.060202
0.0592094
0.0582431
0.0573021
0.0563851
0.0554912
0.0546194
0.0537689
0.0529389
0.052129
0.0513387
0.0505681
0.0498175
0.0490879
0.0483809
0.0476995
0.0470478
0.0464324
0.0458625
0.0453517
0.0449189
0.0445907
0.0444039
0.961692
0.892184
0.829084
0.771727
0.719523
0.671944
0.628523
0.588843
0.552532
0.519258
0.488725
0.460668
0.434851
0.411062
0.389111
0.36883
0.350064
0.332679
0.316549
0.301566
0.28763
0.27465
0.262546
0.251244
0.240679
0.23079
0.221524
0.21283
0.204665
0.196987
0.18976
0.18295
0.176526
0.170461
0.164727
0.159303
0.154165
0.149295
0.144675
0.140288
0.136117
0.13215
0.128374
0.124775
0.121343
0.118069
0.114941
0.111952
0.109093
0.106357
0.103736
0.101224
0.098815
0.0965031
0.0942831
0.09215
0.090099
0.0881259
0.0862266
0.0843973
0.0826343
0.0809344
0.0792944
0.0777113
0.0761823
0.0747048
0.0732762
0.0718944
0.0705569
0.0692618
0.0680071
0.0667907
0.0656111
0.0644665
0.0633551
0.0622757
0.0612266
0.0602064
0.0592139
0.0582478
0.0573069
0.0563901
0.0554964
0.0546248
0.0537744
0.0529446
0.0521349
0.0513448
0.0505743
0.0498239
0.0490944
0.0483877
0.0477064
0.0470548
0.0464395
0.0458698
0.045359
0.0449262
0.044598
0.0444112
0.961692
0.892184
0.829084
0.771727
0.719523
0.671944
0.628523
0.588843
0.552532
0.519258
0.488725
0.460668
0.434851
0.411062
0.389111
0.36883
0.350064
0.332679
0.31655
0.301567
0.28763
0.27465
0.262546
0.251244
0.240679
0.23079
0.221524
0.21283
0.204665
0.196988
0.189761
0.182951
0.176527
0.170461
0.164728
0.159303
0.154166
0.149296
0.144676
0.140288
0.136118
0.132151
0.128375
0.124776
0.121345
0.11807
0.114942
0.111953
0.109094
0.106358
0.103737
0.101226
0.0988167
0.0965049
0.094285
0.0921519
0.0901011
0.088128
0.0862288
0.0843996
0.0826367
0.0809369
0.079297
0.0777139
0.076185
0.0747076
0.0732792
0.0718974
0.0705601
0.0692651
0.0680105
0.0667943
0.0656148
0.0644702
0.0633591
0.0622797
0.0612307
0.0602107
0.0592184
0.0582524
0.0573117
0.0563951
0.0555015
0.0546301
0.0537799
0.0529503
0.0521407
0.0513508
0.0505805
0.0498303
0.049101
0.0483943
0.0477132
0.0470618
0.0464466
0.0458769
0.0453662
0.0449334
0.0446053
0.0444184
0.961692
0.892184
0.829084
0.771727
0.719523
0.671944
0.628523
0.588843
0.552532
0.519258
0.488725
0.460668
0.434851
0.411062
0.389111
0.36883
0.350064
0.332679
0.31655
0.301567
0.28763
0.27465
0.262546
0.251245
0.240679
0.230791
0.221524
0.212831
0.204666
0.196988
0.189761
0.182951
0.176528
0.170462
0.164728
0.159304
0.154167
0.149297
0.144677
0.140289
0.136119
0.132152
0.128376
0.124777
0.121346
0.118071
0.114944
0.111955
0.109096
0.10636
0.103739
0.101227
0.0988184
0.0965067
0.0942869
0.0921539
0.0901031
0.0881301
0.086231
0.0844018
0.0826391
0.0809393
0.0792995
0.0777166
0.0761878
0.0747104
0.0732821
0.0719005
0.0705632
0.0692684
0.0680138
0.0667978
0.0656184
0.064474
0.0633629
0.0622837
0.0612349
0.060215
0.0592228
0.058257
0.0573164
0.0564
0.0555066
0.0546353
0.0537853
0.0529558
0.0521464
0.0513567
0.0505866
0.0498365
0.0491074
0.0484009
0.0477199
0.0470686
0.0464536
0.045884
0.0453733
0.0449406
0.0446125
0.0444256
0.961692
0.892184
0.829084
0.771727
0.719522
0.671944
0.628523
0.588843
0.552532
0.519258
0.488725
0.460668
0.434851
0.411062
0.389111
0.36883
0.350064
0.332679
0.31655
0.301567
0.28763
0.27465
0.262546
0.251245
0.24068
0.230791
0.221525
0.212831
0.204666
0.196989
0.189762
0.182952
0.176528
0.170462
0.164729
0.159305
0.154167
0.149298
0.144678
0.14029
0.13612
0.132153
0.128377
0.124778
0.121347
0.118072
0.114945
0.111956
0.109097
0.106361
0.10374
0.101229
0.09882
0.0965084
0.0942887
0.0921557
0.090105
0.0881322
0.0862331
0.084404
0.0826414
0.0809417
0.079302
0.0777191
0.0761904
0.0747132
0.073285
0.0719034
0.0705663
0.0692716
0.0680171
0.0668012
0.0656219
0.0644776
0.0633667
0.0622876
0.0612389
0.0602192
0.0592271
0.0582615
0.0573211
0.0564048
0.0555115
0.0546404
0.0537906
0.0529613
0.0521521
0.0513625
0.0505926
0.0498427
0.0491137
0.0484074
0.0477265
0.0470754
0.0464604
0.0458909
0.0453804
0.0449477
0.0446195
0.0444326
0.961692
0.892184
0.829084
0.771727
0.719522
0.671944
0.628523
0.588843
0.552532
0.519258
0.488725
0.460668
0.434851
0.411062
0.389111
0.36883
0.350065
0.332679
0.31655
0.301567
0.28763
0.274651
0.262547
0.251245
0.24068
0.230791
0.221525
0.212831
0.204666
0.196989
0.189762
0.182952
0.176529
0.170463
0.16473
0.159305
0.154168
0.149299
0.144678
0.140291
0.136121
0.132154
0.128378
0.124779
0.121348
0.118073
0.114946
0.111957
0.109098
0.106362
0.103742
0.10123
0.0988217
0.0965101
0.0942904
0.0921576
0.0901069
0.0881342
0.0862352
0.0844062
0.0826436
0.0809441
0.0793044
0.0777217
0.076193
0.0747159
0.0732878
0.0719064
0.0705693
0.0692747
0.0680204
0.0668045
0.0656254
0.0644812
0.0633704
0.0622915
0.0612429
0.0602233
0.0592314
0.0582659
0.0573256
0.0564095
0.0555164
0.0546454
0.0537958
0.0529667
0.0521576
0.0513682
0.0505984
0.0498487
0.0491199
0.0484138
0.047733
0.047082
0.0464672
0.0458978
0.0453873
0.0449546
0.0446265
0.0444396
0.961692
0.892184
0.829084
0.771727
0.719522
0.671944
0.628523
0.588843
0.552532
0.519258
0.488725
0.460668
0.434851
0.411062
0.389111
0.36883
0.350065
0.332679
0.31655
0.301567
0.287631
0.274651
0.262547
0.251245
0.24068
0.230792
0.221525
0.212832
0.204667
0.196989
0.189763
0.182953
0.176529
0.170463
0.16473
0.159306
0.154169
0.149299
0.144679
0.140292
0.136122
0.132155
0.128379
0.12478
0.121349
0.118075
0.114947
0.111958
0.1091
0.106364
0.103743
0.101232
0.0988232
0.0965118
0.0942921
0.0921594
0.0901088
0.0881361
0.0862372
0.0844083
0.0826458
0.0809463
0.0793068
0.0777241
0.0761956
0.0747186
0.0732905
0.0719092
0.0705723
0.0692777
0.0680235
0.0668078
0.0656288
0.0644847
0.063374
0.0622952
0.0612468
0.0602273
0.0592355
0.0582702
0.0573301
0.0564141
0.0555211
0.0546503
0.0538008
0.0529719
0.052163
0.0513738
0.0506042
0.0498546
0.049126
0.04842
0.0477394
0.0470885
0.0464738
0.0459045
0.045394
0.0449614
0.0446333
0.0444464
0.961692
0.892184
0.829084
0.771727
0.719522
0.671944
0.628523
0.588843
0.552532
0.519258
0.488725
0.460668
0.434851
0.411062
0.389111
0.36883
0.350065
0.332679
0.31655
0.301567
0.287631
0.274651
0.262547
0.251245
0.24068
0.230792
0.221525
0.212832
0.204667
0.19699
0.189763
0.182953
0.17653
0.170464
0.164731
0.159306
0.154169
0.1493
0.14468
0.140293
0.136123
0.132156
0.12838
0.124781
0.12135
0.118076
0.114948
0.11196
0.109101
0.106365
0.103745
0.101233
0.0988248
0.0965134
0.0942938
0.0921611
0.0901106
0.088138
0.0862392
0.0844104
0.0826479
0.0809486
0.0793091
0.0777265
0.0761981
0.0747211
0.0732932
0.071912
0.0705751
0.0692807
0.0680266
0.066811
0.065632
0.0644881
0.0633776
0.0622989
0.0612505
0.0602312
0.0592396
0.0582744
0.0573344
0.0564185
0.0555257
0.0546551
0.0538058
0.052977
0.0521682
0.0513792
0.0506098
0.0498604
0.0491319
0.048426
0.0477456
0.0470949
0.0464802
0.045911
0.0454006
0.044968
0.0446399
0.044453
0.961692
0.892184
0.829084
0.771727
0.719522
0.671944
0.628523
0.588843
0.552532
0.519258
0.488725
0.460668
0.434851
0.411062
0.389111
0.36883
0.350065
0.332679
0.31655
0.301567
0.287631
0.274651
0.262547
0.251246
0.240681
0.230792
0.221526
0.212832
0.204667
0.19699
0.189763
0.182954
0.17653
0.170464
0.164731
0.159307
0.15417
0.149301
0.144681
0.140293
0.136123
0.132157
0.12838
0.124782
0.121351
0.118077
0.11495
0.111961
0.109102
0.106366
0.103746
0.101235
0.0988263
0.0965149
0.0942954
0.0921628
0.0901124
0.0881399
0.0862411
0.0844123
0.08265
0.0809507
0.0793113
0.0777288
0.0762005
0.0747236
0.0732958
0.0719146
0.0705779
0.0692835
0.0680296
0.066814
0.0656352
0.0644914
0.063381
0.0623024
0.0612542
0.060235
0.0592435
0.0582784
0.0573386
0.0564228
0.0555302
0.0546597
0.0538105
0.0529819
0.0521733
0.0513844
0.0506152
0.0498659
0.0491376
0.0484319
0.0477516
0.047101
0.0464865
0.0459173
0.045407
0.0449745
0.0446464
0.0444594
0.961692
0.892184
0.829084
0.771727
0.719522
0.671944
0.628523
0.588843
0.552532
0.519258
0.488725
0.460668
0.434851
0.411062
0.389111
0.36883
0.350065
0.332679
0.31655
0.301567
0.287631
0.274651
0.262547
0.251246
0.240681
0.230792
0.221526
0.212833
0.204668
0.19699
0.189764
0.182954
0.17653
0.170465
0.164732
0.159308
0.154171
0.149301
0.144681
0.140294
0.136124
0.132158
0.128381
0.124783
0.121352
0.118078
0.114951
0.111962
0.109103
0.106368
0.103747
0.101236
0.0988277
0.0965164
0.094297
0.0921644
0.0901141
0.0881416
0.086243
0.0844143
0.082652
0.0809528
0.0793134
0.077731
0.0762028
0.074726
0.0732983
0.0719172
0.0705806
0.0692863
0.0680324
0.066817
0.0656383
0.0644946
0.0633843
0.0623058
0.0612577
0.0602386
0.0592473
0.0582823
0.0573426
0.056427
0.0555345
0.0546642
0.0538152
0.0529867
0.0521783
0.0513895
0.0506204
0.0498713
0.0491432
0.0484376
0.0477575
0.047107
0.0464925
0.0459235
0.0454132
0.0449807
0.0446526
0.0444657
0.961692
0.892184
0.829084
0.771727
0.719522
0.671944
0.628523
0.588843
0.552532
0.519258
0.488725
0.460668
0.434851
0.411062
0.389112
0.36883
0.350065
0.332679
0.31655
0.301567
0.287631
0.274651
0.262547
0.251246
0.240681
0.230792
0.221526
0.212833
0.204668
0.196991
0.189764
0.182954
0.176531
0.170465
0.164732
0.159308
0.154171
0.149302
0.144682
0.140295
0.136125
0.132158
0.128382
0.124784
0.121353
0.118079
0.114952
0.111963
0.109105
0.106369
0.103749
0.101237
0.0988291
0.0965179
0.0942985
0.092166
0.0901157
0.0881433
0.0862447
0.0844161
0.0826539
0.0809548
0.0793155
0.0777332
0.076205
0.0747283
0.0733007
0.0719197
0.0705832
0.069289
0.0680352
0.0668199
0.0656413
0.0644976
0.0633874
0.0623091
0.0612611
0.0602422
0.0592509
0.0582861
0.0573465
0.056431
0.0555387
0.0546685
0.0538196
0.0529913
0.052183
0.0513944
0.0506255
0.0498765
0.0491485
0.0484431
0.0477631
0.0471127
0.0464984
0.0459294
0.0454192
0.0449867
0.0446587
0.0444717
0.961692
0.892184
0.829084
0.771727
0.719522
0.671944
0.628523
0.588843
0.552532
0.519258
0.488725
0.460668
0.434851
0.411062
0.389112
0.36883
0.350065
0.332679
0.31655
0.301567
0.287631
0.274651
0.262547
0.251246
0.240681
0.230793
0.221526
0.212833
0.204668
0.196991
0.189764
0.182955
0.176531
0.170466
0.164733
0.159309
0.154172
0.149302
0.144683
0.140295
0.136126
0.132159
0.128383
0.124785
0.121354
0.11808
0.114953
0.111964
0.109106
0.10637
0.10375
0.101239
0.0988304
0.0965193
0.0943
0.0921675
0.0901173
0.088145
0.0862464
0.0844179
0.0826557
0.0809567
0.0793175
0.0777352
0.0762071
0.0747305
0.073303
0.0719221
0.0705856
0.0692915
0.0680378
0.0668226
0.0656441
0.0645006
0.0633905
0.0623122
0.0612644
0.0602455
0.0592544
0.0582897
0.0573502
0.0564349
0.0555427
0.0546726
0.0538239
0.0529957
0.0521875
0.0513991
0.0506303
0.0498815
0.0491536
0.0484484
0.0477685
0.0471182
0.046504
0.0459351
0.0454249
0.0449925
0.0446644
0.0444775
0.961692
0.892184
0.829084
0.771727
0.719522
0.671944
0.628523
0.588843
0.552532
0.519258
0.488725
0.460668
0.434851
0.411062
0.389112
0.36883
0.350065
0.332679
0.31655
0.301568
0.287631
0.274652
0.262548
0.251246
0.240681
0.230793
0.221527
0.212833
0.204669
0.196991
0.189765
0.182955
0.176532
0.170466
0.164733
0.159309
0.154172
0.149303
0.144683
0.140296
0.136126
0.13216
0.128384
0.124786
0.121355
0.118081
0.114954
0.111965
0.109107
0.106371
0.103751
0.10124
0.0988317
0.0965206
0.0943013
0.092169
0.0901188
0.0881465
0.086248
0.0844196
0.0826575
0.0809585
0.0793194
0.0777372
0.0762092
0.0747327
0.0733052
0.0719243
0.070588
0.069294
0.0680403
0.0668252
0.0656468
0.0645034
0.0633934
0.0623152
0.0612675
0.0602487
0.0592577
0.0582931
0.0573538
0.0564386
0.0555465
0.0546765
0.0538279
0.0529999
0.0521919
0.0514036
0.0506349
0.0498863
0.0491585
0.0484534
0.0477736
0.0471235
0.0465093
0.0459405
0.0454304
0.044998
0.04467
0.044483
0.961692
0.892184
0.829084
0.771727
0.719522
0.671944
0.628523
0.588843
0.552532
0.519258
0.488725
0.460668
0.434851
0.411062
0.389112
0.36883
0.350065
0.332679
0.31655
0.301568
0.287631
0.274652
0.262548
0.251246
0.240681
0.230793
0.221527
0.212834
0.204669
0.196992
0.189765
0.182955
0.176532
0.170467
0.164734
0.15931
0.154173
0.149304
0.144684
0.140297
0.136127
0.132161
0.128384
0.124786
0.121356
0.118081
0.114954
0.111966
0.109108
0.106372
0.103752
0.101241
0.0988328
0.0965218
0.0943026
0.0921703
0.0901202
0.088148
0.0862496
0.0844212
0.0826592
0.0809602
0.0793212
0.0777391
0.0762111
0.0747347
0.0733072
0.0719265
0.0705902
0.0692963
0.0680427
0.0668277
0.0656493
0.064506
0.0633961
0.062318
0.0612704
0.0602518
0.0592608
0.0582964
0.0573571
0.0564421
0.0555501
0.0546803
0.0538318
0.0530039
0.052196
0.0514079
0.0506393
0.0498908
0.0491632
0.0484582
0.0477785
0.0471285
0.0465144
0.0459457
0.0454357
0.0450033
0.0446753
0.0444882
0.961692
0.892184
0.829084
0.771727
0.719522
0.671944
0.628523
0.588843
0.552532
0.519258
0.488725
0.460668
0.434851
0.411062
0.389112
0.36883
0.350065
0.332679
0.31655
0.301568
0.287631
0.274652
0.262548
0.251246
0.240682
0.230793
0.221527
0.212834
0.204669
0.196992
0.189765
0.182956
0.176532
0.170467
0.164734
0.15931
0.154173
0.149304
0.144684
0.140297
0.136128
0.132161
0.128385
0.124787
0.121356
0.118082
0.114955
0.111967
0.109109
0.106373
0.103753
0.101242
0.098834
0.096523
0.0943039
0.0921716
0.0901216
0.0881494
0.086251
0.0844227
0.0826607
0.0809618
0.0793229
0.0777408
0.0762129
0.0747365
0.0733092
0.0719285
0.0705923
0.0692985
0.068045
0.06683
0.0656518
0.0645085
0.0633987
0.0623207
0.0612732
0.0602547
0.0592638
0.0582994
0.0573603
0.0564454
0.0555535
0.0546838
0.0538354
0.0530077
0.0521999
0.0514119
0.0506435
0.0498951
0.0491676
0.0484627
0.0477832
0.0471332
0.0465193
0.0459506
0.0454406
0.0450083
0.0446803
0.0444932
0.961692
0.892184
0.829084
0.771727
0.719522
0.671944
0.628523
0.588843
0.552532
0.519258
0.488725
0.460668
0.434851
0.411062
0.389112
0.36883
0.350065
0.332679
0.316551
0.301568
0.287631
0.274652
0.262548
0.251247
0.240682
0.230793
0.221527
0.212834
0.204669
0.196992
0.189766
0.182956
0.176533
0.170467
0.164734
0.15931
0.154174
0.149304
0.144685
0.140298
0.136128
0.132162
0.128386
0.124788
0.121357
0.118083
0.114956
0.111968
0.10911
0.106374
0.103754
0.101243
0.098835
0.0965241
0.094305
0.0921728
0.0901228
0.0881507
0.0862524
0.0844241
0.0826622
0.0809634
0.0793245
0.0777425
0.0762147
0.0747383
0.073311
0.0719304
0.0705943
0.0693005
0.0680471
0.0668322
0.0656541
0.0645109
0.0634011
0.0623233
0.0612758
0.0602574
0.0592666
0.0583023
0.0573633
0.0564485
0.0555567
0.0546872
0.0538389
0.0530112
0.0522036
0.0514157
0.0506474
0.0498991
0.0491718
0.048467
0.0477875
0.0471377
0.0465238
0.0459552
0.0454453
0.045013
0.044685
0.044498
0.961692
0.892184
0.829084
0.771727
0.719522
0.671944
0.628523
0.588843
0.552532
0.519258
0.488725
0.460668
0.434851
0.411062
0.389112
0.36883
0.350065
0.332679
0.316551
0.301568
0.287631
0.274652
0.262548
0.251247
0.240682
0.230793
0.221527
0.212834
0.20467
0.196992
0.189766
0.182956
0.176533
0.170468
0.164735
0.159311
0.154174
0.149305
0.144685
0.140298
0.136129
0.132162
0.128386
0.124789
0.121358
0.118084
0.114957
0.111969
0.10911
0.106375
0.103755
0.101244
0.098836
0.0965251
0.0943061
0.0921739
0.090124
0.0881519
0.0862537
0.0844254
0.0826636
0.0809648
0.0793259
0.077744
0.0762163
0.07474
0.0733128
0.0719322
0.0705961
0.0693024
0.0680491
0.0668343
0.0656562
0.0645131
0.0634034
0.0623256
0.0612783
0.0602599
0.0592692
0.0583051
0.0573661
0.0564514
0.0555597
0.0546903
0.0538421
0.0530146
0.0522071
0.0514192
0.0506511
0.0499029
0.0491757
0.048471
0.0477916
0.0471419
0.0465281
0.0459596
0.0454497
0.0450174
0.0446894
0.0445024
0.961692
0.892184
0.829084
0.771727
0.719522
0.671944
0.628523
0.588843
0.552532
0.519258
0.488725
0.460668
0.434851
0.411062
0.389112
0.36883
0.350065
0.332679
0.316551
0.301568
0.287632
0.274652
0.262548
0.251247
0.240682
0.230794
0.221528
0.212834
0.20467
0.196993
0.189766
0.182957
0.176533
0.170468
0.164735
0.159311
0.154174
0.149305
0.144686
0.140299
0.136129
0.132163
0.128387
0.124789
0.121358
0.118084
0.114958
0.111969
0.109111
0.106376
0.103756
0.101245
0.098837
0.0965261
0.0943071
0.092175
0.0901251
0.0881531
0.0862549
0.0844266
0.0826649
0.0809661
0.0793273
0.0777455
0.0762177
0.0747415
0.0733144
0.0719339
0.0705979
0.0693042
0.0680509
0.0668362
0.0656582
0.0645152
0.0634056
0.0623278
0.0612805
0.0602622
0.0592717
0.0583076
0.0573687
0.0564541
0.0555625
0.0546932
0.0538451
0.0530177
0.0522103
0.0514226
0.0506545
0.0499064
0.0491793
0.0484747
0.0477955
0.0471458
0.0465321
0.0459636
0.0454538
0.0450215
0.0446935
0.0445065
0.961692
0.892184
0.829084
0.771727
0.719522
0.671944
0.628523
0.588843
0.552532
0.519258
0.488725
0.460668
0.434851
0.411062
0.389112
0.36883
0.350065
0.33268
0.316551
0.301568
0.287632
0.274652
0.262548
0.251247
0.240682
0.230794
0.221528
0.212835
0.20467
0.196993
0.189766
0.182957
0.176534
0.170468
0.164735
0.159311
0.154175
0.149306
0.144686
0.140299
0.13613
0.132163
0.128387
0.12479
0.121359
0.118085
0.114958
0.11197
0.109112
0.106376
0.103757
0.101246
0.0988378
0.096527
0.094308
0.0921759
0.0901261
0.0881541
0.0862559
0.0844278
0.082666
0.0809674
0.0793286
0.0777468
0.0762191
0.074743
0.0733158
0.0719354
0.0705994
0.0693058
0.0680526
0.066838
0.06566
0.064517
0.0634075
0.0623298
0.0612826
0.0602644
0.0592739
0.0583099
0.0573712
0.0564566
0.0555651
0.0546958
0.0538479
0.0530205
0.0522132
0.0514256
0.0506577
0.0499097
0.0491826
0.0484781
0.047799
0.0471494
0.0465357
0.0459673
0.0454576
0.0450253
0.0446973
0.0445103
0.961692
0.892184
0.829084
0.771727
0.719522
0.671944
0.628523
0.588843
0.552532
0.519258
0.488725
0.460668
0.434851
0.411062
0.389112
0.36883
0.350065
0.33268
0.316551
0.301568
0.287632
0.274652
0.262548
0.251247
0.240682
0.230794
0.221528
0.212835
0.20467
0.196993
0.189767
0.182957
0.176534
0.170469
0.164736
0.159312
0.154175
0.149306
0.144686
0.1403
0.13613
0.132164
0.128388
0.12479
0.121359
0.118085
0.114959
0.111971
0.109113
0.106377
0.103757
0.101247
0.0988386
0.0965278
0.0943089
0.0921768
0.090127
0.0881551
0.0862569
0.0844288
0.0826671
0.0809685
0.0793298
0.077748
0.0762204
0.0747443
0.0733172
0.0719368
0.0706009
0.0693073
0.0680542
0.0668396
0.0656616
0.0645188
0.0634093
0.0623317
0.0612845
0.0602664
0.059276
0.058312
0.0573734
0.0564588
0.0555675
0.0546983
0.0538504
0.0530231
0.0522159
0.0514284
0.0506605
0.0499127
0.0491857
0.0484813
0.0478022
0.0471527
0.0465391
0.0459708
0.045461
0.0450288
0.0447008
0.0445138
0.961692
0.892184
0.829084
0.771727
0.719522
0.671944
0.628523
0.588843
0.552532
0.519258
0.488725
0.460668
0.434851
0.411062
0.389112
0.36883
0.350065
0.33268
0.316551
0.301568
0.287632
0.274652
0.262548
0.251247
0.240682
0.230794
0.221528
0.212835
0.20467
0.196993
0.189767
0.182957
0.176534
0.170469
0.164736
0.159312
0.154175
0.149306
0.144687
0.1403
0.13613
0.132164
0.128388
0.124791
0.12136
0.118086
0.114959
0.111971
0.109113
0.106378
0.103758
0.101247
0.0988393
0.0965285
0.0943096
0.0921776
0.0901278
0.0881559
0.0862578
0.0844298
0.0826681
0.0809695
0.0793308
0.0777491
0.0762215
0.0747454
0.0733184
0.0719381
0.0706022
0.0693087
0.0680556
0.066841
0.0656632
0.0645203
0.0634109
0.0623334
0.0612863
0.0602682
0.0592778
0.0583139
0.0573753
0.0564609
0.0555696
0.0547005
0.0538527
0.0530255
0.0522184
0.0514309
0.0506631
0.0499154
0.0491885
0.0484841
0.0478051
0.0471557
0.0465422
0.0459739
0.0454641
0.045032
0.044704
0.0445169
0.961692
0.892184
0.829084
0.771727
0.719522
0.671944
0.628523
0.588843
0.552532
0.519258
0.488725
0.460668
0.434851
0.411062
0.389112
0.36883
0.350065
0.33268
0.316551
0.301568
0.287632
0.274652
0.262548
0.251247
0.240682
0.230794
0.221528
0.212835
0.20467
0.196993
0.189767
0.182957
0.176534
0.170469
0.164736
0.159312
0.154176
0.149307
0.144687
0.1403
0.136131
0.132165
0.128389
0.124791
0.12136
0.118086
0.11496
0.111972
0.109114
0.106378
0.103759
0.101248
0.0988399
0.0965292
0.0943103
0.0921783
0.0901286
0.0881567
0.0862586
0.0844306
0.082669
0.0809704
0.0793317
0.07775
0.0762225
0.0747465
0.0733195
0.0719392
0.0706034
0.0693099
0.0680568
0.0668423
0.0656645
0.0645217
0.0634123
0.0623349
0.0612878
0.0602698
0.0592795
0.0583157
0.0573771
0.0564627
0.0555715
0.0547024
0.0538547
0.0530276
0.0522205
0.0514332
0.0506655
0.0499178
0.0491909
0.0484867
0.0478077
0.0471584
0.0465449
0.0459766
0.0454669
0.0450348
0.0447068
0.0445197
0.961692
0.892184
0.829084
0.771727
0.719522
0.671944
0.628523
0.588843
0.552532
0.519258
0.488725
0.460668
0.434851
0.411062
0.389112
0.36883
0.350065
0.33268
0.316551
0.301568
0.287632
0.274652
0.262548
0.251247
0.240682
0.230794
0.221528
0.212835
0.20467
0.196993
0.189767
0.182958
0.176534
0.170469
0.164736
0.159312
0.154176
0.149307
0.144687
0.140301
0.136131
0.132165
0.128389
0.124791
0.121361
0.118087
0.11496
0.111972
0.109114
0.106379
0.103759
0.101248
0.0988404
0.0965297
0.0943109
0.0921789
0.0901292
0.0881574
0.0862593
0.0844313
0.0826697
0.0809712
0.0793326
0.0777509
0.0762234
0.0747474
0.0733204
0.0719402
0.0706044
0.069311
0.0680579
0.0668434
0.0656657
0.0645229
0.0634136
0.0623362
0.0612891
0.0602712
0.0592809
0.0583172
0.0573787
0.0564643
0.0555732
0.0547042
0.0538565
0.0530294
0.0522224
0.0514352
0.0506675
0.0499199
0.0491931
0.0484889
0.04781
0.0471607
0.0465473
0.0459791
0.0454694
0.0450373
0.0447093
0.0445222
0.961692
0.892184
0.829084
0.771727
0.719522
0.671944
0.628523
0.588843
0.552532
0.519258
0.488725
0.460668
0.434851
0.411062
0.389112
0.36883
0.350065
0.33268
0.316551
0.301568
0.287632
0.274652
0.262549
0.251247
0.240682
0.230794
0.221528
0.212835
0.204671
0.196994
0.189767
0.182958
0.176534
0.170469
0.164737
0.159313
0.154176
0.149307
0.144688
0.140301
0.136131
0.132165
0.128389
0.124792
0.121361
0.118087
0.114961
0.111972
0.109114
0.106379
0.103759
0.101249
0.0988409
0.0965302
0.0943114
0.0921795
0.0901298
0.0881579
0.0862599
0.0844319
0.0826704
0.0809719
0.0793333
0.0777516
0.0762241
0.0747482
0.0733212
0.071941
0.0706052
0.0693119
0.0680589
0.0668444
0.0656667
0.064524
0.0634147
0.0623373
0.0612903
0.0602724
0.0592822
0.0583184
0.05738
0.0564657
0.0555746
0.0547056
0.053858
0.053031
0.0522241
0.0514369
0.0506693
0.0499217
0.049195
0.0484909
0.047812
0.0471627
0.0465494
0.0459812
0.0454715
0.0450394
0.0447114
0.0445243
0.961692
0.892184
0.829084
0.771727
0.719522
0.671944
0.628523
0.588843
0.552532
0.519258
0.488725
0.460668
0.434851
0.411062
0.389112
0.36883
0.350065
0.33268
0.316551
0.301568
0.287632
0.274652
0.262549
0.251247
0.240683
0.230794
0.221528
0.212835
0.204671
0.196994
0.189767
0.182958
0.176535
0.170469
0.164737
0.159313
0.154176
0.149307
0.144688
0.140301
0.136132
0.132165
0.12839
0.124792
0.121361
0.118087
0.114961
0.111973
0.109115
0.106379
0.10376
0.101249
0.0988413
0.0965306
0.0943118
0.0921799
0.0901302
0.0881584
0.0862604
0.0844325
0.0826709
0.0809724
0.0793339
0.0777522
0.0762248
0.0747488
0.0733219
0.0719417
0.070606
0.0693126
0.0680597
0.0668452
0.0656675
0.0645248
0.0634156
0.0623382
0.0612913
0.0602734
0.0592832
0.0583195
0.0573811
0.0564669
0.0555758
0.0547069
0.0538593
0.0530324
0.0522255
0.0514383
0.0506708
0.0499232
0.0491966
0.0484925
0.0478137
0.0471644
0.0465511
0.0459829
0.0454733
0.0450412
0.0447132
0.0445261
0.961692
0.892184
0.829084
0.771727
0.719522
0.671944
0.628523
0.588843
0.552532
0.519258
0.488725
0.460668
0.434851
0.411062
0.389112
0.36883
0.350065
0.33268
0.316551
0.301568
0.287632
0.274652
0.262549
0.251247
0.240683
0.230794
0.221528
0.212835
0.204671
0.196994
0.189767
0.182958
0.176535
0.17047
0.164737
0.159313
0.154176
0.149307
0.144688
0.140301
0.136132
0.132166
0.12839
0.124792
0.121361
0.118088
0.114961
0.111973
0.109115
0.10638
0.10376
0.101249
0.0988416
0.096531
0.0943122
0.0921803
0.0901306
0.0881588
0.0862608
0.0844329
0.0826713
0.0809729
0.0793343
0.0777527
0.0762253
0.0747493
0.0733225
0.0719423
0.0706066
0.0693132
0.0680603
0.0668459
0.0656682
0.0645255
0.0634163
0.0623389
0.061292
0.0602742
0.059284
0.0583204
0.057382
0.0564678
0.0555767
0.0547079
0.0538603
0.0530334
0.0522266
0.0514394
0.0506719
0.0499244
0.0491978
0.0484938
0.047815
0.0471658
0.0465525
0.0459843
0.0454747
0.0450426
0.0447147
0.0445276
0.961692
0.892184
0.829084
0.771727
0.719522
0.671944
0.628523
0.588843
0.552532
0.519258
0.488725
0.460668
0.434851
0.411062
0.389112
0.36883
0.350065
0.33268
0.316551
0.301568
0.287632
0.274652
0.262549
0.251247
0.240683
0.230794
0.221528
0.212835
0.204671
0.196994
0.189767
0.182958
0.176535
0.17047
0.164737
0.159313
0.154176
0.149307
0.144688
0.140301
0.136132
0.132166
0.12839
0.124792
0.121362
0.118088
0.114961
0.111973
0.109115
0.10638
0.10376
0.10125
0.0988418
0.0965312
0.0943124
0.0921805
0.0901309
0.0881591
0.0862611
0.0844332
0.0826717
0.0809732
0.0793347
0.0777531
0.0762256
0.0747497
0.0733229
0.0719427
0.070607
0.0693137
0.0680607
0.0668463
0.0656687
0.064526
0.0634168
0.0623395
0.0612926
0.0602748
0.0592847
0.058321
0.0573827
0.0564685
0.0555775
0.0547086
0.0538611
0.0530342
0.0522274
0.0514403
0.0506728
0.0499254
0.0491988
0.0484948
0.047816
0.0471668
0.0465535
0.0459854
0.0454758
0.0450437
0.0447158
0.0445287
0.961692
0.892184
0.829084
0.771727
0.719522
0.671944
0.628523
0.588843
0.552532
0.519258
0.488725
0.460668
0.434851
0.411062
0.389112
0.36883
0.350065
0.33268
0.316551
0.301568
0.287632
0.274652
0.262549
0.251247
0.240683
0.230794
0.221528
0.212835
0.204671
0.196994
0.189767
0.182958
0.176535
0.17047
0.164737
0.159313
0.154177
0.149308
0.144688
0.140301
0.136132
0.132166
0.12839
0.124792
0.121362
0.118088
0.114961
0.111973
0.109115
0.10638
0.10376
0.10125
0.098842
0.0965314
0.0943126
0.0921807
0.0901311
0.0881593
0.0862613
0.0844334
0.0826719
0.0809734
0.0793349
0.0777533
0.0762259
0.07475
0.0733231
0.071943
0.0706073
0.069314
0.0680611
0.0668467
0.065669
0.0645264
0.0634172
0.0623399
0.061293
0.0602752
0.0592851
0.0583214
0.0573831
0.0564689
0.0555779
0.0547091
0.0538616
0.0530348
0.052228
0.0514409
0.0506734
0.049926
0.0491994
0.0484954
0.0478167
0.0471675
0.0465543
0.0459862
0.0454766
0.0450445
0.0447165
0.0445294
0.961692
0.892184
0.829084
0.771727
0.719522
0.671944
0.628523
0.588843
0.552532
0.519258
0.488725
0.460668
0.434851
0.411062
0.389112
0.36883
0.350065
0.33268
0.316551
0.301568
0.287632
0.274652
0.262549
0.251247
0.240683
0.230794
0.221528
0.212835
0.204671
0.196994
0.189767
0.182958
0.176535
0.17047
0.164737
0.159313
0.154177
0.149308
0.144688
0.140301
0.136132
0.132166
0.12839
0.124792
0.121362
0.118088
0.114961
0.111973
0.109115
0.10638
0.10376
0.10125
0.0988421
0.0965314
0.0943127
0.0921808
0.0901311
0.0881594
0.0862614
0.0844335
0.082672
0.0809735
0.079335
0.0777534
0.076226
0.0747501
0.0733232
0.0719431
0.0706074
0.0693141
0.0680612
0.0668468
0.0656692
0.0645265
0.0634173
0.06234
0.0612932
0.0602754
0.0592853
0.0583216
0.0573833
0.0564692
0.0555782
0.0547094
0.0538619
0.053035
0.0522282
0.0514412
0.0506737
0.0499263
0.0491998
0.0484958
0.0478171
0.0471679
0.0465546
0.0459865
0.045477
0.0450449
0.0447169
0.0445298
0.961692
0.892184
0.829084
0.771727
0.719522
0.671944
0.628523
0.588843
0.552532
0.519258
0.488725
0.460668
0.434851
0.411062
0.389112
0.36883
0.350065
0.33268
0.316551
0.301568
0.287632
0.274652
0.262549
0.251247
0.240683
0.230794
0.221528
0.212835
0.204671
0.196994
0.189767
0.182958
0.176535
0.17047
0.164737
0.159313
0.154177
0.149308
0.144688
0.140301
0.136132
0.132166
0.12839
0.124792
0.121362
0.118088
0.114961
0.111973
0.109115
0.10638
0.10376
0.10125
0.098842
0.0965314
0.0943127
0.0921808
0.0901311
0.0881594
0.0862614
0.0844335
0.082672
0.0809735
0.079335
0.0777534
0.076226
0.0747501
0.0733232
0.0719431
0.0706074
0.0693141
0.0680612
0.0668468
0.0656691
0.0645265
0.0634173
0.06234
0.0612932
0.0602753
0.0592852
0.0583216
0.0573833
0.0564692
0.0555782
0.0547094
0.0538619
0.053035
0.0522282
0.0514412
0.0506737
0.0499263
0.0491998
0.0484958
0.0478171
0.0471679
0.0465547
0.0459866
0.045477
0.0450449
0.0447169
0.0445298
0.961692
0.892184
0.829084
0.771727
0.719522
0.671944
0.628523
0.588843
0.552532
0.519258
0.488725
0.460668
0.434851
0.411062
0.389112
0.36883
0.350065
0.33268
0.316551
0.301568
0.287632
0.274652
0.262549
0.251247
0.240683
0.230794
0.221528
0.212835
0.204671
0.196994
0.189767
0.182958
0.176535
0.17047
0.164737
0.159313
0.154177
0.149308
0.144688
0.140301
0.136132
0.132166
0.12839
0.124792
0.121362
0.118088
0.114961
0.111973
0.109115
0.10638
0.10376
0.10125
0.098842
0.0965313
0.0943126
0.0921807
0.090131
0.0881593
0.0862613
0.0844334
0.0826718
0.0809734
0.0793349
0.0777533
0.0762258
0.0747499
0.0733231
0.0719429
0.0706072
0.0693139
0.068061
0.0668466
0.065669
0.0645263
0.0634171
0.0623398
0.0612929
0.0602751
0.059285
0.0583214
0.0573831
0.0564689
0.0555779
0.0547091
0.0538616
0.0530348
0.052228
0.0514409
0.0506735
0.049926
0.0491995
0.0484955
0.0478168
0.0471676
0.0465544
0.0459863
0.0454767
0.0450446
0.0447166
0.0445295
0.961692
0.892184
0.829084
0.771727
0.719522
0.671944
0.628523
0.588843
0.552532
0.519258
0.488725
0.460668
0.434851
0.411062
0.389112
0.36883
0.350065
0.33268
0.316551
0.301568
0.287632
0.274652
0.262549
0.251247
0.240683
0.230794
0.221528
0.212835
0.204671
0.196994
0.189767
0.182958
0.176535
0.17047
0.164737
0.159313
0.154176
0.149307
0.144688
0.140301
0.136132
0.132166
0.12839
0.124792
0.121362
0.118088
0.114961
0.111973
0.109115
0.10638
0.10376
0.10125
0.0988418
0.0965312
0.0943124
0.0921805
0.0901308
0.088159
0.0862611
0.0844331
0.0826716
0.0809731
0.0793346
0.077753
0.0762256
0.0747497
0.0733228
0.0719426
0.0706069
0.0693136
0.0680607
0.0668463
0.0656686
0.064526
0.0634167
0.0623394
0.0612925
0.0602747
0.0592846
0.058321
0.0573826
0.0564684
0.0555774
0.0547086
0.0538611
0.0530342
0.0522274
0.0514403
0.0506729
0.0499254
0.0491989
0.0484949
0.0478162
0.047167
0.0465537
0.0459856
0.045476
0.0450439
0.044716
0.0445289
0.961692
0.892184
0.829084
0.771727
0.719522
0.671944
0.628523
0.588843
0.552532
0.519258
0.488725
0.460668
0.434851
0.411062
0.389112
0.36883
0.350065
0.33268
0.316551
0.301568
0.287632
0.274652
0.262549
0.251247
0.240683
0.230794
0.221528
0.212835
0.204671
0.196994
0.189767
0.182958
0.176535
0.17047
0.164737
0.159313
0.154176
0.149307
0.144688
0.140301
0.136132
0.132166
0.12839
0.124792
0.121361
0.118088
0.114961
0.111973
0.109115
0.10638
0.10376
0.101249
0.0988415
0.0965309
0.0943121
0.0921802
0.0901305
0.0881587
0.0862608
0.0844328
0.0826713
0.0809728
0.0793342
0.0777526
0.0762252
0.0747492
0.0733224
0.0719422
0.0706064
0.0693131
0.0680602
0.0668458
0.0656681
0.0645254
0.0634162
0.0623388
0.0612919
0.0602741
0.0592839
0.0583203
0.0573819
0.0564677
0.0555767
0.0547078
0.0538603
0.0530334
0.0522266
0.0514395
0.050672
0.0499245
0.049198
0.0484939
0.0478152
0.047166
0.0465527
0.0459846
0.045475
0.0450429
0.0447149
0.0445278
0.961692
0.892184
0.829084
0.771727
0.719522
0.671944
0.628523
0.588843
0.552532
0.519258
0.488725
0.460668
0.434851
0.411062
0.389112
0.36883
0.350065
0.33268
0.316551
0.301568
0.287632
0.274652
0.262549
0.251247
0.240683
0.230794
0.221528
0.212835
0.204671
0.196994
0.189767
0.182958
0.176535
0.170469
0.164737
0.159313
0.154176
0.149307
0.144688
0.140301
0.136132
0.132165
0.12839
0.124792
0.121361
0.118087
0.114961
0.111973
0.109115
0.106379
0.10376
0.101249
0.0988412
0.0965306
0.0943118
0.0921798
0.0901301
0.0881583
0.0862603
0.0844324
0.0826708
0.0809723
0.0793337
0.0777521
0.0762246
0.0747487
0.0733218
0.0719416
0.0706058
0.0693125
0.0680595
0.0668451
0.0656674
0.0645247
0.0634154
0.0623381
0.0612911
0.0602733
0.0592831
0.0583194
0.057381
0.0564668
0.0555757
0.0547069
0.0538593
0.0530324
0.0522255
0.0514384
0.0506709
0.0499234
0.0491967
0.0484927
0.0478139
0.0471647
0.0465514
0.0459833
0.0454737
0.0450415
0.0447136
0.0445265
0.961692
0.892184
0.829084
0.771727
0.719522
0.671944
0.628523
0.588843
0.552532
0.519258
0.488725
0.460668
0.434851
0.411062
0.389112
0.36883
0.350065
0.33268
0.316551
0.301568
0.287632
0.274652
0.262549
0.251247
0.240682
0.230794
0.221528
0.212835
0.204671
0.196994
0.189767
0.182958
0.176534
0.170469
0.164737
0.159313
0.154176
0.149307
0.144688
0.140301
0.136131
0.132165
0.128389
0.124792
0.121361
0.118087
0.11496
0.111972
0.109114
0.106379
0.103759
0.101249
0.0988408
0.0965301
0.0943113
0.0921794
0.0901297
0.0881578
0.0862598
0.0844318
0.0826702
0.0809717
0.0793331
0.0777515
0.076224
0.074748
0.0733211
0.0719408
0.0706051
0.0693117
0.0680587
0.0668442
0.0656665
0.0645238
0.0634145
0.0623371
0.0612902
0.0602722
0.059282
0.0583183
0.0573799
0.0564656
0.0555745
0.0547056
0.053858
0.0530311
0.0522242
0.051437
0.0506694
0.0499219
0.0491952
0.0484911
0.0478123
0.0471631
0.0465497
0.0459816
0.045472
0.0450398
0.0447119
0.0445248
0.961692
0.892184
0.829084
0.771727
0.719522
0.671944
0.628523
0.588843
0.552532
0.519258
0.488725
0.460668
0.434851
0.411062
0.389112
0.36883
0.350065
0.33268
0.316551
0.301568
0.287632
0.274652
0.262548
0.251247
0.240682
0.230794
0.221528
0.212835
0.20467
0.196993
0.189767
0.182958
0.176534
0.170469
0.164736
0.159312
0.154176
0.149307
0.144687
0.1403
0.136131
0.132165
0.128389
0.124791
0.121361
0.118087
0.11496
0.111972
0.109114
0.106379
0.103759
0.101248
0.0988403
0.0965296
0.0943108
0.0921788
0.0901291
0.0881572
0.0862592
0.0844312
0.0826696
0.080971
0.0793324
0.0777507
0.0762232
0.0747472
0.0733202
0.07194
0.0706042
0.0693108
0.0680577
0.0668432
0.0656655
0.0645227
0.0634134
0.062336
0.061289
0.060271
0.0592808
0.058317
0.0573785
0.0564643
0.0555731
0.0547041
0.0538565
0.0530295
0.0522225
0.0514353
0.0506677
0.0499201
0.0491934
0.0484893
0.0478104
0.0471611
0.0465478
0.0459796
0.0454699
0.0450378
0.0447098
0.0445227
0.961692
0.892184
0.829084
0.771727
0.719522
0.671944
0.628523
0.588843
0.552532
0.519258
0.488725
0.460668
0.434851
0.411062
0.389112
0.36883
0.350065
0.33268
0.316551
0.301568
0.287632
0.274652
0.262548
0.251247
0.240682
0.230794
0.221528
0.212835
0.20467
0.196993
0.189767
0.182957
0.176534
0.170469
0.164736
0.159312
0.154176
0.149307
0.144687
0.1403
0.136131
0.132165
0.128389
0.124791
0.12136
0.118086
0.11496
0.111971
0.109114
0.106378
0.103758
0.101248
0.0988398
0.0965291
0.0943102
0.0921782
0.0901284
0.0881565
0.0862585
0.0844304
0.0826688
0.0809702
0.0793316
0.0777499
0.0762223
0.0747463
0.0733193
0.071939
0.0706031
0.0693097
0.0680566
0.0668421
0.0656643
0.0645215
0.0634121
0.0623346
0.0612876
0.0602696
0.0592793
0.0583155
0.057377
0.0564626
0.0555714
0.0547024
0.0538547
0.0530276
0.0522206
0.0514333
0.0506657
0.049918
0.0491913
0.0484871
0.0478082
0.0471589
0.0465454
0.0459772
0.0454676
0.0450354
0.0447074
0.0445203
0.961692
0.892184
0.829084
0.771727
0.719522
0.671944
0.628523
0.588843
0.552532
0.519258
0.488725
0.460668
0.434851
0.411062
0.389112
0.36883
0.350065
0.33268
0.316551
0.301568
0.287632
0.274652
0.262548
0.251247
0.240682
0.230794
0.221528
0.212835
0.20467
0.196993
0.189767
0.182957
0.176534
0.170469
0.164736
0.159312
0.154175
0.149306
0.144687
0.1403
0.13613
0.132164
0.128388
0.12479
0.12136
0.118086
0.114959
0.111971
0.109113
0.106378
0.103758
0.101247
0.0988391
0.0965284
0.0943095
0.0921775
0.0901277
0.0881558
0.0862577
0.0844296
0.0826679
0.0809693
0.0793306
0.0777489
0.0762213
0.0747452
0.0733182
0.0719378
0.0706019
0.0693085
0.0680554
0.0668408
0.0656629
0.0645201
0.0634107
0.0623331
0.061286
0.060268
0.0592776
0.0583138
0.0573752
0.0564608
0.0555695
0.0547004
0.0538527
0.0530256
0.0522185
0.0514311
0.0506634
0.0499157
0.0491889
0.0484846
0.0478057
0.0471563
0.0465428
0.0459746
0.0454649
0.0450327
0.0447047
0.0445176
0.961692
0.892184
0.829084
0.771727
0.719522
0.671944
0.628523
0.588843
0.552532
0.519258
0.488725
0.460668
0.434851
0.411062
0.389112
0.36883
0.350065
0.33268
0.316551
0.301568
0.287632
0.274652
0.262548
0.251247
0.240682
0.230794
0.221528
0.212835
0.20467
0.196993
0.189767
0.182957
0.176534
0.170469
0.164736
0.159312
0.154175
0.149306
0.144686
0.1403
0.13613
0.132164
0.128388
0.12479
0.121359
0.118085
0.114959
0.11197
0.109112
0.106377
0.103757
0.101246
0.0988384
0.0965276
0.0943087
0.0921766
0.0901268
0.0881549
0.0862567
0.0844286
0.0826669
0.0809683
0.0793295
0.0777477
0.0762201
0.074744
0.0733169
0.0719365
0.0706006
0.0693071
0.0680539
0.0668393
0.0656614
0.0645185
0.063409
0.0623314
0.0612843
0.0602662
0.0592758
0.0583119
0.0573732
0.0564587
0.0555674
0.0546982
0.0538504
0.0530232
0.0522161
0.0514286
0.0506608
0.0499131
0.0491862
0.0484819
0.0478028
0.0471534
0.0465399
0.0459716
0.0454618
0.0450296
0.0447017
0.0445146
0.961692
0.892184
0.829084
0.771727
0.719522
0.671944
0.628523
0.588843
0.552532
0.519258
0.488725
0.460668
0.434851
0.411062
0.389112
0.36883
0.350065
0.33268
0.316551
0.301568
0.287632
0.274652
0.262548
0.251247
0.240682
0.230794
0.221528
0.212835
0.20467
0.196993
0.189766
0.182957
0.176534
0.170468
0.164735
0.159311
0.154175
0.149306
0.144686
0.140299
0.13613
0.132163
0.128387
0.12479
0.121359
0.118085
0.114958
0.11197
0.109112
0.106376
0.103756
0.101246
0.0988376
0.0965268
0.0943078
0.0921757
0.0901259
0.0881539
0.0862557
0.0844275
0.0826658
0.0809671
0.0793283
0.0777465
0.0762188
0.0747427
0.0733155
0.0719351
0.0705991
0.0693056
0.0680524
0.0668377
0.0656597
0.0645168
0.0634072
0.0623296
0.0612824
0.0602642
0.0592737
0.0583097
0.057371
0.0564565
0.0555651
0.0546958
0.0538479
0.0530206
0.0522134
0.0514259
0.050658
0.0499102
0.0491832
0.0484788
0.0477997
0.0471502
0.0465366
0.0459683
0.0454585
0.0450263
0.0446983
0.0445112
0.961692
0.892184
0.829084
0.771727
0.719522
0.671944
0.628523
0.588843
0.552532
0.519258
0.488725
0.460668
0.434851
0.411062
0.389112
0.36883
0.350065
0.332679
0.316551
0.301568
0.287632
0.274652
0.262548
0.251247
0.240682
0.230794
0.221528
0.212834
0.20467
0.196993
0.189766
0.182957
0.176533
0.170468
0.164735
0.159311
0.154174
0.149305
0.144686
0.140299
0.136129
0.132163
0.128387
0.124789
0.121358
0.118084
0.114957
0.111969
0.109111
0.106376
0.103756
0.101245
0.0988368
0.0965259
0.0943069
0.0921748
0.0901249
0.0881528
0.0862546
0.0844264
0.0826646
0.0809659
0.079327
0.0777452
0.0762174
0.0747412
0.0733141
0.0719336
0.0705975
0.0693039
0.0680506
0.0668359
0.0656578
0.0645148
0.0634053
0.0623275
0.0612803
0.060262
0.0592715
0.0583074
0.0573686
0.056454
0.0555625
0.0546932
0.0538452
0.0530178
0.0522105
0.0514229
0.0506549
0.049907
0.0491799
0.0484755
0.0477963
0.0471467
0.0465331
0.0459647
0.0454549
0.0450226
0.0446946
0.0445076
0.961692
0.892184
0.829084
0.771727
0.719522
0.671944
0.628523
0.588843
0.552532
0.519258
0.488725
0.460668
0.434851
0.411062
0.389112
0.36883
0.350065
0.332679
0.316551
0.301568
0.287631
0.274652
0.262548
0.251247
0.240682
0.230793
0.221527
0.212834
0.204669
0.196992
0.189766
0.182956
0.176533
0.170468
0.164735
0.159311
0.154174
0.149305
0.144685
0.140298
0.136129
0.132162
0.128386
0.124788
0.121358
0.118084
0.114957
0.111968
0.10911
0.106375
0.103755
0.101244
0.0988358
0.0965249
0.0943059
0.0921737
0.0901237
0.0881517
0.0862534
0.0844251
0.0826633
0.0809645
0.0793256
0.0777437
0.0762159
0.0747397
0.0733124
0.0719319
0.0705958
0.0693021
0.0680488
0.0668339
0.0656559
0.0645128
0.0634031
0.0623253
0.061278
0.0602597
0.059269
0.0583049
0.057366
0.0564513
0.0555597
0.0546903
0.0538422
0.0530148
0.0522074
0.0514197
0.0506516
0.0499036
0.0491764
0.0484718
0.0477926
0.0471429
0.0465292
0.0459608
0.0454509
0.0450187
0.0446907
0.0445036
0.961692
0.892184
0.829084
0.771727
0.719522
0.671944
0.628523
0.588843
0.552532
0.519258
0.488725
0.460668
0.434851
0.411062
0.389112
0.36883
0.350065
0.332679
0.316551
0.301568
0.287631
0.274652
0.262548
0.251247
0.240682
0.230793
0.221527
0.212834
0.204669
0.196992
0.189766
0.182956
0.176533
0.170467
0.164734
0.15931
0.154174
0.149304
0.144685
0.140298
0.136128
0.132162
0.128386
0.124788
0.121357
0.118083
0.114956
0.111968
0.109109
0.106374
0.103754
0.101243
0.0988348
0.0965239
0.0943048
0.0921726
0.0901225
0.0881504
0.0862521
0.0844238
0.0826619
0.0809631
0.0793241
0.0777421
0.0762143
0.074738
0.0733107
0.0719301
0.0705939
0.0693001
0.0680468
0.0668319
0.0656537
0.0645106
0.0634008
0.062323
0.0612755
0.0602571
0.0592664
0.0583022
0.0573632
0.0564484
0.0555567
0.0546872
0.0538391
0.0530115
0.052204
0.0514162
0.050648
0.0498999
0.0491726
0.048468
0.0477886
0.0471389
0.0465251
0.0459566
0.0454467
0.0450144
0.0446864
0.0444994
0.961692
0.892184
0.829084
0.771727
0.719522
0.671944
0.628523
0.588843
0.552532
0.519258
0.488725
0.460668
0.434851
0.411062
0.389112
0.36883
0.350065
0.332679
0.31655
0.301568
0.287631
0.274652
0.262548
0.251246
0.240682
0.230793
0.221527
0.212834
0.204669
0.196992
0.189765
0.182956
0.176532
0.170467
0.164734
0.15931
0.154173
0.149304
0.144684
0.140297
0.136128
0.132161
0.128385
0.124787
0.121356
0.118082
0.114955
0.111967
0.109109
0.106373
0.103753
0.101242
0.0988337
0.0965228
0.0943036
0.0921713
0.0901213
0.0881491
0.0862507
0.0844224
0.0826604
0.0809615
0.0793225
0.0777405
0.0762126
0.0747362
0.0733088
0.0719281
0.0705919
0.0692981
0.0680446
0.0668297
0.0656514
0.0645082
0.0633984
0.0623204
0.0612729
0.0602544
0.0592636
0.0582993
0.0573602
0.0564453
0.0555536
0.054684
0.0538357
0.053008
0.0522004
0.0514125
0.0506442
0.0498959
0.0491686
0.0484638
0.0477844
0.0471346
0.0465207
0.0459522
0.0454422
0.0450099
0.0446819
0.0444948
0.961692
0.892184
0.829084
0.771727
0.719522
0.671944
0.628523
0.588843
0.552532
0.519258
0.488725
0.460668
0.434851
0.411062
0.389112
0.36883
0.350065
0.332679
0.31655
0.301568
0.287631
0.274652
0.262548
0.251246
0.240681
0.230793
0.221527
0.212834
0.204669
0.196992
0.189765
0.182955
0.176532
0.170467
0.164734
0.159309
0.154173
0.149303
0.144684
0.140297
0.136127
0.132161
0.128384
0.124786
0.121355
0.118081
0.114954
0.111966
0.109108
0.106372
0.103752
0.101241
0.0988326
0.0965216
0.0943024
0.09217
0.0901199
0.0881477
0.0862493
0.0844208
0.0826588
0.0809599
0.0793208
0.0777387
0.0762107
0.0747343
0.0733068
0.0719261
0.0705898
0.0692959
0.0680423
0.0668273
0.065649
0.0645057
0.0633958
0.0623177
0.0612701
0.0602515
0.0592607
0.0582962
0.0573571
0.0564421
0.0555502
0.0546805
0.0538321
0.0530043
0.0521966
0.0514085
0.0506401
0.0498918
0.0491643
0.0484594
0.0477799
0.04713
0.0465161
0.0459474
0.0454375
0.0450051
0.0446771
0.04449
0.961692
0.892184
0.829084
0.771727
0.719522
0.671944
0.628523
0.588843
0.552532
0.519258
0.488725
0.460668
0.434851
0.411062
0.389112
0.36883
0.350065
0.332679
0.31655
0.301568
0.287631
0.274652
0.262548
0.251246
0.240681
0.230793
0.221527
0.212833
0.204669
0.196991
0.189765
0.182955
0.176532
0.170466
0.164733
0.159309
0.154172
0.149303
0.144683
0.140296
0.136126
0.13216
0.128384
0.124786
0.121355
0.11808
0.114953
0.111965
0.109107
0.106371
0.103751
0.10124
0.0988314
0.0965203
0.094301
0.0921686
0.0901185
0.0881462
0.0862477
0.0844192
0.0826571
0.0809581
0.079319
0.0777368
0.0762088
0.0747322
0.0733047
0.0719239
0.0705876
0.0692936
0.0680399
0.0668248
0.0656464
0.064503
0.063393
0.0623149
0.0612672
0.0602485
0.0592575
0.058293
0.0573537
0.0564386
0.0555466
0.0546768
0.0538283
0.0530004
0.0521925
0.0514044
0.0506359
0.0498874
0.0491598
0.0484548
0.0477752
0.0471252
0.0465112
0.0459425
0.0454324
0.0450001
0.044672
0.044485
0.961692
0.892184
0.829084
0.771727
0.719522
0.671944
0.628523
0.588843
0.552532
0.519258
0.488725
0.460668
0.434851
0.411062
0.389112
0.36883
0.350065
0.332679
0.31655
0.301567
0.287631
0.274651
0.262547
0.251246
0.240681
0.230793
0.221526
0.212833
0.204668
0.196991
0.189764
0.182955
0.176531
0.170466
0.164733
0.159309
0.154172
0.149302
0.144682
0.140295
0.136126
0.132159
0.128383
0.124785
0.121354
0.118079
0.114952
0.111964
0.109105
0.10637
0.10375
0.101238
0.0988301
0.096519
0.0942996
0.0921672
0.090117
0.0881446
0.0862461
0.0844175
0.0826554
0.0809563
0.0793171
0.0777348
0.0762067
0.0747301
0.0733025
0.0719216
0.0705852
0.0692911
0.0680374
0.0668222
0.0656437
0.0645002
0.0633901
0.0623119
0.0612641
0.0602453
0.0592542
0.0582896
0.0573502
0.056435
0.0555429
0.0546729
0.0538243
0.0529963
0.0521883
0.0514
0.0506314
0.0498828
0.0491551
0.04845
0.0477703
0.0471201
0.046506
0.0459373
0.0454272
0.0449948
0.0446667
0.0444797
0.961692
0.892184
0.829084
0.771727
0.719522
0.671944
0.628523
0.588843
0.552532
0.519258
0.488725
0.460668
0.434851
0.411062
0.389112
0.36883
0.350065
0.332679
0.31655
0.301567
0.287631
0.274651
0.262547
0.251246
0.240681
0.230792
0.221526
0.212833
0.204668
0.196991
0.189764
0.182954
0.176531
0.170465
0.164732
0.159308
0.154171
0.149302
0.144682
0.140295
0.136125
0.132158
0.128382
0.124784
0.121353
0.118078
0.114951
0.111963
0.109104
0.106369
0.103748
0.101237
0.0988288
0.0965176
0.0942982
0.0921657
0.0901154
0.088143
0.0862443
0.0844157
0.0826535
0.0809544
0.0793151
0.0777328
0.0762046
0.0747279
0.0733002
0.0719193
0.0705827
0.0692886
0.0680348
0.0668195
0.0656409
0.0644973
0.0633871
0.0623088
0.0612609
0.060242
0.0592508
0.058286
0.0573465
0.0564312
0.055539
0.0546689
0.0538201
0.052992
0.0521839
0.0513955
0.0506267
0.049878
0.0491502
0.0484449
0.0477651
0.0471149
0.0465007
0.0459318
0.0454217
0.0449893
0.0446612
0.0444742
0.961692
0.892184
0.829084
0.771727
0.719522
0.671944
0.628523
0.588843
0.552532
0.519258
0.488725
0.460668
0.434851
0.411062
0.389111
0.36883
0.350065
0.332679
0.31655
0.301567
0.287631
0.274651
0.262547
0.251246
0.240681
0.230792
0.221526
0.212833
0.204668
0.19699
0.189764
0.182954
0.17653
0.170465
0.164732
0.159307
0.15417
0.149301
0.144681
0.140294
0.136124
0.132158
0.128381
0.124783
0.121352
0.118077
0.11495
0.111962
0.109103
0.106367
0.103747
0.101236
0.0988274
0.0965161
0.0942967
0.0921641
0.0901137
0.0881412
0.0862426
0.0844139
0.0826516
0.0809523
0.079313
0.0777306
0.0762023
0.0747256
0.0732978
0.0719168
0.0705801
0.0692859
0.068032
0.0668166
0.0656379
0.0644943
0.063384
0.0623055
0.0612575
0.0602385
0.0592472
0.0582823
0.0573427
0.0564273
0.0555349
0.0546647
0.0538158
0.0529875
0.0521793
0.0513907
0.0506218
0.049873
0.049145
0.0484397
0.0477597
0.0471094
0.0464951
0.0459262
0.045416
0.0449835
0.0446555
0.0444685
0.961692
0.892184
0.829084
0.771727
0.719522
0.671944
0.628523
0.588843
0.552532
0.519258
0.488725
0.460668
0.434851
0.411062
0.389111
0.36883
0.350065
0.332679
0.31655
0.301567
0.287631
0.274651
0.262547
0.251246
0.24068
0.230792
0.221526
0.212832
0.204667
0.19699
0.189763
0.182954
0.17653
0.170464
0.164731
0.159307
0.15417
0.1493
0.14468
0.140293
0.136123
0.132157
0.12838
0.124782
0.121351
0.118076
0.114949
0.111961
0.109102
0.106366
0.103746
0.101234
0.0988259
0.0965146
0.0942951
0.0921624
0.090112
0.0881395
0.0862407
0.0844119
0.0826496
0.0809503
0.0793109
0.0777284
0.0762
0.0747232
0.0732953
0.0719142
0.0705775
0.0692831
0.0680291
0.0668137
0.0656349
0.0644911
0.0633807
0.0623022
0.061254
0.0602349
0.0592435
0.0582785
0.0573388
0.0564232
0.0555307
0.0546603
0.0538113
0.0529829
0.0521745
0.0513858
0.0506168
0.0498678
0.0491397
0.0484343
0.0477542
0.0471038
0.0464894
0.0459204
0.0454101
0.0449776
0.0446495
0.0444626
0.961692
0.892184
0.829084
0.771727
0.719522
0.671944
0.628523
0.588843
0.552532
0.519258
0.488725
0.460668
0.434851
0.411062
0.389111
0.36883
0.350065
0.332679
0.31655
0.301567
0.287631
0.274651
0.262547
0.251245
0.24068
0.230792
0.221525
0.212832
0.204667
0.19699
0.189763
0.182953
0.176529
0.170464
0.164731
0.159306
0.154169
0.1493
0.14468
0.140292
0.136122
0.132156
0.128379
0.124781
0.12135
0.118075
0.114948
0.111959
0.109101
0.106365
0.103744
0.101233
0.0988244
0.096513
0.0942935
0.0921607
0.0901102
0.0881376
0.0862388
0.0844099
0.0826475
0.0809481
0.0793086
0.077726
0.0761976
0.0747207
0.0732928
0.0719115
0.0705747
0.0692803
0.0680262
0.0668106
0.0656317
0.0644878
0.0633773
0.0622987
0.0612504
0.0602312
0.0592396
0.0582745
0.0573347
0.0564189
0.0555263
0.0546559
0.0538067
0.0529781
0.0521696
0.0513808
0.0506116
0.0498625
0.0491343
0.0484287
0.0477485
0.0470979
0.0464835
0.0459144
0.0454041
0.0449715
0.0446434
0.0444565
0.961692
0.892184
0.829084
0.771727
0.719522
0.671944
0.628523
0.588843
0.552532
0.519258
0.488725
0.460668
0.434851
0.411062
0.389111
0.36883
0.350065
0.332679
0.31655
0.301567
0.287631
0.274651
0.262547
0.251245
0.24068
0.230791
0.221525
0.212832
0.204667
0.196989
0.189763
0.182953
0.176529
0.170463
0.16473
0.159306
0.154169
0.149299
0.144679
0.140292
0.136122
0.132155
0.128378
0.12478
0.121349
0.118074
0.114947
0.111958
0.109099
0.106363
0.103743
0.101232
0.0988229
0.0965114
0.0942918
0.092159
0.0901084
0.0881357
0.0862368
0.0844079
0.0826454
0.0809459
0.0793063
0.0777237
0.0761951
0.0747181
0.0732901
0.0719088
0.0705719
0.0692773
0.0680231
0.0668074
0.0656284
0.0644845
0.0633738
0.0622951
0.0612467
0.0602274
0.0592357
0.0582704
0.0573304
0.0564146
0.0555218
0.0546512
0.0538019
0.0529732
0.0521646
0.0513756
0.0506063
0.049857
0.0491286
0.0484229
0.0477426
0.047092
0.0464774
0.0459082
0.0453979
0.0449653
0.0446372
0.0444502
0.961692
0.892184
0.829084
0.771727
0.719522
0.671944
0.628523
0.588843
0.552532
0.519258
0.488725
0.460668
0.434851
0.411062
0.389111
0.36883
0.350065
0.332679
0.31655
0.301567
0.28763
0.274651
0.262547
0.251245
0.24068
0.230791
0.221525
0.212831
0.204666
0.196989
0.189762
0.182952
0.176528
0.170463
0.164729
0.159305
0.154168
0.149298
0.144678
0.140291
0.136121
0.132154
0.128377
0.124779
0.121348
0.118073
0.114946
0.111957
0.109098
0.106362
0.103742
0.10123
0.0988213
0.0965097
0.09429
0.0921572
0.0901065
0.0881337
0.0862348
0.0844058
0.0826432
0.0809436
0.0793039
0.0777212
0.0761926
0.0747155
0.0732874
0.0719059
0.0705689
0.0692743
0.06802
0.0668042
0.0656251
0.064481
0.0633703
0.0622914
0.0612429
0.0602234
0.0592316
0.0582663
0.0573261
0.0564101
0.0555172
0.0546465
0.0537971
0.0529682
0.0521594
0.0513703
0.0506008
0.0498514
0.0491229
0.048417
0.0477366
0.0470858
0.0464712
0.045902
0.0453916
0.0449589
0.0446308
0.0444439
0.961692
0.892184
0.829084
0.771727
0.719522
0.671944
0.628523
0.588843
0.552532
0.519258
0.488725
0.460668
0.434851
0.411062
0.389111
0.36883
0.350064
0.332679
0.31655
0.301567
0.28763
0.27465
0.262546
0.251245
0.24068
0.230791
0.221525
0.212831
0.204666
0.196989
0.189762
0.182952
0.176528
0.170462
0.164729
0.159304
0.154167
0.149298
0.144677
0.14029
0.13612
0.132153
0.128376
0.124778
0.121347
0.118072
0.114945
0.111956
0.109097
0.106361
0.10374
0.101228
0.0988197
0.096508
0.0942883
0.0921553
0.0901046
0.0881317
0.0862327
0.0844036
0.0826409
0.0809413
0.0793015
0.0777187
0.07619
0.0747128
0.0732846
0.071903
0.0705659
0.0692712
0.0680168
0.0668009
0.0656217
0.0644775
0.0633666
0.0622876
0.061239
0.0602194
0.0592275
0.058262
0.0573217
0.0564056
0.0555126
0.0546417
0.0537921
0.0529631
0.0521541
0.0513649
0.0505953
0.0498457
0.049117
0.0484111
0.0477305
0.0470796
0.0464649
0.0458956
0.0453851
0.0449525
0.0446243
0.0444374
0.961692
0.892184
0.829084
0.771727
0.719523
0.671944
0.628523
0.588843
0.552532
0.519258
0.488725
0.460668
0.434851
0.411062
0.389111
0.36883
0.350064
0.332679
0.31655
0.301567
0.28763
0.27465
0.262546
0.251245
0.240679
0.230791
0.221524
0.212831
0.204666
0.196988
0.189761
0.182951
0.176527
0.170462
0.164728
0.159304
0.154167
0.149297
0.144677
0.140289
0.136119
0.132152
0.128375
0.124777
0.121345
0.118071
0.114943
0.111954
0.109095
0.106359
0.103739
0.101227
0.098818
0.0965063
0.0942864
0.0921534
0.0901026
0.0881297
0.0862305
0.0844014
0.0826386
0.0809389
0.079299
0.0777161
0.0761873
0.07471
0.0732817
0.0719001
0.0705629
0.069268
0.0680135
0.0667975
0.0656182
0.0644739
0.0633629
0.0622838
0.0612351
0.0602153
0.0592233
0.0582576
0.0573172
0.056401
0.0555078
0.0546368
0.053787
0.0529579
0.0521488
0.0513593
0.0505896
0.0498399
0.0491111
0.048405
0.0477243
0.0470733
0.0464585
0.0458891
0.0453786
0.0449459
0.0446178
0.0444309
0.961692
0.892184
0.829084
0.771727
0.719523
0.671944
0.628523
0.588843
0.552532
0.519258
0.488725
0.460668
0.434851
0.411062
0.389111
0.36883
0.350064
0.332679
0.31655
0.301567
0.28763
0.27465
0.262546
0.251244
0.240679
0.23079
0.221524
0.21283
0.204665
0.196988
0.189761
0.182951
0.176527
0.170461
0.164728
0.159303
0.154166
0.149296
0.144676
0.140288
0.136118
0.132151
0.128374
0.124776
0.121344
0.11807
0.114942
0.111953
0.109094
0.106358
0.103737
0.101225
0.0988163
0.0965045
0.0942846
0.0921515
0.0901006
0.0881276
0.0862284
0.0843991
0.0826363
0.0809364
0.0792965
0.0777135
0.0761846
0.0747072
0.0732788
0.0718971
0.0705598
0.0692648
0.0680102
0.0667941
0.0656146
0.0644702
0.0633591
0.0622799
0.061231
0.0602112
0.059219
0.0582532
0.0573127
0.0563963
0.0555029
0.0546318
0.0537819
0.0529526
0.0521433
0.0513538
0.0505839
0.049834
0.0491051
0.0483989
0.0477181
0.047067
0.046452
0.0458826
0.045372
0.0449393
0.0446112
0.0444243
0.961692
0.892184
0.829084
0.771727
0.719523
0.671944
0.628523
0.588843
0.552532
0.519258
0.488725
0.460668
0.434851
0.411062
0.389111
0.36883
0.350064
0.332679
0.316549
0.301566
0.28763
0.27465
0.262546
0.251244
0.240679
0.23079
0.221524
0.21283
0.204665
0.196987
0.18976
0.18295
0.176526
0.17046
0.164727
0.159302
0.154165
0.149295
0.144675
0.140287
0.136117
0.13215
0.128373
0.124775
0.121343
0.118068
0.114941
0.111951
0.109093
0.106356
0.103735
0.101224
0.0988146
0.0965027
0.0942827
0.0921495
0.0900986
0.0881255
0.0862262
0.0843968
0.0826339
0.080934
0.079294
0.0777109
0.0761819
0.0747044
0.0732759
0.071894
0.0705566
0.0692616
0.0680069
0.0667906
0.0656111
0.0644665
0.0633553
0.0622759
0.061227
0.060207
0.0592147
0.0582487
0.0573081
0.0563915
0.0554981
0.0546268
0.0537767
0.0529473
0.0521379
0.0513482
0.0505781
0.0498281
0.0490991
0.0483927
0.0477118
0.0470606
0.0464456
0.045876
0.0453654
0.0449327
0.0446045
0.0444176
0.961692
0.892184
0.829084
0.771727
0.719523
0.671944
0.628523
0.588843
0.552532
0.519258
0.488725
0.460668
0.434851
0.411062
0.389111
0.36883
0.350064
0.332678
0.316549
0.301566
0.28763
0.27465
0.262546
0.251244
0.240679
0.23079
0.221523
0.21283
0.204664
0.196987
0.18976
0.18295
0.176526
0.17046
0.164726
0.159302
0.154164
0.149294
0.144674
0.140286
0.136116
0.132149
0.128372
0.124774
0.121342
0.118067
0.114939
0.11195
0.109091
0.106355
0.103734
0.101222
0.0988128
0.0965009
0.0942808
0.0921476
0.0900965
0.0881233
0.0862239
0.0843945
0.0826315
0.0809315
0.0792914
0.0777082
0.0761791
0.0747015
0.0732729
0.071891
0.0705535
0.0692583
0.0680035
0.0667871
0.0656075
0.0644628
0.0633515
0.062272
0.0612229
0.0602028
0.0592103
0.0582443
0.0573035
0.0563868
0.0554932
0.0546217
0.0537715
0.052942
0.0521324
0.0513426
0.0505724
0.0498222
0.0490931
0.0483865
0.0477055
0.0470542
0.0464391
0.0458695
0.0453588
0.0449261
0.0445979
0.044411
0.961692
0.892184
0.829084
0.771727
0.719523
0.671944
0.628523
0.588843
0.552532
0.519258
0.488725
0.460668
0.434851
0.411062
0.389111
0.368829
0.350064
0.332678
0.316549
0.301566
0.287629
0.27465
0.262545
0.251244
0.240678
0.230789
0.221523
0.212829
0.204664
0.196986
0.189759
0.182949
0.176525
0.170459
0.164726
0.159301
0.154164
0.149294
0.144673
0.140285
0.136115
0.132148
0.128371
0.124772
0.121341
0.118066
0.114938
0.111949
0.10909
0.106353
0.103732
0.10122
0.0988111
0.0964991
0.0942789
0.0921456
0.0900945
0.0881212
0.0862217
0.0843922
0.0826291
0.080929
0.0792888
0.0777055
0.0761763
0.0746986
0.0732699
0.0718879
0.0705503
0.069255
0.0680001
0.0667836
0.0656038
0.064459
0.0633476
0.062268
0.0612188
0.0601985
0.0592059
0.0582398
0.0572988
0.056382
0.0554883
0.0546167
0.0537664
0.0529366
0.0521269
0.0513369
0.0505666
0.0498163
0.049087
0.0483804
0.0476992
0.0470479
0.0464327
0.045863
0.0453523
0.0449195
0.0445913
0.0444044
0.961692
0.892184
0.829084
0.771727
0.719523
0.671944
0.628523
0.588843
0.552532
0.519258
0.488725
0.460668
0.434851
0.411062
0.389111
0.368829
0.350064
0.332678
0.316549
0.301566
0.287629
0.274649
0.262545
0.251243
0.240678
0.230789
0.221523
0.212829
0.204664
0.196986
0.189759
0.182949
0.176525
0.170459
0.164725
0.1593
0.154163
0.149293
0.144672
0.140285
0.136114
0.132147
0.12837
0.124771
0.121339
0.118064
0.114937
0.111947
0.109088
0.106352
0.103731
0.101219
0.0988093
0.0964972
0.094277
0.0921436
0.0900924
0.0881191
0.0862195
0.0843899
0.0826267
0.0809265
0.0792862
0.0777028
0.0761736
0.0746958
0.073267
0.0718848
0.0705471
0.0692517
0.0679967
0.0667801
0.0656002
0.0644553
0.0633438
0.062264
0.0612147
0.0601943
0.0592016
0.0582353
0.0572942
0.0563773
0.0554834
0.0546116
0.0537612
0.0529313
0.0521215
0.0513314
0.0505609
0.0498105
0.0490811
0.0483743
0.0476931
0.0470416
0.0464263
0.0458566
0.0453458
0.044913
0.0445848
0.044398
0.961692
0.892184
0.829084
0.771727
0.719523
0.671944
0.628523
0.588843
0.552532
0.519258
0.488725
0.460668
0.434851
0.411062
0.389111
0.368829
0.350064
0.332678
0.316549
0.301566
0.287629
0.274649
0.262545
0.251243
0.240678
0.230789
0.221522
0.212829
0.204663
0.196985
0.189758
0.182948
0.176524
0.170458
0.164724
0.159299
0.154162
0.149292
0.144671
0.140284
0.136113
0.132146
0.128369
0.12477
0.121338
0.118063
0.114935
0.111946
0.109087
0.10635
0.103729
0.101217
0.0988076
0.0964954
0.0942751
0.0921416
0.0900903
0.0881169
0.0862173
0.0843876
0.0826243
0.080924
0.0792836
0.0777002
0.0761708
0.0746929
0.073264
0.0718818
0.0705439
0.0692485
0.0679933
0.0667766
0.0655966
0.0644516
0.0633399
0.0622601
0.0612106
0.0601901
0.0591973
0.0582309
0.0572897
0.0563726
0.0554786
0.0546067
0.0537561
0.0529261
0.0521161
0.0513259
0.0505553
0.0498047
0.0490752
0.0483683
0.047687
0.0470354
0.04642
0.0458502
0.0453394
0.0449066
0.0445784
0.0443916
0.961692
0.892184
0.829084
0.771728
0.719523
0.671944
0.628523
0.588843
0.552532
0.519258
0.488725
0.460668
0.434851
0.411062
0.389111
0.368829
0.350064
0.332678
0.316549
0.301566
0.287629
0.274649
0.262545
0.251243
0.240677
0.230789
0.221522
0.212828
0.204663
0.196985
0.189758
0.182948
0.176523
0.170457
0.164724
0.159299
0.154161
0.149291
0.144671
0.140283
0.136112
0.132145
0.128368
0.124769
0.121337
0.118062
0.114934
0.111944
0.109085
0.106348
0.103727
0.101215
0.0988058
0.0964936
0.0942732
0.0921397
0.0900883
0.0881148
0.0862151
0.0843853
0.0826219
0.0809216
0.0792811
0.0776975
0.0761681
0.0746901
0.0732611
0.0718787
0.0705408
0.0692452
0.06799
0.0667732
0.0655931
0.0644479
0.0633362
0.0622562
0.0612066
0.060186
0.059193
0.0582265
0.0572852
0.0563679
0.0554738
0.0546018
0.0537511
0.0529209
0.0521109
0.0513205
0.0505498
0.0497991
0.0490694
0.0483625
0.047681
0.0470293
0.0464139
0.0458441
0.0453332
0.0449004
0.0445722
0.0443854
0.961692
0.892184
0.829084
0.771728
0.719523
0.671944
0.628523
0.588843
0.552532
0.519258
0.488725
0.460668
0.434851
0.411062
0.389111
0.368829
0.350064
0.332678
0.316549
0.301566
0.287629
0.274649
0.262544
0.251243
0.240677
0.230788
0.221521
0.212828
0.204662
0.196984
0.189757
0.182947
0.176523
0.170457
0.164723
0.159298
0.15416
0.14929
0.14467
0.140282
0.136111
0.132144
0.128367
0.124768
0.121336
0.118061
0.114933
0.111943
0.109084
0.106347
0.103726
0.101214
0.0988041
0.0964918
0.0942713
0.0921377
0.0900863
0.0881127
0.0862129
0.084383
0.0826196
0.0809191
0.0792786
0.0776949
0.0761654
0.0746873
0.0732582
0.0718758
0.0705377
0.0692421
0.0679867
0.0667698
0.0655896
0.0644443
0.0633324
0.0622524
0.0612027
0.0601819
0.0591889
0.0582222
0.0572808
0.0563634
0.0554692
0.054597
0.0537462
0.0529159
0.0521057
0.0513152
0.0505444
0.0497936
0.0490638
0.0483568
0.0476752
0.0470235
0.046408
0.0458381
0.0453272
0.0448943
0.0445662
0.0443794
0.961692
0.892185
0.829084
0.771728
0.719523
0.671944
0.628523
0.588843
0.552532
0.519258
0.488725
0.460668
0.434851
0.411061
0.389111
0.368829
0.350064
0.332678
0.316549
0.301565
0.287629
0.274649
0.262544
0.251242
0.240677
0.230788
0.221521
0.212827
0.204662
0.196984
0.189757
0.182946
0.176522
0.170456
0.164722
0.159297
0.15416
0.14929
0.144669
0.140281
0.13611
0.132143
0.128366
0.124767
0.121335
0.118059
0.114931
0.111942
0.109082
0.106345
0.103724
0.101212
0.0988024
0.09649
0.0942695
0.0921358
0.0900843
0.0881106
0.0862107
0.0843808
0.0826173
0.0809167
0.0792761
0.0776924
0.0761627
0.0746846
0.0732554
0.0718728
0.0705347
0.0692389
0.0679835
0.0667665
0.0655862
0.0644408
0.0633288
0.0622487
0.0611988
0.060178
0.0591848
0.058218
0.0572765
0.056359
0.0554646
0.0545924
0.0537414
0.0529111
0.0521007
0.0513101
0.0505392
0.0497883
0.0490584
0.0483513
0.0476696
0.0470178
0.0464023
0.0458324
0.0453214
0.0448886
0.0445604
0.0443736
0.961692
0.892185
0.829084
0.771728
0.719523
0.671944
0.628523
0.588843
0.552532
0.519258
0.488725
0.460668
0.434851
0.411061
0.389111
0.368829
0.350064
0.332678
0.316548
0.301565
0.287628
0.274648
0.262544
0.251242
0.240677
0.230788
0.221521
0.212827
0.204661
0.196984
0.189756
0.182946
0.176522
0.170455
0.164722
0.159297
0.154159
0.149289
0.144668
0.14028
0.136109
0.132142
0.128365
0.124766
0.121334
0.118058
0.11493
0.11194
0.109081
0.106344
0.103723
0.10121
0.0988008
0.0964883
0.0942677
0.0921339
0.0900824
0.0881086
0.0862087
0.0843786
0.082615
0.0809144
0.0792737
0.0776899
0.0761602
0.0746819
0.0732526
0.07187
0.0705318
0.0692359
0.0679804
0.0667633
0.0655829
0.0644374
0.0633253
0.0622451
0.0611951
0.0601742
0.0591809
0.058214
0.0572723
0.0563548
0.0554603
0.0545879
0.0537369
0.0529064
0.052096
0.0513052
0.0505342
0.0497832
0.0490533
0.048346
0.0476643
0.0470125
0.0463969
0.0458269
0.045316
0.0448831
0.0445549
0.0443681
0.961692
0.892185
0.829085
0.771728
0.719523
0.671944
0.628523
0.588843
0.552532
0.519258
0.488725
0.460668
0.434851
0.411061
0.389111
0.368829
0.350064
0.332678
0.316548
0.301565
0.287628
0.274648
0.262544
0.251242
0.240676
0.230787
0.22152
0.212827
0.204661
0.196983
0.189756
0.182945
0.176521
0.170455
0.164721
0.159296
0.154158
0.149288
0.144667
0.140279
0.136108
0.132141
0.128364
0.124764
0.121332
0.118057
0.114929
0.111939
0.10908
0.106343
0.103721
0.101209
0.0987992
0.0964867
0.094266
0.0921321
0.0900805
0.0881067
0.0862066
0.0843766
0.0826129
0.0809122
0.0792714
0.0776875
0.0761577
0.0746793
0.07325
0.0718673
0.070529
0.069233
0.0679774
0.0667602
0.0655797
0.0644342
0.063322
0.0622416
0.0611916
0.0601705
0.0591772
0.0582102
0.0572684
0.0563507
0.0554561
0.0545837
0.0537325
0.052902
0.0520914
0.0513006
0.0505295
0.0497784
0.0490484
0.0483411
0.0476593
0.0470074
0.0463918
0.0458218
0.0453108
0.0448779
0.0445498
0.044363
0.961692
0.892185
0.829085
0.771728
0.719523
0.671944
0.628523
0.588843
0.552532
0.519258
0.488725
0.460668
0.43485
0.411061
0.389111
0.368829
0.350063
0.332677
0.316548
0.301565
0.287628
0.274648
0.262543
0.251242
0.240676
0.230787
0.22152
0.212826
0.204661
0.196983
0.189755
0.182945
0.176521
0.170454
0.16472
0.159295
0.154157
0.149287
0.144666
0.140278
0.136108
0.13214
0.128363
0.124763
0.121331
0.118056
0.114928
0.111938
0.109078
0.106341
0.10372
0.101207
0.0987976
0.0964851
0.0942643
0.0921304
0.0900787
0.0881048
0.0862047
0.0843746
0.0826108
0.0809101
0.0792692
0.0776852
0.0761553
0.0746769
0.0732475
0.0718647
0.0705263
0.0692303
0.0679746
0.0667573
0.0655767
0.0644311
0.0633188
0.0622383
0.0611882
0.0601671
0.0591736
0.0582065
0.0572647
0.0563469
0.0554523
0.0545797
0.0537285
0.0528978
0.0520872
0.0512963
0.0505251
0.049774
0.0490439
0.0483365
0.0476547
0.0470027
0.0463871
0.0458171
0.0453061
0.0448732
0.044545
0.0443583
0.961692
0.892185
0.829085
0.771728
0.719523
0.671944
0.628523
0.588843
0.552532
0.519258
0.488725
0.460668
0.43485
0.411061
0.389111
0.368829
0.350063
0.332677
0.316548
0.301565
0.287628
0.274648
0.262543
0.251241
0.240676
0.230787
0.22152
0.212826
0.20466
0.196982
0.189755
0.182944
0.17652
0.170454
0.16472
0.159295
0.154157
0.149287
0.144666
0.140277
0.136107
0.132139
0.128362
0.124762
0.12133
0.118055
0.114927
0.111937
0.109077
0.10634
0.103718
0.101206
0.0987962
0.0964835
0.0942627
0.0921288
0.090077
0.0881031
0.0862029
0.0843727
0.0826088
0.080908
0.0792671
0.077683
0.0761531
0.0746746
0.0732451
0.0718622
0.0705238
0.0692277
0.0679719
0.0667546
0.0655739
0.0644282
0.0633158
0.0622353
0.0611851
0.0601639
0.0591703
0.0582032
0.0572612
0.0563434
0.0554486
0.054576
0.0537247
0.052894
0.0520833
0.0512923
0.0505211
0.0497699
0.0490397
0.0483323
0.0476505
0.0469985
0.0463828
0.0458128
0.0453018
0.0448689
0.0445408
0.044354
0.961692
0.892185
0.829085
0.771728
0.719523
0.671944
0.628523
0.588843
0.552532
0.519258
0.488725
0.460668
0.43485
0.411061
0.389111
0.368829
0.350063
0.332677
0.316548
0.301565
0.287628
0.274647
0.262543
0.251241
0.240675
0.230786
0.221519
0.212825
0.20466
0.196982
0.189754
0.182944
0.176519
0.170453
0.164719
0.159294
0.154156
0.149286
0.144665
0.140277
0.136106
0.132138
0.128361
0.124762
0.121329
0.118054
0.114925
0.111936
0.109076
0.106339
0.103717
0.101205
0.0987948
0.0964821
0.0942613
0.0921272
0.0900754
0.0881014
0.0862012
0.0843709
0.082607
0.0809061
0.0792651
0.077681
0.076151
0.0746725
0.0732429
0.07186
0.0705215
0.0692253
0.0679694
0.066752
0.0655713
0.0644255
0.0633131
0.0622324
0.0611822
0.0601609
0.0591673
0.0582001
0.0572581
0.0563402
0.0554453
0.0545727
0.0537213
0.0528905
0.0520798
0.0512887
0.0505174
0.0497662
0.0490361
0.0483286
0.0476467
0.0469947
0.046379
0.045809
0.045298
0.0448651
0.044537
0.0443503
0.961692
0.892185
0.829085
0.771728
0.719523
0.671944
0.628523
0.588843
0.552532
0.519258
0.488725
0.460668
0.43485
0.411061
0.389111
0.368829
0.350063
0.332677
0.316548
0.301564
0.287627
0.274647
0.262543
0.251241
0.240675
0.230786
0.221519
0.212825
0.204659
0.196981
0.189754
0.182943
0.176519
0.170453
0.164719
0.159293
0.154156
0.149285
0.144664
0.140276
0.136105
0.132137
0.12836
0.124761
0.121328
0.118053
0.114924
0.111935
0.109075
0.106338
0.103716
0.101203
0.0987935
0.0964808
0.0942599
0.0921258
0.0900739
0.0880999
0.0861996
0.0843693
0.0826053
0.0809044
0.0792633
0.0776792
0.0761491
0.0746705
0.0732409
0.0718579
0.0705193
0.0692231
0.0679672
0.0667497
0.0655689
0.0644231
0.0633106
0.0622299
0.0611796
0.0601583
0.0591646
0.0581973
0.0572552
0.0563373
0.0554424
0.0545697
0.0537183
0.0528874
0.0520767
0.0512856
0.0505143
0.0497631
0.0490329
0.0483254
0.0476435
0.0469915
0.0463758
0.0458058
0.0452949
0.044862
0.0445338
0.0443471
0.961692
0.892185
0.829085
0.771728
0.719523
0.671944
0.628523
0.588843
0.552532
0.519258
0.488725
0.460668
0.43485
0.411061
0.38911
0.368829
0.350063
0.332677
0.316548
0.301564
0.287627
0.274647
0.262543
0.251241
0.240675
0.230786
0.221519
0.212825
0.204659
0.196981
0.189754
0.182943
0.176519
0.170452
0.164718
0.159293
0.154155
0.149285
0.144664
0.140275
0.136104
0.132137
0.128359
0.12476
0.121328
0.118052
0.114924
0.111934
0.109074
0.106337
0.103715
0.101202
0.0987924
0.0964796
0.0942587
0.0921245
0.0900726
0.0880985
0.0861982
0.0843678
0.0826038
0.0809028
0.0792617
0.0776775
0.0761474
0.0746687
0.0732391
0.071856
0.0705174
0.0692211
0.0679652
0.0667477
0.0655668
0.0644209
0.0633084
0.0622277
0.0611773
0.0601559
0.0591622
0.0581949
0.0572528
0.0563348
0.0554399
0.0545672
0.0537157
0.0528849
0.0520741
0.051283
0.0505117
0.0497604
0.0490302
0.0483228
0.0476409
0.0469889
0.0463733
0.0458032
0.0452923
0.0448594
0.0445313
0.0443446
0.961692
0.892185
0.829085
0.771728
0.719523
0.671944
0.628523
0.588843
0.552532
0.519258
0.488725
0.460667
0.43485
0.411061
0.38911
0.368828
0.350063
0.332677
0.316547
0.301564
0.287627
0.274647
0.262542
0.25124
0.240675
0.230785
0.221518
0.212825
0.204659
0.196981
0.189753
0.182943
0.176518
0.170452
0.164718
0.159292
0.154154
0.149284
0.144663
0.140275
0.136104
0.132136
0.128359
0.124759
0.121327
0.118051
0.114923
0.111933
0.109073
0.106336
0.103714
0.101201
0.0987913
0.0964785
0.0942576
0.0921234
0.0900714
0.0880973
0.0861969
0.0843665
0.0826025
0.0809015
0.0792603
0.0776761
0.0761459
0.0746672
0.0732375
0.0718545
0.0705158
0.0692195
0.0679635
0.0667459
0.065565
0.0644191
0.0633066
0.0622258
0.0611754
0.060154
0.0591603
0.0581929
0.0572508
0.0563328
0.0554379
0.0545651
0.0537137
0.0528828
0.052072
0.051281
0.0505096
0.0497584
0.0490282
0.0483208
0.047639
0.046987
0.0463714
0.0458014
0.0452905
0.0448576
0.0445295
0.0443429
0.961692
0.892185
0.829085
0.771728
0.719523
0.671944
0.628523
0.588843
0.552532
0.519258
0.488724
0.460667
0.43485
0.411061
0.38911
0.368828
0.350063
0.332677
0.316547
0.301564
0.287627
0.274647
0.262542
0.25124
0.240674
0.230785
0.221518
0.212824
0.204659
0.19698
0.189753
0.182942
0.176518
0.170451
0.164717
0.159292
0.154154
0.149284
0.144663
0.140274
0.136103
0.132135
0.128358
0.124759
0.121326
0.11805
0.114922
0.111932
0.109072
0.106335
0.103713
0.1012
0.0987905
0.0964777
0.0942566
0.0921225
0.0900705
0.0880963
0.0861959
0.0843655
0.0826014
0.0809004
0.0792592
0.0776749
0.0761447
0.074666
0.0732363
0.0718532
0.0705145
0.0692181
0.0679621
0.0667445
0.0655636
0.0644177
0.0633051
0.0622243
0.0611739
0.0601525
0.0591588
0.0581914
0.0572493
0.0563313
0.0554364
0.0545636
0.0537122
0.0528814
0.0520706
0.0512796
0.0505083
0.0497571
0.049027
0.0483196
0.0476378
0.0469859
0.0463703
0.0458003
0.0452894
0.0448566
0.0445286
0.0443419
0.961692
0.892185
0.829085
0.771728
0.719523
0.671944
0.628523
0.588843
0.552532
0.519258
0.488724
0.460667
0.43485
0.411061
0.38911
0.368828
0.350063
0.332677
0.316547
0.301564
0.287627
0.274647
0.262542
0.25124
0.240674
0.230785
0.221518
0.212824
0.204658
0.19698
0.189753
0.182942
0.176517
0.170451
0.164717
0.159292
0.154154
0.149283
0.144662
0.140274
0.136103
0.132135
0.128357
0.124758
0.121326
0.11805
0.114921
0.111931
0.109072
0.106334
0.103713
0.1012
0.0987898
0.0964769
0.0942559
0.0921217
0.0900697
0.0880955
0.0861951
0.0843646
0.0826005
0.0808995
0.0792583
0.077674
0.0761438
0.074665
0.0732353
0.0718522
0.0705135
0.0692171
0.0679611
0.0667435
0.0655626
0.0644166
0.0633041
0.0622233
0.0611729
0.0601515
0.0591578
0.0581904
0.0572483
0.0563303
0.0554355
0.0545627
0.0537113
0.0528805
0.0520698
0.0512789
0.0505076
0.0497565
0.0490264
0.0483191
0.0476374
0.0469856
0.04637
0.0458001
0.0452893
0.0448565
0.0445284
0.0443418
0.961692
0.892185
0.829085
0.771728
0.719523
0.671944
0.628523
0.588843
0.552532
0.519258
0.488724
0.460667
0.43485
0.411061
0.38911
0.368828
0.350063
0.332677
0.316547
0.301564
0.287627
0.274646
0.262542
0.25124
0.240674
0.230785
0.221518
0.212824
0.204658
0.19698
0.189752
0.182942
0.176517
0.170451
0.164717
0.159291
0.154153
0.149283
0.144662
0.140273
0.136102
0.132135
0.128357
0.124758
0.121325
0.11805
0.114921
0.111931
0.109071
0.106334
0.103712
0.101199
0.0987893
0.0964764
0.0942554
0.0921212
0.0900691
0.0880949
0.0861945
0.084364
0.0825999
0.0808989
0.0792577
0.0776734
0.0761431
0.0746644
0.0732347
0.0718515
0.0705129
0.0692165
0.0679605
0.0667429
0.065562
0.0644161
0.0633035
0.0622228
0.0611724
0.060151
0.0591573
0.05819
0.0572479
0.05633
0.0554352
0.0545625
0.0537112
0.0528805
0.0520698
0.0512789
0.0505078
0.0497567
0.0490268
0.0483196
0.0476379
0.0469862
0.0463707
0.0458009
0.0452901
0.0448573
0.0445293
0.0443427
0.961692
0.892185
0.829085
0.771728
0.719523
0.671944
0.628523
0.588843
0.552532
0.519258
0.488724
0.460667
0.43485
0.411061
0.38911
0.368828
0.350062
0.332676
0.316547
0.301564
0.287627
0.274646
0.262542
0.25124
0.240674
0.230785
0.221518
0.212824
0.204658
0.19698
0.189752
0.182942
0.176517
0.170451
0.164716
0.159291
0.154153
0.149283
0.144662
0.140273
0.136102
0.132134
0.128357
0.124757
0.121325
0.118049
0.114921
0.111931
0.109071
0.106334
0.103712
0.101199
0.098789
0.0964761
0.0942551
0.0921208
0.0900688
0.0880946
0.0861942
0.0843637
0.0825996
0.0808986
0.0792574
0.0776731
0.0761429
0.0746641
0.0732344
0.0718513
0.0705126
0.0692163
0.0679603
0.0667427
0.0655619
0.064416
0.0633034
0.0622227
0.0611724
0.0601511
0.0591574
0.0581902
0.0572482
0.0563303
0.0554356
0.054563
0.0537118
0.0528811
0.0520706
0.0512798
0.0505088
0.0497579
0.049028
0.0483209
0.0476394
0.0469878
0.0463724
0.0458027
0.0452919
0.0448592
0.0445312
0.0443446
0.961692
0.892185
0.829085
0.771728
0.719523
0.671944
0.628523
0.588843
0.552532
0.519258
0.488724
0.460667
0.43485
0.411061
0.38911
0.368828
0.350062
0.332676
0.316547
0.301564
0.287627
0.274646
0.262542
0.25124
0.240674
0.230785
0.221518
0.212824
0.204658
0.19698
0.189752
0.182941
0.176517
0.17045
0.164716
0.159291
0.154153
0.149283
0.144661
0.140273
0.136102
0.132134
0.128357
0.124757
0.121325
0.118049
0.114921
0.111931
0.109071
0.106333
0.103712
0.101199
0.0987889
0.0964761
0.094255
0.0921208
0.0900688
0.0880946
0.0861942
0.0843637
0.0825997
0.0808986
0.0792574
0.0776731
0.076143
0.0746643
0.0732346
0.0718515
0.0705128
0.0692165
0.0679606
0.0667431
0.0655622
0.0644164
0.0633039
0.0622233
0.061173
0.0601518
0.0591582
0.058191
0.0572491
0.0563314
0.0554367
0.0545643
0.0537132
0.0528827
0.0520723
0.0512816
0.0505107
0.04976
0.0490303
0.0483233
0.0476419
0.0469904
0.0463752
0.0458055
0.0452948
0.0448622
0.0445342
0.0443475
0.961692
0.892185
0.829085
0.771728
0.719523
0.671944
0.628523
0.588843
0.552532
0.519258
0.488724
0.460667
0.43485
0.411061
0.38911
0.368828
0.350062
0.332676
0.316547
0.301564
0.287627
0.274646
0.262542
0.25124
0.240674
0.230785
0.221518
0.212824
0.204658
0.19698
0.189752
0.182941
0.176517
0.17045
0.164716
0.159291
0.154153
0.149283
0.144662
0.140273
0.136102
0.132134
0.128357
0.124757
0.121325
0.118049
0.114921
0.111931
0.109071
0.106334
0.103712
0.101199
0.0987891
0.0964763
0.0942552
0.0921211
0.0900691
0.0880949
0.0861945
0.0843641
0.0826
0.080899
0.0792579
0.0776736
0.0761435
0.0746648
0.0732352
0.0718521
0.0705136
0.0692173
0.0679614
0.066744
0.0655632
0.0644174
0.063305
0.0622245
0.0611743
0.0601532
0.0591597
0.0581926
0.0572509
0.0563332
0.0554387
0.0545664
0.0537154
0.0528851
0.0520749
0.0512844
0.0505137
0.0497631
0.0490336
0.0483268
0.0476456
0.0469942
0.0463791
0.0458096
0.045299
0.0448664
0.0445383
0.0443518
0.961692
0.892185
0.829085
0.771728
0.719523
0.671944
0.628523
0.588843
0.552532
0.519258
0.488724
0.460667
0.43485
0.411061
0.38911
0.368828
0.350062
0.332676
0.316547
0.301564
0.287627
0.274646
0.262542
0.25124
0.240674
0.230785
0.221518
0.212824
0.204658
0.19698
0.189752
0.182942
0.176517
0.170451
0.164716
0.159291
0.154153
0.149283
0.144662
0.140273
0.136102
0.132135
0.128357
0.124758
0.121325
0.11805
0.114921
0.111931
0.109071
0.106334
0.103712
0.101199
0.0987895
0.0964767
0.0942557
0.0921216
0.0900696
0.0880955
0.0861951
0.0843647
0.0826007
0.0808998
0.0792587
0.0776745
0.0761444
0.0746658
0.0732362
0.0718532
0.0705147
0.0692185
0.0679626
0.0667453
0.0655646
0.0644189
0.0633066
0.0622262
0.0611761
0.0601551
0.0591617
0.0581948
0.0572532
0.0563357
0.0554413
0.0545692
0.0537184
0.0528882
0.0520782
0.0512879
0.0505174
0.049767
0.0490376
0.0483311
0.04765
0.0469988
0.0463838
0.0458144
0.0453039
0.0448713
0.0445434
0.0443563
)
;

boundaryField
{
    inlet
    {
        type            fixedValue;
        value           uniform 1;
    }
    outlet
    {
        type            inletOutlet;
        inletValue      uniform 1;
        value           nonuniform List<scalar> 
100
(
0.0442963
0.044297
0.0442983
0.0443003
0.0443028
0.0443059
0.0443095
0.0443137
0.0443183
0.0443233
0.0443288
0.0443346
0.0443407
0.0443471
0.0443537
0.0443606
0.0443676
0.0443747
0.0443819
0.0443892
0.0443965
0.0444039
0.0444112
0.0444184
0.0444256
0.0444326
0.0444396
0.0444464
0.044453
0.0444594
0.0444657
0.0444717
0.0444775
0.044483
0.0444882
0.0444932
0.044498
0.0445024
0.0445065
0.0445103
0.0445138
0.0445169
0.0445197
0.0445222
0.0445243
0.0445261
0.0445276
0.0445287
0.0445294
0.0445298
0.0445298
0.0445295
0.0445289
0.0445278
0.0445265
0.0445248
0.0445227
0.0445203
0.0445176
0.0445146
0.0445112
0.0445076
0.0445036
0.0444994
0.0444948
0.04449
0.044485
0.0444797
0.0444742
0.0444685
0.0444626
0.0444565
0.0444502
0.0444439
0.0444374
0.0444309
0.0444243
0.0444176
0.044411
0.0444044
0.044398
0.0443916
0.0443854
0.0443794
0.0443736
0.0443681
0.044363
0.0443583
0.044354
0.0443503
0.0443471
0.0443446
0.0443429
0.0443419
0.0443418
0.0443427
0.0443446
0.0443475
0.0443518
0.0443563
)
;
    }
    ground
    {
        type            empty;
    }
    top
    {
        type            empty;
    }
    front
    {
        type            inletOutlet;
        inletValue      uniform 1;
        value           nonuniform List<scalar> 
100
(
0.961692
0.892185
0.829085
0.771728
0.719523
0.671944
0.628523
0.588843
0.552532
0.519258
0.488724
0.460667
0.43485
0.411061
0.38911
0.368828
0.350063
0.332676
0.316547
0.301564
0.287627
0.274646
0.262542
0.25124
0.240674
0.230785
0.221518
0.212824
0.204658
0.19698
0.189752
0.182941
0.176517
0.17045
0.164716
0.159291
0.154153
0.149282
0.144661
0.140273
0.136101
0.132134
0.128356
0.124756
0.121324
0.118048
0.114919
0.111929
0.109069
0.106332
0.10371
0.101197
0.0987867
0.0964737
0.0942524
0.092118
0.0900657
0.0880912
0.0861905
0.0843598
0.0825954
0.080894
0.0792524
0.0776677
0.0761371
0.0746579
0.0732277
0.0718441
0.0705048
0.0692078
0.0679512
0.0667329
0.0655512
0.0644045
0.063291
0.0622093
0.0611579
0.0601354
0.0591405
0.0581719
0.0572285
0.056309
0.0554126
0.0545383
0.0536852
0.0528526
0.05204
0.0512472
0.050474
0.049721
0.048989
0.0482799
0.0475965
0.0469431
0.0463264
0.0457555
0.045244
0.0448109
0.0444829
0.0442963
)
;
    }
    back
    {
        type            inletOutlet;
        inletValue      uniform 1;
        value           nonuniform List<scalar> 
100
(
0.961692
0.892185
0.829085
0.771728
0.719523
0.671944
0.628523
0.588843
0.552532
0.519258
0.488724
0.460667
0.43485
0.411061
0.38911
0.368828
0.350062
0.332676
0.316547
0.301564
0.287627
0.274646
0.262542
0.25124
0.240674
0.230785
0.221518
0.212824
0.204658
0.19698
0.189752
0.182942
0.176517
0.170451
0.164716
0.159291
0.154153
0.149283
0.144662
0.140273
0.136102
0.132135
0.128357
0.124758
0.121325
0.11805
0.114921
0.111931
0.109071
0.106334
0.103712
0.101199
0.0987895
0.0964767
0.0942557
0.0921216
0.0900696
0.0880955
0.0861951
0.0843647
0.0826007
0.0808998
0.0792587
0.0776745
0.0761444
0.0746658
0.0732362
0.0718532
0.0705147
0.0692185
0.0679626
0.0667453
0.0655646
0.0644189
0.0633066
0.0622262
0.0611761
0.0601551
0.0591617
0.0581948
0.0572532
0.0563357
0.0554413
0.0545692
0.0537184
0.0528882
0.0520782
0.0512879
0.0505174
0.049767
0.0490376
0.0483311
0.04765
0.0469988
0.0463838
0.0458144
0.0453039
0.0448713
0.0445434
0.0443563
)
;
    }
}


// ************************************************************************* //
