/*--------------------------------*- C++ -*----------------------------------*\
  =========                 |
  \\      /  F ield         | OpenFOAM: The Open Source CFD Toolbox
   \\    /   O peration     | Website:  https://openfoam.org
    \\  /    A nd           | Version:  11
     \\/     M anipulation  |
\*---------------------------------------------------------------------------*/
FoamFile
{
    format      ascii;
    class       volScalarField;
    location    "100";
    object      omega;
}
// * * * * * * * * * * * * * * * * * * * * * * * * * * * * * * * * * * * * * //

dimensions      [0 0 -1 0 0 0 0];

internalField   nonuniform List<scalar> 
10000
(
0.9617
0.892183
0.829044
0.771611
0.719289
0.671544
0.627902
0.587939
0.551273
0.517566
0.486512
0.457839
0.431302
0.406685
0.383796
0.362464
0.342544
0.323911
0.30646
0.290104
0.274777
0.260424
0.247004
0.234484
0.222836
0.212034
0.202053
0.192862
0.18443
0.17672
0.169693
0.163308
0.15752
0.152285
0.147561
0.143305
0.139478
0.13604
0.132957
0.130195
0.127722
0.125511
0.123535
0.12177
0.120197
0.118794
0.117546
0.116435
0.115449
0.114573
0.113797
0.113109
0.112501
0.111963
0.111488
0.11107
0.110701
0.110376
0.110091
0.10984
0.10962
0.109426
0.109257
0.109108
0.108977
0.108863
0.108762
0.108674
0.108596
0.108527
0.108467
0.108413
0.108366
0.108323
0.108286
0.108252
0.108221
0.108194
0.108169
0.108146
0.108126
0.108106
0.108089
0.108072
0.108057
0.108043
0.108029
0.108017
0.108005
0.107993
0.107983
0.107973
0.107964
0.107955
0.107947
0.10794
0.107934
0.107929
0.107926
0.107924
0.9617
0.892185
0.829047
0.771615
0.719294
0.67155
0.627909
0.587946
0.551281
0.517574
0.486521
0.457849
0.431314
0.406698
0.38381
0.36248
0.342562
0.323931
0.306481
0.290128
0.274802
0.260451
0.247033
0.234514
0.222867
0.212066
0.202085
0.192894
0.184462
0.176751
0.169723
0.163336
0.157547
0.152311
0.147586
0.14333
0.139501
0.136062
0.132978
0.130214
0.127739
0.125526
0.123548
0.121783
0.120208
0.118805
0.117555
0.116444
0.115457
0.11458
0.113803
0.113115
0.112506
0.111968
0.111493
0.111074
0.110705
0.11038
0.110094
0.109843
0.109623
0.109429
0.109259
0.10911
0.10898
0.108865
0.108764
0.108675
0.108597
0.108529
0.108468
0.108414
0.108367
0.108324
0.108287
0.108253
0.108222
0.108195
0.10817
0.108147
0.108126
0.108107
0.108089
0.108073
0.108058
0.108043
0.10803
0.108017
0.108005
0.107994
0.107983
0.107973
0.107964
0.107955
0.107947
0.10794
0.107934
0.10793
0.107926
0.107924
0.9617
0.892187
0.829051
0.771621
0.719301
0.671559
0.62792
0.587958
0.551295
0.51759
0.486538
0.457867
0.431334
0.40672
0.383834
0.362507
0.342592
0.323964
0.306518
0.290168
0.274846
0.260497
0.247082
0.234565
0.22292
0.212121
0.20214
0.192948
0.184515
0.176803
0.169773
0.163384
0.157593
0.152355
0.147628
0.143369
0.139538
0.136096
0.133009
0.130243
0.127766
0.12555
0.123571
0.121803
0.120226
0.118821
0.11757
0.116458
0.115469
0.114592
0.113814
0.113125
0.112515
0.111976
0.1115
0.11108
0.110711
0.110385
0.110099
0.109847
0.109627
0.109433
0.109262
0.109113
0.108982
0.108867
0.108766
0.108677
0.108599
0.10853
0.10847
0.108416
0.108368
0.108326
0.108288
0.108254
0.108223
0.108196
0.108171
0.108148
0.108127
0.108108
0.10809
0.108073
0.108058
0.108044
0.10803
0.108017
0.108005
0.107994
0.107984
0.107974
0.107964
0.107956
0.107948
0.107941
0.107935
0.10793
0.107926
0.107924
0.961701
0.892189
0.829055
0.771628
0.71931
0.671571
0.627933
0.587974
0.551313
0.51761
0.486561
0.457893
0.431362
0.406751
0.383869
0.362545
0.342634
0.32401
0.306569
0.290223
0.274906
0.260562
0.24715
0.234637
0.222994
0.212195
0.202215
0.193023
0.184589
0.176875
0.169842
0.163451
0.157656
0.152415
0.147684
0.143422
0.139587
0.136142
0.133052
0.130282
0.127802
0.125583
0.1236
0.12183
0.120251
0.118844
0.117591
0.116476
0.115486
0.114607
0.113827
0.113137
0.112526
0.111986
0.111509
0.111089
0.110718
0.110392
0.110105
0.109853
0.109631
0.109437
0.109266
0.109116
0.108985
0.10887
0.108768
0.108679
0.108601
0.108532
0.108471
0.108417
0.108369
0.108327
0.108289
0.108255
0.108224
0.108197
0.108171
0.108149
0.108128
0.108108
0.108091
0.108074
0.108059
0.108044
0.108031
0.108018
0.108006
0.107995
0.107984
0.107974
0.107965
0.107956
0.107948
0.107941
0.107935
0.10793
0.107927
0.107924
0.961701
0.89219
0.829058
0.771634
0.71932
0.671583
0.627949
0.587992
0.551334
0.517634
0.486588
0.457923
0.431396
0.40679
0.383911
0.362593
0.342687
0.324069
0.306633
0.290293
0.274982
0.260643
0.247236
0.234726
0.223086
0.212289
0.202309
0.193117
0.184681
0.176964
0.169929
0.163534
0.157735
0.15249
0.147754
0.143488
0.139649
0.1362
0.133105
0.13033
0.127846
0.125624
0.123638
0.121864
0.120282
0.118872
0.117616
0.1165
0.115507
0.114626
0.113844
0.113152
0.11254
0.111998
0.11152
0.111098
0.110727
0.1104
0.110112
0.109859
0.109637
0.109442
0.109271
0.10912
0.108989
0.108873
0.108771
0.108682
0.108603
0.108534
0.108473
0.108419
0.108371
0.108328
0.10829
0.108256
0.108225
0.108198
0.108172
0.108149
0.108128
0.108109
0.108091
0.108075
0.108059
0.108045
0.108031
0.108019
0.108007
0.107995
0.107985
0.107975
0.107965
0.107957
0.107949
0.107942
0.107936
0.107931
0.107927
0.107925
0.9617
0.89219
0.82906
0.771639
0.719328
0.671594
0.627964
0.588011
0.551357
0.517661
0.486618
0.457958
0.431435
0.406834
0.383961
0.362649
0.342749
0.324138
0.306709
0.290376
0.275071
0.260739
0.247337
0.234832
0.223195
0.2124
0.202421
0.193228
0.18479
0.17707
0.170031
0.163632
0.157828
0.152578
0.147837
0.143565
0.139721
0.136267
0.133167
0.130388
0.127899
0.125672
0.123682
0.121905
0.120319
0.118905
0.117647
0.116527
0.115531
0.114648
0.113864
0.11317
0.112556
0.112013
0.111533
0.11111
0.110737
0.110409
0.11012
0.109866
0.109643
0.109447
0.109276
0.109125
0.108993
0.108876
0.108774
0.108685
0.108606
0.108536
0.108475
0.108421
0.108373
0.10833
0.108291
0.108257
0.108226
0.108199
0.108173
0.10815
0.108129
0.10811
0.108092
0.108076
0.10806
0.108046
0.108032
0.108019
0.108007
0.107996
0.107985
0.107975
0.107966
0.107957
0.107949
0.107942
0.107936
0.107931
0.107928
0.107926
0.9617
0.89219
0.829062
0.771643
0.719335
0.671605
0.627978
0.58803
0.551379
0.517688
0.486651
0.457995
0.431478
0.406883
0.384016
0.362711
0.342819
0.324215
0.306794
0.290469
0.275172
0.260846
0.247451
0.23495
0.223317
0.212525
0.202546
0.193352
0.184912
0.17719
0.170147
0.163742
0.157933
0.152677
0.147931
0.143653
0.139803
0.136343
0.133237
0.130452
0.127958
0.125727
0.123732
0.12195
0.12036
0.118943
0.117681
0.116557
0.115559
0.114673
0.113887
0.11319
0.112574
0.112029
0.111548
0.111123
0.110749
0.110419
0.110129
0.109874
0.10965
0.109454
0.109281
0.10913
0.108997
0.10888
0.108778
0.108688
0.108609
0.108539
0.108477
0.108423
0.108374
0.108331
0.108293
0.108258
0.108228
0.1082
0.108174
0.108151
0.10813
0.108111
0.108093
0.108076
0.108061
0.108046
0.108033
0.10802
0.108008
0.107997
0.107986
0.107976
0.107967
0.107958
0.10795
0.107943
0.107937
0.107932
0.107929
0.107926
0.9617
0.89219
0.829063
0.771645
0.71934
0.671614
0.627991
0.588047
0.551402
0.517715
0.486684
0.458034
0.431523
0.406934
0.384076
0.362778
0.342894
0.324299
0.306887
0.290571
0.275282
0.260964
0.247575
0.235081
0.223451
0.212661
0.202683
0.193489
0.185047
0.177321
0.170274
0.163864
0.158049
0.152787
0.148034
0.143749
0.139893
0.136426
0.133314
0.130524
0.128024
0.125787
0.123787
0.122
0.120406
0.118984
0.117718
0.116591
0.11559
0.114701
0.113912
0.113213
0.112594
0.112047
0.111564
0.111137
0.110761
0.11043
0.110139
0.109883
0.109658
0.109461
0.109287
0.109135
0.109002
0.108884
0.108781
0.108691
0.108611
0.108541
0.108479
0.108425
0.108376
0.108333
0.108294
0.10826
0.108229
0.108201
0.108175
0.108152
0.108131
0.108112
0.108094
0.108077
0.108062
0.108047
0.108033
0.108021
0.108009
0.107997
0.107987
0.107977
0.107967
0.107959
0.107951
0.107944
0.107938
0.107933
0.107929
0.107927
0.961699
0.892189
0.829063
0.771647
0.719345
0.671622
0.628003
0.588064
0.551423
0.517742
0.486716
0.458073
0.431569
0.406988
0.384138
0.362848
0.342974
0.324388
0.306986
0.290679
0.275399
0.26109
0.247709
0.23522
0.223595
0.212808
0.202831
0.193636
0.185191
0.177462
0.17041
0.163995
0.158174
0.152905
0.148145
0.143853
0.13999
0.136516
0.133397
0.1306
0.128094
0.125851
0.123846
0.122054
0.120455
0.119029
0.117759
0.116628
0.115623
0.11473
0.113939
0.113237
0.112615
0.112066
0.111581
0.111152
0.110775
0.110442
0.11015
0.109892
0.109666
0.109468
0.109294
0.109141
0.109007
0.108889
0.108785
0.108694
0.108614
0.108544
0.108481
0.108426
0.108378
0.108334
0.108295
0.108261
0.10823
0.108202
0.108176
0.108153
0.108132
0.108112
0.108094
0.108078
0.108062
0.108048
0.108034
0.108021
0.108009
0.107998
0.107987
0.107977
0.107968
0.107959
0.107952
0.107945
0.107939
0.107934
0.10793
0.107928
0.961699
0.892188
0.829062
0.771648
0.719348
0.671628
0.628014
0.588079
0.551443
0.517768
0.486749
0.458112
0.431616
0.407043
0.384201
0.362921
0.343056
0.324481
0.307089
0.290793
0.275523
0.261223
0.247849
0.235367
0.223747
0.212962
0.202986
0.193791
0.185344
0.177611
0.170554
0.164133
0.158306
0.15303
0.148263
0.143963
0.140092
0.136612
0.133486
0.130682
0.128169
0.12592
0.123909
0.122112
0.120507
0.119076
0.117802
0.116667
0.115658
0.114762
0.113967
0.113262
0.112638
0.112086
0.111599
0.111169
0.110789
0.110455
0.110161
0.109902
0.109675
0.109476
0.1093
0.109147
0.109012
0.108893
0.108789
0.108698
0.108617
0.108546
0.108484
0.108428
0.108379
0.108336
0.108297
0.108262
0.108231
0.108202
0.108177
0.108154
0.108132
0.108113
0.108095
0.108078
0.108063
0.108048
0.108035
0.108022
0.10801
0.107999
0.107988
0.107978
0.107969
0.10796
0.107952
0.107945
0.107939
0.107934
0.107931
0.107929
0.961698
0.892187
0.829061
0.771649
0.71935
0.671634
0.628023
0.588092
0.551462
0.517793
0.48678
0.458151
0.431662
0.407098
0.384265
0.362995
0.343141
0.324576
0.307195
0.29091
0.27565
0.26136
0.247994
0.235519
0.223904
0.213123
0.203148
0.193952
0.185503
0.177767
0.170705
0.164277
0.158443
0.15316
0.148386
0.144079
0.1402
0.136712
0.133578
0.130767
0.128248
0.125993
0.123975
0.122172
0.120562
0.119126
0.117847
0.116708
0.115695
0.114795
0.113997
0.113289
0.112662
0.112108
0.111618
0.111185
0.110804
0.110468
0.110173
0.109913
0.109684
0.109483
0.109307
0.109153
0.109017
0.108898
0.108793
0.108701
0.10862
0.108549
0.108486
0.10843
0.108381
0.108337
0.108298
0.108263
0.108231
0.108203
0.108178
0.108154
0.108133
0.108113
0.108095
0.108079
0.108063
0.108049
0.108035
0.108022
0.10801
0.107999
0.107988
0.107979
0.107969
0.107961
0.107953
0.107946
0.10794
0.107935
0.107932
0.107929
0.961698
0.892186
0.82906
0.771648
0.719352
0.671638
0.62803
0.588104
0.551479
0.517816
0.48681
0.458188
0.431708
0.407152
0.384329
0.36307
0.343226
0.324673
0.307303
0.29103
0.27578
0.2615
0.248143
0.235675
0.224065
0.213288
0.203315
0.194118
0.185667
0.177927
0.17086
0.164427
0.158586
0.153295
0.148513
0.144198
0.140312
0.136815
0.133675
0.130856
0.12833
0.126068
0.124044
0.122235
0.120619
0.119178
0.117894
0.116751
0.115734
0.11483
0.114028
0.113317
0.112687
0.11213
0.111638
0.111203
0.11082
0.110482
0.110185
0.109923
0.109693
0.109491
0.109314
0.109159
0.109022
0.108902
0.108797
0.108704
0.108623
0.108551
0.108488
0.108432
0.108382
0.108338
0.108299
0.108264
0.108232
0.108204
0.108178
0.108155
0.108133
0.108114
0.108096
0.108079
0.108063
0.108049
0.108035
0.108023
0.108011
0.108
0.107989
0.107979
0.10797
0.107961
0.107954
0.107947
0.107941
0.107936
0.107932
0.10793
0.961697
0.892185
0.829059
0.771648
0.719353
0.671641
0.628037
0.588115
0.551495
0.517838
0.486838
0.458224
0.431752
0.407206
0.384393
0.363144
0.343312
0.32477
0.307412
0.29115
0.275912
0.261642
0.248294
0.235833
0.22423
0.213456
0.203484
0.194288
0.185835
0.178091
0.171019
0.164579
0.158732
0.153434
0.148644
0.144321
0.140426
0.136922
0.133774
0.130948
0.128414
0.126145
0.124114
0.122299
0.120678
0.119232
0.117943
0.116795
0.115773
0.114866
0.11406
0.113346
0.112713
0.112153
0.111658
0.111221
0.110836
0.110496
0.110197
0.109934
0.109703
0.1095
0.109321
0.109165
0.109027
0.108906
0.108801
0.108707
0.108625
0.108553
0.10849
0.108433
0.108383
0.108339
0.1083
0.108264
0.108233
0.108204
0.108178
0.108155
0.108134
0.108114
0.108096
0.108079
0.108064
0.108049
0.108036
0.108023
0.108011
0.108
0.107989
0.10798
0.10797
0.107962
0.107954
0.107947
0.107941
0.107937
0.107933
0.107931
0.961697
0.892184
0.829058
0.771647
0.719354
0.671644
0.628043
0.588125
0.55151
0.517858
0.486865
0.458259
0.431795
0.407258
0.384455
0.363217
0.343396
0.324867
0.307521
0.291271
0.276044
0.261784
0.248446
0.235993
0.224395
0.213625
0.203656
0.194459
0.186004
0.178257
0.17118
0.164735
0.15888
0.153575
0.148777
0.144446
0.140543
0.137031
0.133874
0.131041
0.1285
0.126224
0.124187
0.122365
0.120739
0.119287
0.117992
0.11684
0.115814
0.114902
0.114093
0.113375
0.112739
0.112176
0.111679
0.111239
0.110852
0.11051
0.110209
0.109945
0.109712
0.109508
0.109328
0.109171
0.109032
0.108911
0.108804
0.10871
0.108628
0.108555
0.108491
0.108435
0.108385
0.10834
0.1083
0.108265
0.108233
0.108204
0.108179
0.108155
0.108134
0.108114
0.108096
0.108079
0.108064
0.108049
0.108036
0.108023
0.108011
0.108
0.10799
0.10798
0.107971
0.107962
0.107955
0.107948
0.107942
0.107937
0.107934
0.107931
0.961696
0.892182
0.829056
0.771646
0.719354
0.671646
0.628048
0.588134
0.551523
0.517877
0.486891
0.458292
0.431837
0.407309
0.384516
0.363289
0.34348
0.324962
0.307629
0.29139
0.276176
0.261927
0.248598
0.236153
0.224561
0.213795
0.203828
0.194632
0.186175
0.178424
0.171343
0.164891
0.15903
0.153717
0.148911
0.144572
0.140661
0.137141
0.133977
0.131136
0.128587
0.126304
0.12426
0.122433
0.1208
0.119342
0.118043
0.116885
0.115855
0.114939
0.114126
0.113405
0.112766
0.1122
0.1117
0.111258
0.110868
0.110524
0.110222
0.109956
0.109722
0.109516
0.109335
0.109177
0.109037
0.108915
0.108808
0.108713
0.10863
0.108557
0.108493
0.108436
0.108385
0.108341
0.108301
0.108265
0.108233
0.108204
0.108179
0.108155
0.108133
0.108114
0.108096
0.108079
0.108064
0.108049
0.108036
0.108023
0.108011
0.108
0.10799
0.10798
0.107971
0.107963
0.107955
0.107948
0.107942
0.107938
0.107934
0.107932
0.961696
0.892181
0.829055
0.771645
0.719353
0.671648
0.628052
0.588141
0.551536
0.517895
0.486915
0.458323
0.431876
0.407358
0.384575
0.363359
0.343561
0.325056
0.307735
0.291509
0.276306
0.262068
0.248749
0.236312
0.224727
0.213965
0.204
0.194804
0.186346
0.178592
0.171506
0.165049
0.159181
0.15386
0.149047
0.1447
0.140781
0.137252
0.13408
0.131231
0.128675
0.126385
0.124335
0.122501
0.120862
0.119399
0.118094
0.116931
0.115897
0.114977
0.11416
0.113435
0.112792
0.112224
0.111721
0.111277
0.110884
0.110539
0.110234
0.109967
0.109731
0.109524
0.109342
0.109183
0.109042
0.108919
0.108811
0.108716
0.108633
0.108559
0.108494
0.108437
0.108386
0.108341
0.108301
0.108265
0.108233
0.108204
0.108178
0.108155
0.108133
0.108114
0.108095
0.108079
0.108063
0.108049
0.108036
0.108023
0.108011
0.108
0.10799
0.10798
0.107971
0.107963
0.107955
0.107949
0.107943
0.107938
0.107935
0.107932
0.961695
0.89218
0.829053
0.771643
0.719353
0.671649
0.628056
0.588149
0.551547
0.517912
0.486938
0.458353
0.431915
0.407405
0.384632
0.363427
0.343641
0.325148
0.307839
0.291625
0.276434
0.262207
0.248898
0.236469
0.224891
0.214134
0.204171
0.194976
0.186516
0.178759
0.171668
0.165206
0.159331
0.154003
0.149182
0.144827
0.1409
0.137364
0.134184
0.131327
0.128764
0.126466
0.124409
0.122569
0.120924
0.119455
0.118145
0.116978
0.115939
0.115015
0.114194
0.113465
0.112819
0.112248
0.111742
0.111295
0.110901
0.110553
0.110247
0.109978
0.10974
0.109532
0.109349
0.109188
0.109047
0.108923
0.108815
0.108719
0.108635
0.108561
0.108496
0.108438
0.108387
0.108342
0.108301
0.108265
0.108233
0.108204
0.108178
0.108154
0.108133
0.108113
0.108095
0.108078
0.108063
0.108049
0.108035
0.108023
0.108011
0.108
0.10799
0.10798
0.107971
0.107963
0.107956
0.107949
0.107943
0.107938
0.107935
0.107933
0.961694
0.892179
0.829051
0.771642
0.719352
0.67165
0.628059
0.588155
0.551558
0.517927
0.486959
0.458382
0.431951
0.407451
0.384688
0.363493
0.343719
0.325237
0.307941
0.291739
0.27656
0.262344
0.249044
0.236624
0.225052
0.2143
0.20434
0.195145
0.186684
0.178924
0.17183
0.165361
0.15948
0.154146
0.149317
0.144954
0.141019
0.137475
0.134287
0.131423
0.128852
0.126548
0.124484
0.122637
0.120986
0.119512
0.118197
0.117025
0.115981
0.115052
0.114228
0.113495
0.112846
0.112272
0.111763
0.111314
0.110917
0.110568
0.11026
0.109988
0.10975
0.10954
0.109356
0.109194
0.109052
0.108927
0.108818
0.108721
0.108637
0.108562
0.108497
0.108439
0.108387
0.108342
0.108301
0.108265
0.108233
0.108204
0.108177
0.108154
0.108132
0.108112
0.108094
0.108078
0.108062
0.108048
0.108035
0.108022
0.108011
0.108
0.10799
0.10798
0.107971
0.107963
0.107956
0.107949
0.107943
0.107939
0.107935
0.107933
0.961694
0.892177
0.82905
0.77164
0.719351
0.671651
0.628062
0.588161
0.551567
0.517942
0.48698
0.458409
0.431986
0.407494
0.384741
0.363557
0.343794
0.325324
0.308039
0.29185
0.276683
0.262478
0.249188
0.236776
0.225211
0.214463
0.204506
0.195312
0.18685
0.179088
0.171989
0.165516
0.159629
0.154287
0.149451
0.145081
0.141138
0.137586
0.13439
0.131518
0.12894
0.126629
0.124558
0.122705
0.121049
0.119569
0.118248
0.117071
0.116023
0.11509
0.114261
0.113526
0.112873
0.112296
0.111784
0.111333
0.110934
0.110582
0.110272
0.109999
0.109759
0.109548
0.109362
0.1092
0.109057
0.108931
0.108821
0.108724
0.108639
0.108564
0.108497
0.108439
0.108387
0.108342
0.108301
0.108265
0.108232
0.108203
0.108177
0.108153
0.108131
0.108112
0.108094
0.108077
0.108062
0.108048
0.108034
0.108022
0.10801
0.108
0.107989
0.10798
0.107971
0.107963
0.107956
0.107949
0.107943
0.107939
0.107935
0.107933
0.961694
0.892176
0.829048
0.771639
0.719351
0.671651
0.628064
0.588166
0.551577
0.517955
0.486999
0.458435
0.432019
0.407536
0.384792
0.363618
0.343866
0.325408
0.308135
0.291958
0.276802
0.262608
0.249328
0.236925
0.225366
0.214623
0.20467
0.195476
0.187014
0.179249
0.172146
0.165668
0.159775
0.154427
0.149583
0.145205
0.141255
0.137695
0.134492
0.131613
0.129028
0.126709
0.124632
0.122773
0.12111
0.119625
0.118299
0.117117
0.116064
0.115127
0.114295
0.113556
0.1129
0.112319
0.111805
0.111351
0.11095
0.110596
0.110284
0.11001
0.109768
0.109556
0.109369
0.109205
0.109061
0.108935
0.108824
0.108726
0.10864
0.108565
0.108498
0.108439
0.108388
0.108341
0.108301
0.108264
0.108232
0.108202
0.108176
0.108152
0.108131
0.108111
0.108093
0.108076
0.108061
0.108047
0.108034
0.108021
0.10801
0.107999
0.107989
0.10798
0.107971
0.107963
0.107956
0.107949
0.107943
0.107939
0.107935
0.107933
0.961693
0.892175
0.829047
0.771637
0.71935
0.671651
0.628067
0.588171
0.551585
0.517968
0.487017
0.458459
0.432051
0.407576
0.384841
0.363677
0.343936
0.325489
0.308228
0.292063
0.276918
0.262734
0.249464
0.237069
0.225517
0.21478
0.204829
0.195637
0.187174
0.179407
0.1723
0.165817
0.159918
0.154564
0.149714
0.145328
0.14137
0.137803
0.134592
0.131706
0.129114
0.126789
0.124705
0.12284
0.121171
0.119681
0.11835
0.117163
0.116105
0.115165
0.114328
0.113585
0.112926
0.112343
0.111826
0.111369
0.110966
0.11061
0.110296
0.11002
0.109777
0.109563
0.109375
0.10921
0.109065
0.108938
0.108826
0.108728
0.108642
0.108566
0.108499
0.10844
0.108387
0.108341
0.1083
0.108263
0.108231
0.108201
0.108175
0.108151
0.108129
0.10811
0.108092
0.108075
0.10806
0.108046
0.108033
0.10802
0.108009
0.107998
0.107988
0.107979
0.10797
0.107963
0.107955
0.107949
0.107943
0.107939
0.107935
0.107933
0.961693
0.892174
0.829045
0.771636
0.719349
0.671651
0.628069
0.588176
0.551593
0.51798
0.487034
0.458482
0.432081
0.407614
0.384888
0.363734
0.344003
0.325567
0.308318
0.292163
0.27703
0.262857
0.249597
0.23721
0.225665
0.214932
0.204984
0.195794
0.18733
0.179561
0.172451
0.165964
0.160059
0.154698
0.149841
0.145449
0.141484
0.137909
0.134691
0.131798
0.129199
0.126867
0.124777
0.122906
0.121232
0.119735
0.118399
0.117208
0.116146
0.115201
0.114361
0.113615
0.112952
0.112366
0.111846
0.111387
0.110981
0.110623
0.110308
0.11003
0.109785
0.10957
0.109381
0.109215
0.109069
0.108941
0.108829
0.10873
0.108643
0.108566
0.108499
0.10844
0.108387
0.108341
0.108299
0.108263
0.10823
0.1082
0.108174
0.10815
0.108128
0.108109
0.108091
0.108074
0.108059
0.108045
0.108032
0.10802
0.108008
0.107998
0.107988
0.107979
0.10797
0.107962
0.107955
0.107949
0.107943
0.107939
0.107935
0.107933
0.961692
0.892173
0.829044
0.771634
0.719348
0.671652
0.62807
0.58818
0.5516
0.517992
0.48705
0.458504
0.43211
0.40765
0.384933
0.363788
0.344067
0.325642
0.308404
0.292261
0.277138
0.262975
0.249724
0.237346
0.225807
0.21508
0.205135
0.195946
0.187482
0.179711
0.172598
0.166106
0.160197
0.15483
0.149966
0.145567
0.141595
0.138014
0.134789
0.131888
0.129283
0.126944
0.124848
0.122971
0.121291
0.119789
0.118448
0.117252
0.116186
0.115237
0.114393
0.113643
0.112978
0.112388
0.111866
0.111405
0.110997
0.110637
0.110319
0.11004
0.109794
0.109577
0.109387
0.10922
0.109073
0.108944
0.108831
0.108731
0.108644
0.108567
0.108499
0.10844
0.108387
0.10834
0.108298
0.108262
0.108229
0.108199
0.108173
0.108149
0.108127
0.108107
0.108089
0.108073
0.108058
0.108044
0.108031
0.108019
0.108007
0.107997
0.107987
0.107978
0.107969
0.107962
0.107955
0.107948
0.107943
0.107938
0.107935
0.107933
0.961692
0.892172
0.829042
0.771633
0.719347
0.671652
0.628072
0.588184
0.551607
0.518002
0.487066
0.458525
0.432137
0.407685
0.384976
0.36384
0.344129
0.325714
0.308486
0.292354
0.277242
0.26309
0.249848
0.237477
0.225945
0.215222
0.205281
0.196094
0.18763
0.179857
0.172741
0.166245
0.160331
0.154958
0.150089
0.145683
0.141704
0.138115
0.134884
0.131976
0.129364
0.12702
0.124918
0.123034
0.121349
0.119842
0.118496
0.117296
0.116225
0.115272
0.114425
0.113672
0.113003
0.112411
0.111886
0.111422
0.111012
0.11065
0.11033
0.110049
0.109802
0.109584
0.109393
0.109224
0.109077
0.108947
0.108833
0.108733
0.108645
0.108568
0.108499
0.108439
0.108386
0.108339
0.108297
0.10826
0.108227
0.108198
0.108171
0.108147
0.108126
0.108106
0.108088
0.108071
0.108056
0.108042
0.108029
0.108017
0.108006
0.107996
0.107986
0.107977
0.107969
0.107961
0.107954
0.107948
0.107942
0.107938
0.107935
0.107932
0.961691
0.892171
0.829041
0.771632
0.719346
0.671652
0.628074
0.588187
0.551614
0.518012
0.48708
0.458545
0.432163
0.407718
0.385017
0.36389
0.344188
0.325783
0.308566
0.292444
0.277342
0.263199
0.249966
0.237604
0.226078
0.21536
0.205423
0.196237
0.187773
0.179999
0.17288
0.16638
0.160461
0.155083
0.150207
0.145795
0.14181
0.138215
0.134976
0.132063
0.129444
0.127093
0.124985
0.123096
0.121406
0.119894
0.118543
0.117338
0.116264
0.115307
0.114456
0.113699
0.113028
0.112432
0.111905
0.111438
0.111026
0.110662
0.110341
0.110058
0.109809
0.10959
0.109398
0.109229
0.10908
0.10895
0.108835
0.108734
0.108646
0.108568
0.108499
0.108439
0.108385
0.108338
0.108296
0.108259
0.108226
0.108196
0.10817
0.108146
0.108124
0.108104
0.108086
0.10807
0.108055
0.108041
0.108028
0.108016
0.108005
0.107995
0.107985
0.107976
0.107968
0.10796
0.107953
0.107947
0.107942
0.107937
0.107934
0.107932
0.961691
0.89217
0.82904
0.77163
0.719345
0.671652
0.628075
0.588191
0.55162
0.518022
0.487094
0.458563
0.432187
0.407749
0.385055
0.363937
0.344244
0.325849
0.308641
0.29253
0.277438
0.263304
0.25008
0.237725
0.226206
0.215493
0.205559
0.196374
0.187911
0.180135
0.173014
0.166511
0.160587
0.155204
0.150322
0.145904
0.141912
0.138311
0.135066
0.132146
0.129522
0.127165
0.125051
0.123157
0.121461
0.119944
0.118589
0.11738
0.116301
0.11534
0.114486
0.113726
0.113051
0.112453
0.111924
0.111455
0.11104
0.110674
0.110352
0.110067
0.109817
0.109597
0.109403
0.109233
0.109083
0.108952
0.108837
0.108735
0.108646
0.108568
0.108499
0.108438
0.108385
0.108337
0.108295
0.108258
0.108224
0.108195
0.108168
0.108144
0.108122
0.108103
0.108085
0.108068
0.108053
0.10804
0.108027
0.108015
0.108004
0.107994
0.107984
0.107975
0.107967
0.10796
0.107953
0.107947
0.107941
0.107937
0.107934
0.107932
0.961691
0.892169
0.829038
0.771629
0.719344
0.671651
0.628076
0.588194
0.551625
0.518031
0.487107
0.458581
0.432211
0.407779
0.385092
0.363981
0.344297
0.325911
0.308713
0.292611
0.277529
0.263405
0.250189
0.237842
0.226329
0.215621
0.205689
0.196507
0.188043
0.180267
0.173144
0.166637
0.160709
0.155321
0.150434
0.14601
0.142012
0.138404
0.135153
0.132228
0.129597
0.127235
0.125115
0.123216
0.121515
0.119993
0.118634
0.11742
0.116337
0.115373
0.114515
0.113752
0.113075
0.112474
0.111942
0.11147
0.111054
0.110686
0.110362
0.110076
0.109824
0.109603
0.109408
0.109237
0.109086
0.108954
0.108838
0.108736
0.108647
0.108568
0.108499
0.108438
0.108384
0.108336
0.108294
0.108256
0.108223
0.108193
0.108166
0.108142
0.108121
0.108101
0.108083
0.108067
0.108052
0.108038
0.108025
0.108014
0.108003
0.107993
0.107983
0.107974
0.107966
0.107959
0.107952
0.107946
0.107941
0.107936
0.107933
0.107931
0.96169
0.892168
0.829037
0.771628
0.719343
0.671651
0.628077
0.588197
0.551631
0.518039
0.487119
0.458598
0.432233
0.407807
0.385127
0.364024
0.344348
0.325971
0.308782
0.292689
0.277616
0.263501
0.250294
0.237953
0.226446
0.215743
0.205815
0.196634
0.188171
0.180394
0.173268
0.166758
0.160826
0.155433
0.150541
0.146112
0.142108
0.138495
0.135238
0.132306
0.12967
0.127302
0.125177
0.123273
0.121567
0.120041
0.118677
0.117459
0.116373
0.115405
0.114543
0.113777
0.113097
0.112494
0.111959
0.111486
0.111067
0.110698
0.110372
0.110084
0.109831
0.109608
0.109413
0.10924
0.109089
0.108956
0.10884
0.108737
0.108647
0.108568
0.108498
0.108437
0.108383
0.108335
0.108292
0.108255
0.108221
0.108191
0.108165
0.108141
0.108119
0.108099
0.108081
0.108065
0.10805
0.108037
0.108024
0.108012
0.108001
0.107991
0.107982
0.107973
0.107965
0.107958
0.107951
0.107945
0.10794
0.107936
0.107932
0.10793
0.96169
0.892167
0.829036
0.771627
0.719342
0.671651
0.628078
0.5882
0.551636
0.518047
0.48713
0.458614
0.432253
0.407833
0.38516
0.364064
0.344396
0.326028
0.308847
0.292764
0.277699
0.263593
0.250393
0.238059
0.226558
0.215859
0.205935
0.196756
0.188293
0.180515
0.173388
0.166875
0.160939
0.155541
0.150644
0.14621
0.142201
0.138582
0.135319
0.132382
0.12974
0.127367
0.125237
0.123327
0.121617
0.120087
0.118718
0.117497
0.116407
0.115435
0.114571
0.113802
0.113119
0.112513
0.111976
0.1115
0.11108
0.110709
0.110381
0.110092
0.109838
0.109614
0.109417
0.109244
0.109092
0.108958
0.108841
0.108738
0.108647
0.108568
0.108498
0.108436
0.108382
0.108334
0.108291
0.108253
0.10822
0.10819
0.108163
0.108139
0.108117
0.108097
0.10808
0.108063
0.108049
0.108035
0.108022
0.108011
0.108
0.10799
0.107981
0.107972
0.107964
0.107957
0.10795
0.107944
0.107939
0.107935
0.107932
0.10793
0.96169
0.892167
0.829035
0.771626
0.719342
0.671651
0.628079
0.588202
0.55164
0.518055
0.487141
0.458628
0.432273
0.407858
0.385191
0.364102
0.344442
0.326081
0.308909
0.292834
0.277778
0.263679
0.250487
0.238161
0.226665
0.215971
0.206049
0.196872
0.18841
0.180631
0.173502
0.166986
0.161046
0.155645
0.150743
0.146304
0.142289
0.138665
0.135397
0.132455
0.129808
0.127429
0.125295
0.12338
0.121665
0.120131
0.118759
0.117533
0.116439
0.115465
0.114597
0.113825
0.11314
0.112531
0.111992
0.111515
0.111092
0.110719
0.11039
0.1101
0.109844
0.109619
0.109421
0.109247
0.109094
0.10896
0.108842
0.108739
0.108648
0.108568
0.108497
0.108435
0.108381
0.108332
0.10829
0.108252
0.108218
0.108188
0.108161
0.108137
0.108115
0.108096
0.108078
0.108062
0.108047
0.108033
0.108021
0.108009
0.107999
0.107989
0.107979
0.107971
0.107963
0.107956
0.107949
0.107943
0.107938
0.107934
0.107931
0.107929
0.96169
0.892166
0.829034
0.771625
0.719341
0.671651
0.62808
0.588204
0.551645
0.518062
0.487151
0.458642
0.432291
0.407882
0.385221
0.364138
0.344485
0.326132
0.308968
0.292901
0.277853
0.263762
0.250577
0.238256
0.226766
0.216076
0.206158
0.196982
0.188521
0.180742
0.173611
0.167092
0.161149
0.155744
0.150838
0.146394
0.142374
0.138745
0.135472
0.132524
0.129872
0.127489
0.12535
0.123431
0.121712
0.120173
0.118797
0.117568
0.116471
0.115493
0.114622
0.113848
0.11316
0.112549
0.112008
0.111528
0.111104
0.110729
0.110399
0.110107
0.10985
0.109624
0.109425
0.10925
0.109097
0.108962
0.108843
0.108739
0.108648
0.108567
0.108497
0.108434
0.108379
0.108331
0.108288
0.10825
0.108216
0.108186
0.108159
0.108135
0.108113
0.108094
0.108076
0.10806
0.108045
0.108032
0.108019
0.108008
0.107997
0.107987
0.107978
0.10797
0.107962
0.107955
0.107948
0.107942
0.107937
0.107933
0.10793
0.107928
0.961689
0.892165
0.829033
0.771624
0.71934
0.671651
0.628081
0.588207
0.551649
0.518068
0.487161
0.458655
0.432309
0.407904
0.385249
0.364172
0.344526
0.326179
0.309023
0.292963
0.277923
0.26384
0.250661
0.238347
0.226862
0.216176
0.206261
0.197087
0.188626
0.180847
0.173714
0.167193
0.161248
0.155838
0.150928
0.14648
0.142456
0.138821
0.135544
0.132591
0.129934
0.127547
0.125403
0.12348
0.121756
0.120214
0.118834
0.117601
0.116501
0.11552
0.114647
0.113869
0.113179
0.112566
0.112022
0.111541
0.111115
0.110739
0.110407
0.110114
0.109856
0.109629
0.109429
0.109253
0.109099
0.108963
0.108844
0.10874
0.108648
0.108567
0.108496
0.108433
0.108378
0.108329
0.108286
0.108248
0.108214
0.108184
0.108157
0.108133
0.108111
0.108092
0.108074
0.108058
0.108043
0.10803
0.108018
0.108006
0.107996
0.107986
0.107977
0.107969
0.107961
0.107954
0.107947
0.107942
0.107937
0.107933
0.107929
0.107927
0.961689
0.892165
0.829032
0.771623
0.719339
0.671651
0.628082
0.588209
0.551653
0.518074
0.48717
0.458668
0.432325
0.407925
0.385275
0.364204
0.344564
0.326224
0.309075
0.293023
0.27799
0.263913
0.250741
0.238433
0.226953
0.216271
0.206358
0.197187
0.188726
0.180946
0.173812
0.167289
0.161341
0.155928
0.151014
0.146561
0.142533
0.138894
0.135612
0.132654
0.129993
0.127601
0.125453
0.123526
0.121799
0.120252
0.118869
0.117633
0.11653
0.115546
0.11467
0.11389
0.113197
0.112582
0.112037
0.111553
0.111126
0.110748
0.110415
0.11012
0.109861
0.109633
0.109432
0.109256
0.109101
0.108965
0.108845
0.10874
0.108648
0.108566
0.108495
0.108432
0.108377
0.108328
0.108285
0.108247
0.108213
0.108182
0.108155
0.108131
0.10811
0.10809
0.108072
0.108056
0.108042
0.108028
0.108016
0.108005
0.107994
0.107985
0.107976
0.107967
0.10796
0.107953
0.107946
0.107941
0.107936
0.107932
0.107929
0.107927
0.961689
0.892164
0.829032
0.771622
0.719339
0.671651
0.628083
0.588211
0.551656
0.51808
0.487178
0.458679
0.43234
0.407944
0.385299
0.364234
0.344599
0.326266
0.309124
0.293078
0.278052
0.263982
0.250816
0.238514
0.227038
0.21636
0.20645
0.19728
0.188821
0.18104
0.173905
0.16738
0.161429
0.156013
0.151095
0.146638
0.142606
0.138963
0.135676
0.132715
0.130049
0.127653
0.125501
0.12357
0.121839
0.120289
0.118902
0.117663
0.116557
0.115571
0.114692
0.11391
0.113215
0.112597
0.11205
0.111565
0.111136
0.110757
0.110422
0.110127
0.109866
0.109637
0.109436
0.109258
0.109103
0.108966
0.108846
0.10874
0.108647
0.108566
0.108494
0.108431
0.108376
0.108327
0.108283
0.108245
0.108211
0.108181
0.108154
0.108129
0.108108
0.108088
0.10807
0.108054
0.10804
0.108027
0.108014
0.108003
0.107993
0.107983
0.107974
0.107966
0.107958
0.107952
0.107945
0.10794
0.107935
0.107931
0.107928
0.107926
0.961689
0.892163
0.829031
0.771621
0.719338
0.67165
0.628083
0.588213
0.55166
0.518085
0.487186
0.45869
0.432354
0.407963
0.385322
0.364262
0.344633
0.326306
0.309169
0.29313
0.27811
0.264046
0.250887
0.238589
0.227118
0.216444
0.206536
0.197368
0.188909
0.181128
0.173992
0.167465
0.161511
0.156093
0.151172
0.146711
0.142675
0.139028
0.135737
0.132771
0.130102
0.127702
0.125546
0.123611
0.121877
0.120324
0.118934
0.117692
0.116583
0.115594
0.114713
0.113928
0.113231
0.112612
0.112063
0.111576
0.111146
0.110765
0.110429
0.110132
0.109871
0.109641
0.109439
0.109261
0.109104
0.108967
0.108846
0.10874
0.108647
0.108565
0.108493
0.10843
0.108374
0.108325
0.108282
0.108243
0.108209
0.108179
0.108152
0.108128
0.108106
0.108086
0.108069
0.108053
0.108038
0.108025
0.108013
0.108002
0.107991
0.107982
0.107973
0.107965
0.107957
0.10795
0.107944
0.107939
0.107934
0.10793
0.107927
0.107925
0.961688
0.892163
0.82903
0.77162
0.719338
0.67165
0.628084
0.588214
0.551663
0.51809
0.487193
0.4587
0.432368
0.407979
0.385343
0.364287
0.344664
0.326342
0.309212
0.293179
0.278165
0.264107
0.250952
0.23866
0.227193
0.216522
0.206617
0.19745
0.188992
0.181211
0.174074
0.167545
0.161589
0.156168
0.151244
0.146779
0.142739
0.139089
0.135794
0.132825
0.130152
0.127748
0.125589
0.12365
0.121913
0.120357
0.118964
0.117719
0.116607
0.115616
0.114732
0.113946
0.113246
0.112625
0.112075
0.111587
0.111155
0.110773
0.110435
0.110138
0.109876
0.109645
0.109442
0.109263
0.109106
0.108968
0.108847
0.10874
0.108647
0.108565
0.108493
0.108429
0.108373
0.108324
0.10828
0.108242
0.108207
0.108177
0.10815
0.108126
0.108104
0.108085
0.108067
0.108051
0.108037
0.108023
0.108011
0.108
0.10799
0.10798
0.107972
0.107964
0.107956
0.107949
0.107943
0.107938
0.107933
0.107929
0.107926
0.107924
0.961688
0.892162
0.829029
0.77162
0.719337
0.67165
0.628084
0.588216
0.551666
0.518095
0.4872
0.458709
0.43238
0.407995
0.385362
0.364311
0.344693
0.326376
0.309251
0.293223
0.278215
0.264162
0.251013
0.238725
0.227263
0.216595
0.206692
0.197527
0.189069
0.181288
0.17415
0.16762
0.161662
0.156238
0.151311
0.146843
0.1428
0.139146
0.135848
0.132875
0.130198
0.127791
0.125628
0.123687
0.121946
0.120387
0.118992
0.117744
0.11663
0.115636
0.11475
0.113962
0.113261
0.112638
0.112086
0.111596
0.111163
0.11078
0.110441
0.110143
0.10988
0.109648
0.109444
0.109265
0.109107
0.108969
0.108847
0.10874
0.108647
0.108564
0.108492
0.108428
0.108372
0.108322
0.108279
0.10824
0.108206
0.108175
0.108148
0.108124
0.108102
0.108083
0.108065
0.108049
0.108035
0.108022
0.10801
0.107999
0.107989
0.107979
0.10797
0.107962
0.107955
0.107948
0.107942
0.107937
0.107932
0.107928
0.107925
0.107923
0.961688
0.892162
0.829029
0.771619
0.719337
0.67165
0.628085
0.588217
0.551668
0.518099
0.487206
0.458718
0.432391
0.40801
0.385381
0.364334
0.344719
0.326407
0.309287
0.293265
0.278262
0.264214
0.25107
0.238786
0.227327
0.216662
0.206762
0.197598
0.189141
0.18136
0.174221
0.167689
0.161729
0.156303
0.151373
0.146903
0.142856
0.139199
0.135898
0.132922
0.130242
0.127831
0.125665
0.123721
0.121978
0.120416
0.119018
0.117768
0.116651
0.115655
0.114768
0.113977
0.113274
0.11265
0.112096
0.111605
0.111171
0.110787
0.110447
0.110148
0.109884
0.109651
0.109447
0.109267
0.109108
0.10897
0.108847
0.10874
0.108646
0.108564
0.108491
0.108427
0.108371
0.108321
0.108277
0.108239
0.108204
0.108174
0.108147
0.108122
0.108101
0.108081
0.108064
0.108048
0.108033
0.10802
0.108008
0.107997
0.107987
0.107978
0.107969
0.107961
0.107954
0.107947
0.107941
0.107936
0.107931
0.107927
0.107924
0.107922
0.961688
0.892162
0.829028
0.771619
0.719336
0.67165
0.628085
0.588219
0.551671
0.518103
0.487212
0.458725
0.432401
0.408023
0.385397
0.364354
0.344743
0.326436
0.309321
0.293303
0.278305
0.264262
0.251121
0.238842
0.227386
0.216724
0.206826
0.197663
0.189207
0.181425
0.174286
0.167753
0.161791
0.156363
0.151431
0.146958
0.142908
0.139248
0.135944
0.132965
0.130282
0.127869
0.1257
0.123753
0.122007
0.120442
0.119042
0.11779
0.116671
0.115673
0.114783
0.113991
0.113287
0.112661
0.112106
0.111614
0.111178
0.110793
0.110452
0.110152
0.109887
0.109654
0.109449
0.109268
0.10911
0.10897
0.108848
0.10874
0.108646
0.108563
0.10849
0.108426
0.10837
0.10832
0.108276
0.108237
0.108203
0.108172
0.108145
0.108121
0.108099
0.10808
0.108062
0.108046
0.108032
0.108019
0.108007
0.107996
0.107986
0.107977
0.107968
0.10796
0.107953
0.107946
0.10794
0.107935
0.10793
0.107927
0.107924
0.107922
0.961688
0.892161
0.829028
0.771618
0.719336
0.67165
0.628086
0.58822
0.551673
0.518106
0.487217
0.458732
0.432411
0.408035
0.385412
0.364372
0.344766
0.326462
0.309351
0.293338
0.278344
0.264305
0.251169
0.238892
0.22744
0.21678
0.206884
0.197723
0.189267
0.181486
0.174346
0.167812
0.161848
0.156418
0.151483
0.147008
0.142956
0.139293
0.135986
0.133004
0.130319
0.127903
0.125731
0.123782
0.122033
0.120466
0.119064
0.11781
0.116689
0.115689
0.114798
0.114004
0.113298
0.112671
0.112115
0.111621
0.111185
0.110798
0.110457
0.110156
0.10989
0.109657
0.109451
0.10927
0.109111
0.108971
0.108848
0.10874
0.108646
0.108562
0.108489
0.108425
0.108368
0.108319
0.108275
0.108236
0.108201
0.108171
0.108144
0.108119
0.108098
0.108078
0.108061
0.108045
0.108031
0.108018
0.108006
0.107995
0.107985
0.107976
0.107967
0.107959
0.107952
0.107945
0.107939
0.107934
0.10793
0.107926
0.107923
0.107921
0.961688
0.892161
0.829027
0.771618
0.719336
0.67165
0.628086
0.588221
0.551675
0.51811
0.487221
0.458739
0.432419
0.408046
0.385426
0.364389
0.344786
0.326486
0.309379
0.293369
0.278379
0.264344
0.251212
0.238939
0.227489
0.216832
0.206937
0.197777
0.189322
0.181541
0.1744
0.167865
0.1619
0.156468
0.151531
0.147054
0.143
0.139334
0.136025
0.13304
0.130352
0.127934
0.12576
0.123808
0.122058
0.120489
0.119084
0.117828
0.116706
0.115704
0.114811
0.114016
0.113309
0.11268
0.112123
0.111628
0.111191
0.110803
0.110461
0.110159
0.109893
0.109659
0.109452
0.109271
0.109111
0.108971
0.108848
0.10874
0.108645
0.108562
0.108489
0.108424
0.108367
0.108317
0.108273
0.108234
0.1082
0.108169
0.108142
0.108118
0.108096
0.108077
0.108059
0.108044
0.108029
0.108016
0.108004
0.107994
0.107984
0.107974
0.107966
0.107958
0.107951
0.107945
0.107939
0.107933
0.107929
0.107925
0.107922
0.10792
0.961688
0.892161
0.829027
0.771617
0.719335
0.67165
0.628087
0.588222
0.551677
0.518112
0.487225
0.458745
0.432427
0.408055
0.385438
0.364404
0.344804
0.326507
0.309403
0.293397
0.278411
0.264379
0.25125
0.23898
0.227533
0.216878
0.206985
0.197826
0.189371
0.18159
0.174449
0.167913
0.161947
0.156513
0.151575
0.147095
0.143039
0.139371
0.136059
0.133073
0.130382
0.127962
0.125786
0.123832
0.122079
0.120509
0.119102
0.117844
0.116721
0.115717
0.114823
0.114027
0.113318
0.112689
0.11213
0.111635
0.111196
0.110808
0.110465
0.110163
0.109896
0.109661
0.109454
0.109272
0.109112
0.108972
0.108848
0.10874
0.108645
0.108561
0.108488
0.108423
0.108366
0.108316
0.108272
0.108233
0.108199
0.108168
0.108141
0.108117
0.108095
0.108076
0.108058
0.108042
0.108028
0.108015
0.108003
0.107992
0.107983
0.107973
0.107965
0.107957
0.10795
0.107944
0.107938
0.107933
0.107928
0.107924
0.107921
0.107919
0.961687
0.89216
0.829027
0.771617
0.719335
0.67165
0.628087
0.588223
0.551678
0.518115
0.487229
0.45875
0.432433
0.408064
0.385449
0.364417
0.34482
0.326526
0.309425
0.293422
0.278439
0.26441
0.251284
0.239017
0.227572
0.216919
0.207027
0.197869
0.189415
0.181634
0.174492
0.167955
0.161988
0.156553
0.151613
0.147132
0.143073
0.139404
0.13609
0.133102
0.130409
0.127987
0.125809
0.123853
0.122099
0.120526
0.119118
0.117859
0.116734
0.115729
0.114834
0.114036
0.113327
0.112696
0.112136
0.11164
0.111201
0.110812
0.110469
0.110166
0.109898
0.109663
0.109455
0.109273
0.109113
0.108972
0.108848
0.10874
0.108644
0.108561
0.108487
0.108422
0.108366
0.108315
0.108271
0.108232
0.108198
0.108167
0.10814
0.108115
0.108094
0.108074
0.108057
0.108041
0.108027
0.108014
0.108002
0.107991
0.107982
0.107973
0.107964
0.107957
0.107949
0.107943
0.107937
0.107932
0.107927
0.107924
0.107921
0.107919
0.961687
0.89216
0.829026
0.771616
0.719335
0.67165
0.628087
0.588223
0.55168
0.518117
0.487232
0.458754
0.432439
0.408072
0.385458
0.364429
0.344834
0.326543
0.309444
0.293444
0.278463
0.264438
0.251314
0.239049
0.227606
0.216954
0.207064
0.197907
0.189453
0.181672
0.17453
0.167993
0.162024
0.156588
0.151647
0.147164
0.143104
0.139433
0.136117
0.133127
0.130433
0.128009
0.125829
0.123872
0.122116
0.120542
0.119133
0.117872
0.116745
0.11574
0.114843
0.114044
0.113334
0.112702
0.112142
0.111645
0.111205
0.110816
0.110472
0.110168
0.1099
0.109664
0.109457
0.109274
0.109113
0.108972
0.108848
0.10874
0.108644
0.10856
0.108487
0.108422
0.108365
0.108315
0.10827
0.108231
0.108197
0.108166
0.108139
0.108114
0.108093
0.108073
0.108056
0.10804
0.108026
0.108013
0.108001
0.107991
0.107981
0.107972
0.107963
0.107956
0.107949
0.107942
0.107936
0.107931
0.107927
0.107923
0.10792
0.107918
0.961687
0.89216
0.829026
0.771616
0.719335
0.67165
0.628087
0.588224
0.551681
0.518119
0.487235
0.458758
0.432444
0.408078
0.385466
0.364439
0.344845
0.326557
0.30946
0.293463
0.278484
0.264461
0.251339
0.239076
0.227635
0.216985
0.207096
0.197939
0.189486
0.181704
0.174562
0.168024
0.162055
0.156618
0.151675
0.147191
0.14313
0.139457
0.13614
0.133148
0.130453
0.128027
0.125847
0.123888
0.122131
0.120555
0.119145
0.117883
0.116755
0.115749
0.114851
0.114052
0.11334
0.112708
0.112147
0.111649
0.111209
0.110819
0.110474
0.11017
0.109902
0.109666
0.109458
0.109275
0.109114
0.108973
0.108848
0.10874
0.108644
0.10856
0.108486
0.108421
0.108364
0.108314
0.108269
0.10823
0.108196
0.108165
0.108138
0.108113
0.108092
0.108072
0.108055
0.108039
0.108025
0.108012
0.108001
0.10799
0.10798
0.107971
0.107963
0.107955
0.107948
0.107942
0.107936
0.107931
0.107926
0.107923
0.10792
0.107918
0.961687
0.89216
0.829026
0.771616
0.719334
0.67165
0.628088
0.588224
0.551682
0.51812
0.487237
0.458761
0.432448
0.408083
0.385473
0.364447
0.344855
0.326568
0.309474
0.293478
0.278502
0.26448
0.25136
0.239099
0.227659
0.21701
0.207122
0.197966
0.189513
0.181732
0.174589
0.168051
0.162081
0.156643
0.151699
0.147214
0.143152
0.139478
0.13616
0.133167
0.13047
0.128043
0.125861
0.123901
0.122143
0.120566
0.119155
0.117892
0.116764
0.115756
0.114858
0.114057
0.113345
0.112713
0.112151
0.111653
0.111211
0.110821
0.110476
0.110172
0.109903
0.109667
0.109458
0.109275
0.109114
0.108973
0.108848
0.108739
0.108644
0.108559
0.108485
0.108421
0.108363
0.108313
0.108269
0.10823
0.108195
0.108164
0.108137
0.108113
0.108091
0.108072
0.108054
0.108038
0.108024
0.108011
0.108
0.107989
0.107979
0.10797
0.107962
0.107955
0.107948
0.107941
0.107935
0.10793
0.107926
0.107922
0.107919
0.107917
0.961687
0.89216
0.829026
0.771616
0.719334
0.67165
0.628088
0.588225
0.551683
0.518122
0.487239
0.458763
0.432452
0.408088
0.385478
0.364453
0.344863
0.326577
0.309485
0.29349
0.278516
0.264496
0.251377
0.239117
0.227679
0.217031
0.207143
0.197988
0.189535
0.181753
0.174611
0.168072
0.162102
0.156663
0.151719
0.147233
0.143169
0.139494
0.136175
0.133181
0.130483
0.128055
0.125873
0.123912
0.122152
0.120575
0.119163
0.117899
0.11677
0.115762
0.114863
0.114062
0.11335
0.112716
0.112154
0.111655
0.111214
0.110823
0.110478
0.110173
0.109904
0.109668
0.109459
0.109276
0.109114
0.108973
0.108848
0.108739
0.108643
0.108559
0.108485
0.10842
0.108363
0.108312
0.108268
0.108229
0.108194
0.108164
0.108136
0.108112
0.10809
0.108071
0.108054
0.108038
0.108024
0.108011
0.107999
0.107989
0.107979
0.10797
0.107962
0.107954
0.107947
0.107941
0.107935
0.10793
0.107925
0.107922
0.107919
0.107917
0.961687
0.89216
0.829025
0.771616
0.719334
0.67165
0.628088
0.588225
0.551683
0.518123
0.48724
0.458765
0.432454
0.408091
0.385482
0.364458
0.344869
0.326584
0.309493
0.2935
0.278526
0.264507
0.25139
0.239131
0.227693
0.217046
0.207159
0.198004
0.189551
0.18177
0.174627
0.168088
0.162117
0.156678
0.151733
0.147246
0.143182
0.139506
0.136187
0.133192
0.130493
0.128065
0.125881
0.12392
0.12216
0.120582
0.119169
0.117905
0.116775
0.115766
0.114867
0.114066
0.113353
0.112719
0.112156
0.111657
0.111216
0.110825
0.110479
0.110174
0.109905
0.109668
0.109459
0.109276
0.109115
0.108973
0.108848
0.108739
0.108643
0.108559
0.108485
0.10842
0.108362
0.108312
0.108268
0.108228
0.108194
0.108163
0.108136
0.108111
0.10809
0.10807
0.108053
0.108037
0.108023
0.10801
0.107999
0.107988
0.107978
0.107969
0.107961
0.107954
0.107947
0.10794
0.107935
0.10793
0.107925
0.107922
0.107919
0.107917
0.961687
0.89216
0.829025
0.771616
0.719334
0.67165
0.628088
0.588225
0.551683
0.518123
0.487241
0.458767
0.432456
0.408093
0.385485
0.364461
0.344873
0.326589
0.309498
0.293506
0.278533
0.264515
0.251398
0.23914
0.227703
0.217056
0.207169
0.198015
0.189562
0.181781
0.174638
0.168099
0.162128
0.156688
0.151743
0.147256
0.143191
0.139515
0.136194
0.133199
0.1305
0.128071
0.125887
0.123925
0.122165
0.120586
0.119173
0.117908
0.116778
0.115769
0.11487
0.114068
0.113355
0.112721
0.112158
0.111659
0.111217
0.110825
0.11048
0.110175
0.109906
0.109668
0.10946
0.109276
0.109115
0.108973
0.108848
0.108739
0.108643
0.108559
0.108484
0.108419
0.108362
0.108312
0.108267
0.108228
0.108193
0.108163
0.108135
0.108111
0.108089
0.10807
0.108053
0.108037
0.108023
0.10801
0.107998
0.107988
0.107978
0.107969
0.107961
0.107953
0.107946
0.10794
0.107934
0.107929
0.107925
0.107921
0.107918
0.107916
0.961687
0.89216
0.829025
0.771616
0.719334
0.67165
0.628088
0.588226
0.551684
0.518124
0.487242
0.458767
0.432457
0.408094
0.385486
0.364463
0.344875
0.326591
0.309501
0.293509
0.278537
0.264519
0.251403
0.239144
0.227708
0.217061
0.207175
0.19802
0.189567
0.181786
0.174643
0.168104
0.162133
0.156693
0.151747
0.14726
0.143195
0.139519
0.136198
0.133203
0.130503
0.128074
0.12589
0.123928
0.122167
0.120589
0.119175
0.11791
0.11678
0.115771
0.114871
0.114069
0.113356
0.112721
0.112158
0.111659
0.111217
0.110826
0.11048
0.110175
0.109906
0.109669
0.10946
0.109276
0.109115
0.108973
0.108848
0.108739
0.108643
0.108558
0.108484
0.108419
0.108362
0.108311
0.108267
0.108228
0.108193
0.108162
0.108135
0.108111
0.108089
0.10807
0.108052
0.108037
0.108023
0.10801
0.107998
0.107988
0.107978
0.107969
0.107961
0.107953
0.107946
0.10794
0.107934
0.107929
0.107925
0.107921
0.107918
0.107916
0.961687
0.89216
0.829025
0.771616
0.719334
0.67165
0.628088
0.588226
0.551684
0.518124
0.487242
0.458767
0.432457
0.408094
0.385486
0.364463
0.344875
0.326591
0.309501
0.293509
0.278537
0.264519
0.251403
0.239144
0.227708
0.217061
0.207175
0.19802
0.189567
0.181786
0.174643
0.168104
0.162133
0.156693
0.151747
0.14726
0.143195
0.139519
0.136198
0.133203
0.130503
0.128074
0.12589
0.123928
0.122167
0.120588
0.119175
0.11791
0.11678
0.115771
0.114871
0.114069
0.113355
0.112721
0.112158
0.111659
0.111217
0.110826
0.11048
0.110175
0.109906
0.109668
0.10946
0.109276
0.109114
0.108973
0.108848
0.108739
0.108643
0.108558
0.108484
0.108419
0.108362
0.108311
0.108267
0.108228
0.108193
0.108162
0.108135
0.108111
0.108089
0.10807
0.108052
0.108037
0.108023
0.10801
0.107998
0.107987
0.107978
0.107969
0.107961
0.107953
0.107946
0.10794
0.107934
0.107929
0.107925
0.107921
0.107918
0.107916
0.961687
0.89216
0.829025
0.771616
0.719334
0.67165
0.628088
0.588225
0.551683
0.518123
0.487241
0.458767
0.432456
0.408093
0.385485
0.364462
0.344873
0.326589
0.309498
0.293506
0.278533
0.264515
0.251398
0.23914
0.227703
0.217056
0.207169
0.198015
0.189562
0.181781
0.174638
0.168099
0.162128
0.156688
0.151743
0.147255
0.143191
0.139515
0.136194
0.133199
0.1305
0.128071
0.125887
0.123925
0.122164
0.120586
0.119173
0.117908
0.116778
0.115769
0.114869
0.114068
0.113354
0.11272
0.112157
0.111658
0.111216
0.110825
0.110479
0.110174
0.109905
0.109668
0.109459
0.109276
0.109114
0.108972
0.108848
0.108738
0.108642
0.108558
0.108484
0.108419
0.108362
0.108311
0.108267
0.108228
0.108193
0.108162
0.108135
0.108111
0.108089
0.10807
0.108052
0.108037
0.108023
0.10801
0.107998
0.107988
0.107978
0.107969
0.107961
0.107953
0.107946
0.10794
0.107934
0.107929
0.107925
0.107921
0.107918
0.107916
0.961687
0.89216
0.829025
0.771616
0.719334
0.67165
0.628088
0.588225
0.551683
0.518123
0.487241
0.458765
0.432454
0.408091
0.385482
0.364458
0.344869
0.326584
0.309493
0.2935
0.278526
0.264507
0.25139
0.239131
0.227693
0.217046
0.207159
0.198004
0.189551
0.18177
0.174627
0.168088
0.162117
0.156678
0.151733
0.147246
0.143182
0.139506
0.136186
0.133192
0.130493
0.128064
0.125881
0.123919
0.122159
0.120581
0.119168
0.117904
0.116774
0.115766
0.114866
0.114065
0.113352
0.112718
0.112156
0.111657
0.111215
0.110824
0.110478
0.110173
0.109904
0.109667
0.109459
0.109275
0.109114
0.108972
0.108848
0.108738
0.108642
0.108558
0.108484
0.108419
0.108362
0.108311
0.108267
0.108228
0.108193
0.108162
0.108135
0.108111
0.108089
0.10807
0.108052
0.108037
0.108023
0.10801
0.107998
0.107988
0.107978
0.107969
0.107961
0.107953
0.107946
0.10794
0.107934
0.107929
0.107925
0.107921
0.107918
0.107916
0.961687
0.89216
0.829026
0.771616
0.719334
0.67165
0.628088
0.588225
0.551683
0.518122
0.487239
0.458763
0.432452
0.408088
0.385478
0.364453
0.344863
0.326578
0.309485
0.293491
0.278516
0.264496
0.251377
0.239117
0.227679
0.217031
0.207143
0.197988
0.189535
0.181754
0.174611
0.168072
0.162102
0.156663
0.151719
0.147232
0.143169
0.139494
0.136175
0.133181
0.130483
0.128055
0.125872
0.123911
0.122152
0.120575
0.119162
0.117899
0.116769
0.115761
0.114862
0.114061
0.113349
0.112715
0.112153
0.111654
0.111213
0.110822
0.110477
0.110172
0.109903
0.109666
0.109458
0.109275
0.109113
0.108972
0.108847
0.108738
0.108642
0.108558
0.108484
0.108419
0.108362
0.108312
0.108267
0.108228
0.108193
0.108163
0.108135
0.108111
0.10809
0.10807
0.108053
0.108037
0.108023
0.10801
0.107999
0.107988
0.107978
0.107969
0.107961
0.107954
0.107947
0.10794
0.107935
0.107929
0.107925
0.107921
0.107918
0.107917
0.961687
0.89216
0.829026
0.771616
0.719334
0.67165
0.628088
0.588224
0.551682
0.51812
0.487237
0.458761
0.432449
0.408083
0.385473
0.364447
0.344855
0.326568
0.309474
0.293478
0.278502
0.26448
0.251361
0.239099
0.22766
0.21701
0.207122
0.197966
0.189513
0.181732
0.174589
0.168051
0.162081
0.156643
0.151699
0.147214
0.143151
0.139477
0.136159
0.133166
0.130469
0.128042
0.12586
0.1239
0.122142
0.120566
0.119154
0.117891
0.116762
0.115755
0.114857
0.114056
0.113344
0.112711
0.112149
0.111651
0.11121
0.11082
0.110475
0.11017
0.109902
0.109665
0.109457
0.109274
0.109113
0.108971
0.108847
0.108738
0.108642
0.108558
0.108484
0.108419
0.108362
0.108312
0.108268
0.108228
0.108194
0.108163
0.108136
0.108112
0.10809
0.108071
0.108053
0.108038
0.108023
0.108011
0.107999
0.107988
0.107979
0.10797
0.107961
0.107954
0.107947
0.107941
0.107935
0.10793
0.107925
0.107922
0.107919
0.107917
0.961687
0.89216
0.829026
0.771616
0.719335
0.67165
0.628087
0.588224
0.551681
0.518119
0.487235
0.458758
0.432444
0.408078
0.385466
0.364439
0.344845
0.326557
0.309461
0.293463
0.278485
0.264461
0.251339
0.239076
0.227635
0.216985
0.207096
0.197939
0.189486
0.181705
0.174562
0.168024
0.162055
0.156618
0.151675
0.147191
0.14313
0.139457
0.13614
0.133148
0.130452
0.128027
0.125846
0.123887
0.12213
0.120554
0.119144
0.117882
0.116754
0.115747
0.11485
0.11405
0.113339
0.112706
0.112145
0.111648
0.111207
0.110817
0.110472
0.110168
0.1099
0.109664
0.109456
0.109273
0.109112
0.108971
0.108847
0.108738
0.108642
0.108558
0.108484
0.10842
0.108363
0.108312
0.108268
0.108229
0.108194
0.108164
0.108136
0.108112
0.108091
0.108071
0.108054
0.108038
0.108024
0.108011
0.108
0.107989
0.107979
0.10797
0.107962
0.107954
0.107947
0.107941
0.107935
0.10793
0.107926
0.107922
0.107919
0.107917
0.961687
0.89216
0.829026
0.771616
0.719335
0.67165
0.628087
0.588223
0.55168
0.518117
0.487232
0.458754
0.432439
0.408072
0.385458
0.364429
0.344834
0.326543
0.309444
0.293444
0.278464
0.264438
0.251314
0.239049
0.227606
0.216955
0.207064
0.197907
0.189453
0.181672
0.17453
0.167993
0.162024
0.156588
0.151646
0.147164
0.143103
0.139432
0.136116
0.133126
0.130432
0.128008
0.125828
0.123871
0.122115
0.120541
0.119131
0.11787
0.116744
0.115738
0.114841
0.114043
0.113332
0.112701
0.11214
0.111643
0.111203
0.110814
0.11047
0.110166
0.109898
0.109662
0.109455
0.109272
0.109111
0.10897
0.108847
0.108738
0.108642
0.108558
0.108485
0.10842
0.108363
0.108313
0.108269
0.10823
0.108195
0.108164
0.108137
0.108113
0.108091
0.108072
0.108055
0.108039
0.108025
0.108012
0.108
0.107989
0.10798
0.107971
0.107962
0.107955
0.107948
0.107941
0.107936
0.10793
0.107926
0.107922
0.107919
0.107917
0.961687
0.89216
0.829027
0.771617
0.719335
0.67165
0.628087
0.588223
0.551678
0.518115
0.487229
0.45875
0.432434
0.408064
0.385449
0.364417
0.34482
0.326526
0.309425
0.293423
0.278439
0.264411
0.251284
0.239017
0.227572
0.216919
0.207027
0.197869
0.189415
0.181634
0.174492
0.167955
0.161988
0.156553
0.151613
0.147131
0.143073
0.139403
0.136089
0.133101
0.130408
0.127986
0.125808
0.123852
0.122097
0.120525
0.119117
0.117857
0.116732
0.115727
0.114832
0.114034
0.113325
0.112694
0.112134
0.111638
0.111199
0.11081
0.110466
0.110163
0.109896
0.10966
0.109453
0.109271
0.109111
0.10897
0.108846
0.108738
0.108642
0.108559
0.108485
0.10842
0.108364
0.108313
0.108269
0.10823
0.108196
0.108165
0.108138
0.108114
0.108092
0.108073
0.108055
0.10804
0.108026
0.108013
0.108001
0.10799
0.10798
0.107971
0.107963
0.107955
0.107948
0.107942
0.107936
0.107931
0.107926
0.107923
0.10792
0.107918
0.961688
0.892161
0.829027
0.771617
0.719335
0.67165
0.628087
0.588222
0.551677
0.518112
0.487226
0.458745
0.432427
0.408056
0.385438
0.364404
0.344804
0.326508
0.309404
0.293398
0.278411
0.26438
0.25125
0.23898
0.227533
0.216878
0.206985
0.197826
0.189371
0.18159
0.174449
0.167913
0.161947
0.156513
0.151574
0.147095
0.143038
0.13937
0.136058
0.133072
0.130381
0.127961
0.125785
0.123831
0.122078
0.120507
0.1191
0.117842
0.116719
0.115715
0.114821
0.114024
0.113316
0.112686
0.112127
0.111632
0.111193
0.110805
0.110463
0.11016
0.109893
0.109658
0.109451
0.10927
0.10911
0.108969
0.108846
0.108738
0.108642
0.108559
0.108485
0.108421
0.108364
0.108314
0.10827
0.108231
0.108197
0.108166
0.108139
0.108115
0.108093
0.108074
0.108056
0.108041
0.108026
0.108014
0.108002
0.107991
0.107981
0.107972
0.107964
0.107956
0.107949
0.107942
0.107937
0.107931
0.107927
0.107923
0.10792
0.107918
0.961688
0.892161
0.829027
0.771618
0.719336
0.67165
0.628086
0.588221
0.551675
0.51811
0.487221
0.458739
0.432419
0.408046
0.385426
0.364389
0.344786
0.326486
0.309379
0.293369
0.278379
0.264344
0.251212
0.238939
0.227489
0.216832
0.206938
0.197777
0.189322
0.181541
0.1744
0.167865
0.1619
0.156468
0.151531
0.147053
0.142999
0.139333
0.136024
0.133039
0.130351
0.127932
0.125759
0.123807
0.122056
0.120487
0.119082
0.117826
0.116703
0.115702
0.114809
0.114014
0.113306
0.112678
0.11212
0.111625
0.111188
0.110801
0.110458
0.110157
0.10989
0.109656
0.10945
0.109268
0.109109
0.108968
0.108845
0.108737
0.108642
0.108559
0.108486
0.108422
0.108365
0.108315
0.108271
0.108232
0.108198
0.108167
0.10814
0.108116
0.108094
0.108075
0.108057
0.108042
0.108027
0.108014
0.108003
0.107992
0.107982
0.107973
0.107965
0.107957
0.10795
0.107943
0.107937
0.107932
0.107927
0.107924
0.107921
0.107919
0.961688
0.892161
0.829028
0.771618
0.719336
0.67165
0.628086
0.58822
0.551673
0.518106
0.487217
0.458733
0.432411
0.408035
0.385412
0.364372
0.344766
0.326463
0.309351
0.293338
0.278344
0.264305
0.251169
0.238893
0.22744
0.216781
0.206885
0.197723
0.189267
0.181486
0.174346
0.167812
0.161848
0.156418
0.151483
0.147007
0.142955
0.139292
0.135985
0.133003
0.130317
0.127901
0.12573
0.12378
0.122031
0.120464
0.119062
0.117807
0.116687
0.115687
0.114795
0.114001
0.113295
0.112668
0.112112
0.111618
0.111181
0.110795
0.110454
0.110153
0.109887
0.109653
0.109447
0.109266
0.109107
0.108968
0.108845
0.108737
0.108643
0.108559
0.108486
0.108422
0.108366
0.108316
0.108272
0.108233
0.108199
0.108168
0.108141
0.108117
0.108095
0.108076
0.108059
0.108043
0.108029
0.108016
0.108004
0.107993
0.107983
0.107974
0.107965
0.107958
0.10795
0.107944
0.107938
0.107933
0.107928
0.107924
0.107921
0.107919
0.961688
0.892162
0.829028
0.771619
0.719336
0.67165
0.628085
0.588219
0.551671
0.518103
0.487212
0.458725
0.432401
0.408023
0.385397
0.364354
0.344744
0.326436
0.309321
0.293303
0.278305
0.264262
0.251122
0.238842
0.227386
0.216724
0.206826
0.197663
0.189207
0.181426
0.174286
0.167753
0.161791
0.156362
0.15143
0.146957
0.142908
0.139247
0.135943
0.132963
0.13028
0.127867
0.125698
0.123751
0.122004
0.12044
0.119039
0.117787
0.116668
0.11567
0.11478
0.113988
0.113284
0.112658
0.112102
0.11161
0.111174
0.110789
0.110449
0.110148
0.109884
0.10965
0.109445
0.109265
0.109106
0.108967
0.108844
0.108737
0.108643
0.10856
0.108487
0.108423
0.108366
0.108317
0.108273
0.108234
0.1082
0.108169
0.108142
0.108118
0.108097
0.108077
0.10806
0.108044
0.10803
0.108017
0.108005
0.107994
0.107984
0.107975
0.107966
0.107958
0.107951
0.107945
0.107939
0.107933
0.107929
0.107925
0.107922
0.10792
0.961688
0.892162
0.829029
0.771619
0.719337
0.67165
0.628085
0.588217
0.551668
0.518099
0.487206
0.458718
0.432391
0.40801
0.385381
0.364334
0.344719
0.326408
0.309288
0.293265
0.278262
0.264215
0.25107
0.238786
0.227327
0.216662
0.206762
0.197598
0.189141
0.18136
0.174221
0.167689
0.161729
0.156302
0.151372
0.146902
0.142855
0.139198
0.135896
0.13292
0.13024
0.12783
0.125663
0.123719
0.121975
0.120413
0.119015
0.117765
0.116648
0.115652
0.114764
0.113974
0.113271
0.112646
0.112092
0.111602
0.111167
0.110783
0.110443
0.110144
0.10988
0.109647
0.109443
0.109263
0.109105
0.108966
0.108844
0.108737
0.108643
0.10856
0.108487
0.108424
0.108367
0.108318
0.108274
0.108235
0.108201
0.108171
0.108144
0.10812
0.108098
0.108079
0.108061
0.108045
0.108031
0.108018
0.108006
0.107995
0.107985
0.107976
0.107967
0.107959
0.107952
0.107945
0.107939
0.107934
0.107929
0.107926
0.107923
0.107921
0.961688
0.892162
0.829029
0.77162
0.719337
0.67165
0.628084
0.588216
0.551666
0.518095
0.4872
0.458709
0.43238
0.407995
0.385363
0.364312
0.344693
0.326376
0.309251
0.293224
0.278216
0.264163
0.251014
0.238726
0.227263
0.216595
0.206693
0.197527
0.18907
0.181288
0.17415
0.16762
0.161661
0.156237
0.15131
0.146843
0.142799
0.139145
0.135846
0.132873
0.130197
0.127789
0.125626
0.123685
0.121944
0.120384
0.118989
0.117741
0.116627
0.115633
0.114747
0.113958
0.113257
0.112634
0.112082
0.111592
0.111159
0.110776
0.110437
0.110139
0.109876
0.109644
0.10944
0.109261
0.109103
0.108965
0.108843
0.108736
0.108643
0.10856
0.108488
0.108424
0.108368
0.108319
0.108275
0.108237
0.108203
0.108172
0.108145
0.108121
0.108099
0.10808
0.108062
0.108047
0.108032
0.108019
0.108007
0.107996
0.107986
0.107977
0.107968
0.10796
0.107953
0.107946
0.10794
0.107935
0.10793
0.107926
0.107923
0.107921
0.961688
0.892163
0.82903
0.77162
0.719338
0.67165
0.628084
0.588214
0.551663
0.51809
0.487193
0.4587
0.432368
0.40798
0.385343
0.364288
0.344664
0.326343
0.309212
0.293179
0.278165
0.264107
0.250953
0.23866
0.227194
0.216522
0.206617
0.197451
0.188992
0.181211
0.174074
0.167545
0.161589
0.156167
0.151243
0.146779
0.142738
0.139087
0.135793
0.132823
0.13015
0.127746
0.125586
0.123648
0.12191
0.120353
0.118961
0.117716
0.116604
0.115612
0.114728
0.113942
0.113242
0.112621
0.11207
0.111582
0.11115
0.110768
0.110431
0.110133
0.109871
0.10964
0.109437
0.109258
0.109101
0.108963
0.108842
0.108736
0.108643
0.108561
0.108488
0.108425
0.108369
0.10832
0.108276
0.108238
0.108204
0.108174
0.108147
0.108122
0.108101
0.108081
0.108064
0.108048
0.108034
0.108021
0.108009
0.107998
0.107987
0.107978
0.107969
0.107961
0.107954
0.107947
0.107941
0.107936
0.107931
0.107927
0.107924
0.107922
0.961689
0.892163
0.829031
0.771621
0.719338
0.67165
0.628083
0.588213
0.55166
0.518085
0.487186
0.45869
0.432355
0.407963
0.385322
0.364262
0.344633
0.326306
0.30917
0.293131
0.278111
0.264047
0.250887
0.23859
0.227119
0.216444
0.206537
0.197368
0.188909
0.181128
0.173992
0.167465
0.161511
0.156092
0.151171
0.14671
0.142673
0.139026
0.135735
0.13277
0.1301
0.1277
0.125543
0.123609
0.121874
0.120321
0.118931
0.117688
0.116579
0.11559
0.114708
0.113924
0.113227
0.112607
0.112058
0.111571
0.111141
0.11076
0.110424
0.110128
0.109866
0.109636
0.109434
0.109256
0.109099
0.108962
0.108842
0.108736
0.108643
0.108561
0.108489
0.108426
0.10837
0.108321
0.108278
0.108239
0.108205
0.108175
0.108148
0.108124
0.108102
0.108083
0.108065
0.10805
0.108035
0.108022
0.10801
0.107999
0.107989
0.107979
0.10797
0.107962
0.107955
0.107948
0.107942
0.107936
0.107932
0.107928
0.107925
0.107923
0.961689
0.892164
0.829032
0.771622
0.719339
0.671651
0.628083
0.588211
0.551656
0.51808
0.487178
0.458679
0.43234
0.407945
0.385299
0.364234
0.3446
0.326267
0.309124
0.293079
0.278053
0.263982
0.250817
0.238514
0.227039
0.216361
0.206451
0.197281
0.188821
0.18104
0.173905
0.16738
0.161428
0.156012
0.151094
0.146637
0.142604
0.138961
0.135674
0.132713
0.130047
0.12765
0.125498
0.123567
0.121836
0.120286
0.118899
0.117659
0.116553
0.115566
0.114687
0.113905
0.11321
0.112592
0.112045
0.11156
0.111131
0.110752
0.110417
0.110121
0.109861
0.109632
0.10943
0.109253
0.109097
0.108961
0.108841
0.108735
0.108642
0.108561
0.10849
0.108427
0.108371
0.108322
0.108279
0.108241
0.108207
0.108177
0.10815
0.108126
0.108104
0.108085
0.108067
0.108051
0.108037
0.108023
0.108011
0.108
0.10799
0.10798
0.107971
0.107963
0.107956
0.107949
0.107943
0.107937
0.107932
0.107928
0.107925
0.107923
0.961689
0.892165
0.829032
0.771623
0.719339
0.671651
0.628082
0.588209
0.551653
0.518074
0.48717
0.458668
0.432325
0.407925
0.385275
0.364204
0.344564
0.326225
0.309076
0.293023
0.27799
0.263914
0.250742
0.238434
0.226954
0.216272
0.206359
0.197187
0.188727
0.180946
0.173812
0.167289
0.16134
0.155928
0.151013
0.14656
0.142531
0.138892
0.13561
0.132652
0.129991
0.127599
0.12545
0.123523
0.121795
0.120249
0.118865
0.117629
0.116525
0.115541
0.114665
0.113885
0.113192
0.112577
0.112031
0.111548
0.11112
0.110743
0.110409
0.110115
0.109856
0.109628
0.109427
0.10925
0.109095
0.108959
0.10884
0.108735
0.108642
0.108561
0.10849
0.108427
0.108372
0.108323
0.10828
0.108242
0.108208
0.108178
0.108151
0.108127
0.108106
0.108086
0.108069
0.108053
0.108038
0.108025
0.108013
0.108001
0.107991
0.107981
0.107973
0.107964
0.107957
0.10795
0.107944
0.107938
0.107933
0.107929
0.107926
0.107924
0.961689
0.892165
0.829033
0.771624
0.71934
0.671651
0.628081
0.588207
0.551649
0.518068
0.487161
0.458656
0.432309
0.407904
0.385249
0.364172
0.344526
0.32618
0.309024
0.292964
0.277924
0.26384
0.250662
0.238348
0.226863
0.216177
0.206261
0.197088
0.188627
0.180847
0.173714
0.167193
0.161247
0.155838
0.150927
0.146478
0.142454
0.13882
0.135542
0.132589
0.129932
0.127544
0.1254
0.123476
0.121753
0.12021
0.11883
0.117597
0.116496
0.115515
0.114642
0.113864
0.113173
0.11256
0.112017
0.111535
0.111109
0.110733
0.110401
0.110108
0.10985
0.109623
0.109423
0.109247
0.109093
0.108957
0.108838
0.108734
0.108642
0.108561
0.10849
0.108428
0.108373
0.108324
0.108281
0.108243
0.10821
0.10818
0.108153
0.108129
0.108107
0.108088
0.10807
0.108054
0.10804
0.108026
0.108014
0.108003
0.107992
0.107983
0.107974
0.107965
0.107958
0.107951
0.107944
0.107939
0.107934
0.10793
0.107927
0.107925
0.96169
0.892166
0.829034
0.771625
0.719341
0.671651
0.62808
0.588205
0.551645
0.518062
0.487152
0.458643
0.432292
0.407882
0.385221
0.364139
0.344485
0.326132
0.308968
0.292901
0.277853
0.263762
0.250578
0.238257
0.226767
0.216077
0.206158
0.196983
0.188521
0.180742
0.173611
0.167092
0.161149
0.155743
0.150837
0.146392
0.142373
0.138743
0.13547
0.132522
0.12987
0.127486
0.125347
0.123427
0.121708
0.120169
0.118793
0.117563
0.116466
0.115488
0.114617
0.113842
0.113154
0.112543
0.112002
0.111522
0.111098
0.110723
0.110392
0.110101
0.109844
0.109618
0.109419
0.109244
0.10909
0.108956
0.108837
0.108733
0.108642
0.108561
0.108491
0.108429
0.108374
0.108326
0.108283
0.108245
0.108211
0.108181
0.108154
0.10813
0.108109
0.108089
0.108072
0.108056
0.108041
0.108028
0.108015
0.108004
0.107993
0.107984
0.107975
0.107966
0.107959
0.107952
0.107945
0.107939
0.107934
0.10793
0.107927
0.107925
0.96169
0.892167
0.829035
0.771626
0.719342
0.671651
0.628079
0.588202
0.55164
0.518055
0.487141
0.458629
0.432273
0.407858
0.385192
0.364103
0.344442
0.326082
0.30891
0.292835
0.277779
0.26368
0.250488
0.238161
0.226666
0.215971
0.20605
0.196872
0.18841
0.180631
0.173502
0.166986
0.161046
0.155644
0.150742
0.146302
0.142288
0.138663
0.135395
0.132452
0.129805
0.127426
0.125291
0.123376
0.121661
0.120126
0.118754
0.117528
0.116434
0.115459
0.114591
0.113819
0.113134
0.112525
0.111986
0.111508
0.111086
0.110713
0.110383
0.110093
0.109837
0.109612
0.109415
0.109241
0.109088
0.108954
0.108836
0.108732
0.108641
0.108561
0.108491
0.108429
0.108375
0.108327
0.108284
0.108246
0.108213
0.108183
0.108156
0.108132
0.10811
0.108091
0.108073
0.108057
0.108042
0.108029
0.108017
0.108005
0.107995
0.107985
0.107976
0.107967
0.10796
0.107952
0.107946
0.10794
0.107935
0.107931
0.107928
0.107926
0.96169
0.892167
0.829036
0.771627
0.719342
0.671651
0.628078
0.5882
0.551636
0.518047
0.487131
0.458614
0.432254
0.407833
0.38516
0.364065
0.344397
0.326028
0.308848
0.292764
0.2777
0.263593
0.250394
0.23806
0.226559
0.21586
0.205935
0.196756
0.188294
0.180515
0.173387
0.166874
0.160938
0.15554
0.150643
0.146208
0.142199
0.138579
0.135317
0.132379
0.129737
0.127363
0.125233
0.123323
0.121613
0.120082
0.118713
0.117491
0.116401
0.11543
0.114565
0.113795
0.113112
0.112506
0.111969
0.111494
0.111073
0.110702
0.110374
0.110085
0.109831
0.109607
0.10941
0.109237
0.109085
0.108951
0.108834
0.108731
0.108641
0.108561
0.108491
0.10843
0.108376
0.108328
0.108285
0.108247
0.108214
0.108184
0.108157
0.108133
0.108112
0.108092
0.108075
0.108059
0.108044
0.10803
0.108018
0.108006
0.107996
0.107986
0.107977
0.107968
0.10796
0.107953
0.107947
0.107941
0.107936
0.107931
0.107928
0.107926
0.96169
0.892168
0.829037
0.771628
0.719343
0.671651
0.628077
0.588197
0.551631
0.518039
0.487119
0.458598
0.432233
0.407807
0.385127
0.364024
0.344349
0.325972
0.308783
0.29269
0.277617
0.263502
0.250294
0.237954
0.226447
0.215743
0.205815
0.196635
0.188171
0.180394
0.173268
0.166758
0.160825
0.155432
0.15054
0.14611
0.142106
0.138492
0.135235
0.132303
0.129667
0.127298
0.125173
0.123268
0.121562
0.120036
0.118671
0.117453
0.116367
0.115399
0.114537
0.113771
0.11309
0.112487
0.111952
0.111479
0.11106
0.11069
0.110364
0.110077
0.109824
0.109601
0.109405
0.109233
0.109082
0.108949
0.108833
0.10873
0.10864
0.108561
0.108492
0.10843
0.108376
0.108328
0.108286
0.108249
0.108215
0.108186
0.108159
0.108135
0.108113
0.108094
0.108076
0.10806
0.108045
0.108032
0.108019
0.108008
0.107997
0.107987
0.107978
0.107969
0.107961
0.107954
0.107947
0.107941
0.107936
0.107932
0.107929
0.107927
0.961691
0.892169
0.829038
0.771629
0.719344
0.671651
0.628076
0.588194
0.551625
0.518031
0.487107
0.458581
0.432211
0.407779
0.385093
0.363982
0.344298
0.325912
0.308714
0.292612
0.27753
0.263406
0.25019
0.237843
0.22633
0.215621
0.20569
0.196507
0.188044
0.180267
0.173144
0.166637
0.160708
0.15532
0.150432
0.146008
0.14201
0.138402
0.135151
0.132224
0.129593
0.127231
0.125111
0.123211
0.12151
0.119988
0.118628
0.117414
0.116331
0.115367
0.114508
0.113745
0.113067
0.112466
0.111934
0.111463
0.111046
0.110679
0.110354
0.110068
0.109816
0.109595
0.1094
0.109229
0.109079
0.108947
0.108831
0.108729
0.108639
0.108561
0.108492
0.108431
0.108377
0.108329
0.108287
0.10825
0.108217
0.108187
0.10816
0.108136
0.108115
0.108095
0.108078
0.108061
0.108047
0.108033
0.10802
0.108009
0.107998
0.107988
0.107979
0.10797
0.107962
0.107954
0.107948
0.107942
0.107937
0.107932
0.107929
0.107927
0.961691
0.89217
0.82904
0.77163
0.719345
0.671652
0.628075
0.588191
0.55162
0.518022
0.487094
0.458564
0.432188
0.407749
0.385056
0.363937
0.344245
0.325849
0.308642
0.29253
0.277439
0.263305
0.250081
0.237726
0.226207
0.215494
0.205559
0.196375
0.187911
0.180136
0.173014
0.16651
0.160586
0.155203
0.150321
0.145903
0.14191
0.138308
0.135063
0.132143
0.129518
0.127161
0.125047
0.123152
0.121456
0.119939
0.118583
0.117373
0.116294
0.115334
0.114478
0.113719
0.113044
0.112446
0.111916
0.111447
0.111032
0.110666
0.110343
0.110059
0.109809
0.109588
0.109395
0.109225
0.109075
0.108944
0.108829
0.108727
0.108638
0.10856
0.108491
0.108431
0.108377
0.10833
0.108288
0.108251
0.108218
0.108188
0.108162
0.108138
0.108116
0.108097
0.108079
0.108063
0.108048
0.108034
0.108021
0.10801
0.107999
0.107989
0.107979
0.107971
0.107962
0.107955
0.107948
0.107942
0.107937
0.107933
0.107929
0.107927
0.961691
0.892171
0.829041
0.771632
0.719346
0.671652
0.628074
0.588187
0.551614
0.518013
0.48708
0.458545
0.432163
0.407718
0.385017
0.36389
0.344188
0.325784
0.308566
0.292445
0.277343
0.2632
0.249967
0.237605
0.226079
0.215361
0.205423
0.196237
0.187773
0.179999
0.17288
0.16638
0.16046
0.155082
0.150206
0.145793
0.141807
0.138212
0.134973
0.132059
0.12944
0.127089
0.12498
0.123091
0.1214
0.119888
0.118537
0.117332
0.116257
0.1153
0.114448
0.113691
0.11302
0.112424
0.111897
0.11143
0.111018
0.110654
0.110332
0.11005
0.109801
0.109582
0.109389
0.10922
0.109071
0.108941
0.108826
0.108726
0.108637
0.10856
0.108491
0.108431
0.108378
0.108331
0.108289
0.108252
0.108219
0.108189
0.108163
0.108139
0.108117
0.108098
0.10808
0.108064
0.108049
0.108035
0.108022
0.108011
0.108
0.107989
0.10798
0.107971
0.107963
0.107955
0.107949
0.107942
0.107937
0.107933
0.10793
0.107927
0.961692
0.892172
0.829042
0.771633
0.719347
0.671652
0.628072
0.588184
0.551607
0.518003
0.487066
0.458525
0.432137
0.407685
0.384976
0.363841
0.34413
0.325715
0.308487
0.292355
0.277243
0.263091
0.249849
0.237478
0.225946
0.215223
0.205282
0.196094
0.18763
0.179857
0.172741
0.166245
0.16033
0.154957
0.150087
0.145681
0.141701
0.138113
0.13488
0.131973
0.12936
0.127015
0.124912
0.123029
0.121343
0.119836
0.11849
0.117289
0.116218
0.115265
0.114417
0.113663
0.112995
0.112402
0.111877
0.111413
0.111003
0.11064
0.110321
0.11004
0.109792
0.109575
0.109383
0.109215
0.109067
0.108938
0.108824
0.108724
0.108636
0.108559
0.108491
0.108431
0.108378
0.108331
0.108289
0.108253
0.10822
0.10819
0.108164
0.10814
0.108118
0.108099
0.108081
0.108065
0.10805
0.108036
0.108023
0.108011
0.108
0.10799
0.107981
0.107972
0.107963
0.107956
0.107949
0.107943
0.107937
0.107933
0.10793
0.107928
0.961692
0.892173
0.829044
0.771634
0.719348
0.671652
0.628071
0.58818
0.5516
0.517992
0.487051
0.458504
0.43211
0.407651
0.384933
0.363789
0.344068
0.325643
0.308405
0.292262
0.277139
0.262977
0.249726
0.237347
0.225808
0.21508
0.205136
0.195947
0.187483
0.179711
0.172598
0.166106
0.160196
0.154829
0.149965
0.145565
0.141593
0.138011
0.134785
0.131884
0.129278
0.126939
0.124843
0.122965
0.121285
0.119783
0.118441
0.117245
0.116178
0.115229
0.114385
0.113635
0.112969
0.112379
0.111857
0.111395
0.110987
0.110627
0.110309
0.11003
0.109784
0.109567
0.109377
0.10921
0.109063
0.108934
0.108821
0.108722
0.108635
0.108558
0.10849
0.108431
0.108378
0.108331
0.10829
0.108253
0.10822
0.108191
0.108165
0.108141
0.108119
0.1081
0.108082
0.108066
0.108051
0.108037
0.108024
0.108012
0.108001
0.107991
0.107981
0.107972
0.107964
0.107956
0.107949
0.107943
0.107937
0.107933
0.10793
0.107927
0.961693
0.892174
0.829045
0.771636
0.719349
0.671652
0.628069
0.588176
0.551593
0.517981
0.487034
0.458482
0.432081
0.407614
0.384889
0.363735
0.344004
0.325568
0.308319
0.292164
0.277031
0.262858
0.249598
0.237211
0.225666
0.214933
0.204985
0.195794
0.187331
0.179561
0.172451
0.165963
0.160058
0.154697
0.14984
0.145447
0.141481
0.137906
0.134688
0.131794
0.129194
0.126862
0.124772
0.1229
0.121225
0.119728
0.118392
0.1172
0.116138
0.115193
0.114352
0.113605
0.112943
0.112356
0.111836
0.111377
0.110971
0.110613
0.110297
0.110019
0.109775
0.10956
0.109371
0.109205
0.109059
0.108931
0.108819
0.10872
0.108633
0.108557
0.108489
0.10843
0.108378
0.108331
0.10829
0.108254
0.108221
0.108192
0.108165
0.108142
0.10812
0.108101
0.108083
0.108067
0.108051
0.108038
0.108025
0.108013
0.108001
0.107991
0.107981
0.107972
0.107964
0.107956
0.107949
0.107943
0.107937
0.107933
0.107929
0.107927
0.961693
0.892175
0.829047
0.771637
0.71935
0.671651
0.628067
0.588171
0.551585
0.517968
0.487017
0.458459
0.432051
0.407576
0.384842
0.363678
0.343937
0.32549
0.308229
0.292064
0.276919
0.262736
0.249466
0.237071
0.225518
0.214781
0.20483
0.195638
0.187174
0.179407
0.1723
0.165817
0.159917
0.154562
0.149712
0.145326
0.141367
0.1378
0.134589
0.131702
0.129109
0.126783
0.124699
0.122833
0.121164
0.119673
0.118342
0.117154
0.116097
0.115155
0.114319
0.113576
0.112916
0.112332
0.111816
0.111359
0.110955
0.110599
0.110285
0.110009
0.109766
0.109552
0.109364
0.109199
0.109054
0.108927
0.108815
0.108717
0.108631
0.108555
0.108488
0.10843
0.108377
0.108331
0.10829
0.108254
0.108221
0.108192
0.108166
0.108142
0.108121
0.108101
0.108083
0.108067
0.108052
0.108038
0.108025
0.108013
0.108002
0.107991
0.107981
0.107972
0.107964
0.107956
0.107949
0.107942
0.107937
0.107932
0.107929
0.107927
0.961694
0.892176
0.829048
0.771639
0.719351
0.671651
0.628065
0.588166
0.551577
0.517956
0.486999
0.458435
0.43202
0.407536
0.384793
0.363619
0.343867
0.325409
0.308136
0.291959
0.276803
0.262609
0.249329
0.236926
0.225367
0.214624
0.20467
0.195477
0.187014
0.179249
0.172146
0.165667
0.159774
0.154425
0.149581
0.145203
0.141252
0.137691
0.134488
0.131608
0.129022
0.126704
0.124626
0.122766
0.121103
0.119617
0.118291
0.117108
0.116055
0.115118
0.114285
0.113545
0.11289
0.112308
0.111794
0.11134
0.110939
0.110585
0.110273
0.109998
0.109756
0.109544
0.109357
0.109193
0.109049
0.108923
0.108812
0.108715
0.108629
0.108554
0.108487
0.108429
0.108377
0.108331
0.10829
0.108254
0.108222
0.108193
0.108166
0.108143
0.108121
0.108102
0.108084
0.108068
0.108052
0.108038
0.108025
0.108013
0.108002
0.107991
0.107981
0.107972
0.107963
0.107956
0.107948
0.107942
0.107936
0.107932
0.107929
0.107926
0.961694
0.892177
0.82905
0.77164
0.719352
0.671651
0.628062
0.588161
0.551568
0.517942
0.48698
0.458409
0.431986
0.407495
0.384742
0.363558
0.343794
0.325325
0.30804
0.291851
0.276684
0.262479
0.249189
0.236778
0.225212
0.214464
0.204507
0.195313
0.186851
0.179088
0.171989
0.165515
0.159627
0.154285
0.149449
0.145078
0.141134
0.137582
0.134385
0.131513
0.128935
0.126623
0.124552
0.122698
0.121041
0.11956
0.118239
0.117062
0.116013
0.11508
0.114251
0.113515
0.112862
0.112284
0.111773
0.111321
0.110922
0.11057
0.11026
0.109987
0.109747
0.109536
0.10935
0.109187
0.109044
0.108919
0.108809
0.108712
0.108627
0.108552
0.108486
0.108428
0.108376
0.108331
0.10829
0.108254
0.108222
0.108193
0.108167
0.108143
0.108122
0.108102
0.108084
0.108068
0.108053
0.108038
0.108025
0.108013
0.108002
0.107991
0.107981
0.107972
0.107963
0.107955
0.107948
0.107941
0.107936
0.107931
0.107928
0.107926
0.961694
0.892179
0.829051
0.771642
0.719352
0.67165
0.628059
0.588155
0.551558
0.517927
0.48696
0.458382
0.431951
0.407451
0.384688
0.363494
0.343719
0.325238
0.307942
0.29174
0.276561
0.262345
0.249046
0.236626
0.225053
0.214301
0.204341
0.195146
0.186685
0.178924
0.171829
0.165361
0.159479
0.154144
0.149315
0.144951
0.141016
0.137471
0.134282
0.131417
0.128846
0.126541
0.124477
0.122629
0.120978
0.119503
0.118187
0.117015
0.11597
0.115042
0.114216
0.113484
0.112835
0.11226
0.111751
0.111302
0.110905
0.110555
0.110247
0.109975
0.109737
0.109527
0.109343
0.109181
0.109039
0.108914
0.108805
0.108709
0.108624
0.10855
0.108484
0.108426
0.108375
0.10833
0.108289
0.108254
0.108221
0.108192
0.108166
0.108143
0.108122
0.108102
0.108084
0.108068
0.108052
0.108038
0.108025
0.108013
0.108002
0.107991
0.107981
0.107971
0.107963
0.107955
0.107947
0.107941
0.107935
0.107931
0.107927
0.107925
0.961695
0.89218
0.829053
0.771643
0.719353
0.671649
0.628056
0.588149
0.551547
0.517912
0.486938
0.458353
0.431915
0.407406
0.384633
0.363428
0.343642
0.325149
0.30784
0.291626
0.276435
0.262208
0.248899
0.236471
0.224892
0.214135
0.204172
0.194976
0.186516
0.178759
0.171668
0.165205
0.159329
0.154001
0.14918
0.144824
0.140896
0.137359
0.134179
0.131321
0.128758
0.12646
0.124402
0.122561
0.120915
0.119446
0.118135
0.116968
0.115928
0.115003
0.114182
0.113453
0.112807
0.112235
0.111729
0.111282
0.110888
0.11054
0.110233
0.109964
0.109727
0.109518
0.109335
0.109175
0.109034
0.10891
0.108801
0.108705
0.108621
0.108547
0.108482
0.108425
0.108374
0.108329
0.108289
0.108253
0.108221
0.108192
0.108166
0.108143
0.108121
0.108102
0.108084
0.108067
0.108052
0.108038
0.108025
0.108013
0.108001
0.10799
0.10798
0.107971
0.107962
0.107954
0.107946
0.10794
0.107934
0.10793
0.107926
0.107924
0.961696
0.892181
0.829055
0.771645
0.719353
0.671648
0.628052
0.588142
0.551536
0.517895
0.486915
0.458323
0.431877
0.407358
0.384576
0.36336
0.343562
0.325057
0.307736
0.29151
0.276307
0.262069
0.24875
0.236313
0.224728
0.213966
0.204001
0.194805
0.186346
0.178592
0.171505
0.165048
0.159179
0.153858
0.149044
0.144696
0.140777
0.137248
0.134075
0.131225
0.128669
0.126378
0.124327
0.122492
0.120852
0.119389
0.118083
0.11692
0.115885
0.114965
0.114147
0.113422
0.112779
0.11221
0.111707
0.111263
0.11087
0.110525
0.11022
0.109952
0.109716
0.109509
0.109328
0.109168
0.109028
0.108905
0.108797
0.108702
0.108618
0.108545
0.10848
0.108423
0.108372
0.108327
0.108288
0.108252
0.10822
0.108191
0.108166
0.108142
0.108121
0.108101
0.108083
0.108067
0.108052
0.108037
0.108024
0.108012
0.108
0.107989
0.107979
0.10797
0.107961
0.107953
0.107945
0.107939
0.107933
0.107928
0.107925
0.107923
0.961696
0.892182
0.829056
0.771646
0.719354
0.671646
0.628048
0.588134
0.551524
0.517877
0.486891
0.458292
0.431837
0.407309
0.384517
0.36329
0.343481
0.324963
0.30763
0.291392
0.276177
0.261928
0.248599
0.236154
0.224563
0.213797
0.203829
0.194632
0.186175
0.178424
0.171342
0.16489
0.159028
0.153715
0.148908
0.144569
0.140657
0.137136
0.133971
0.131129
0.12858
0.126296
0.124252
0.122423
0.12079
0.119332
0.118032
0.116874
0.115843
0.114927
0.114113
0.113391
0.112752
0.112186
0.111685
0.111243
0.110853
0.110509
0.110206
0.10994
0.109706
0.1095
0.10932
0.109161
0.109022
0.1089
0.108792
0.108698
0.108615
0.108542
0.108478
0.108421
0.108371
0.108326
0.108286
0.108251
0.108219
0.10819
0.108165
0.108141
0.10812
0.108101
0.108083
0.108066
0.108051
0.108037
0.108023
0.108011
0.107999
0.107988
0.107978
0.107969
0.10796
0.107952
0.107944
0.107937
0.107932
0.107927
0.107924
0.107921
0.961697
0.892184
0.829058
0.771647
0.719354
0.671644
0.628043
0.588125
0.55151
0.517858
0.486865
0.458259
0.431796
0.407259
0.384456
0.363218
0.343397
0.324868
0.307522
0.291272
0.276046
0.261786
0.248448
0.235995
0.224397
0.213626
0.203657
0.19446
0.186005
0.178257
0.171179
0.164734
0.158878
0.153572
0.148774
0.144442
0.140538
0.137026
0.133868
0.131034
0.128492
0.126215
0.124178
0.122356
0.120728
0.119276
0.117981
0.116827
0.115801
0.114889
0.114079
0.113361
0.112724
0.112161
0.111663
0.111223
0.110836
0.110494
0.110193
0.109928
0.109695
0.109491
0.109312
0.109154
0.109016
0.108894
0.108788
0.108694
0.108612
0.108539
0.108475
0.108419
0.108369
0.108324
0.108285
0.108249
0.108218
0.108189
0.108164
0.10814
0.108119
0.1081
0.108082
0.108065
0.10805
0.108036
0.108022
0.10801
0.107998
0.107987
0.107977
0.107967
0.107958
0.10795
0.107943
0.107936
0.10793
0.107926
0.107922
0.10792
0.961697
0.892185
0.829059
0.771648
0.719353
0.671642
0.628037
0.588115
0.551496
0.517838
0.486838
0.458224
0.431753
0.407206
0.384393
0.363145
0.343313
0.324771
0.307414
0.291151
0.275914
0.261643
0.248296
0.235835
0.224231
0.213457
0.203485
0.194288
0.185835
0.17809
0.171018
0.164578
0.15873
0.153431
0.14864
0.144317
0.140421
0.136916
0.133767
0.13094
0.128406
0.126136
0.124105
0.122289
0.120667
0.11922
0.11793
0.116781
0.11576
0.114851
0.114045
0.11333
0.112697
0.112137
0.111641
0.111204
0.110818
0.110479
0.110179
0.109916
0.109685
0.109482
0.109303
0.109147
0.109009
0.108889
0.108783
0.10869
0.108608
0.108536
0.108472
0.108416
0.108366
0.108322
0.108283
0.108248
0.108216
0.108188
0.108162
0.108139
0.108118
0.108098
0.10808
0.108064
0.108049
0.108034
0.108021
0.108009
0.107997
0.107986
0.107976
0.107966
0.107957
0.107949
0.107941
0.107934
0.107929
0.107924
0.10792
0.107918
0.961698
0.892186
0.82906
0.771648
0.719352
0.671638
0.628031
0.588104
0.55148
0.517816
0.48681
0.458188
0.431708
0.407153
0.38433
0.363071
0.343227
0.324674
0.307305
0.291031
0.275782
0.261501
0.248145
0.235676
0.224067
0.213289
0.203316
0.194119
0.185667
0.177927
0.170859
0.164425
0.158584
0.153292
0.148509
0.144194
0.140306
0.136809
0.133668
0.130849
0.128321
0.126058
0.124033
0.122224
0.120607
0.119166
0.117881
0.116737
0.115719
0.114815
0.114012
0.113301
0.11267
0.112113
0.11162
0.111185
0.110801
0.110463
0.110166
0.109904
0.109674
0.109472
0.109295
0.109139
0.109003
0.108883
0.108778
0.108685
0.108604
0.108532
0.108469
0.108413
0.108364
0.10832
0.108281
0.108246
0.108214
0.108186
0.10816
0.108137
0.108116
0.108097
0.108079
0.108062
0.108047
0.108033
0.108019
0.108007
0.107995
0.107984
0.107974
0.107964
0.107955
0.107947
0.107939
0.107933
0.107927
0.107922
0.107919
0.107916
0.961698
0.892187
0.829062
0.771649
0.719351
0.671634
0.628023
0.588092
0.551462
0.517793
0.48678
0.458151
0.431663
0.407099
0.384266
0.362996
0.343142
0.324578
0.307197
0.290912
0.275652
0.261361
0.247996
0.23552
0.223905
0.213124
0.203149
0.193953
0.185503
0.177766
0.170704
0.164276
0.158441
0.153157
0.148382
0.144074
0.140194
0.136705
0.133571
0.130759
0.128239
0.125982
0.123964
0.12216
0.12055
0.119113
0.117833
0.116693
0.11568
0.114779
0.11398
0.113272
0.112644
0.112089
0.111599
0.111166
0.110785
0.110449
0.110153
0.109892
0.109664
0.109463
0.109287
0.109132
0.108996
0.108877
0.108772
0.10868
0.1086
0.108528
0.108465
0.10841
0.108361
0.108317
0.108278
0.108243
0.108212
0.108184
0.108158
0.108135
0.108114
0.108095
0.108077
0.108061
0.108045
0.108031
0.108018
0.108005
0.107993
0.107982
0.107972
0.107962
0.107953
0.107945
0.107937
0.107931
0.107925
0.10792
0.107917
0.107915
0.961699
0.892188
0.829062
0.771648
0.719348
0.671629
0.628014
0.588079
0.551444
0.517769
0.486749
0.458113
0.431617
0.407044
0.384202
0.362922
0.343058
0.324482
0.30709
0.290795
0.275524
0.261224
0.247851
0.235368
0.223748
0.212963
0.202987
0.193792
0.185344
0.177611
0.170553
0.164131
0.158303
0.153026
0.148259
0.143958
0.140086
0.136605
0.133478
0.130673
0.12816
0.12591
0.123897
0.122099
0.120494
0.119062
0.117787
0.116651
0.115642
0.114745
0.113949
0.113244
0.112619
0.112067
0.111579
0.111148
0.110768
0.110434
0.11014
0.109881
0.109653
0.109454
0.109278
0.109125
0.10899
0.108871
0.108767
0.108676
0.108595
0.108524
0.108462
0.108407
0.108358
0.108314
0.108275
0.108241
0.10821
0.108182
0.108156
0.108133
0.108112
0.108093
0.108075
0.108059
0.108043
0.108029
0.108016
0.108003
0.107991
0.10798
0.10797
0.10796
0.107951
0.107943
0.107935
0.107928
0.107923
0.107918
0.107915
0.107912
0.961699
0.892189
0.829063
0.771647
0.719345
0.671622
0.628003
0.588064
0.551424
0.517743
0.486717
0.458074
0.43157
0.406989
0.384138
0.362849
0.342975
0.32439
0.306987
0.290681
0.275401
0.261092
0.24771
0.235222
0.223597
0.212809
0.202832
0.193637
0.185192
0.177462
0.170409
0.163993
0.158171
0.152901
0.148141
0.143848
0.139983
0.136509
0.133389
0.130591
0.128084
0.12584
0.123833
0.122041
0.12044
0.119014
0.117742
0.116611
0.115605
0.114712
0.113919
0.113217
0.112595
0.112045
0.111559
0.111131
0.110753
0.11042
0.110127
0.109869
0.109643
0.109445
0.10927
0.109117
0.108983
0.108865
0.108762
0.108671
0.108591
0.10852
0.108458
0.108403
0.108354
0.108311
0.108273
0.108238
0.108207
0.108179
0.108154
0.108131
0.10811
0.10809
0.108073
0.108056
0.108041
0.108027
0.108013
0.108001
0.107989
0.107978
0.107968
0.107958
0.107949
0.10794
0.107933
0.107926
0.10792
0.107916
0.107912
0.10791
0.9617
0.89219
0.829063
0.771645
0.71934
0.671614
0.627992
0.588047
0.551402
0.517716
0.486684
0.458035
0.431524
0.406935
0.384077
0.362779
0.342895
0.3243
0.306888
0.290573
0.275284
0.260966
0.247577
0.235082
0.223453
0.212663
0.202684
0.19349
0.185047
0.177321
0.170272
0.163862
0.158046
0.152783
0.148029
0.143744
0.139886
0.136418
0.133305
0.130514
0.128013
0.125774
0.123773
0.121986
0.12039
0.118968
0.117701
0.116573
0.115571
0.114681
0.113891
0.113192
0.112572
0.112024
0.111541
0.111114
0.110738
0.110406
0.110115
0.109859
0.109633
0.109436
0.109262
0.10911
0.108976
0.108859
0.108756
0.108666
0.108586
0.108516
0.108454
0.108399
0.108351
0.108308
0.108269
0.108235
0.108204
0.108176
0.108151
0.108128
0.108107
0.108088
0.10807
0.108054
0.108039
0.108024
0.108011
0.107998
0.107987
0.107976
0.107965
0.107955
0.107946
0.107938
0.107931
0.107924
0.107918
0.107914
0.10791
0.107908
0.9617
0.89219
0.829062
0.771643
0.719335
0.671605
0.627978
0.58803
0.55138
0.517688
0.486651
0.457996
0.431479
0.406884
0.384017
0.362712
0.34282
0.324216
0.306796
0.290471
0.275174
0.260848
0.247452
0.234952
0.223319
0.212526
0.202547
0.193353
0.184912
0.177189
0.170146
0.16374
0.15793
0.152673
0.147926
0.143647
0.139796
0.136334
0.133227
0.130442
0.127947
0.125714
0.123718
0.121935
0.120344
0.118926
0.117662
0.116538
0.115539
0.114652
0.113865
0.113168
0.112551
0.112005
0.111523
0.111098
0.110723
0.110393
0.110103
0.109848
0.109624
0.109427
0.109254
0.109103
0.10897
0.108853
0.108751
0.108661
0.108581
0.108512
0.10845
0.108396
0.108347
0.108304
0.108266
0.108232
0.108201
0.108173
0.108148
0.108125
0.108105
0.108085
0.108068
0.108051
0.108036
0.108022
0.108008
0.107996
0.107984
0.107973
0.107963
0.107953
0.107944
0.107936
0.107928
0.107922
0.107916
0.107911
0.107908
0.107906
0.9617
0.89219
0.82906
0.771639
0.719328
0.671595
0.627964
0.588011
0.551357
0.517661
0.486619
0.457959
0.431436
0.406835
0.383962
0.36265
0.342751
0.324139
0.30671
0.290378
0.275073
0.260741
0.247339
0.234833
0.223196
0.212401
0.202422
0.193228
0.184789
0.17707
0.17003
0.163629
0.157825
0.152573
0.147832
0.143559
0.139713
0.136258
0.133157
0.130376
0.127886
0.125658
0.123667
0.121888
0.120302
0.118887
0.117627
0.116506
0.11551
0.114626
0.113841
0.113146
0.112531
0.111987
0.111507
0.111084
0.11071
0.110382
0.110092
0.109838
0.109615
0.109419
0.109247
0.109096
0.108964
0.108848
0.108745
0.108656
0.108577
0.108507
0.108446
0.108392
0.108344
0.108301
0.108263
0.108229
0.108198
0.10817
0.108145
0.108123
0.108102
0.108083
0.108065
0.108049
0.108033
0.108019
0.108006
0.107993
0.107982
0.107971
0.10796
0.107951
0.107942
0.107933
0.107926
0.107919
0.107914
0.107909
0.107906
0.107904
0.961701
0.89219
0.829058
0.771634
0.71932
0.671583
0.627949
0.587992
0.551334
0.517635
0.486589
0.457924
0.431397
0.40679
0.383913
0.362594
0.342688
0.32407
0.306635
0.290295
0.274984
0.260645
0.247238
0.234728
0.223088
0.212291
0.20231
0.193118
0.184681
0.176964
0.169928
0.163531
0.157732
0.152485
0.147749
0.143481
0.139641
0.13619
0.133094
0.130319
0.127833
0.12561
0.123622
0.121847
0.120264
0.118853
0.117596
0.116478
0.115484
0.114602
0.11382
0.113127
0.112514
0.111972
0.111493
0.111071
0.110698
0.110371
0.110083
0.109829
0.109607
0.109412
0.10924
0.10909
0.108958
0.108842
0.108741
0.108651
0.108573
0.108503
0.108442
0.108388
0.10834
0.108298
0.10826
0.108226
0.108195
0.108168
0.108143
0.10812
0.108099
0.10808
0.108062
0.108046
0.108031
0.108017
0.108003
0.107991
0.107979
0.107968
0.107958
0.107948
0.107939
0.107931
0.107923
0.107917
0.107911
0.107907
0.107904
0.107902
0.961701
0.892189
0.829055
0.771628
0.719311
0.671571
0.627934
0.587974
0.551313
0.51761
0.486561
0.457893
0.431363
0.406752
0.38387
0.362546
0.342636
0.324012
0.30657
0.290225
0.274908
0.260564
0.247152
0.234639
0.222996
0.212197
0.202216
0.193024
0.184588
0.176874
0.169841
0.163448
0.157652
0.15241
0.147678
0.143414
0.139579
0.136133
0.133041
0.130269
0.127788
0.125568
0.123584
0.121812
0.120232
0.118824
0.117569
0.116454
0.115462
0.114582
0.113802
0.11311
0.112499
0.111958
0.11148
0.111059
0.110688
0.110361
0.110074
0.109821
0.1096
0.109405
0.109234
0.109084
0.108953
0.108837
0.108736
0.108647
0.108569
0.1085
0.108439
0.108385
0.108337
0.108295
0.108257
0.108223
0.108192
0.108165
0.10814
0.108117
0.108096
0.108077
0.10806
0.108043
0.108028
0.108014
0.108001
0.107988
0.107977
0.107966
0.107955
0.107946
0.107937
0.107929
0.107921
0.107915
0.107909
0.107905
0.107902
0.1079
0.9617
0.892187
0.829051
0.771621
0.719301
0.671559
0.62792
0.587958
0.551295
0.51759
0.486539
0.457868
0.431335
0.406721
0.383836
0.362509
0.342594
0.323965
0.306519
0.29017
0.274848
0.2605
0.247084
0.234567
0.222922
0.212122
0.202141
0.192949
0.184515
0.176802
0.169771
0.163382
0.157589
0.15235
0.147621
0.143361
0.139529
0.136086
0.132998
0.13023
0.127751
0.125534
0.123553
0.121784
0.120206
0.1188
0.117548
0.116434
0.115444
0.114566
0.113787
0.113097
0.112486
0.111947
0.11147
0.11105
0.110679
0.110353
0.110067
0.109815
0.109593
0.109399
0.109229
0.109079
0.108948
0.108833
0.108732
0.108643
0.108565
0.108496
0.108435
0.108382
0.108334
0.108292
0.108254
0.10822
0.10819
0.108162
0.108137
0.108115
0.108094
0.108075
0.108057
0.108041
0.108026
0.108012
0.107999
0.107986
0.107975
0.107964
0.107953
0.107944
0.107935
0.107927
0.10792
0.107913
0.107908
0.107903
0.1079
0.107898
0.9617
0.892185
0.829047
0.771615
0.719294
0.67155
0.627909
0.587946
0.551281
0.517575
0.486522
0.45785
0.431315
0.406699
0.383811
0.362481
0.342563
0.323932
0.306483
0.29013
0.274804
0.260453
0.247035
0.234516
0.222869
0.212068
0.202086
0.192895
0.184461
0.17675
0.169721
0.163333
0.157543
0.152306
0.14758
0.143322
0.139492
0.136052
0.132966
0.1302
0.127724
0.12551
0.123531
0.121764
0.120187
0.118783
0.117532
0.11642
0.115431
0.114554
0.113776
0.113086
0.112477
0.111938
0.111462
0.111042
0.110673
0.110347
0.110061
0.109809
0.109588
0.109395
0.109224
0.109075
0.108944
0.108829
0.108729
0.10864
0.108562
0.108493
0.108433
0.108379
0.108331
0.108289
0.108251
0.108218
0.108187
0.10816
0.108135
0.108113
0.108092
0.108073
0.108055
0.108039
0.108024
0.10801
0.107997
0.107984
0.107973
0.107962
0.107952
0.107942
0.107933
0.107925
0.107918
0.107912
0.107906
0.107902
0.107899
0.107897
0.9617
0.892183
0.829044
0.771611
0.719289
0.671544
0.627903
0.587939
0.551274
0.517566
0.486513
0.457839
0.431303
0.406686
0.383797
0.362466
0.342546
0.323913
0.306462
0.290106
0.274779
0.260426
0.247006
0.234486
0.222838
0.212036
0.202054
0.192863
0.18443
0.176719
0.169692
0.163305
0.157516
0.15228
0.147554
0.143297
0.139468
0.13603
0.132945
0.130181
0.127707
0.125494
0.123516
0.121751
0.120175
0.118772
0.117522
0.11641
0.115422
0.114545
0.113768
0.113079
0.11247
0.111932
0.111456
0.111037
0.110668
0.110342
0.110057
0.109805
0.109585
0.109391
0.109221
0.109072
0.108941
0.108826
0.108726
0.108637
0.108559
0.108491
0.10843
0.108377
0.108329
0.108287
0.108249
0.108216
0.108186
0.108158
0.108133
0.108111
0.10809
0.108071
0.108054
0.108038
0.108023
0.108008
0.107995
0.107983
0.107971
0.107961
0.10795
0.107941
0.107932
0.107924
0.107917
0.107911
0.107905
0.107901
0.107898
0.107896
)
;

boundaryField
{
    inlet
    {
        type            fixedValue;
        value           uniform 1;
    }
    outlet
    {
        type            inletOutlet;
        inletValue      uniform 1;
        value           nonuniform List<scalar> 
100
(
0.107924
0.107924
0.107924
0.107924
0.107925
0.107926
0.107926
0.107927
0.107928
0.107929
0.107929
0.10793
0.107931
0.107931
0.107932
0.107932
0.107933
0.107933
0.107933
0.107933
0.107933
0.107933
0.107933
0.107932
0.107932
0.107932
0.107931
0.10793
0.10793
0.107929
0.107928
0.107927
0.107927
0.107926
0.107925
0.107924
0.107923
0.107922
0.107922
0.107921
0.10792
0.107919
0.107919
0.107918
0.107918
0.107917
0.107917
0.107917
0.107916
0.107916
0.107916
0.107916
0.107916
0.107917
0.107917
0.107917
0.107917
0.107918
0.107918
0.107919
0.107919
0.10792
0.107921
0.107921
0.107922
0.107923
0.107923
0.107924
0.107925
0.107925
0.107926
0.107926
0.107927
0.107927
0.107927
0.107927
0.107928
0.107927
0.107927
0.107927
0.107926
0.107926
0.107925
0.107924
0.107923
0.107921
0.10792
0.107918
0.107916
0.107915
0.107912
0.10791
0.107908
0.107906
0.107904
0.107902
0.1079
0.107898
0.107897
0.107896
)
;
    }
    ground
    {
        type            empty;
    }
    top
    {
        type            empty;
    }
    front
    {
        type            inletOutlet;
        inletValue      uniform 1;
        value           nonuniform List<scalar> 
100
(
0.9617
0.892183
0.829044
0.771611
0.719289
0.671544
0.627902
0.587939
0.551273
0.517566
0.486512
0.457839
0.431302
0.406685
0.383796
0.362464
0.342544
0.323911
0.30646
0.290104
0.274777
0.260424
0.247004
0.234484
0.222836
0.212034
0.202053
0.192862
0.18443
0.17672
0.169693
0.163308
0.15752
0.152285
0.147561
0.143305
0.139478
0.13604
0.132957
0.130195
0.127722
0.125511
0.123535
0.12177
0.120197
0.118794
0.117546
0.116435
0.115449
0.114573
0.113797
0.113109
0.112501
0.111963
0.111488
0.11107
0.110701
0.110376
0.110091
0.10984
0.10962
0.109426
0.109257
0.109108
0.108977
0.108863
0.108762
0.108674
0.108596
0.108527
0.108467
0.108413
0.108366
0.108323
0.108286
0.108252
0.108221
0.108194
0.108169
0.108146
0.108126
0.108106
0.108089
0.108072
0.108057
0.108043
0.108029
0.108017
0.108005
0.107993
0.107983
0.107973
0.107964
0.107955
0.107947
0.10794
0.107934
0.107929
0.107926
0.107924
)
;
    }
    back
    {
        type            inletOutlet;
        inletValue      uniform 1;
        value           nonuniform List<scalar> 
100
(
0.9617
0.892183
0.829044
0.771611
0.719289
0.671544
0.627903
0.587939
0.551274
0.517566
0.486513
0.457839
0.431303
0.406686
0.383797
0.362466
0.342546
0.323913
0.306462
0.290106
0.274779
0.260426
0.247006
0.234486
0.222838
0.212036
0.202054
0.192863
0.18443
0.176719
0.169692
0.163305
0.157516
0.15228
0.147554
0.143297
0.139468
0.13603
0.132945
0.130181
0.127707
0.125494
0.123516
0.121751
0.120175
0.118772
0.117522
0.11641
0.115422
0.114545
0.113768
0.113079
0.11247
0.111932
0.111456
0.111037
0.110668
0.110342
0.110057
0.109805
0.109585
0.109391
0.109221
0.109072
0.108941
0.108826
0.108726
0.108637
0.108559
0.108491
0.10843
0.108377
0.108329
0.108287
0.108249
0.108216
0.108186
0.108158
0.108133
0.108111
0.10809
0.108071
0.108054
0.108038
0.108023
0.108008
0.107995
0.107983
0.107971
0.107961
0.10795
0.107941
0.107932
0.107924
0.107917
0.107911
0.107905
0.107901
0.107898
0.107896
)
;
    }
}


// ************************************************************************* //
