/*--------------------------------*- C++ -*----------------------------------*\
  =========                 |
  \\      /  F ield         | OpenFOAM: The Open Source CFD Toolbox
   \\    /   O peration     | Website:  https://openfoam.org
    \\  /    A nd           | Version:  11
     \\/     M anipulation  |
\*---------------------------------------------------------------------------*/
FoamFile
{
    format      ascii;
    class       volScalarField;
    location    "440";
    object      omega;
}
// * * * * * * * * * * * * * * * * * * * * * * * * * * * * * * * * * * * * * //

dimensions      [0 0 -1 0 0 0 0];

internalField   nonuniform List<scalar> 
10000
(
0.961693
0.892186
0.829086
0.771729
0.719524
0.671944
0.628521
0.588839
0.552525
0.519248
0.488711
0.460649
0.434827
0.411032
0.389075
0.368787
0.350014
0.33262
0.316482
0.30149
0.287543
0.274552
0.262437
0.251123
0.240545
0.230642
0.221362
0.212653
0.204472
0.196777
0.189533
0.182704
0.176261
0.170175
0.16442
0.158973
0.153811
0.148917
0.14427
0.139855
0.135656
0.131658
0.127849
0.124216
0.120748
0.117435
0.114267
0.111235
0.108331
0.105546
0.102873
0.100306
0.097838
0.0954632
0.0931757
0.0909702
0.0888417
0.0867855
0.0847971
0.0828721
0.0810066
0.0791968
0.0774391
0.0757302
0.0740671
0.0724467
0.0708665
0.069324
0.0678173
0.0663443
0.0649037
0.0634942
0.0621149
0.0607653
0.0594449
0.0581541
0.056893
0.0556623
0.054463
0.0532959
0.0521624
0.051064
0.050002
0.048978
0.0479936
0.0470501
0.0461489
0.0452915
0.0444792
0.0437135
0.0429962
0.042329
0.0417141
0.0411543
0.0406529
0.0402141
0.0398437
0.0395487
0.0393387
0.039226
0.961693
0.892186
0.829086
0.771729
0.719524
0.671944
0.628521
0.588839
0.552525
0.519248
0.488711
0.460649
0.434827
0.411032
0.389076
0.368787
0.350014
0.33262
0.316482
0.30149
0.287543
0.274552
0.262437
0.251123
0.240545
0.230643
0.221362
0.212653
0.204472
0.196778
0.189533
0.182705
0.176261
0.170175
0.16442
0.158973
0.153812
0.148917
0.144271
0.139855
0.135656
0.131659
0.127849
0.124217
0.120749
0.117436
0.114268
0.111236
0.108331
0.105546
0.102874
0.100307
0.097839
0.0954642
0.0931767
0.0909714
0.088843
0.0867868
0.0847985
0.0828736
0.0810082
0.0791985
0.077441
0.0757322
0.0740692
0.0724489
0.0708689
0.0693266
0.06782
0.0663472
0.0649068
0.0634974
0.0621183
0.0607688
0.0594486
0.0581579
0.0568969
0.0556663
0.0544671
0.0533001
0.0521667
0.0510684
0.0500064
0.0489825
0.0479979
0.0470543
0.0461529
0.0452953
0.0444828
0.043717
0.0429995
0.0423321
0.0417171
0.0411571
0.0406556
0.0402167
0.0398462
0.0395511
0.039341
0.0392283
0.961693
0.892186
0.829086
0.771729
0.719524
0.671944
0.628522
0.588839
0.552526
0.519248
0.488711
0.46065
0.434827
0.411033
0.389076
0.368787
0.350015
0.332621
0.316483
0.30149
0.287544
0.274553
0.262437
0.251124
0.240546
0.230643
0.221362
0.212654
0.204473
0.196778
0.189534
0.182705
0.176262
0.170176
0.164421
0.158974
0.153813
0.148918
0.144272
0.139856
0.135657
0.131659
0.12785
0.124218
0.12075
0.117437
0.114269
0.111237
0.108333
0.105548
0.102875
0.100308
0.0978406
0.0954659
0.0931785
0.0909733
0.088845
0.086789
0.0848008
0.082876
0.0810108
0.0792013
0.077444
0.0757354
0.0740726
0.0724526
0.0708728
0.0693308
0.0678244
0.066352
0.0649118
0.0635027
0.0621239
0.0607746
0.0594547
0.0581642
0.0569034
0.0556731
0.054474
0.0533072
0.052174
0.0510757
0.0500138
0.0489898
0.0480052
0.0470614
0.0461599
0.0453021
0.0444894
0.0437233
0.0430056
0.0423379
0.0417227
0.0411625
0.0406607
0.0402216
0.0398509
0.0395557
0.0393455
0.0392327
0.961693
0.892186
0.829086
0.771729
0.719524
0.671944
0.628522
0.58884
0.552526
0.519249
0.488712
0.46065
0.434828
0.411033
0.389077
0.368788
0.350015
0.332621
0.316483
0.301491
0.287544
0.274554
0.262438
0.251124
0.240546
0.230644
0.221363
0.212655
0.204474
0.196779
0.189535
0.182706
0.176263
0.170177
0.164422
0.158975
0.153814
0.148919
0.144273
0.139858
0.135658
0.131661
0.127852
0.124219
0.120752
0.117439
0.114271
0.111239
0.108334
0.10555
0.102877
0.100311
0.0978429
0.0954683
0.0931811
0.090976
0.0888479
0.0867921
0.084804
0.0828795
0.0810145
0.0792053
0.0774482
0.0757399
0.0740774
0.0724577
0.0708783
0.0693366
0.0678307
0.0663586
0.0649188
0.0635101
0.0621317
0.0607828
0.0594632
0.0581731
0.0569126
0.0556826
0.0544837
0.0533171
0.0521841
0.0510859
0.0500241
0.0490001
0.0480154
0.0470715
0.0461697
0.0453117
0.0444987
0.0437323
0.0430143
0.0423463
0.0417307
0.0411702
0.0406681
0.0402288
0.0398578
0.0395624
0.0393521
0.0392392
0.961693
0.892186
0.829086
0.77173
0.719524
0.671945
0.628522
0.58884
0.552526
0.519249
0.488712
0.460651
0.434829
0.411034
0.389077
0.368789
0.350016
0.332622
0.316484
0.301492
0.287545
0.274555
0.262439
0.251125
0.240547
0.230645
0.221364
0.212656
0.204475
0.19678
0.189536
0.182708
0.176264
0.170178
0.164423
0.158976
0.153815
0.148921
0.144274
0.139859
0.13566
0.131663
0.127854
0.124221
0.120754
0.117441
0.114273
0.111241
0.108337
0.105552
0.10288
0.100313
0.0978458
0.0954714
0.0931844
0.0909795
0.0888516
0.086796
0.0848082
0.082884
0.0810193
0.0792104
0.0774536
0.0757457
0.0740836
0.0724644
0.0708853
0.0693441
0.0678387
0.0663671
0.0649278
0.0635196
0.0621416
0.0607932
0.0594742
0.0581844
0.0569244
0.0556947
0.0544961
0.0533298
0.052197
0.0510989
0.0500372
0.0490132
0.0480284
0.0470843
0.0461823
0.0453239
0.0445106
0.0437439
0.0430254
0.0423571
0.0417411
0.0411802
0.0406777
0.040238
0.0398667
0.0395711
0.0393606
0.0392475
0.961693
0.892186
0.829087
0.77173
0.719524
0.671945
0.628523
0.588841
0.552527
0.51925
0.488713
0.460651
0.434829
0.411035
0.389078
0.36879
0.350017
0.332623
0.316485
0.301493
0.287546
0.274556
0.26244
0.251126
0.240548
0.230646
0.221366
0.212657
0.204476
0.196782
0.189537
0.182709
0.176266
0.17018
0.164425
0.158978
0.153817
0.148923
0.144276
0.139861
0.135662
0.131665
0.127856
0.124223
0.120756
0.117443
0.114276
0.111244
0.10834
0.105555
0.102883
0.100317
0.0978494
0.0954752
0.0931884
0.0909837
0.0888561
0.0868008
0.0848133
0.0828894
0.0810251
0.0792165
0.0774602
0.0757528
0.0740911
0.0724723
0.0708938
0.0693532
0.0678483
0.0663773
0.0649386
0.063531
0.0621536
0.0608058
0.0594873
0.0581981
0.0569385
0.0557092
0.0545111
0.053345
0.0522124
0.0511145
0.0500528
0.0490288
0.0480439
0.0470996
0.0461974
0.0453387
0.044525
0.0437578
0.0430389
0.0423701
0.0417536
0.0411922
0.0406893
0.0402492
0.0398775
0.0395816
0.0393708
0.0392577
0.961693
0.892186
0.829087
0.77173
0.719525
0.671945
0.628523
0.588841
0.552527
0.51925
0.488713
0.460652
0.43483
0.411035
0.389079
0.36879
0.350018
0.332624
0.316486
0.301494
0.287547
0.274557
0.262441
0.251128
0.24055
0.230648
0.221367
0.212659
0.204478
0.196783
0.189539
0.182711
0.176268
0.170182
0.164427
0.15898
0.153819
0.148925
0.144278
0.139864
0.135665
0.131667
0.127859
0.124226
0.120759
0.117446
0.114279
0.111247
0.108343
0.105559
0.102887
0.100321
0.0978537
0.0954797
0.0931931
0.0909887
0.0888614
0.0868064
0.0848193
0.0828957
0.0810318
0.0792237
0.0774679
0.0757609
0.0740998
0.0724816
0.0709037
0.0693637
0.0678594
0.0663891
0.0649511
0.0635442
0.0621675
0.0608203
0.0595024
0.0582138
0.0569548
0.055726
0.0545282
0.0533626
0.0522302
0.0511325
0.0500709
0.0490468
0.0480618
0.0471173
0.0462147
0.0453557
0.0445416
0.0437739
0.0430545
0.0423851
0.0417681
0.0412062
0.0407028
0.0402622
0.0398901
0.0395938
0.0393828
0.0392694
0.961693
0.892186
0.829087
0.77173
0.719525
0.671945
0.628523
0.588841
0.552528
0.519251
0.488714
0.460653
0.434831
0.411036
0.38908
0.368791
0.350019
0.332625
0.316487
0.301495
0.287549
0.274558
0.262443
0.251129
0.240551
0.230649
0.221369
0.21266
0.204479
0.196785
0.189541
0.182713
0.17627
0.170184
0.164429
0.158982
0.153821
0.148927
0.144281
0.139866
0.135667
0.13167
0.127862
0.124229
0.120762
0.11745
0.114282
0.111251
0.108347
0.105563
0.102891
0.100325
0.0978584
0.0954847
0.0931985
0.0909944
0.0888674
0.0868128
0.084826
0.0829029
0.0810394
0.0792318
0.0774765
0.0757701
0.0741096
0.0724921
0.0709149
0.0693755
0.067872
0.0664024
0.0649652
0.063559
0.0621831
0.0608366
0.0595194
0.0582315
0.0569731
0.0557448
0.0545475
0.0533822
0.0522501
0.0511526
0.0500911
0.049067
0.0480818
0.047137
0.0462342
0.0453747
0.0445602
0.043792
0.043072
0.0424021
0.0417845
0.0412219
0.0407179
0.0402768
0.0399043
0.0396076
0.0393963
0.0392827
0.961693
0.892186
0.829087
0.77173
0.719525
0.671946
0.628524
0.588842
0.552528
0.519251
0.488715
0.460653
0.434832
0.411037
0.389081
0.368792
0.35002
0.332626
0.316489
0.301496
0.28755
0.27456
0.262444
0.251131
0.240553
0.230651
0.22137
0.212662
0.204481
0.196787
0.189543
0.182715
0.176272
0.170186
0.164431
0.158985
0.153824
0.14893
0.144284
0.139869
0.13567
0.131673
0.127865
0.124233
0.120766
0.117454
0.114286
0.111255
0.108351
0.105568
0.102896
0.10033
0.0978637
0.0954903
0.0932044
0.0910006
0.088874
0.0868198
0.0848335
0.0829109
0.0810479
0.0792408
0.0774861
0.0757803
0.0741205
0.0725036
0.0709271
0.0693886
0.0678858
0.0664171
0.0649806
0.0635753
0.0622002
0.0608546
0.0595381
0.0582509
0.0569931
0.0557655
0.0545687
0.0534038
0.052272
0.0511747
0.0501132
0.0490891
0.0481037
0.0471588
0.0462556
0.0453957
0.0445806
0.0438119
0.0430913
0.0424207
0.0418025
0.0412393
0.0407347
0.040293
0.03992
0.0396229
0.0394112
0.0392974
0.961693
0.892186
0.829087
0.77173
0.719525
0.671946
0.628524
0.588842
0.552529
0.519252
0.488715
0.460654
0.434832
0.411038
0.389082
0.368793
0.350021
0.332627
0.31649
0.301498
0.287551
0.274561
0.262446
0.251132
0.240555
0.230653
0.221372
0.212664
0.204483
0.196789
0.189545
0.182717
0.176274
0.170188
0.164434
0.158987
0.153827
0.148933
0.144287
0.139872
0.135674
0.131677
0.127868
0.124236
0.12077
0.117458
0.114291
0.11126
0.108356
0.105573
0.102901
0.100336
0.0978695
0.0954964
0.0932108
0.0910074
0.0888812
0.0868275
0.0848416
0.0829195
0.0810571
0.0792506
0.0774965
0.0757914
0.0741323
0.0725162
0.0709405
0.0694027
0.0679009
0.0664329
0.0649974
0.063593
0.0622187
0.0608739
0.0595583
0.0582718
0.0570148
0.0557877
0.0545915
0.053427
0.0522956
0.0511984
0.0501371
0.0491129
0.0481274
0.0471822
0.0462786
0.0454183
0.0446027
0.0438334
0.0431121
0.0424409
0.041822
0.0412581
0.0407529
0.0403106
0.039937
0.0396394
0.0394274
0.0393134
0.961693
0.892186
0.829087
0.77173
0.719525
0.671946
0.628524
0.588842
0.552529
0.519252
0.488716
0.460655
0.434833
0.411039
0.389083
0.368794
0.350022
0.332629
0.316491
0.301499
0.287553
0.274563
0.262447
0.251134
0.240556
0.230654
0.221374
0.212666
0.204485
0.196791
0.189547
0.182719
0.176277
0.170191
0.164437
0.15899
0.15383
0.148936
0.14429
0.139875
0.135677
0.13168
0.127872
0.12424
0.120774
0.117462
0.114295
0.111264
0.108361
0.105578
0.102907
0.100342
0.0978757
0.095503
0.0932178
0.0910148
0.088889
0.0868357
0.0848504
0.0829288
0.081067
0.0792611
0.0775077
0.0758033
0.0741449
0.0725296
0.0709547
0.0694179
0.0679169
0.0664499
0.0650153
0.0636118
0.0622385
0.0608946
0.0595798
0.0582942
0.0570379
0.0558115
0.0546158
0.0534518
0.0523207
0.0512238
0.0501625
0.0491383
0.0481527
0.0472072
0.0463032
0.0454424
0.0446262
0.0438563
0.0431344
0.0424625
0.0418428
0.0412783
0.0407723
0.0403294
0.0399552
0.0396571
0.0394448
0.0393305
0.961693
0.892186
0.829087
0.77173
0.719525
0.671946
0.628524
0.588843
0.552529
0.519253
0.488716
0.460655
0.434834
0.41104
0.389083
0.368795
0.350023
0.33263
0.316492
0.3015
0.287554
0.274564
0.262449
0.251136
0.240558
0.230656
0.221376
0.212668
0.204487
0.196794
0.18955
0.182722
0.176279
0.170194
0.164439
0.158993
0.153833
0.148939
0.144293
0.139879
0.135681
0.131684
0.127876
0.124245
0.120778
0.117467
0.1143
0.11127
0.108367
0.105583
0.102913
0.100348
0.0978824
0.09551
0.0932252
0.0910226
0.0888973
0.0868445
0.0848597
0.0829387
0.0810775
0.0792723
0.0775195
0.0758159
0.0741583
0.0725439
0.0709699
0.0694339
0.0679339
0.0664678
0.0650342
0.0636317
0.0622593
0.0609164
0.0596025
0.0583177
0.0570622
0.0558365
0.0546414
0.0534779
0.0523471
0.0512504
0.0501893
0.049165
0.0481793
0.0472335
0.0463292
0.0454679
0.0446511
0.0438805
0.0431579
0.0424852
0.0418648
0.0412996
0.0407929
0.0403493
0.0399745
0.0396759
0.0394632
0.0393487
0.961693
0.892186
0.829087
0.77173
0.719525
0.671946
0.628524
0.588843
0.55253
0.519253
0.488717
0.460656
0.434834
0.41104
0.389084
0.368796
0.350024
0.332631
0.316494
0.301502
0.287556
0.274566
0.262451
0.251137
0.24056
0.230658
0.221378
0.21267
0.20449
0.196796
0.189552
0.182724
0.176282
0.170196
0.164442
0.158996
0.153836
0.148942
0.144297
0.139883
0.135685
0.131688
0.12788
0.124249
0.120783
0.117472
0.114305
0.111275
0.108372
0.105589
0.102919
0.100355
0.0978893
0.0955173
0.0932329
0.0910308
0.088906
0.0868537
0.0848695
0.0829491
0.0810885
0.079284
0.077532
0.0758292
0.0741724
0.0725588
0.0709857
0.0694507
0.0679516
0.0664866
0.065054
0.0636525
0.0622811
0.0609391
0.0596262
0.0583423
0.0570876
0.0558626
0.0546681
0.0535051
0.0523747
0.0512783
0.0502172
0.049193
0.048207
0.047261
0.0463562
0.0454944
0.0446771
0.0439059
0.0431825
0.0425091
0.0418879
0.0413218
0.0408144
0.0403701
0.0399947
0.0396956
0.0394825
0.0393677
0.961693
0.892186
0.829087
0.77173
0.719525
0.671946
0.628524
0.588843
0.55253
0.519253
0.488717
0.460656
0.434835
0.411041
0.389085
0.368797
0.350025
0.332632
0.316495
0.301503
0.287557
0.274567
0.262452
0.251139
0.240562
0.23066
0.22138
0.212672
0.204492
0.196799
0.189555
0.182727
0.176285
0.170199
0.164445
0.158999
0.153839
0.148946
0.144301
0.139887
0.135689
0.131692
0.127885
0.124254
0.120788
0.117477
0.114311
0.111281
0.108378
0.105596
0.102926
0.100362
0.0978966
0.095525
0.0932411
0.0910394
0.0889151
0.0868634
0.0848797
0.0829599
0.0811
0.0792962
0.077545
0.075843
0.074187
0.0725743
0.0710022
0.0694682
0.0679701
0.0665061
0.0650745
0.0636741
0.0623037
0.0609628
0.0596508
0.0583678
0.0571139
0.0558897
0.0546958
0.0535333
0.0524033
0.0513071
0.0502462
0.0492219
0.0482358
0.0472895
0.0463843
0.045522
0.0447041
0.0439321
0.0432081
0.0425339
0.0419119
0.041345
0.0408368
0.0403918
0.0400157
0.0397161
0.0395025
0.0393876
0.961693
0.892186
0.829087
0.77173
0.719525
0.671946
0.628524
0.588843
0.55253
0.519254
0.488717
0.460657
0.434836
0.411042
0.389086
0.368798
0.350026
0.332633
0.316496
0.301504
0.287559
0.274569
0.262454
0.251141
0.240564
0.230662
0.221382
0.212675
0.204494
0.196801
0.189557
0.18273
0.176288
0.170202
0.164449
0.159003
0.153843
0.14895
0.144304
0.139891
0.135693
0.131697
0.127889
0.124259
0.120793
0.117482
0.114316
0.111286
0.108384
0.105602
0.102933
0.100369
0.0979042
0.095533
0.0932495
0.0910484
0.0889245
0.0868734
0.0848903
0.0829712
0.0811119
0.0793089
0.0775584
0.0758572
0.0742022
0.0725904
0.0710192
0.0694862
0.0679891
0.0665262
0.0650957
0.0636963
0.062327
0.0609871
0.0596761
0.058394
0.057141
0.0559175
0.0547243
0.0535623
0.0524327
0.0513368
0.050276
0.0492517
0.0482654
0.0473188
0.0464132
0.0455504
0.0447318
0.0439592
0.0432344
0.0425594
0.0419366
0.0413689
0.0408599
0.0404142
0.0400375
0.0397373
0.0395233
0.0394081
0.961693
0.892186
0.829087
0.77173
0.719525
0.671946
0.628525
0.588843
0.55253
0.519254
0.488718
0.460657
0.434836
0.411042
0.389087
0.368799
0.350027
0.332634
0.316497
0.301506
0.28756
0.27457
0.262456
0.251143
0.240566
0.230664
0.221384
0.212677
0.204497
0.196804
0.18956
0.182733
0.176291
0.170205
0.164452
0.159006
0.153846
0.148953
0.144308
0.139895
0.135697
0.131701
0.127894
0.124264
0.120798
0.117487
0.114322
0.111292
0.108391
0.105609
0.10294
0.100376
0.097912
0.0955412
0.0932582
0.0910575
0.0889343
0.0868836
0.0849012
0.0829827
0.0811242
0.0793219
0.0775722
0.0758719
0.0742177
0.0726069
0.0710367
0.0695047
0.0680087
0.0665468
0.0651174
0.0637191
0.0623509
0.061012
0.059702
0.0584209
0.0571687
0.055946
0.0547534
0.053592
0.0524628
0.0513672
0.0503065
0.0492821
0.0482957
0.0473488
0.0464428
0.0455795
0.0447603
0.043987
0.0432614
0.0425856
0.041962
0.0413935
0.0408837
0.0404372
0.0400597
0.039759
0.0395445
0.0394291
0.961693
0.892186
0.829086
0.77173
0.719525
0.671946
0.628525
0.588843
0.55253
0.519254
0.488718
0.460658
0.434837
0.411043
0.389087
0.3688
0.350028
0.332635
0.316498
0.301507
0.287561
0.274572
0.262457
0.251145
0.240567
0.230666
0.221387
0.212679
0.204499
0.196806
0.189563
0.182735
0.176293
0.170209
0.164455
0.159009
0.15385
0.148957
0.144312
0.139899
0.135702
0.131706
0.127899
0.124269
0.120803
0.117493
0.114328
0.111299
0.108397
0.105616
0.102947
0.100384
0.0979199
0.0955496
0.0932671
0.0910669
0.0889442
0.0868942
0.0849124
0.0829945
0.0811367
0.0793352
0.0775863
0.0758868
0.0742336
0.0726237
0.0710545
0.0695235
0.0680286
0.0665678
0.0651395
0.0637423
0.0623751
0.0610373
0.0597284
0.0584482
0.0571969
0.0559749
0.0547831
0.0536222
0.0524934
0.051398
0.0503375
0.0493131
0.0483266
0.0473793
0.046473
0.0456091
0.0447893
0.0440153
0.0432889
0.0426123
0.0419878
0.0414185
0.0409079
0.0404606
0.0400825
0.0397811
0.0395663
0.0394506
0.961693
0.892186
0.829086
0.77173
0.719525
0.671946
0.628525
0.588843
0.552531
0.519254
0.488718
0.460658
0.434837
0.411044
0.389088
0.368801
0.350029
0.332636
0.316499
0.301508
0.287563
0.274573
0.262459
0.251146
0.240569
0.230668
0.221389
0.212681
0.204502
0.196809
0.189565
0.182738
0.176296
0.170212
0.164458
0.159013
0.153854
0.148961
0.144316
0.139903
0.135706
0.131711
0.127904
0.124274
0.120809
0.117499
0.114334
0.111305
0.108404
0.105623
0.102954
0.100391
0.0979281
0.0955582
0.0932761
0.0910765
0.0889543
0.0869049
0.0849237
0.0830066
0.0811495
0.0793487
0.0776007
0.0759021
0.0742497
0.0726408
0.0710726
0.0695426
0.0680488
0.0665891
0.0651619
0.0637658
0.0623998
0.061063
0.0597551
0.0584758
0.0572254
0.0560042
0.054813
0.0536527
0.0525244
0.0514293
0.0503689
0.0493445
0.0483578
0.0474103
0.0465035
0.0456391
0.0448186
0.0440439
0.0433168
0.0426394
0.0420141
0.0414439
0.0409325
0.0404844
0.0401056
0.0398036
0.0395883
0.0394724
0.961693
0.892186
0.829086
0.77173
0.719525
0.671946
0.628525
0.588844
0.552531
0.519255
0.488719
0.460658
0.434838
0.411044
0.389089
0.368801
0.35003
0.332637
0.316501
0.301509
0.287564
0.274575
0.26246
0.251148
0.240571
0.23067
0.221391
0.212684
0.204504
0.196811
0.189568
0.182741
0.176299
0.170215
0.164462
0.159016
0.153857
0.148965
0.14432
0.139907
0.13571
0.131715
0.127909
0.124279
0.120814
0.117504
0.11434
0.111311
0.10841
0.10563
0.102961
0.100399
0.0979363
0.0955669
0.0932853
0.0910862
0.0889646
0.0869158
0.0849352
0.0830188
0.0811624
0.0793624
0.0776152
0.0759174
0.074266
0.0726581
0.0710909
0.069562
0.0680692
0.0666106
0.0651845
0.0637895
0.0624246
0.0610889
0.059782
0.0585037
0.0572542
0.0560338
0.0548433
0.0536835
0.0525556
0.0514608
0.0504005
0.0493762
0.0483893
0.0474415
0.0465343
0.0456694
0.0448483
0.0440729
0.043345
0.0426667
0.0420406
0.0414696
0.0409573
0.0405085
0.040129
0.0398264
0.0396106
0.0394944
0.961693
0.892186
0.829086
0.77173
0.719525
0.671946
0.628525
0.588844
0.552531
0.519255
0.488719
0.460659
0.434838
0.411045
0.389089
0.368802
0.350031
0.332638
0.316502
0.301511
0.287565
0.274576
0.262462
0.25115
0.240573
0.230672
0.221393
0.212686
0.204506
0.196814
0.189571
0.182744
0.176302
0.170218
0.164465
0.15902
0.153861
0.148969
0.144324
0.139912
0.135715
0.13172
0.127914
0.124284
0.12082
0.11751
0.114346
0.111318
0.108417
0.105637
0.102969
0.100407
0.0979446
0.0955757
0.0932946
0.091096
0.088975
0.0869267
0.0849468
0.0830311
0.0811754
0.0793762
0.0776298
0.0759329
0.0742825
0.0726755
0.0711093
0.0695814
0.0680897
0.0666322
0.0652072
0.0638133
0.0624495
0.0611149
0.059809
0.0585317
0.057283
0.0560634
0.0548736
0.0537144
0.0525869
0.0514924
0.0504323
0.0494079
0.0484209
0.0474728
0.0465653
0.0456998
0.0448781
0.044102
0.0433733
0.0426942
0.0420673
0.0414954
0.0409823
0.0405327
0.0401525
0.0398493
0.0396331
0.0395166
0.961693
0.892186
0.829086
0.77173
0.719525
0.671946
0.628525
0.588844
0.552531
0.519255
0.488719
0.460659
0.434838
0.411045
0.38909
0.368803
0.350031
0.332639
0.316503
0.301512
0.287566
0.274577
0.262463
0.251151
0.240575
0.230674
0.221395
0.212688
0.204509
0.196816
0.189573
0.182747
0.176305
0.170221
0.164468
0.159023
0.153865
0.148972
0.144328
0.139916
0.135719
0.131725
0.127919
0.124289
0.120825
0.117516
0.114352
0.111324
0.108424
0.105644
0.102976
0.100415
0.097953
0.0955845
0.0933039
0.0911059
0.0889854
0.0869377
0.0849585
0.0830434
0.0811885
0.0793901
0.0776445
0.0759485
0.0742989
0.0726929
0.0711277
0.0696009
0.0681102
0.0666538
0.0652299
0.0638372
0.0624744
0.0611408
0.059836
0.0585596
0.0573119
0.0560931
0.0549039
0.0537453
0.0526182
0.051524
0.050464
0.0494397
0.0484526
0.0475042
0.0465962
0.0457302
0.0449079
0.0441311
0.0434017
0.0427218
0.042094
0.0415213
0.0410074
0.0405569
0.040176
0.0398722
0.0396555
0.0395388
0.961693
0.892186
0.829086
0.77173
0.719525
0.671946
0.628525
0.588844
0.552531
0.519255
0.488719
0.460659
0.434839
0.411045
0.38909
0.368803
0.350032
0.33264
0.316504
0.301513
0.287568
0.274579
0.262465
0.251153
0.240576
0.230676
0.221397
0.21269
0.204511
0.196818
0.189576
0.182749
0.176308
0.170224
0.164472
0.159027
0.153868
0.148976
0.144332
0.13992
0.135724
0.13173
0.127924
0.124295
0.120831
0.117522
0.114358
0.11133
0.108431
0.105651
0.102984
0.100423
0.0979613
0.0955933
0.0933132
0.0911157
0.0889958
0.0869488
0.0849701
0.0830558
0.0812016
0.0794039
0.0776592
0.075964
0.0743154
0.0727103
0.0711461
0.0696203
0.0681307
0.0666754
0.0652526
0.0638609
0.0624992
0.0611667
0.0598629
0.0585875
0.0573406
0.0561226
0.0549341
0.0537761
0.0526494
0.0515555
0.0504957
0.0494714
0.0484841
0.0475355
0.0466271
0.0457606
0.0449377
0.0441602
0.04343
0.0427493
0.0421207
0.0415471
0.0410324
0.0405812
0.0401996
0.0398952
0.039678
0.039561
0.961693
0.892186
0.829086
0.77173
0.719525
0.671946
0.628525
0.588844
0.552531
0.519255
0.488719
0.46066
0.434839
0.411046
0.389091
0.368804
0.350033
0.332641
0.316504
0.301514
0.287569
0.27458
0.262466
0.251154
0.240578
0.230678
0.221399
0.212692
0.204513
0.196821
0.189578
0.182752
0.176311
0.170227
0.164475
0.15903
0.153872
0.14898
0.144337
0.139924
0.135728
0.131734
0.127929
0.1243
0.120836
0.117528
0.114364
0.111337
0.108437
0.105658
0.102991
0.100431
0.0979697
0.0956021
0.0933225
0.0911255
0.0890062
0.0869597
0.0849818
0.0830681
0.0812146
0.0794177
0.0776738
0.0759795
0.0743317
0.0727276
0.0711644
0.0696396
0.0681511
0.0666968
0.0652751
0.0638845
0.0625239
0.0611925
0.0598896
0.0586152
0.0573691
0.0561519
0.0549641
0.0538066
0.0526804
0.0515868
0.0505271
0.0495028
0.0485154
0.0475665
0.0466578
0.0457908
0.0449673
0.0441891
0.0434582
0.0427767
0.0421472
0.0415728
0.0410573
0.0406053
0.040223
0.039918
0.0397004
0.039583
0.961693
0.892186
0.829086
0.77173
0.719525
0.671946
0.628525
0.588844
0.552531
0.519255
0.48872
0.46066
0.434839
0.411046
0.389091
0.368804
0.350033
0.332641
0.316505
0.301515
0.28757
0.274581
0.262468
0.251156
0.24058
0.230679
0.221401
0.212694
0.204515
0.196823
0.189581
0.182755
0.176314
0.17023
0.164478
0.159034
0.153876
0.148984
0.14434
0.139929
0.135733
0.131739
0.127934
0.124305
0.120842
0.117533
0.11437
0.111343
0.108444
0.105665
0.102999
0.100439
0.097978
0.0956109
0.0933318
0.0911353
0.0890165
0.0869706
0.0849933
0.0830803
0.0812275
0.0794314
0.0776883
0.0759948
0.074348
0.0727447
0.0711825
0.0696587
0.0681712
0.066718
0.0652974
0.0639079
0.0625483
0.0612179
0.059916
0.0586425
0.0573974
0.0561809
0.0549938
0.0538368
0.0527111
0.0516178
0.0505582
0.0495339
0.0485464
0.0475973
0.0466882
0.0458207
0.0449966
0.0442178
0.0434861
0.0428038
0.0421735
0.0415983
0.041082
0.0406293
0.0402462
0.0399406
0.0397225
0.039605
0.961693
0.892186
0.829086
0.77173
0.719525
0.671946
0.628525
0.588844
0.552531
0.519255
0.48872
0.46066
0.43484
0.411047
0.389092
0.368805
0.350034
0.332642
0.316506
0.301516
0.287571
0.274582
0.262469
0.251157
0.240581
0.230681
0.221403
0.212696
0.204517
0.196826
0.189583
0.182757
0.176317
0.170233
0.164481
0.159037
0.153879
0.148988
0.144344
0.139933
0.135737
0.131743
0.127939
0.12431
0.120847
0.117539
0.114376
0.111349
0.108451
0.105672
0.103006
0.100446
0.0979862
0.0956195
0.0933409
0.0911449
0.0890267
0.0869814
0.0850047
0.0830923
0.0812403
0.0794449
0.0777026
0.07601
0.074364
0.0727617
0.0712004
0.0696776
0.0681912
0.066739
0.0653194
0.0639309
0.0625724
0.061243
0.0599421
0.0586695
0.0574252
0.0562095
0.0550231
0.0538666
0.0527413
0.0516483
0.0505889
0.0495646
0.048577
0.0476277
0.0467182
0.0458502
0.0450256
0.0442461
0.0435137
0.0428306
0.0421996
0.0416235
0.0411064
0.0406529
0.0402692
0.039963
0.0397445
0.0396266
0.961693
0.892186
0.829086
0.77173
0.719525
0.671946
0.628525
0.588844
0.552531
0.519255
0.48872
0.46066
0.43484
0.411047
0.389092
0.368806
0.350035
0.332643
0.316507
0.301517
0.287572
0.274584
0.26247
0.251159
0.240583
0.230683
0.221404
0.212698
0.204519
0.196828
0.189586
0.18276
0.176319
0.170236
0.164484
0.15904
0.153882
0.148991
0.144348
0.139937
0.135741
0.131748
0.127943
0.124315
0.120852
0.117545
0.114382
0.111356
0.108457
0.105679
0.103014
0.100454
0.0979943
0.0956281
0.0933499
0.0911545
0.0890368
0.0869921
0.085016
0.0831042
0.0812529
0.0794582
0.0777167
0.0760249
0.0743798
0.0727784
0.071218
0.0696962
0.0682107
0.0667596
0.065341
0.0639536
0.0625961
0.0612677
0.0599677
0.058696
0.0574526
0.0562376
0.0550518
0.0538959
0.052771
0.0516783
0.0506191
0.0495949
0.0486071
0.0476575
0.0467477
0.0458793
0.0450541
0.0442739
0.0435408
0.0428571
0.0422252
0.0416484
0.0411305
0.0406762
0.0402918
0.039985
0.039766
0.0396479
0.961693
0.892186
0.829086
0.77173
0.719525
0.671946
0.628525
0.588844
0.552531
0.519256
0.48872
0.46066
0.43484
0.411047
0.389093
0.368806
0.350035
0.332643
0.316508
0.301517
0.287573
0.274585
0.262471
0.25116
0.240584
0.230684
0.221406
0.2127
0.204522
0.19683
0.189588
0.182762
0.176322
0.170239
0.164487
0.159043
0.153886
0.148995
0.144352
0.139941
0.135746
0.131752
0.127948
0.12432
0.120858
0.11755
0.114388
0.111362
0.108464
0.105686
0.103021
0.100462
0.0980022
0.0956365
0.0933588
0.0911638
0.0890467
0.0870025
0.085027
0.0831159
0.0812653
0.0794713
0.0777305
0.0760395
0.0743953
0.0727947
0.0712353
0.0697145
0.0682299
0.0667798
0.0653622
0.0639758
0.0626193
0.0612918
0.0599929
0.058722
0.0574794
0.0562652
0.05508
0.0539247
0.0528002
0.0517077
0.0506487
0.0496245
0.0486367
0.0476868
0.0467767
0.0459078
0.0450821
0.0443013
0.0435675
0.042883
0.0422504
0.0416728
0.0411541
0.0406991
0.040314
0.0400067
0.0397872
0.0396688
0.961693
0.892186
0.829086
0.77173
0.719525
0.671946
0.628525
0.588844
0.552531
0.519256
0.48872
0.460661
0.43484
0.411048
0.389093
0.368806
0.350036
0.332644
0.316508
0.301518
0.287574
0.274586
0.262472
0.251161
0.240586
0.230686
0.221408
0.212702
0.204523
0.196832
0.18959
0.182765
0.176325
0.170242
0.16449
0.159046
0.153889
0.148998
0.144356
0.139945
0.13575
0.131757
0.127953
0.124325
0.120863
0.117555
0.114393
0.111368
0.10847
0.105692
0.103028
0.100469
0.09801
0.0956447
0.0933675
0.091173
0.0890563
0.0870128
0.0850379
0.0831274
0.0812774
0.0794841
0.0777441
0.0760539
0.0744104
0.0728107
0.0712522
0.0697323
0.0682487
0.0667995
0.0653829
0.0639975
0.062642
0.0613155
0.0600174
0.0587474
0.0575055
0.0562921
0.0551075
0.0539527
0.0528286
0.0517365
0.0506776
0.0496534
0.0486655
0.0477155
0.046805
0.0459357
0.0451094
0.0443281
0.0435936
0.0429084
0.042275
0.0416966
0.0411772
0.0407215
0.0403358
0.0400279
0.039808
0.0396893
0.961693
0.892186
0.829086
0.77173
0.719525
0.671946
0.628525
0.588844
0.552531
0.519256
0.48872
0.460661
0.434841
0.411048
0.389093
0.368807
0.350036
0.332645
0.316509
0.301519
0.287575
0.274587
0.262474
0.251162
0.240587
0.230687
0.221409
0.212704
0.204525
0.196834
0.189593
0.182767
0.176327
0.170244
0.164493
0.159049
0.153892
0.149002
0.144359
0.139948
0.135754
0.131761
0.127957
0.12433
0.120868
0.117561
0.114399
0.111374
0.108476
0.105699
0.103035
0.100476
0.0980176
0.0956527
0.0933759
0.0911819
0.0890658
0.0870228
0.0850484
0.0831386
0.0812892
0.0794966
0.0777573
0.0760679
0.0744252
0.0728263
0.0712687
0.0697496
0.068267
0.0668188
0.0654031
0.0640186
0.062664
0.0613385
0.0600413
0.0587721
0.057531
0.0563183
0.0551343
0.05398
0.0528563
0.0517645
0.0507057
0.0496816
0.0486936
0.0477434
0.0468326
0.0459629
0.0451361
0.0443541
0.043619
0.0429331
0.042299
0.0417199
0.0411998
0.0407434
0.040357
0.0400485
0.0398282
0.0397093
0.961693
0.892186
0.829086
0.77173
0.719525
0.671946
0.628525
0.588844
0.552532
0.519256
0.48872
0.460661
0.434841
0.411048
0.389094
0.368807
0.350037
0.332645
0.31651
0.30152
0.287576
0.274588
0.262475
0.251164
0.240588
0.230689
0.221411
0.212705
0.204527
0.196836
0.189595
0.182769
0.17633
0.170247
0.164496
0.159052
0.153895
0.149005
0.144363
0.139952
0.135758
0.131765
0.127961
0.124334
0.120872
0.117566
0.114404
0.111379
0.108482
0.105705
0.103041
0.100483
0.098025
0.0956605
0.0933842
0.0911907
0.089075
0.0870325
0.0850587
0.0831494
0.0813007
0.0795088
0.0777701
0.0760814
0.0744395
0.0728415
0.0712847
0.0697665
0.0682848
0.0668374
0.0654227
0.0640391
0.0626854
0.0613608
0.0600644
0.0587961
0.0575558
0.0563437
0.0551603
0.0540065
0.0528832
0.0517916
0.0507331
0.049709
0.0487209
0.0477705
0.0468594
0.0459893
0.045162
0.0443795
0.0436438
0.0429572
0.0423224
0.0417426
0.0412217
0.0407646
0.0403776
0.0400686
0.0398479
0.0397287
0.961693
0.892186
0.829086
0.771729
0.719525
0.671946
0.628525
0.588844
0.552532
0.519256
0.488721
0.460661
0.434841
0.411048
0.389094
0.368808
0.350037
0.332646
0.31651
0.301521
0.287576
0.274589
0.262476
0.251165
0.24059
0.23069
0.221412
0.212707
0.204529
0.196838
0.189597
0.182772
0.176332
0.170249
0.164498
0.159055
0.153898
0.149008
0.144366
0.139956
0.135761
0.131769
0.127966
0.124339
0.120877
0.117571
0.114409
0.111385
0.108488
0.105711
0.103048
0.10049
0.0980322
0.0956681
0.0933922
0.0911991
0.0890839
0.0870419
0.0850686
0.0831599
0.0813118
0.0795205
0.0777826
0.0760946
0.0744534
0.0728562
0.0713001
0.0697828
0.0683019
0.0668555
0.0654416
0.0640589
0.0627062
0.0613823
0.0600868
0.0588193
0.0575797
0.0563682
0.0551855
0.0540322
0.0529092
0.0518179
0.0507595
0.0497355
0.0487474
0.0477968
0.0468853
0.0460149
0.0451871
0.0444041
0.0436677
0.0429805
0.042345
0.0417645
0.041243
0.0407852
0.0403976
0.0400881
0.039867
0.0397476
0.961693
0.892186
0.829086
0.771729
0.719525
0.671946
0.628525
0.588844
0.552532
0.519256
0.488721
0.460661
0.434841
0.411049
0.389094
0.368808
0.350038
0.332646
0.316511
0.301521
0.287577
0.274589
0.262477
0.251166
0.240591
0.230691
0.221414
0.212708
0.204531
0.19684
0.189599
0.182774
0.176334
0.170252
0.164501
0.159058
0.153901
0.149011
0.144369
0.139959
0.135765
0.131773
0.12797
0.124343
0.120882
0.117575
0.114415
0.11139
0.108493
0.105717
0.103054
0.100497
0.0980391
0.0956754
0.0933999
0.0912072
0.0890925
0.087051
0.0850782
0.0831701
0.0813226
0.0795319
0.0777946
0.0761072
0.0744668
0.0728703
0.0713151
0.0697985
0.0683185
0.0668729
0.0654599
0.0640781
0.0627261
0.0614031
0.0601084
0.0588416
0.0576027
0.0563919
0.0552097
0.0540569
0.0529343
0.0518433
0.050785
0.049761
0.0487728
0.0478221
0.0469104
0.0460395
0.0452114
0.0444278
0.0436909
0.043003
0.0423669
0.0417857
0.0412635
0.0408051
0.0404169
0.0401069
0.0398854
0.0397657
0.961693
0.892186
0.829086
0.771729
0.719525
0.671946
0.628525
0.588844
0.552532
0.519256
0.488721
0.460661
0.434841
0.411049
0.389095
0.368808
0.350038
0.332647
0.316512
0.301522
0.287578
0.27459
0.262478
0.251167
0.240592
0.230693
0.221415
0.21271
0.204532
0.196841
0.1896
0.182776
0.176336
0.170254
0.164503
0.15906
0.153904
0.149014
0.144372
0.139962
0.135768
0.131777
0.127973
0.124347
0.120886
0.11758
0.114419
0.111395
0.108499
0.105723
0.10306
0.100503
0.0980457
0.0956824
0.0934073
0.0912151
0.0891008
0.0870597
0.0850875
0.0831799
0.0813329
0.0795428
0.0778061
0.0761194
0.0744797
0.0728839
0.0713294
0.0698136
0.0683344
0.0668896
0.0654774
0.0640964
0.0627453
0.0614231
0.0601291
0.0588631
0.0576248
0.0564146
0.055233
0.0540806
0.0529584
0.0518676
0.0508095
0.0497856
0.0487973
0.0478464
0.0469344
0.0460633
0.0452347
0.0444506
0.0437131
0.0430246
0.0423879
0.0418061
0.0412832
0.0408243
0.0404355
0.040125
0.0399031
0.0397832
0.961693
0.892186
0.829086
0.771729
0.719525
0.671946
0.628525
0.588844
0.552532
0.519256
0.488721
0.460662
0.434842
0.411049
0.389095
0.368809
0.350038
0.332647
0.316512
0.301522
0.287579
0.274591
0.262478
0.251168
0.240593
0.230694
0.221416
0.212711
0.204534
0.196843
0.189602
0.182778
0.176338
0.170256
0.164506
0.159063
0.153907
0.149017
0.144375
0.139965
0.135772
0.13178
0.127977
0.124351
0.12089
0.117584
0.114424
0.1114
0.108504
0.105728
0.103065
0.100509
0.0980521
0.0956891
0.0934144
0.0912226
0.0891087
0.0870681
0.0850963
0.0831892
0.0813427
0.0795532
0.0778171
0.0761311
0.074492
0.0728969
0.0713431
0.0698281
0.0683496
0.0669055
0.0654942
0.0641139
0.0627636
0.0614421
0.0601489
0.0588836
0.057646
0.0564364
0.0552552
0.0541032
0.0529814
0.0518909
0.0508329
0.049809
0.0488207
0.0478696
0.0469575
0.046086
0.0452569
0.0444724
0.0437344
0.0430453
0.042408
0.0418256
0.0413021
0.0408426
0.0404533
0.0401423
0.0399201
0.0397999
0.961692
0.892186
0.829086
0.771729
0.719525
0.671946
0.628525
0.588844
0.552532
0.519256
0.488721
0.460662
0.434842
0.411049
0.389095
0.368809
0.350039
0.332648
0.316513
0.301523
0.287579
0.274592
0.262479
0.251169
0.240594
0.230695
0.221418
0.212713
0.204535
0.196845
0.189604
0.182779
0.17634
0.170258
0.164508
0.159065
0.153909
0.149019
0.144378
0.139968
0.135775
0.131783
0.127981
0.124355
0.120894
0.117588
0.114428
0.111405
0.108509
0.105733
0.103071
0.100515
0.0980582
0.0956955
0.0934211
0.0912297
0.0891162
0.0870761
0.0851047
0.0831981
0.0813522
0.0795632
0.0778276
0.0761422
0.0745037
0.0729093
0.0713561
0.0698418
0.068364
0.0669207
0.0655101
0.0641306
0.062781
0.0614603
0.0601678
0.0589031
0.0576661
0.0564571
0.0552764
0.0541248
0.0530033
0.051913
0.0508552
0.0498314
0.048843
0.0478918
0.0469794
0.0461076
0.0452782
0.0444932
0.0437547
0.0430651
0.0424272
0.0418442
0.0413202
0.0408601
0.0404703
0.0401589
0.0399362
0.0398159
0.961692
0.892186
0.829086
0.771729
0.719525
0.671946
0.628525
0.588844
0.552532
0.519256
0.488721
0.460662
0.434842
0.41105
0.389095
0.368809
0.350039
0.332648
0.316513
0.301524
0.28758
0.274592
0.26248
0.25117
0.240595
0.230696
0.221419
0.212714
0.204536
0.196846
0.189605
0.182781
0.176342
0.17026
0.16451
0.159067
0.153911
0.149022
0.144381
0.139971
0.135778
0.131787
0.127984
0.124358
0.120898
0.117592
0.114432
0.111409
0.108514
0.105738
0.103076
0.10052
0.0980639
0.0957016
0.0934276
0.0912365
0.0891234
0.0870836
0.0851127
0.0832065
0.0813611
0.0795726
0.0778376
0.0761527
0.0745148
0.072921
0.0713685
0.0698548
0.0683777
0.0669351
0.0655252
0.0641464
0.0627975
0.0614775
0.0601856
0.0589216
0.0576852
0.0564766
0.0552964
0.0541453
0.0530241
0.051934
0.0508764
0.0498526
0.0488642
0.0479128
0.0470002
0.0461281
0.0452983
0.0445129
0.0437739
0.0430839
0.0424454
0.0418619
0.0413373
0.0408767
0.0404864
0.0401745
0.0399516
0.039831
0.961692
0.892185
0.829086
0.771729
0.719525
0.671946
0.628525
0.588844
0.552532
0.519256
0.488721
0.460662
0.434842
0.41105
0.389096
0.36881
0.350039
0.332648
0.316514
0.301524
0.287581
0.274593
0.262481
0.25117
0.240596
0.230697
0.22142
0.212715
0.204538
0.196847
0.189607
0.182783
0.176344
0.170262
0.164512
0.15907
0.153914
0.149024
0.144383
0.139974
0.135781
0.13179
0.127987
0.124361
0.120901
0.117596
0.114436
0.111413
0.108518
0.105743
0.103081
0.100525
0.0980694
0.0957073
0.0934336
0.0912429
0.0891301
0.0870907
0.0851203
0.0832145
0.0813695
0.0795815
0.077847
0.0761626
0.0745253
0.072932
0.0713801
0.0698671
0.0683907
0.0669487
0.0655394
0.0641613
0.0628131
0.0614937
0.0602024
0.058939
0.0577031
0.0564951
0.0553154
0.0541646
0.0530437
0.0519538
0.0508963
0.0498726
0.0488841
0.0479327
0.0470199
0.0461475
0.0453174
0.0445315
0.0437921
0.0431016
0.0424626
0.0418785
0.0413535
0.0408923
0.0405016
0.0401894
0.0399661
0.0398453
0.961692
0.892185
0.829086
0.771729
0.719525
0.671946
0.628525
0.588844
0.552532
0.519256
0.488721
0.460662
0.434842
0.41105
0.389096
0.36881
0.35004
0.332649
0.316514
0.301525
0.287581
0.274594
0.262481
0.251171
0.240597
0.230698
0.221421
0.212716
0.204539
0.196849
0.189608
0.182784
0.176345
0.170264
0.164514
0.159071
0.153916
0.149027
0.144386
0.139976
0.135783
0.131792
0.12799
0.124365
0.120905
0.1176
0.11444
0.111417
0.108522
0.105747
0.103086
0.10053
0.0980744
0.0957127
0.0934393
0.0912488
0.0891365
0.0870974
0.0851273
0.0832219
0.0813774
0.0795898
0.0778558
0.0761719
0.0745351
0.0729424
0.0713911
0.0698786
0.0684028
0.0669614
0.0655528
0.0641753
0.0628276
0.0615088
0.0602182
0.0589553
0.05772
0.0565124
0.0553331
0.0541826
0.053062
0.0519724
0.050915
0.0498913
0.0489029
0.0479513
0.0470383
0.0461656
0.0453352
0.044549
0.0438092
0.0431182
0.0424787
0.0418942
0.0413686
0.040907
0.0405159
0.0402033
0.0399797
0.0398588
0.961692
0.892185
0.829086
0.771729
0.719525
0.671946
0.628525
0.588844
0.552532
0.519256
0.488721
0.460662
0.434842
0.41105
0.389096
0.36881
0.35004
0.332649
0.316514
0.301525
0.287582
0.274594
0.262482
0.251172
0.240597
0.230699
0.221422
0.212717
0.20454
0.19685
0.18961
0.182785
0.176347
0.170265
0.164515
0.159073
0.153918
0.149029
0.144388
0.139979
0.135786
0.131795
0.127993
0.124368
0.120908
0.117603
0.114444
0.111421
0.108526
0.105751
0.10309
0.100535
0.0980792
0.0957177
0.0934446
0.0912544
0.0891424
0.0871037
0.0851339
0.0832289
0.0813847
0.0795976
0.077864
0.0761806
0.0745442
0.072952
0.0714012
0.0698893
0.068414
0.0669732
0.0655652
0.0641883
0.0628412
0.061523
0.0602329
0.0589705
0.0577356
0.0565285
0.0553496
0.0541995
0.0530791
0.0519897
0.0509324
0.0499088
0.0489203
0.0479686
0.0470554
0.0461826
0.0453518
0.0445653
0.0438251
0.0431336
0.0424938
0.0419088
0.0413828
0.0409208
0.0405292
0.0402162
0.0399924
0.0398713
0.961692
0.892185
0.829086
0.771729
0.719525
0.671946
0.628525
0.588844
0.552532
0.519256
0.488721
0.460662
0.434842
0.41105
0.389096
0.36881
0.35004
0.332649
0.316515
0.301525
0.287582
0.274595
0.262483
0.251172
0.240598
0.2307
0.221423
0.212718
0.204541
0.196851
0.189611
0.182787
0.176348
0.170267
0.164517
0.159075
0.153919
0.14903
0.14439
0.139981
0.135788
0.131797
0.127995
0.12437
0.12091
0.117606
0.114447
0.111424
0.108529
0.105755
0.103094
0.100539
0.0980836
0.0957223
0.0934494
0.0912596
0.0891478
0.0871094
0.08514
0.0832353
0.0813915
0.0796047
0.0778715
0.0761886
0.0745527
0.0729609
0.0714106
0.0698992
0.0684244
0.0669842
0.0655766
0.0642003
0.0628537
0.061536
0.0602464
0.0589845
0.0577501
0.0565434
0.0553648
0.054215
0.0530949
0.0520057
0.0509485
0.0499249
0.0489364
0.0479846
0.0470713
0.0461982
0.0453672
0.0445804
0.0438398
0.043148
0.0425077
0.0419223
0.0413959
0.0409334
0.0405415
0.0402282
0.0400041
0.0398829
0.961692
0.892185
0.829086
0.771729
0.719525
0.671946
0.628525
0.588844
0.552532
0.519256
0.488721
0.460662
0.434842
0.41105
0.389096
0.36881
0.350041
0.33265
0.316515
0.301526
0.287582
0.274595
0.262483
0.251173
0.240599
0.2307
0.221423
0.212719
0.204542
0.196852
0.189612
0.182788
0.176349
0.170268
0.164518
0.159076
0.153921
0.149032
0.144392
0.139983
0.13579
0.1318
0.127998
0.124373
0.120913
0.117609
0.11445
0.111427
0.108533
0.105758
0.103097
0.100543
0.0980876
0.0957266
0.0934539
0.0912643
0.0891528
0.0871147
0.0851455
0.0832412
0.0813977
0.0796113
0.0778785
0.0761959
0.0745604
0.0729691
0.0714192
0.0699083
0.0684339
0.0669942
0.0655871
0.0642112
0.0628652
0.061548
0.0602588
0.0589974
0.0577634
0.056557
0.0553788
0.0542293
0.0531094
0.0520203
0.0509633
0.0499397
0.0489512
0.0479993
0.0470859
0.0462126
0.0453813
0.0445942
0.0438533
0.0431611
0.0425204
0.0419347
0.0414079
0.0409451
0.0405528
0.0402392
0.0400149
0.0398935
0.961692
0.892185
0.829086
0.771729
0.719525
0.671946
0.628525
0.588844
0.552532
0.519256
0.488721
0.460662
0.434842
0.41105
0.389096
0.368811
0.350041
0.33265
0.316515
0.301526
0.287583
0.274596
0.262484
0.251174
0.240599
0.230701
0.221424
0.21272
0.204543
0.196853
0.189613
0.182789
0.17635
0.170269
0.16452
0.159078
0.153922
0.149034
0.144393
0.139985
0.135792
0.131801
0.128
0.124375
0.120915
0.117611
0.114452
0.11143
0.108535
0.105762
0.103101
0.100546
0.0980912
0.0957304
0.093458
0.0912686
0.0891573
0.0871194
0.0851506
0.0832465
0.0814033
0.0796172
0.0778847
0.0762025
0.0745674
0.0729765
0.071427
0.0699165
0.0684426
0.0670032
0.0655966
0.0642212
0.0628756
0.0615588
0.0602701
0.059009
0.0577754
0.0565694
0.0553914
0.0542422
0.0531225
0.0520336
0.0509766
0.0499531
0.0489646
0.0480126
0.0470991
0.0462256
0.0453941
0.0446067
0.0438655
0.043173
0.042532
0.0419459
0.0414187
0.0409556
0.040563
0.0402492
0.0400247
0.0399031
0.961692
0.892185
0.829086
0.771729
0.719525
0.671946
0.628525
0.588844
0.552532
0.519256
0.488721
0.460662
0.434843
0.41105
0.389097
0.368811
0.350041
0.33265
0.316516
0.301526
0.287583
0.274596
0.262484
0.251174
0.2406
0.230701
0.221425
0.21272
0.204543
0.196854
0.189614
0.18279
0.176352
0.17027
0.164521
0.159079
0.153924
0.149035
0.144395
0.139986
0.135794
0.131803
0.128002
0.124377
0.120918
0.117613
0.114455
0.111432
0.108538
0.105764
0.103104
0.100549
0.0980945
0.0957338
0.0934616
0.0912724
0.0891613
0.0871237
0.0851551
0.0832513
0.0814083
0.0796225
0.0778904
0.0762084
0.0745736
0.0729831
0.071434
0.0699238
0.0684503
0.0670113
0.0656051
0.0642301
0.0628849
0.0615685
0.0602801
0.0590194
0.0577861
0.0565805
0.0554028
0.0542537
0.0531343
0.0520455
0.0509886
0.0499651
0.0489766
0.0480246
0.0471109
0.0462372
0.0454056
0.0446179
0.0438765
0.0431837
0.0425424
0.041956
0.0414285
0.0409651
0.0405722
0.0402581
0.0400334
0.0399117
0.961692
0.892185
0.829086
0.771729
0.719525
0.671946
0.628525
0.588844
0.552532
0.519256
0.488721
0.460662
0.434843
0.411051
0.389097
0.368811
0.350041
0.33265
0.316516
0.301527
0.287583
0.274596
0.262484
0.251174
0.2406
0.230702
0.221425
0.212721
0.204544
0.196854
0.189614
0.182791
0.176352
0.170271
0.164522
0.15908
0.153925
0.149036
0.144396
0.139988
0.135795
0.131805
0.128003
0.124379
0.120919
0.117615
0.114457
0.111434
0.10854
0.105767
0.103106
0.100552
0.0980973
0.0957369
0.0934648
0.0912758
0.0891649
0.0871275
0.085159
0.0832555
0.0814128
0.0796272
0.0778953
0.0762136
0.0745791
0.0729889
0.0714401
0.0699303
0.0684571
0.0670185
0.0656126
0.0642379
0.0628931
0.061577
0.060289
0.0590286
0.0577956
0.0565902
0.0554127
0.0542639
0.0531446
0.0520559
0.0509992
0.0499757
0.0489871
0.0480351
0.0471213
0.0462475
0.0454157
0.0446279
0.0438862
0.0431931
0.0425516
0.0419648
0.0414371
0.0409734
0.0405803
0.040266
0.0400411
0.0399193
0.961692
0.892185
0.829086
0.771729
0.719525
0.671946
0.628525
0.588844
0.552532
0.519256
0.488721
0.460662
0.434843
0.411051
0.389097
0.368811
0.350041
0.332651
0.316516
0.301527
0.287584
0.274597
0.262485
0.251175
0.240601
0.230702
0.221426
0.212721
0.204545
0.196855
0.189615
0.182791
0.176353
0.170272
0.164523
0.159081
0.153926
0.149037
0.144397
0.139989
0.135796
0.131806
0.128005
0.12438
0.120921
0.117617
0.114458
0.111436
0.108542
0.105769
0.103108
0.100554
0.0980998
0.0957395
0.0934675
0.0912787
0.0891679
0.0871307
0.0851624
0.0832591
0.0814166
0.0796312
0.0778995
0.0762181
0.0745839
0.0729939
0.0714454
0.0699358
0.0684629
0.0670246
0.0656191
0.0642447
0.0629001
0.0615843
0.0602966
0.0590365
0.0578038
0.0565986
0.0554214
0.0542727
0.0531535
0.052065
0.0510083
0.0499849
0.0489963
0.0480442
0.0471303
0.0462564
0.0454244
0.0446364
0.0438945
0.0432013
0.0425595
0.0419725
0.0414445
0.0409806
0.0405873
0.0402728
0.0400478
0.0399259
0.961692
0.892185
0.829086
0.771729
0.719525
0.671946
0.628525
0.588844
0.552532
0.519256
0.488722
0.460662
0.434843
0.411051
0.389097
0.368811
0.350041
0.332651
0.316516
0.301527
0.287584
0.274597
0.262485
0.251175
0.240601
0.230703
0.221426
0.212722
0.204545
0.196855
0.189616
0.182792
0.176354
0.170273
0.164523
0.159082
0.153927
0.149038
0.144398
0.13999
0.135797
0.131807
0.128006
0.124381
0.120922
0.117618
0.11446
0.111438
0.108544
0.105771
0.10311
0.100556
0.0981018
0.0957416
0.0934698
0.0912811
0.0891705
0.0871334
0.0851653
0.0832621
0.0814198
0.0796346
0.0779031
0.0762219
0.0745879
0.0729981
0.0714498
0.0699405
0.0684678
0.0670298
0.0656245
0.0642503
0.062906
0.0615905
0.060303
0.0590431
0.0578106
0.0566056
0.0554286
0.0542801
0.053161
0.0520726
0.0510159
0.0499925
0.049004
0.0480518
0.0471379
0.0462639
0.0454318
0.0446436
0.0439015
0.0432081
0.0425661
0.0419789
0.0414508
0.0409867
0.0405932
0.0402785
0.0400533
0.0399314
0.961692
0.892185
0.829086
0.771729
0.719525
0.671946
0.628525
0.588844
0.552532
0.519256
0.488722
0.460662
0.434843
0.411051
0.389097
0.368811
0.350041
0.332651
0.316516
0.301527
0.287584
0.274597
0.262485
0.251175
0.240601
0.230703
0.221426
0.212722
0.204546
0.196856
0.189616
0.182792
0.176354
0.170273
0.164524
0.159082
0.153927
0.149039
0.144399
0.139991
0.135798
0.131808
0.128007
0.124382
0.120923
0.117619
0.114461
0.111439
0.108545
0.105772
0.103112
0.100558
0.0981035
0.0957434
0.0934716
0.091283
0.0891726
0.0871356
0.0851676
0.0832645
0.0814223
0.0796373
0.077906
0.0762249
0.0745911
0.0730014
0.0714533
0.0699442
0.0684718
0.0670339
0.0656288
0.0642549
0.0629108
0.0615955
0.0603082
0.0590485
0.0578162
0.0566113
0.0554344
0.054286
0.0531671
0.0520787
0.0510221
0.0499987
0.0490102
0.048058
0.047144
0.0462699
0.0454377
0.0446494
0.0439072
0.0432136
0.0425715
0.0419841
0.0414558
0.0409916
0.0405979
0.0402831
0.0400578
0.0399358
0.961692
0.892185
0.829086
0.771729
0.719525
0.671946
0.628525
0.588844
0.552532
0.519256
0.488722
0.460663
0.434843
0.411051
0.389097
0.368811
0.350042
0.332651
0.316516
0.301527
0.287584
0.274597
0.262485
0.251175
0.240601
0.230703
0.221427
0.212722
0.204546
0.196856
0.189616
0.182793
0.176355
0.170274
0.164524
0.159083
0.153928
0.14904
0.144399
0.139991
0.135799
0.131809
0.128008
0.124383
0.120924
0.11762
0.114462
0.11144
0.108546
0.105773
0.103113
0.100559
0.0981047
0.0957447
0.093473
0.0912845
0.0891741
0.0871372
0.0851693
0.0832663
0.0814243
0.0796394
0.0779081
0.0762272
0.0745935
0.073004
0.071456
0.0699471
0.0684748
0.0670371
0.0656321
0.0642584
0.0629144
0.0615993
0.0603121
0.0590525
0.0578204
0.0566157
0.0554389
0.0542906
0.0531717
0.0520834
0.0510268
0.0500035
0.0490149
0.0480627
0.0471486
0.0462745
0.0454422
0.0446538
0.0439115
0.0432178
0.0425755
0.0419881
0.0414596
0.0409953
0.0406015
0.0402866
0.0400613
0.0399392
0.961692
0.892185
0.829086
0.771729
0.719525
0.671946
0.628525
0.588844
0.552532
0.519256
0.488722
0.460663
0.434843
0.411051
0.389097
0.368811
0.350042
0.332651
0.316516
0.301527
0.287584
0.274597
0.262485
0.251176
0.240602
0.230703
0.221427
0.212723
0.204546
0.196856
0.189617
0.182793
0.176355
0.170274
0.164525
0.159083
0.153928
0.14904
0.1444
0.139992
0.135799
0.131809
0.128008
0.124384
0.120925
0.117621
0.114463
0.111441
0.108547
0.105774
0.103113
0.10056
0.0981056
0.0957456
0.093474
0.0912855
0.0891751
0.0871383
0.0851705
0.0832676
0.0814256
0.0796407
0.0779096
0.0762287
0.0745951
0.0730057
0.0714578
0.069949
0.0684768
0.0670392
0.0656344
0.0642607
0.0629169
0.0616018
0.0603148
0.0590553
0.0578232
0.0566186
0.0554419
0.0542937
0.0531749
0.0520866
0.05103
0.0500067
0.0490181
0.0480659
0.0471518
0.0462776
0.0454453
0.0446568
0.0439145
0.0432207
0.0425783
0.0419908
0.0414622
0.0409978
0.0406039
0.040289
0.0400636
0.0399414
0.961692
0.892185
0.829086
0.771729
0.719525
0.671946
0.628525
0.588844
0.552532
0.519256
0.488722
0.460663
0.434843
0.411051
0.389097
0.368811
0.350042
0.332651
0.316516
0.301527
0.287584
0.274597
0.262486
0.251176
0.240602
0.230703
0.221427
0.212723
0.204546
0.196856
0.189617
0.182793
0.176355
0.170274
0.164525
0.159083
0.153928
0.14904
0.1444
0.139992
0.1358
0.13181
0.128008
0.124384
0.120925
0.117621
0.114463
0.111441
0.108547
0.105774
0.103114
0.10056
0.098106
0.095746
0.0934744
0.091286
0.0891757
0.0871388
0.0851711
0.0832682
0.0814262
0.0796414
0.0779103
0.0762295
0.0745959
0.0730066
0.0714588
0.06995
0.0684778
0.0670403
0.0656355
0.0642619
0.0629181
0.0616032
0.0603162
0.0590568
0.0578247
0.0566202
0.0554435
0.0542953
0.0531765
0.0520883
0.0510318
0.0500084
0.0490198
0.0480676
0.0471535
0.0462793
0.045447
0.0446585
0.043916
0.0432222
0.0425798
0.0419922
0.0414636
0.0409991
0.0406052
0.0402902
0.0400648
0.0399426
0.961692
0.892185
0.829086
0.771729
0.719525
0.671946
0.628525
0.588844
0.552532
0.519256
0.488722
0.460663
0.434843
0.411051
0.389097
0.368811
0.350042
0.332651
0.316516
0.301527
0.287584
0.274597
0.262486
0.251176
0.240602
0.230703
0.221427
0.212723
0.204546
0.196856
0.189617
0.182793
0.176355
0.170274
0.164525
0.159083
0.153928
0.14904
0.1444
0.139992
0.1358
0.13181
0.128008
0.124384
0.120925
0.117621
0.114463
0.111441
0.108547
0.105774
0.103114
0.10056
0.098106
0.095746
0.0934744
0.091286
0.0891757
0.0871389
0.0851711
0.0832682
0.0814262
0.0796415
0.0779103
0.0762296
0.074596
0.0730066
0.0714588
0.06995
0.0684779
0.0670404
0.0656356
0.064262
0.0629183
0.0616033
0.0603163
0.0590569
0.0578249
0.0566204
0.0554437
0.0542955
0.0531768
0.0520885
0.051032
0.0500087
0.0490201
0.0480679
0.0471538
0.0462796
0.0454472
0.0446587
0.0439162
0.0432224
0.04258
0.0419924
0.0414637
0.0409992
0.0406053
0.0402903
0.0400649
0.0399427
0.961692
0.892185
0.829086
0.771729
0.719525
0.671946
0.628525
0.588844
0.552532
0.519256
0.488722
0.460663
0.434843
0.411051
0.389097
0.368811
0.350042
0.332651
0.316516
0.301527
0.287584
0.274597
0.262485
0.251176
0.240602
0.230703
0.221427
0.212723
0.204546
0.196856
0.189617
0.182793
0.176355
0.170274
0.164525
0.159083
0.153928
0.14904
0.1444
0.139992
0.135799
0.131809
0.128008
0.124384
0.120925
0.117621
0.114463
0.111441
0.108547
0.105774
0.103113
0.10056
0.0981056
0.0957456
0.093474
0.0912855
0.0891752
0.0871383
0.0851705
0.0832676
0.0814256
0.0796408
0.0779097
0.0762288
0.0745952
0.0730059
0.071458
0.0699492
0.068477
0.0670395
0.0656347
0.064261
0.0629172
0.0616022
0.0603152
0.0590558
0.0578237
0.0566192
0.0554425
0.0542943
0.0531755
0.0520872
0.0510307
0.0500074
0.0490188
0.0480666
0.0471525
0.0462783
0.045446
0.0446575
0.0439151
0.0432212
0.0425788
0.0419913
0.0414627
0.0409982
0.0406043
0.0402893
0.0400639
0.0399417
0.961692
0.892185
0.829086
0.771729
0.719525
0.671946
0.628525
0.588844
0.552532
0.519256
0.488722
0.460663
0.434843
0.411051
0.389097
0.368811
0.350042
0.332651
0.316516
0.301527
0.287584
0.274597
0.262485
0.251175
0.240601
0.230703
0.221427
0.212722
0.204546
0.196856
0.189616
0.182793
0.176355
0.170274
0.164524
0.159083
0.153928
0.14904
0.1444
0.139991
0.135799
0.131809
0.128008
0.124383
0.120924
0.11762
0.114462
0.11144
0.108546
0.105773
0.103113
0.100559
0.0981047
0.0957447
0.0934731
0.0912845
0.0891742
0.0871373
0.0851694
0.0832664
0.0814244
0.0796395
0.0779083
0.0762274
0.0745937
0.0730042
0.0714563
0.0699474
0.0684752
0.0670375
0.0656326
0.0642589
0.062915
0.0615999
0.0603129
0.0590534
0.0578212
0.0566166
0.0554398
0.0542916
0.0531728
0.0520845
0.051028
0.0500046
0.0490161
0.0480639
0.0471498
0.0462757
0.0454433
0.0446549
0.0439125
0.0432188
0.0425764
0.0419889
0.0414604
0.0409959
0.0406021
0.0402872
0.0400618
0.0399396
0.961692
0.892185
0.829086
0.771729
0.719525
0.671946
0.628525
0.588844
0.552532
0.519256
0.488722
0.460662
0.434843
0.411051
0.389097
0.368811
0.350041
0.332651
0.316516
0.301527
0.287584
0.274597
0.262485
0.251175
0.240601
0.230703
0.221426
0.212722
0.204546
0.196856
0.189616
0.182792
0.176354
0.170273
0.164524
0.159082
0.153927
0.149039
0.144399
0.139991
0.135798
0.131808
0.128007
0.124382
0.120923
0.117619
0.114461
0.111439
0.108545
0.105772
0.103112
0.100558
0.0981035
0.0957434
0.0934717
0.0912831
0.0891726
0.0871356
0.0851677
0.0832646
0.0814225
0.0796375
0.0779062
0.0762252
0.0745914
0.0730018
0.0714538
0.0699447
0.0684723
0.0670346
0.0656295
0.0642557
0.0629117
0.0615964
0.0603093
0.0590496
0.0578174
0.0566127
0.0554358
0.0542875
0.0531686
0.0520803
0.0510237
0.0500004
0.0490118
0.0480597
0.0471456
0.0462715
0.0454393
0.0446509
0.0439086
0.0432149
0.0425727
0.0419853
0.0414568
0.0409925
0.0405987
0.0402839
0.0400586
0.0399365
0.961692
0.892185
0.829086
0.771729
0.719525
0.671946
0.628525
0.588844
0.552532
0.519256
0.488722
0.460662
0.434843
0.411051
0.389097
0.368811
0.350041
0.332651
0.316516
0.301527
0.287584
0.274597
0.262485
0.251175
0.240601
0.230703
0.221426
0.212722
0.204545
0.196855
0.189616
0.182792
0.176354
0.170273
0.164523
0.159082
0.153927
0.149038
0.144398
0.13999
0.135797
0.131807
0.128006
0.124381
0.120922
0.117618
0.11446
0.111438
0.108544
0.105771
0.10311
0.100556
0.0981019
0.0957417
0.0934699
0.0912812
0.0891706
0.0871335
0.0851654
0.0832623
0.08142
0.0796349
0.0779034
0.0762222
0.0745883
0.0729985
0.0714503
0.0699411
0.0684685
0.0670306
0.0656254
0.0642513
0.0629072
0.0615918
0.0603044
0.0590446
0.0578122
0.0566073
0.0554304
0.054282
0.053163
0.0520746
0.051018
0.0499947
0.0490061
0.048054
0.04714
0.046266
0.0454338
0.0446455
0.0439034
0.0432098
0.0425677
0.0419804
0.0414521
0.0409879
0.0405943
0.0402795
0.0400542
0.0399322
0.961692
0.892185
0.829086
0.771729
0.719525
0.671946
0.628525
0.588844
0.552532
0.519256
0.488721
0.460662
0.434843
0.411051
0.389097
0.368811
0.350041
0.332651
0.316516
0.301527
0.287584
0.274597
0.262485
0.251175
0.240601
0.230702
0.221426
0.212721
0.204545
0.196855
0.189615
0.182791
0.176353
0.170272
0.164523
0.159081
0.153926
0.149037
0.144397
0.139989
0.135796
0.131806
0.128005
0.12438
0.120921
0.117617
0.114458
0.111436
0.108542
0.105769
0.103108
0.100554
0.0980998
0.0957395
0.0934676
0.0912788
0.0891681
0.0871308
0.0851626
0.0832593
0.0814168
0.0796316
0.0778999
0.0762186
0.0745844
0.0729945
0.071446
0.0699366
0.0684638
0.0670256
0.0656202
0.0642459
0.0629015
0.0615859
0.0602983
0.0590383
0.0578057
0.0566007
0.0554236
0.054275
0.053156
0.0520675
0.0510108
0.0499875
0.0489989
0.0480468
0.0471329
0.046259
0.0454269
0.0446388
0.0438968
0.0432034
0.0425614
0.0419743
0.0414462
0.0409821
0.0405886
0.040274
0.0400489
0.0399269
0.961692
0.892185
0.829086
0.771729
0.719525
0.671946
0.628525
0.588844
0.552532
0.519256
0.488721
0.460662
0.434843
0.411051
0.389097
0.368811
0.350041
0.33265
0.316516
0.301527
0.287583
0.274596
0.262484
0.251174
0.2406
0.230702
0.221425
0.212721
0.204544
0.196854
0.189614
0.182791
0.176352
0.170271
0.164522
0.15908
0.153925
0.149036
0.144396
0.139988
0.135795
0.131805
0.128003
0.124379
0.120919
0.117615
0.114457
0.111434
0.10854
0.105767
0.103106
0.100552
0.0980974
0.0957369
0.0934649
0.0912759
0.089165
0.0871276
0.0851593
0.0832557
0.0814131
0.0796276
0.0778957
0.0762142
0.0745797
0.0729896
0.0714409
0.0699312
0.0684581
0.0670197
0.065614
0.0642394
0.0628947
0.0615788
0.060291
0.0590307
0.0577979
0.0565927
0.0554154
0.0542667
0.0531475
0.0520589
0.0510022
0.0499788
0.0489903
0.0480382
0.0471244
0.0462505
0.0454186
0.0446307
0.0438888
0.0431956
0.0425539
0.041967
0.041439
0.0409752
0.0405819
0.0402674
0.0400424
0.0399206
0.961692
0.892185
0.829086
0.771729
0.719525
0.671946
0.628525
0.588844
0.552532
0.519256
0.488721
0.460662
0.434843
0.41105
0.389097
0.368811
0.350041
0.33265
0.316516
0.301526
0.287583
0.274596
0.262484
0.251174
0.2406
0.230701
0.221425
0.21272
0.204543
0.196854
0.189614
0.18279
0.176352
0.17027
0.164521
0.159079
0.153924
0.149035
0.144395
0.139986
0.135794
0.131803
0.128002
0.124377
0.120918
0.117613
0.114455
0.111432
0.108538
0.105764
0.103104
0.100549
0.0980945
0.0957339
0.0934617
0.0912725
0.0891615
0.0871239
0.0851553
0.0832516
0.0814087
0.079623
0.0778909
0.076209
0.0745743
0.0729839
0.0714349
0.0699249
0.0684515
0.0670127
0.0656067
0.0642318
0.0628868
0.0615706
0.0602824
0.0590219
0.0577888
0.0565833
0.0554058
0.0542569
0.0531376
0.0520489
0.0509921
0.0499687
0.0489802
0.0480282
0.0471144
0.0462407
0.045409
0.0446212
0.0438796
0.0431866
0.0425451
0.0419584
0.0414307
0.0409671
0.040574
0.0402598
0.0400349
0.0399131
0.961692
0.892185
0.829086
0.771729
0.719525
0.671946
0.628525
0.588844
0.552532
0.519256
0.488721
0.460662
0.434843
0.41105
0.389096
0.368811
0.350041
0.33265
0.316515
0.301526
0.287583
0.274596
0.262484
0.251174
0.240599
0.230701
0.221424
0.21272
0.204543
0.196853
0.189613
0.182789
0.176351
0.170269
0.16452
0.159078
0.153923
0.149034
0.144393
0.139985
0.135792
0.131801
0.128
0.124375
0.120915
0.117611
0.114452
0.11143
0.108536
0.105762
0.103101
0.100546
0.0980913
0.0957305
0.0934581
0.0912687
0.0891575
0.0871197
0.0851509
0.0832469
0.0814037
0.0796177
0.0778853
0.0762032
0.0745682
0.0729774
0.0714281
0.0699177
0.068444
0.0670048
0.0655984
0.0642232
0.0628778
0.0615612
0.0602727
0.0590118
0.0577785
0.0565727
0.0553949
0.0542458
0.0531263
0.0520375
0.0509807
0.0499572
0.0489687
0.0480168
0.0471031
0.0462296
0.045398
0.0446104
0.043869
0.0431763
0.0425351
0.0419487
0.0414213
0.0409579
0.0405651
0.040251
0.0400263
0.0399047
0.961692
0.892185
0.829086
0.771729
0.719525
0.671946
0.628525
0.588844
0.552532
0.519256
0.488721
0.460662
0.434842
0.41105
0.389096
0.36881
0.350041
0.33265
0.316515
0.301526
0.287582
0.274595
0.262483
0.251173
0.240599
0.2307
0.221423
0.212719
0.204542
0.196852
0.189612
0.182788
0.176349
0.170268
0.164518
0.159076
0.153921
0.149032
0.144392
0.139983
0.13579
0.1318
0.127998
0.124373
0.120913
0.117609
0.11445
0.111427
0.108533
0.105758
0.103097
0.100543
0.0980877
0.0957267
0.0934541
0.0912645
0.089153
0.087115
0.0851459
0.0832416
0.0813982
0.0796119
0.0778791
0.0761967
0.0745613
0.0729701
0.0714204
0.0699097
0.0684355
0.066996
0.0655891
0.0642135
0.0628677
0.0615507
0.0602618
0.0590006
0.0577668
0.0565607
0.0553827
0.0542334
0.0531137
0.0520247
0.0509678
0.0499443
0.0489558
0.0480039
0.0470904
0.046217
0.0453856
0.0445983
0.0438572
0.0431648
0.0425238
0.0419378
0.0414107
0.0409476
0.0405551
0.0402413
0.0400168
0.0398953
0.961692
0.892185
0.829086
0.771729
0.719525
0.671946
0.628525
0.588844
0.552532
0.519256
0.488721
0.460662
0.434842
0.41105
0.389096
0.36881
0.35004
0.332649
0.316515
0.301525
0.287582
0.274595
0.262483
0.251172
0.240598
0.2307
0.221423
0.212718
0.204541
0.196851
0.189611
0.182787
0.176348
0.170267
0.164517
0.159075
0.153919
0.14903
0.14439
0.139981
0.135788
0.131797
0.127995
0.12437
0.120911
0.117606
0.114447
0.111424
0.108529
0.105755
0.103094
0.100539
0.0980837
0.0957225
0.0934496
0.0912598
0.0891481
0.0871097
0.0851404
0.0832358
0.081392
0.0796054
0.0778723
0.0761895
0.0745537
0.0729621
0.071412
0.0699008
0.0684262
0.0669862
0.0655789
0.0642028
0.0628565
0.0615391
0.0602497
0.0589881
0.057754
0.0565475
0.0553692
0.0542196
0.0530997
0.0520106
0.0509536
0.04993
0.0489416
0.0479898
0.0470764
0.0462032
0.045372
0.0445849
0.0438441
0.043152
0.0425114
0.0419257
0.041399
0.0409363
0.040544
0.0402305
0.0400062
0.0398848
0.961692
0.892185
0.829086
0.771729
0.719525
0.671946
0.628525
0.588844
0.552532
0.519256
0.488721
0.460662
0.434842
0.41105
0.389096
0.36881
0.35004
0.332649
0.316514
0.301525
0.287582
0.274594
0.262482
0.251172
0.240597
0.230699
0.221422
0.212717
0.20454
0.19685
0.18961
0.182786
0.176347
0.170265
0.164515
0.159073
0.153918
0.149029
0.144388
0.139979
0.135786
0.131795
0.127993
0.124368
0.120908
0.117603
0.114444
0.111421
0.108526
0.105751
0.10309
0.100535
0.0980793
0.0957179
0.0934448
0.0912547
0.0891427
0.087104
0.0851343
0.0832294
0.0813853
0.0795983
0.0778648
0.0761816
0.0745454
0.0729534
0.0714028
0.0698911
0.068416
0.0669755
0.0655677
0.064191
0.0628443
0.0615264
0.0602366
0.0589745
0.0577399
0.0565331
0.0553544
0.0542045
0.0530844
0.0519951
0.050938
0.0499144
0.048926
0.0479743
0.047061
0.046188
0.0453571
0.0445703
0.0438298
0.0431381
0.0424979
0.0419126
0.0413862
0.0409238
0.0405319
0.0402187
0.0399946
0.0398734
0.961692
0.892185
0.829086
0.771729
0.719525
0.671946
0.628525
0.588844
0.552532
0.519256
0.488721
0.460662
0.434842
0.41105
0.389096
0.36881
0.35004
0.332649
0.316514
0.301525
0.287581
0.274594
0.262481
0.251171
0.240597
0.230698
0.221421
0.212716
0.204539
0.196849
0.189608
0.182784
0.176345
0.170264
0.164514
0.159071
0.153916
0.149027
0.144386
0.139976
0.135783
0.131792
0.12799
0.124365
0.120905
0.1176
0.11444
0.111417
0.108522
0.105747
0.103086
0.10053
0.0980746
0.0957129
0.0934395
0.0912491
0.0891368
0.0870978
0.0851278
0.0832225
0.0813781
0.0795906
0.0778567
0.076173
0.0745364
0.0729439
0.0713928
0.0698806
0.068405
0.0669639
0.0655555
0.0641783
0.062831
0.0615126
0.0602223
0.0589597
0.0577247
0.0565174
0.0553384
0.0541882
0.0530678
0.0519784
0.0509211
0.0498975
0.0489091
0.0479575
0.0470444
0.0461716
0.045341
0.0445545
0.0438144
0.043123
0.0424832
0.0418983
0.0413723
0.0409104
0.0405189
0.0402059
0.0399821
0.0398611
0.961692
0.892185
0.829086
0.771729
0.719525
0.671946
0.628525
0.588844
0.552532
0.519256
0.488721
0.460662
0.434842
0.41105
0.389096
0.36881
0.35004
0.332648
0.316514
0.301524
0.287581
0.274593
0.262481
0.25117
0.240596
0.230697
0.22142
0.212715
0.204538
0.196847
0.189607
0.182783
0.176344
0.170262
0.164512
0.15907
0.153914
0.149024
0.144383
0.139974
0.135781
0.13179
0.127987
0.124362
0.120901
0.117596
0.114436
0.111413
0.108518
0.105743
0.103081
0.100525
0.0980695
0.0957076
0.0934339
0.0912432
0.0891305
0.0870912
0.0851208
0.0832152
0.0813703
0.0795824
0.077848
0.0761639
0.0745267
0.0729337
0.071382
0.0698693
0.0683931
0.0669514
0.0655425
0.0641647
0.0628168
0.0614978
0.0602069
0.0589438
0.0577083
0.0565006
0.0553212
0.0541706
0.05305
0.0519603
0.050903
0.0498793
0.0488909
0.0479394
0.0470265
0.0461539
0.0453236
0.0445375
0.0437977
0.0431068
0.0424674
0.041883
0.0413575
0.0408959
0.0405048
0.0401922
0.0399687
0.0398478
0.961692
0.892186
0.829086
0.771729
0.719525
0.671946
0.628525
0.588844
0.552532
0.519256
0.488721
0.460662
0.434842
0.41105
0.389095
0.368809
0.350039
0.332648
0.316513
0.301524
0.28758
0.274592
0.26248
0.25117
0.240595
0.230696
0.221419
0.212714
0.204536
0.196846
0.189605
0.182781
0.176342
0.17026
0.16451
0.159067
0.153911
0.149022
0.144381
0.139971
0.135778
0.131787
0.127984
0.124358
0.120898
0.117592
0.114433
0.111409
0.108514
0.105738
0.103076
0.10052
0.0980641
0.0957019
0.0934279
0.0912368
0.0891238
0.0870841
0.0851134
0.0832073
0.0813619
0.0795736
0.0778388
0.0761541
0.0745164
0.0729228
0.0713706
0.0698572
0.0683804
0.0669381
0.0655285
0.0641501
0.0628016
0.0614819
0.0601905
0.0589268
0.0576908
0.0564826
0.0553028
0.0541519
0.053031
0.0519411
0.0508836
0.0498599
0.0488715
0.0479201
0.0470074
0.0461351
0.0453051
0.0445193
0.04378
0.0430895
0.0424506
0.0418666
0.0413416
0.0408805
0.0404898
0.0401776
0.0399544
0.0398337
0.961692
0.892186
0.829086
0.771729
0.719525
0.671946
0.628525
0.588844
0.552532
0.519256
0.488721
0.460662
0.434842
0.411049
0.389095
0.368809
0.350039
0.332648
0.316513
0.301523
0.287579
0.274592
0.262479
0.251169
0.240594
0.230695
0.221418
0.212713
0.204535
0.196845
0.189604
0.182779
0.17634
0.170258
0.164508
0.159065
0.153909
0.149019
0.144378
0.139968
0.135775
0.131783
0.127981
0.124355
0.120894
0.117589
0.114428
0.111405
0.108509
0.105734
0.103071
0.100515
0.0980584
0.0956958
0.0934215
0.0912301
0.0891167
0.0870767
0.0851054
0.0831989
0.0813531
0.0795643
0.0778289
0.0761437
0.0745054
0.0729113
0.0713584
0.0698444
0.0683669
0.066924
0.0655137
0.0641346
0.0627854
0.0614651
0.060173
0.0589088
0.0576722
0.0564635
0.0552832
0.054132
0.0530108
0.0519207
0.050863
0.0498393
0.0488509
0.0478997
0.0469871
0.0461151
0.0452854
0.0445001
0.0437612
0.0430712
0.0424328
0.0418493
0.0413248
0.0408642
0.040474
0.0401622
0.0399392
0.0398187
0.961693
0.892186
0.829086
0.771729
0.719525
0.671946
0.628525
0.588844
0.552532
0.519256
0.488721
0.460662
0.434842
0.411049
0.389095
0.368809
0.350038
0.332647
0.316512
0.301522
0.287579
0.274591
0.262478
0.251168
0.240593
0.230694
0.221416
0.212711
0.204534
0.196843
0.189602
0.182778
0.176338
0.170256
0.164506
0.159063
0.153907
0.149017
0.144375
0.139966
0.135772
0.13178
0.127977
0.124351
0.12089
0.117584
0.114424
0.1114
0.108504
0.105728
0.103066
0.100509
0.0980524
0.0956895
0.0934148
0.091223
0.0891092
0.0870688
0.0850971
0.0831901
0.0813438
0.0795545
0.0778186
0.0761327
0.0744939
0.0728991
0.0713456
0.0698309
0.0683527
0.0669091
0.0654981
0.0641183
0.0627684
0.0614474
0.0601546
0.0588897
0.0576526
0.0564434
0.0552626
0.054111
0.0529894
0.0518991
0.0508413
0.0498175
0.0488292
0.0478781
0.0469657
0.046094
0.0452647
0.0444798
0.0437414
0.0430518
0.042414
0.041831
0.0413071
0.040847
0.0404572
0.0401458
0.0399233
0.0398029
0.961693
0.892186
0.829086
0.771729
0.719525
0.671946
0.628525
0.588844
0.552532
0.519256
0.488721
0.460661
0.434841
0.411049
0.389095
0.368808
0.350038
0.332647
0.316512
0.301522
0.287578
0.27459
0.262478
0.251167
0.240592
0.230693
0.221415
0.21271
0.204532
0.196841
0.1896
0.182776
0.176336
0.170254
0.164503
0.15906
0.153904
0.149014
0.144372
0.139962
0.135769
0.131777
0.127973
0.124347
0.120886
0.11758
0.114419
0.111395
0.108499
0.105723
0.10306
0.100503
0.098046
0.0956828
0.0934077
0.0912156
0.0891014
0.0870605
0.0850883
0.0831809
0.0813341
0.0795442
0.0778077
0.0761213
0.0744818
0.0728863
0.0713321
0.0698167
0.0683378
0.0668934
0.0654817
0.0641011
0.0627505
0.0614288
0.0601353
0.0588697
0.0576319
0.0564222
0.0552409
0.0540889
0.052967
0.0518764
0.0508185
0.0497947
0.0488064
0.0478554
0.0469433
0.0460719
0.0452429
0.0444584
0.0437205
0.0430315
0.0423942
0.0418119
0.0412884
0.0408289
0.0404397
0.0401287
0.0399065
0.0397864
0.961693
0.892186
0.829086
0.771729
0.719525
0.671946
0.628525
0.588844
0.552532
0.519256
0.488721
0.460661
0.434841
0.411049
0.389094
0.368808
0.350038
0.332646
0.316511
0.301521
0.287577
0.274589
0.262477
0.251166
0.240591
0.230691
0.221414
0.212708
0.204531
0.19684
0.189599
0.182774
0.176334
0.170252
0.164501
0.159058
0.153901
0.149011
0.144369
0.139959
0.135765
0.131773
0.12797
0.124343
0.120882
0.117575
0.114415
0.11139
0.108494
0.105717
0.103054
0.100497
0.0980394
0.0956758
0.0934004
0.0912078
0.0890932
0.0870518
0.0850792
0.0831712
0.0813239
0.0795334
0.0777963
0.0761093
0.0744691
0.0728729
0.071318
0.0698019
0.0683222
0.066877
0.0654645
0.0640832
0.0627317
0.0614093
0.0601151
0.0588488
0.0576104
0.0564
0.0552182
0.0540658
0.0529435
0.0518527
0.0507947
0.0497708
0.0487826
0.0478317
0.0469198
0.0460487
0.0452202
0.0444362
0.0436988
0.0430103
0.0423736
0.0417918
0.041269
0.0408101
0.0404213
0.0401108
0.0398889
0.0397691
0.961693
0.892186
0.829086
0.771729
0.719525
0.671946
0.628525
0.588844
0.552532
0.519256
0.488721
0.460661
0.434841
0.411048
0.389094
0.368808
0.350037
0.332646
0.31651
0.301521
0.287577
0.274589
0.262476
0.251165
0.24059
0.23069
0.221412
0.212707
0.204529
0.196838
0.189597
0.182772
0.176332
0.170249
0.164498
0.159055
0.153898
0.149008
0.144366
0.139956
0.135761
0.131769
0.127966
0.124339
0.120877
0.117571
0.11441
0.111385
0.108488
0.105712
0.103048
0.10049
0.0980326
0.0956686
0.0933927
0.0911997
0.0890847
0.0870428
0.0850697
0.0831612
0.0813133
0.0795222
0.0777845
0.0760968
0.0744559
0.072859
0.0713034
0.0697864
0.068306
0.06686
0.0654467
0.0640645
0.0627122
0.061389
0.060094
0.058827
0.0575879
0.056377
0.0551946
0.0540417
0.0529191
0.0518281
0.0507698
0.0497459
0.0487577
0.047807
0.0468954
0.0460246
0.0451965
0.044413
0.0436761
0.0429883
0.0423522
0.041771
0.0412488
0.0407904
0.0404022
0.0400922
0.0398707
0.0397511
0.961693
0.892186
0.829086
0.77173
0.719525
0.671946
0.628525
0.588844
0.552532
0.519256
0.48872
0.460661
0.434841
0.411048
0.389094
0.368807
0.350037
0.332645
0.31651
0.30152
0.287576
0.274588
0.262475
0.251164
0.240588
0.230689
0.221411
0.212705
0.204527
0.196836
0.189595
0.182769
0.17633
0.170247
0.164496
0.159052
0.153895
0.149005
0.144363
0.139952
0.135758
0.131765
0.127961
0.124334
0.120873
0.117566
0.114404
0.111379
0.108482
0.105705
0.103041
0.100484
0.0980254
0.0956611
0.0933848
0.0911914
0.0890759
0.0870335
0.0850599
0.0831508
0.0813023
0.0795106
0.0777722
0.0760838
0.0744422
0.0728446
0.0712882
0.0697704
0.0682892
0.0668423
0.0654281
0.0640451
0.062692
0.0613679
0.0600721
0.0588044
0.0575646
0.056353
0.0551701
0.0540167
0.0528938
0.0518025
0.0507441
0.0497201
0.048732
0.0477814
0.0468701
0.0459997
0.045172
0.044389
0.0436527
0.0429654
0.0423299
0.0417494
0.0412279
0.0407701
0.0403825
0.040073
0.0398518
0.0397324
0.961693
0.892186
0.829086
0.77173
0.719525
0.671946
0.628525
0.588844
0.552531
0.519256
0.48872
0.460661
0.434841
0.411048
0.389093
0.368807
0.350036
0.332645
0.316509
0.301519
0.287575
0.274587
0.262474
0.251162
0.240587
0.230687
0.221409
0.212704
0.204525
0.196834
0.189593
0.182767
0.176327
0.170244
0.164493
0.159049
0.153892
0.149002
0.144359
0.139949
0.135754
0.131761
0.127957
0.12433
0.120868
0.117561
0.114399
0.111374
0.108476
0.105699
0.103035
0.100477
0.0980181
0.0956533
0.0933766
0.0911828
0.0890668
0.0870239
0.0850497
0.0831401
0.0812909
0.0794986
0.0777596
0.0760705
0.0744281
0.0728297
0.0712725
0.0697539
0.0682718
0.066824
0.065409
0.0640251
0.0626711
0.0613461
0.0600495
0.058781
0.0575405
0.0563282
0.0551448
0.0539909
0.0528676
0.051776
0.0507175
0.0496934
0.0487054
0.047755
0.0468439
0.0459739
0.0451467
0.0443642
0.0436284
0.0429418
0.042307
0.0417272
0.0412062
0.0407491
0.0403621
0.0400531
0.0398323
0.0397131
0.961693
0.892186
0.829086
0.77173
0.719525
0.671946
0.628525
0.588844
0.552531
0.519256
0.48872
0.460661
0.43484
0.411048
0.389093
0.368806
0.350036
0.332644
0.316508
0.301518
0.287574
0.274586
0.262473
0.251161
0.240586
0.230686
0.221408
0.212702
0.204523
0.196832
0.18959
0.182765
0.176325
0.170242
0.16449
0.159046
0.153889
0.148998
0.144356
0.139945
0.13575
0.131757
0.127953
0.124325
0.120863
0.117556
0.114394
0.111368
0.10847
0.105693
0.103028
0.100469
0.0980106
0.0956454
0.0933682
0.0911739
0.0890574
0.087014
0.0850393
0.083129
0.0812793
0.0794863
0.0777466
0.0760567
0.0744136
0.0728144
0.0712563
0.0697369
0.0682539
0.0668052
0.0653893
0.0640044
0.0626495
0.0613237
0.0600263
0.0587569
0.0575157
0.0563028
0.0551187
0.0539644
0.0528406
0.0517488
0.0506901
0.049666
0.048678
0.0477278
0.046817
0.0459474
0.0451206
0.0443386
0.0436035
0.0429175
0.0422834
0.0417042
0.041184
0.0407276
0.0403411
0.0400326
0.0398123
0.0396933
0.961693
0.892186
0.829086
0.77173
0.719525
0.671946
0.628525
0.588844
0.552531
0.519256
0.48872
0.46066
0.43484
0.411047
0.389093
0.368806
0.350035
0.332643
0.316508
0.301517
0.287573
0.274585
0.262471
0.25116
0.240584
0.230684
0.221406
0.2127
0.204522
0.19683
0.189588
0.182763
0.176322
0.170239
0.164487
0.159043
0.153886
0.148995
0.144352
0.139941
0.135746
0.131753
0.127948
0.12432
0.120858
0.11755
0.114388
0.111362
0.108464
0.105686
0.103021
0.100462
0.0980028
0.0956372
0.0933596
0.0911648
0.0890478
0.0870039
0.0850286
0.0831177
0.0812674
0.0794737
0.0777332
0.0760426
0.0743988
0.0727987
0.0712397
0.0697194
0.0682355
0.0667859
0.065369
0.0639832
0.0626274
0.0613007
0.0600024
0.0587322
0.0574902
0.0562766
0.0550919
0.0539371
0.052813
0.0517208
0.0506619
0.0496378
0.0486499
0.0476999
0.0467894
0.0459202
0.0450939
0.0443125
0.043578
0.0428927
0.0422592
0.0416808
0.0411612
0.0407054
0.0403196
0.0400116
0.0397917
0.039673
0.961693
0.892186
0.829086
0.77173
0.719525
0.671946
0.628525
0.588844
0.552531
0.519255
0.48872
0.46066
0.43484
0.411047
0.389092
0.368806
0.350035
0.332643
0.316507
0.301517
0.287572
0.274584
0.26247
0.251159
0.240583
0.230683
0.221404
0.212698
0.20452
0.196828
0.189586
0.18276
0.17632
0.170236
0.164484
0.15904
0.153883
0.148991
0.144348
0.139937
0.135742
0.131748
0.127943
0.124315
0.120853
0.117545
0.114382
0.111356
0.108458
0.105679
0.103014
0.100455
0.097995
0.0956289
0.0933509
0.0911556
0.0890381
0.0869936
0.0850177
0.0831062
0.0812552
0.0794608
0.0777196
0.0760283
0.0743836
0.0727827
0.0712228
0.0697016
0.0682167
0.0667662
0.0653483
0.0639616
0.0626048
0.0612771
0.0599779
0.0587069
0.0574641
0.0562498
0.0550646
0.0539092
0.0527847
0.0516922
0.0506332
0.049609
0.0486212
0.0476714
0.0467612
0.0458923
0.0450666
0.0442857
0.0435519
0.0428672
0.0422345
0.0416568
0.0411379
0.0406828
0.0402976
0.0399902
0.0397707
0.0396522
0.961693
0.892186
0.829086
0.77173
0.719525
0.671946
0.628525
0.588844
0.552531
0.519255
0.48872
0.46066
0.43484
0.411047
0.389092
0.368805
0.350034
0.332642
0.316506
0.301516
0.287571
0.274582
0.262469
0.251157
0.240581
0.230681
0.221403
0.212696
0.204517
0.196826
0.189583
0.182757
0.176317
0.170233
0.164481
0.159037
0.153879
0.148988
0.144344
0.139933
0.135737
0.131744
0.127939
0.12431
0.120847
0.117539
0.114376
0.11135
0.108451
0.105673
0.103007
0.100447
0.097987
0.0956205
0.093342
0.0911462
0.0890281
0.0869831
0.0850066
0.0830945
0.0812428
0.0794477
0.0777058
0.0760136
0.0743681
0.0727663
0.0712056
0.0696834
0.0681976
0.0667461
0.0653273
0.0639395
0.0625818
0.0612531
0.059953
0.0586811
0.0574375
0.0562225
0.0550366
0.0538807
0.0527558
0.0516631
0.0506039
0.0495796
0.0485919
0.0476423
0.0467325
0.045864
0.0450388
0.0442585
0.0435253
0.0428414
0.0422093
0.0416324
0.0411143
0.0406598
0.0402753
0.0399684
0.0397493
0.0396311
0.961693
0.892186
0.829086
0.77173
0.719525
0.671946
0.628525
0.588844
0.552531
0.519255
0.48872
0.46066
0.434839
0.411046
0.389091
0.368804
0.350033
0.332641
0.316505
0.301515
0.28757
0.274581
0.262468
0.251156
0.24058
0.230679
0.221401
0.212694
0.204515
0.196823
0.189581
0.182755
0.176314
0.17023
0.164478
0.159034
0.153876
0.148984
0.144341
0.139929
0.135733
0.131739
0.127934
0.124305
0.120842
0.117534
0.11437
0.111344
0.108445
0.105666
0.103
0.100439
0.0979789
0.0956119
0.0933329
0.0911367
0.0890181
0.0869725
0.0849954
0.0830826
0.0812303
0.0794345
0.0776918
0.0759988
0.0743524
0.0727498
0.0711881
0.069665
0.0681782
0.0667257
0.0653059
0.0639171
0.0625584
0.0612288
0.0599277
0.058655
0.0574105
0.0561948
0.0550083
0.0538518
0.0527265
0.0516335
0.0505741
0.0495498
0.0485622
0.0476128
0.0467033
0.0458353
0.0450105
0.0442309
0.0434983
0.0428151
0.0421838
0.0416076
0.0410902
0.0406365
0.0402526
0.0399462
0.0397276
0.0396096
0.961693
0.892186
0.829086
0.77173
0.719525
0.671946
0.628525
0.588844
0.552531
0.519255
0.488719
0.46066
0.434839
0.411046
0.389091
0.368804
0.350033
0.332641
0.316504
0.301514
0.287569
0.27458
0.262466
0.251154
0.240578
0.230678
0.221399
0.212692
0.204513
0.196821
0.189579
0.182752
0.176311
0.170227
0.164475
0.15903
0.153872
0.14898
0.144337
0.139925
0.135729
0.131734
0.127929
0.1243
0.120837
0.117528
0.114364
0.111337
0.108438
0.105659
0.102992
0.100432
0.0979707
0.0956033
0.0933238
0.091127
0.0890079
0.0869617
0.084984
0.0830707
0.0812176
0.0794211
0.0776776
0.0759838
0.0743366
0.072733
0.0711704
0.0696464
0.0681586
0.0667051
0.0652842
0.0638944
0.0625347
0.0612041
0.0599021
0.0586284
0.0573832
0.0561667
0.0549795
0.0538226
0.0526968
0.0516035
0.0505439
0.0495197
0.0485321
0.047583
0.0466738
0.0458062
0.044982
0.0442029
0.0434711
0.0427886
0.042158
0.0415825
0.0410659
0.0406129
0.0402296
0.0399238
0.0397056
0.0395879
0.961693
0.892186
0.829086
0.77173
0.719525
0.671946
0.628525
0.588844
0.552531
0.519255
0.488719
0.460659
0.434839
0.411045
0.38909
0.368803
0.350032
0.33264
0.316504
0.301513
0.287568
0.274579
0.262465
0.251153
0.240576
0.230676
0.221397
0.21269
0.204511
0.196819
0.189576
0.182749
0.176308
0.170224
0.164472
0.159027
0.153868
0.148976
0.144333
0.13992
0.135724
0.13173
0.127924
0.124295
0.120831
0.117522
0.114358
0.111331
0.108431
0.105652
0.102985
0.100424
0.0979624
0.0955946
0.0933147
0.0911174
0.0889977
0.0869509
0.0849726
0.0830586
0.0812048
0.0794076
0.0776633
0.0759687
0.0743206
0.0727162
0.0711527
0.0696276
0.0681388
0.0666843
0.0652624
0.0638716
0.0625108
0.0611792
0.0598762
0.0586017
0.0573556
0.0561384
0.0549506
0.053793
0.0526669
0.0515732
0.0505135
0.0494892
0.0485018
0.0475528
0.046644
0.0457769
0.0449532
0.0441748
0.0434436
0.0427618
0.042132
0.0415573
0.0410414
0.0405891
0.0402065
0.0399013
0.0396835
0.0395661
0.961693
0.892186
0.829086
0.77173
0.719525
0.671946
0.628525
0.588844
0.552531
0.519255
0.488719
0.460659
0.434838
0.411045
0.38909
0.368803
0.350031
0.332639
0.316503
0.301512
0.287567
0.274577
0.262463
0.251151
0.240575
0.230674
0.221395
0.212688
0.204509
0.196816
0.189573
0.182747
0.176305
0.170221
0.164468
0.159023
0.153865
0.148973
0.144329
0.139916
0.13572
0.131725
0.127919
0.12429
0.120826
0.117516
0.114352
0.111325
0.108425
0.105645
0.102977
0.100416
0.0979542
0.0955859
0.0933055
0.0911077
0.0889875
0.0869401
0.0849612
0.0830465
0.0811921
0.0793941
0.077649
0.0759536
0.0743046
0.0726993
0.0711348
0.0696088
0.068119
0.0666634
0.0652404
0.0638486
0.0624868
0.0611542
0.0598503
0.0585748
0.0573279
0.0561099
0.0549214
0.0537634
0.0526368
0.0515429
0.050483
0.0494586
0.0484713
0.0475226
0.0466141
0.0457474
0.0449243
0.0441465
0.043416
0.0427349
0.0421059
0.041532
0.0410168
0.0405653
0.0401833
0.0398786
0.0396612
0.0395441
0.961693
0.892186
0.829086
0.77173
0.719525
0.671946
0.628525
0.588844
0.552531
0.519255
0.488719
0.460659
0.434838
0.411045
0.389089
0.368802
0.350031
0.332638
0.316502
0.301511
0.287565
0.274576
0.262462
0.25115
0.240573
0.230672
0.221393
0.212686
0.204506
0.196814
0.189571
0.182744
0.176302
0.170218
0.164465
0.15902
0.153861
0.148969
0.144325
0.139912
0.135715
0.13172
0.127914
0.124285
0.12082
0.117511
0.114346
0.111318
0.108418
0.105638
0.10297
0.100408
0.097946
0.0955772
0.0932964
0.0910981
0.0889773
0.0869294
0.0849498
0.0830345
0.0811793
0.0793806
0.0776347
0.0759385
0.0742887
0.0726824
0.0711169
0.0695899
0.0680991
0.0666425
0.0652185
0.0638256
0.0624628
0.0611292
0.0598243
0.0585479
0.0573002
0.0560814
0.0548923
0.0537337
0.0526066
0.0515124
0.0504524
0.049428
0.0484408
0.0474923
0.0465842
0.0457179
0.0448954
0.0441182
0.0433884
0.0427081
0.0420798
0.0415066
0.0409923
0.0405414
0.0401601
0.039856
0.039639
0.0395221
0.961693
0.892186
0.829086
0.77173
0.719525
0.671946
0.628525
0.588844
0.552531
0.519255
0.488719
0.460658
0.434838
0.411044
0.389089
0.368801
0.35003
0.332637
0.316501
0.301509
0.287564
0.274575
0.26246
0.251148
0.240571
0.23067
0.221391
0.212684
0.204504
0.196811
0.189568
0.182741
0.176299
0.170215
0.164462
0.159017
0.153857
0.148965
0.14432
0.139908
0.135711
0.131716
0.127909
0.124279
0.120815
0.117505
0.11434
0.111312
0.108411
0.105631
0.102963
0.1004
0.0979378
0.0955686
0.0932873
0.0910885
0.0889672
0.0869187
0.0849385
0.0830225
0.0811666
0.0793672
0.0776206
0.0759235
0.0742728
0.0726656
0.0710992
0.0695712
0.0680793
0.0666217
0.0651967
0.0638027
0.0624389
0.0611042
0.0597984
0.0585211
0.0572725
0.056053
0.0548632
0.053704
0.0525766
0.0514821
0.0504219
0.0493975
0.0484104
0.0474621
0.0465543
0.0456886
0.0448665
0.04409
0.0433609
0.0426813
0.0420538
0.0414814
0.0409678
0.0405176
0.0401369
0.0398334
0.0396169
0.0395002
0.961693
0.892186
0.829086
0.77173
0.719525
0.671946
0.628525
0.588843
0.552531
0.519254
0.488718
0.460658
0.434837
0.411044
0.389088
0.368801
0.350029
0.332636
0.316499
0.301508
0.287563
0.274573
0.262459
0.251146
0.240569
0.230668
0.221389
0.212681
0.204502
0.196809
0.189565
0.182738
0.176297
0.170212
0.164459
0.159013
0.153854
0.148961
0.144316
0.139903
0.135706
0.131711
0.127904
0.124274
0.120809
0.117499
0.114334
0.111306
0.108405
0.105624
0.102955
0.100393
0.0979298
0.0955601
0.0932783
0.091079
0.0889572
0.0869081
0.0849273
0.0830107
0.0811541
0.0793539
0.0776065
0.0759086
0.074257
0.0726489
0.0710816
0.0695526
0.0680598
0.0666011
0.065175
0.06378
0.0624151
0.0610795
0.0597726
0.0584944
0.057245
0.0560247
0.0548343
0.0536746
0.0525468
0.051452
0.0503916
0.0493672
0.0483802
0.0474322
0.0465247
0.0456594
0.044838
0.0440621
0.0433336
0.0426548
0.042028
0.0414564
0.0409435
0.0404941
0.040114
0.039811
0.0395949
0.0394784
0.961693
0.892186
0.829086
0.77173
0.719525
0.671946
0.628525
0.588843
0.55253
0.519254
0.488718
0.460658
0.434837
0.411043
0.389087
0.3688
0.350028
0.332635
0.316498
0.301507
0.287561
0.274572
0.262457
0.251144
0.240567
0.230666
0.221387
0.212679
0.204499
0.196806
0.189563
0.182736
0.176294
0.170209
0.164455
0.15901
0.15385
0.148957
0.144312
0.139899
0.135702
0.131706
0.127899
0.124269
0.120804
0.117494
0.114329
0.111299
0.108398
0.105617
0.102948
0.100385
0.0979218
0.0955518
0.0932695
0.0910697
0.0889473
0.0868977
0.0849163
0.082999
0.0811418
0.0793409
0.0775927
0.075894
0.0742415
0.0726325
0.0710643
0.0695343
0.0680404
0.0665808
0.0651536
0.0637576
0.0623917
0.061055
0.0597472
0.0584681
0.0572179
0.0559969
0.0548058
0.0536456
0.0525173
0.0514222
0.0503617
0.0493373
0.0483504
0.0474026
0.0464955
0.0456307
0.0448097
0.0440345
0.0433067
0.0426286
0.0420026
0.0414317
0.0409195
0.0404708
0.0400914
0.0397889
0.0395732
0.039457
0.961693
0.892186
0.829087
0.77173
0.719525
0.671946
0.628525
0.588843
0.55253
0.519254
0.488718
0.460657
0.434836
0.411042
0.389087
0.368799
0.350027
0.332634
0.316497
0.301506
0.28756
0.27457
0.262456
0.251143
0.240566
0.230664
0.221384
0.212677
0.204497
0.196804
0.18956
0.182733
0.176291
0.170206
0.164452
0.159006
0.153847
0.148953
0.144309
0.139895
0.135698
0.131702
0.127895
0.124264
0.120799
0.117488
0.114323
0.111293
0.108392
0.10561
0.102941
0.100378
0.097914
0.0955436
0.0932609
0.0910606
0.0889377
0.0868875
0.0849056
0.0829876
0.0811297
0.0793281
0.0775792
0.0758796
0.0742264
0.0726165
0.0710473
0.0695163
0.0680215
0.0665608
0.0651326
0.0637356
0.0623686
0.061031
0.0597223
0.0584423
0.0571912
0.0559694
0.0547777
0.053617
0.0524883
0.051393
0.0503323
0.0493079
0.0483211
0.0473735
0.0464668
0.0456024
0.044782
0.0440073
0.0432803
0.0426029
0.0419776
0.0414074
0.040896
0.0404479
0.0400691
0.0397671
0.0395518
0.0394359
0.961693
0.892186
0.829087
0.77173
0.719525
0.671946
0.628524
0.588843
0.55253
0.519254
0.488717
0.460657
0.434836
0.411042
0.389086
0.368798
0.350026
0.332633
0.316496
0.301504
0.287559
0.274569
0.262454
0.251141
0.240564
0.230662
0.221382
0.212675
0.204494
0.196801
0.189557
0.18273
0.176288
0.170203
0.164449
0.159003
0.153843
0.14895
0.144305
0.139891
0.135693
0.131697
0.12789
0.124259
0.120794
0.117483
0.114317
0.111288
0.108386
0.105604
0.102934
0.100371
0.0979065
0.0955356
0.0932525
0.0910517
0.0889283
0.0868776
0.0848951
0.0829766
0.081118
0.0793157
0.077566
0.0758657
0.0742116
0.0726008
0.0710307
0.0694988
0.068003
0.0665413
0.0651122
0.0637141
0.0623462
0.0610076
0.0596979
0.058417
0.0571651
0.0559427
0.0547503
0.0535891
0.05246
0.0513644
0.0503036
0.0492791
0.0482925
0.0473451
0.0464387
0.0455748
0.0447549
0.0439809
0.0432544
0.0425777
0.0419532
0.0413837
0.040873
0.0404256
0.0400474
0.0397459
0.039531
0.0394152
0.961693
0.892186
0.829087
0.77173
0.719525
0.671946
0.628524
0.588843
0.55253
0.519253
0.488717
0.460656
0.434835
0.411041
0.389085
0.368797
0.350025
0.332632
0.316495
0.301503
0.287557
0.274567
0.262452
0.251139
0.240562
0.23066
0.22138
0.212672
0.204492
0.196799
0.189555
0.182727
0.176285
0.1702
0.164446
0.159
0.15384
0.148946
0.144301
0.139887
0.135689
0.131693
0.127886
0.124255
0.120789
0.117478
0.114312
0.111282
0.10838
0.105597
0.102928
0.100364
0.0978992
0.0955279
0.0932444
0.0910431
0.0889193
0.0868681
0.084885
0.0829659
0.0811067
0.0793037
0.0775533
0.0758522
0.0741973
0.0725857
0.0710147
0.0694819
0.0679851
0.0665225
0.0650923
0.0636933
0.0623244
0.0609848
0.0596743
0.0583925
0.0571399
0.0559167
0.0547237
0.053562
0.0524325
0.0513366
0.0502757
0.0492512
0.0482647
0.0473176
0.0464115
0.045548
0.0447287
0.0439552
0.0432294
0.0425534
0.0419295
0.0413608
0.0408507
0.0404039
0.0400263
0.0397253
0.0395107
0.0393952
0.961693
0.892186
0.829087
0.77173
0.719525
0.671946
0.628524
0.588843
0.55253
0.519253
0.488717
0.460656
0.434834
0.41104
0.389084
0.368796
0.350024
0.332631
0.316494
0.301502
0.287556
0.274566
0.262451
0.251137
0.24056
0.230658
0.221378
0.21267
0.20449
0.196796
0.189552
0.182725
0.176282
0.170197
0.164443
0.158996
0.153836
0.148943
0.144297
0.139883
0.135685
0.131689
0.127881
0.12425
0.120784
0.117473
0.114307
0.111276
0.108374
0.105591
0.102921
0.100357
0.0978922
0.0955206
0.0932366
0.091035
0.0889106
0.0868589
0.0848753
0.0829556
0.0810958
0.0792922
0.0775411
0.0758393
0.0741836
0.0725712
0.0709993
0.0694656
0.067968
0.0665044
0.0650733
0.0636733
0.0623034
0.060963
0.0596515
0.058369
0.0571155
0.0558916
0.0546981
0.0535359
0.052406
0.0513099
0.0502488
0.0492243
0.0482379
0.047291
0.0463853
0.0455222
0.0447033
0.0439304
0.0432053
0.0425299
0.0419067
0.0413386
0.0408292
0.0403831
0.040006
0.0397054
0.0394912
0.0393759
0.961693
0.892186
0.829087
0.77173
0.719525
0.671946
0.628524
0.588843
0.552529
0.519253
0.488716
0.460655
0.434834
0.41104
0.389083
0.368795
0.350023
0.33263
0.316492
0.3015
0.287554
0.274564
0.262449
0.251136
0.240558
0.230656
0.221376
0.212668
0.204488
0.196794
0.18955
0.182722
0.176279
0.170194
0.16444
0.158993
0.153833
0.148939
0.144294
0.13988
0.135681
0.131685
0.127877
0.124246
0.120779
0.117468
0.114302
0.111271
0.108369
0.105586
0.102915
0.100351
0.0978856
0.0955136
0.0932292
0.0910272
0.0889024
0.0868502
0.0848661
0.0829459
0.0810855
0.0792812
0.0775295
0.075827
0.0741706
0.0725574
0.0709847
0.0694502
0.0679516
0.0664871
0.0650551
0.0636542
0.0622835
0.0609421
0.0596298
0.0583465
0.0570923
0.0558678
0.0546737
0.0535109
0.0523807
0.0512843
0.0502232
0.0491987
0.0482123
0.0472657
0.0463602
0.0454975
0.0446792
0.0439068
0.0431822
0.0425075
0.0418849
0.0413175
0.0408087
0.0403631
0.0399865
0.0396865
0.0394726
0.0393574
0.961693
0.892186
0.829087
0.77173
0.719525
0.671946
0.628524
0.588842
0.552529
0.519252
0.488716
0.460655
0.434833
0.411039
0.389083
0.368794
0.350022
0.332628
0.316491
0.301499
0.287553
0.274563
0.262447
0.251134
0.240556
0.230654
0.221374
0.212666
0.204485
0.196792
0.189548
0.18272
0.176277
0.170191
0.164437
0.15899
0.15383
0.148936
0.144291
0.139876
0.135678
0.131681
0.127873
0.124242
0.120775
0.117464
0.114297
0.111266
0.108363
0.10558
0.10291
0.100345
0.0978793
0.095507
0.0932223
0.0910199
0.0888947
0.0868421
0.0848575
0.0829368
0.0810758
0.079271
0.0775186
0.0758154
0.0741583
0.0725444
0.0709709
0.0694356
0.0679362
0.0664709
0.065038
0.0636363
0.0622646
0.0609225
0.0596093
0.0583252
0.0570703
0.0558452
0.0546506
0.0534874
0.0523568
0.0512602
0.0501989
0.0491744
0.0481882
0.0472417
0.0463366
0.0454742
0.0446563
0.0438845
0.0431605
0.0424863
0.0418643
0.0412975
0.0407893
0.0403442
0.0399682
0.0396685
0.0394549
0.03934
0.961693
0.892186
0.829087
0.77173
0.719525
0.671946
0.628524
0.588842
0.552529
0.519252
0.488715
0.460654
0.434832
0.411038
0.389082
0.368793
0.350021
0.332627
0.31649
0.301498
0.287551
0.274561
0.262446
0.251132
0.240555
0.230653
0.221372
0.212664
0.204483
0.196789
0.189545
0.182717
0.176274
0.170189
0.164434
0.158988
0.153827
0.148933
0.144287
0.139873
0.135674
0.131678
0.12787
0.124238
0.120771
0.117459
0.114293
0.111262
0.108359
0.105575
0.102905
0.100339
0.0978735
0.0955009
0.0932159
0.0910131
0.0888876
0.0868345
0.0848495
0.0829283
0.0810669
0.0792615
0.0775085
0.0758047
0.074147
0.0725323
0.0709582
0.0694221
0.0679219
0.0664558
0.0650221
0.0636195
0.0622471
0.0609041
0.0595903
0.0583054
0.0570499
0.0558242
0.054629
0.0534654
0.0523345
0.0512377
0.0501763
0.0491517
0.0481656
0.0472193
0.0463145
0.0454525
0.044635
0.0438636
0.0431401
0.0424665
0.0418451
0.0412788
0.0407711
0.0403266
0.039951
0.0396517
0.0394384
0.0393236
0.961693
0.892186
0.829087
0.77173
0.719525
0.671946
0.628524
0.588842
0.552528
0.519251
0.488714
0.460653
0.434832
0.411037
0.389081
0.368792
0.35002
0.332626
0.316489
0.301496
0.28755
0.27456
0.262444
0.251131
0.240553
0.230651
0.22137
0.212662
0.204481
0.196787
0.189543
0.182715
0.176272
0.170186
0.164432
0.158985
0.153825
0.14893
0.144285
0.13987
0.135671
0.131675
0.127866
0.124234
0.120768
0.117456
0.114289
0.111258
0.108354
0.105571
0.1029
0.100334
0.0978683
0.0954954
0.09321
0.0910069
0.088881
0.0868276
0.0848422
0.0829206
0.0810587
0.0792528
0.0774993
0.075795
0.0741366
0.0725213
0.0709465
0.0694097
0.0679089
0.066442
0.0650075
0.0636042
0.0622311
0.0608874
0.0595728
0.0582873
0.0570312
0.0558049
0.0546092
0.0534452
0.0523141
0.051217
0.0501555
0.0491309
0.0481449
0.0471988
0.0462941
0.0454325
0.0446154
0.0438445
0.0431214
0.0424483
0.0418274
0.0412616
0.0407544
0.0403103
0.0399351
0.0396361
0.0394231
0.0393086
0.961693
0.892186
0.829087
0.77173
0.719525
0.671945
0.628523
0.588841
0.552528
0.519251
0.488714
0.460653
0.434831
0.411036
0.38908
0.368791
0.350019
0.332625
0.316487
0.301495
0.287549
0.274558
0.262443
0.251129
0.240551
0.230649
0.221369
0.21266
0.204479
0.196785
0.189541
0.182713
0.17627
0.170184
0.16443
0.158983
0.153822
0.148928
0.144282
0.139867
0.135669
0.131672
0.127863
0.124231
0.120764
0.117452
0.114285
0.111254
0.10835
0.105567
0.102895
0.10033
0.0978635
0.0954904
0.0932048
0.0910014
0.0888752
0.0868215
0.0848357
0.0829137
0.0810514
0.079245
0.0774911
0.0757862
0.0741273
0.0725115
0.0709361
0.0693987
0.0678972
0.0664296
0.0649945
0.0635905
0.0622167
0.0608723
0.0595571
0.058271
0.0570143
0.0557875
0.0545915
0.0534271
0.0522957
0.0511984
0.0501368
0.0491122
0.0481262
0.0471802
0.0462758
0.0454145
0.0445977
0.0438272
0.0431045
0.0424319
0.0418114
0.0412461
0.0407393
0.0402956
0.0399207
0.0396221
0.0394093
0.0392949
0.961693
0.892186
0.829087
0.77173
0.719525
0.671945
0.628523
0.588841
0.552527
0.51925
0.488713
0.460652
0.43483
0.411035
0.389079
0.36879
0.350018
0.332624
0.316486
0.301494
0.287547
0.274557
0.262441
0.251128
0.24055
0.230648
0.221367
0.212659
0.204478
0.196784
0.189539
0.182711
0.176268
0.170182
0.164427
0.158981
0.15382
0.148926
0.14428
0.139865
0.135666
0.131669
0.12786
0.124228
0.120761
0.117449
0.114282
0.111251
0.108347
0.105563
0.102892
0.100326
0.0978594
0.095486
0.0932002
0.0909966
0.0888702
0.0868161
0.0848301
0.0829077
0.0810451
0.0792383
0.077484
0.0757787
0.0741193
0.072503
0.070927
0.0693891
0.067887
0.0664189
0.0649832
0.0635786
0.0622041
0.0608592
0.0595434
0.0582568
0.0569996
0.0557724
0.0545759
0.0534113
0.0522795
0.0511821
0.0501204
0.0490958
0.0481098
0.047164
0.0462598
0.0453987
0.0445822
0.043812
0.0430897
0.0424174
0.0417973
0.0412324
0.040726
0.0402826
0.039908
0.0396096
0.039397
0.0392828
0.961693
0.892186
0.829087
0.77173
0.719524
0.671945
0.628523
0.588841
0.552527
0.51925
0.488713
0.460651
0.434829
0.411035
0.389078
0.368789
0.350017
0.332623
0.316485
0.301493
0.287546
0.274556
0.26244
0.251127
0.240549
0.230646
0.221366
0.212657
0.204476
0.196782
0.189538
0.18271
0.176266
0.17018
0.164426
0.158979
0.153818
0.148924
0.144278
0.139863
0.135664
0.131667
0.127858
0.124226
0.120759
0.117447
0.114279
0.111248
0.108344
0.10556
0.102889
0.100323
0.0978559
0.0954824
0.0931964
0.0909926
0.0888659
0.0868117
0.0848254
0.0829027
0.0810398
0.0792327
0.0774781
0.0757724
0.0741126
0.0724959
0.0709195
0.0693811
0.0678785
0.0664099
0.0649737
0.0635686
0.0621937
0.0608482
0.059532
0.0582449
0.0569873
0.0557597
0.0545629
0.053398
0.052266
0.0511684
0.0501066
0.0490819
0.048096
0.0471503
0.0462462
0.0453853
0.0445691
0.0437991
0.0430771
0.0424051
0.0417854
0.0412207
0.0407146
0.0402715
0.0398971
0.0395989
0.0393865
0.0392724
0.961693
0.892186
0.829086
0.77173
0.719524
0.671945
0.628522
0.58884
0.552526
0.519249
0.488712
0.460651
0.434828
0.411034
0.389077
0.368789
0.350016
0.332622
0.316484
0.301492
0.287545
0.274555
0.262439
0.251125
0.240548
0.230645
0.221365
0.212656
0.204475
0.196781
0.189537
0.182708
0.176265
0.170179
0.164424
0.158977
0.153817
0.148922
0.144276
0.139861
0.135662
0.131665
0.127856
0.124224
0.120757
0.117444
0.114277
0.111246
0.108342
0.105558
0.102886
0.10032
0.0978532
0.0954795
0.0931934
0.0909894
0.0888626
0.0868082
0.0848217
0.0828988
0.0810357
0.0792284
0.0774734
0.0757675
0.0741074
0.0724903
0.0709136
0.0693749
0.0678719
0.0664029
0.0649663
0.0635608
0.0621855
0.0608396
0.059523
0.0582356
0.0569776
0.0557497
0.0545526
0.0533874
0.0522553
0.0511576
0.0500956
0.0490709
0.048085
0.0471394
0.0462354
0.0453746
0.0445586
0.0437888
0.043067
0.0423953
0.0417757
0.0412113
0.0407053
0.0402624
0.0398882
0.0395902
0.0393778
0.0392638
0.961693
0.892186
0.829086
0.771729
0.719524
0.671944
0.628522
0.58884
0.552526
0.519249
0.488711
0.46065
0.434828
0.411033
0.389076
0.368788
0.350015
0.332621
0.316483
0.301491
0.287544
0.274554
0.262438
0.251125
0.240547
0.230644
0.221364
0.212655
0.204474
0.19678
0.189536
0.182707
0.176264
0.170178
0.164423
0.158976
0.153815
0.148921
0.144275
0.13986
0.135661
0.131664
0.127855
0.124223
0.120755
0.117443
0.114275
0.111244
0.10834
0.105556
0.102884
0.100318
0.0978512
0.0954775
0.0931913
0.0909872
0.0888603
0.0868057
0.0848191
0.0828961
0.0810328
0.0792253
0.0774702
0.075764
0.0741037
0.0724864
0.0709095
0.0693705
0.0678672
0.066398
0.0649611
0.0635553
0.0621796
0.0608335
0.0595166
0.0582289
0.0569707
0.0557426
0.0545453
0.0533799
0.0522476
0.0511497
0.0500877
0.049063
0.0480771
0.0471314
0.0462275
0.0453668
0.0445509
0.0437812
0.0430596
0.042388
0.0417686
0.0412042
0.0406984
0.0402556
0.0398815
0.0395834
0.0393711
0.0392571
0.961693
0.892186
0.829086
0.771729
0.719524
0.671944
0.628522
0.588839
0.552525
0.519248
0.488711
0.46065
0.434827
0.411033
0.389076
0.368787
0.350015
0.332621
0.316483
0.30149
0.287544
0.274553
0.262438
0.251124
0.240546
0.230644
0.221363
0.212654
0.204473
0.196779
0.189535
0.182706
0.176263
0.170177
0.164422
0.158975
0.153815
0.14892
0.144274
0.139859
0.13566
0.131663
0.127854
0.124222
0.120754
0.117442
0.114274
0.111243
0.108339
0.105555
0.102883
0.100317
0.09785
0.0954762
0.0931899
0.0909858
0.0888588
0.0868042
0.0848175
0.0828944
0.081031
0.0792235
0.0774682
0.075762
0.0741016
0.0724841
0.070907
0.0693678
0.0678645
0.066395
0.0649579
0.063552
0.0621762
0.0608299
0.0595128
0.0582249
0.0569666
0.0557383
0.0545409
0.0533753
0.0522429
0.0511449
0.0500828
0.049058
0.0480721
0.0471264
0.0462226
0.0453619
0.044546
0.0437764
0.0430549
0.0423832
0.0417639
0.0411996
0.0406938
0.040251
0.0398769
0.0395788
0.0393665
0.0392524
0.961693
0.892186
0.829086
0.771729
0.719524
0.671944
0.628521
0.588839
0.552525
0.519248
0.488711
0.460649
0.434827
0.411032
0.389076
0.368787
0.350014
0.33262
0.316482
0.30149
0.287543
0.274553
0.262437
0.251124
0.240546
0.230643
0.221363
0.212654
0.204473
0.196779
0.189534
0.182706
0.176263
0.170177
0.164422
0.158975
0.153814
0.14892
0.144273
0.139858
0.13566
0.131662
0.127853
0.124221
0.120754
0.117441
0.114274
0.111242
0.108338
0.105554
0.102882
0.100316
0.0978494
0.0954756
0.0931893
0.0909852
0.0888582
0.0868035
0.0848168
0.0828937
0.0810302
0.0792227
0.0774674
0.0757611
0.0741006
0.0724831
0.0709059
0.0693667
0.0678633
0.0663937
0.0649566
0.0635505
0.0621746
0.0608283
0.0595111
0.0582232
0.0569647
0.0557364
0.0545389
0.0533733
0.0522408
0.0511427
0.0500805
0.0490557
0.0480697
0.0471241
0.0462202
0.0453596
0.0445437
0.0437741
0.0430525
0.0423809
0.0417615
0.0411972
0.0406914
0.0402485
0.0398743
0.0395762
0.0393638
0.0392496
0.961693
0.892186
0.829086
0.771729
0.719523
0.671944
0.628521
0.588839
0.552525
0.519248
0.48871
0.460649
0.434827
0.411032
0.389075
0.368787
0.350014
0.33262
0.316482
0.30149
0.287543
0.274553
0.262437
0.251123
0.240545
0.230643
0.221362
0.212654
0.204473
0.196779
0.189534
0.182706
0.176263
0.170177
0.164422
0.158975
0.153814
0.14892
0.144273
0.139858
0.135659
0.131662
0.127853
0.124221
0.120754
0.117441
0.114274
0.111242
0.108338
0.105554
0.102882
0.100316
0.0978492
0.0954754
0.0931891
0.090985
0.088858
0.0868034
0.0848166
0.0828935
0.0810301
0.0792225
0.0774672
0.0757609
0.0741004
0.0724829
0.0709057
0.0693665
0.067863
0.0663935
0.0649563
0.0635503
0.0621744
0.060828
0.0595108
0.0582229
0.0569645
0.0557361
0.0545386
0.0533729
0.0522403
0.0511422
0.0500799
0.0490551
0.0480692
0.0471236
0.0462199
0.0453593
0.0445434
0.0437738
0.0430522
0.0423805
0.0417611
0.0411967
0.0406908
0.0402479
0.0398737
0.0395754
0.0393629
0.0392486
)
;

boundaryField
{
    inlet
    {
        type            fixedValue;
        value           uniform 1;
    }
    outlet
    {
        type            inletOutlet;
        inletValue      uniform 1;
        value           nonuniform List<scalar> 
100
(
0.039226
0.0392283
0.0392327
0.0392392
0.0392475
0.0392577
0.0392694
0.0392827
0.0392974
0.0393134
0.0393305
0.0393487
0.0393677
0.0393876
0.0394081
0.0394291
0.0394506
0.0394724
0.0394944
0.0395166
0.0395388
0.039561
0.039583
0.039605
0.0396266
0.0396479
0.0396688
0.0396893
0.0397093
0.0397287
0.0397476
0.0397657
0.0397832
0.0397999
0.0398159
0.039831
0.0398453
0.0398588
0.0398713
0.0398829
0.0398935
0.0399031
0.0399117
0.0399193
0.0399259
0.0399314
0.0399358
0.0399392
0.0399414
0.0399426
0.0399427
0.0399417
0.0399396
0.0399365
0.0399322
0.0399269
0.0399206
0.0399131
0.0399047
0.0398953
0.0398848
0.0398734
0.0398611
0.0398478
0.0398337
0.0398187
0.0398029
0.0397864
0.0397691
0.0397511
0.0397324
0.0397131
0.0396933
0.039673
0.0396522
0.0396311
0.0396096
0.0395879
0.0395661
0.0395441
0.0395221
0.0395002
0.0394784
0.039457
0.0394359
0.0394152
0.0393952
0.0393759
0.0393574
0.03934
0.0393236
0.0393086
0.0392949
0.0392828
0.0392724
0.0392638
0.0392571
0.0392524
0.0392496
0.0392486
)
;
    }
    ground
    {
        type            empty;
    }
    top
    {
        type            empty;
    }
    front
    {
        type            inletOutlet;
        inletValue      uniform 1;
        value           nonuniform List<scalar> 
100
(
0.961693
0.892186
0.829086
0.771729
0.719524
0.671944
0.628521
0.588839
0.552525
0.519248
0.488711
0.460649
0.434827
0.411032
0.389075
0.368787
0.350014
0.33262
0.316482
0.30149
0.287543
0.274552
0.262437
0.251123
0.240545
0.230642
0.221362
0.212653
0.204472
0.196777
0.189533
0.182704
0.176261
0.170175
0.16442
0.158973
0.153811
0.148917
0.14427
0.139855
0.135656
0.131658
0.127849
0.124216
0.120748
0.117435
0.114267
0.111235
0.108331
0.105546
0.102873
0.100306
0.097838
0.0954632
0.0931757
0.0909702
0.0888417
0.0867855
0.0847971
0.0828721
0.0810066
0.0791968
0.0774391
0.0757302
0.0740671
0.0724467
0.0708665
0.069324
0.0678173
0.0663443
0.0649037
0.0634942
0.0621149
0.0607653
0.0594449
0.0581541
0.056893
0.0556623
0.054463
0.0532959
0.0521624
0.051064
0.050002
0.048978
0.0479936
0.0470501
0.0461489
0.0452915
0.0444792
0.0437135
0.0429962
0.042329
0.0417141
0.0411543
0.0406529
0.0402141
0.0398437
0.0395487
0.0393387
0.039226
)
;
    }
    back
    {
        type            inletOutlet;
        inletValue      uniform 1;
        value           nonuniform List<scalar> 
100
(
0.961693
0.892186
0.829086
0.771729
0.719523
0.671944
0.628521
0.588839
0.552525
0.519248
0.48871
0.460649
0.434827
0.411032
0.389075
0.368787
0.350014
0.33262
0.316482
0.30149
0.287543
0.274553
0.262437
0.251123
0.240545
0.230643
0.221362
0.212654
0.204473
0.196779
0.189534
0.182706
0.176263
0.170177
0.164422
0.158975
0.153814
0.14892
0.144273
0.139858
0.135659
0.131662
0.127853
0.124221
0.120754
0.117441
0.114274
0.111242
0.108338
0.105554
0.102882
0.100316
0.0978492
0.0954754
0.0931891
0.090985
0.088858
0.0868034
0.0848166
0.0828935
0.0810301
0.0792225
0.0774672
0.0757609
0.0741004
0.0724829
0.0709057
0.0693665
0.067863
0.0663935
0.0649563
0.0635503
0.0621744
0.060828
0.0595108
0.0582229
0.0569645
0.0557361
0.0545386
0.0533729
0.0522403
0.0511422
0.0500799
0.0490551
0.0480692
0.0471236
0.0462199
0.0453593
0.0445434
0.0437738
0.0430522
0.0423805
0.0417611
0.0411967
0.0406908
0.0402479
0.0398737
0.0395754
0.0393629
0.0392486
)
;
    }
}


// ************************************************************************* //
