/*--------------------------------*- C++ -*----------------------------------*\
  =========                 |
  \\      /  F ield         | OpenFOAM: The Open Source CFD Toolbox
   \\    /   O peration     | Website:  https://openfoam.org
    \\  /    A nd           | Version:  11
     \\/     M anipulation  |
\*---------------------------------------------------------------------------*/
FoamFile
{
    format      ascii;
    class       volScalarField;
    location    "486";
    object      omega;
}
// * * * * * * * * * * * * * * * * * * * * * * * * * * * * * * * * * * * * * //

dimensions      [0 0 -1 0 0 0 0];

internalField   nonuniform List<scalar> 
10000
(
0.961692
0.892185
0.829085
0.771728
0.719523
0.671944
0.628522
0.588841
0.552528
0.519252
0.488716
0.460657
0.434836
0.411044
0.38909
0.368804
0.350034
0.332643
0.316509
0.30152
0.287577
0.274591
0.26248
0.251171
0.240598
0.230701
0.221426
0.212724
0.204549
0.196861
0.189624
0.182803
0.176367
0.170289
0.164543
0.159105
0.153954
0.149069
0.144434
0.14003
0.135843
0.131858
0.128063
0.124445
0.120993
0.117696
0.114546
0.111533
0.108649
0.105886
0.103238
0.100696
0.098256
0.0959111
0.0936559
0.0914853
0.0893946
0.0873792
0.0854347
0.0835571
0.0817427
0.0799877
0.0782888
0.0766427
0.0750462
0.0734965
0.0719907
0.0705263
0.0691006
0.0677114
0.0663565
0.0650338
0.0637415
0.0624778
0.0612412
0.0600304
0.0588444
0.0576822
0.0565434
0.0554274
0.0543343
0.0532643
0.0522179
0.0511958
0.0501993
0.0492295
0.0482883
0.0473778
0.0465002
0.0456583
0.0448554
0.044095
0.0433815
0.04272
0.0421166
0.0415792
0.0411174
0.0407431
0.0404721
0.0403243
0.961692
0.892185
0.829085
0.771728
0.719523
0.671944
0.628522
0.588841
0.552528
0.519252
0.488716
0.460657
0.434836
0.411044
0.38909
0.368804
0.350034
0.332643
0.316509
0.30152
0.287578
0.274591
0.26248
0.251171
0.240598
0.230701
0.221426
0.212724
0.204549
0.196861
0.189624
0.182803
0.176367
0.170289
0.164543
0.159105
0.153954
0.14907
0.144434
0.14003
0.135843
0.131859
0.128063
0.124445
0.120993
0.117697
0.114547
0.111534
0.10865
0.105887
0.103238
0.100697
0.0982567
0.0959117
0.0936566
0.0914861
0.0893954
0.08738
0.0854355
0.083558
0.0817437
0.0799887
0.0782899
0.0766438
0.0750474
0.0734978
0.0719921
0.0705277
0.0691021
0.0677131
0.0663582
0.0650356
0.0637434
0.0624798
0.0612433
0.0600327
0.0588467
0.0576847
0.0565459
0.0554301
0.0543371
0.0532671
0.0522208
0.0511988
0.0502023
0.0492326
0.0482915
0.0473809
0.0465033
0.0456615
0.0448585
0.044098
0.0433844
0.0427227
0.0421193
0.0415818
0.0411198
0.0407455
0.0404744
0.0403266
0.961692
0.892185
0.829086
0.771729
0.719523
0.671944
0.628522
0.588841
0.552528
0.519252
0.488716
0.460657
0.434837
0.411044
0.38909
0.368804
0.350034
0.332644
0.316509
0.301521
0.287578
0.274592
0.262481
0.251172
0.240599
0.230702
0.221427
0.212724
0.20455
0.196862
0.189624
0.182803
0.176368
0.17029
0.164544
0.159106
0.153955
0.14907
0.144435
0.140031
0.135844
0.131859
0.128064
0.124446
0.120994
0.117698
0.114548
0.111535
0.108651
0.105888
0.103239
0.100698
0.0982578
0.0959129
0.0936578
0.0914874
0.0893968
0.0873814
0.085437
0.0835596
0.0817453
0.0799905
0.0782917
0.0766457
0.0750495
0.0734999
0.0719944
0.0705301
0.0691047
0.0677158
0.0663611
0.0650387
0.0637466
0.0624832
0.0612469
0.0600365
0.0588508
0.0576889
0.0565503
0.0554347
0.0543418
0.0532721
0.0522259
0.051204
0.0502076
0.049238
0.0482969
0.0473865
0.0465089
0.045667
0.0448639
0.0441034
0.0433896
0.0427278
0.0421243
0.0415866
0.0411245
0.0407501
0.0404789
0.040331
0.961692
0.892185
0.829086
0.771729
0.719523
0.671944
0.628522
0.588841
0.552528
0.519252
0.488717
0.460657
0.434837
0.411045
0.38909
0.368805
0.350035
0.332644
0.31651
0.301521
0.287578
0.274592
0.262481
0.251172
0.240599
0.230702
0.221427
0.212725
0.20455
0.196863
0.189625
0.182804
0.176369
0.170291
0.164545
0.159107
0.153956
0.149071
0.144436
0.140032
0.135845
0.13186
0.128065
0.124447
0.120995
0.117699
0.114549
0.111536
0.108652
0.105889
0.103241
0.1007
0.0982595
0.0959146
0.0936596
0.0914893
0.0893987
0.0873835
0.0854392
0.0835619
0.0817477
0.079993
0.0782944
0.0766485
0.0750524
0.073503
0.0719976
0.0705336
0.0691084
0.0677197
0.0663652
0.0650431
0.0637512
0.0624881
0.0612521
0.0600419
0.0588565
0.0576949
0.0565566
0.0554412
0.0543486
0.0532791
0.0522331
0.0512114
0.0502151
0.0492457
0.0483047
0.0473943
0.0465168
0.0456749
0.0448717
0.0441111
0.0433972
0.0427352
0.0421314
0.0415936
0.0411313
0.0407568
0.0404855
0.0403375
0.961692
0.892185
0.829086
0.771729
0.719524
0.671944
0.628523
0.588841
0.552529
0.519253
0.488717
0.460658
0.434837
0.411045
0.389091
0.368805
0.350035
0.332645
0.31651
0.301522
0.287579
0.274593
0.262482
0.251173
0.2406
0.230703
0.221428
0.212726
0.204551
0.196863
0.189626
0.182805
0.17637
0.170292
0.164546
0.159108
0.153957
0.149072
0.144437
0.140033
0.135846
0.131862
0.128067
0.124449
0.120997
0.117701
0.114551
0.111538
0.108654
0.105891
0.103243
0.100702
0.0982616
0.0959169
0.0936619
0.0914917
0.0894013
0.0873861
0.085442
0.0835648
0.0817508
0.0799963
0.0782978
0.0766521
0.0750562
0.073507
0.0720019
0.0705381
0.0691131
0.0677247
0.0663706
0.0650487
0.0637572
0.0624944
0.0612587
0.0600489
0.0588638
0.0577025
0.0565646
0.0554495
0.0543573
0.053288
0.0522423
0.0512209
0.0502248
0.0492555
0.0483147
0.0474044
0.0465269
0.0456849
0.0448817
0.0441209
0.0434068
0.0427447
0.0421407
0.0416026
0.0411401
0.0407654
0.0404939
0.0403458
0.961692
0.892185
0.829086
0.771729
0.719524
0.671944
0.628523
0.588842
0.552529
0.519253
0.488718
0.460658
0.434838
0.411046
0.389091
0.368806
0.350036
0.332645
0.316511
0.301522
0.28758
0.274594
0.262483
0.251174
0.240601
0.230704
0.221429
0.212727
0.204552
0.196865
0.189627
0.182806
0.176371
0.170293
0.164547
0.159109
0.153958
0.149074
0.144438
0.140035
0.135848
0.131863
0.128068
0.12445
0.120999
0.117703
0.114553
0.11154
0.108656
0.105894
0.103245
0.100704
0.0982642
0.0959196
0.0936648
0.0914947
0.0894044
0.0873894
0.0854454
0.0835684
0.0817546
0.0800002
0.0783019
0.0766565
0.0750608
0.0735119
0.072007
0.0705435
0.0691189
0.0677308
0.066377
0.0650555
0.0637644
0.0625019
0.0612667
0.0600573
0.0588726
0.0577118
0.0565742
0.0554596
0.0543677
0.0532989
0.0522535
0.0512323
0.0502365
0.0492674
0.0483267
0.0474165
0.046539
0.045697
0.0448937
0.0441328
0.0434185
0.0427561
0.0421519
0.0416135
0.0411508
0.0407758
0.0405042
0.0403559
0.961692
0.892185
0.829086
0.771729
0.719524
0.671945
0.628523
0.588842
0.552529
0.519253
0.488718
0.460658
0.434838
0.411046
0.389092
0.368806
0.350037
0.332646
0.316512
0.301523
0.287581
0.274594
0.262483
0.251175
0.240602
0.230705
0.22143
0.212728
0.204553
0.196866
0.189628
0.182808
0.176372
0.170294
0.164548
0.159111
0.15396
0.149075
0.14444
0.140037
0.13585
0.131865
0.12807
0.124453
0.121001
0.117705
0.114555
0.111542
0.108659
0.105896
0.103248
0.100707
0.0982673
0.0959228
0.0936681
0.0914981
0.089408
0.0873932
0.0854494
0.0835726
0.0817589
0.0800048
0.0783068
0.0766616
0.0750662
0.0735176
0.072013
0.0705499
0.0691256
0.0677378
0.0663844
0.0650634
0.0637727
0.0625107
0.0612759
0.060067
0.0588828
0.0577225
0.0565854
0.0554712
0.0543798
0.0533114
0.0522663
0.0512455
0.05025
0.0492812
0.0483406
0.0474305
0.046553
0.045711
0.0449076
0.0441465
0.043432
0.0427694
0.0421648
0.0416262
0.0411631
0.0407879
0.040516
0.0403677
0.961692
0.892185
0.829086
0.771729
0.719524
0.671945
0.628523
0.588842
0.55253
0.519254
0.488718
0.460659
0.434839
0.411047
0.389093
0.368807
0.350037
0.332647
0.316513
0.301524
0.287582
0.274595
0.262484
0.251176
0.240603
0.230706
0.221431
0.212729
0.204554
0.196867
0.18963
0.182809
0.176374
0.170296
0.16455
0.159112
0.153961
0.149077
0.144442
0.140039
0.135852
0.131868
0.128073
0.124455
0.121003
0.117707
0.114558
0.111545
0.108662
0.105899
0.103251
0.10071
0.0982707
0.0959264
0.0936719
0.0915021
0.0894121
0.0873975
0.0854539
0.0835773
0.0817639
0.08001
0.0783123
0.0766674
0.0750723
0.073524
0.0720198
0.070557
0.0691331
0.0677458
0.0663929
0.0650723
0.0637821
0.0625206
0.0612864
0.060078
0.0588943
0.0577345
0.056598
0.0554843
0.0543934
0.0533254
0.0522808
0.0512604
0.0502652
0.0492966
0.0483563
0.0474462
0.0465688
0.0457267
0.0449232
0.0441619
0.0434472
0.0427843
0.0421794
0.0416404
0.0411771
0.0408015
0.0405294
0.0403809
0.961692
0.892185
0.829086
0.771729
0.719524
0.671945
0.628523
0.588842
0.55253
0.519254
0.488719
0.460659
0.434839
0.411047
0.389093
0.368808
0.350038
0.332648
0.316513
0.301525
0.287582
0.274596
0.262486
0.251177
0.240604
0.230708
0.221433
0.21273
0.204556
0.196869
0.189631
0.182811
0.176375
0.170298
0.164552
0.159114
0.153963
0.149079
0.144444
0.140041
0.135854
0.13187
0.128075
0.124458
0.121006
0.11771
0.114561
0.111548
0.108665
0.105903
0.103255
0.100714
0.0982745
0.0959304
0.093676
0.0915064
0.0894167
0.0874023
0.0854589
0.0835826
0.0817694
0.0800158
0.0783184
0.0766738
0.075079
0.0735311
0.0720273
0.0705649
0.0691415
0.0677546
0.0664022
0.0650821
0.0637924
0.0625315
0.0612978
0.06009
0.058907
0.0577478
0.0566119
0.0554987
0.0544084
0.0533409
0.0522967
0.0512767
0.0502819
0.0493135
0.0483734
0.0474635
0.0465861
0.045744
0.0449404
0.0441789
0.0434639
0.0428007
0.0421955
0.0416562
0.0411924
0.0408166
0.0405442
0.0403955
0.961692
0.892185
0.829086
0.771729
0.719524
0.671945
0.628524
0.588843
0.55253
0.519254
0.488719
0.46066
0.43484
0.411048
0.389094
0.368808
0.350039
0.332648
0.316514
0.301526
0.287583
0.274597
0.262487
0.251178
0.240605
0.230709
0.221434
0.212732
0.204557
0.19687
0.189633
0.182812
0.176377
0.1703
0.164554
0.159116
0.153966
0.149082
0.144446
0.140043
0.135857
0.131873
0.128078
0.12446
0.121009
0.117713
0.114564
0.111552
0.108668
0.105906
0.103258
0.100718
0.0982787
0.0959347
0.0936806
0.0915112
0.0894216
0.0874075
0.0854644
0.0835883
0.0817754
0.0800221
0.078325
0.0766808
0.0750864
0.0735389
0.0720355
0.0705735
0.0691506
0.0677642
0.0664123
0.0650927
0.0638037
0.0625434
0.0613103
0.0601031
0.0589207
0.0577622
0.0566268
0.0555143
0.0544245
0.0533576
0.0523139
0.0512944
0.0502999
0.0493318
0.0483919
0.0474821
0.0466048
0.0457627
0.0449589
0.0441972
0.043482
0.0428184
0.0422129
0.0416732
0.0412091
0.0408329
0.0405602
0.0404113
0.961692
0.892185
0.829086
0.771729
0.719524
0.671945
0.628524
0.588843
0.55253
0.519255
0.488719
0.46066
0.43484
0.411048
0.389094
0.368809
0.350039
0.332649
0.316515
0.301527
0.287584
0.274599
0.262488
0.251179
0.240607
0.23071
0.221435
0.212733
0.204559
0.196872
0.189635
0.182814
0.176379
0.170302
0.164556
0.159119
0.153968
0.149084
0.144449
0.140046
0.135859
0.131875
0.128081
0.124463
0.121012
0.117717
0.114567
0.111555
0.108672
0.10591
0.103263
0.100722
0.0982831
0.0959393
0.0936854
0.0915162
0.089427
0.087413
0.0854702
0.0835944
0.0817818
0.0800289
0.0783321
0.0766883
0.0750943
0.0735472
0.0720442
0.0705827
0.0691603
0.0677745
0.0664231
0.0651042
0.0638157
0.062556
0.0613236
0.0601171
0.0589354
0.0577775
0.0566428
0.055531
0.0544418
0.0533754
0.0523323
0.0513132
0.0503191
0.0493514
0.0484117
0.0475021
0.0466248
0.0457826
0.0449787
0.0442168
0.0435013
0.0428374
0.0422315
0.0416914
0.0412269
0.0408503
0.0405774
0.0404283
0.961692
0.892185
0.829086
0.771729
0.719524
0.671945
0.628524
0.588843
0.552531
0.519255
0.48872
0.460661
0.434841
0.411049
0.389095
0.36881
0.35004
0.33265
0.316516
0.301528
0.287586
0.2746
0.262489
0.251181
0.240608
0.230712
0.221437
0.212735
0.204561
0.196874
0.189637
0.182816
0.176381
0.170304
0.164558
0.159121
0.15397
0.149087
0.144452
0.140049
0.135862
0.131878
0.128084
0.124467
0.121016
0.11772
0.114571
0.111559
0.108676
0.105914
0.103267
0.100727
0.0982878
0.0959443
0.0936906
0.0915216
0.0894326
0.087419
0.0854764
0.0836009
0.0817887
0.0800361
0.0783397
0.0766962
0.0751026
0.073556
0.0720535
0.0705925
0.0691706
0.0677853
0.0664346
0.0651162
0.0638284
0.0625694
0.0613377
0.0601319
0.0589508
0.0577937
0.0566597
0.0555485
0.05446
0.0533942
0.0523517
0.051333
0.0503394
0.049372
0.0484325
0.0475231
0.0466458
0.0458036
0.0449996
0.0442375
0.0435217
0.0428574
0.0422511
0.0417106
0.0412457
0.0408688
0.0405956
0.0404463
0.961692
0.892185
0.829086
0.771729
0.719524
0.671945
0.628524
0.588843
0.552531
0.519255
0.48872
0.460661
0.434841
0.411049
0.389096
0.36881
0.350041
0.332651
0.316517
0.301529
0.287587
0.274601
0.26249
0.251182
0.240609
0.230713
0.221439
0.212737
0.204562
0.196875
0.189639
0.182818
0.176383
0.170306
0.164561
0.159123
0.153973
0.149089
0.144454
0.140051
0.135865
0.131882
0.128087
0.12447
0.121019
0.117724
0.114575
0.111563
0.10868
0.105919
0.103271
0.100732
0.0982928
0.0959495
0.093696
0.0915273
0.0894386
0.0874252
0.0854829
0.0836078
0.0817959
0.0800436
0.0783476
0.0767045
0.0751114
0.0735652
0.0720632
0.0706028
0.0691814
0.0677967
0.0664466
0.0651289
0.0638418
0.0625835
0.0613524
0.0601473
0.058967
0.0578106
0.0566774
0.0555669
0.054479
0.0534139
0.0523719
0.0513538
0.0503605
0.0493935
0.0484543
0.047545
0.0466678
0.0458256
0.0450214
0.0442591
0.043543
0.0428784
0.0422717
0.0417308
0.0412655
0.0408881
0.0406146
0.0404651
0.961692
0.892185
0.829086
0.771729
0.719524
0.671945
0.628524
0.588843
0.552531
0.519255
0.48872
0.460661
0.434842
0.41105
0.389096
0.368811
0.350042
0.332652
0.316518
0.30153
0.287588
0.274602
0.262491
0.251183
0.240611
0.230715
0.22144
0.212738
0.204564
0.196877
0.189641
0.18282
0.176385
0.170308
0.164563
0.159126
0.153975
0.149092
0.144457
0.140054
0.135868
0.131885
0.12809
0.124474
0.121023
0.117728
0.114579
0.111567
0.108685
0.105923
0.103276
0.100736
0.098298
0.0959549
0.0937017
0.0915332
0.0894447
0.0874317
0.0854897
0.0836149
0.0818033
0.0800515
0.0783558
0.0767132
0.0751205
0.0735748
0.0720733
0.0706134
0.0691926
0.0678086
0.0664591
0.065142
0.0638556
0.062598
0.0613677
0.0601634
0.0589838
0.0578282
0.0566957
0.0555859
0.0544987
0.0534342
0.0523929
0.0513753
0.0503825
0.0494158
0.0484769
0.0475678
0.0466907
0.0458484
0.0450441
0.0442816
0.0435652
0.0429002
0.0422931
0.0417517
0.041286
0.0409083
0.0406344
0.0404847
0.961692
0.892185
0.829086
0.771729
0.719524
0.671945
0.628524
0.588843
0.552531
0.519256
0.488721
0.460662
0.434842
0.41105
0.389097
0.368812
0.350042
0.332652
0.316519
0.301531
0.287589
0.274603
0.262493
0.251184
0.240612
0.230716
0.221442
0.21274
0.204566
0.196879
0.189643
0.182822
0.176388
0.170311
0.164565
0.159128
0.153978
0.149095
0.14446
0.140057
0.135872
0.131888
0.128094
0.124477
0.121027
0.117732
0.114583
0.111571
0.108689
0.105928
0.103281
0.100742
0.0983033
0.0959605
0.0937075
0.0915393
0.0894511
0.0874384
0.0854968
0.0836223
0.0818111
0.0800596
0.0783644
0.0767222
0.0751299
0.0735847
0.0720838
0.0706245
0.0692043
0.0678208
0.066472
0.0651556
0.0638699
0.062613
0.0613835
0.0601799
0.0590012
0.0578463
0.0567145
0.0556055
0.054519
0.0534552
0.0524144
0.0513974
0.0504051
0.0494388
0.0485002
0.0475912
0.0467142
0.0458719
0.0450675
0.0443047
0.043588
0.0429227
0.0423151
0.0417733
0.0413071
0.040929
0.0406548
0.0405049
0.961692
0.892185
0.829086
0.771729
0.719524
0.671945
0.628524
0.588843
0.552531
0.519256
0.488721
0.460662
0.434842
0.411051
0.389097
0.368812
0.350043
0.332653
0.31652
0.301532
0.28759
0.274604
0.262494
0.251186
0.240614
0.230718
0.221443
0.212742
0.204568
0.196881
0.189645
0.182824
0.17639
0.170313
0.164568
0.159131
0.153981
0.149098
0.144463
0.140061
0.135875
0.131891
0.128098
0.124481
0.12103
0.117736
0.114587
0.111576
0.108694
0.105933
0.103286
0.100747
0.0983088
0.0959662
0.0937135
0.0915456
0.0894577
0.0874453
0.085504
0.0836298
0.081819
0.0800679
0.0783731
0.0767314
0.0751396
0.073595
0.0720945
0.0706358
0.0692162
0.0678334
0.0664852
0.0651695
0.0638845
0.0626284
0.0613997
0.0601969
0.0590189
0.0578648
0.0567338
0.0556256
0.0545398
0.0534767
0.0524365
0.05142
0.0504282
0.0494623
0.0485239
0.0476152
0.0467382
0.0458959
0.0450914
0.0443284
0.0436114
0.0429457
0.0423378
0.0417955
0.0413289
0.0409503
0.0406758
0.0405257
0.961692
0.892185
0.829086
0.771729
0.719524
0.671945
0.628524
0.588843
0.552531
0.519256
0.488721
0.460662
0.434843
0.411051
0.389098
0.368813
0.350044
0.332654
0.31652
0.301533
0.287591
0.274605
0.262495
0.251187
0.240615
0.230719
0.221445
0.212743
0.20457
0.196883
0.189647
0.182827
0.176392
0.170315
0.16457
0.159134
0.153984
0.1491
0.144466
0.140064
0.135878
0.131895
0.128101
0.124485
0.121034
0.11774
0.114591
0.11158
0.108698
0.105938
0.103291
0.100752
0.0983144
0.0959721
0.0937197
0.091552
0.0894644
0.0874523
0.0855114
0.0836376
0.0818271
0.0800764
0.0783821
0.0767408
0.0751495
0.0736054
0.0721055
0.0706473
0.0692283
0.0678462
0.0664987
0.0651837
0.0638995
0.0626441
0.0614161
0.0602141
0.059037
0.0578836
0.0567535
0.055646
0.054561
0.0534985
0.052459
0.0514431
0.0504517
0.0494862
0.0485482
0.0476396
0.0467627
0.0459204
0.0451157
0.0443525
0.0436353
0.0429692
0.0423608
0.0418181
0.041351
0.0409721
0.0406972
0.0405468
0.961692
0.892185
0.829086
0.771729
0.719524
0.671945
0.628524
0.588843
0.552531
0.519256
0.488721
0.460663
0.434843
0.411052
0.389098
0.368813
0.350044
0.332655
0.316521
0.301533
0.287592
0.274606
0.262496
0.251188
0.240616
0.230721
0.221447
0.212745
0.204571
0.196885
0.189649
0.182829
0.176394
0.170318
0.164573
0.159136
0.153986
0.149103
0.144469
0.140067
0.135881
0.131898
0.128105
0.124489
0.121038
0.117744
0.114596
0.111585
0.108703
0.105943
0.103296
0.100758
0.0983201
0.095978
0.0937259
0.0915586
0.0894713
0.0874595
0.0855189
0.0836454
0.0818354
0.0800851
0.0783912
0.0767504
0.0751596
0.073616
0.0721166
0.070659
0.0692407
0.0678592
0.0665123
0.0651981
0.0639146
0.06266
0.0614328
0.0602316
0.0590553
0.0579027
0.0567734
0.0556667
0.0545824
0.0535206
0.0524817
0.0514664
0.0504755
0.0495104
0.0485727
0.0476643
0.0467875
0.0459452
0.0451404
0.044377
0.0436594
0.042993
0.0423842
0.041841
0.0413735
0.0409941
0.0407189
0.0405683
0.961692
0.892185
0.829086
0.771729
0.719524
0.671945
0.628524
0.588843
0.552531
0.519256
0.488721
0.460663
0.434843
0.411052
0.389099
0.368814
0.350045
0.332655
0.316522
0.301534
0.287593
0.274607
0.262497
0.25119
0.240618
0.230722
0.221448
0.212747
0.204573
0.196887
0.189651
0.182831
0.176397
0.17032
0.164575
0.159139
0.153989
0.149106
0.144472
0.14007
0.135885
0.131902
0.128109
0.124492
0.121042
0.117748
0.1146
0.11159
0.108708
0.105948
0.103302
0.100763
0.0983259
0.095984
0.0937322
0.0915652
0.0894782
0.0874667
0.0855264
0.0836534
0.0818437
0.0800939
0.0784004
0.07676
0.0751698
0.0736266
0.0721279
0.0706709
0.0692531
0.0678723
0.0665262
0.0652127
0.0639299
0.0626761
0.0614497
0.0602493
0.0590737
0.057922
0.0567934
0.0556875
0.054604
0.0535429
0.0525047
0.0514899
0.0504995
0.0495348
0.0485974
0.0476892
0.0468126
0.0459702
0.0451654
0.0444017
0.0436838
0.043017
0.0424078
0.0418642
0.0413962
0.0410164
0.0407408
0.04059
0.961692
0.892185
0.829086
0.771729
0.719524
0.671945
0.628524
0.588844
0.552531
0.519256
0.488722
0.460663
0.434844
0.411052
0.389099
0.368814
0.350046
0.332656
0.316523
0.301535
0.287594
0.274609
0.262499
0.251191
0.240619
0.230724
0.22145
0.212748
0.204575
0.196889
0.189653
0.182833
0.176399
0.170323
0.164578
0.159141
0.153992
0.149109
0.144475
0.140073
0.135888
0.131905
0.128112
0.124496
0.121046
0.117752
0.114605
0.111594
0.108713
0.105953
0.103307
0.100769
0.0983317
0.0959901
0.0937385
0.0915718
0.0894851
0.087474
0.0855341
0.0836614
0.0818521
0.0801027
0.0784097
0.0767698
0.07518
0.0736374
0.0721392
0.0706828
0.0692657
0.0678855
0.06654
0.0652273
0.0639452
0.0626922
0.0614666
0.060267
0.0590922
0.0579413
0.0568136
0.0557084
0.0546256
0.0535653
0.0525277
0.0515135
0.0505236
0.0495593
0.0486222
0.0477143
0.0468377
0.0459954
0.0451904
0.0444266
0.0437084
0.0430412
0.0424316
0.0418875
0.041419
0.0410388
0.0407629
0.0406119
0.961692
0.892185
0.829086
0.771729
0.719524
0.671945
0.628524
0.588844
0.552532
0.519256
0.488722
0.460663
0.434844
0.411053
0.3891
0.368815
0.350046
0.332657
0.316524
0.301536
0.287595
0.27461
0.2625
0.251192
0.24062
0.230725
0.221451
0.21275
0.204577
0.196891
0.189655
0.182835
0.176401
0.170325
0.16458
0.159144
0.153995
0.149112
0.144478
0.140077
0.135892
0.131909
0.128116
0.1245
0.121051
0.117757
0.114609
0.111599
0.108718
0.105958
0.103312
0.100774
0.0983375
0.0959962
0.0937449
0.0915785
0.0894921
0.0874813
0.0855417
0.0836694
0.0818606
0.0801115
0.0784189
0.0767795
0.0751903
0.0736482
0.0721506
0.0706947
0.0692782
0.0678987
0.066554
0.0652419
0.0639606
0.0627083
0.0614835
0.0602847
0.0591108
0.0579607
0.0568337
0.0557293
0.0546473
0.0535876
0.0525507
0.0515371
0.0505477
0.0495838
0.0486471
0.0477393
0.0468629
0.0460205
0.0452154
0.0444514
0.043733
0.0430654
0.0424554
0.0419108
0.0414419
0.0410613
0.040785
0.0406337
0.961692
0.892185
0.829085
0.771729
0.719524
0.671945
0.628524
0.588844
0.552532
0.519256
0.488722
0.460663
0.434844
0.411053
0.3891
0.368815
0.350047
0.332657
0.316524
0.301537
0.287595
0.274611
0.262501
0.251193
0.240622
0.230726
0.221453
0.212752
0.204578
0.196892
0.189657
0.182837
0.176403
0.170327
0.164583
0.159147
0.153997
0.149115
0.144481
0.14008
0.135895
0.131913
0.12812
0.124504
0.121055
0.117761
0.114614
0.111604
0.108723
0.105963
0.103318
0.10078
0.0983433
0.0960023
0.0937512
0.0915851
0.0894991
0.0874886
0.0855494
0.0836774
0.081869
0.0801204
0.0784282
0.0767893
0.0752005
0.073659
0.0721619
0.0707067
0.0692908
0.0679119
0.0665678
0.0652565
0.0639759
0.0627244
0.0615004
0.0603024
0.0591292
0.05798
0.0568538
0.0557502
0.0546689
0.0536099
0.0525736
0.0515606
0.0505717
0.0496083
0.0486718
0.0477643
0.046888
0.0460456
0.0452404
0.0444762
0.0437575
0.0430896
0.0424791
0.0419342
0.0414648
0.0410837
0.040807
0.0406556
0.961692
0.892185
0.829085
0.771729
0.719524
0.671945
0.628524
0.588844
0.552532
0.519257
0.488722
0.460664
0.434845
0.411053
0.3891
0.368816
0.350047
0.332658
0.316525
0.301538
0.287596
0.274611
0.262502
0.251194
0.240623
0.230728
0.221454
0.212753
0.20458
0.196894
0.189659
0.182839
0.176406
0.17033
0.164585
0.159149
0.154
0.149118
0.144484
0.140083
0.135898
0.131916
0.128123
0.124508
0.121059
0.117765
0.114618
0.111608
0.108727
0.105968
0.103323
0.100785
0.0983491
0.0960083
0.0937576
0.0915917
0.089506
0.0874958
0.085557
0.0836854
0.0818773
0.0801291
0.0784374
0.076799
0.0752107
0.0736697
0.0721732
0.0707185
0.0693032
0.067925
0.0665816
0.0652709
0.0639911
0.0627404
0.0615171
0.0603199
0.0591476
0.0579991
0.0568737
0.0557708
0.0546903
0.053632
0.0525964
0.0515839
0.0505955
0.0496325
0.0486964
0.047789
0.0469129
0.0460705
0.0452653
0.0445009
0.0437819
0.0431136
0.0425028
0.0419573
0.0414875
0.041106
0.040829
0.0406773
0.961692
0.892185
0.829085
0.771729
0.719524
0.671945
0.628524
0.588844
0.552532
0.519257
0.488722
0.460664
0.434845
0.411054
0.389101
0.368816
0.350048
0.332658
0.316526
0.301538
0.287597
0.274612
0.262503
0.251196
0.240624
0.230729
0.221456
0.212755
0.204582
0.196896
0.18966
0.182841
0.176408
0.170332
0.164588
0.159152
0.154003
0.149121
0.144487
0.140086
0.135902
0.131919
0.128127
0.124512
0.121063
0.117769
0.114622
0.111613
0.108732
0.105973
0.103328
0.100791
0.0983548
0.0960143
0.0937638
0.0915983
0.0895129
0.087503
0.0855645
0.0836933
0.0818856
0.0801379
0.0784466
0.0768086
0.0752208
0.0736803
0.0721843
0.0707302
0.0693156
0.067938
0.0665952
0.0652853
0.0640062
0.0627562
0.0615337
0.0603373
0.0591657
0.058018
0.0568934
0.0557913
0.0547115
0.0536539
0.0526189
0.051607
0.0506191
0.0496565
0.0487207
0.0478136
0.0469375
0.0460952
0.0452899
0.0445253
0.043806
0.0431375
0.0425262
0.0419803
0.04151
0.0411281
0.0408507
0.0406988
0.961692
0.892185
0.829085
0.771729
0.719524
0.671945
0.628524
0.588844
0.552532
0.519257
0.488722
0.460664
0.434845
0.411054
0.389101
0.368817
0.350048
0.332659
0.316526
0.301539
0.287598
0.274613
0.262504
0.251197
0.240625
0.23073
0.221457
0.212756
0.204583
0.196898
0.189662
0.182843
0.17641
0.170334
0.16459
0.159154
0.154005
0.149123
0.14449
0.140089
0.135905
0.131923
0.12813
0.124515
0.121066
0.117773
0.114627
0.111617
0.108737
0.105978
0.103333
0.100796
0.0983604
0.0960202
0.09377
0.0916048
0.0895197
0.0875102
0.085572
0.0837012
0.0818938
0.0801465
0.0784556
0.0768181
0.0752308
0.0736908
0.0721953
0.0707418
0.0693278
0.0679508
0.0666087
0.0652994
0.0640211
0.0627718
0.06155
0.0603544
0.0591836
0.0580367
0.0569128
0.0558115
0.0547324
0.0536755
0.0526411
0.0516298
0.0506424
0.0496802
0.0487447
0.0478378
0.0469619
0.0461196
0.0453142
0.0445494
0.0438299
0.043161
0.0425493
0.042003
0.0415323
0.0411499
0.0408722
0.0407201
0.961692
0.892185
0.829085
0.771729
0.719524
0.671945
0.628524
0.588844
0.552532
0.519257
0.488722
0.460664
0.434845
0.411054
0.389101
0.368817
0.350049
0.33266
0.316527
0.30154
0.287599
0.274614
0.262505
0.251198
0.240627
0.230732
0.221458
0.212758
0.204585
0.196899
0.189664
0.182845
0.176412
0.170336
0.164592
0.159157
0.154008
0.149126
0.144493
0.140092
0.135908
0.131926
0.128134
0.124519
0.12107
0.117777
0.114631
0.111622
0.108741
0.105983
0.103338
0.100801
0.098366
0.096026
0.0937761
0.0916112
0.0895263
0.0875172
0.0855793
0.0837088
0.0819019
0.0801549
0.0784645
0.0768274
0.0752406
0.0737011
0.0722062
0.0707532
0.0693398
0.0679634
0.066622
0.0653134
0.0640357
0.0627871
0.0615661
0.0603712
0.0592012
0.058055
0.0569319
0.0558313
0.0547529
0.0536967
0.0526629
0.0516521
0.0506652
0.0497034
0.0487683
0.0478616
0.0469858
0.0461435
0.0453381
0.0445732
0.0438534
0.0431841
0.0425721
0.0420254
0.0415542
0.0411714
0.0408934
0.040741
0.961692
0.892185
0.829085
0.771729
0.719524
0.671945
0.628524
0.588844
0.552532
0.519257
0.488723
0.460664
0.434845
0.411054
0.389102
0.368817
0.350049
0.33266
0.316527
0.30154
0.2876
0.274615
0.262506
0.251199
0.240628
0.230733
0.22146
0.212759
0.204587
0.196901
0.189666
0.182847
0.176414
0.170338
0.164595
0.159159
0.154011
0.149129
0.144496
0.140095
0.135911
0.131929
0.128137
0.124523
0.121074
0.117781
0.114635
0.111626
0.108746
0.105988
0.103343
0.100807
0.0983714
0.0960317
0.0937821
0.0916174
0.0895329
0.087524
0.0855865
0.0837164
0.0819098
0.0801633
0.0784732
0.0768366
0.0752502
0.0737112
0.0722168
0.0707644
0.0693515
0.0679758
0.066635
0.065327
0.06405
0.0628022
0.0615819
0.0603877
0.0592184
0.058073
0.0569506
0.0558507
0.054773
0.0537175
0.0526843
0.0516741
0.0506876
0.0497262
0.0487914
0.047885
0.0470093
0.0461671
0.0453615
0.0445964
0.0438764
0.0432069
0.0425944
0.0420473
0.0415757
0.0411926
0.0409142
0.0407616
0.961692
0.892185
0.829085
0.771729
0.719524
0.671945
0.628524
0.588844
0.552532
0.519257
0.488723
0.460664
0.434846
0.411055
0.389102
0.368818
0.350049
0.332661
0.316528
0.301541
0.2876
0.274616
0.262507
0.2512
0.240629
0.230734
0.221461
0.212761
0.204588
0.196903
0.189668
0.182849
0.176416
0.17034
0.164597
0.159162
0.154013
0.149131
0.144499
0.140098
0.135914
0.131933
0.128141
0.124526
0.121078
0.117785
0.114639
0.11163
0.10875
0.105992
0.103348
0.100812
0.0983768
0.0960373
0.0937879
0.0916235
0.0895393
0.0875307
0.0855936
0.0837238
0.0819176
0.0801714
0.0784818
0.0768455
0.0752596
0.0737211
0.0722272
0.0707753
0.069363
0.0679878
0.0666476
0.0653403
0.064064
0.0628168
0.0615972
0.0604038
0.0592352
0.0580905
0.0569689
0.0558697
0.0547927
0.0537377
0.0527052
0.0516955
0.0507095
0.0497485
0.048814
0.0479078
0.0470322
0.04619
0.0453844
0.0446192
0.043899
0.0432291
0.0426163
0.0420688
0.0415968
0.0412132
0.0409345
0.0407817
0.961692
0.892185
0.829085
0.771729
0.719524
0.671945
0.628524
0.588844
0.552532
0.519257
0.488723
0.460664
0.434846
0.411055
0.389102
0.368818
0.35005
0.332661
0.316528
0.301542
0.287601
0.274617
0.262507
0.251201
0.24063
0.230735
0.221462
0.212762
0.204589
0.196904
0.189669
0.182851
0.176418
0.170342
0.164599
0.159164
0.154015
0.149134
0.144501
0.140101
0.135917
0.131936
0.128144
0.12453
0.121081
0.117789
0.114643
0.111634
0.108755
0.105997
0.103353
0.100817
0.0983819
0.0960427
0.0937936
0.0916295
0.0895456
0.0875373
0.0856004
0.083731
0.0819251
0.0801793
0.0784901
0.0768543
0.0752688
0.0737307
0.0722373
0.070786
0.0693742
0.0679996
0.06666
0.0653533
0.0640776
0.0628311
0.0616122
0.0604195
0.0592516
0.0581076
0.0569867
0.0558882
0.0548118
0.0537575
0.0527255
0.0517163
0.0507308
0.0497702
0.048836
0.04793
0.0470546
0.0462124
0.0454068
0.0446414
0.0439209
0.0432508
0.0426376
0.0420897
0.0416173
0.0412334
0.0409544
0.0408013
0.961692
0.892185
0.829085
0.771729
0.719524
0.671945
0.628524
0.588844
0.552532
0.519257
0.488723
0.460665
0.434846
0.411055
0.389102
0.368818
0.35005
0.332661
0.316529
0.301542
0.287602
0.274617
0.262508
0.251202
0.240631
0.230736
0.221463
0.212763
0.204591
0.196906
0.189671
0.182852
0.17642
0.170344
0.164601
0.159166
0.154018
0.149136
0.144504
0.140103
0.13592
0.131939
0.128147
0.124533
0.121085
0.117793
0.114647
0.111638
0.108759
0.106001
0.103357
0.100822
0.098387
0.096048
0.0937991
0.0916353
0.0895516
0.0875436
0.0856071
0.083738
0.0819325
0.080187
0.0784982
0.0768628
0.0752777
0.0737401
0.0722472
0.0707963
0.0693851
0.068011
0.066672
0.0653659
0.0640908
0.062845
0.0616268
0.0604347
0.0592675
0.0581242
0.0570039
0.0559061
0.0548303
0.0537766
0.0527452
0.0517366
0.0507515
0.0497913
0.0488573
0.0479516
0.0470763
0.0462342
0.0454285
0.044663
0.0439423
0.0432719
0.0426584
0.0421101
0.0416373
0.041253
0.0409736
0.0408204
0.961692
0.892185
0.829085
0.771729
0.719524
0.671945
0.628524
0.588844
0.552532
0.519257
0.488723
0.460665
0.434846
0.411055
0.389103
0.368819
0.350051
0.332662
0.316529
0.301543
0.287602
0.274618
0.262509
0.251202
0.240632
0.230737
0.221464
0.212764
0.204592
0.196907
0.189672
0.182854
0.176421
0.170346
0.164603
0.159168
0.15402
0.149139
0.144506
0.140106
0.135923
0.131942
0.12815
0.124536
0.121088
0.117796
0.11465
0.111642
0.108763
0.106005
0.103362
0.100826
0.0983919
0.0960531
0.0938045
0.0916409
0.0895575
0.0875498
0.0856136
0.0837447
0.0819396
0.0801944
0.078506
0.076871
0.0752863
0.0737491
0.0722567
0.0708063
0.0693956
0.0680221
0.0666836
0.0653781
0.0641036
0.0628584
0.0616408
0.0604494
0.0592829
0.0581402
0.0570206
0.0559234
0.0548483
0.0537952
0.0527643
0.0517561
0.0507715
0.0498117
0.048878
0.0479725
0.0470973
0.0462552
0.0454495
0.0446839
0.043963
0.0432923
0.0426785
0.0421298
0.0416567
0.041272
0.0409923
0.0408389
0.961692
0.892185
0.829085
0.771729
0.719524
0.671945
0.628524
0.588844
0.552532
0.519257
0.488723
0.460665
0.434846
0.411055
0.389103
0.368819
0.350051
0.332662
0.31653
0.301543
0.287603
0.274619
0.26251
0.251203
0.240633
0.230738
0.221466
0.212766
0.204593
0.196909
0.189674
0.182856
0.176423
0.170348
0.164605
0.15917
0.154022
0.149141
0.144509
0.140109
0.135925
0.131944
0.128153
0.124539
0.121091
0.1178
0.114654
0.111646
0.108767
0.106009
0.103366
0.100831
0.0983966
0.096058
0.0938097
0.0916463
0.0895632
0.0875557
0.0856198
0.0837513
0.0819464
0.0802016
0.0785135
0.0768789
0.0752946
0.0737579
0.0722659
0.070816
0.0694057
0.0680327
0.0666948
0.0653898
0.064116
0.0628713
0.0616544
0.0604636
0.0592977
0.0581557
0.0570367
0.0559401
0.0548656
0.053813
0.0527827
0.051775
0.0507908
0.0498313
0.0488979
0.0479926
0.0471176
0.0462755
0.0454697
0.044704
0.0439829
0.043312
0.0426979
0.0421489
0.0416753
0.0412903
0.0410103
0.0408567
0.961692
0.892185
0.829085
0.771729
0.719524
0.671945
0.628524
0.588844
0.552532
0.519257
0.488723
0.460665
0.434846
0.411056
0.389103
0.368819
0.350051
0.332663
0.31653
0.301544
0.287603
0.274619
0.262511
0.251204
0.240633
0.230739
0.221467
0.212767
0.204595
0.19691
0.189675
0.182857
0.176425
0.17035
0.164607
0.159172
0.154024
0.149143
0.144511
0.140111
0.135928
0.131947
0.128156
0.124542
0.121094
0.117803
0.114657
0.111649
0.108771
0.106013
0.10337
0.100835
0.0984011
0.0960628
0.0938146
0.0916515
0.0895686
0.0875614
0.0856257
0.0837575
0.081953
0.0802085
0.0785208
0.0768865
0.0753026
0.0737663
0.0722747
0.0708252
0.0694154
0.0680429
0.0667055
0.0654011
0.0641278
0.0628837
0.0616673
0.0604771
0.0593119
0.0581705
0.0570521
0.0559561
0.0548822
0.0538302
0.0528003
0.0517931
0.0508093
0.0498502
0.0489171
0.0480119
0.047137
0.0462951
0.0454892
0.0447234
0.0440021
0.0433309
0.0427165
0.0421672
0.0416933
0.0413079
0.0410277
0.0408739
0.961692
0.892185
0.829085
0.771729
0.719524
0.671945
0.628524
0.588844
0.552532
0.519257
0.488723
0.460665
0.434846
0.411056
0.389103
0.368819
0.350052
0.332663
0.316531
0.301544
0.287604
0.27462
0.262511
0.251205
0.240634
0.23074
0.221468
0.212768
0.204596
0.196911
0.189676
0.182858
0.176426
0.170351
0.164608
0.159174
0.154026
0.149145
0.144513
0.140113
0.13593
0.13195
0.128158
0.124545
0.121097
0.117806
0.114661
0.111653
0.108774
0.106017
0.103374
0.100839
0.0984054
0.0960673
0.0938193
0.0916564
0.0895738
0.0875669
0.0856315
0.0837635
0.0819593
0.0802151
0.0785277
0.0768937
0.0753102
0.0737743
0.0722831
0.0708341
0.0694247
0.0680527
0.0667158
0.0654119
0.0641391
0.0628956
0.0616798
0.0604901
0.0593255
0.0581846
0.0570668
0.0559714
0.054898
0.0538465
0.0528172
0.0518104
0.050827
0.0498682
0.0489354
0.0480304
0.0471557
0.0463137
0.0455079
0.0447419
0.0440205
0.043349
0.0427343
0.0421847
0.0417105
0.0413248
0.0410443
0.0408903
0.961692
0.892185
0.829085
0.771728
0.719524
0.671945
0.628524
0.588844
0.552532
0.519257
0.488723
0.460665
0.434847
0.411056
0.389104
0.36882
0.350052
0.332663
0.316531
0.301545
0.287604
0.27462
0.262512
0.251205
0.240635
0.230741
0.221468
0.212769
0.204597
0.196912
0.189678
0.18286
0.176427
0.170353
0.16461
0.159175
0.154028
0.149147
0.144515
0.140115
0.135932
0.131952
0.128161
0.124547
0.1211
0.117809
0.114664
0.111656
0.108778
0.106021
0.103378
0.100843
0.0984095
0.0960716
0.0938238
0.0916612
0.0895787
0.0875721
0.0856369
0.0837692
0.0819652
0.0802214
0.0785343
0.0769007
0.0753175
0.0737819
0.0722911
0.0708425
0.0694336
0.068062
0.0667255
0.0654221
0.0641498
0.0629069
0.0616916
0.0605025
0.0593384
0.0581981
0.0570809
0.055986
0.0549131
0.0538621
0.0528332
0.0518269
0.0508439
0.0498854
0.0489528
0.0480481
0.0471734
0.0463315
0.0455256
0.0447596
0.044038
0.0433663
0.0427514
0.0422014
0.0417269
0.0413409
0.0410601
0.040906
0.961692
0.892185
0.829085
0.771728
0.719524
0.671945
0.628524
0.588844
0.552532
0.519257
0.488723
0.460665
0.434847
0.411056
0.389104
0.36882
0.350052
0.332664
0.316531
0.301545
0.287605
0.274621
0.262512
0.251206
0.240636
0.230742
0.221469
0.21277
0.204598
0.196913
0.189679
0.182861
0.176429
0.170354
0.164611
0.159177
0.154029
0.149149
0.144517
0.140117
0.135935
0.131954
0.128163
0.12455
0.121103
0.117812
0.114667
0.111659
0.108781
0.106024
0.103382
0.100847
0.0984134
0.0960757
0.0938281
0.0916656
0.0895834
0.087577
0.0856421
0.0837746
0.0819709
0.0802273
0.0785405
0.0769072
0.0753244
0.0737891
0.0722987
0.0708505
0.0694419
0.0680708
0.0667348
0.0654319
0.06416
0.0629176
0.0617028
0.0605142
0.0593506
0.0582109
0.0570941
0.0559998
0.0549274
0.0538769
0.0528484
0.0518425
0.0508598
0.0499016
0.0489693
0.0480648
0.0471902
0.0463484
0.0455425
0.0447763
0.0440546
0.0433827
0.0427675
0.0422173
0.0417424
0.0413562
0.0410752
0.0409208
0.961692
0.892185
0.829085
0.771728
0.719524
0.671945
0.628524
0.588844
0.552532
0.519257
0.488723
0.460665
0.434847
0.411056
0.389104
0.36882
0.350052
0.332664
0.316532
0.301545
0.287605
0.274621
0.262513
0.251207
0.240636
0.230742
0.22147
0.212771
0.204599
0.196914
0.18968
0.182862
0.17643
0.170356
0.164613
0.159179
0.154031
0.149151
0.144519
0.140119
0.135937
0.131956
0.128166
0.124552
0.121105
0.117814
0.114669
0.111662
0.108784
0.106027
0.103385
0.10085
0.098417
0.0960795
0.0938321
0.0916699
0.0895879
0.0875816
0.0856469
0.0837797
0.0819763
0.0802329
0.0785464
0.0769134
0.0753309
0.0737959
0.0723058
0.070858
0.0694498
0.0680791
0.0667435
0.065441
0.0641696
0.0629276
0.0617133
0.0605253
0.0593621
0.0582229
0.0571067
0.0560128
0.0549409
0.0538908
0.0528628
0.0518572
0.0508749
0.049917
0.0489849
0.0480805
0.0472061
0.0463643
0.0455584
0.0447922
0.0440703
0.0433982
0.0427827
0.0422322
0.0417571
0.0413706
0.0410893
0.0409349
0.961692
0.892185
0.829085
0.771728
0.719524
0.671945
0.628524
0.588844
0.552532
0.519257
0.488723
0.460665
0.434847
0.411056
0.389104
0.36882
0.350053
0.332664
0.316532
0.301546
0.287606
0.274622
0.262513
0.251207
0.240637
0.230743
0.221471
0.212771
0.2046
0.196915
0.189681
0.182863
0.176431
0.170357
0.164614
0.15918
0.154033
0.149152
0.144521
0.140121
0.135939
0.131958
0.128168
0.124555
0.121108
0.117817
0.114672
0.111665
0.108787
0.10603
0.103388
0.100853
0.0984205
0.0960831
0.0938359
0.0916738
0.089592
0.087586
0.0856515
0.0837845
0.0819813
0.0802382
0.0785519
0.0769192
0.0753369
0.0738023
0.0723126
0.070865
0.0694572
0.0680869
0.0667517
0.0654496
0.0641786
0.0629371
0.0617232
0.0605356
0.059373
0.0582342
0.0571184
0.056025
0.0549535
0.0539039
0.0528762
0.051871
0.050889
0.0499314
0.0489995
0.0480953
0.047221
0.0463792
0.0455733
0.044807
0.044085
0.0434127
0.0427971
0.0422463
0.0417709
0.0413841
0.0411027
0.040948
0.961692
0.892185
0.829085
0.771728
0.719524
0.671945
0.628524
0.588844
0.552532
0.519257
0.488723
0.460665
0.434847
0.411056
0.389104
0.36882
0.350053
0.332664
0.316532
0.301546
0.287606
0.274622
0.262514
0.251208
0.240638
0.230744
0.221472
0.212772
0.2046
0.196916
0.189682
0.182864
0.176432
0.170358
0.164616
0.159181
0.154034
0.149154
0.144522
0.140123
0.13594
0.13196
0.12817
0.124557
0.12111
0.117819
0.114674
0.111667
0.108789
0.106033
0.103391
0.100857
0.0984237
0.0960864
0.0938394
0.0916775
0.0895958
0.08759
0.0856557
0.0837889
0.0819859
0.0802431
0.078557
0.0769246
0.0753426
0.0738083
0.0723188
0.0708716
0.0694641
0.0680941
0.0667593
0.0654576
0.064187
0.0629458
0.0617324
0.0605452
0.059383
0.0582447
0.0571293
0.0560363
0.0549652
0.053916
0.0528887
0.0518838
0.0509022
0.0499448
0.0490131
0.0481091
0.0472348
0.0463931
0.0455872
0.0448208
0.0440987
0.0434263
0.0428104
0.0422594
0.0417838
0.0413968
0.0411151
0.0409603
0.961692
0.892185
0.829085
0.771728
0.719524
0.671945
0.628524
0.588844
0.552532
0.519257
0.488723
0.460665
0.434847
0.411057
0.389104
0.368821
0.350053
0.332665
0.316533
0.301546
0.287606
0.274623
0.262514
0.251208
0.240638
0.230744
0.221472
0.212773
0.204601
0.196917
0.189683
0.182865
0.176433
0.170359
0.164617
0.159183
0.154035
0.149155
0.144524
0.140124
0.135942
0.131962
0.128172
0.124559
0.121112
0.117821
0.114677
0.11167
0.108792
0.106035
0.103394
0.100859
0.0984266
0.0960895
0.0938426
0.0916809
0.0895994
0.0875937
0.0856596
0.083793
0.0819902
0.0802476
0.0785618
0.0769295
0.0753478
0.0738137
0.0723246
0.0708776
0.0694705
0.0681008
0.0667663
0.0654649
0.0641947
0.0629539
0.0617409
0.0605541
0.0593923
0.0582543
0.0571394
0.0560468
0.0549761
0.0539272
0.0529003
0.0518957
0.0509143
0.0499572
0.0490257
0.0481218
0.0472477
0.046406
0.0456
0.0448336
0.0441114
0.0434388
0.0428227
0.0422715
0.0417957
0.0414085
0.0411266
0.0409717
0.961692
0.892185
0.829085
0.771728
0.719524
0.671945
0.628524
0.588844
0.552532
0.519257
0.488723
0.460666
0.434847
0.411057
0.389104
0.368821
0.350053
0.332665
0.316533
0.301547
0.287607
0.274623
0.262515
0.251209
0.240639
0.230745
0.221473
0.212773
0.204602
0.196918
0.189684
0.182866
0.176434
0.17036
0.164618
0.159184
0.154037
0.149156
0.144525
0.140126
0.135943
0.131964
0.128173
0.12456
0.121114
0.117823
0.114679
0.111672
0.108794
0.106038
0.103396
0.100862
0.0984293
0.0960924
0.0938456
0.091684
0.0896027
0.0875971
0.0856632
0.0837968
0.0819942
0.0802517
0.0785661
0.0769341
0.0753526
0.0738188
0.0723298
0.0708832
0.0694763
0.0681069
0.0667727
0.0654717
0.0642018
0.0629614
0.0617487
0.0605622
0.0594008
0.0582632
0.0571486
0.0560564
0.054986
0.0539375
0.0529109
0.0519066
0.0509254
0.0499685
0.0490373
0.0481335
0.0472594
0.0464178
0.0456118
0.0448454
0.044123
0.0434503
0.0428341
0.0422827
0.0418066
0.0414192
0.0411371
0.0409821
0.961692
0.892185
0.829085
0.771728
0.719524
0.671945
0.628524
0.588844
0.552532
0.519258
0.488723
0.460666
0.434847
0.411057
0.389105
0.368821
0.350053
0.332665
0.316533
0.301547
0.287607
0.274623
0.262515
0.251209
0.240639
0.230745
0.221473
0.212774
0.204603
0.196918
0.189684
0.182867
0.176435
0.170361
0.164619
0.159185
0.154038
0.149157
0.144526
0.140127
0.135945
0.131965
0.128175
0.124562
0.121115
0.117825
0.11468
0.111674
0.108796
0.10604
0.103398
0.100864
0.0984317
0.0960949
0.0938483
0.0916868
0.0896056
0.0876002
0.0856664
0.0838002
0.0819977
0.0802555
0.07857
0.0769382
0.0753569
0.0738233
0.0723346
0.0708882
0.0694816
0.0681124
0.0667785
0.0654778
0.0642082
0.0629681
0.0617557
0.0605696
0.0594085
0.0582712
0.057157
0.0560651
0.0549951
0.0539468
0.0529205
0.0519165
0.0509355
0.0499788
0.0490477
0.0481441
0.0472701
0.0464285
0.0456225
0.044856
0.0441336
0.0434607
0.0428443
0.0422928
0.0418166
0.0414289
0.0411467
0.0409916
0.961692
0.892185
0.829085
0.771728
0.719524
0.671945
0.628524
0.588844
0.552532
0.519258
0.488724
0.460666
0.434847
0.411057
0.389105
0.368821
0.350053
0.332665
0.316533
0.301547
0.287607
0.274624
0.262515
0.251209
0.240639
0.230746
0.221474
0.212774
0.204603
0.196919
0.189685
0.182868
0.176436
0.170362
0.16462
0.159186
0.154039
0.149159
0.144527
0.140128
0.135946
0.131966
0.128176
0.124563
0.121117
0.117826
0.114682
0.111675
0.108798
0.106042
0.1034
0.100866
0.0984339
0.0960972
0.0938507
0.0916893
0.0896082
0.087603
0.0856693
0.0838032
0.0820009
0.0802588
0.0785735
0.0769419
0.0753608
0.0738274
0.0723389
0.0708927
0.0694863
0.0681174
0.0667837
0.0654832
0.0642139
0.0629741
0.061762
0.0605762
0.0594154
0.0582784
0.0571645
0.0560728
0.0550031
0.0539551
0.0529291
0.0519253
0.0509446
0.049988
0.0490571
0.0481535
0.0472797
0.0464381
0.0456321
0.0448656
0.044143
0.0434701
0.0428536
0.0423018
0.0418254
0.0414376
0.0411553
0.0410001
0.961692
0.892185
0.829085
0.771728
0.719524
0.671945
0.628524
0.588844
0.552532
0.519258
0.488724
0.460666
0.434847
0.411057
0.389105
0.368821
0.350054
0.332665
0.316533
0.301547
0.287607
0.274624
0.262516
0.25121
0.24064
0.230746
0.221474
0.212775
0.204604
0.196919
0.189686
0.182868
0.176437
0.170362
0.16462
0.159186
0.154039
0.149159
0.144528
0.140129
0.135947
0.131967
0.128177
0.124565
0.121118
0.117828
0.114684
0.111677
0.108799
0.106043
0.103402
0.100868
0.0984358
0.0960992
0.0938528
0.0916915
0.0896105
0.0876054
0.0856719
0.0838059
0.0820037
0.0802617
0.0785766
0.0769451
0.0753642
0.0738309
0.0723426
0.0708966
0.0694904
0.0681217
0.0667883
0.065488
0.064219
0.0629794
0.0617675
0.060582
0.0594214
0.0582848
0.0571711
0.0560797
0.0550102
0.0539625
0.0529366
0.0519331
0.0509525
0.0499962
0.0490653
0.0481619
0.0472881
0.0464466
0.0456406
0.044874
0.0441514
0.0434783
0.0428617
0.0423098
0.0418333
0.0414453
0.0411629
0.0410076
0.961692
0.892185
0.829085
0.771728
0.719524
0.671945
0.628524
0.588844
0.552532
0.519258
0.488724
0.460666
0.434847
0.411057
0.389105
0.368821
0.350054
0.332665
0.316534
0.301548
0.287608
0.274624
0.262516
0.25121
0.24064
0.230746
0.221475
0.212775
0.204604
0.19692
0.189686
0.182869
0.176437
0.170363
0.164621
0.159187
0.15404
0.14916
0.144529
0.14013
0.135948
0.131968
0.128178
0.124566
0.121119
0.117829
0.114685
0.111678
0.108801
0.106045
0.103403
0.10087
0.0984375
0.0961009
0.0938546
0.0916934
0.0896125
0.0876075
0.085674
0.0838082
0.0820061
0.0802643
0.0785793
0.0769479
0.0753671
0.073834
0.0723458
0.0709
0.069494
0.0681255
0.0667922
0.0654922
0.0642233
0.0629839
0.0617723
0.060587
0.0594267
0.0582902
0.0571768
0.0560856
0.0550164
0.0539688
0.0529432
0.0519398
0.0509594
0.0500032
0.0490725
0.0481691
0.0472954
0.0464539
0.0456479
0.0448813
0.0441586
0.0434855
0.0428687
0.0423167
0.0418401
0.041452
0.0411694
0.041014
0.961692
0.892185
0.829085
0.771728
0.719524
0.671945
0.628524
0.588844
0.552532
0.519258
0.488724
0.460666
0.434847
0.411057
0.389105
0.368821
0.350054
0.332666
0.316534
0.301548
0.287608
0.274624
0.262516
0.25121
0.24064
0.230747
0.221475
0.212776
0.204604
0.19692
0.189686
0.182869
0.176438
0.170364
0.164621
0.159188
0.154041
0.149161
0.14453
0.140131
0.135949
0.131969
0.128179
0.124566
0.12112
0.11783
0.114686
0.111679
0.108802
0.106046
0.103405
0.100871
0.0984389
0.0961024
0.0938561
0.091695
0.0896142
0.0876092
0.0856759
0.0838101
0.0820081
0.0802664
0.0785815
0.0769502
0.0753696
0.0738366
0.0723486
0.0709028
0.069497
0.0681286
0.0667955
0.0654956
0.064227
0.0629878
0.0617763
0.0605912
0.0594311
0.0582948
0.0571815
0.0560906
0.0550215
0.0539742
0.0529487
0.0519454
0.0509652
0.0500091
0.0490785
0.0481752
0.0473015
0.04646
0.0456541
0.0448874
0.0441647
0.0434915
0.0428747
0.0423226
0.0418458
0.0414576
0.0411749
0.0410195
0.961692
0.892185
0.829085
0.771728
0.719524
0.671945
0.628524
0.588844
0.552532
0.519258
0.488724
0.460666
0.434847
0.411057
0.389105
0.368821
0.350054
0.332666
0.316534
0.301548
0.287608
0.274624
0.262516
0.25121
0.240641
0.230747
0.221475
0.212776
0.204605
0.196921
0.189687
0.18287
0.176438
0.170364
0.164622
0.159188
0.154041
0.149161
0.14453
0.140131
0.135949
0.13197
0.12818
0.124567
0.121121
0.117831
0.114687
0.11168
0.108803
0.106047
0.103406
0.100872
0.09844
0.0961035
0.0938573
0.0916963
0.0896155
0.0876106
0.0856773
0.0838116
0.0820097
0.0802681
0.0785833
0.0769521
0.0753715
0.0738387
0.0723507
0.0709051
0.0694994
0.0681311
0.0667982
0.0654984
0.0642299
0.0629908
0.0617795
0.0605946
0.0594346
0.0582985
0.0571854
0.0560946
0.0550257
0.0539785
0.0529531
0.05195
0.0509699
0.0500139
0.0490833
0.0481801
0.0473065
0.046465
0.045659
0.0448924
0.0441696
0.0434964
0.0428795
0.0423273
0.0418504
0.0414622
0.0411794
0.0410239
0.961692
0.892185
0.829085
0.771728
0.719524
0.671945
0.628524
0.588844
0.552532
0.519258
0.488724
0.460666
0.434847
0.411057
0.389105
0.368821
0.350054
0.332666
0.316534
0.301548
0.287608
0.274625
0.262516
0.251211
0.240641
0.230747
0.221475
0.212776
0.204605
0.196921
0.189687
0.18287
0.176438
0.170364
0.164622
0.159188
0.154042
0.149162
0.144531
0.140132
0.13595
0.13197
0.12818
0.124568
0.121121
0.117831
0.114687
0.111681
0.108803
0.106048
0.103406
0.100873
0.0984408
0.0961044
0.0938582
0.0916972
0.0896165
0.0876117
0.0856784
0.0838128
0.082011
0.0802694
0.0785846
0.0769535
0.075373
0.0738402
0.0723524
0.0709069
0.0695012
0.0681331
0.0668002
0.0655005
0.0642321
0.0629932
0.061782
0.0605971
0.0594373
0.0583013
0.0571883
0.0560976
0.0550288
0.0539817
0.0529565
0.0519535
0.0509735
0.0500175
0.0490871
0.0481839
0.0473103
0.0464688
0.0456629
0.0448962
0.0441734
0.0435001
0.0428831
0.0423309
0.041854
0.0414656
0.0411828
0.0410273
0.961692
0.892185
0.829085
0.771728
0.719524
0.671945
0.628524
0.588844
0.552532
0.519258
0.488724
0.460666
0.434847
0.411057
0.389105
0.368821
0.350054
0.332666
0.316534
0.301548
0.287608
0.274625
0.262516
0.251211
0.240641
0.230747
0.221475
0.212776
0.204605
0.196921
0.189687
0.18287
0.176438
0.170364
0.164622
0.159189
0.154042
0.149162
0.144531
0.140132
0.13595
0.131971
0.128181
0.124568
0.121122
0.117832
0.114688
0.111681
0.108804
0.106048
0.103407
0.100873
0.0984414
0.096105
0.0938589
0.0916979
0.0896172
0.0876124
0.0856792
0.0838136
0.0820118
0.0802702
0.0785855
0.0769545
0.075374
0.0738413
0.0723535
0.070908
0.0695024
0.0681343
0.0668015
0.065502
0.0642336
0.0629947
0.0617837
0.0605989
0.0594391
0.0583032
0.0571903
0.0560997
0.055031
0.053984
0.0529588
0.0519559
0.0509759
0.05002
0.0490896
0.0481865
0.0473129
0.0464715
0.0456655
0.0448988
0.044176
0.0435027
0.0428856
0.0423334
0.0418564
0.041468
0.0411852
0.0410296
0.961692
0.892185
0.829085
0.771728
0.719524
0.671945
0.628524
0.588844
0.552532
0.519258
0.488724
0.460666
0.434847
0.411057
0.389105
0.368821
0.350054
0.332666
0.316534
0.301548
0.287608
0.274625
0.262517
0.251211
0.240641
0.230747
0.221475
0.212776
0.204605
0.196921
0.189687
0.18287
0.176438
0.170365
0.164622
0.159189
0.154042
0.149162
0.144531
0.140132
0.13595
0.131971
0.128181
0.124568
0.121122
0.117832
0.114688
0.111681
0.108804
0.106049
0.103407
0.100874
0.0984416
0.0961053
0.0938592
0.0916982
0.0896175
0.0876128
0.0856796
0.083814
0.0820122
0.0802706
0.078586
0.0769549
0.0753745
0.0738418
0.072354
0.0709086
0.069503
0.068135
0.0668022
0.0655027
0.0642344
0.0629956
0.0617845
0.0605998
0.0594401
0.0583042
0.0571914
0.0561008
0.0550321
0.0539852
0.05296
0.0519572
0.0509772
0.0500214
0.049091
0.0481879
0.0473143
0.0464729
0.0456669
0.0449002
0.0441774
0.0435041
0.042887
0.0423347
0.0418577
0.0414693
0.0411865
0.0410308
0.961692
0.892185
0.829085
0.771728
0.719524
0.671945
0.628524
0.588844
0.552532
0.519258
0.488724
0.460666
0.434847
0.411057
0.389105
0.368821
0.350054
0.332666
0.316534
0.301548
0.287608
0.274625
0.262517
0.251211
0.240641
0.230747
0.221475
0.212776
0.204605
0.196921
0.189687
0.18287
0.176438
0.170365
0.164622
0.159189
0.154042
0.149162
0.144531
0.140132
0.13595
0.131971
0.128181
0.124568
0.121122
0.117832
0.114688
0.111681
0.108804
0.106049
0.103407
0.100874
0.0984416
0.0961053
0.0938592
0.0916982
0.0896176
0.0876128
0.0856796
0.083814
0.0820122
0.0802707
0.078586
0.076955
0.0753745
0.0738418
0.0723541
0.0709086
0.0695031
0.068135
0.0668023
0.0655027
0.0642345
0.0629956
0.0617846
0.0605999
0.0594402
0.0583043
0.0571915
0.056101
0.0550323
0.0539853
0.0529602
0.0519573
0.0509774
0.0500216
0.0490912
0.0481881
0.0473145
0.0464731
0.0456672
0.0449005
0.0441776
0.0435043
0.0428873
0.042335
0.041858
0.0414695
0.0411867
0.041031
0.961692
0.892185
0.829085
0.771728
0.719524
0.671945
0.628524
0.588844
0.552532
0.519258
0.488724
0.460666
0.434847
0.411057
0.389105
0.368821
0.350054
0.332666
0.316534
0.301548
0.287608
0.274625
0.262516
0.251211
0.240641
0.230747
0.221475
0.212776
0.204605
0.196921
0.189687
0.18287
0.176438
0.170364
0.164622
0.159189
0.154042
0.149162
0.144531
0.140132
0.13595
0.131971
0.128181
0.124568
0.121122
0.117832
0.114688
0.111681
0.108804
0.106048
0.103407
0.100873
0.0984414
0.096105
0.0938589
0.0916979
0.0896172
0.0876124
0.0856792
0.0838136
0.0820118
0.0802702
0.0785855
0.0769545
0.0753741
0.0738413
0.0723535
0.0709081
0.0695025
0.0681345
0.0668017
0.0655021
0.0642338
0.0629949
0.0617839
0.0605991
0.0594394
0.0583036
0.0571907
0.0561001
0.0550314
0.0539845
0.0529593
0.0519564
0.0509765
0.0500207
0.0490903
0.0481872
0.0473136
0.0464722
0.0456662
0.0448995
0.0441767
0.0435034
0.0428864
0.0423341
0.0418571
0.0414687
0.0411858
0.0410302
0.961692
0.892185
0.829085
0.771728
0.719524
0.671945
0.628524
0.588844
0.552532
0.519258
0.488724
0.460666
0.434847
0.411057
0.389105
0.368821
0.350054
0.332666
0.316534
0.301548
0.287608
0.274625
0.262516
0.251211
0.240641
0.230747
0.221475
0.212776
0.204605
0.196921
0.189687
0.18287
0.176438
0.170364
0.164622
0.159188
0.154042
0.149162
0.144531
0.140132
0.13595
0.13197
0.12818
0.124568
0.121121
0.117831
0.114687
0.111681
0.108803
0.106048
0.103406
0.100873
0.0984408
0.0961044
0.0938583
0.0916972
0.0896166
0.0876117
0.0856785
0.0838128
0.082011
0.0802694
0.0785847
0.0769536
0.0753731
0.0738403
0.0723525
0.070907
0.0695014
0.0681333
0.0668004
0.0655008
0.0642324
0.0629935
0.0617824
0.0605976
0.0594378
0.0583019
0.0571889
0.0560983
0.0550296
0.0539826
0.0529574
0.0519544
0.0509745
0.0500186
0.0490882
0.0481851
0.0473115
0.0464701
0.0456641
0.0448974
0.0441746
0.0435013
0.0428843
0.0423321
0.0418551
0.0414667
0.0411839
0.0410283
0.961692
0.892185
0.829085
0.771728
0.719524
0.671945
0.628524
0.588844
0.552532
0.519258
0.488724
0.460666
0.434847
0.411057
0.389105
0.368821
0.350054
0.332666
0.316534
0.301548
0.287608
0.274624
0.262516
0.25121
0.240641
0.230747
0.221475
0.212776
0.204605
0.196921
0.189687
0.18287
0.176438
0.170364
0.164622
0.159188
0.154041
0.149161
0.14453
0.140131
0.135949
0.13197
0.12818
0.124567
0.121121
0.117831
0.114687
0.11168
0.108803
0.106047
0.103406
0.100872
0.09844
0.0961035
0.0938573
0.0916963
0.0896156
0.0876107
0.0856774
0.0838117
0.0820098
0.0802681
0.0785834
0.0769522
0.0753717
0.0738388
0.0723509
0.0709053
0.0694996
0.0681314
0.0667985
0.0654988
0.0642303
0.0629913
0.0617801
0.0605952
0.0594353
0.0582993
0.0571863
0.0560956
0.0550267
0.0539796
0.0529544
0.0519514
0.0509713
0.0500154
0.0490849
0.0481818
0.0473082
0.0464668
0.0456608
0.0448941
0.0441714
0.0434981
0.0428811
0.0423289
0.041852
0.0414637
0.0411809
0.0410253
0.961692
0.892185
0.829085
0.771728
0.719524
0.671945
0.628524
0.588844
0.552532
0.519258
0.488724
0.460666
0.434847
0.411057
0.389105
0.368821
0.350054
0.332666
0.316534
0.301548
0.287608
0.274624
0.262516
0.25121
0.24064
0.230747
0.221475
0.212776
0.204604
0.19692
0.189687
0.182869
0.176438
0.170364
0.164621
0.159188
0.154041
0.149161
0.14453
0.140131
0.135949
0.131969
0.128179
0.124566
0.12112
0.11783
0.114686
0.111679
0.108802
0.106046
0.103405
0.100871
0.0984389
0.0961024
0.0938561
0.091695
0.0896142
0.0876093
0.0856759
0.0838101
0.0820082
0.0802665
0.0785816
0.0769504
0.0753697
0.0738368
0.0723488
0.0709031
0.0694973
0.068129
0.066796
0.0654961
0.0642275
0.0629884
0.0617771
0.060592
0.059432
0.0582958
0.0571827
0.0560918
0.0550229
0.0539757
0.0529503
0.0519472
0.0509671
0.0500111
0.0490805
0.0481773
0.0473037
0.0464623
0.0456563
0.0448897
0.0441669
0.0434937
0.0428768
0.0423247
0.0418478
0.0414596
0.0411769
0.0410214
0.961692
0.892185
0.829085
0.771728
0.719524
0.671945
0.628524
0.588844
0.552532
0.519258
0.488724
0.460666
0.434847
0.411057
0.389105
0.368821
0.350054
0.332665
0.316534
0.301548
0.287608
0.274624
0.262516
0.25121
0.24064
0.230746
0.221475
0.212775
0.204604
0.19692
0.189686
0.182869
0.176437
0.170363
0.164621
0.159187
0.15404
0.14916
0.144529
0.14013
0.135948
0.131968
0.128178
0.124566
0.121119
0.117829
0.114685
0.111678
0.108801
0.106045
0.103403
0.10087
0.0984375
0.0961009
0.0938546
0.0916934
0.0896126
0.0876075
0.0856741
0.0838082
0.0820062
0.0802644
0.0785794
0.0769481
0.0753673
0.0738342
0.0723461
0.0709003
0.0694944
0.0681259
0.0667927
0.0654928
0.064224
0.0629847
0.0617732
0.060588
0.0594278
0.0582915
0.0571782
0.0560872
0.0550181
0.0539707
0.0529452
0.0519419
0.0509617
0.0500056
0.049075
0.0481717
0.0472981
0.0464566
0.0456507
0.044884
0.0441614
0.0434882
0.0428714
0.0423193
0.0418426
0.0414544
0.0411718
0.0410163
0.961692
0.892185
0.829085
0.771728
0.719524
0.671945
0.628524
0.588844
0.552532
0.519258
0.488724
0.460666
0.434847
0.411057
0.389105
0.368821
0.350054
0.332665
0.316533
0.301547
0.287607
0.274624
0.262516
0.25121
0.24064
0.230746
0.221474
0.212775
0.204604
0.19692
0.189686
0.182868
0.176437
0.170362
0.16462
0.159186
0.154039
0.149159
0.144528
0.140129
0.135947
0.131967
0.128177
0.124565
0.121118
0.117828
0.114684
0.111677
0.108799
0.106043
0.103402
0.100868
0.0984359
0.0960992
0.0938528
0.0916915
0.0896106
0.0876055
0.0856719
0.083806
0.0820038
0.0802619
0.0785768
0.0769453
0.0753644
0.0738312
0.0723429
0.070897
0.0694909
0.0681223
0.0667889
0.0654887
0.0642198
0.0629803
0.0617686
0.0605832
0.0594228
0.0582863
0.0571728
0.0560816
0.0550123
0.0539647
0.052939
0.0519356
0.0509553
0.049999
0.0490683
0.048165
0.0472913
0.0464498
0.0456439
0.0448773
0.0441547
0.0434816
0.0428649
0.0423129
0.0418363
0.0414482
0.0411656
0.0410103
0.961692
0.892185
0.829085
0.771728
0.719524
0.671945
0.628524
0.588844
0.552532
0.519258
0.488724
0.460666
0.434847
0.411057
0.389105
0.368821
0.350053
0.332665
0.316533
0.301547
0.287607
0.274624
0.262515
0.251209
0.24064
0.230746
0.221474
0.212775
0.204603
0.196919
0.189685
0.182868
0.176436
0.170362
0.16462
0.159186
0.154039
0.149159
0.144527
0.140128
0.135946
0.131966
0.128176
0.124563
0.121117
0.117826
0.114682
0.111675
0.108798
0.106042
0.1034
0.100866
0.0984339
0.0960972
0.0938507
0.0916893
0.0896083
0.087603
0.0856694
0.0838033
0.082001
0.080259
0.0785737
0.0769421
0.0753611
0.0738277
0.0723393
0.0708931
0.0694868
0.068118
0.0667844
0.0654841
0.0642149
0.0629752
0.0617633
0.0605776
0.059417
0.0582802
0.0571664
0.056075
0.0550055
0.0539577
0.0529318
0.0519282
0.0509477
0.0499914
0.0490606
0.0481571
0.0472834
0.0464419
0.0456359
0.0448694
0.0441468
0.0434738
0.0428572
0.0423054
0.0418289
0.041441
0.0411585
0.0410032
0.961692
0.892185
0.829085
0.771728
0.719524
0.671945
0.628524
0.588844
0.552532
0.519258
0.488723
0.460666
0.434847
0.411057
0.389105
0.368821
0.350053
0.332665
0.316533
0.301547
0.287607
0.274623
0.262515
0.251209
0.240639
0.230745
0.221473
0.212774
0.204603
0.196918
0.189684
0.182867
0.176435
0.170361
0.164619
0.159185
0.154038
0.149158
0.144526
0.140127
0.135945
0.131965
0.128175
0.124562
0.121115
0.117825
0.11468
0.111674
0.108796
0.10604
0.103398
0.100864
0.0984318
0.0960949
0.0938483
0.0916868
0.0896057
0.0876003
0.0856665
0.0838003
0.0819979
0.0802556
0.0785702
0.0769385
0.0753572
0.0738237
0.0723351
0.0708887
0.0694822
0.0681132
0.0667794
0.0654787
0.0642093
0.0629694
0.0617571
0.0605712
0.0594103
0.0582733
0.0571592
0.0560675
0.0549978
0.0539497
0.0529236
0.0519198
0.0509391
0.0499826
0.0490517
0.0481482
0.0472743
0.0464328
0.0456269
0.0448604
0.0441379
0.043465
0.0428485
0.0422968
0.0418205
0.0414327
0.0411504
0.0409952
0.961692
0.892185
0.829085
0.771728
0.719524
0.671945
0.628524
0.588844
0.552532
0.519257
0.488723
0.460666
0.434847
0.411057
0.389104
0.368821
0.350053
0.332665
0.316533
0.301547
0.287607
0.274623
0.262515
0.251209
0.240639
0.230745
0.221473
0.212773
0.204602
0.196918
0.189684
0.182866
0.176434
0.17036
0.164618
0.159184
0.154037
0.149156
0.144525
0.140126
0.135943
0.131964
0.128173
0.12456
0.121114
0.117823
0.114679
0.111672
0.108794
0.106038
0.103396
0.100862
0.0984293
0.0960924
0.0938457
0.091684
0.0896027
0.0875972
0.0856633
0.0837969
0.0819943
0.0802519
0.0785664
0.0769344
0.075353
0.0738192
0.0723303
0.0708838
0.069477
0.0681077
0.0667737
0.0654728
0.0642031
0.0629628
0.0617503
0.0605641
0.0594028
0.0582655
0.0571512
0.0560592
0.0549891
0.0539408
0.0529144
0.0519104
0.0509295
0.0499728
0.0490417
0.0481381
0.0472642
0.0464226
0.0456167
0.0448503
0.0441279
0.0434551
0.0428387
0.0422872
0.041811
0.0414234
0.0411412
0.0409861
0.961692
0.892185
0.829085
0.771728
0.719524
0.671945
0.628524
0.588844
0.552532
0.519257
0.488723
0.460665
0.434847
0.411057
0.389104
0.368821
0.350053
0.332665
0.316533
0.301546
0.287606
0.274623
0.262514
0.251208
0.240638
0.230744
0.221472
0.212773
0.204601
0.196917
0.189683
0.182865
0.176433
0.170359
0.164617
0.159183
0.154035
0.149155
0.144524
0.140124
0.135942
0.131962
0.128172
0.124559
0.121112
0.117821
0.114677
0.11167
0.108792
0.106036
0.103394
0.100859
0.0984266
0.0960896
0.0938427
0.0916809
0.0895995
0.0875938
0.0856597
0.0837932
0.0819904
0.0802478
0.0785621
0.0769299
0.0753482
0.0738142
0.0723251
0.0708783
0.0694713
0.0681017
0.0667674
0.0654662
0.0641962
0.0629556
0.0617427
0.0605562
0.0593946
0.0582569
0.0571422
0.0560499
0.0549795
0.0539309
0.0529043
0.0519
0.0509188
0.0499619
0.0490307
0.048127
0.047253
0.0464114
0.0456055
0.0448391
0.0441168
0.0434441
0.0428279
0.0422766
0.0418006
0.0414132
0.0411311
0.0409761
0.961692
0.892185
0.829085
0.771728
0.719524
0.671945
0.628524
0.588844
0.552532
0.519257
0.488723
0.460665
0.434847
0.411056
0.389104
0.36882
0.350053
0.332664
0.316532
0.301546
0.287606
0.274622
0.262514
0.251208
0.240638
0.230744
0.221472
0.212772
0.204601
0.196916
0.189682
0.182864
0.176432
0.170358
0.164616
0.159181
0.154034
0.149154
0.144522
0.140123
0.13594
0.13196
0.12817
0.124557
0.12111
0.117819
0.114674
0.111667
0.108789
0.106033
0.103391
0.100857
0.0984237
0.0960865
0.0938395
0.0916776
0.0895959
0.0875901
0.0856558
0.0837891
0.0819861
0.0802434
0.0785574
0.076925
0.0753431
0.0738088
0.0723195
0.0708724
0.069465
0.0680951
0.0667605
0.0654589
0.0641886
0.0629476
0.0617344
0.0605475
0.0593856
0.0582475
0.0571325
0.0560398
0.054969
0.0539201
0.0528931
0.0518886
0.0509072
0.04995
0.0490186
0.0481148
0.0472407
0.0463991
0.0455932
0.0448268
0.0441046
0.0434321
0.0428161
0.042265
0.0417892
0.041402
0.0411201
0.0409652
0.961692
0.892185
0.829085
0.771728
0.719524
0.671945
0.628524
0.588844
0.552532
0.519257
0.488723
0.460665
0.434847
0.411056
0.389104
0.36882
0.350053
0.332664
0.316532
0.301546
0.287606
0.274622
0.262513
0.251207
0.240637
0.230743
0.221471
0.212771
0.2046
0.196915
0.189681
0.182863
0.176431
0.170357
0.164614
0.15918
0.154033
0.149152
0.144521
0.140121
0.135939
0.131958
0.128168
0.124555
0.121108
0.117817
0.114672
0.111665
0.108787
0.10603
0.103388
0.100854
0.0984205
0.0960832
0.093836
0.0916739
0.0895921
0.0875861
0.0856516
0.0837847
0.0819815
0.0802385
0.0785523
0.0769196
0.0753375
0.073803
0.0723133
0.0708659
0.0694583
0.068088
0.066753
0.0654511
0.0641804
0.0629391
0.0617255
0.0605381
0.0593758
0.0582373
0.0571219
0.0560288
0.0549577
0.0539084
0.0528811
0.0518762
0.0508945
0.0499372
0.0490056
0.0481016
0.0472274
0.0463858
0.0455799
0.0448136
0.0440915
0.0434191
0.0428033
0.0422524
0.0417768
0.0413898
0.0411081
0.0409534
0.961692
0.892185
0.829085
0.771728
0.719524
0.671945
0.628524
0.588844
0.552532
0.519257
0.488723
0.460665
0.434847
0.411056
0.389104
0.36882
0.350052
0.332664
0.316532
0.301545
0.287605
0.274621
0.262513
0.251207
0.240636
0.230742
0.22147
0.212771
0.204599
0.196914
0.18968
0.182862
0.17643
0.170356
0.164613
0.159179
0.154031
0.149151
0.144519
0.140119
0.135937
0.131956
0.128166
0.124552
0.121105
0.117814
0.114669
0.111662
0.108784
0.106027
0.103385
0.10085
0.0984171
0.0960796
0.0938322
0.09167
0.089588
0.0875818
0.0856471
0.08378
0.0819766
0.0802333
0.0785468
0.0769139
0.0753315
0.0737967
0.0723067
0.070859
0.069451
0.0680804
0.066745
0.0654427
0.0641716
0.0629299
0.0617158
0.0605281
0.0593653
0.0582264
0.0571105
0.056017
0.0549455
0.0538958
0.0528681
0.0518629
0.0508809
0.0499233
0.0489915
0.0480874
0.0472131
0.0463714
0.0455656
0.0447993
0.0440774
0.0434052
0.0427896
0.0422389
0.0417635
0.0413768
0.0410953
0.0409407
0.961692
0.892185
0.829085
0.771728
0.719524
0.671945
0.628524
0.588844
0.552532
0.519257
0.488723
0.460665
0.434847
0.411056
0.389104
0.36882
0.350052
0.332664
0.316531
0.301545
0.287605
0.274621
0.262512
0.251206
0.240636
0.230742
0.221469
0.21277
0.204598
0.196913
0.189679
0.182861
0.176429
0.170354
0.164611
0.159177
0.15403
0.149149
0.144517
0.140118
0.135935
0.131954
0.128163
0.12455
0.121103
0.117812
0.114667
0.111659
0.108781
0.106024
0.103382
0.100847
0.0984135
0.0960757
0.0938282
0.0916658
0.0895836
0.0875772
0.0856423
0.0837749
0.0819713
0.0802277
0.078541
0.0769078
0.0753251
0.0737899
0.0722996
0.0708515
0.0694432
0.0680722
0.0667364
0.0654338
0.0641622
0.06292
0.0617055
0.0605173
0.0593541
0.0582147
0.0570983
0.0560044
0.0549324
0.0538823
0.0528542
0.0518487
0.0508664
0.0499085
0.0489765
0.0480722
0.0471978
0.0463561
0.0455503
0.0447841
0.0440623
0.0433903
0.0427749
0.0422244
0.0417494
0.0413628
0.0410816
0.0409271
0.961692
0.892185
0.829085
0.771728
0.719524
0.671945
0.628524
0.588844
0.552532
0.519257
0.488723
0.460665
0.434847
0.411056
0.389104
0.36882
0.350052
0.332663
0.316531
0.301545
0.287604
0.27462
0.262512
0.251205
0.240635
0.230741
0.221468
0.212769
0.204597
0.196912
0.189678
0.18286
0.176427
0.170353
0.16461
0.159175
0.154028
0.149147
0.144515
0.140115
0.135932
0.131952
0.128161
0.124548
0.1211
0.117809
0.114664
0.111656
0.108778
0.106021
0.103378
0.100843
0.0984096
0.0960717
0.093824
0.0916613
0.0895789
0.0875723
0.0856372
0.0837695
0.0819656
0.0802218
0.0785348
0.0769013
0.0753183
0.0737828
0.0722921
0.0708437
0.0694349
0.0680636
0.0667274
0.0654242
0.0641522
0.0629096
0.0616946
0.0605059
0.0593421
0.0582023
0.0570854
0.055991
0.0549186
0.053868
0.0528395
0.0518336
0.050851
0.0498928
0.0489606
0.0480561
0.0471816
0.0463399
0.0455341
0.044768
0.0440463
0.0433745
0.0427593
0.0422091
0.0417343
0.0413481
0.0410671
0.0409128
0.961692
0.892185
0.829085
0.771729
0.719524
0.671945
0.628524
0.588844
0.552532
0.519257
0.488723
0.460665
0.434846
0.411056
0.389103
0.368819
0.350052
0.332663
0.316531
0.301544
0.287604
0.27462
0.262511
0.251205
0.240634
0.23074
0.221468
0.212768
0.204596
0.196911
0.189677
0.182858
0.176426
0.170351
0.164608
0.159174
0.154026
0.149145
0.144513
0.140113
0.13593
0.13195
0.128159
0.124545
0.121097
0.117806
0.114661
0.111653
0.108774
0.106017
0.103374
0.100839
0.0984055
0.0960674
0.0938195
0.0916566
0.089574
0.0875671
0.0856318
0.0837639
0.0819597
0.0802156
0.0785283
0.0768945
0.0753111
0.0737753
0.0722842
0.0708354
0.0694262
0.0680544
0.0667178
0.0654142
0.0641417
0.0628985
0.0616831
0.0604938
0.0593296
0.0581892
0.0570718
0.0559769
0.0549039
0.0538529
0.052824
0.0518177
0.0508347
0.0498763
0.0489438
0.0480391
0.0471645
0.0463227
0.0455169
0.044751
0.0440294
0.0433578
0.0427429
0.042193
0.0417185
0.0413325
0.0410517
0.0408976
0.961692
0.892185
0.829085
0.771729
0.719524
0.671945
0.628524
0.588844
0.552532
0.519257
0.488723
0.460665
0.434846
0.411056
0.389103
0.368819
0.350051
0.332663
0.31653
0.301544
0.287603
0.274619
0.262511
0.251204
0.240634
0.230739
0.221467
0.212767
0.204595
0.19691
0.189675
0.182857
0.176425
0.17035
0.164607
0.159172
0.154024
0.149143
0.144511
0.140111
0.135928
0.131947
0.128156
0.124542
0.121094
0.117803
0.114657
0.111649
0.108771
0.106013
0.10337
0.100835
0.0984012
0.0960629
0.0938148
0.0916517
0.0895688
0.0875617
0.0856261
0.0837579
0.0819535
0.0802091
0.0785214
0.0768873
0.0753035
0.0737673
0.0722759
0.0708267
0.0694171
0.0680448
0.0667077
0.0654036
0.0641306
0.0628869
0.0616709
0.0604812
0.0593163
0.0581754
0.0570575
0.055962
0.0548886
0.0538371
0.0528077
0.051801
0.0508176
0.0498589
0.0489261
0.0480213
0.0471466
0.0463047
0.045499
0.0447331
0.0440117
0.0433403
0.0427257
0.0421761
0.0417019
0.0413162
0.0410357
0.0408817
0.961692
0.892185
0.829085
0.771729
0.719524
0.671945
0.628524
0.588844
0.552532
0.519257
0.488723
0.460665
0.434846
0.411055
0.389103
0.368819
0.350051
0.332662
0.31653
0.301543
0.287603
0.274619
0.26251
0.251203
0.240633
0.230738
0.221466
0.212766
0.204593
0.196909
0.189674
0.182856
0.176423
0.170348
0.164605
0.15917
0.154022
0.149141
0.144509
0.140109
0.135925
0.131944
0.128153
0.124539
0.121091
0.1178
0.114654
0.111646
0.108767
0.106009
0.103366
0.100831
0.0983967
0.0960582
0.0938098
0.0916465
0.0895634
0.0875561
0.0856202
0.0837517
0.081947
0.0802023
0.0785143
0.0768798
0.0752957
0.0737591
0.0722673
0.0708176
0.0694075
0.0680348
0.0666972
0.0653926
0.0641191
0.0628748
0.0616583
0.0604679
0.0593025
0.058161
0.0570425
0.0559465
0.0548725
0.0538205
0.0527906
0.0517835
0.0507998
0.0498407
0.0489077
0.0480026
0.0471278
0.0462859
0.0454802
0.0447144
0.0439932
0.0433221
0.0427077
0.0421584
0.0416845
0.0412991
0.0410189
0.040865
0.961692
0.892185
0.829085
0.771729
0.719524
0.671945
0.628524
0.588844
0.552532
0.519257
0.488723
0.460665
0.434846
0.411055
0.389103
0.368819
0.350051
0.332662
0.316529
0.301543
0.287602
0.274618
0.262509
0.251202
0.240632
0.230737
0.221465
0.212764
0.204592
0.196907
0.189672
0.182854
0.176421
0.170346
0.164603
0.159168
0.15402
0.149139
0.144506
0.140106
0.135923
0.131942
0.12815
0.124536
0.121088
0.117796
0.11465
0.111642
0.108763
0.106005
0.103362
0.100826
0.098392
0.0960533
0.0938047
0.0916412
0.0895578
0.0875502
0.085614
0.0837453
0.0819402
0.0801952
0.0785068
0.076872
0.0752875
0.0737505
0.0722582
0.0708081
0.0693976
0.0680244
0.0666862
0.0653811
0.064107
0.0628622
0.0616451
0.0604541
0.0592881
0.058146
0.0570269
0.0559303
0.0548557
0.0538032
0.0527729
0.0517652
0.0507811
0.0498217
0.0488885
0.0479832
0.0471083
0.0462664
0.0454607
0.044695
0.043974
0.043303
0.0426889
0.04214
0.0416664
0.0412814
0.0410014
0.0408478
0.961692
0.892185
0.829085
0.771729
0.719524
0.671945
0.628524
0.588844
0.552532
0.519257
0.488723
0.460665
0.434846
0.411055
0.389102
0.368818
0.35005
0.332661
0.316529
0.301542
0.287602
0.274617
0.262508
0.251202
0.240631
0.230736
0.221463
0.212763
0.204591
0.196906
0.189671
0.182852
0.17642
0.170344
0.164601
0.159166
0.154018
0.149136
0.144504
0.140104
0.13592
0.131939
0.128147
0.124533
0.121085
0.117793
0.114647
0.111638
0.108759
0.106001
0.103358
0.100822
0.0983872
0.0960482
0.0937994
0.0916356
0.089552
0.0875441
0.0856076
0.0837386
0.0819332
0.0801878
0.0784991
0.0768639
0.075279
0.0737416
0.0722489
0.0707983
0.0693873
0.0680136
0.0666749
0.0653692
0.0640945
0.0628491
0.0616314
0.0604398
0.0592732
0.0581304
0.0570107
0.0559135
0.0548384
0.0537853
0.0527544
0.0517463
0.0507618
0.0498021
0.0488685
0.0479631
0.047088
0.0462461
0.0454404
0.0446749
0.043954
0.0432833
0.0426695
0.0421209
0.0416477
0.041263
0.0409833
0.0408298
0.961692
0.892185
0.829085
0.771729
0.719524
0.671945
0.628524
0.588844
0.552532
0.519257
0.488723
0.460664
0.434846
0.411055
0.389102
0.368818
0.35005
0.332661
0.316528
0.301542
0.287601
0.274617
0.262508
0.251201
0.24063
0.230735
0.221462
0.212762
0.204589
0.196904
0.189669
0.182851
0.176418
0.170342
0.164599
0.159164
0.154015
0.149134
0.144501
0.140101
0.135917
0.131936
0.128144
0.12453
0.121081
0.117789
0.114643
0.111634
0.108755
0.105997
0.103353
0.100817
0.0983822
0.096043
0.0937939
0.0916298
0.089546
0.0875378
0.085601
0.0837316
0.0819259
0.0801802
0.0784911
0.0768555
0.0752702
0.0737323
0.0722392
0.0707881
0.0693766
0.0680024
0.0666631
0.0653569
0.0640816
0.0628356
0.0616172
0.060425
0.0592577
0.0581144
0.056994
0.0558962
0.0548204
0.0537668
0.0527354
0.0517268
0.0507419
0.0497818
0.0488479
0.0479423
0.0470671
0.0462251
0.0454195
0.0446541
0.0439334
0.043263
0.0426495
0.0421012
0.0416284
0.041244
0.0409646
0.0408113
0.961692
0.892185
0.829085
0.771729
0.719524
0.671945
0.628524
0.588844
0.552532
0.519257
0.488723
0.460664
0.434846
0.411055
0.389102
0.368818
0.350049
0.332661
0.316528
0.301541
0.2876
0.274616
0.262507
0.2512
0.240629
0.230734
0.221461
0.212761
0.204588
0.196903
0.189668
0.182849
0.176416
0.17034
0.164597
0.159162
0.154013
0.149131
0.144499
0.140098
0.135914
0.131933
0.128141
0.124526
0.121078
0.117785
0.114639
0.11163
0.108751
0.105992
0.103348
0.100812
0.098377
0.0960376
0.0937883
0.0916239
0.0895398
0.0875313
0.0855942
0.0837245
0.0819184
0.0801724
0.0784829
0.0768469
0.0752612
0.0737229
0.0722292
0.0707777
0.0693657
0.0679909
0.0666511
0.0653442
0.0640683
0.0628217
0.0616026
0.0604098
0.0592418
0.0580978
0.0569768
0.0558783
0.054802
0.0537477
0.0527158
0.0517067
0.0507213
0.0497609
0.0488267
0.0479209
0.0470456
0.0462035
0.045398
0.0446327
0.0439122
0.0432421
0.0426289
0.042081
0.0416085
0.0412245
0.0409454
0.0407923
0.961692
0.892185
0.829085
0.771729
0.719524
0.671945
0.628524
0.588844
0.552532
0.519257
0.488723
0.460664
0.434845
0.411054
0.389102
0.368817
0.350049
0.33266
0.316527
0.30154
0.2876
0.274615
0.262506
0.251199
0.240628
0.230733
0.22146
0.212759
0.204587
0.196901
0.189666
0.182847
0.176414
0.170338
0.164595
0.159159
0.154011
0.149129
0.144496
0.140095
0.135911
0.13193
0.128137
0.124523
0.121074
0.117781
0.114635
0.111626
0.108746
0.105988
0.103343
0.100807
0.0983717
0.096032
0.0937825
0.0916179
0.0895334
0.0875246
0.0855872
0.0837172
0.0819108
0.0801644
0.0784745
0.0768381
0.0752519
0.0737132
0.072219
0.070767
0.0693544
0.0679791
0.0666387
0.0653312
0.0640547
0.0628074
0.0615877
0.0603942
0.0592255
0.0580808
0.0569591
0.05586
0.054783
0.0537281
0.0526957
0.0516861
0.0507003
0.0497394
0.048805
0.047899
0.0470235
0.0461814
0.0453759
0.0446108
0.0438905
0.0432207
0.0426078
0.0420602
0.0415882
0.0412045
0.0409257
0.0407729
0.961692
0.892185
0.829085
0.771729
0.719524
0.671945
0.628524
0.588844
0.552532
0.519257
0.488722
0.460664
0.434845
0.411054
0.389101
0.368817
0.350049
0.33266
0.316527
0.30154
0.287599
0.274614
0.262505
0.251198
0.240627
0.230732
0.221458
0.212758
0.204585
0.1969
0.189664
0.182845
0.176412
0.170336
0.164592
0.159157
0.154008
0.149126
0.144493
0.140092
0.135908
0.131926
0.128134
0.124519
0.12107
0.117778
0.114631
0.111622
0.108742
0.105983
0.103339
0.100802
0.0983663
0.0960264
0.0937765
0.0916117
0.0895269
0.0875178
0.0855801
0.0837098
0.081903
0.0801562
0.0784659
0.076829
0.0752424
0.0737032
0.0722086
0.070756
0.0693429
0.067967
0.066626
0.0653179
0.0640408
0.0627928
0.0615724
0.0603782
0.0592089
0.0580634
0.0569411
0.0558412
0.0547636
0.0537081
0.0526751
0.051665
0.0506787
0.0497175
0.0487828
0.0478765
0.047001
0.0461588
0.0453534
0.0445884
0.0438683
0.0431988
0.0425863
0.0420391
0.0415674
0.0411841
0.0409056
0.040753
0.961692
0.892185
0.829085
0.771729
0.719524
0.671945
0.628524
0.588844
0.552532
0.519257
0.488722
0.460664
0.434845
0.411054
0.389101
0.368817
0.350048
0.332659
0.316526
0.301539
0.287598
0.274613
0.262504
0.251197
0.240625
0.23073
0.221457
0.212756
0.204583
0.196898
0.189662
0.182843
0.17641
0.170334
0.16459
0.159154
0.154005
0.149123
0.14449
0.140089
0.135905
0.131923
0.128131
0.124515
0.121067
0.117774
0.114627
0.111617
0.108737
0.105978
0.103334
0.100796
0.0983608
0.0960206
0.0937705
0.0916053
0.0895203
0.0875109
0.0855729
0.0837022
0.081895
0.0801478
0.0784572
0.0768199
0.0752328
0.0736931
0.072198
0.0707449
0.0693312
0.0679547
0.0666131
0.0653044
0.0640266
0.0627779
0.0615568
0.0603619
0.0591919
0.0580457
0.0569227
0.0558221
0.0547438
0.0536877
0.0526541
0.0516435
0.0506568
0.0496952
0.0487602
0.0478537
0.046978
0.0461359
0.0453304
0.0445656
0.0438458
0.0431765
0.0425643
0.0420175
0.0415462
0.0411633
0.0408851
0.0407327
0.961692
0.892185
0.829085
0.771729
0.719524
0.671945
0.628524
0.588844
0.552532
0.519257
0.488722
0.460664
0.434845
0.411054
0.389101
0.368816
0.350048
0.332659
0.316526
0.301538
0.287597
0.274612
0.262503
0.251196
0.240624
0.230729
0.221456
0.212755
0.204582
0.196896
0.18966
0.182841
0.176408
0.170332
0.164588
0.159152
0.154003
0.149121
0.144487
0.140086
0.135902
0.13192
0.128127
0.124512
0.121063
0.117769
0.114622
0.111613
0.108732
0.105973
0.103328
0.100791
0.0983552
0.0960148
0.0937644
0.0915989
0.0895136
0.0875039
0.0855655
0.0836945
0.081887
0.0801394
0.0784483
0.0768106
0.0752231
0.0736829
0.0721872
0.0707336
0.0693193
0.0679422
0.0666
0.0652906
0.0640122
0.0627628
0.061541
0.0603454
0.0591746
0.0580277
0.056904
0.0558027
0.0547238
0.053667
0.0526328
0.0516217
0.0506345
0.0496725
0.0487372
0.0478305
0.0469547
0.0461125
0.0453072
0.0445424
0.0438229
0.0431539
0.0425421
0.0419957
0.0415248
0.0411423
0.0408644
0.0407122
0.961692
0.892185
0.829085
0.771729
0.719524
0.671945
0.628524
0.588844
0.552532
0.519257
0.488722
0.460664
0.434845
0.411053
0.3891
0.368816
0.350047
0.332658
0.316525
0.301538
0.287596
0.274611
0.262502
0.251194
0.240623
0.230728
0.221454
0.212753
0.20458
0.196894
0.189659
0.182839
0.176406
0.17033
0.164585
0.159149
0.154
0.149118
0.144484
0.140083
0.135898
0.131916
0.128123
0.124508
0.121059
0.117765
0.114618
0.111608
0.108728
0.105968
0.103323
0.100786
0.0983495
0.0960088
0.0937582
0.0915925
0.0895068
0.0874968
0.0855581
0.0836867
0.0818788
0.0801308
0.0784394
0.0768012
0.0752132
0.0736725
0.0721764
0.0707221
0.0693073
0.0679296
0.0665868
0.0652767
0.0639976
0.0627476
0.061525
0.0603287
0.0591572
0.0580096
0.0568851
0.0557831
0.0547035
0.0536461
0.0526113
0.0515996
0.050612
0.0496496
0.048714
0.0478071
0.0469311
0.0460889
0.0452836
0.0445191
0.0437997
0.0431311
0.0425196
0.0419736
0.0415031
0.041121
0.0408434
0.0406914
0.961692
0.892185
0.829085
0.771729
0.719524
0.671945
0.628524
0.588844
0.552532
0.519256
0.488722
0.460663
0.434844
0.411053
0.3891
0.368815
0.350047
0.332657
0.316524
0.301537
0.287596
0.274611
0.262501
0.251193
0.240622
0.230726
0.221453
0.212752
0.204578
0.196892
0.189657
0.182837
0.176403
0.170327
0.164583
0.159147
0.153997
0.149115
0.144481
0.14008
0.135895
0.131913
0.12812
0.124504
0.121055
0.117761
0.114614
0.111604
0.108723
0.105963
0.103318
0.10078
0.0983438
0.0960029
0.0937519
0.0915859
0.0895
0.0874897
0.0855506
0.0836789
0.0818706
0.0801222
0.0784303
0.0767917
0.0752032
0.0736621
0.0721654
0.0707106
0.0692953
0.0679169
0.0665734
0.0652627
0.0639829
0.0627322
0.0615089
0.0603118
0.0591396
0.0579912
0.056866
0.0557633
0.054683
0.053625
0.0525896
0.0515774
0.0505893
0.0496265
0.0486906
0.0477834
0.0469074
0.0460652
0.04526
0.0444956
0.0437765
0.0431081
0.042497
0.0419514
0.0414813
0.0410996
0.0408223
0.0406705
0.961692
0.892185
0.829086
0.771729
0.719524
0.671945
0.628524
0.588844
0.552532
0.519256
0.488722
0.460663
0.434844
0.411053
0.3891
0.368815
0.350046
0.332657
0.316524
0.301536
0.287595
0.27461
0.2625
0.251192
0.24062
0.230725
0.221451
0.21275
0.204577
0.196891
0.189655
0.182835
0.176401
0.170325
0.16458
0.159144
0.153995
0.149112
0.144478
0.140077
0.135892
0.131909
0.128116
0.1245
0.121051
0.117757
0.114609
0.111599
0.108718
0.105958
0.103313
0.100775
0.0983381
0.0959969
0.0937457
0.0915794
0.0894931
0.0874825
0.0855431
0.083671
0.0818623
0.0801136
0.0784213
0.0767822
0.0751933
0.0736516
0.0721544
0.0706991
0.0692831
0.0679042
0.0665601
0.0652487
0.0639682
0.0627167
0.0614928
0.0602949
0.0591219
0.0579728
0.0568468
0.0557435
0.0546625
0.0536038
0.0525678
0.051555
0.0505664
0.0496033
0.0486671
0.0477597
0.0468836
0.0460413
0.0452362
0.0444719
0.0437531
0.043085
0.0424744
0.0419291
0.0414594
0.0410781
0.0408012
0.0406496
0.961692
0.892185
0.829086
0.771729
0.719524
0.671945
0.628524
0.588844
0.552532
0.519256
0.488722
0.460663
0.434844
0.411052
0.389099
0.368814
0.350046
0.332656
0.316523
0.301535
0.287594
0.274608
0.262499
0.251191
0.240619
0.230724
0.22145
0.212748
0.204575
0.196889
0.189653
0.182833
0.176399
0.170323
0.164578
0.159142
0.153992
0.149109
0.144475
0.140073
0.135888
0.131906
0.128112
0.124496
0.121047
0.117753
0.114605
0.111595
0.108713
0.105953
0.103307
0.100769
0.0983323
0.0959909
0.0937394
0.0915728
0.0894863
0.0874753
0.0855356
0.0836631
0.0818541
0.0801049
0.0784122
0.0767727
0.0751833
0.0736411
0.0721434
0.0706875
0.069271
0.0678914
0.0665467
0.0652347
0.0639534
0.0627013
0.0614766
0.060278
0.0591042
0.0579544
0.0568277
0.0557236
0.0546419
0.0535826
0.052546
0.0515327
0.0505436
0.0495801
0.0486436
0.047736
0.0468598
0.0460175
0.0452124
0.0444484
0.0437298
0.043062
0.0424517
0.0419069
0.0414376
0.0410566
0.04078
0.0406286
0.961692
0.892185
0.829086
0.771729
0.719524
0.671945
0.628524
0.588843
0.552531
0.519256
0.488721
0.460663
0.434843
0.411052
0.389099
0.368814
0.350045
0.332655
0.316522
0.301534
0.287593
0.274607
0.262497
0.25119
0.240618
0.230722
0.221448
0.212747
0.204573
0.196887
0.189651
0.182831
0.176397
0.17032
0.164575
0.159139
0.153989
0.149106
0.144472
0.14007
0.135885
0.131902
0.128109
0.124493
0.121043
0.117748
0.114601
0.11159
0.108708
0.105948
0.103302
0.100764
0.0983266
0.0959849
0.0937332
0.0915663
0.0894795
0.0874682
0.0855281
0.0836553
0.0818459
0.0800964
0.0784032
0.0767632
0.0751734
0.0736307
0.0721325
0.0706761
0.0692589
0.0678788
0.0665334
0.0652207
0.0639388
0.0626859
0.0614605
0.0602611
0.0590866
0.0579361
0.0568086
0.0557038
0.0546214
0.0535614
0.0525242
0.0515104
0.0505209
0.049557
0.0486202
0.0477124
0.046836
0.0459938
0.0451888
0.0444249
0.0437066
0.0430391
0.0424292
0.0418847
0.0414159
0.0410353
0.040759
0.0406078
0.961692
0.892185
0.829086
0.771729
0.719524
0.671945
0.628524
0.588843
0.552531
0.519256
0.488721
0.460663
0.434843
0.411052
0.389098
0.368813
0.350044
0.332655
0.316521
0.301533
0.287592
0.274606
0.262496
0.251188
0.240616
0.230721
0.221447
0.212745
0.204571
0.196885
0.189649
0.182829
0.176394
0.170318
0.164573
0.159136
0.153986
0.149103
0.144469
0.140067
0.135882
0.131899
0.128105
0.124489
0.121039
0.117744
0.114596
0.111585
0.108704
0.105943
0.103297
0.100758
0.098321
0.095979
0.093727
0.0915598
0.0894727
0.0874611
0.0855207
0.0836476
0.0818378
0.0800878
0.0783943
0.0767539
0.0751636
0.0736204
0.0721217
0.0706647
0.069247
0.0678662
0.0665202
0.0652068
0.0639242
0.0626707
0.0614445
0.0602444
0.0590692
0.0579179
0.0567897
0.0556842
0.0546011
0.0535405
0.0525027
0.0514884
0.0504984
0.0495341
0.048597
0.047689
0.0468126
0.0459703
0.0451654
0.0444017
0.0436836
0.0430165
0.0424069
0.0418628
0.0413944
0.0410141
0.0407382
0.0405871
0.961692
0.892185
0.829086
0.771729
0.719524
0.671945
0.628524
0.588843
0.552531
0.519256
0.488721
0.460662
0.434843
0.411051
0.389098
0.368813
0.350044
0.332654
0.31652
0.301533
0.287591
0.274605
0.262495
0.251187
0.240615
0.230719
0.221445
0.212743
0.20457
0.196883
0.189647
0.182827
0.176392
0.170315
0.16457
0.159134
0.153984
0.1491
0.144466
0.140064
0.135878
0.131895
0.128101
0.124485
0.121035
0.11774
0.114592
0.111581
0.108699
0.105938
0.103292
0.100753
0.0983154
0.0959731
0.0937209
0.0915535
0.0894661
0.0874541
0.0855134
0.0836399
0.0818298
0.0800795
0.0783855
0.0767447
0.0751539
0.0736103
0.072111
0.0706535
0.0692352
0.0678539
0.0665072
0.0651932
0.0639099
0.0626556
0.0614288
0.060228
0.059052
0.0578999
0.056771
0.0556648
0.0545811
0.0535198
0.0524815
0.0514666
0.0504762
0.0495115
0.0485741
0.047666
0.0467894
0.0459471
0.0451423
0.0443788
0.0436609
0.0429941
0.0423849
0.0418413
0.0413732
0.0409933
0.0407177
0.0405668
0.961692
0.892185
0.829086
0.771729
0.719524
0.671945
0.628524
0.588843
0.552531
0.519256
0.488721
0.460662
0.434842
0.411051
0.389097
0.368812
0.350043
0.332653
0.31652
0.301532
0.28759
0.274604
0.262494
0.251186
0.240614
0.230718
0.221443
0.212742
0.204568
0.196881
0.189645
0.182824
0.17639
0.170313
0.164568
0.159131
0.153981
0.149098
0.144463
0.140061
0.135875
0.131892
0.128098
0.124481
0.121031
0.117736
0.114588
0.111576
0.108694
0.105934
0.103287
0.100748
0.0983099
0.0959674
0.0937149
0.0915472
0.0894595
0.0874473
0.0855063
0.0836324
0.081822
0.0800713
0.0783769
0.0767356
0.0751444
0.0736003
0.0721006
0.0706425
0.0692237
0.0678417
0.0664945
0.0651798
0.0638959
0.0626409
0.0614133
0.0602118
0.0590351
0.0578824
0.0567528
0.0556459
0.0545614
0.0534996
0.0524606
0.0514453
0.0504544
0.0494893
0.0485517
0.0476434
0.0467667
0.0459244
0.0451197
0.0443563
0.0436387
0.0429723
0.0423634
0.0418201
0.0413524
0.0409729
0.0406976
0.0405469
0.961692
0.892185
0.829086
0.771729
0.719524
0.671945
0.628524
0.588843
0.552531
0.519256
0.488721
0.460662
0.434842
0.41105
0.389097
0.368812
0.350042
0.332652
0.316519
0.301531
0.287589
0.274603
0.262493
0.251184
0.240612
0.230716
0.221442
0.21274
0.204566
0.196879
0.189643
0.182822
0.176388
0.170311
0.164565
0.159128
0.153978
0.149095
0.14446
0.140058
0.135872
0.131888
0.128094
0.124478
0.121027
0.117732
0.114583
0.111572
0.10869
0.105929
0.103282
0.100743
0.0983045
0.0959618
0.0937091
0.0915411
0.0894531
0.0874406
0.0854993
0.0836252
0.0818143
0.0800633
0.0783685
0.0767269
0.0751352
0.0735906
0.0720904
0.0706318
0.0692124
0.0678299
0.0664821
0.0651668
0.0638822
0.0626266
0.0613983
0.0601961
0.0590187
0.0578652
0.0567349
0.0556273
0.0545423
0.0534798
0.0524403
0.0514245
0.0504332
0.0494678
0.0485298
0.0476213
0.0467446
0.0459023
0.0450977
0.0443345
0.0436171
0.042951
0.0423425
0.0417996
0.0413322
0.0409531
0.040678
0.0405275
0.961692
0.892185
0.829086
0.771729
0.719524
0.671945
0.628524
0.588843
0.552531
0.519255
0.48872
0.460661
0.434842
0.41105
0.389096
0.368811
0.350042
0.332652
0.316518
0.30153
0.287588
0.274602
0.262491
0.251183
0.240611
0.230715
0.22144
0.212738
0.204564
0.196877
0.189641
0.18282
0.176386
0.170308
0.164563
0.159126
0.153975
0.149092
0.144457
0.140055
0.135869
0.131885
0.128091
0.124474
0.121023
0.117728
0.114579
0.111568
0.108685
0.105924
0.103277
0.100738
0.0982993
0.0959564
0.0937034
0.0915352
0.089447
0.0874342
0.0854926
0.0836181
0.081807
0.0800555
0.0783604
0.0767184
0.0751263
0.0735813
0.0720805
0.0706215
0.0692016
0.0678185
0.0664701
0.0651542
0.063869
0.0626127
0.0613838
0.0601809
0.0590028
0.0578486
0.0567177
0.0556094
0.0545238
0.0534607
0.0524207
0.0514043
0.0504126
0.0494469
0.0485087
0.0476
0.0467232
0.0458809
0.0450764
0.0443134
0.0435963
0.0429304
0.0423222
0.0417797
0.0413127
0.0409339
0.0406591
0.0405088
0.961692
0.892185
0.829086
0.771729
0.719524
0.671945
0.628524
0.588843
0.552531
0.519255
0.48872
0.460661
0.434841
0.411049
0.389096
0.36881
0.350041
0.332651
0.316517
0.301529
0.287587
0.274601
0.26249
0.251182
0.240609
0.230713
0.221439
0.212737
0.204562
0.196875
0.189639
0.182818
0.176383
0.170306
0.164561
0.159123
0.153973
0.149089
0.144454
0.140052
0.135866
0.131882
0.128088
0.12447
0.12102
0.117724
0.114575
0.111564
0.108681
0.10592
0.103273
0.100733
0.0982943
0.0959512
0.093698
0.0915295
0.0894411
0.087428
0.0854861
0.0836113
0.0817999
0.0800481
0.0783526
0.0767102
0.0751177
0.0735723
0.0720711
0.0706116
0.0691912
0.0678076
0.0664586
0.0651421
0.0638563
0.0625994
0.0613698
0.0601663
0.0589876
0.0578327
0.0567011
0.0555923
0.054506
0.0534424
0.0524018
0.051385
0.0503929
0.0494268
0.0484884
0.0475796
0.0467027
0.0458604
0.045056
0.0442931
0.0435762
0.0429107
0.0423028
0.0417606
0.041294
0.0409155
0.040641
0.0404908
0.961692
0.892185
0.829086
0.771729
0.719524
0.671945
0.628524
0.588843
0.55253
0.519255
0.48872
0.460661
0.434841
0.411049
0.389095
0.36881
0.35004
0.33265
0.316516
0.301528
0.287585
0.2746
0.262489
0.251181
0.240608
0.230712
0.221437
0.212735
0.204561
0.196874
0.189637
0.182816
0.176381
0.170304
0.164558
0.159121
0.15397
0.149087
0.144452
0.140049
0.135863
0.131879
0.128084
0.124467
0.121016
0.117721
0.114572
0.11156
0.108677
0.105916
0.103268
0.100728
0.0982896
0.0959462
0.0936928
0.0915241
0.0894354
0.0874221
0.08548
0.0836049
0.0817931
0.0800411
0.0783452
0.0767025
0.0751096
0.0735638
0.0720622
0.0706022
0.0691813
0.0677972
0.0664477
0.0651306
0.0638443
0.0625867
0.0613566
0.0601524
0.0589731
0.0578176
0.0566854
0.0555759
0.0544891
0.0534249
0.0523839
0.0513666
0.0503742
0.0494078
0.0484691
0.0475602
0.0466832
0.0458409
0.0450366
0.0442739
0.0435572
0.0428919
0.0422844
0.0417425
0.0412762
0.040898
0.0406237
0.0404738
0.961692
0.892185
0.829086
0.771729
0.719524
0.671945
0.628524
0.588843
0.55253
0.519255
0.488719
0.46066
0.43484
0.411048
0.389094
0.368809
0.350039
0.332649
0.316515
0.301527
0.287584
0.274598
0.262488
0.251179
0.240607
0.23071
0.221435
0.212733
0.204559
0.196872
0.189635
0.182814
0.176379
0.170302
0.164556
0.159119
0.153968
0.149084
0.144449
0.140046
0.13586
0.131876
0.128081
0.124464
0.121013
0.117717
0.114568
0.111556
0.108673
0.105912
0.103264
0.100724
0.0982851
0.0959415
0.0936879
0.091519
0.0894301
0.0874166
0.0854742
0.0835988
0.0817868
0.0800344
0.0783383
0.0766952
0.075102
0.0735558
0.0720538
0.0705933
0.069172
0.0677874
0.0664374
0.0651199
0.0638329
0.0625749
0.0613441
0.0601394
0.0589595
0.0578034
0.0566706
0.0555606
0.0544732
0.0534085
0.052367
0.0513494
0.0503565
0.0493899
0.048451
0.0475419
0.0466649
0.0458226
0.0450184
0.0442558
0.0435394
0.0428743
0.0422671
0.0417255
0.0412596
0.0408816
0.0406076
0.0404578
0.961692
0.892185
0.829086
0.771729
0.719524
0.671945
0.628524
0.588843
0.55253
0.519254
0.488719
0.46066
0.43484
0.411048
0.389094
0.368808
0.350039
0.332648
0.316514
0.301526
0.287583
0.274597
0.262487
0.251178
0.240605
0.230709
0.221434
0.212732
0.204557
0.19687
0.189633
0.182812
0.176377
0.1703
0.164554
0.159117
0.153966
0.149082
0.144447
0.140044
0.135857
0.131873
0.128078
0.124461
0.12101
0.117714
0.114565
0.111553
0.10867
0.105908
0.10326
0.10072
0.0982809
0.0959372
0.0936834
0.0915143
0.0894252
0.0874114
0.0854688
0.0835932
0.0817809
0.0800283
0.0783319
0.0766884
0.0750949
0.0735483
0.072046
0.0705852
0.0691634
0.0677784
0.0664279
0.0651099
0.0638225
0.0625639
0.0613326
0.0601273
0.0589469
0.0577903
0.0566569
0.0555464
0.0544585
0.0533934
0.0523514
0.0513334
0.0503402
0.0493733
0.0484342
0.047525
0.0466479
0.0458057
0.0450015
0.0442391
0.0435228
0.042858
0.0422511
0.0417098
0.0412441
0.0408664
0.0405926
0.0404429
0.961692
0.892185
0.829086
0.771729
0.719524
0.671945
0.628523
0.588842
0.55253
0.519254
0.488719
0.460659
0.434839
0.411047
0.389093
0.368807
0.350038
0.332647
0.316513
0.301525
0.287582
0.274596
0.262485
0.251177
0.240604
0.230707
0.221433
0.21273
0.204556
0.196869
0.189631
0.182811
0.176376
0.170298
0.164552
0.159115
0.153964
0.14908
0.144445
0.140041
0.135855
0.131871
0.128076
0.124458
0.121007
0.117711
0.114562
0.11155
0.108666
0.105904
0.103257
0.100716
0.098277
0.0959332
0.0936792
0.09151
0.0894206
0.0874067
0.0854639
0.0835881
0.0817756
0.0800227
0.078326
0.0766823
0.0750885
0.0735416
0.0720389
0.0705777
0.0691556
0.0677702
0.0664193
0.0651008
0.063813
0.0625539
0.0613222
0.0601164
0.0589354
0.0577783
0.0566445
0.0555335
0.0544451
0.0533796
0.0523372
0.0513188
0.0503254
0.0493582
0.048419
0.0475096
0.0466325
0.0457903
0.0449862
0.0442239
0.0435078
0.0428432
0.0422365
0.0416955
0.0412301
0.0408526
0.040579
0.0404294
0.961692
0.892185
0.829086
0.771729
0.719524
0.671945
0.628523
0.588842
0.55253
0.519254
0.488718
0.460659
0.434839
0.411047
0.389092
0.368807
0.350037
0.332647
0.316512
0.301524
0.287581
0.274595
0.262484
0.251176
0.240603
0.230706
0.221431
0.212729
0.204555
0.196867
0.18963
0.182809
0.176374
0.170296
0.16455
0.159113
0.153962
0.149078
0.144442
0.140039
0.135853
0.131868
0.128073
0.124456
0.121004
0.117709
0.114559
0.111547
0.108663
0.105901
0.103253
0.100713
0.0982736
0.0959296
0.0936755
0.0915061
0.0894166
0.0874025
0.0854595
0.0835835
0.0817708
0.0800177
0.0783208
0.0766768
0.0750827
0.0735356
0.0720326
0.0705711
0.0691487
0.0677629
0.0664116
0.0650928
0.0638045
0.062545
0.0613129
0.0601066
0.0589252
0.0577677
0.0566334
0.055522
0.0544332
0.0533673
0.0523246
0.0513059
0.0503122
0.0493448
0.0484054
0.047496
0.0466188
0.0457766
0.0449725
0.0442104
0.0434945
0.0428301
0.0422235
0.0416828
0.0412176
0.0408403
0.0405668
0.0404174
0.961692
0.892185
0.829086
0.771729
0.719524
0.671945
0.628523
0.588842
0.552529
0.519253
0.488718
0.460658
0.434838
0.411046
0.389092
0.368806
0.350036
0.332646
0.316512
0.301523
0.287581
0.274594
0.262483
0.251175
0.240602
0.230705
0.22143
0.212728
0.204553
0.196866
0.189629
0.182808
0.176372
0.170295
0.164549
0.159111
0.15396
0.149076
0.144441
0.140037
0.135851
0.131866
0.128071
0.124454
0.121002
0.117706
0.114557
0.111544
0.108661
0.105899
0.103251
0.10071
0.0982705
0.0959264
0.0936722
0.0915027
0.089413
0.0873988
0.0854556
0.0835795
0.0817666
0.0800133
0.0783162
0.0766721
0.0750777
0.0735304
0.0720271
0.0705654
0.0691427
0.0677566
0.066405
0.0650859
0.0637972
0.0625374
0.0613049
0.0600983
0.0589165
0.0577586
0.0566239
0.0555121
0.054423
0.0533568
0.0523138
0.0512948
0.0503009
0.0493333
0.0483938
0.0474842
0.046607
0.0457648
0.0449608
0.0441987
0.043483
0.0428187
0.0422124
0.0416718
0.0412068
0.0408297
0.0405563
0.040407
0.961692
0.892185
0.829086
0.771729
0.719524
0.671944
0.628523
0.588842
0.552529
0.519253
0.488717
0.460658
0.434838
0.411045
0.389091
0.368806
0.350036
0.332645
0.316511
0.301522
0.28758
0.274594
0.262483
0.251174
0.240601
0.230704
0.221429
0.212727
0.204552
0.196865
0.189627
0.182807
0.176371
0.170293
0.164547
0.15911
0.153959
0.149074
0.144439
0.140036
0.135849
0.131865
0.12807
0.124452
0.121
0.117704
0.114555
0.111542
0.108659
0.105896
0.103248
0.100708
0.098268
0.0959238
0.0936694
0.0914998
0.0894101
0.0873957
0.0854524
0.0835762
0.0817631
0.0800097
0.0783124
0.0766681
0.0750736
0.0735261
0.0720226
0.0705607
0.0691377
0.0677514
0.0663996
0.0650802
0.0637913
0.0625311
0.0612983
0.0600914
0.0589093
0.0577511
0.0566162
0.0555041
0.0544147
0.0533482
0.0523049
0.0512857
0.0502916
0.0493239
0.0483842
0.0474746
0.0465973
0.0457551
0.0449512
0.0441892
0.0434735
0.0428094
0.0422032
0.0416628
0.0411979
0.0408209
0.0405477
0.0403985
0.961692
0.892185
0.829086
0.771729
0.719524
0.671944
0.628523
0.588841
0.552529
0.519253
0.488717
0.460657
0.434837
0.411045
0.389091
0.368805
0.350035
0.332645
0.31651
0.301522
0.287579
0.274593
0.262482
0.251173
0.2406
0.230703
0.221428
0.212726
0.204551
0.196864
0.189626
0.182805
0.17637
0.170292
0.164546
0.159109
0.153957
0.149073
0.144438
0.140034
0.135847
0.131863
0.128068
0.12445
0.120999
0.117703
0.114553
0.11154
0.108657
0.105894
0.103246
0.100706
0.0982659
0.0959217
0.0936672
0.0914975
0.0894077
0.0873933
0.0854499
0.0835736
0.0817604
0.0800069
0.0783095
0.0766651
0.0750705
0.0735227
0.0720192
0.070557
0.0691339
0.0677475
0.0663954
0.0650758
0.0637867
0.0625264
0.0612933
0.0600862
0.0589039
0.0577454
0.0566103
0.055498
0.0544084
0.0533416
0.0522982
0.0512789
0.0502846
0.0493168
0.048377
0.0474673
0.04659
0.0457478
0.0449439
0.044182
0.0434664
0.0428024
0.0421962
0.0416559
0.0411911
0.0408142
0.040541
0.0403919
0.961692
0.892185
0.829086
0.771729
0.719523
0.671944
0.628522
0.588841
0.552528
0.519252
0.488717
0.460657
0.434837
0.411044
0.38909
0.368804
0.350035
0.332644
0.31651
0.301521
0.287578
0.274592
0.262481
0.251172
0.240599
0.230703
0.221428
0.212725
0.20455
0.196863
0.189626
0.182805
0.176369
0.170291
0.164545
0.159108
0.153956
0.149072
0.144437
0.140033
0.135846
0.131862
0.128067
0.124449
0.120997
0.117701
0.114552
0.111539
0.108655
0.105893
0.103245
0.100704
0.0982645
0.0959201
0.0936657
0.0914959
0.0894061
0.0873916
0.0854481
0.0835717
0.0817585
0.0800049
0.0783075
0.076663
0.0750683
0.0735205
0.0720168
0.0705546
0.0691314
0.0677448
0.0663927
0.0650729
0.0637837
0.0625232
0.06129
0.0600828
0.0589003
0.0577417
0.0566064
0.055494
0.0544042
0.0533374
0.0522939
0.0512744
0.0502801
0.0493122
0.0483723
0.0474626
0.0465853
0.0457431
0.0449392
0.0441772
0.0434617
0.0427977
0.0421916
0.0416513
0.0411865
0.0408097
0.0405365
0.0403873
0.961692
0.892185
0.829086
0.771728
0.719523
0.671944
0.628522
0.588841
0.552528
0.519252
0.488716
0.460657
0.434837
0.411044
0.38909
0.368804
0.350034
0.332644
0.316509
0.301521
0.287578
0.274592
0.262481
0.251172
0.240599
0.230702
0.221427
0.212725
0.20455
0.196862
0.189625
0.182804
0.176369
0.170291
0.164545
0.159107
0.153956
0.149072
0.144436
0.140033
0.135846
0.131861
0.128066
0.124448
0.120997
0.117701
0.114551
0.111538
0.108655
0.105892
0.103244
0.100703
0.0982635
0.0959192
0.0936647
0.091495
0.0894051
0.0873905
0.0854471
0.0835707
0.0817574
0.0800038
0.0783064
0.0766618
0.0750671
0.0735193
0.0720155
0.0705533
0.06913
0.0677434
0.0663912
0.0650715
0.0637822
0.0625217
0.0612884
0.0600811
0.0588985
0.0577399
0.0566045
0.055492
0.0544023
0.0533354
0.0522918
0.0512723
0.0502779
0.04931
0.0483701
0.0474603
0.046583
0.0457408
0.0449368
0.0441749
0.0434594
0.0427954
0.0421893
0.041649
0.0411842
0.0408073
0.040534
0.0403847
0.961692
0.892185
0.829085
0.771728
0.719523
0.671944
0.628522
0.588841
0.552528
0.519252
0.488716
0.460657
0.434836
0.411044
0.38909
0.368804
0.350034
0.332643
0.316509
0.30152
0.287578
0.274591
0.26248
0.251172
0.240599
0.230702
0.221427
0.212724
0.20455
0.196862
0.189625
0.182804
0.176368
0.17029
0.164544
0.159107
0.153955
0.149071
0.144436
0.140032
0.135845
0.131861
0.128066
0.124448
0.120996
0.1177
0.11455
0.111538
0.108654
0.105892
0.103244
0.100703
0.0982631
0.0959188
0.0936643
0.0914945
0.0894047
0.0873901
0.0854467
0.0835702
0.081757
0.0800034
0.078306
0.0766614
0.0750667
0.0735189
0.0720152
0.0705529
0.0691297
0.0677431
0.0663909
0.0650711
0.0637818
0.0625214
0.0612881
0.0600808
0.0588983
0.0577397
0.0566043
0.0554918
0.054402
0.0533352
0.0522916
0.0512721
0.0502778
0.0493098
0.0483699
0.0474601
0.0465827
0.0457405
0.0449366
0.0441747
0.0434591
0.0427951
0.042189
0.0416487
0.0411838
0.0408068
0.0405333
0.0403838
0.961692
0.892185
0.829085
0.771728
0.719523
0.671944
0.628522
0.588841
0.552528
0.519252
0.488716
0.460656
0.434836
0.411044
0.38909
0.368804
0.350034
0.332643
0.316509
0.30152
0.287578
0.274591
0.26248
0.251171
0.240598
0.230702
0.221427
0.212724
0.204549
0.196862
0.189625
0.182804
0.176368
0.17029
0.164544
0.159106
0.153955
0.149071
0.144436
0.140032
0.135845
0.131861
0.128066
0.124448
0.120996
0.1177
0.11455
0.111538
0.108654
0.105892
0.103244
0.100703
0.0982631
0.0959187
0.0936643
0.0914945
0.0894046
0.0873901
0.0854467
0.0835703
0.0817571
0.0800035
0.078306
0.0766615
0.0750668
0.073519
0.0720153
0.0705531
0.0691299
0.0677433
0.0663912
0.0650715
0.0637822
0.0625218
0.0612886
0.0600813
0.0588988
0.0577403
0.056605
0.0554925
0.0544028
0.053336
0.0522925
0.0512731
0.0502787
0.0493108
0.0483709
0.0474611
0.0465837
0.0457415
0.0449376
0.0441757
0.0434602
0.0427962
0.0421901
0.0416497
0.0411848
0.0408076
0.0405339
0.0403841
)
;

boundaryField
{
    inlet
    {
        type            fixedValue;
        value           uniform 1;
    }
    outlet
    {
        type            inletOutlet;
        inletValue      uniform 1;
        value           nonuniform List<scalar> 
100
(
0.0403243
0.0403266
0.040331
0.0403375
0.0403458
0.0403559
0.0403677
0.0403809
0.0403955
0.0404113
0.0404283
0.0404463
0.0404651
0.0404847
0.0405049
0.0405257
0.0405468
0.0405683
0.04059
0.0406119
0.0406337
0.0406556
0.0406773
0.0406988
0.0407201
0.040741
0.0407616
0.0407817
0.0408013
0.0408204
0.0408389
0.0408567
0.0408739
0.0408903
0.040906
0.0409208
0.0409349
0.040948
0.0409603
0.0409717
0.0409821
0.0409916
0.0410001
0.0410076
0.041014
0.0410195
0.0410239
0.0410273
0.0410296
0.0410308
0.041031
0.0410302
0.0410283
0.0410253
0.0410214
0.0410163
0.0410103
0.0410032
0.0409952
0.0409861
0.0409761
0.0409652
0.0409534
0.0409407
0.0409271
0.0409128
0.0408976
0.0408817
0.040865
0.0408478
0.0408298
0.0408113
0.0407923
0.0407729
0.040753
0.0407327
0.0407122
0.0406914
0.0406705
0.0406496
0.0406286
0.0406078
0.0405871
0.0405668
0.0405469
0.0405275
0.0405088
0.0404908
0.0404738
0.0404578
0.0404429
0.0404294
0.0404174
0.040407
0.0403985
0.0403919
0.0403873
0.0403847
0.0403838
0.0403841
)
;
    }
    ground
    {
        type            empty;
    }
    top
    {
        type            empty;
    }
    front
    {
        type            inletOutlet;
        inletValue      uniform 1;
        value           nonuniform List<scalar> 
100
(
0.961692
0.892185
0.829085
0.771728
0.719523
0.671944
0.628522
0.588841
0.552528
0.519252
0.488716
0.460657
0.434836
0.411044
0.38909
0.368804
0.350034
0.332643
0.316509
0.30152
0.287577
0.274591
0.26248
0.251171
0.240598
0.230701
0.221426
0.212724
0.204549
0.196861
0.189624
0.182803
0.176367
0.170289
0.164543
0.159105
0.153954
0.149069
0.144434
0.14003
0.135843
0.131858
0.128063
0.124445
0.120993
0.117696
0.114546
0.111533
0.108649
0.105886
0.103238
0.100696
0.098256
0.0959111
0.0936559
0.0914853
0.0893946
0.0873792
0.0854347
0.0835571
0.0817427
0.0799877
0.0782888
0.0766427
0.0750462
0.0734965
0.0719907
0.0705263
0.0691006
0.0677114
0.0663565
0.0650338
0.0637415
0.0624778
0.0612412
0.0600304
0.0588444
0.0576822
0.0565434
0.0554274
0.0543343
0.0532643
0.0522179
0.0511958
0.0501993
0.0492295
0.0482883
0.0473778
0.0465002
0.0456583
0.0448554
0.044095
0.0433815
0.04272
0.0421166
0.0415792
0.0411174
0.0407431
0.0404721
0.0403243
)
;
    }
    back
    {
        type            inletOutlet;
        inletValue      uniform 1;
        value           nonuniform List<scalar> 
100
(
0.961692
0.892185
0.829085
0.771728
0.719523
0.671944
0.628522
0.588841
0.552528
0.519252
0.488716
0.460656
0.434836
0.411044
0.38909
0.368804
0.350034
0.332643
0.316509
0.30152
0.287578
0.274591
0.26248
0.251171
0.240598
0.230702
0.221427
0.212724
0.204549
0.196862
0.189625
0.182804
0.176368
0.17029
0.164544
0.159106
0.153955
0.149071
0.144436
0.140032
0.135845
0.131861
0.128066
0.124448
0.120996
0.1177
0.11455
0.111538
0.108654
0.105892
0.103244
0.100703
0.0982631
0.0959187
0.0936643
0.0914945
0.0894046
0.0873901
0.0854467
0.0835703
0.0817571
0.0800035
0.078306
0.0766615
0.0750668
0.073519
0.0720153
0.0705531
0.0691299
0.0677433
0.0663912
0.0650715
0.0637822
0.0625218
0.0612886
0.0600813
0.0588988
0.0577403
0.056605
0.0554925
0.0544028
0.053336
0.0522925
0.0512731
0.0502787
0.0493108
0.0483709
0.0474611
0.0465837
0.0457415
0.0449376
0.0441757
0.0434602
0.0427962
0.0421901
0.0416497
0.0411848
0.0408076
0.0405339
0.0403841
)
;
    }
}


// ************************************************************************* //
