/*--------------------------------*- C++ -*----------------------------------*\
  =========                 |
  \\      /  F ield         | OpenFOAM: The Open Source CFD Toolbox
   \\    /   O peration     | Website:  https://openfoam.org
    \\  /    A nd           | Version:  11
     \\/     M anipulation  |
\*---------------------------------------------------------------------------*/
FoamFile
{
    format      ascii;
    class       volScalarField;
    location    "44";
    object      omega;
}
// * * * * * * * * * * * * * * * * * * * * * * * * * * * * * * * * * * * * * //

dimensions      [0 0 -1 0 0 0 0];

internalField   nonuniform List<scalar> 
10000
(
0.96133
0.890887
0.826599
0.767773
0.713805
0.664175
0.618452
0.576287
0.537406
0.501606
0.468734
0.438675
0.411329
0.386596
0.364367
0.344514
0.326891
0.311337
0.297682
0.285752
0.275375
0.266385
0.258626
0.251951
0.24623
0.241343
0.237182
0.233651
0.230663
0.228142
0.226021
0.224243
0.222756
0.221516
0.220485
0.21963
0.218923
0.218339
0.217858
0.217462
0.217136
0.216869
0.216649
0.216469
0.21632
0.216197
0.216096
0.216012
0.215941
0.215882
0.215833
0.215791
0.215755
0.215723
0.215696
0.215673
0.215652
0.215634
0.215617
0.215602
0.215589
0.215576
0.215565
0.215555
0.215546
0.215537
0.215529
0.215521
0.215514
0.215508
0.215502
0.215496
0.215491
0.215486
0.215481
0.215476
0.215472
0.215468
0.215464
0.215461
0.215457
0.215453
0.21545
0.215447
0.215444
0.21544
0.215437
0.215434
0.215431
0.215428
0.215425
0.215422
0.21542
0.215417
0.215414
0.215412
0.21541
0.215408
0.215407
0.215406
0.96133
0.890891
0.826608
0.767787
0.713823
0.664198
0.618479
0.576318
0.537442
0.501646
0.468779
0.438723
0.411379
0.386648
0.36442
0.344566
0.326942
0.311386
0.297729
0.285796
0.275416
0.266423
0.258661
0.251985
0.246262
0.241372
0.237209
0.233675
0.230684
0.22816
0.226037
0.224257
0.222768
0.221527
0.220495
0.219639
0.218931
0.218346
0.217864
0.217468
0.217142
0.216874
0.216654
0.216473
0.216324
0.216201
0.216099
0.216015
0.215944
0.215885
0.215835
0.215793
0.215757
0.215726
0.215698
0.215675
0.215654
0.215635
0.215619
0.215604
0.21559
0.215578
0.215566
0.215556
0.215547
0.215538
0.21553
0.215522
0.215515
0.215509
0.215503
0.215497
0.215491
0.215486
0.215482
0.215477
0.215473
0.215469
0.215465
0.215461
0.215457
0.215454
0.21545
0.215447
0.215444
0.215441
0.215438
0.215434
0.215431
0.215428
0.215425
0.215423
0.21542
0.215417
0.215415
0.215412
0.21541
0.215409
0.215407
0.215407
0.96133
0.890897
0.826622
0.767808
0.713852
0.664235
0.618526
0.576373
0.537505
0.501717
0.468856
0.438806
0.411466
0.386737
0.364509
0.344655
0.327028
0.311468
0.297806
0.285869
0.275483
0.266485
0.258718
0.252037
0.246309
0.241416
0.237248
0.233709
0.230714
0.228187
0.226061
0.224277
0.222786
0.221543
0.220509
0.219651
0.218941
0.218355
0.217872
0.217475
0.217148
0.21688
0.216659
0.216477
0.216328
0.216205
0.216103
0.216018
0.215947
0.215888
0.215838
0.215796
0.215759
0.215728
0.215701
0.215677
0.215656
0.215637
0.21562
0.215605
0.215592
0.215579
0.215568
0.215558
0.215548
0.215539
0.215531
0.215524
0.215516
0.21551
0.215504
0.215498
0.215493
0.215487
0.215483
0.215478
0.215474
0.21547
0.215466
0.215462
0.215458
0.215455
0.215451
0.215448
0.215444
0.215441
0.215438
0.215435
0.215432
0.215429
0.215426
0.215423
0.21542
0.215417
0.215415
0.215413
0.215411
0.215409
0.215408
0.215407
0.96133
0.890902
0.826636
0.767833
0.713889
0.664284
0.618586
0.576446
0.53759
0.501813
0.468962
0.438919
0.411585
0.38686
0.364632
0.344776
0.327146
0.311581
0.297913
0.285968
0.275576
0.26657
0.258795
0.252107
0.246373
0.241473
0.237299
0.233754
0.230754
0.228222
0.226091
0.224304
0.222809
0.221563
0.220526
0.219666
0.218954
0.218367
0.217882
0.217484
0.217156
0.216886
0.216665
0.216483
0.216333
0.216209
0.216107
0.216022
0.215951
0.215892
0.215841
0.215799
0.215762
0.215731
0.215703
0.215679
0.215658
0.21564
0.215623
0.215608
0.215594
0.215581
0.21557
0.21556
0.21555
0.215541
0.215533
0.215525
0.215518
0.215511
0.215505
0.215499
0.215494
0.215489
0.215484
0.215479
0.215475
0.215471
0.215467
0.215463
0.215459
0.215455
0.215452
0.215449
0.215445
0.215442
0.215439
0.215436
0.215433
0.215429
0.215426
0.215423
0.215421
0.215418
0.215415
0.215413
0.215411
0.215409
0.215408
0.215407
0.96133
0.890907
0.826649
0.767858
0.713928
0.664338
0.618656
0.576532
0.537691
0.501929
0.46909
0.439058
0.411731
0.38701
0.364784
0.344926
0.327291
0.311721
0.298045
0.286092
0.27569
0.266675
0.258891
0.252194
0.246451
0.241543
0.237361
0.23381
0.230802
0.228264
0.226128
0.224336
0.222837
0.221587
0.220547
0.219684
0.21897
0.21838
0.217894
0.217494
0.217165
0.216894
0.216672
0.216489
0.216339
0.216214
0.216112
0.216026
0.215955
0.215895
0.215845
0.215802
0.215765
0.215734
0.215706
0.215682
0.215661
0.215642
0.215625
0.21561
0.215596
0.215584
0.215572
0.215562
0.215552
0.215543
0.215535
0.215527
0.21552
0.215513
0.215507
0.215501
0.215495
0.21549
0.215485
0.21548
0.215476
0.215472
0.215468
0.215464
0.21546
0.215456
0.215453
0.21545
0.215446
0.215443
0.21544
0.215436
0.215433
0.21543
0.215427
0.215424
0.215421
0.215418
0.215416
0.215414
0.215411
0.21541
0.215408
0.215408
0.96133
0.890911
0.826661
0.767882
0.713967
0.664394
0.618731
0.576625
0.537803
0.502058
0.469234
0.439215
0.411897
0.387182
0.364958
0.345098
0.327459
0.311882
0.298198
0.286235
0.275823
0.266797
0.259003
0.252295
0.246542
0.241624
0.237433
0.233873
0.230859
0.228313
0.226171
0.224374
0.22287
0.221615
0.220571
0.219705
0.218988
0.218396
0.217907
0.217505
0.217175
0.216903
0.21668
0.216496
0.216345
0.21622
0.216117
0.216031
0.215959
0.215899
0.215849
0.215806
0.215769
0.215737
0.215709
0.215685
0.215664
0.215645
0.215628
0.215613
0.215599
0.215586
0.215575
0.215564
0.215554
0.215545
0.215537
0.215529
0.215522
0.215515
0.215509
0.215503
0.215497
0.215492
0.215487
0.215482
0.215477
0.215473
0.215469
0.215465
0.215461
0.215458
0.215454
0.215451
0.215447
0.215444
0.215441
0.215437
0.215434
0.215431
0.215428
0.215425
0.215422
0.215419
0.215417
0.215414
0.215412
0.21541
0.215409
0.215408
0.96133
0.890914
0.826672
0.767905
0.714004
0.66445
0.618806
0.576722
0.537921
0.502195
0.46939
0.439385
0.412078
0.387369
0.365148
0.345288
0.327645
0.312061
0.298368
0.286394
0.275971
0.266933
0.259127
0.252407
0.246643
0.241715
0.237514
0.233944
0.230921
0.228368
0.226219
0.224415
0.222905
0.221646
0.220597
0.219728
0.219007
0.218412
0.217922
0.217518
0.217185
0.216912
0.216688
0.216503
0.216351
0.216225
0.216122
0.216035
0.215964
0.215903
0.215852
0.215809
0.215772
0.21574
0.215713
0.215688
0.215667
0.215648
0.215631
0.215615
0.215601
0.215589
0.215577
0.215566
0.215557
0.215547
0.215539
0.215531
0.215524
0.215517
0.21551
0.215504
0.215499
0.215493
0.215488
0.215483
0.215479
0.215474
0.21547
0.215466
0.215462
0.215459
0.215455
0.215452
0.215448
0.215445
0.215441
0.215438
0.215435
0.215432
0.215429
0.215426
0.215423
0.21542
0.215417
0.215415
0.215413
0.215411
0.215409
0.215409
0.96133
0.890916
0.826681
0.767925
0.714039
0.664503
0.618881
0.576819
0.538041
0.502337
0.469551
0.439562
0.412268
0.387568
0.365351
0.34549
0.327843
0.312252
0.29855
0.286566
0.27613
0.26708
0.259261
0.252529
0.246753
0.241813
0.237601
0.234021
0.230989
0.228427
0.22627
0.224459
0.222944
0.221679
0.220626
0.219752
0.219028
0.21843
0.217937
0.21753
0.217196
0.216922
0.216696
0.21651
0.216357
0.216231
0.216127
0.21604
0.215968
0.215907
0.215856
0.215813
0.215776
0.215743
0.215716
0.215691
0.21567
0.215651
0.215633
0.215618
0.215604
0.215591
0.215579
0.215569
0.215559
0.21555
0.215541
0.215533
0.215526
0.215519
0.215512
0.215506
0.2155
0.215495
0.21549
0.215485
0.21548
0.215476
0.215472
0.215468
0.215464
0.21546
0.215456
0.215453
0.215449
0.215446
0.215442
0.215439
0.215436
0.215433
0.215429
0.215426
0.215423
0.21542
0.215418
0.215415
0.215413
0.215411
0.21541
0.215409
0.96133
0.890918
0.826688
0.767943
0.714072
0.664554
0.618953
0.576914
0.538159
0.502479
0.469714
0.439744
0.412464
0.387773
0.365561
0.345701
0.328051
0.312453
0.298741
0.286746
0.276298
0.267235
0.259403
0.252658
0.246869
0.241916
0.237693
0.234103
0.23106
0.22849
0.226324
0.224506
0.222984
0.221713
0.220655
0.219777
0.21905
0.218448
0.217952
0.217544
0.217208
0.216931
0.216704
0.216517
0.216363
0.216237
0.216132
0.216045
0.215972
0.215911
0.21586
0.215816
0.215779
0.215746
0.215719
0.215694
0.215672
0.215653
0.215636
0.21562
0.215606
0.215593
0.215582
0.215571
0.215561
0.215552
0.215543
0.215535
0.215527
0.21552
0.215514
0.215508
0.215502
0.215496
0.215491
0.215486
0.215482
0.215477
0.215473
0.215469
0.215465
0.215461
0.215457
0.215454
0.21545
0.215447
0.215443
0.21544
0.215437
0.215433
0.21543
0.215427
0.215424
0.215421
0.215418
0.215416
0.215414
0.215412
0.215411
0.21541
0.961329
0.890919
0.826695
0.767959
0.714102
0.664602
0.619022
0.577006
0.538276
0.502619
0.469877
0.439926
0.412661
0.387981
0.365775
0.345916
0.328263
0.312659
0.298939
0.286932
0.276472
0.267396
0.25955
0.252792
0.246989
0.242024
0.237789
0.234188
0.231135
0.228555
0.226381
0.224555
0.223026
0.221749
0.220686
0.219803
0.219072
0.218467
0.217968
0.217557
0.217219
0.216941
0.216712
0.216524
0.21637
0.216242
0.216136
0.216049
0.215976
0.215914
0.215863
0.215819
0.215781
0.215749
0.215721
0.215696
0.215675
0.215655
0.215638
0.215623
0.215608
0.215596
0.215584
0.215573
0.215563
0.215553
0.215545
0.215537
0.215529
0.215522
0.215515
0.215509
0.215503
0.215498
0.215492
0.215487
0.215483
0.215478
0.215474
0.21547
0.215466
0.215462
0.215458
0.215455
0.215451
0.215447
0.215444
0.215441
0.215437
0.215434
0.215431
0.215428
0.215425
0.215422
0.215419
0.215417
0.215414
0.215412
0.215411
0.21541
0.961329
0.89092
0.826701
0.767974
0.71413
0.664647
0.619087
0.577094
0.538389
0.502756
0.470037
0.440105
0.412857
0.388188
0.365989
0.346133
0.328478
0.312868
0.299139
0.287122
0.27665
0.267561
0.259701
0.252929
0.247113
0.242135
0.237888
0.234275
0.231212
0.228622
0.226439
0.224606
0.223069
0.221786
0.220718
0.21983
0.219094
0.218486
0.217984
0.21757
0.21723
0.21695
0.21672
0.216531
0.216375
0.216247
0.216141
0.216052
0.215979
0.215917
0.215866
0.215822
0.215784
0.215751
0.215723
0.215699
0.215677
0.215658
0.21564
0.215625
0.21561
0.215597
0.215585
0.215574
0.215564
0.215555
0.215546
0.215538
0.215531
0.215523
0.215517
0.21551
0.215504
0.215499
0.215494
0.215489
0.215484
0.215479
0.215475
0.215471
0.215467
0.215463
0.215459
0.215455
0.215452
0.215448
0.215445
0.215441
0.215438
0.215435
0.215431
0.215428
0.215425
0.215422
0.21542
0.215417
0.215415
0.215413
0.215412
0.215411
0.961329
0.890922
0.826707
0.767988
0.714156
0.664689
0.619149
0.577179
0.538497
0.502888
0.470192
0.440281
0.413049
0.388393
0.366202
0.346349
0.328692
0.313078
0.299341
0.287314
0.276829
0.267727
0.259854
0.253068
0.247239
0.242248
0.237988
0.234364
0.23129
0.22869
0.226498
0.224657
0.223113
0.221824
0.220749
0.219857
0.219117
0.218505
0.218
0.217584
0.217241
0.216959
0.216728
0.216537
0.216381
0.216251
0.216145
0.216056
0.215982
0.21592
0.215868
0.215824
0.215786
0.215753
0.215725
0.2157
0.215679
0.215659
0.215642
0.215626
0.215612
0.215599
0.215587
0.215576
0.215566
0.215556
0.215548
0.215539
0.215532
0.215525
0.215518
0.215512
0.215506
0.2155
0.215495
0.21549
0.215485
0.21548
0.215476
0.215471
0.215467
0.215464
0.21546
0.215456
0.215452
0.215449
0.215445
0.215442
0.215439
0.215435
0.215432
0.215429
0.215426
0.215423
0.21542
0.215418
0.215415
0.215413
0.215412
0.215411
0.961328
0.890922
0.826712
0.768
0.71418
0.664729
0.619207
0.577258
0.5386
0.503016
0.470342
0.440452
0.413237
0.388594
0.366411
0.346561
0.328904
0.313286
0.299541
0.287504
0.277009
0.267894
0.260007
0.253208
0.247366
0.242362
0.23809
0.234454
0.231368
0.228759
0.226558
0.224708
0.223157
0.221861
0.220781
0.219884
0.219139
0.218524
0.218015
0.217596
0.217252
0.216968
0.216735
0.216543
0.216386
0.216256
0.216148
0.216059
0.215985
0.215922
0.21587
0.215826
0.215788
0.215755
0.215727
0.215702
0.21568
0.215661
0.215643
0.215627
0.215613
0.2156
0.215588
0.215577
0.215567
0.215557
0.215549
0.21554
0.215533
0.215526
0.215519
0.215512
0.215506
0.215501
0.215495
0.21549
0.215485
0.215481
0.215476
0.215472
0.215468
0.215464
0.21546
0.215457
0.215453
0.215449
0.215446
0.215442
0.215439
0.215436
0.215432
0.215429
0.215426
0.215423
0.21542
0.215418
0.215416
0.215414
0.215412
0.215412
0.961328
0.890923
0.826716
0.768012
0.714202
0.664765
0.619262
0.577334
0.538698
0.503137
0.470486
0.440616
0.413419
0.388789
0.366614
0.346769
0.329113
0.31349
0.299739
0.287693
0.277186
0.268059
0.26016
0.253348
0.247492
0.242475
0.238191
0.234543
0.231447
0.228828
0.226618
0.22476
0.223201
0.221899
0.220813
0.21991
0.219162
0.218542
0.218031
0.217609
0.217262
0.216977
0.216742
0.216549
0.21639
0.216259
0.216151
0.216061
0.215987
0.215924
0.215872
0.215827
0.215789
0.215756
0.215728
0.215703
0.215681
0.215662
0.215644
0.215628
0.215614
0.215601
0.215589
0.215578
0.215568
0.215558
0.215549
0.215541
0.215534
0.215526
0.215519
0.215513
0.215507
0.215501
0.215496
0.215491
0.215486
0.215481
0.215477
0.215473
0.215468
0.215465
0.215461
0.215457
0.215453
0.21545
0.215446
0.215443
0.215439
0.215436
0.215433
0.21543
0.215427
0.215424
0.215421
0.215418
0.215416
0.215414
0.215413
0.215412
0.961328
0.890924
0.826721
0.768023
0.714223
0.6648
0.619313
0.577405
0.538791
0.503252
0.470623
0.440774
0.413594
0.388977
0.366812
0.346972
0.329316
0.31369
0.299933
0.287878
0.277361
0.268222
0.260311
0.253485
0.247617
0.242588
0.238291
0.234632
0.231525
0.228896
0.226677
0.224811
0.223245
0.221936
0.220844
0.219936
0.219183
0.21856
0.218045
0.217621
0.217272
0.216984
0.216748
0.216554
0.216394
0.216262
0.216154
0.216063
0.215988
0.215925
0.215873
0.215828
0.21579
0.215757
0.215728
0.215704
0.215682
0.215662
0.215645
0.215629
0.215615
0.215602
0.21559
0.215579
0.215568
0.215559
0.21555
0.215542
0.215534
0.215527
0.21552
0.215514
0.215507
0.215502
0.215496
0.215491
0.215486
0.215482
0.215477
0.215473
0.215469
0.215465
0.215461
0.215457
0.215453
0.21545
0.215446
0.215443
0.21544
0.215436
0.215433
0.21543
0.215427
0.215424
0.215421
0.215419
0.215416
0.215415
0.215413
0.215412
0.961328
0.890925
0.826725
0.768033
0.714243
0.664832
0.619361
0.577472
0.538879
0.503362
0.470754
0.440924
0.413761
0.389158
0.367002
0.347167
0.329512
0.313884
0.300122
0.288059
0.277532
0.268382
0.260458
0.253621
0.24774
0.242699
0.23839
0.23472
0.231603
0.228963
0.226736
0.224861
0.223288
0.221973
0.220875
0.219962
0.219205
0.218578
0.21806
0.217633
0.217281
0.216992
0.216754
0.216559
0.216398
0.216265
0.216156
0.216065
0.215989
0.215926
0.215873
0.215828
0.21579
0.215757
0.215729
0.215704
0.215682
0.215662
0.215645
0.215629
0.215615
0.215602
0.21559
0.215579
0.215569
0.215559
0.21555
0.215542
0.215534
0.215527
0.21552
0.215514
0.215508
0.215502
0.215496
0.215491
0.215486
0.215482
0.215477
0.215473
0.215469
0.215465
0.215461
0.215457
0.215454
0.21545
0.215446
0.215443
0.21544
0.215436
0.215433
0.21543
0.215427
0.215424
0.215421
0.215419
0.215417
0.215415
0.215413
0.215412
0.961327
0.890926
0.826728
0.768042
0.714261
0.664862
0.619406
0.577535
0.538961
0.503465
0.470878
0.441068
0.413921
0.389332
0.367185
0.347355
0.329702
0.314072
0.300305
0.288235
0.277698
0.268538
0.260603
0.253753
0.247861
0.242807
0.238487
0.234806
0.231678
0.22903
0.226793
0.22491
0.22333
0.222008
0.220905
0.219987
0.219226
0.218595
0.218074
0.217644
0.21729
0.216999
0.216759
0.216563
0.216401
0.216267
0.216157
0.216066
0.21599
0.215927
0.215873
0.215828
0.21579
0.215757
0.215729
0.215704
0.215682
0.215662
0.215645
0.215629
0.215615
0.215602
0.21559
0.215579
0.215569
0.215559
0.21555
0.215542
0.215534
0.215527
0.21552
0.215514
0.215508
0.215502
0.215496
0.215491
0.215486
0.215482
0.215477
0.215473
0.215469
0.215465
0.215461
0.215457
0.215454
0.21545
0.215446
0.215443
0.21544
0.215436
0.215433
0.21543
0.215427
0.215424
0.215421
0.215419
0.215417
0.215415
0.215413
0.215413
0.961327
0.890926
0.826732
0.768051
0.714278
0.66489
0.619449
0.577594
0.539039
0.503563
0.470996
0.441204
0.414073
0.389497
0.36736
0.347536
0.329885
0.314253
0.300481
0.288405
0.27786
0.268689
0.260743
0.253882
0.247978
0.242913
0.238582
0.23489
0.231753
0.229094
0.226849
0.224959
0.223372
0.222043
0.220935
0.220012
0.219246
0.218611
0.218087
0.217654
0.217298
0.217005
0.216764
0.216566
0.216403
0.216269
0.216158
0.216067
0.21599
0.215927
0.215873
0.215828
0.21579
0.215757
0.215728
0.215703
0.215681
0.215662
0.215644
0.215629
0.215614
0.215601
0.215589
0.215578
0.215568
0.215559
0.21555
0.215542
0.215534
0.215527
0.21552
0.215513
0.215507
0.215502
0.215496
0.215491
0.215486
0.215481
0.215477
0.215473
0.215469
0.215465
0.215461
0.215457
0.215453
0.21545
0.215446
0.215443
0.21544
0.215436
0.215433
0.21543
0.215427
0.215424
0.215421
0.215419
0.215417
0.215415
0.215414
0.215413
0.961327
0.890927
0.826735
0.768059
0.714294
0.664916
0.619489
0.57765
0.539113
0.503655
0.471107
0.441332
0.414218
0.389654
0.367526
0.347708
0.330059
0.314427
0.300651
0.288568
0.278015
0.268835
0.260879
0.254007
0.248092
0.243016
0.238674
0.234972
0.231825
0.229158
0.226904
0.225006
0.223412
0.222077
0.220963
0.220035
0.219265
0.218627
0.218099
0.217664
0.217306
0.217011
0.216769
0.216569
0.216405
0.21627
0.216159
0.216067
0.21599
0.215926
0.215873
0.215827
0.215789
0.215756
0.215727
0.215702
0.21568
0.215661
0.215644
0.215628
0.215614
0.215601
0.215589
0.215578
0.215568
0.215558
0.215549
0.215541
0.215533
0.215526
0.215519
0.215513
0.215507
0.215501
0.215496
0.215491
0.215486
0.215481
0.215477
0.215472
0.215468
0.215464
0.21546
0.215457
0.215453
0.215449
0.215446
0.215443
0.215439
0.215436
0.215433
0.21543
0.215427
0.215424
0.215421
0.215419
0.215417
0.215415
0.215413
0.215413
0.961327
0.890928
0.826739
0.768067
0.714308
0.664941
0.619526
0.577702
0.539182
0.503742
0.471211
0.441454
0.414354
0.389803
0.367685
0.347872
0.330226
0.314593
0.300814
0.288725
0.278165
0.268976
0.26101
0.254128
0.248202
0.243116
0.238764
0.235051
0.231895
0.229219
0.226957
0.225051
0.223451
0.22211
0.22099
0.220058
0.219284
0.218642
0.218111
0.217674
0.217313
0.217017
0.216773
0.216572
0.216407
0.216271
0.216159
0.216067
0.21599
0.215926
0.215872
0.215826
0.215788
0.215755
0.215726
0.215701
0.215679
0.21566
0.215642
0.215627
0.215613
0.2156
0.215588
0.215577
0.215567
0.215557
0.215549
0.21554
0.215533
0.215526
0.215519
0.215512
0.215506
0.215501
0.215495
0.21549
0.215485
0.21548
0.215476
0.215472
0.215468
0.215464
0.21546
0.215456
0.215453
0.215449
0.215446
0.215442
0.215439
0.215436
0.215433
0.21543
0.215427
0.215424
0.215421
0.215419
0.215417
0.215415
0.215413
0.215413
0.961327
0.890928
0.826742
0.768075
0.714322
0.664964
0.619561
0.577751
0.539246
0.503823
0.47131
0.441568
0.414483
0.389944
0.367835
0.348028
0.330384
0.314751
0.300969
0.288875
0.278308
0.269111
0.261136
0.254244
0.248308
0.243212
0.23885
0.235128
0.231962
0.229278
0.227008
0.225096
0.223488
0.222142
0.221017
0.22008
0.219302
0.218656
0.218123
0.217683
0.21732
0.217021
0.216776
0.216574
0.216408
0.216272
0.216159
0.216066
0.215989
0.215924
0.215871
0.215825
0.215786
0.215753
0.215725
0.2157
0.215678
0.215658
0.215641
0.215626
0.215612
0.215599
0.215587
0.215576
0.215566
0.215556
0.215548
0.21554
0.215532
0.215525
0.215518
0.215511
0.215505
0.2155
0.215494
0.215489
0.215484
0.21548
0.215475
0.215471
0.215467
0.215463
0.215459
0.215456
0.215452
0.215448
0.215445
0.215442
0.215438
0.215435
0.215432
0.215429
0.215426
0.215424
0.215421
0.215419
0.215416
0.215415
0.215413
0.215412
0.961327
0.890929
0.826744
0.768081
0.714335
0.664986
0.619593
0.577796
0.539307
0.5039
0.471402
0.441676
0.414605
0.390077
0.367977
0.348176
0.330535
0.314902
0.301117
0.289019
0.278445
0.26924
0.261256
0.254355
0.24841
0.243304
0.238932
0.235202
0.232027
0.229335
0.227058
0.225138
0.223524
0.222172
0.221042
0.220101
0.219319
0.21867
0.218134
0.217691
0.217326
0.217026
0.216779
0.216576
0.216409
0.216272
0.216159
0.216065
0.215988
0.215923
0.215869
0.215823
0.215785
0.215751
0.215723
0.215698
0.215676
0.215657
0.21564
0.215624
0.21561
0.215597
0.215585
0.215575
0.215565
0.215555
0.215547
0.215538
0.215531
0.215524
0.215517
0.21551
0.215504
0.215499
0.215493
0.215488
0.215483
0.215479
0.215474
0.21547
0.215466
0.215462
0.215458
0.215455
0.215451
0.215448
0.215444
0.215441
0.215438
0.215435
0.215432
0.215429
0.215426
0.215423
0.215421
0.215418
0.215416
0.215414
0.215413
0.215412
0.961327
0.89093
0.826747
0.768088
0.714348
0.665006
0.619624
0.577839
0.539363
0.503971
0.471489
0.441777
0.414719
0.390203
0.368111
0.348316
0.330677
0.315045
0.301258
0.289155
0.278575
0.269363
0.261371
0.254461
0.248507
0.243392
0.239012
0.235272
0.23209
0.229389
0.227105
0.225179
0.223559
0.222202
0.221067
0.220121
0.219335
0.218683
0.218144
0.217699
0.217332
0.21703
0.216782
0.216578
0.21641
0.216272
0.216158
0.216064
0.215986
0.215922
0.215867
0.215822
0.215783
0.21575
0.215721
0.215696
0.215674
0.215655
0.215638
0.215622
0.215608
0.215596
0.215584
0.215573
0.215563
0.215554
0.215545
0.215537
0.21553
0.215522
0.215516
0.215509
0.215503
0.215498
0.215492
0.215487
0.215482
0.215478
0.215473
0.215469
0.215465
0.215461
0.215458
0.215454
0.21545
0.215447
0.215444
0.21544
0.215437
0.215434
0.215431
0.215428
0.215425
0.215423
0.21542
0.215418
0.215416
0.215414
0.215413
0.215412
0.961327
0.89093
0.82675
0.768094
0.714359
0.665025
0.619652
0.577879
0.539416
0.504038
0.47157
0.441872
0.414827
0.390321
0.368237
0.348447
0.330812
0.31518
0.301391
0.289284
0.278699
0.26948
0.261481
0.254563
0.2486
0.243476
0.239088
0.23534
0.23215
0.229442
0.227151
0.225218
0.223592
0.22223
0.22109
0.22014
0.21935
0.218695
0.218154
0.217706
0.217337
0.217034
0.216784
0.216579
0.21641
0.216272
0.216157
0.216063
0.215985
0.21592
0.215865
0.215819
0.215781
0.215747
0.215719
0.215694
0.215672
0.215653
0.215636
0.215621
0.215607
0.215594
0.215582
0.215572
0.215562
0.215552
0.215544
0.215536
0.215528
0.215521
0.215514
0.215508
0.215502
0.215496
0.215491
0.215486
0.215481
0.215477
0.215472
0.215468
0.215464
0.21546
0.215457
0.215453
0.21545
0.215446
0.215443
0.21544
0.215437
0.215434
0.215431
0.215428
0.215425
0.215422
0.21542
0.215417
0.215415
0.215414
0.215412
0.215412
0.961327
0.890931
0.826752
0.7681
0.71437
0.665043
0.619679
0.577916
0.539466
0.504101
0.471646
0.441961
0.414928
0.390431
0.368355
0.348571
0.330939
0.315307
0.301517
0.289406
0.278816
0.269591
0.261585
0.254659
0.248688
0.243557
0.23916
0.235405
0.232207
0.229492
0.227194
0.225255
0.223624
0.222256
0.221112
0.220158
0.219365
0.218707
0.218163
0.217713
0.217342
0.217037
0.216786
0.21658
0.216411
0.216271
0.216156
0.216062
0.215983
0.215918
0.215863
0.215817
0.215778
0.215745
0.215717
0.215692
0.21567
0.215651
0.215634
0.215619
0.215605
0.215592
0.215581
0.21557
0.21556
0.215551
0.215542
0.215534
0.215527
0.21552
0.215513
0.215507
0.215501
0.215495
0.21549
0.215485
0.21548
0.215476
0.215471
0.215467
0.215463
0.215459
0.215456
0.215452
0.215449
0.215445
0.215442
0.215439
0.215436
0.215433
0.21543
0.215427
0.215424
0.215422
0.215419
0.215417
0.215415
0.215413
0.215412
0.215411
0.961327
0.890932
0.826754
0.768105
0.71438
0.665059
0.619704
0.577951
0.539512
0.504159
0.471717
0.442045
0.415022
0.390535
0.368467
0.348688
0.331058
0.315427
0.301635
0.289522
0.278927
0.269697
0.261683
0.254751
0.248772
0.243633
0.239229
0.235466
0.232261
0.229539
0.227235
0.225291
0.223654
0.222282
0.221133
0.220176
0.219379
0.218718
0.218171
0.217719
0.217347
0.21704
0.216788
0.216581
0.216411
0.21627
0.216155
0.21606
0.215981
0.215916
0.215861
0.215815
0.215776
0.215743
0.215714
0.21569
0.215668
0.215649
0.215632
0.215617
0.215603
0.21559
0.215579
0.215568
0.215558
0.215549
0.215541
0.215533
0.215525
0.215518
0.215511
0.215505
0.215499
0.215494
0.215489
0.215484
0.215479
0.215474
0.21547
0.215466
0.215462
0.215458
0.215455
0.215451
0.215448
0.215444
0.215441
0.215438
0.215435
0.215432
0.215429
0.215426
0.215424
0.215421
0.215419
0.215416
0.215415
0.215413
0.215412
0.215411
0.961327
0.890932
0.826757
0.76811
0.714389
0.665075
0.619727
0.577983
0.539555
0.504214
0.471783
0.442122
0.41511
0.390632
0.368571
0.348797
0.331171
0.31554
0.301747
0.289631
0.279032
0.269796
0.261777
0.254837
0.248852
0.243706
0.239294
0.235524
0.232313
0.229585
0.227275
0.225325
0.223683
0.222306
0.221154
0.220192
0.219392
0.218729
0.218179
0.217725
0.217351
0.217043
0.21679
0.216581
0.21641
0.21627
0.216154
0.216058
0.215979
0.215913
0.215859
0.215812
0.215774
0.21574
0.215712
0.215687
0.215666
0.215647
0.21563
0.215614
0.215601
0.215588
0.215577
0.215566
0.215556
0.215547
0.215539
0.215531
0.215523
0.215517
0.21551
0.215504
0.215498
0.215492
0.215487
0.215482
0.215477
0.215473
0.215469
0.215465
0.215461
0.215457
0.215453
0.21545
0.215447
0.215443
0.21544
0.215437
0.215434
0.215431
0.215428
0.215426
0.215423
0.21542
0.215418
0.215416
0.215414
0.215412
0.215411
0.21541
0.961327
0.890933
0.826759
0.768115
0.714398
0.665089
0.619748
0.578014
0.539595
0.504265
0.471845
0.442195
0.415192
0.390723
0.368668
0.348899
0.331276
0.315646
0.301852
0.289733
0.27913
0.26989
0.261865
0.254919
0.248927
0.243774
0.239356
0.23558
0.232362
0.229628
0.227312
0.225357
0.223711
0.222329
0.221173
0.220208
0.219405
0.218738
0.218187
0.217731
0.217355
0.217045
0.216791
0.216582
0.21641
0.216269
0.216152
0.216056
0.215977
0.215911
0.215856
0.21581
0.215771
0.215738
0.215709
0.215685
0.215663
0.215644
0.215627
0.215612
0.215599
0.215586
0.215575
0.215564
0.215554
0.215545
0.215537
0.215529
0.215522
0.215515
0.215508
0.215502
0.215496
0.215491
0.215486
0.215481
0.215476
0.215472
0.215467
0.215463
0.215459
0.215456
0.215452
0.215449
0.215446
0.215442
0.215439
0.215436
0.215433
0.21543
0.215428
0.215425
0.215422
0.21542
0.215417
0.215415
0.215413
0.215412
0.215411
0.21541
0.961327
0.890933
0.82676
0.768119
0.714406
0.665102
0.619768
0.578042
0.539632
0.504312
0.471902
0.442262
0.415269
0.390808
0.368759
0.348995
0.331374
0.315745
0.30195
0.289829
0.279223
0.269978
0.261947
0.254996
0.248998
0.243839
0.239414
0.235632
0.232408
0.229668
0.227347
0.225387
0.223736
0.222351
0.221191
0.220222
0.219417
0.218748
0.218194
0.217736
0.217358
0.217048
0.216792
0.216582
0.216409
0.216267
0.216151
0.216054
0.215975
0.215909
0.215854
0.215807
0.215768
0.215735
0.215707
0.215682
0.215661
0.215642
0.215625
0.21561
0.215596
0.215584
0.215573
0.215562
0.215553
0.215544
0.215535
0.215527
0.21552
0.215513
0.215507
0.215501
0.215495
0.215489
0.215484
0.215479
0.215475
0.21547
0.215466
0.215462
0.215458
0.215455
0.215451
0.215448
0.215444
0.215441
0.215438
0.215435
0.215432
0.215429
0.215427
0.215424
0.215422
0.215419
0.215417
0.215415
0.215413
0.215411
0.21541
0.215409
0.961327
0.890934
0.826762
0.768123
0.714414
0.665115
0.619787
0.578068
0.539667
0.504355
0.471956
0.442325
0.41534
0.390886
0.368844
0.349084
0.331466
0.315837
0.302042
0.289919
0.27931
0.27006
0.262025
0.255068
0.249065
0.2439
0.239469
0.235681
0.232452
0.229707
0.227381
0.225416
0.223761
0.222371
0.221208
0.220236
0.219428
0.218756
0.2182
0.217741
0.217362
0.21705
0.216793
0.216582
0.216409
0.216266
0.216149
0.216052
0.215973
0.215906
0.215851
0.215805
0.215766
0.215733
0.215704
0.21568
0.215658
0.215639
0.215623
0.215608
0.215594
0.215582
0.215571
0.21556
0.215551
0.215542
0.215533
0.215526
0.215518
0.215511
0.215505
0.215499
0.215493
0.215488
0.215483
0.215478
0.215473
0.215469
0.215465
0.215461
0.215457
0.215453
0.21545
0.215446
0.215443
0.21544
0.215437
0.215434
0.215431
0.215429
0.215426
0.215423
0.215421
0.215418
0.215416
0.215414
0.215412
0.215411
0.21541
0.215409
0.961327
0.890934
0.826764
0.768127
0.714421
0.665126
0.619804
0.578092
0.539699
0.504396
0.472005
0.442383
0.415406
0.39096
0.368923
0.349167
0.331551
0.315924
0.302128
0.290003
0.279391
0.270137
0.262098
0.255136
0.249127
0.243957
0.239521
0.235727
0.232493
0.229743
0.227412
0.225443
0.223784
0.22239
0.221223
0.220249
0.219438
0.218764
0.218206
0.217745
0.217365
0.217051
0.216794
0.216582
0.216408
0.216265
0.216147
0.216051
0.21597
0.215904
0.215849
0.215802
0.215763
0.21573
0.215702
0.215677
0.215656
0.215637
0.21562
0.215605
0.215592
0.21558
0.215568
0.215558
0.215549
0.21554
0.215532
0.215524
0.215517
0.21551
0.215503
0.215497
0.215492
0.215486
0.215481
0.215476
0.215472
0.215467
0.215463
0.215459
0.215456
0.215452
0.215449
0.215445
0.215442
0.215439
0.215436
0.215433
0.21543
0.215428
0.215425
0.215422
0.21542
0.215418
0.215416
0.215414
0.215412
0.21541
0.215409
0.215408
0.961327
0.890935
0.826766
0.76813
0.714427
0.665137
0.61982
0.578114
0.539728
0.504434
0.472051
0.442437
0.415468
0.391027
0.368996
0.349244
0.33163
0.316004
0.302208
0.290081
0.279466
0.27021
0.262166
0.2552
0.249186
0.24401
0.239569
0.235771
0.232531
0.229776
0.227441
0.225468
0.223805
0.222408
0.221238
0.220261
0.219448
0.218772
0.218212
0.217749
0.217367
0.217053
0.216794
0.216582
0.216407
0.216264
0.216146
0.216049
0.215968
0.215902
0.215846
0.2158
0.215761
0.215728
0.215699
0.215675
0.215653
0.215635
0.215618
0.215603
0.21559
0.215578
0.215566
0.215556
0.215547
0.215538
0.21553
0.215522
0.215515
0.215508
0.215502
0.215496
0.21549
0.215485
0.21548
0.215475
0.21547
0.215466
0.215462
0.215458
0.215454
0.215451
0.215447
0.215444
0.215441
0.215438
0.215435
0.215432
0.215429
0.215427
0.215424
0.215422
0.215419
0.215417
0.215415
0.215413
0.215411
0.21541
0.215408
0.215408
0.961327
0.890935
0.826767
0.768134
0.714433
0.665147
0.619834
0.578135
0.539756
0.504468
0.472093
0.442486
0.415524
0.39109
0.369064
0.349315
0.331704
0.316079
0.302282
0.290154
0.279537
0.270277
0.262229
0.255259
0.24924
0.24406
0.239615
0.235811
0.232567
0.229808
0.227469
0.225492
0.223825
0.222425
0.221252
0.220273
0.219457
0.218779
0.218217
0.217753
0.21737
0.217054
0.216795
0.216582
0.216406
0.216262
0.216144
0.216047
0.215966
0.215899
0.215844
0.215797
0.215758
0.215725
0.215697
0.215672
0.215651
0.215632
0.215616
0.215601
0.215588
0.215576
0.215564
0.215554
0.215545
0.215536
0.215528
0.21552
0.215513
0.215506
0.2155
0.215494
0.215488
0.215483
0.215478
0.215473
0.215469
0.215465
0.215461
0.215457
0.215453
0.21545
0.215446
0.215443
0.21544
0.215437
0.215434
0.215431
0.215429
0.215426
0.215423
0.215421
0.215419
0.215416
0.215414
0.215412
0.215411
0.215409
0.215408
0.215407
0.961327
0.890936
0.826768
0.768137
0.714439
0.665156
0.619848
0.578154
0.539781
0.5045
0.472132
0.442532
0.415577
0.391148
0.369126
0.349381
0.331772
0.316148
0.302351
0.290222
0.279602
0.270339
0.262288
0.255314
0.249291
0.244107
0.239657
0.235849
0.232601
0.229838
0.227495
0.225514
0.223844
0.222441
0.221265
0.220283
0.219465
0.218786
0.218222
0.217756
0.217372
0.217056
0.216795
0.216581
0.216405
0.216261
0.216142
0.216045
0.215964
0.215897
0.215842
0.215795
0.215756
0.215723
0.215694
0.21567
0.215649
0.21563
0.215614
0.215599
0.215586
0.215573
0.215562
0.215552
0.215543
0.215534
0.215526
0.215519
0.215511
0.215505
0.215498
0.215493
0.215487
0.215482
0.215477
0.215472
0.215467
0.215463
0.215459
0.215455
0.215452
0.215448
0.215445
0.215442
0.215439
0.215436
0.215433
0.21543
0.215428
0.215425
0.215423
0.21542
0.215418
0.215416
0.215414
0.215412
0.21541
0.215408
0.215407
0.215407
0.961327
0.890936
0.82677
0.76814
0.714444
0.665164
0.61986
0.578171
0.539804
0.504529
0.472168
0.442574
0.415625
0.391201
0.369184
0.349442
0.331835
0.316211
0.302414
0.290284
0.279662
0.270397
0.262343
0.255365
0.249338
0.24415
0.239696
0.235884
0.232632
0.229865
0.227518
0.225534
0.223862
0.222456
0.221278
0.220293
0.219473
0.218792
0.218227
0.21776
0.217374
0.217057
0.216795
0.216581
0.216405
0.21626
0.216141
0.216043
0.215962
0.215895
0.215839
0.215793
0.215754
0.21572
0.215692
0.215668
0.215647
0.215628
0.215611
0.215597
0.215584
0.215572
0.215561
0.21555
0.215541
0.215532
0.215524
0.215517
0.21551
0.215503
0.215497
0.215491
0.215485
0.21548
0.215475
0.215471
0.215466
0.215462
0.215458
0.215454
0.215451
0.215447
0.215444
0.215441
0.215438
0.215435
0.215432
0.215429
0.215427
0.215424
0.215422
0.215419
0.215417
0.215415
0.215413
0.215411
0.215409
0.215408
0.215407
0.215406
0.961327
0.890936
0.826771
0.768142
0.714449
0.665172
0.619872
0.578187
0.539825
0.504556
0.472201
0.442613
0.415669
0.39125
0.369237
0.349498
0.331893
0.31627
0.302473
0.290341
0.279718
0.27045
0.262393
0.255412
0.249382
0.24419
0.239732
0.235917
0.232661
0.22989
0.227541
0.225553
0.223878
0.222469
0.221289
0.220302
0.21948
0.218797
0.218231
0.217763
0.217376
0.217058
0.216796
0.216581
0.216404
0.216259
0.216139
0.216041
0.21596
0.215893
0.215837
0.215791
0.215751
0.215718
0.21569
0.215666
0.215644
0.215626
0.215609
0.215595
0.215582
0.21557
0.215559
0.215549
0.215539
0.215531
0.215523
0.215515
0.215508
0.215502
0.215495
0.21549
0.215484
0.215479
0.215474
0.215469
0.215465
0.215461
0.215457
0.215453
0.215449
0.215446
0.215443
0.21544
0.215437
0.215434
0.215431
0.215428
0.215426
0.215423
0.215421
0.215419
0.215416
0.215414
0.215412
0.21541
0.215409
0.215407
0.215406
0.215406
0.961327
0.890937
0.826772
0.768145
0.714453
0.665179
0.619882
0.578201
0.539844
0.504581
0.472231
0.442648
0.415709
0.391295
0.369285
0.349549
0.331946
0.316324
0.302526
0.290394
0.279769
0.270499
0.262439
0.255455
0.249422
0.244226
0.239765
0.235947
0.232687
0.229914
0.227561
0.225571
0.223893
0.222482
0.221299
0.220311
0.219487
0.218802
0.218235
0.217765
0.217378
0.217059
0.216796
0.21658
0.216403
0.216257
0.216138
0.216039
0.215958
0.215891
0.215835
0.215788
0.215749
0.215716
0.215688
0.215663
0.215642
0.215624
0.215607
0.215593
0.21558
0.215568
0.215557
0.215547
0.215538
0.215529
0.215521
0.215514
0.215507
0.2155
0.215494
0.215488
0.215483
0.215477
0.215473
0.215468
0.215464
0.215459
0.215456
0.215452
0.215448
0.215445
0.215442
0.215439
0.215436
0.215433
0.21543
0.215427
0.215425
0.215423
0.21542
0.215418
0.215416
0.215414
0.215412
0.21541
0.215408
0.215407
0.215406
0.215405
0.961327
0.890937
0.826773
0.768147
0.714457
0.665185
0.619892
0.578215
0.539862
0.504603
0.472258
0.442681
0.415746
0.391336
0.369329
0.349596
0.331994
0.316373
0.302575
0.290442
0.279816
0.270544
0.262482
0.255495
0.249459
0.24426
0.239796
0.235974
0.232712
0.229935
0.22758
0.225587
0.223907
0.222494
0.221309
0.220319
0.219493
0.218807
0.218238
0.217768
0.217379
0.217059
0.216796
0.21658
0.216402
0.216256
0.216136
0.216038
0.215956
0.215889
0.215833
0.215786
0.215747
0.215714
0.215686
0.215662
0.21564
0.215622
0.215606
0.215591
0.215578
0.215566
0.215555
0.215545
0.215536
0.215528
0.21552
0.215512
0.215505
0.215499
0.215493
0.215487
0.215481
0.215476
0.215471
0.215467
0.215462
0.215458
0.215454
0.215451
0.215447
0.215444
0.215441
0.215438
0.215435
0.215432
0.215429
0.215427
0.215424
0.215422
0.215419
0.215417
0.215415
0.215413
0.215411
0.215409
0.215408
0.215406
0.215405
0.215405
0.961327
0.890937
0.826774
0.768149
0.714461
0.665191
0.6199
0.578227
0.539878
0.504624
0.472283
0.44271
0.415779
0.391373
0.369369
0.349638
0.332038
0.316417
0.30262
0.290486
0.279858
0.270585
0.26252
0.255531
0.249492
0.244291
0.239824
0.235999
0.232734
0.229955
0.227597
0.225602
0.223919
0.222504
0.221318
0.220326
0.219499
0.218811
0.218241
0.21777
0.217381
0.21706
0.216796
0.216579
0.216401
0.216255
0.216135
0.216036
0.215955
0.215887
0.215831
0.215785
0.215745
0.215712
0.215684
0.21566
0.215639
0.21562
0.215604
0.215589
0.215576
0.215565
0.215554
0.215544
0.215535
0.215526
0.215518
0.215511
0.215504
0.215497
0.215491
0.215486
0.21548
0.215475
0.21547
0.215466
0.215461
0.215457
0.215453
0.21545
0.215446
0.215443
0.21544
0.215437
0.215434
0.215431
0.215428
0.215426
0.215423
0.215421
0.215419
0.215417
0.215414
0.215412
0.21541
0.215409
0.215407
0.215406
0.215405
0.215404
0.961327
0.890938
0.826775
0.76815
0.714464
0.665196
0.619908
0.578238
0.539892
0.504642
0.472305
0.442736
0.415809
0.391406
0.369405
0.349676
0.332077
0.316458
0.30266
0.290526
0.279897
0.270621
0.262555
0.255564
0.249523
0.244319
0.239849
0.236022
0.232754
0.229973
0.227613
0.225615
0.223931
0.222514
0.221326
0.220332
0.219504
0.218815
0.218244
0.217772
0.217382
0.217061
0.216796
0.216579
0.216401
0.216254
0.216134
0.216035
0.215953
0.215886
0.21583
0.215783
0.215744
0.21571
0.215682
0.215658
0.215637
0.215619
0.215602
0.215588
0.215575
0.215563
0.215552
0.215542
0.215533
0.215525
0.215517
0.21551
0.215503
0.215496
0.21549
0.215484
0.215479
0.215474
0.215469
0.215465
0.21546
0.215456
0.215452
0.215449
0.215445
0.215442
0.215439
0.215436
0.215433
0.21543
0.215428
0.215425
0.215423
0.21542
0.215418
0.215416
0.215414
0.215412
0.21541
0.215408
0.215407
0.215405
0.215404
0.215404
0.961327
0.890938
0.826775
0.768152
0.714467
0.665201
0.619915
0.578247
0.539905
0.504658
0.472325
0.442759
0.415836
0.391436
0.369438
0.34971
0.332113
0.316494
0.302696
0.290561
0.279931
0.270654
0.262587
0.255593
0.24955
0.244344
0.239872
0.236042
0.232773
0.229989
0.227627
0.225627
0.223941
0.222522
0.221333
0.220338
0.219509
0.218819
0.218247
0.217774
0.217383
0.217061
0.216796
0.216579
0.2164
0.216253
0.216133
0.216033
0.215952
0.215884
0.215828
0.215781
0.215742
0.215709
0.215681
0.215656
0.215635
0.215617
0.215601
0.215586
0.215573
0.215562
0.215551
0.215541
0.215532
0.215524
0.215516
0.215508
0.215502
0.215495
0.215489
0.215483
0.215478
0.215473
0.215468
0.215464
0.215459
0.215455
0.215451
0.215448
0.215444
0.215441
0.215438
0.215435
0.215432
0.21543
0.215427
0.215424
0.215422
0.21542
0.215417
0.215415
0.215413
0.215411
0.215409
0.215408
0.215406
0.215405
0.215404
0.215403
0.961327
0.890938
0.826776
0.768153
0.714469
0.665205
0.619921
0.578256
0.539917
0.504672
0.472342
0.44278
0.41586
0.391463
0.369466
0.349741
0.332144
0.316526
0.302728
0.290593
0.279962
0.270684
0.262615
0.255619
0.249574
0.244366
0.239892
0.236061
0.232789
0.230003
0.227639
0.225638
0.22395
0.22253
0.221339
0.220343
0.219513
0.218822
0.218249
0.217775
0.217384
0.217062
0.216796
0.216578
0.216399
0.216252
0.216132
0.216032
0.21595
0.215883
0.215827
0.21578
0.215741
0.215707
0.215679
0.215655
0.215634
0.215616
0.215599
0.215585
0.215572
0.21556
0.21555
0.21554
0.215531
0.215522
0.215515
0.215507
0.2155
0.215494
0.215488
0.215482
0.215477
0.215472
0.215467
0.215463
0.215458
0.215454
0.215451
0.215447
0.215444
0.21544
0.215437
0.215434
0.215432
0.215429
0.215426
0.215424
0.215421
0.215419
0.215417
0.215415
0.215413
0.215411
0.215409
0.215407
0.215406
0.215405
0.215404
0.215403
0.961327
0.890938
0.826776
0.768155
0.714471
0.665208
0.619927
0.578263
0.539927
0.504685
0.472358
0.442798
0.415881
0.391486
0.369492
0.349767
0.332172
0.316554
0.302756
0.290621
0.279989
0.27071
0.262639
0.255642
0.249596
0.244386
0.23991
0.236077
0.232803
0.230016
0.22765
0.225648
0.223958
0.222537
0.221345
0.220348
0.219516
0.218825
0.218251
0.217777
0.217385
0.217062
0.216796
0.216578
0.216399
0.216251
0.216131
0.216031
0.215949
0.215882
0.215825
0.215779
0.215739
0.215706
0.215678
0.215654
0.215633
0.215614
0.215598
0.215584
0.215571
0.215559
0.215549
0.215539
0.21553
0.215521
0.215514
0.215506
0.2155
0.215493
0.215487
0.215481
0.215476
0.215471
0.215466
0.215462
0.215458
0.215454
0.21545
0.215446
0.215443
0.21544
0.215437
0.215434
0.215431
0.215428
0.215426
0.215423
0.215421
0.215419
0.215416
0.215414
0.215412
0.21541
0.215409
0.215407
0.215406
0.215404
0.215403
0.215403
0.961327
0.890938
0.826777
0.768156
0.714473
0.665211
0.619931
0.57827
0.539935
0.504696
0.472371
0.442814
0.415899
0.391506
0.369513
0.349791
0.332196
0.316578
0.302781
0.290645
0.280012
0.270732
0.26266
0.255662
0.249614
0.244403
0.239926
0.236091
0.232816
0.230027
0.22766
0.225656
0.223965
0.222543
0.22135
0.220352
0.219519
0.218827
0.218253
0.217778
0.217385
0.217062
0.216796
0.216578
0.216398
0.216251
0.21613
0.21603
0.215948
0.21588
0.215824
0.215777
0.215738
0.215705
0.215677
0.215653
0.215632
0.215613
0.215597
0.215583
0.21557
0.215558
0.215548
0.215538
0.215529
0.215521
0.215513
0.215505
0.215499
0.215492
0.215486
0.215481
0.215475
0.21547
0.215466
0.215461
0.215457
0.215453
0.215449
0.215446
0.215442
0.215439
0.215436
0.215433
0.21543
0.215428
0.215425
0.215423
0.21542
0.215418
0.215416
0.215414
0.215412
0.21541
0.215408
0.215407
0.215405
0.215404
0.215403
0.215402
0.961327
0.890938
0.826777
0.768157
0.714475
0.665214
0.619935
0.578275
0.539942
0.504705
0.472383
0.442828
0.415914
0.391523
0.369532
0.34981
0.332216
0.316599
0.302802
0.290665
0.280032
0.270751
0.262679
0.255679
0.24963
0.244417
0.239939
0.236103
0.232826
0.230036
0.227668
0.225663
0.223971
0.222548
0.221354
0.220355
0.219522
0.218829
0.218254
0.217779
0.217386
0.217062
0.216796
0.216577
0.216398
0.21625
0.216129
0.216029
0.215947
0.215879
0.215823
0.215776
0.215737
0.215704
0.215676
0.215652
0.215631
0.215612
0.215596
0.215582
0.215569
0.215557
0.215547
0.215537
0.215528
0.21552
0.215512
0.215505
0.215498
0.215492
0.215486
0.21548
0.215475
0.21547
0.215465
0.21546
0.215456
0.215452
0.215449
0.215445
0.215442
0.215438
0.215435
0.215433
0.21543
0.215427
0.215425
0.215422
0.21542
0.215418
0.215416
0.215414
0.215412
0.21541
0.215408
0.215406
0.215405
0.215404
0.215403
0.215402
0.961327
0.890939
0.826778
0.768157
0.714476
0.665216
0.619938
0.57828
0.539948
0.504713
0.472392
0.442839
0.415927
0.391537
0.369547
0.349826
0.332233
0.316616
0.302819
0.290682
0.280049
0.270767
0.262694
0.255693
0.249643
0.244429
0.23995
0.236112
0.232835
0.230044
0.227675
0.225669
0.223976
0.222552
0.221357
0.220358
0.219524
0.218831
0.218256
0.21778
0.217387
0.217063
0.216796
0.216577
0.216397
0.21625
0.216128
0.216029
0.215946
0.215879
0.215822
0.215775
0.215736
0.215703
0.215675
0.215651
0.21563
0.215612
0.215595
0.215581
0.215568
0.215557
0.215546
0.215536
0.215527
0.215519
0.215511
0.215504
0.215497
0.215491
0.215485
0.215479
0.215474
0.215469
0.215464
0.21546
0.215456
0.215452
0.215448
0.215444
0.215441
0.215438
0.215435
0.215432
0.215429
0.215427
0.215424
0.215422
0.21542
0.215417
0.215415
0.215413
0.215411
0.215409
0.215408
0.215406
0.215405
0.215404
0.215403
0.215402
0.961327
0.890939
0.826778
0.768158
0.714478
0.665218
0.619941
0.578284
0.539953
0.504719
0.472399
0.442847
0.415937
0.391548
0.369559
0.349839
0.332246
0.31663
0.302832
0.290695
0.280062
0.27078
0.262705
0.255705
0.249653
0.244439
0.239958
0.23612
0.232842
0.23005
0.22768
0.225674
0.22398
0.222555
0.22136
0.22036
0.219526
0.218832
0.218257
0.21778
0.217387
0.217063
0.216796
0.216577
0.216397
0.216249
0.216128
0.216028
0.215946
0.215878
0.215822
0.215775
0.215735
0.215702
0.215674
0.21565
0.215629
0.215611
0.215595
0.21558
0.215568
0.215556
0.215545
0.215536
0.215527
0.215519
0.215511
0.215504
0.215497
0.21549
0.215484
0.215479
0.215474
0.215469
0.215464
0.215459
0.215455
0.215451
0.215448
0.215444
0.215441
0.215438
0.215435
0.215432
0.215429
0.215426
0.215424
0.215422
0.215419
0.215417
0.215415
0.215413
0.215411
0.215409
0.215408
0.215406
0.215405
0.215403
0.215402
0.215402
0.961327
0.890939
0.826778
0.768158
0.714478
0.665219
0.619943
0.578286
0.539957
0.504724
0.472405
0.442854
0.415944
0.391556
0.369568
0.349849
0.332256
0.31664
0.302842
0.290705
0.280072
0.270789
0.262714
0.255713
0.249661
0.244446
0.239965
0.236126
0.232847
0.230055
0.227684
0.225677
0.223983
0.222558
0.221362
0.220361
0.219527
0.218833
0.218257
0.217781
0.217387
0.217063
0.216796
0.216577
0.216397
0.216249
0.216127
0.216028
0.215945
0.215877
0.215821
0.215774
0.215735
0.215702
0.215674
0.215649
0.215629
0.21561
0.215594
0.21558
0.215567
0.215556
0.215545
0.215535
0.215526
0.215518
0.21551
0.215503
0.215496
0.21549
0.215484
0.215478
0.215473
0.215468
0.215464
0.215459
0.215455
0.215451
0.215447
0.215444
0.21544
0.215437
0.215434
0.215431
0.215429
0.215426
0.215424
0.215421
0.215419
0.215417
0.215415
0.215413
0.215411
0.215409
0.215407
0.215406
0.215404
0.215403
0.215402
0.215402
0.961327
0.890939
0.826778
0.768159
0.714479
0.66522
0.619944
0.578288
0.539959
0.504727
0.472409
0.442858
0.415949
0.391562
0.369574
0.349855
0.332263
0.316646
0.302849
0.290712
0.280078
0.270795
0.26272
0.255719
0.249666
0.244451
0.239969
0.23613
0.232851
0.230058
0.227687
0.225679
0.223985
0.222559
0.221363
0.220363
0.219528
0.218834
0.218258
0.217781
0.217387
0.217063
0.216796
0.216577
0.216396
0.216249
0.216127
0.216027
0.215945
0.215877
0.215821
0.215774
0.215735
0.215701
0.215673
0.215649
0.215628
0.21561
0.215594
0.21558
0.215567
0.215555
0.215545
0.215535
0.215526
0.215518
0.21551
0.215503
0.215496
0.21549
0.215484
0.215478
0.215473
0.215468
0.215463
0.215459
0.215455
0.215451
0.215447
0.215444
0.21544
0.215437
0.215434
0.215431
0.215429
0.215426
0.215424
0.215421
0.215419
0.215417
0.215415
0.215413
0.215411
0.215409
0.215407
0.215406
0.215404
0.215403
0.215402
0.215401
0.961327
0.890939
0.826778
0.768159
0.714479
0.665221
0.619945
0.578289
0.53996
0.504728
0.47241
0.442861
0.415952
0.391565
0.369577
0.349858
0.332266
0.31665
0.302853
0.290715
0.280081
0.270798
0.262723
0.255721
0.249669
0.244453
0.239971
0.236132
0.232852
0.230059
0.227688
0.22568
0.223986
0.22256
0.221364
0.220363
0.219528
0.218834
0.218258
0.217781
0.217387
0.217063
0.216796
0.216576
0.216396
0.216248
0.216127
0.216027
0.215945
0.215877
0.215821
0.215774
0.215734
0.215701
0.215673
0.215649
0.215628
0.21561
0.215594
0.215579
0.215567
0.215555
0.215544
0.215535
0.215526
0.215518
0.21551
0.215503
0.215496
0.21549
0.215484
0.215478
0.215473
0.215468
0.215463
0.215459
0.215455
0.215451
0.215447
0.215443
0.21544
0.215437
0.215434
0.215431
0.215428
0.215426
0.215423
0.215421
0.215419
0.215417
0.215415
0.215413
0.215411
0.215409
0.215407
0.215406
0.215404
0.215403
0.215402
0.215401
0.961327
0.890939
0.826778
0.768159
0.714479
0.665221
0.619945
0.578289
0.53996
0.504728
0.472411
0.442861
0.415952
0.391565
0.369577
0.349858
0.332266
0.31665
0.302853
0.290715
0.280081
0.270798
0.262723
0.255721
0.249669
0.244453
0.239971
0.236132
0.232852
0.230059
0.227688
0.22568
0.223986
0.22256
0.221364
0.220363
0.219528
0.218834
0.218258
0.217781
0.217387
0.217063
0.216796
0.216576
0.216396
0.216248
0.216127
0.216027
0.215945
0.215877
0.21582
0.215774
0.215734
0.215701
0.215673
0.215649
0.215628
0.21561
0.215594
0.215579
0.215567
0.215555
0.215544
0.215535
0.215526
0.215518
0.21551
0.215503
0.215496
0.21549
0.215484
0.215478
0.215473
0.215468
0.215463
0.215459
0.215455
0.215451
0.215447
0.215443
0.21544
0.215437
0.215434
0.215431
0.215428
0.215426
0.215423
0.215421
0.215419
0.215417
0.215415
0.215413
0.215411
0.215409
0.215407
0.215406
0.215404
0.215403
0.215402
0.215401
0.961327
0.890939
0.826778
0.768159
0.714479
0.66522
0.619944
0.578288
0.539959
0.504727
0.472409
0.442858
0.415949
0.391562
0.369574
0.349855
0.332263
0.316646
0.302849
0.290712
0.280078
0.270795
0.26272
0.255718
0.249666
0.24445
0.239969
0.23613
0.232851
0.230058
0.227686
0.225679
0.223985
0.222559
0.221363
0.220362
0.219528
0.218833
0.218257
0.217781
0.217387
0.217063
0.216796
0.216576
0.216396
0.216248
0.216127
0.216027
0.215945
0.215877
0.215821
0.215774
0.215734
0.215701
0.215673
0.215649
0.215628
0.21561
0.215594
0.215579
0.215567
0.215555
0.215545
0.215535
0.215526
0.215518
0.21551
0.215503
0.215496
0.21549
0.215484
0.215478
0.215473
0.215468
0.215463
0.215459
0.215455
0.215451
0.215447
0.215443
0.21544
0.215437
0.215434
0.215431
0.215429
0.215426
0.215424
0.215421
0.215419
0.215417
0.215415
0.215413
0.215411
0.215409
0.215407
0.215406
0.215404
0.215403
0.215402
0.215401
0.961327
0.890939
0.826778
0.768158
0.714478
0.665219
0.619943
0.578286
0.539957
0.504724
0.472405
0.442854
0.415944
0.391556
0.369568
0.349849
0.332256
0.31664
0.302842
0.290705
0.280071
0.270789
0.262714
0.255713
0.249661
0.244446
0.239965
0.236126
0.232847
0.230055
0.227684
0.225677
0.223983
0.222557
0.221361
0.220361
0.219527
0.218833
0.218257
0.21778
0.217387
0.217062
0.216796
0.216576
0.216396
0.216248
0.216127
0.216027
0.215945
0.215877
0.215821
0.215774
0.215735
0.215701
0.215673
0.215649
0.215628
0.21561
0.215594
0.21558
0.215567
0.215555
0.215545
0.215535
0.215526
0.215518
0.21551
0.215503
0.215496
0.21549
0.215484
0.215478
0.215473
0.215468
0.215463
0.215459
0.215455
0.215451
0.215447
0.215444
0.21544
0.215437
0.215434
0.215431
0.215429
0.215426
0.215424
0.215421
0.215419
0.215417
0.215415
0.215413
0.215411
0.215409
0.215407
0.215406
0.215404
0.215403
0.215402
0.215401
0.961327
0.890939
0.826778
0.768158
0.714478
0.665218
0.619941
0.578284
0.539953
0.504719
0.472399
0.442847
0.415937
0.391548
0.369559
0.349839
0.332246
0.316629
0.302832
0.290695
0.280062
0.27078
0.262705
0.255704
0.249653
0.244438
0.239958
0.23612
0.232842
0.23005
0.22768
0.225673
0.22398
0.222555
0.221359
0.220359
0.219525
0.218832
0.218256
0.21778
0.217386
0.217062
0.216795
0.216576
0.216396
0.216249
0.216127
0.216028
0.215945
0.215877
0.215821
0.215774
0.215735
0.215702
0.215674
0.21565
0.215629
0.21561
0.215594
0.21558
0.215567
0.215556
0.215545
0.215535
0.215526
0.215518
0.21551
0.215503
0.215496
0.21549
0.215484
0.215479
0.215473
0.215468
0.215464
0.215459
0.215455
0.215451
0.215447
0.215444
0.215441
0.215437
0.215434
0.215432
0.215429
0.215426
0.215424
0.215421
0.215419
0.215417
0.215415
0.215413
0.215411
0.215409
0.215407
0.215406
0.215404
0.215403
0.215402
0.215402
0.961327
0.890939
0.826778
0.768157
0.714476
0.665216
0.619938
0.57828
0.539949
0.504713
0.472392
0.442839
0.415927
0.391537
0.369547
0.349826
0.332233
0.316616
0.302819
0.290682
0.280048
0.270767
0.262693
0.255693
0.249643
0.244429
0.239949
0.236112
0.232835
0.230044
0.227674
0.225668
0.223976
0.222551
0.221356
0.220357
0.219523
0.21883
0.218255
0.217779
0.217386
0.217062
0.216795
0.216576
0.216397
0.216249
0.216128
0.216028
0.215946
0.215878
0.215822
0.215775
0.215736
0.215702
0.215674
0.21565
0.215629
0.215611
0.215595
0.215581
0.215568
0.215556
0.215546
0.215536
0.215527
0.215519
0.215511
0.215504
0.215497
0.215491
0.215485
0.215479
0.215474
0.215469
0.215464
0.21546
0.215455
0.215451
0.215448
0.215444
0.215441
0.215438
0.215435
0.215432
0.215429
0.215427
0.215424
0.215422
0.215419
0.215417
0.215415
0.215413
0.215411
0.215409
0.215408
0.215406
0.215405
0.215403
0.215402
0.215402
0.961327
0.890938
0.826777
0.768157
0.714475
0.665214
0.619935
0.578275
0.539943
0.504705
0.472383
0.442828
0.415914
0.391523
0.369532
0.34981
0.332216
0.316599
0.302801
0.290665
0.280032
0.270751
0.262678
0.255679
0.249629
0.244417
0.239938
0.236102
0.232826
0.230036
0.227667
0.225662
0.22397
0.222547
0.221353
0.220354
0.219521
0.218828
0.218254
0.217778
0.217385
0.217062
0.216795
0.216576
0.216397
0.216249
0.216128
0.216029
0.215946
0.215879
0.215822
0.215776
0.215736
0.215703
0.215675
0.215651
0.21563
0.215612
0.215596
0.215581
0.215568
0.215557
0.215546
0.215536
0.215528
0.215519
0.215511
0.215504
0.215497
0.215491
0.215485
0.21548
0.215474
0.215469
0.215465
0.21546
0.215456
0.215452
0.215448
0.215445
0.215441
0.215438
0.215435
0.215432
0.21543
0.215427
0.215424
0.215422
0.21542
0.215418
0.215415
0.215413
0.215411
0.21541
0.215408
0.215406
0.215405
0.215404
0.215403
0.215402
0.961327
0.890938
0.826777
0.768156
0.714473
0.665212
0.619931
0.57827
0.539935
0.504696
0.472371
0.442814
0.415899
0.391506
0.369513
0.34979
0.332196
0.316578
0.302781
0.290644
0.280012
0.270732
0.26266
0.255662
0.249614
0.244402
0.239925
0.23609
0.232815
0.230026
0.227659
0.225655
0.223964
0.222542
0.221349
0.220351
0.219518
0.218826
0.218252
0.217777
0.217384
0.217061
0.216795
0.216577
0.216397
0.21625
0.216129
0.216029
0.215947
0.215879
0.215823
0.215776
0.215737
0.215704
0.215676
0.215652
0.215631
0.215612
0.215596
0.215582
0.215569
0.215558
0.215547
0.215537
0.215528
0.21552
0.215512
0.215505
0.215498
0.215492
0.215486
0.21548
0.215475
0.21547
0.215465
0.215461
0.215456
0.215452
0.215449
0.215445
0.215442
0.215439
0.215436
0.215433
0.21543
0.215427
0.215425
0.215422
0.21542
0.215418
0.215416
0.215414
0.215412
0.21541
0.215408
0.215407
0.215405
0.215404
0.215403
0.215402
0.961327
0.890938
0.826777
0.768155
0.714471
0.665208
0.619927
0.578263
0.539927
0.504685
0.472358
0.442798
0.415881
0.391486
0.369492
0.349767
0.332172
0.316554
0.302756
0.29062
0.279989
0.270709
0.262639
0.255642
0.249595
0.244385
0.239909
0.236076
0.232802
0.230015
0.227649
0.225647
0.223957
0.222536
0.221344
0.220346
0.219515
0.218824
0.21825
0.217775
0.217384
0.217061
0.216795
0.216577
0.216397
0.21625
0.216129
0.21603
0.215948
0.21588
0.215824
0.215777
0.215738
0.215705
0.215677
0.215653
0.215632
0.215613
0.215597
0.215583
0.21557
0.215558
0.215548
0.215538
0.215529
0.215521
0.215513
0.215506
0.215499
0.215492
0.215486
0.215481
0.215476
0.21547
0.215466
0.215461
0.215457
0.215453
0.215449
0.215446
0.215442
0.215439
0.215436
0.215433
0.215431
0.215428
0.215425
0.215423
0.215421
0.215418
0.215416
0.215414
0.215412
0.21541
0.215408
0.215407
0.215405
0.215404
0.215403
0.215402
0.961327
0.890938
0.826776
0.768153
0.714469
0.665205
0.619921
0.578256
0.539917
0.504673
0.472343
0.44278
0.41586
0.391463
0.369466
0.349741
0.332144
0.316525
0.302728
0.290592
0.279962
0.270683
0.262614
0.255619
0.249573
0.244365
0.239891
0.23606
0.232788
0.230002
0.227638
0.225637
0.223949
0.222529
0.221338
0.220342
0.219511
0.218821
0.218248
0.217774
0.217383
0.21706
0.216795
0.216577
0.216398
0.216251
0.21613
0.216031
0.215949
0.215882
0.215825
0.215779
0.215739
0.215706
0.215678
0.215654
0.215633
0.215615
0.215598
0.215584
0.215571
0.215559
0.215549
0.215539
0.21553
0.215522
0.215514
0.215507
0.2155
0.215493
0.215487
0.215482
0.215476
0.215471
0.215467
0.215462
0.215458
0.215454
0.21545
0.215446
0.215443
0.21544
0.215437
0.215434
0.215431
0.215428
0.215426
0.215423
0.215421
0.215419
0.215417
0.215415
0.215413
0.215411
0.215409
0.215407
0.215406
0.215404
0.215403
0.215403
0.961327
0.890938
0.826775
0.768152
0.714467
0.665201
0.619915
0.578247
0.539905
0.504658
0.472325
0.442759
0.415836
0.391436
0.369438
0.34971
0.332113
0.316493
0.302696
0.290561
0.279931
0.270654
0.262586
0.255592
0.249549
0.244343
0.239871
0.236041
0.232772
0.229988
0.227625
0.225626
0.22394
0.222521
0.221331
0.220336
0.219507
0.218817
0.218245
0.217772
0.217381
0.21706
0.216795
0.216577
0.216398
0.216252
0.216131
0.216032
0.21595
0.215883
0.215827
0.21578
0.215741
0.215708
0.215679
0.215655
0.215634
0.215616
0.2156
0.215585
0.215572
0.215561
0.21555
0.21554
0.215531
0.215523
0.215515
0.215508
0.215501
0.215494
0.215488
0.215483
0.215477
0.215472
0.215467
0.215463
0.215459
0.215455
0.215451
0.215447
0.215444
0.215441
0.215438
0.215435
0.215432
0.215429
0.215427
0.215424
0.215422
0.215419
0.215417
0.215415
0.215413
0.215411
0.215409
0.215408
0.215406
0.215405
0.215404
0.215403
0.961327
0.890938
0.826775
0.76815
0.714464
0.665196
0.619908
0.578238
0.539892
0.504642
0.472305
0.442736
0.415809
0.391406
0.369405
0.349676
0.332077
0.316457
0.30266
0.290525
0.279896
0.270621
0.262554
0.255563
0.249522
0.244318
0.239848
0.236021
0.232753
0.229972
0.227611
0.225614
0.223929
0.222512
0.221324
0.22033
0.219502
0.218814
0.218243
0.21777
0.21738
0.217059
0.216795
0.216577
0.216399
0.216252
0.216132
0.216033
0.215952
0.215884
0.215828
0.215781
0.215742
0.215709
0.215681
0.215657
0.215636
0.215617
0.215601
0.215587
0.215574
0.215562
0.215551
0.215541
0.215532
0.215524
0.215516
0.215509
0.215502
0.215495
0.215489
0.215484
0.215478
0.215473
0.215468
0.215464
0.21546
0.215456
0.215452
0.215448
0.215445
0.215441
0.215438
0.215435
0.215433
0.21543
0.215427
0.215425
0.215422
0.21542
0.215418
0.215416
0.215414
0.215412
0.21541
0.215408
0.215406
0.215405
0.215404
0.215403
0.961327
0.890937
0.826774
0.768149
0.714461
0.665191
0.6199
0.578227
0.539878
0.504624
0.472283
0.44271
0.415779
0.391373
0.369369
0.349638
0.332037
0.316417
0.30262
0.290486
0.279858
0.270584
0.262519
0.25553
0.249491
0.24429
0.239823
0.235998
0.232733
0.229954
0.227595
0.2256
0.223918
0.222502
0.221316
0.220324
0.219497
0.21881
0.21824
0.217768
0.217379
0.217058
0.216794
0.216578
0.2164
0.216253
0.216133
0.216034
0.215953
0.215886
0.21583
0.215783
0.215744
0.215711
0.215682
0.215658
0.215637
0.215619
0.215603
0.215588
0.215575
0.215563
0.215553
0.215543
0.215534
0.215525
0.215517
0.21551
0.215503
0.215496
0.21549
0.215485
0.215479
0.215474
0.215469
0.215465
0.215461
0.215456
0.215453
0.215449
0.215446
0.215442
0.215439
0.215436
0.215433
0.215431
0.215428
0.215425
0.215423
0.215421
0.215418
0.215416
0.215414
0.215412
0.21541
0.215408
0.215407
0.215406
0.215405
0.215404
0.961327
0.890937
0.826773
0.768147
0.714457
0.665185
0.619892
0.578215
0.539862
0.504603
0.472258
0.442681
0.415746
0.391336
0.369329
0.349596
0.331994
0.316372
0.302575
0.290442
0.279815
0.270543
0.262481
0.255494
0.249458
0.244259
0.239795
0.235973
0.23271
0.229934
0.227578
0.225585
0.223905
0.222492
0.221307
0.220317
0.219491
0.218805
0.218236
0.217766
0.217377
0.217057
0.216794
0.216578
0.2164
0.216254
0.216134
0.216036
0.215954
0.215887
0.215831
0.215785
0.215746
0.215712
0.215684
0.21566
0.215639
0.21562
0.215604
0.21559
0.215577
0.215565
0.215554
0.215544
0.215535
0.215526
0.215519
0.215511
0.215504
0.215498
0.215492
0.215486
0.21548
0.215475
0.21547
0.215466
0.215462
0.215458
0.215454
0.21545
0.215447
0.215443
0.21544
0.215437
0.215434
0.215431
0.215429
0.215426
0.215424
0.215421
0.215419
0.215417
0.215415
0.215413
0.215411
0.215409
0.215407
0.215406
0.215405
0.215404
0.961327
0.890937
0.826772
0.768145
0.714453
0.665179
0.619882
0.578202
0.539845
0.504581
0.472231
0.442648
0.415709
0.391295
0.369285
0.349549
0.331945
0.316323
0.302526
0.290393
0.279768
0.270498
0.262438
0.255454
0.249421
0.244225
0.239764
0.235945
0.232686
0.229912
0.227559
0.225569
0.223891
0.22248
0.221297
0.220309
0.219485
0.2188
0.218233
0.217763
0.217376
0.217056
0.216794
0.216578
0.216401
0.216255
0.216136
0.216037
0.215956
0.215889
0.215833
0.215787
0.215747
0.215714
0.215686
0.215662
0.215641
0.215622
0.215606
0.215591
0.215578
0.215566
0.215556
0.215546
0.215536
0.215528
0.21552
0.215512
0.215506
0.215499
0.215493
0.215487
0.215482
0.215477
0.215472
0.215467
0.215463
0.215459
0.215455
0.215451
0.215448
0.215444
0.215441
0.215438
0.215435
0.215432
0.21543
0.215427
0.215424
0.215422
0.21542
0.215417
0.215415
0.215413
0.215411
0.215409
0.215408
0.215407
0.215405
0.215405
0.961327
0.890936
0.826771
0.768142
0.714449
0.665172
0.619872
0.578187
0.539825
0.504557
0.472201
0.442613
0.415669
0.39125
0.369237
0.349498
0.331892
0.31627
0.302472
0.290341
0.279717
0.270449
0.262392
0.255411
0.249381
0.244188
0.23973
0.235915
0.232659
0.229889
0.227539
0.225551
0.223876
0.222467
0.221287
0.2203
0.219478
0.218795
0.218229
0.21776
0.217374
0.217055
0.216793
0.216578
0.216401
0.216256
0.216137
0.216039
0.215958
0.215891
0.215835
0.215788
0.215749
0.215716
0.215688
0.215664
0.215643
0.215624
0.215608
0.215593
0.21558
0.215568
0.215557
0.215547
0.215538
0.215529
0.215521
0.215514
0.215507
0.2155
0.215494
0.215488
0.215483
0.215478
0.215473
0.215468
0.215464
0.21546
0.215456
0.215452
0.215449
0.215445
0.215442
0.215439
0.215436
0.215433
0.21543
0.215428
0.215425
0.215423
0.21542
0.215418
0.215416
0.215414
0.215412
0.21541
0.215408
0.215407
0.215406
0.215405
0.961327
0.890936
0.82677
0.76814
0.714444
0.665164
0.619861
0.578171
0.539804
0.50453
0.472168
0.442575
0.415625
0.391202
0.369184
0.349442
0.331835
0.316211
0.302414
0.290283
0.279661
0.270396
0.262342
0.255363
0.249337
0.244148
0.239694
0.235882
0.23263
0.229863
0.227516
0.225532
0.223859
0.222453
0.221275
0.220291
0.219471
0.218789
0.218224
0.217757
0.217372
0.217054
0.216793
0.216578
0.216402
0.216257
0.216138
0.21604
0.21596
0.215893
0.215837
0.215791
0.215751
0.215718
0.21569
0.215666
0.215645
0.215626
0.21561
0.215595
0.215582
0.21557
0.215559
0.215549
0.21554
0.215531
0.215523
0.215515
0.215508
0.215502
0.215496
0.21549
0.215484
0.215479
0.215474
0.21547
0.215465
0.215461
0.215457
0.215453
0.21545
0.215446
0.215443
0.21544
0.215437
0.215434
0.215431
0.215429
0.215426
0.215424
0.215421
0.215419
0.215417
0.215414
0.215412
0.215411
0.215409
0.215408
0.215406
0.215406
0.961327
0.890936
0.826768
0.768137
0.714439
0.665156
0.619848
0.578154
0.539781
0.5045
0.472132
0.442532
0.415577
0.391148
0.369126
0.349381
0.331772
0.316147
0.30235
0.290221
0.279601
0.270338
0.262287
0.255312
0.24929
0.244105
0.239655
0.235847
0.232599
0.229835
0.227492
0.225511
0.223842
0.222439
0.221263
0.220281
0.219463
0.218783
0.218219
0.217754
0.217369
0.217053
0.216792
0.216579
0.216403
0.216259
0.21614
0.216042
0.215961
0.215895
0.215839
0.215793
0.215754
0.215721
0.215692
0.215668
0.215647
0.215628
0.215612
0.215597
0.215584
0.215572
0.215561
0.215551
0.215541
0.215533
0.215525
0.215517
0.21551
0.215503
0.215497
0.215491
0.215486
0.21548
0.215476
0.215471
0.215466
0.215462
0.215458
0.215454
0.215451
0.215447
0.215444
0.215441
0.215438
0.215435
0.215432
0.21543
0.215427
0.215424
0.215422
0.21542
0.215417
0.215415
0.215413
0.215411
0.215409
0.215408
0.215407
0.215406
0.961327
0.890935
0.826767
0.768134
0.714433
0.665147
0.619835
0.578135
0.539756
0.504468
0.472093
0.442487
0.415524
0.39109
0.369064
0.349315
0.331704
0.316078
0.302281
0.290153
0.279536
0.270276
0.262228
0.255257
0.249239
0.244058
0.239613
0.235809
0.232565
0.229806
0.227466
0.225489
0.223823
0.222423
0.22125
0.22027
0.219454
0.218776
0.218214
0.21775
0.217367
0.217051
0.216792
0.216579
0.216404
0.21626
0.216141
0.216044
0.215963
0.215897
0.215841
0.215795
0.215756
0.215723
0.215694
0.21567
0.215649
0.21563
0.215614
0.215599
0.215586
0.215574
0.215563
0.215552
0.215543
0.215534
0.215526
0.215519
0.215512
0.215505
0.215499
0.215493
0.215487
0.215482
0.215477
0.215472
0.215468
0.215464
0.21546
0.215456
0.215452
0.215449
0.215445
0.215442
0.215439
0.215436
0.215433
0.215431
0.215428
0.215425
0.215423
0.21542
0.215418
0.215416
0.215414
0.215412
0.21541
0.215409
0.215407
0.215407
0.961327
0.890935
0.826766
0.768131
0.714427
0.665137
0.61982
0.578114
0.539729
0.504434
0.472051
0.442437
0.415468
0.391028
0.368996
0.349244
0.33163
0.316004
0.302207
0.29008
0.279465
0.270208
0.262165
0.255198
0.249184
0.244008
0.239567
0.235768
0.232529
0.229774
0.227439
0.225465
0.223802
0.222405
0.221236
0.220258
0.219445
0.218769
0.218209
0.217746
0.217364
0.21705
0.216791
0.216579
0.216404
0.216261
0.216143
0.216046
0.215965
0.215899
0.215844
0.215797
0.215758
0.215725
0.215697
0.215672
0.215651
0.215632
0.215616
0.215601
0.215588
0.215576
0.215564
0.215554
0.215545
0.215536
0.215528
0.21552
0.215513
0.215506
0.2155
0.215494
0.215489
0.215483
0.215478
0.215474
0.215469
0.215465
0.215461
0.215457
0.215453
0.21545
0.215446
0.215443
0.21544
0.215437
0.215434
0.215431
0.215429
0.215426
0.215424
0.215421
0.215419
0.215416
0.215414
0.215412
0.215411
0.215409
0.215408
0.215407
0.961327
0.890934
0.826764
0.768127
0.714421
0.665126
0.619804
0.578092
0.539699
0.504396
0.472005
0.442383
0.415406
0.39096
0.368923
0.349167
0.331551
0.315923
0.302127
0.290002
0.27939
0.270136
0.262096
0.255135
0.249125
0.243955
0.239519
0.235725
0.23249
0.22974
0.227409
0.22544
0.223781
0.222387
0.22122
0.220246
0.219435
0.218761
0.218203
0.217742
0.217361
0.217048
0.21679
0.216579
0.216405
0.216262
0.216144
0.216047
0.215967
0.215901
0.215846
0.2158
0.215761
0.215727
0.215699
0.215675
0.215653
0.215635
0.215618
0.215603
0.21559
0.215578
0.215566
0.215556
0.215547
0.215538
0.21553
0.215522
0.215515
0.215508
0.215502
0.215496
0.21549
0.215485
0.21548
0.215475
0.21547
0.215466
0.215462
0.215458
0.215455
0.215451
0.215448
0.215444
0.215441
0.215438
0.215435
0.215432
0.21543
0.215427
0.215424
0.215422
0.215419
0.215417
0.215415
0.215413
0.215411
0.21541
0.215409
0.215408
0.961327
0.890934
0.826762
0.768123
0.714414
0.665115
0.619787
0.578068
0.539667
0.504356
0.471956
0.442325
0.41534
0.390886
0.368844
0.349084
0.331465
0.315837
0.302041
0.289918
0.279308
0.270059
0.262024
0.255067
0.249063
0.243897
0.239467
0.235679
0.232449
0.229704
0.227378
0.225413
0.223758
0.222368
0.221204
0.220233
0.219424
0.218753
0.218197
0.217737
0.217358
0.217046
0.216789
0.216579
0.216405
0.216263
0.216146
0.216049
0.21597
0.215903
0.215848
0.215802
0.215763
0.21573
0.215702
0.215677
0.215656
0.215637
0.21562
0.215605
0.215592
0.21558
0.215568
0.215558
0.215549
0.21554
0.215531
0.215524
0.215516
0.21551
0.215503
0.215497
0.215492
0.215486
0.215481
0.215476
0.215472
0.215468
0.215463
0.215459
0.215456
0.215452
0.215449
0.215445
0.215442
0.215439
0.215436
0.215433
0.215431
0.215428
0.215425
0.215423
0.21542
0.215418
0.215416
0.215414
0.215412
0.21541
0.215409
0.215408
0.961327
0.890933
0.826761
0.768119
0.714406
0.665103
0.619768
0.578042
0.539633
0.504312
0.471903
0.442262
0.415269
0.390808
0.368759
0.348995
0.331373
0.315744
0.301949
0.289828
0.279222
0.269976
0.261946
0.254994
0.248996
0.243836
0.239412
0.235629
0.232405
0.229665
0.227344
0.225384
0.223733
0.222347
0.221187
0.220219
0.219413
0.218744
0.21819
0.217732
0.217355
0.217044
0.216788
0.216578
0.216406
0.216264
0.216147
0.216051
0.215972
0.215906
0.21585
0.215804
0.215765
0.215732
0.215704
0.215679
0.215658
0.215639
0.215622
0.215607
0.215594
0.215582
0.21557
0.21556
0.21555
0.215541
0.215533
0.215525
0.215518
0.215511
0.215505
0.215499
0.215493
0.215488
0.215483
0.215478
0.215473
0.215469
0.215465
0.215461
0.215457
0.215453
0.21545
0.215447
0.215443
0.21544
0.215437
0.215434
0.215431
0.215429
0.215426
0.215423
0.215421
0.215418
0.215416
0.215414
0.215412
0.215411
0.215409
0.215409
0.961327
0.890933
0.826759
0.768115
0.714398
0.665089
0.619748
0.578014
0.539595
0.504265
0.471845
0.442195
0.415192
0.390723
0.368668
0.348899
0.331275
0.315645
0.301851
0.289732
0.279129
0.269888
0.261863
0.254917
0.248925
0.243772
0.239353
0.235577
0.232359
0.229625
0.227309
0.225353
0.223707
0.222325
0.221169
0.220204
0.219401
0.218735
0.218183
0.217727
0.217351
0.217042
0.216787
0.216578
0.216406
0.216265
0.216149
0.216053
0.215974
0.215908
0.215853
0.215807
0.215768
0.215735
0.215706
0.215682
0.21566
0.215641
0.215625
0.215609
0.215596
0.215584
0.215572
0.215562
0.215552
0.215543
0.215535
0.215527
0.21552
0.215513
0.215506
0.2155
0.215495
0.215489
0.215484
0.215479
0.215475
0.21547
0.215466
0.215462
0.215458
0.215455
0.215451
0.215448
0.215444
0.215441
0.215438
0.215435
0.215432
0.215429
0.215427
0.215424
0.215421
0.215419
0.215417
0.215415
0.215413
0.215411
0.21541
0.215409
0.961327
0.890932
0.826757
0.76811
0.71439
0.665075
0.619727
0.577984
0.539555
0.504214
0.471784
0.442122
0.41511
0.390632
0.368571
0.348797
0.33117
0.315539
0.301746
0.289629
0.27903
0.269794
0.261775
0.254835
0.24885
0.243703
0.239291
0.235521
0.232309
0.229581
0.227271
0.225321
0.22368
0.222302
0.22115
0.220188
0.219388
0.218725
0.218175
0.217721
0.217347
0.217039
0.216786
0.216577
0.216406
0.216266
0.21615
0.216054
0.215975
0.21591
0.215855
0.215809
0.21577
0.215737
0.215709
0.215684
0.215663
0.215644
0.215627
0.215612
0.215598
0.215585
0.215574
0.215564
0.215554
0.215545
0.215537
0.215529
0.215521
0.215514
0.215508
0.215502
0.215496
0.215491
0.215485
0.21548
0.215476
0.215471
0.215467
0.215463
0.215459
0.215456
0.215452
0.215449
0.215445
0.215442
0.215439
0.215436
0.215433
0.21543
0.215427
0.215425
0.215422
0.21542
0.215417
0.215415
0.215413
0.215412
0.21541
0.21541
0.961327
0.890932
0.826755
0.768105
0.71438
0.66506
0.619704
0.577952
0.539512
0.50416
0.471717
0.442045
0.415022
0.390535
0.368466
0.348687
0.331058
0.315426
0.301634
0.28952
0.278925
0.269695
0.261681
0.254748
0.24877
0.24363
0.239226
0.235463
0.232258
0.229536
0.227232
0.225287
0.223651
0.222278
0.221129
0.220172
0.219375
0.218714
0.218167
0.217715
0.217343
0.217036
0.216784
0.216577
0.216406
0.216266
0.216151
0.216056
0.215977
0.215912
0.215857
0.215811
0.215772
0.215739
0.215711
0.215686
0.215665
0.215646
0.215629
0.215614
0.2156
0.215587
0.215576
0.215565
0.215556
0.215547
0.215538
0.21553
0.215523
0.215516
0.215509
0.215503
0.215497
0.215492
0.215487
0.215482
0.215477
0.215473
0.215468
0.215464
0.21546
0.215457
0.215453
0.21545
0.215446
0.215443
0.21544
0.215437
0.215434
0.215431
0.215428
0.215425
0.215423
0.21542
0.215418
0.215416
0.215414
0.215412
0.215411
0.21541
0.961327
0.890931
0.826752
0.7681
0.71437
0.665043
0.619679
0.577917
0.539466
0.504101
0.471646
0.441962
0.414928
0.390431
0.368355
0.348571
0.330938
0.315306
0.301515
0.289405
0.278814
0.269589
0.261582
0.254657
0.248686
0.243554
0.239157
0.235401
0.232203
0.229488
0.22719
0.225251
0.22362
0.222252
0.221108
0.220154
0.219361
0.218703
0.218158
0.217708
0.217338
0.217033
0.216782
0.216576
0.216406
0.216267
0.216152
0.216057
0.215979
0.215914
0.215859
0.215813
0.215775
0.215742
0.215713
0.215688
0.215667
0.215648
0.215631
0.215616
0.215602
0.215589
0.215578
0.215567
0.215557
0.215548
0.21554
0.215532
0.215524
0.215517
0.215511
0.215504
0.215499
0.215493
0.215488
0.215483
0.215478
0.215474
0.215469
0.215465
0.215461
0.215458
0.215454
0.215451
0.215447
0.215444
0.215441
0.215438
0.215435
0.215432
0.215429
0.215426
0.215423
0.215421
0.215418
0.215416
0.215414
0.215412
0.215411
0.21541
0.961327
0.890931
0.82675
0.768094
0.71436
0.665025
0.619653
0.577879
0.539417
0.504039
0.47157
0.441873
0.414827
0.39032
0.368236
0.348447
0.330811
0.315178
0.301389
0.289282
0.278697
0.269478
0.261478
0.25456
0.248597
0.243473
0.239084
0.235336
0.232146
0.229438
0.227146
0.225214
0.223588
0.222225
0.221086
0.220136
0.219346
0.218691
0.218149
0.217701
0.217333
0.217029
0.21678
0.216575
0.216406
0.216267
0.216153
0.216059
0.215981
0.215916
0.215861
0.215815
0.215777
0.215744
0.215715
0.21569
0.215669
0.21565
0.215633
0.215617
0.215603
0.215591
0.215579
0.215569
0.215559
0.21555
0.215541
0.215533
0.215526
0.215519
0.215512
0.215506
0.2155
0.215494
0.215489
0.215484
0.215479
0.215475
0.21547
0.215466
0.215462
0.215459
0.215455
0.215451
0.215448
0.215445
0.215442
0.215438
0.215435
0.215432
0.215429
0.215426
0.215424
0.215421
0.215419
0.215416
0.215414
0.215413
0.215411
0.215411
0.961327
0.89093
0.826747
0.768088
0.714348
0.665007
0.619624
0.57784
0.539364
0.503972
0.471489
0.441778
0.414719
0.390202
0.36811
0.348315
0.330676
0.315043
0.301256
0.289153
0.278573
0.269361
0.261368
0.254458
0.248504
0.243388
0.239008
0.235268
0.232086
0.229385
0.227101
0.225174
0.223555
0.222197
0.221062
0.220116
0.21933
0.218678
0.218139
0.217694
0.217327
0.217025
0.216777
0.216573
0.216405
0.216267
0.216154
0.21606
0.215982
0.215917
0.215863
0.215817
0.215779
0.215746
0.215717
0.215692
0.215671
0.215651
0.215634
0.215619
0.215605
0.215592
0.215581
0.21557
0.21556
0.215551
0.215542
0.215534
0.215527
0.21552
0.215513
0.215507
0.215501
0.215495
0.21549
0.215485
0.21548
0.215476
0.215471
0.215467
0.215463
0.215459
0.215456
0.215452
0.215449
0.215445
0.215442
0.215439
0.215436
0.215433
0.21543
0.215427
0.215424
0.215421
0.215419
0.215417
0.215415
0.215413
0.215412
0.215411
0.961327
0.890929
0.826745
0.768082
0.714336
0.664986
0.619594
0.577797
0.539307
0.5039
0.471402
0.441676
0.414605
0.390077
0.367976
0.348175
0.330534
0.3149
0.301115
0.289016
0.278442
0.269237
0.261253
0.254352
0.248406
0.2433
0.238928
0.235197
0.232023
0.22933
0.227053
0.225133
0.22352
0.222167
0.221037
0.220096
0.219313
0.218665
0.218129
0.217686
0.217321
0.217021
0.216774
0.216571
0.216404
0.216267
0.216154
0.216061
0.215983
0.215919
0.215864
0.215819
0.21578
0.215747
0.215719
0.215694
0.215672
0.215653
0.215636
0.21562
0.215606
0.215594
0.215582
0.215571
0.215561
0.215552
0.215543
0.215535
0.215528
0.215521
0.215514
0.215508
0.215502
0.215496
0.215491
0.215486
0.215481
0.215477
0.215472
0.215468
0.215464
0.21546
0.215456
0.215453
0.215449
0.215446
0.215443
0.215439
0.215436
0.215433
0.21543
0.215427
0.215424
0.215422
0.215419
0.215417
0.215415
0.215413
0.215412
0.215411
0.961327
0.890929
0.826742
0.768075
0.714323
0.664965
0.619561
0.577751
0.539247
0.503824
0.47131
0.441568
0.414483
0.389944
0.367834
0.348027
0.330383
0.314749
0.300967
0.288873
0.278305
0.269108
0.261132
0.25424
0.248304
0.243207
0.238845
0.235123
0.231958
0.229273
0.227003
0.22509
0.223483
0.222137
0.221012
0.220075
0.219296
0.218651
0.218117
0.217677
0.217314
0.217016
0.216771
0.216569
0.216403
0.216267
0.216154
0.216061
0.215984
0.21592
0.215866
0.21582
0.215782
0.215749
0.21572
0.215695
0.215674
0.215654
0.215637
0.215622
0.215608
0.215595
0.215583
0.215572
0.215562
0.215553
0.215544
0.215536
0.215529
0.215522
0.215515
0.215509
0.215503
0.215497
0.215492
0.215487
0.215482
0.215477
0.215473
0.215469
0.215465
0.215461
0.215457
0.215453
0.21545
0.215447
0.215443
0.21544
0.215437
0.215434
0.215431
0.215428
0.215425
0.215422
0.215419
0.215417
0.215415
0.215413
0.215412
0.215411
0.961327
0.890928
0.826739
0.768068
0.714309
0.664942
0.619526
0.577702
0.539182
0.503742
0.471211
0.441454
0.414354
0.389802
0.367684
0.347871
0.330224
0.314591
0.300811
0.288722
0.278162
0.268972
0.261006
0.254124
0.248198
0.243111
0.238759
0.235047
0.23189
0.229214
0.226952
0.225046
0.223445
0.222105
0.220985
0.220052
0.219278
0.218636
0.218106
0.217668
0.217307
0.217011
0.216767
0.216566
0.216402
0.216266
0.216154
0.216061
0.215984
0.21592
0.215867
0.215821
0.215783
0.21575
0.215721
0.215697
0.215675
0.215655
0.215638
0.215623
0.215609
0.215596
0.215584
0.215573
0.215563
0.215554
0.215545
0.215537
0.215529
0.215522
0.215515
0.215509
0.215503
0.215498
0.215492
0.215487
0.215482
0.215478
0.215473
0.215469
0.215465
0.215461
0.215457
0.215454
0.21545
0.215447
0.215443
0.21544
0.215437
0.215434
0.215431
0.215428
0.215425
0.215422
0.215419
0.215417
0.215415
0.215413
0.215412
0.215411
0.961327
0.890927
0.826736
0.76806
0.714294
0.664917
0.619489
0.57765
0.539113
0.503656
0.471107
0.441332
0.414217
0.389653
0.367525
0.347707
0.330057
0.314425
0.300648
0.288565
0.278012
0.268831
0.260875
0.254003
0.248087
0.243011
0.238669
0.234967
0.231819
0.229152
0.226898
0.225
0.223406
0.222071
0.220957
0.220029
0.219259
0.218621
0.218093
0.217658
0.2173
0.217005
0.216763
0.216563
0.2164
0.216265
0.216153
0.216061
0.215985
0.215921
0.215867
0.215822
0.215784
0.215751
0.215722
0.215697
0.215676
0.215656
0.215639
0.215623
0.215609
0.215596
0.215585
0.215574
0.215564
0.215554
0.215546
0.215537
0.21553
0.215523
0.215516
0.21551
0.215504
0.215498
0.215493
0.215487
0.215483
0.215478
0.215474
0.215469
0.215465
0.215461
0.215458
0.215454
0.21545
0.215447
0.215444
0.21544
0.215437
0.215434
0.215431
0.215428
0.215425
0.215422
0.215419
0.215417
0.215415
0.215413
0.215412
0.215411
0.961327
0.890927
0.826732
0.768052
0.714278
0.664891
0.61945
0.577595
0.53904
0.503564
0.470996
0.441203
0.414073
0.389496
0.367358
0.347534
0.329882
0.314251
0.300478
0.288401
0.277856
0.268685
0.260739
0.253878
0.247973
0.242908
0.238577
0.234885
0.231747
0.229089
0.226843
0.224953
0.223366
0.222037
0.220928
0.220005
0.219239
0.218605
0.21808
0.217648
0.217292
0.216999
0.216758
0.21656
0.216397
0.216263
0.216152
0.216061
0.215984
0.215921
0.215868
0.215822
0.215784
0.215751
0.215723
0.215698
0.215676
0.215657
0.215639
0.215624
0.21561
0.215597
0.215585
0.215574
0.215564
0.215555
0.215546
0.215538
0.21553
0.215523
0.215516
0.21551
0.215504
0.215498
0.215493
0.215488
0.215483
0.215478
0.215474
0.21547
0.215465
0.215462
0.215458
0.215454
0.215451
0.215447
0.215444
0.21544
0.215437
0.215434
0.215431
0.215428
0.215425
0.215422
0.215419
0.215417
0.215415
0.215413
0.215412
0.215411
0.961327
0.890926
0.826729
0.768043
0.714261
0.664863
0.619407
0.577536
0.538962
0.503466
0.470878
0.441067
0.413921
0.38933
0.367183
0.347353
0.329699
0.314069
0.300301
0.288231
0.277694
0.268533
0.260598
0.253748
0.247855
0.242802
0.238482
0.2348
0.231672
0.229023
0.226787
0.224904
0.223324
0.222002
0.220899
0.219981
0.219219
0.218588
0.218067
0.217637
0.217283
0.216992
0.216753
0.216556
0.216394
0.216261
0.216151
0.21606
0.215984
0.215921
0.215867
0.215822
0.215784
0.215751
0.215723
0.215698
0.215676
0.215657
0.215639
0.215624
0.21561
0.215597
0.215585
0.215574
0.215564
0.215554
0.215546
0.215538
0.21553
0.215523
0.215516
0.21551
0.215504
0.215498
0.215493
0.215487
0.215483
0.215478
0.215474
0.215469
0.215465
0.215461
0.215458
0.215454
0.21545
0.215447
0.215443
0.21544
0.215437
0.215434
0.21543
0.215427
0.215424
0.215422
0.215419
0.215417
0.215414
0.215413
0.215411
0.21541
0.961328
0.890925
0.826725
0.768034
0.714243
0.664833
0.619362
0.577473
0.538879
0.503362
0.470754
0.440924
0.41376
0.389157
0.367
0.347165
0.329509
0.313881
0.300118
0.288055
0.277527
0.268377
0.260453
0.253615
0.247734
0.242693
0.238384
0.234713
0.231596
0.228957
0.226729
0.224854
0.223281
0.221965
0.220868
0.219955
0.219198
0.21857
0.218053
0.217626
0.217274
0.216985
0.216747
0.216551
0.216391
0.216258
0.216149
0.216058
0.215983
0.21592
0.215867
0.215822
0.215784
0.215751
0.215723
0.215698
0.215676
0.215657
0.215639
0.215624
0.215609
0.215596
0.215585
0.215574
0.215563
0.215554
0.215545
0.215537
0.215529
0.215522
0.215516
0.215509
0.215503
0.215498
0.215492
0.215487
0.215482
0.215478
0.215473
0.215469
0.215465
0.215461
0.215457
0.215454
0.21545
0.215447
0.215443
0.21544
0.215436
0.215433
0.21543
0.215427
0.215424
0.215421
0.215419
0.215416
0.215414
0.215412
0.215411
0.21541
0.961328
0.890924
0.826721
0.768024
0.714224
0.664801
0.619314
0.577406
0.538792
0.503253
0.470623
0.440773
0.413593
0.388976
0.366809
0.346969
0.329312
0.313686
0.299928
0.287873
0.277356
0.268217
0.260305
0.253479
0.247611
0.242581
0.238285
0.234625
0.231518
0.228889
0.22667
0.224803
0.223238
0.221928
0.220837
0.219929
0.219176
0.218552
0.218038
0.217613
0.217264
0.216977
0.216741
0.216546
0.216387
0.216255
0.216146
0.216056
0.215981
0.215918
0.215866
0.215821
0.215783
0.21575
0.215722
0.215697
0.215675
0.215656
0.215639
0.215623
0.215609
0.215596
0.215584
0.215573
0.215563
0.215553
0.215545
0.215536
0.215529
0.215522
0.215515
0.215509
0.215503
0.215497
0.215492
0.215487
0.215482
0.215477
0.215473
0.215469
0.215464
0.215461
0.215457
0.215453
0.21545
0.215446
0.215443
0.215439
0.215436
0.215433
0.21543
0.215426
0.215423
0.215421
0.215418
0.215416
0.215413
0.215412
0.21541
0.215409
0.961328
0.890924
0.826717
0.768013
0.714203
0.664766
0.619263
0.577335
0.538699
0.503137
0.470486
0.440615
0.413417
0.388787
0.366612
0.346766
0.329108
0.313485
0.299734
0.287687
0.27718
0.268053
0.260153
0.253341
0.247485
0.242468
0.238184
0.234536
0.23144
0.22882
0.22661
0.224752
0.223193
0.221891
0.220805
0.219902
0.219153
0.218534
0.218022
0.217601
0.217254
0.216968
0.216734
0.216541
0.216382
0.216251
0.216143
0.216054
0.215979
0.215917
0.215864
0.21582
0.215782
0.215749
0.215721
0.215696
0.215674
0.215655
0.215637
0.215622
0.215608
0.215595
0.215583
0.215572
0.215562
0.215552
0.215544
0.215535
0.215528
0.215521
0.215514
0.215508
0.215502
0.215496
0.215491
0.215486
0.215481
0.215476
0.215472
0.215468
0.215464
0.21546
0.215456
0.215452
0.215449
0.215445
0.215442
0.215439
0.215435
0.215432
0.215429
0.215426
0.215423
0.21542
0.215417
0.215415
0.215413
0.215411
0.21541
0.215409
0.961328
0.890923
0.826712
0.768001
0.714181
0.66473
0.619208
0.577259
0.538601
0.503016
0.470342
0.440451
0.413235
0.388592
0.366407
0.346557
0.3289
0.31328
0.299536
0.287498
0.277002
0.267887
0.26
0.253201
0.247358
0.242354
0.238082
0.234446
0.23136
0.228751
0.22655
0.2247
0.223149
0.221853
0.220773
0.219875
0.219131
0.218515
0.218007
0.217588
0.217243
0.21696
0.216726
0.216535
0.216377
0.216247
0.21614
0.216051
0.215976
0.215914
0.215862
0.215818
0.21578
0.215747
0.215719
0.215694
0.215673
0.215653
0.215636
0.21562
0.215606
0.215593
0.215581
0.21557
0.21556
0.215551
0.215542
0.215534
0.215526
0.215519
0.215513
0.215506
0.2155
0.215495
0.21549
0.215485
0.21548
0.215475
0.215471
0.215467
0.215463
0.215459
0.215455
0.215451
0.215448
0.215444
0.215441
0.215438
0.215434
0.215431
0.215428
0.215425
0.215422
0.215419
0.215416
0.215414
0.215412
0.21541
0.215409
0.215408
0.961329
0.890922
0.826708
0.767989
0.714157
0.66469
0.61915
0.57718
0.538497
0.502889
0.470191
0.44028
0.413047
0.38839
0.366198
0.346344
0.328687
0.313072
0.299334
0.287307
0.276822
0.26772
0.259846
0.25306
0.247231
0.24224
0.23798
0.234355
0.231281
0.228681
0.22649
0.224648
0.223104
0.221815
0.22074
0.219847
0.219107
0.218496
0.21799
0.217574
0.217232
0.21695
0.216719
0.216528
0.216372
0.216242
0.216136
0.216047
0.215973
0.215911
0.215859
0.215815
0.215778
0.215745
0.215717
0.215692
0.215671
0.215651
0.215634
0.215618
0.215604
0.215591
0.215579
0.215569
0.215559
0.215549
0.21554
0.215532
0.215525
0.215518
0.215511
0.215505
0.215499
0.215493
0.215488
0.215483
0.215478
0.215474
0.21547
0.215465
0.215461
0.215458
0.215454
0.21545
0.215447
0.215443
0.21544
0.215437
0.215433
0.21543
0.215427
0.215424
0.215421
0.215418
0.215416
0.215413
0.215411
0.215409
0.215408
0.215407
0.961329
0.890921
0.826702
0.767975
0.714131
0.664649
0.619089
0.577096
0.538389
0.502756
0.470036
0.440104
0.412854
0.388185
0.365985
0.346128
0.328472
0.312862
0.299132
0.287115
0.276642
0.267552
0.259693
0.25292
0.247105
0.242127
0.237879
0.234266
0.231202
0.228612
0.22643
0.224596
0.22306
0.221777
0.220708
0.21982
0.219084
0.218476
0.217974
0.21756
0.21722
0.21694
0.21671
0.216521
0.216366
0.216237
0.216131
0.216043
0.21597
0.215908
0.215856
0.215812
0.215775
0.215743
0.215714
0.21569
0.215668
0.215649
0.215632
0.215616
0.215602
0.215589
0.215577
0.215566
0.215556
0.215547
0.215538
0.21553
0.215523
0.215516
0.215509
0.215503
0.215497
0.215492
0.215486
0.215482
0.215477
0.215472
0.215468
0.215464
0.21546
0.215456
0.215452
0.215449
0.215445
0.215442
0.215439
0.215435
0.215432
0.215429
0.215426
0.215423
0.21542
0.215417
0.215414
0.215412
0.21541
0.215408
0.215407
0.215406
0.96133
0.89092
0.826696
0.76796
0.714104
0.664604
0.619023
0.577007
0.538277
0.502619
0.469876
0.439924
0.412658
0.387977
0.36577
0.34591
0.328257
0.312652
0.298931
0.286924
0.276464
0.267387
0.259541
0.252782
0.24698
0.242015
0.237779
0.234178
0.231125
0.228545
0.226371
0.224545
0.223016
0.221739
0.220676
0.219793
0.219061
0.218456
0.217957
0.217546
0.217208
0.21693
0.216702
0.216514
0.216359
0.216232
0.216126
0.216038
0.215965
0.215904
0.215853
0.215809
0.215772
0.215739
0.215711
0.215687
0.215665
0.215646
0.215629
0.215613
0.215599
0.215587
0.215575
0.215564
0.215554
0.215545
0.215536
0.215528
0.215521
0.215514
0.215507
0.215501
0.215495
0.21549
0.215485
0.21548
0.215475
0.215471
0.215466
0.215462
0.215458
0.215455
0.215451
0.215447
0.215444
0.21544
0.215437
0.215434
0.215431
0.215428
0.215424
0.215421
0.215419
0.215416
0.215413
0.215411
0.215409
0.215407
0.215406
0.215405
0.96133
0.890918
0.826689
0.767944
0.714073
0.664556
0.618954
0.576915
0.53816
0.502479
0.469713
0.439742
0.412461
0.387769
0.365555
0.345695
0.328043
0.312445
0.298733
0.286737
0.276289
0.267225
0.259393
0.252648
0.246859
0.241906
0.237682
0.234092
0.231049
0.228479
0.226314
0.224495
0.222973
0.221702
0.220644
0.219766
0.219038
0.218437
0.217941
0.217532
0.217196
0.21692
0.216693
0.216506
0.216352
0.216226
0.216121
0.216034
0.215961
0.2159
0.215849
0.215805
0.215768
0.215736
0.215708
0.215684
0.215662
0.215643
0.215626
0.21561
0.215596
0.215584
0.215572
0.215561
0.215551
0.215542
0.215534
0.215526
0.215518
0.215511
0.215505
0.215499
0.215493
0.215488
0.215482
0.215478
0.215473
0.215469
0.215464
0.21546
0.215457
0.215453
0.215449
0.215446
0.215442
0.215439
0.215436
0.215432
0.215429
0.215426
0.215423
0.21542
0.215417
0.215415
0.215412
0.21541
0.215408
0.215406
0.215405
0.215404
0.96133
0.890916
0.826681
0.767926
0.714041
0.664505
0.618882
0.57682
0.538041
0.502336
0.469549
0.43956
0.412265
0.387563
0.365345
0.345483
0.327836
0.312244
0.298541
0.286556
0.27612
0.26707
0.25925
0.252518
0.246742
0.241801
0.23759
0.23401
0.230977
0.228415
0.226258
0.224448
0.222932
0.221667
0.220614
0.21974
0.219016
0.218418
0.217925
0.217518
0.217184
0.21691
0.216684
0.216498
0.216345
0.216219
0.216115
0.216028
0.215956
0.215896
0.215845
0.215801
0.215764
0.215732
0.215704
0.21568
0.215659
0.21564
0.215623
0.215607
0.215593
0.215581
0.215569
0.215558
0.215548
0.215539
0.215531
0.215523
0.215516
0.215509
0.215502
0.215496
0.215491
0.215485
0.21548
0.215475
0.215471
0.215466
0.215462
0.215458
0.215455
0.215451
0.215447
0.215444
0.21544
0.215437
0.215434
0.215431
0.215428
0.215425
0.215422
0.215419
0.215416
0.215413
0.215411
0.215408
0.215407
0.215405
0.215404
0.215403
0.96133
0.890914
0.826672
0.767906
0.714006
0.664451
0.618808
0.576723
0.537921
0.502195
0.469388
0.439382
0.412074
0.387364
0.365142
0.34528
0.327636
0.312051
0.298358
0.286384
0.27596
0.266922
0.259115
0.252396
0.246632
0.241703
0.237502
0.233932
0.230909
0.228356
0.226206
0.224402
0.222893
0.221633
0.220585
0.219715
0.218995
0.218399
0.217909
0.217505
0.217172
0.216899
0.216675
0.21649
0.216338
0.216213
0.216109
0.216023
0.215951
0.215891
0.21584
0.215797
0.21576
0.215728
0.215701
0.215676
0.215655
0.215636
0.215619
0.215604
0.21559
0.215577
0.215566
0.215555
0.215545
0.215536
0.215528
0.21552
0.215513
0.215506
0.2155
0.215494
0.215488
0.215483
0.215478
0.215473
0.215469
0.215464
0.21546
0.215456
0.215453
0.215449
0.215445
0.215442
0.215439
0.215435
0.215432
0.215429
0.215426
0.215423
0.21542
0.215417
0.215414
0.215412
0.215409
0.215407
0.215405
0.215404
0.215402
0.215402
0.961331
0.890911
0.826662
0.767884
0.713968
0.664396
0.618732
0.576626
0.537804
0.502057
0.469233
0.439212
0.411893
0.387176
0.36495
0.34509
0.32745
0.311872
0.298187
0.286224
0.275811
0.266785
0.258991
0.252283
0.24653
0.241612
0.237421
0.233861
0.230846
0.2283
0.226158
0.22436
0.222856
0.221602
0.220558
0.219691
0.218974
0.218382
0.217894
0.217492
0.217161
0.216889
0.216666
0.216482
0.216331
0.216206
0.216103
0.216017
0.215946
0.215886
0.215835
0.215793
0.215756
0.215724
0.215697
0.215673
0.215651
0.215632
0.215616
0.2156
0.215587
0.215574
0.215563
0.215552
0.215542
0.215533
0.215525
0.215517
0.21551
0.215503
0.215497
0.215491
0.215486
0.21548
0.215475
0.215471
0.215466
0.215462
0.215458
0.215454
0.21545
0.215447
0.215443
0.21544
0.215437
0.215434
0.21543
0.215427
0.215424
0.215421
0.215418
0.215416
0.215413
0.21541
0.215408
0.215406
0.215404
0.215403
0.215401
0.215401
0.961331
0.890907
0.82665
0.76786
0.713929
0.66434
0.618658
0.576533
0.537692
0.501928
0.469088
0.439054
0.411726
0.387003
0.364776
0.344917
0.327281
0.31171
0.298034
0.28608
0.275678
0.266663
0.258879
0.252181
0.246438
0.24153
0.237348
0.233796
0.230789
0.228251
0.226114
0.224322
0.222823
0.221573
0.220533
0.21967
0.218956
0.218366
0.21788
0.217479
0.21715
0.21688
0.216658
0.216475
0.216324
0.2162
0.216097
0.216012
0.215941
0.215881
0.215831
0.215788
0.215752
0.21572
0.215693
0.215669
0.215648
0.215629
0.215612
0.215597
0.215583
0.215571
0.215559
0.215549
0.215539
0.21553
0.215522
0.215514
0.215507
0.215501
0.215494
0.215488
0.215483
0.215478
0.215473
0.215468
0.215464
0.21546
0.215456
0.215452
0.215448
0.215445
0.215441
0.215438
0.215435
0.215432
0.215429
0.215426
0.215423
0.21542
0.215417
0.215414
0.215412
0.215409
0.215407
0.215405
0.215403
0.215401
0.2154
0.2154
0.961331
0.890903
0.826637
0.767835
0.71389
0.664286
0.618588
0.576447
0.53759
0.501812
0.468959
0.438915
0.41158
0.386853
0.364624
0.344767
0.327135
0.31157
0.297901
0.285956
0.275563
0.266557
0.258782
0.252094
0.246359
0.241459
0.237285
0.23374
0.23074
0.228207
0.226077
0.224289
0.222795
0.221548
0.220511
0.219651
0.218939
0.218352
0.217867
0.217468
0.217141
0.216871
0.21665
0.216468
0.216318
0.216194
0.216092
0.216007
0.215936
0.215877
0.215827
0.215784
0.215748
0.215716
0.215689
0.215665
0.215644
0.215625
0.215609
0.215594
0.21558
0.215568
0.215556
0.215546
0.215536
0.215527
0.215519
0.215512
0.215505
0.215498
0.215492
0.215486
0.215481
0.215476
0.215471
0.215466
0.215462
0.215458
0.215454
0.21545
0.215446
0.215443
0.21544
0.215436
0.215433
0.21543
0.215427
0.215424
0.215421
0.215418
0.215415
0.215413
0.21541
0.215408
0.215406
0.215404
0.215402
0.2154
0.215399
0.215399
0.96133
0.890897
0.826623
0.76781
0.713854
0.664237
0.618527
0.576374
0.537505
0.501716
0.468854
0.438802
0.41146
0.38673
0.364501
0.344645
0.327017
0.311457
0.297794
0.285856
0.27547
0.266472
0.258704
0.252023
0.246295
0.241401
0.237233
0.233694
0.230699
0.228172
0.226046
0.224262
0.222771
0.221527
0.220493
0.219635
0.218926
0.21834
0.217857
0.217459
0.217132
0.216864
0.216643
0.216462
0.216312
0.216189
0.216087
0.216002
0.215932
0.215873
0.215823
0.21578
0.215744
0.215713
0.215685
0.215662
0.215641
0.215622
0.215606
0.215591
0.215577
0.215565
0.215553
0.215543
0.215534
0.215525
0.215517
0.215509
0.215502
0.215496
0.21549
0.215484
0.215479
0.215474
0.215469
0.215464
0.21546
0.215456
0.215452
0.215448
0.215445
0.215441
0.215438
0.215435
0.215432
0.215429
0.215426
0.215423
0.21542
0.215417
0.215414
0.215412
0.215409
0.215407
0.215405
0.215403
0.215401
0.2154
0.215399
0.215398
0.96133
0.890892
0.826609
0.767788
0.713824
0.664199
0.618481
0.576319
0.537442
0.501645
0.468776
0.438719
0.411373
0.386641
0.364411
0.344556
0.326931
0.311374
0.297716
0.285783
0.275402
0.266409
0.258647
0.25197
0.246247
0.241357
0.237194
0.233659
0.230668
0.228145
0.226022
0.224241
0.222752
0.221511
0.220479
0.219623
0.218915
0.21833
0.217848
0.217451
0.217125
0.216857
0.216637
0.216456
0.216307
0.216184
0.216083
0.215998
0.215928
0.215869
0.215819
0.215777
0.215741
0.21571
0.215683
0.215659
0.215638
0.21562
0.215603
0.215588
0.215575
0.215562
0.215551
0.215541
0.215532
0.215523
0.215515
0.215507
0.2155
0.215494
0.215488
0.215482
0.215477
0.215472
0.215467
0.215463
0.215458
0.215454
0.215451
0.215447
0.215443
0.21544
0.215437
0.215434
0.21543
0.215427
0.215424
0.215422
0.215419
0.215416
0.215413
0.215411
0.215408
0.215406
0.215404
0.215402
0.2154
0.215399
0.215398
0.215397
0.96133
0.890888
0.8266
0.767775
0.713807
0.664177
0.618454
0.576288
0.537406
0.501604
0.468731
0.438671
0.411323
0.386589
0.364358
0.344504
0.32688
0.311325
0.297669
0.285739
0.275361
0.266371
0.258612
0.251937
0.246215
0.241328
0.237167
0.233635
0.230648
0.228126
0.226005
0.224227
0.222739
0.221499
0.220468
0.219613
0.218906
0.218322
0.217841
0.217445
0.217119
0.216852
0.216632
0.216452
0.216303
0.21618
0.216079
0.215995
0.215925
0.215866
0.215816
0.215774
0.215738
0.215707
0.21568
0.215657
0.215636
0.215617
0.215601
0.215586
0.215573
0.215561
0.21555
0.215539
0.21553
0.215521
0.215513
0.215506
0.215499
0.215493
0.215487
0.215481
0.215476
0.215471
0.215466
0.215462
0.215457
0.215453
0.21545
0.215446
0.215442
0.215439
0.215436
0.215433
0.21543
0.215427
0.215424
0.215421
0.215418
0.215415
0.215413
0.21541
0.215408
0.215405
0.215403
0.215401
0.2154
0.215398
0.215397
0.215397
)
;

boundaryField
{
    inlet
    {
        type            fixedValue;
        value           uniform 1;
    }
    outlet
    {
        type            inletOutlet;
        inletValue      uniform 1;
        value           nonuniform List<scalar> 
100
(
0.215406
0.215407
0.215407
0.215407
0.215408
0.215408
0.215409
0.215409
0.21541
0.21541
0.215411
0.215411
0.215412
0.215412
0.215412
0.215412
0.215413
0.215413
0.215413
0.215413
0.215412
0.215412
0.215412
0.215412
0.215411
0.215411
0.21541
0.21541
0.215409
0.215409
0.215408
0.215408
0.215407
0.215407
0.215406
0.215406
0.215405
0.215405
0.215404
0.215404
0.215403
0.215403
0.215403
0.215402
0.215402
0.215402
0.215402
0.215402
0.215401
0.215401
0.215401
0.215401
0.215401
0.215402
0.215402
0.215402
0.215402
0.215402
0.215403
0.215403
0.215403
0.215404
0.215404
0.215405
0.215405
0.215406
0.215406
0.215407
0.215407
0.215408
0.215408
0.215409
0.215409
0.21541
0.21541
0.21541
0.215411
0.215411
0.215411
0.215411
0.215411
0.215411
0.215411
0.21541
0.21541
0.215409
0.215409
0.215408
0.215407
0.215406
0.215405
0.215404
0.215403
0.215402
0.215401
0.2154
0.215399
0.215398
0.215397
0.215397
)
;
    }
    ground
    {
        type            empty;
    }
    top
    {
        type            empty;
    }
    front
    {
        type            inletOutlet;
        inletValue      uniform 1;
        value           nonuniform List<scalar> 
100
(
0.96133
0.890887
0.826599
0.767773
0.713805
0.664175
0.618452
0.576287
0.537406
0.501606
0.468734
0.438675
0.411329
0.386596
0.364367
0.344514
0.326891
0.311337
0.297682
0.285752
0.275375
0.266385
0.258626
0.251951
0.24623
0.241343
0.237182
0.233651
0.230663
0.228142
0.226021
0.224243
0.222756
0.221516
0.220485
0.21963
0.218923
0.218339
0.217858
0.217462
0.217136
0.216869
0.216649
0.216469
0.21632
0.216197
0.216096
0.216012
0.215941
0.215882
0.215833
0.215791
0.215755
0.215723
0.215696
0.215673
0.215652
0.215634
0.215617
0.215602
0.215589
0.215576
0.215565
0.215555
0.215546
0.215537
0.215529
0.215521
0.215514
0.215508
0.215502
0.215496
0.215491
0.215486
0.215481
0.215476
0.215472
0.215468
0.215464
0.215461
0.215457
0.215453
0.21545
0.215447
0.215444
0.21544
0.215437
0.215434
0.215431
0.215428
0.215425
0.215422
0.21542
0.215417
0.215414
0.215412
0.21541
0.215408
0.215407
0.215406
)
;
    }
    back
    {
        type            inletOutlet;
        inletValue      uniform 1;
        value           nonuniform List<scalar> 
100
(
0.96133
0.890888
0.8266
0.767775
0.713807
0.664177
0.618454
0.576288
0.537406
0.501604
0.468731
0.438671
0.411323
0.386589
0.364358
0.344504
0.32688
0.311325
0.297669
0.285739
0.275361
0.266371
0.258612
0.251937
0.246215
0.241328
0.237167
0.233635
0.230648
0.228126
0.226005
0.224227
0.222739
0.221499
0.220468
0.219613
0.218906
0.218322
0.217841
0.217445
0.217119
0.216852
0.216632
0.216452
0.216303
0.21618
0.216079
0.215995
0.215925
0.215866
0.215816
0.215774
0.215738
0.215707
0.21568
0.215657
0.215636
0.215617
0.215601
0.215586
0.215573
0.215561
0.21555
0.215539
0.21553
0.215521
0.215513
0.215506
0.215499
0.215493
0.215487
0.215481
0.215476
0.215471
0.215466
0.215462
0.215457
0.215453
0.21545
0.215446
0.215442
0.215439
0.215436
0.215433
0.21543
0.215427
0.215424
0.215421
0.215418
0.215415
0.215413
0.21541
0.215408
0.215405
0.215403
0.215401
0.2154
0.215398
0.215397
0.215397
)
;
    }
}


// ************************************************************************* //
