/*--------------------------------*- C++ -*----------------------------------*\
  =========                 |
  \\      /  F ield         | OpenFOAM: The Open Source CFD Toolbox
   \\    /   O peration     | Website:  https://openfoam.org
    \\  /    A nd           | Version:  11
     \\/     M anipulation  |
\*---------------------------------------------------------------------------*/
FoamFile
{
    format      ascii;
    class       volScalarField;
    location    "728";
    object      omega;
}
// * * * * * * * * * * * * * * * * * * * * * * * * * * * * * * * * * * * * * //

dimensions      [0 0 -1 0 0 0 0];

internalField   nonuniform List<scalar> 
10000
(
0.961692
0.892185
0.829084
0.771728
0.719523
0.671944
0.628523
0.588843
0.552532
0.519258
0.488725
0.460668
0.43485
0.411061
0.389111
0.368829
0.350064
0.332678
0.316549
0.301565
0.287629
0.274649
0.262544
0.251243
0.240677
0.230788
0.221522
0.212828
0.204663
0.196985
0.189758
0.182948
0.176523
0.170457
0.164724
0.159299
0.154162
0.149292
0.144671
0.140284
0.136113
0.132146
0.128369
0.12477
0.121339
0.118064
0.114936
0.111947
0.109088
0.106352
0.103731
0.101219
0.0988104
0.0964987
0.0942788
0.0921458
0.0900951
0.0881222
0.0862232
0.0843942
0.0826316
0.0809322
0.0792926
0.0777101
0.0761817
0.0747049
0.0732772
0.0718962
0.0705597
0.0692657
0.0680122
0.0667972
0.065619
0.064476
0.0633665
0.0622889
0.061242
0.0602242
0.0592342
0.0582709
0.057333
0.0564195
0.0555293
0.0546615
0.0538152
0.0529897
0.0521844
0.0513991
0.0506336
0.0498882
0.0491637
0.0484619
0.0477853
0.0471382
0.0465266
0.0459599
0.0454513
0.0450197
0.044692
0.0445055
0.961692
0.892185
0.829084
0.771728
0.719523
0.671944
0.628523
0.588843
0.552532
0.519258
0.488725
0.460668
0.434851
0.411061
0.389111
0.368829
0.350064
0.332678
0.316549
0.301565
0.287629
0.274649
0.262544
0.251243
0.240677
0.230788
0.221522
0.212828
0.204663
0.196985
0.189758
0.182948
0.176523
0.170457
0.164724
0.159299
0.154162
0.149292
0.144671
0.140284
0.136113
0.132146
0.128369
0.124771
0.121339
0.118064
0.114936
0.111947
0.109088
0.106352
0.103731
0.101219
0.0988105
0.0964988
0.094279
0.092146
0.0900953
0.0881224
0.0862234
0.0843944
0.0826318
0.0809324
0.0792929
0.0777103
0.0761819
0.0747051
0.0732774
0.0718964
0.07056
0.069266
0.0680124
0.0667975
0.0656193
0.0644763
0.0633668
0.0622893
0.0612423
0.0602245
0.0592346
0.0582713
0.0573334
0.0564199
0.0555297
0.0546619
0.0538156
0.0529901
0.0521849
0.0513996
0.050634
0.0498887
0.0491643
0.0484624
0.0477859
0.0471387
0.0465272
0.0459605
0.0454518
0.0450203
0.0446926
0.044506
0.961692
0.892185
0.829084
0.771728
0.719523
0.671944
0.628523
0.588843
0.552532
0.519258
0.488725
0.460668
0.434851
0.411061
0.389111
0.368829
0.350064
0.332678
0.316549
0.301565
0.287629
0.274649
0.262544
0.251243
0.240677
0.230788
0.221522
0.212828
0.204663
0.196985
0.189758
0.182948
0.176524
0.170458
0.164724
0.159299
0.154162
0.149292
0.144671
0.140284
0.136113
0.132146
0.128369
0.124771
0.121339
0.118064
0.114937
0.111947
0.109088
0.106352
0.103731
0.10122
0.0988108
0.0964991
0.0942793
0.0921463
0.0900956
0.0881227
0.0862237
0.0843947
0.0826322
0.0809328
0.0792933
0.0777107
0.0761824
0.0747056
0.0732779
0.0718969
0.0705605
0.0692665
0.068013
0.066798
0.0656199
0.0644769
0.0633674
0.0622899
0.061243
0.0602252
0.0592353
0.058272
0.0573342
0.0564207
0.0555305
0.0546627
0.0538165
0.052991
0.0521858
0.0514005
0.050635
0.0498897
0.0491653
0.0484635
0.0477869
0.0471398
0.0465282
0.0459615
0.0454529
0.0450214
0.0446936
0.0445071
0.961692
0.892185
0.829084
0.771728
0.719523
0.671944
0.628523
0.588843
0.552532
0.519258
0.488725
0.460668
0.434851
0.411061
0.389111
0.368829
0.350064
0.332678
0.316549
0.301566
0.287629
0.274649
0.262544
0.251243
0.240677
0.230788
0.221522
0.212828
0.204663
0.196985
0.189758
0.182948
0.176524
0.170458
0.164724
0.159299
0.154162
0.149292
0.144672
0.140284
0.136114
0.132147
0.12837
0.124771
0.121339
0.118065
0.114937
0.111948
0.109089
0.106353
0.103732
0.10122
0.0988112
0.0964995
0.0942797
0.0921467
0.090096
0.0881232
0.0862242
0.0843953
0.0826328
0.0809333
0.0792938
0.0777113
0.076183
0.0747063
0.0732786
0.0718976
0.0705612
0.0692673
0.0680138
0.0667988
0.0656207
0.0644778
0.0633683
0.0622909
0.0612439
0.0602262
0.0592363
0.0582731
0.0573353
0.0564218
0.0555317
0.054664
0.0538177
0.0529923
0.0521872
0.0514019
0.0506364
0.0498911
0.0491668
0.048465
0.0477885
0.0471413
0.0465298
0.0459631
0.0454545
0.045023
0.0446952
0.0445087
0.961692
0.892185
0.829084
0.771728
0.719523
0.671944
0.628523
0.588843
0.552532
0.519258
0.488725
0.460668
0.434851
0.411061
0.389111
0.368829
0.350064
0.332678
0.316549
0.301566
0.287629
0.274649
0.262545
0.251243
0.240677
0.230789
0.221522
0.212828
0.204663
0.196985
0.189758
0.182948
0.176524
0.170458
0.164724
0.1593
0.154162
0.149292
0.144672
0.140284
0.136114
0.132147
0.12837
0.124771
0.12134
0.118065
0.114937
0.111948
0.109089
0.106353
0.103732
0.101221
0.0988117
0.0965001
0.0942803
0.0921473
0.0900966
0.0881238
0.0862249
0.084396
0.0826335
0.0809341
0.0792946
0.0777121
0.0761838
0.0747071
0.0732795
0.0718986
0.0705622
0.0692683
0.0680148
0.0667999
0.0656219
0.0644789
0.0633695
0.0622921
0.0612452
0.0602275
0.0592377
0.0582745
0.0573368
0.0564234
0.0555333
0.0546656
0.0538194
0.052994
0.0521889
0.0514037
0.0506383
0.049893
0.0491687
0.048467
0.0477905
0.0471434
0.0465319
0.0459652
0.0454566
0.0450251
0.0446973
0.0445108
0.961692
0.892185
0.829084
0.771728
0.719523
0.671944
0.628523
0.588843
0.552532
0.519258
0.488725
0.460668
0.434851
0.411061
0.389111
0.368829
0.350064
0.332678
0.316549
0.301566
0.287629
0.274649
0.262545
0.251243
0.240678
0.230789
0.221522
0.212828
0.204663
0.196985
0.189758
0.182948
0.176524
0.170458
0.164725
0.1593
0.154162
0.149293
0.144672
0.140285
0.136114
0.132147
0.12837
0.124772
0.12134
0.118065
0.114938
0.111949
0.10909
0.106354
0.103733
0.101221
0.0988123
0.0965007
0.0942809
0.092148
0.0900974
0.0881246
0.0862257
0.0843968
0.0826343
0.080935
0.0792956
0.0777131
0.0761849
0.0747082
0.0732806
0.0718997
0.0705634
0.0692695
0.0680161
0.0668012
0.0656232
0.0644803
0.063371
0.0622936
0.0612468
0.0602291
0.0592394
0.0582762
0.0573385
0.0564252
0.0555352
0.0546675
0.0538214
0.0529961
0.0521911
0.0514059
0.0506406
0.0498954
0.0491711
0.0484694
0.047793
0.0471459
0.0465344
0.0459678
0.0454592
0.0450277
0.0446999
0.0445134
0.961692
0.892185
0.829084
0.771728
0.719523
0.671944
0.628523
0.588843
0.552532
0.519258
0.488725
0.460668
0.434851
0.411062
0.389111
0.368829
0.350064
0.332678
0.316549
0.301566
0.287629
0.274649
0.262545
0.251243
0.240678
0.230789
0.221522
0.212829
0.204663
0.196986
0.189758
0.182948
0.176524
0.170458
0.164725
0.1593
0.154163
0.149293
0.144673
0.140285
0.136115
0.132148
0.128371
0.124772
0.121341
0.118066
0.114938
0.111949
0.10909
0.106354
0.103734
0.101222
0.0988131
0.0965015
0.0942817
0.0921489
0.0900983
0.0881255
0.0862266
0.0843978
0.0826354
0.080936
0.0792967
0.0777143
0.0761861
0.0747094
0.0732819
0.071901
0.0705648
0.0692709
0.0680176
0.0668028
0.0656248
0.064482
0.0633727
0.0622954
0.0612486
0.060231
0.0592413
0.0582783
0.0573406
0.0564274
0.0555374
0.0546699
0.0538238
0.0529986
0.0521936
0.0514085
0.0506433
0.0498981
0.0491739
0.0484723
0.0477959
0.0471489
0.0465374
0.0459708
0.0454622
0.0450307
0.0447029
0.0445164
0.961692
0.892185
0.829084
0.771728
0.719523
0.671944
0.628523
0.588843
0.552532
0.519258
0.488725
0.460668
0.434851
0.411062
0.389111
0.368829
0.350064
0.332678
0.316549
0.301566
0.287629
0.274649
0.262545
0.251243
0.240678
0.230789
0.221522
0.212829
0.204663
0.196986
0.189759
0.182949
0.176525
0.170459
0.164725
0.1593
0.154163
0.149293
0.144673
0.140285
0.136115
0.132148
0.128371
0.124773
0.121341
0.118066
0.114939
0.11195
0.109091
0.106355
0.103734
0.101223
0.0988139
0.0965024
0.0942826
0.0921498
0.0900992
0.0881266
0.0862277
0.0843989
0.0826365
0.0809372
0.0792979
0.0777156
0.0761874
0.0747108
0.0732833
0.0719026
0.0705663
0.0692725
0.0680192
0.0668045
0.0656266
0.0644839
0.0633746
0.0622974
0.0612507
0.0602332
0.0592436
0.0582806
0.057343
0.0564298
0.05554
0.0546725
0.0538265
0.0530014
0.0521965
0.0514115
0.0506463
0.0499012
0.0491771
0.0484755
0.0477992
0.0471522
0.0465408
0.0459742
0.0454657
0.0450341
0.0447064
0.0445198
0.961692
0.892185
0.829084
0.771728
0.719523
0.671944
0.628523
0.588843
0.552532
0.519258
0.488725
0.460668
0.434851
0.411062
0.389111
0.368829
0.350064
0.332678
0.316549
0.301566
0.287629
0.274649
0.262545
0.251243
0.240678
0.230789
0.221523
0.212829
0.204664
0.196986
0.189759
0.182949
0.176525
0.170459
0.164726
0.159301
0.154164
0.149294
0.144673
0.140286
0.136116
0.132149
0.128372
0.124773
0.121342
0.118067
0.11494
0.111951
0.109092
0.106356
0.103735
0.101224
0.0988148
0.0965033
0.0942837
0.0921509
0.0901003
0.0881277
0.0862289
0.0844001
0.0826378
0.0809386
0.0792993
0.077717
0.0761889
0.0747124
0.0732849
0.0719042
0.0705681
0.0692744
0.0680211
0.0668065
0.0656286
0.0644859
0.0633768
0.0622996
0.061253
0.0602356
0.059246
0.0582831
0.0573457
0.0564326
0.0555428
0.0546754
0.0538295
0.0530045
0.0521997
0.0514148
0.0506497
0.0499047
0.0491806
0.0484791
0.0478029
0.047156
0.0465446
0.0459781
0.0454695
0.045038
0.0447102
0.0445237
0.961692
0.892184
0.829084
0.771728
0.719523
0.671944
0.628523
0.588843
0.552532
0.519258
0.488725
0.460668
0.434851
0.411062
0.389111
0.368829
0.350064
0.332678
0.316549
0.301566
0.287629
0.274649
0.262545
0.251243
0.240678
0.230789
0.221523
0.212829
0.204664
0.196986
0.189759
0.182949
0.176525
0.170459
0.164726
0.159301
0.154164
0.149294
0.144674
0.140286
0.136116
0.132149
0.128373
0.124774
0.121343
0.118068
0.11494
0.111951
0.109093
0.106357
0.103736
0.101224
0.0988158
0.0965044
0.0942847
0.092152
0.0901015
0.088129
0.0862302
0.0844015
0.0826392
0.0809401
0.0793008
0.0777186
0.0761906
0.0747141
0.0732867
0.0719061
0.07057
0.0692763
0.0680232
0.0668086
0.0656308
0.0644882
0.0633791
0.0623021
0.0612555
0.0602382
0.0592487
0.0582859
0.0573486
0.0564355
0.0555459
0.0546786
0.0538328
0.0530079
0.0522032
0.0514183
0.0506533
0.0499084
0.0491845
0.0484831
0.0478069
0.04716
0.0465488
0.0459822
0.0454737
0.0450422
0.0447145
0.0445279
0.961692
0.892184
0.829084
0.771728
0.719523
0.671944
0.628523
0.588843
0.552532
0.519258
0.488725
0.460668
0.434851
0.411062
0.389111
0.368829
0.350064
0.332678
0.316549
0.301566
0.287629
0.274649
0.262545
0.251244
0.240678
0.230789
0.221523
0.212829
0.204664
0.196987
0.18976
0.18295
0.176526
0.17046
0.164726
0.159302
0.154164
0.149295
0.144674
0.140287
0.136117
0.13215
0.128373
0.124775
0.121343
0.118069
0.114941
0.111952
0.109094
0.106358
0.103737
0.101226
0.0988169
0.0965055
0.0942859
0.0921533
0.0901028
0.0881303
0.0862316
0.0844029
0.0826407
0.0809416
0.0793025
0.0777203
0.0761923
0.0747159
0.0732886
0.071908
0.070572
0.0692785
0.0680254
0.0668109
0.0656332
0.0644907
0.0633817
0.0623047
0.0612582
0.060241
0.0592516
0.0582889
0.0573517
0.0564388
0.0555492
0.054682
0.0538363
0.0530115
0.0522069
0.0514222
0.0506573
0.0499125
0.0491887
0.0484873
0.0478112
0.0471644
0.0465532
0.0459867
0.0454783
0.0450468
0.044719
0.0445324
0.961692
0.892184
0.829084
0.771727
0.719523
0.671944
0.628523
0.588843
0.552532
0.519258
0.488725
0.460668
0.434851
0.411062
0.389111
0.368829
0.350064
0.332678
0.316549
0.301566
0.28763
0.27465
0.262545
0.251244
0.240678
0.23079
0.221523
0.21283
0.204664
0.196987
0.18976
0.18295
0.176526
0.17046
0.164727
0.159302
0.154165
0.149295
0.144675
0.140287
0.136117
0.132151
0.128374
0.124775
0.121344
0.118069
0.114942
0.111953
0.109095
0.106359
0.103738
0.101227
0.0988181
0.0965067
0.0942872
0.0921546
0.0901042
0.0881317
0.0862331
0.0844045
0.0826423
0.0809433
0.0793042
0.0777221
0.0761942
0.0747179
0.0732906
0.0719101
0.0705742
0.0692807
0.0680277
0.0668133
0.0656357
0.0644933
0.0633844
0.0623075
0.0612611
0.060244
0.0592547
0.0582921
0.057355
0.0564422
0.0555527
0.0546856
0.0538401
0.0530154
0.0522109
0.0514263
0.0506615
0.0499168
0.0491931
0.0484919
0.0478158
0.0471691
0.046558
0.0459915
0.0454831
0.0450516
0.0447239
0.0445372
0.961692
0.892184
0.829084
0.771727
0.719523
0.671944
0.628523
0.588843
0.552532
0.519258
0.488725
0.460668
0.434851
0.411062
0.389111
0.36883
0.350064
0.332678
0.316549
0.301566
0.28763
0.27465
0.262546
0.251244
0.240679
0.23079
0.221523
0.21283
0.204665
0.196987
0.18976
0.18295
0.176526
0.170461
0.164727
0.159303
0.154165
0.149296
0.144676
0.140288
0.136118
0.132151
0.128375
0.124776
0.121345
0.11807
0.114943
0.111954
0.109096
0.10636
0.103739
0.101228
0.0988193
0.096508
0.0942885
0.0921559
0.0901056
0.0881332
0.0862346
0.0844061
0.082644
0.0809451
0.079306
0.077724
0.0761962
0.0747199
0.0732928
0.0719123
0.0705765
0.0692831
0.0680302
0.0668158
0.0656383
0.064496
0.0633872
0.0623104
0.0612642
0.0602471
0.059258
0.0582955
0.0573584
0.0564457
0.0555564
0.0546894
0.053844
0.0530194
0.0522151
0.0514306
0.0506659
0.0499214
0.0491977
0.0484966
0.0478207
0.0471741
0.046563
0.0459966
0.0454882
0.0450567
0.044729
0.0445423
0.961692
0.892184
0.829084
0.771727
0.719523
0.671944
0.628523
0.588843
0.552532
0.519258
0.488725
0.460668
0.434851
0.411062
0.389111
0.36883
0.350064
0.332678
0.316549
0.301566
0.28763
0.27465
0.262546
0.251244
0.240679
0.23079
0.221524
0.21283
0.204665
0.196987
0.189761
0.182951
0.176527
0.170461
0.164728
0.159303
0.154166
0.149296
0.144676
0.140289
0.136119
0.132152
0.128375
0.124777
0.121346
0.118071
0.114944
0.111955
0.109097
0.106361
0.10374
0.101229
0.0988205
0.0965093
0.0942899
0.0921574
0.0901071
0.0881348
0.0862363
0.0844078
0.0826458
0.0809469
0.0793079
0.077726
0.0761982
0.0747221
0.073295
0.0719146
0.0705789
0.0692856
0.0680327
0.0668185
0.0656411
0.0644988
0.0633901
0.0623134
0.0612673
0.0602504
0.0592614
0.058299
0.057362
0.0564495
0.0555603
0.0546934
0.0538481
0.0530237
0.0522194
0.0514351
0.0506706
0.0499261
0.0492026
0.0485016
0.0478258
0.0471792
0.0465682
0.0460019
0.0454935
0.0450621
0.0447343
0.0445477
0.961692
0.892184
0.829084
0.771727
0.719523
0.671944
0.628523
0.588843
0.552532
0.519258
0.488725
0.460668
0.434851
0.411062
0.389111
0.36883
0.350064
0.332679
0.316549
0.301566
0.28763
0.27465
0.262546
0.251244
0.240679
0.23079
0.221524
0.21283
0.204665
0.196988
0.189761
0.182951
0.176527
0.170461
0.164728
0.159304
0.154166
0.149297
0.144677
0.140289
0.136119
0.132153
0.128376
0.124778
0.121347
0.118072
0.114945
0.111956
0.109098
0.106362
0.103741
0.10123
0.0988218
0.0965106
0.0942913
0.0921588
0.0901087
0.0881364
0.0862379
0.0844095
0.0826476
0.0809488
0.0793099
0.077728
0.0762004
0.0747243
0.0732973
0.071917
0.0705813
0.0692881
0.0680354
0.0668212
0.0656439
0.0645018
0.0633932
0.0623166
0.0612706
0.0602538
0.0592648
0.0583026
0.0573658
0.0564533
0.0555642
0.0546975
0.0538524
0.0530281
0.052224
0.0514398
0.0506753
0.049931
0.0492076
0.0485067
0.047831
0.0471846
0.0465736
0.0460074
0.0454991
0.0450677
0.0447399
0.0445532
0.961692
0.892184
0.829084
0.771727
0.719523
0.671944
0.628523
0.588843
0.552532
0.519258
0.488725
0.460668
0.434851
0.411062
0.389111
0.36883
0.350064
0.332679
0.31655
0.301567
0.28763
0.27465
0.262546
0.251244
0.240679
0.230791
0.221524
0.212831
0.204666
0.196988
0.189761
0.182951
0.176528
0.170462
0.164729
0.159304
0.154167
0.149297
0.144677
0.14029
0.13612
0.132153
0.128377
0.124779
0.121347
0.118073
0.114946
0.111957
0.109099
0.106363
0.103743
0.101231
0.0988232
0.096512
0.0942927
0.0921604
0.0901102
0.088138
0.0862397
0.0844113
0.0826495
0.0809507
0.0793119
0.0777301
0.0762025
0.0747265
0.0732996
0.0719195
0.0705839
0.0692907
0.0680381
0.0668241
0.0656469
0.0645048
0.0633963
0.0623198
0.0612739
0.0602572
0.0592684
0.0583063
0.0573696
0.0564573
0.0555683
0.0547018
0.0538568
0.0530326
0.0522286
0.0514445
0.0506803
0.0499361
0.0492128
0.048512
0.0478364
0.0471901
0.0465792
0.046013
0.0455048
0.0450734
0.0447457
0.044559
0.961692
0.892184
0.829084
0.771727
0.719523
0.671944
0.628523
0.588843
0.552532
0.519258
0.488725
0.460668
0.434851
0.411062
0.389111
0.36883
0.350064
0.332679
0.31655
0.301567
0.28763
0.27465
0.262546
0.251245
0.240679
0.230791
0.221524
0.212831
0.204666
0.196988
0.189762
0.182952
0.176528
0.170462
0.164729
0.159305
0.154168
0.149298
0.144678
0.140291
0.136121
0.132154
0.128378
0.12478
0.121348
0.118074
0.114947
0.111958
0.1091
0.106364
0.103744
0.101233
0.0988245
0.0965134
0.0942942
0.0921619
0.0901119
0.0881397
0.0862414
0.0844132
0.0826514
0.0809527
0.079314
0.0777323
0.0762048
0.0747288
0.073302
0.071922
0.0705865
0.0692934
0.0680409
0.0668269
0.0656498
0.0645079
0.0633995
0.0623232
0.0612774
0.0602608
0.0592721
0.0583101
0.0573735
0.0564614
0.0555725
0.0547061
0.0538612
0.0530372
0.0522334
0.0514494
0.0506853
0.0499412
0.0492181
0.0485175
0.047842
0.0471957
0.046585
0.0460188
0.0455106
0.0450793
0.0447515
0.0445648
0.961692
0.892184
0.829084
0.771727
0.719523
0.671944
0.628523
0.588843
0.552532
0.519258
0.488725
0.460668
0.434851
0.411062
0.389111
0.36883
0.350064
0.332679
0.31655
0.301567
0.28763
0.27465
0.262546
0.251245
0.24068
0.230791
0.221525
0.212831
0.204666
0.196989
0.189762
0.182952
0.176528
0.170463
0.16473
0.159305
0.154168
0.149299
0.144679
0.140291
0.136122
0.132155
0.128379
0.12478
0.121349
0.118075
0.114948
0.111959
0.109101
0.106365
0.103745
0.101234
0.0988259
0.0965149
0.0942957
0.0921635
0.0901135
0.0881414
0.0862432
0.084415
0.0826533
0.0809547
0.0793161
0.0777345
0.076207
0.0747312
0.0733045
0.0719245
0.0705891
0.0692961
0.0680437
0.0668299
0.0656529
0.064511
0.0634028
0.0623265
0.0612809
0.0602644
0.0592758
0.0583139
0.0573775
0.0564655
0.0555768
0.0547105
0.0538658
0.0530419
0.0522382
0.0514544
0.0506904
0.0499465
0.0492235
0.048523
0.0478476
0.0472015
0.0465908
0.0460248
0.0455166
0.0450853
0.0447576
0.0445708
0.961692
0.892184
0.829084
0.771727
0.719523
0.671944
0.628523
0.588843
0.552532
0.519258
0.488725
0.460668
0.434851
0.411062
0.389111
0.36883
0.350064
0.332679
0.31655
0.301567
0.28763
0.27465
0.262546
0.251245
0.24068
0.230791
0.221525
0.212831
0.204666
0.196989
0.189762
0.182952
0.176529
0.170463
0.16473
0.159306
0.154169
0.149299
0.144679
0.140292
0.136122
0.132156
0.128379
0.124781
0.12135
0.118076
0.114949
0.11196
0.109102
0.106367
0.103746
0.101235
0.0988273
0.0965163
0.0942973
0.0921651
0.0901152
0.0881432
0.086245
0.0844169
0.0826553
0.0809568
0.0793182
0.0777367
0.0762093
0.0747336
0.0733069
0.0719271
0.0705917
0.0692989
0.0680466
0.0668328
0.0656559
0.0645142
0.0634061
0.0623299
0.0612844
0.060268
0.0592796
0.0583178
0.0573816
0.0564697
0.0555811
0.054715
0.0538704
0.0530466
0.0522431
0.0514594
0.0506956
0.0499518
0.0492289
0.0485286
0.0478533
0.0472073
0.0465967
0.0460307
0.0455226
0.0450913
0.0447636
0.0445769
0.961692
0.892184
0.829084
0.771727
0.719522
0.671944
0.628523
0.588843
0.552532
0.519258
0.488725
0.460668
0.434851
0.411062
0.389111
0.36883
0.350064
0.332679
0.31655
0.301567
0.28763
0.274651
0.262547
0.251245
0.24068
0.230791
0.221525
0.212832
0.204667
0.196989
0.189763
0.182953
0.176529
0.170464
0.16473
0.159306
0.154169
0.1493
0.14468
0.140293
0.136123
0.132157
0.12838
0.124782
0.121351
0.118077
0.11495
0.111962
0.109103
0.106368
0.103748
0.101237
0.0988287
0.0965178
0.0942988
0.0921667
0.0901168
0.0881449
0.0862468
0.0844188
0.0826573
0.0809588
0.0793203
0.0777389
0.0762116
0.074736
0.0733094
0.0719296
0.0705944
0.0693017
0.0680494
0.0668358
0.065659
0.0645174
0.0634094
0.0623333
0.0612879
0.0602717
0.0592834
0.0583218
0.0573856
0.0564738
0.0555854
0.0547194
0.053875
0.0530513
0.052248
0.0514645
0.0507008
0.0499572
0.0492344
0.0485342
0.0478591
0.0472132
0.0466027
0.0460368
0.0455287
0.0450975
0.0447698
0.044583
0.961692
0.892184
0.829084
0.771727
0.719522
0.671944
0.628523
0.588843
0.552532
0.519258
0.488725
0.460668
0.434851
0.411062
0.389111
0.36883
0.350065
0.332679
0.31655
0.301567
0.28763
0.274651
0.262547
0.251245
0.24068
0.230792
0.221525
0.212832
0.204667
0.19699
0.189763
0.182953
0.17653
0.170464
0.164731
0.159307
0.15417
0.149301
0.144681
0.140293
0.136124
0.132157
0.128381
0.124783
0.121352
0.118078
0.114951
0.111963
0.109104
0.106369
0.103749
0.101238
0.0988301
0.0965193
0.0943003
0.0921683
0.0901185
0.0881466
0.0862487
0.0844207
0.0826592
0.0809609
0.0793225
0.0777411
0.0762139
0.0747384
0.0733119
0.0719322
0.0705971
0.0693044
0.0680523
0.0668388
0.0656621
0.0645206
0.0634127
0.0623368
0.0612915
0.0602754
0.0592872
0.0583257
0.0573897
0.056478
0.0555898
0.0547239
0.0538796
0.0530561
0.0522529
0.0514696
0.050706
0.0499625
0.04924
0.0485398
0.0478648
0.047219
0.0466087
0.0460429
0.0455349
0.0451037
0.044776
0.0445892
0.961692
0.892184
0.829084
0.771727
0.719522
0.671944
0.628523
0.588843
0.552532
0.519258
0.488725
0.460668
0.434851
0.411062
0.389111
0.36883
0.350065
0.332679
0.31655
0.301567
0.287631
0.274651
0.262547
0.251245
0.24068
0.230792
0.221525
0.212832
0.204667
0.19699
0.189763
0.182954
0.17653
0.170465
0.164731
0.159307
0.15417
0.149301
0.144681
0.140294
0.136124
0.132158
0.128382
0.124784
0.121353
0.118079
0.114952
0.111964
0.109106
0.10637
0.10375
0.101239
0.0988315
0.0965207
0.0943018
0.0921699
0.0901202
0.0881484
0.0862505
0.0844226
0.0826612
0.0809629
0.0793246
0.0777433
0.0762162
0.0747407
0.0733144
0.0719348
0.0705998
0.0693072
0.0680552
0.0668418
0.0656652
0.0645238
0.063416
0.0623402
0.061295
0.060279
0.059291
0.0583296
0.0573937
0.0564822
0.0555941
0.0547284
0.0538842
0.0530609
0.0522578
0.0514746
0.0507112
0.0499679
0.0492455
0.0485455
0.0478706
0.0472249
0.0466147
0.0460489
0.045541
0.0451098
0.0447821
0.0445954
0.961692
0.892184
0.829084
0.771727
0.719522
0.671944
0.628523
0.588843
0.552532
0.519258
0.488725
0.460668
0.434851
0.411062
0.389111
0.36883
0.350065
0.332679
0.31655
0.301567
0.287631
0.274651
0.262547
0.251245
0.24068
0.230792
0.221526
0.212832
0.204668
0.19699
0.189764
0.182954
0.17653
0.170465
0.164732
0.159308
0.154171
0.149302
0.144682
0.140295
0.136125
0.132159
0.128383
0.124785
0.121354
0.11808
0.114953
0.111965
0.109107
0.106371
0.103752
0.101241
0.0988328
0.0965222
0.0943034
0.0921715
0.0901218
0.0881501
0.0862523
0.0844245
0.0826631
0.0809649
0.0793267
0.0777455
0.0762185
0.0747431
0.0733168
0.0719373
0.0706024
0.06931
0.068058
0.0668447
0.0656682
0.064527
0.0634192
0.0623436
0.0612985
0.0602827
0.0592947
0.0583335
0.0573977
0.0564864
0.0555984
0.0547328
0.0538888
0.0530656
0.0522627
0.0514797
0.0507164
0.0499732
0.0492509
0.0485511
0.0478764
0.0472308
0.0466206
0.046055
0.0455471
0.045116
0.0447883
0.0446015
0.961692
0.892184
0.829084
0.771727
0.719522
0.671944
0.628523
0.588843
0.552532
0.519258
0.488725
0.460668
0.434851
0.411062
0.389111
0.36883
0.350065
0.332679
0.31655
0.301567
0.287631
0.274651
0.262547
0.251246
0.240681
0.230792
0.221526
0.212833
0.204668
0.196991
0.189764
0.182954
0.176531
0.170465
0.164732
0.159308
0.154171
0.149302
0.144683
0.140296
0.136126
0.13216
0.128384
0.124786
0.121355
0.118081
0.114954
0.111966
0.109108
0.106373
0.103753
0.101242
0.0988342
0.0965236
0.0943048
0.092173
0.0901235
0.0881518
0.086254
0.0844263
0.0826651
0.080967
0.0793288
0.0777477
0.0762208
0.0747455
0.0733193
0.0719399
0.070605
0.0693127
0.0680608
0.0668476
0.0656713
0.0645301
0.0634225
0.0623469
0.061302
0.0602863
0.0592985
0.0583373
0.0574017
0.0564905
0.0556027
0.0547372
0.0538934
0.0530703
0.0522675
0.0514847
0.0507215
0.0499785
0.0492564
0.0485567
0.0478821
0.0472366
0.0466265
0.046061
0.0455532
0.0451221
0.0447944
0.0446076
0.961692
0.892184
0.829084
0.771727
0.719522
0.671944
0.628523
0.588843
0.552532
0.519258
0.488725
0.460668
0.434851
0.411062
0.389111
0.36883
0.350065
0.332679
0.31655
0.301567
0.287631
0.274651
0.262547
0.251246
0.240681
0.230792
0.221526
0.212833
0.204668
0.196991
0.189764
0.182955
0.176531
0.170466
0.164733
0.159309
0.154172
0.149303
0.144683
0.140296
0.136127
0.13216
0.128384
0.124786
0.121356
0.118082
0.114955
0.111967
0.109109
0.106374
0.103754
0.101243
0.0988356
0.096525
0.0943063
0.0921746
0.0901251
0.0881535
0.0862558
0.0844281
0.082667
0.0809689
0.0793309
0.0777498
0.076223
0.0747478
0.0733217
0.0719424
0.0706076
0.0693154
0.0680636
0.0668505
0.0656743
0.0645332
0.0634257
0.0623503
0.0613054
0.0602898
0.0593021
0.0583411
0.0574057
0.0564946
0.0556069
0.0547416
0.0538978
0.053075
0.0522723
0.0514896
0.0507266
0.0499837
0.0492617
0.0485622
0.0478877
0.0472424
0.0466324
0.0460669
0.0455592
0.0451281
0.0448005
0.0446137
0.961692
0.892184
0.829084
0.771727
0.719522
0.671944
0.628523
0.588843
0.552532
0.519258
0.488725
0.460668
0.434851
0.411062
0.389111
0.36883
0.350065
0.332679
0.31655
0.301567
0.287631
0.274651
0.262547
0.251246
0.240681
0.230792
0.221526
0.212833
0.204668
0.196991
0.189765
0.182955
0.176532
0.170466
0.164733
0.159309
0.154173
0.149303
0.144684
0.140297
0.136127
0.132161
0.128385
0.124787
0.121357
0.118083
0.114956
0.111968
0.10911
0.106375
0.103755
0.101245
0.0988369
0.0965264
0.0943078
0.0921761
0.0901266
0.0881551
0.0862575
0.0844299
0.0826688
0.0809709
0.0793329
0.0777519
0.0762252
0.07475
0.073324
0.0719448
0.0706101
0.069318
0.0680663
0.0668533
0.0656772
0.0645362
0.0634288
0.0623535
0.0613088
0.0602933
0.0593058
0.0583449
0.0574095
0.0564986
0.055611
0.0547458
0.0539022
0.0530795
0.052277
0.0514944
0.0507316
0.0499889
0.049267
0.0485676
0.0478932
0.047248
0.0466382
0.0460728
0.0455651
0.0451341
0.0448065
0.0446197
0.961692
0.892184
0.829084
0.771727
0.719522
0.671944
0.628523
0.588843
0.552532
0.519258
0.488725
0.460668
0.434851
0.411062
0.389111
0.36883
0.350065
0.332679
0.31655
0.301567
0.287631
0.274651
0.262547
0.251246
0.240681
0.230793
0.221527
0.212833
0.204669
0.196991
0.189765
0.182955
0.176532
0.170467
0.164734
0.15931
0.154173
0.149304
0.144684
0.140297
0.136128
0.132162
0.128386
0.124788
0.121357
0.118084
0.114957
0.111969
0.109111
0.106376
0.103756
0.101246
0.0988382
0.0965277
0.0943092
0.0921776
0.0901282
0.0881568
0.0862592
0.0844317
0.0826707
0.0809728
0.0793349
0.077754
0.0762273
0.0747523
0.0733263
0.0719472
0.0706126
0.0693206
0.068069
0.0668561
0.0656801
0.0645392
0.0634319
0.0623567
0.0613121
0.0602967
0.0593093
0.0583485
0.0574133
0.0565025
0.055615
0.05475
0.0539066
0.053084
0.0522816
0.0514992
0.0507365
0.0499939
0.0492722
0.0485729
0.0478987
0.0472536
0.0466438
0.0460785
0.0455709
0.0451399
0.0448123
0.0446255
0.961692
0.892184
0.829084
0.771727
0.719522
0.671944
0.628523
0.588843
0.552532
0.519258
0.488725
0.460668
0.434851
0.411062
0.389111
0.36883
0.350065
0.332679
0.31655
0.301567
0.287631
0.274651
0.262547
0.251246
0.240681
0.230793
0.221527
0.212834
0.204669
0.196992
0.189765
0.182956
0.176532
0.170467
0.164734
0.15931
0.154174
0.149304
0.144685
0.140298
0.136129
0.132162
0.128387
0.124789
0.121358
0.118085
0.114958
0.11197
0.109112
0.106377
0.103758
0.101247
0.0988394
0.0965291
0.0943106
0.092179
0.0901297
0.0881583
0.0862608
0.0844334
0.0826725
0.0809746
0.0793368
0.077756
0.0762294
0.0747544
0.0733286
0.0719495
0.0706151
0.0693231
0.0680716
0.0668588
0.0656829
0.0645421
0.0634349
0.0623598
0.0613153
0.0603001
0.0593127
0.0583521
0.057417
0.0565063
0.055619
0.0547541
0.0539108
0.0530883
0.0522861
0.0515038
0.0507413
0.0499988
0.0492773
0.0485781
0.047904
0.047259
0.0466494
0.0460841
0.0455766
0.0451457
0.0448181
0.0446312
0.961692
0.892184
0.829084
0.771727
0.719522
0.671944
0.628523
0.588843
0.552532
0.519258
0.488725
0.460668
0.434851
0.411062
0.389111
0.36883
0.350065
0.332679
0.31655
0.301567
0.287631
0.274651
0.262548
0.251246
0.240681
0.230793
0.221527
0.212834
0.204669
0.196992
0.189765
0.182956
0.176533
0.170467
0.164735
0.159311
0.154174
0.149305
0.144685
0.140299
0.136129
0.132163
0.128387
0.12479
0.121359
0.118085
0.114959
0.111971
0.109113
0.106378
0.103759
0.101248
0.0988407
0.0965303
0.0943119
0.0921804
0.0901312
0.0881599
0.0862624
0.0844351
0.0826742
0.0809765
0.0793387
0.077758
0.0762314
0.0747566
0.0733308
0.0719518
0.0706174
0.0693255
0.0680742
0.0668614
0.0656856
0.0645449
0.0634379
0.0623628
0.0613185
0.0603033
0.0593161
0.0583556
0.0574206
0.05651
0.0556228
0.0547581
0.0539149
0.0530926
0.0522905
0.0515083
0.050746
0.0500036
0.0492822
0.0485832
0.0479092
0.0472643
0.0466548
0.0460896
0.0455822
0.0451513
0.0448237
0.0446368
0.961692
0.892184
0.829084
0.771727
0.719522
0.671944
0.628523
0.588843
0.552532
0.519258
0.488725
0.460668
0.434851
0.411062
0.389111
0.36883
0.350065
0.332679
0.31655
0.301567
0.287631
0.274652
0.262548
0.251246
0.240681
0.230793
0.221527
0.212834
0.204669
0.196992
0.189766
0.182956
0.176533
0.170468
0.164735
0.159311
0.154174
0.149305
0.144686
0.140299
0.13613
0.132164
0.128388
0.12479
0.12136
0.118086
0.11496
0.111972
0.109114
0.106379
0.10376
0.101249
0.0988418
0.0965316
0.0943132
0.0921818
0.0901326
0.0881614
0.086264
0.0844367
0.0826759
0.0809782
0.0793405
0.0777598
0.0762334
0.0747586
0.0733329
0.071954
0.0706197
0.0693279
0.0680766
0.066864
0.0656882
0.0645477
0.0634407
0.0623658
0.0613215
0.0603065
0.0593194
0.058359
0.0574241
0.0565136
0.0556266
0.0547619
0.0539189
0.0530967
0.0522948
0.0515127
0.0507505
0.0500083
0.049287
0.0485881
0.0479142
0.0472695
0.04666
0.046095
0.0455875
0.0451567
0.0448291
0.0446423
0.961692
0.892184
0.829084
0.771727
0.719522
0.671944
0.628523
0.588843
0.552532
0.519258
0.488725
0.460668
0.434851
0.411062
0.389111
0.36883
0.350065
0.332679
0.31655
0.301568
0.287631
0.274652
0.262548
0.251246
0.240682
0.230793
0.221527
0.212834
0.204669
0.196992
0.189766
0.182957
0.176533
0.170468
0.164735
0.159311
0.154175
0.149306
0.144686
0.1403
0.13613
0.132164
0.128389
0.124791
0.121361
0.118087
0.114961
0.111973
0.109115
0.10638
0.103761
0.10125
0.098843
0.0965328
0.0943145
0.0921831
0.090134
0.0881628
0.0862655
0.0844383
0.0826775
0.0809799
0.0793423
0.0777617
0.0762353
0.0747606
0.073335
0.0719561
0.0706219
0.0693302
0.068079
0.0668664
0.0656908
0.0645503
0.0634434
0.0623686
0.0613244
0.0603095
0.0593225
0.0583622
0.0574274
0.0565171
0.0556302
0.0547657
0.0539227
0.0531007
0.0522989
0.051517
0.0507549
0.0500128
0.0492916
0.0485929
0.0479191
0.0472745
0.0466651
0.0461001
0.0455928
0.0451619
0.0448344
0.0446476
0.961692
0.892184
0.829084
0.771727
0.719522
0.671944
0.628523
0.588843
0.552532
0.519258
0.488724
0.460668
0.434851
0.411062
0.389111
0.36883
0.350065
0.332679
0.31655
0.301568
0.287631
0.274652
0.262548
0.251247
0.240682
0.230793
0.221527
0.212834
0.20467
0.196993
0.189766
0.182957
0.176534
0.170468
0.164736
0.159312
0.154175
0.149306
0.144687
0.1403
0.136131
0.132165
0.128389
0.124792
0.121361
0.118088
0.114961
0.111974
0.109116
0.106381
0.103762
0.101251
0.0988441
0.0965339
0.0943157
0.0921843
0.0901353
0.0881642
0.0862669
0.0844398
0.0826791
0.0809815
0.079344
0.0777634
0.0762371
0.0747625
0.0733369
0.0719582
0.070624
0.0693324
0.0680813
0.0668688
0.0656932
0.0645528
0.0634461
0.0623713
0.0613272
0.0603124
0.0593255
0.0583653
0.0574307
0.0565205
0.0556336
0.0547692
0.0539264
0.0531045
0.0523028
0.0515211
0.0507591
0.0500172
0.0492961
0.0485974
0.0479238
0.0472793
0.04667
0.0461051
0.0455978
0.045167
0.0448395
0.0446526
0.961692
0.892184
0.829084
0.771727
0.719522
0.671944
0.628523
0.588843
0.552532
0.519258
0.488724
0.460668
0.434851
0.411062
0.389111
0.36883
0.350065
0.332679
0.31655
0.301568
0.287631
0.274652
0.262548
0.251247
0.240682
0.230794
0.221528
0.212835
0.20467
0.196993
0.189766
0.182957
0.176534
0.170469
0.164736
0.159312
0.154176
0.149307
0.144687
0.140301
0.136132
0.132166
0.12839
0.124792
0.121362
0.118088
0.114962
0.111974
0.109117
0.106382
0.103763
0.101252
0.0988451
0.096535
0.0943168
0.0921856
0.0901366
0.0881655
0.0862683
0.0844412
0.0826806
0.0809831
0.0793456
0.0777651
0.0762389
0.0747643
0.0733388
0.0719602
0.0706261
0.0693345
0.0680835
0.0668711
0.0656956
0.0645553
0.0634486
0.0623739
0.06133
0.0603152
0.0593284
0.0583683
0.0574338
0.0565237
0.055637
0.0547727
0.05393
0.0531082
0.0523066
0.051525
0.0507631
0.0500213
0.0493004
0.0486019
0.0479283
0.0472839
0.0466747
0.0461099
0.0456026
0.0451719
0.0448444
0.0446575
0.961692
0.892184
0.829084
0.771727
0.719522
0.671944
0.628523
0.588843
0.552532
0.519258
0.488724
0.460668
0.434851
0.411062
0.389111
0.36883
0.350065
0.332679
0.31655
0.301568
0.287631
0.274652
0.262548
0.251247
0.240682
0.230794
0.221528
0.212835
0.20467
0.196993
0.189767
0.182957
0.176534
0.170469
0.164736
0.159313
0.154176
0.149307
0.144688
0.140301
0.136132
0.132166
0.128391
0.124793
0.121363
0.118089
0.114963
0.111975
0.109118
0.106383
0.103764
0.101253
0.0988462
0.0965361
0.0943179
0.0921867
0.0901378
0.0881668
0.0862696
0.0844426
0.082682
0.0809846
0.0793471
0.0777667
0.0762406
0.074766
0.0733406
0.071962
0.070628
0.0693365
0.0680856
0.0668732
0.0656978
0.0645576
0.063451
0.0623764
0.0613325
0.0603179
0.0593312
0.0583712
0.0574368
0.0565267
0.0556401
0.054776
0.0539334
0.0531117
0.0523103
0.0515287
0.050767
0.0500253
0.0493045
0.0486061
0.0479326
0.0472883
0.0466792
0.0461145
0.0456073
0.0451766
0.0448491
0.0446622
0.961692
0.892184
0.829084
0.771727
0.719522
0.671944
0.628523
0.588843
0.552532
0.519258
0.488724
0.460668
0.434851
0.411062
0.389111
0.36883
0.350065
0.332679
0.31655
0.301568
0.287631
0.274652
0.262548
0.251247
0.240682
0.230794
0.221528
0.212835
0.20467
0.196993
0.189767
0.182958
0.176534
0.170469
0.164737
0.159313
0.154176
0.149308
0.144688
0.140302
0.136133
0.132167
0.128391
0.124794
0.121363
0.11809
0.114964
0.111976
0.109118
0.106384
0.103764
0.101254
0.0988471
0.0965371
0.094319
0.0921878
0.0901389
0.0881679
0.0862709
0.0844439
0.0826833
0.080986
0.0793486
0.0777683
0.0762422
0.0747677
0.0733423
0.0719638
0.0706299
0.0693384
0.0680875
0.0668753
0.0657
0.0645598
0.0634533
0.0623788
0.061335
0.0603204
0.0593338
0.0583739
0.0574396
0.0565297
0.0556431
0.0547791
0.0539366
0.053115
0.0523137
0.0515323
0.0507707
0.0500291
0.0493084
0.0486101
0.0479368
0.0472925
0.0466835
0.0461188
0.0456117
0.045181
0.0448535
0.0446667
0.961692
0.892184
0.829084
0.771727
0.719522
0.671944
0.628523
0.588843
0.552532
0.519258
0.488724
0.460668
0.434851
0.411062
0.389111
0.36883
0.350065
0.332679
0.31655
0.301568
0.287631
0.274652
0.262548
0.251247
0.240682
0.230794
0.221528
0.212835
0.20467
0.196993
0.189767
0.182958
0.176535
0.17047
0.164737
0.159313
0.154177
0.149308
0.144689
0.140302
0.136133
0.132167
0.128392
0.124794
0.121364
0.11809
0.114964
0.111977
0.109119
0.106384
0.103765
0.101255
0.098848
0.096538
0.09432
0.0921888
0.09014
0.0881691
0.086272
0.0844451
0.0826846
0.0809873
0.07935
0.0777697
0.0762437
0.0747692
0.073344
0.0719655
0.0706316
0.0693402
0.0680894
0.0668772
0.065702
0.0645619
0.0634554
0.062381
0.0613373
0.0603228
0.0593363
0.0583765
0.0574422
0.0565324
0.055646
0.054782
0.0539397
0.0531182
0.052317
0.0515357
0.0507741
0.0500327
0.0493121
0.0486139
0.0479406
0.0472965
0.0466876
0.0461229
0.0456159
0.0451852
0.0448578
0.0446709
0.961692
0.892184
0.829084
0.771727
0.719522
0.671944
0.628523
0.588843
0.552532
0.519258
0.488724
0.460668
0.434851
0.411062
0.389111
0.36883
0.350065
0.332679
0.316551
0.301568
0.287632
0.274652
0.262548
0.251247
0.240682
0.230794
0.221528
0.212835
0.204671
0.196994
0.189767
0.182958
0.176535
0.17047
0.164737
0.159314
0.154177
0.149308
0.144689
0.140303
0.136133
0.132168
0.128392
0.124795
0.121365
0.118091
0.114965
0.111977
0.10912
0.106385
0.103766
0.101256
0.0988489
0.0965389
0.0943209
0.0921898
0.090141
0.0881701
0.0862732
0.0844462
0.0826858
0.0809886
0.0793513
0.0777711
0.0762451
0.0747707
0.0733455
0.0719671
0.0706332
0.0693419
0.0680912
0.0668791
0.0657039
0.0645639
0.0634575
0.0623832
0.0613395
0.0603251
0.0593386
0.0583789
0.0574447
0.056535
0.0556487
0.0547848
0.0539426
0.0531212
0.05232
0.0515388
0.0507774
0.0500361
0.0493156
0.0486174
0.0479443
0.0473002
0.0466914
0.0461268
0.0456198
0.0451892
0.0448618
0.0446749
0.961692
0.892184
0.829084
0.771727
0.719522
0.671944
0.628523
0.588843
0.552532
0.519258
0.488724
0.460668
0.434851
0.411062
0.389111
0.36883
0.350065
0.332679
0.316551
0.301568
0.287632
0.274652
0.262548
0.251247
0.240682
0.230794
0.221528
0.212835
0.204671
0.196994
0.189768
0.182958
0.176535
0.17047
0.164738
0.159314
0.154177
0.149309
0.144689
0.140303
0.136134
0.132168
0.128393
0.124795
0.121365
0.118092
0.114966
0.111978
0.109121
0.106386
0.103767
0.101257
0.0988496
0.0965398
0.0943218
0.0921907
0.090142
0.0881711
0.0862742
0.0844473
0.082687
0.0809897
0.0793525
0.0777723
0.0762464
0.0747721
0.0733469
0.0719685
0.0706348
0.0693435
0.0680928
0.0668808
0.0657056
0.0645657
0.0634594
0.0623851
0.0613415
0.0603272
0.0593408
0.0583812
0.0574471
0.0565374
0.0556512
0.0547874
0.0539452
0.0531239
0.0523229
0.0515418
0.0507805
0.0500392
0.0493188
0.0486208
0.0479478
0.0473038
0.046695
0.0461305
0.0456235
0.0451929
0.0448655
0.0446786
0.961692
0.892184
0.829084
0.771727
0.719522
0.671944
0.628523
0.588843
0.552532
0.519258
0.488724
0.460668
0.434851
0.411062
0.389111
0.36883
0.350065
0.332679
0.316551
0.301568
0.287632
0.274652
0.262548
0.251247
0.240682
0.230794
0.221528
0.212835
0.204671
0.196994
0.189768
0.182958
0.176535
0.17047
0.164738
0.159314
0.154178
0.149309
0.14469
0.140303
0.136134
0.132168
0.128393
0.124796
0.121366
0.118092
0.114966
0.111978
0.109121
0.106386
0.103767
0.101257
0.0988504
0.0965405
0.0943226
0.0921916
0.0901428
0.088172
0.0862751
0.0844483
0.082688
0.0809908
0.0793536
0.0777735
0.0762476
0.0747733
0.0733482
0.0719699
0.0706362
0.069345
0.0680943
0.0668824
0.0657073
0.0645674
0.0634611
0.0623869
0.0613434
0.0603292
0.0593429
0.0583833
0.0574493
0.0565397
0.0556535
0.0547898
0.0539477
0.0531265
0.0523256
0.0515446
0.0507833
0.0500422
0.0493218
0.0486239
0.047951
0.047307
0.0466983
0.0461339
0.0456269
0.0451964
0.044869
0.0446821
0.961692
0.892184
0.829084
0.771727
0.719522
0.671943
0.628523
0.588843
0.552532
0.519258
0.488724
0.460668
0.434851
0.411062
0.389111
0.36883
0.350065
0.332679
0.316551
0.301568
0.287632
0.274652
0.262548
0.251247
0.240682
0.230794
0.221528
0.212835
0.204671
0.196994
0.189768
0.182959
0.176535
0.170471
0.164738
0.159314
0.154178
0.149309
0.14469
0.140304
0.136135
0.132169
0.128393
0.124796
0.121366
0.118093
0.114967
0.111979
0.109122
0.106387
0.103768
0.101258
0.0988511
0.0965412
0.0943233
0.0921923
0.0901436
0.0881729
0.086276
0.0844492
0.082689
0.0809918
0.0793547
0.0777746
0.0762487
0.0747745
0.0733494
0.0719712
0.0706375
0.0693464
0.0680958
0.0668838
0.0657088
0.064569
0.0634627
0.0623886
0.0613452
0.060331
0.0593447
0.0583852
0.0574513
0.0565418
0.0556557
0.0547921
0.05395
0.0531289
0.0523281
0.0515471
0.050786
0.0500449
0.0493246
0.0486268
0.0479539
0.0473101
0.0467014
0.046137
0.0456301
0.0451996
0.0448722
0.0446853
0.961692
0.892184
0.829084
0.771727
0.719522
0.671943
0.628523
0.588843
0.552532
0.519258
0.488724
0.460668
0.434851
0.411062
0.389111
0.36883
0.350065
0.332679
0.316551
0.301568
0.287632
0.274652
0.262548
0.251247
0.240683
0.230794
0.221528
0.212836
0.204671
0.196994
0.189768
0.182959
0.176536
0.170471
0.164738
0.159315
0.154178
0.14931
0.14469
0.140304
0.136135
0.132169
0.128394
0.124796
0.121366
0.118093
0.114967
0.111979
0.109122
0.106388
0.103769
0.101259
0.0988517
0.0965419
0.094324
0.092193
0.0901444
0.0881737
0.0862768
0.0844501
0.0826898
0.0809927
0.0793556
0.0777756
0.0762498
0.0747756
0.0733505
0.0719723
0.0706387
0.0693476
0.068097
0.0668852
0.0657102
0.0645704
0.0634642
0.0623902
0.0613468
0.0603326
0.0593464
0.058387
0.0574531
0.0565437
0.0556576
0.0547941
0.0539522
0.0531311
0.0523303
0.0515494
0.0507884
0.0500474
0.0493272
0.0486294
0.0479566
0.0473128
0.0467042
0.0461399
0.045633
0.0452025
0.0448751
0.0446882
0.961692
0.892184
0.829084
0.771727
0.719522
0.671943
0.628523
0.588843
0.552532
0.519258
0.488724
0.460668
0.434851
0.411062
0.389111
0.36883
0.350065
0.332679
0.316551
0.301568
0.287632
0.274652
0.262548
0.251247
0.240683
0.230794
0.221529
0.212836
0.204671
0.196994
0.189768
0.182959
0.176536
0.170471
0.164738
0.159315
0.154178
0.14931
0.144691
0.140304
0.136135
0.132169
0.128394
0.124797
0.121367
0.118093
0.114967
0.11198
0.109123
0.106388
0.103769
0.101259
0.0988522
0.0965425
0.0943246
0.0921937
0.0901451
0.0881744
0.0862776
0.0844508
0.0826906
0.0809936
0.0793565
0.0777765
0.0762507
0.0747765
0.0733515
0.0719734
0.0706398
0.0693487
0.0680982
0.0668864
0.0657114
0.0645717
0.0634656
0.0623916
0.0613482
0.0603341
0.059348
0.0583886
0.0574548
0.0565454
0.0556594
0.0547959
0.0539541
0.0531331
0.0523324
0.0515516
0.0507905
0.0500496
0.0493295
0.0486318
0.047959
0.0473153
0.0467068
0.0461425
0.0456357
0.0452052
0.0448778
0.0446909
0.961692
0.892184
0.829084
0.771727
0.719522
0.671943
0.628523
0.588843
0.552532
0.519258
0.488724
0.460668
0.434851
0.411062
0.389111
0.36883
0.350065
0.332679
0.316551
0.301568
0.287632
0.274652
0.262549
0.251247
0.240683
0.230794
0.221529
0.212836
0.204671
0.196994
0.189768
0.182959
0.176536
0.170471
0.164738
0.159315
0.154179
0.14931
0.144691
0.140304
0.136135
0.13217
0.128394
0.124797
0.121367
0.118094
0.114968
0.11198
0.109123
0.106388
0.10377
0.10126
0.0988527
0.096543
0.0943252
0.0921943
0.0901456
0.088175
0.0862782
0.0844515
0.0826913
0.0809943
0.0793573
0.0777773
0.0762515
0.0747774
0.0733524
0.0719743
0.0706407
0.0693497
0.0680992
0.0668874
0.0657125
0.0645728
0.0634668
0.0623928
0.0613495
0.0603354
0.0593494
0.05839
0.0574562
0.0565469
0.055661
0.0547976
0.0539558
0.0531348
0.0523342
0.0515534
0.0507925
0.0500516
0.0493316
0.0486339
0.0479612
0.0473176
0.0467091
0.0461448
0.045638
0.0452076
0.0448802
0.0446932
0.961692
0.892184
0.829084
0.771727
0.719522
0.671943
0.628523
0.588843
0.552532
0.519258
0.488724
0.460668
0.434851
0.411062
0.389111
0.36883
0.350065
0.332679
0.316551
0.301568
0.287632
0.274652
0.262549
0.251247
0.240683
0.230795
0.221529
0.212836
0.204671
0.196994
0.189768
0.182959
0.176536
0.170471
0.164739
0.159315
0.154179
0.14931
0.144691
0.140305
0.136136
0.13217
0.128395
0.124797
0.121367
0.118094
0.114968
0.111981
0.109123
0.106389
0.10377
0.10126
0.0988532
0.0965434
0.0943256
0.0921948
0.0901462
0.0881755
0.0862788
0.0844521
0.0826919
0.0809949
0.0793579
0.077778
0.0762522
0.0747781
0.0733532
0.0719751
0.0706416
0.0693506
0.0681001
0.0668884
0.0657135
0.0645738
0.0634678
0.0623939
0.0613506
0.0603366
0.0593506
0.0583913
0.0574575
0.0565482
0.0556624
0.054799
0.0539572
0.0531364
0.0523358
0.0515551
0.0507942
0.0500534
0.0493334
0.0486358
0.0479632
0.0473195
0.0467111
0.0461469
0.0456401
0.0452096
0.0448823
0.0446953
0.961692
0.892184
0.829084
0.771727
0.719522
0.671943
0.628523
0.588843
0.552532
0.519257
0.488724
0.460668
0.434851
0.411062
0.389111
0.36883
0.350065
0.332679
0.316551
0.301568
0.287632
0.274652
0.262549
0.251247
0.240683
0.230795
0.221529
0.212836
0.204671
0.196995
0.189768
0.182959
0.176536
0.170471
0.164739
0.159315
0.154179
0.14931
0.144691
0.140305
0.136136
0.13217
0.128395
0.124798
0.121368
0.118094
0.114968
0.111981
0.109124
0.106389
0.10377
0.10126
0.0988535
0.0965438
0.094326
0.0921952
0.0901466
0.088176
0.0862793
0.0844526
0.0826925
0.0809955
0.0793585
0.0777785
0.0762529
0.0747788
0.0733539
0.0719758
0.0706423
0.0693513
0.0681009
0.0668892
0.0657143
0.0645747
0.0634687
0.0623948
0.0613516
0.0603376
0.0593516
0.0583923
0.0574586
0.0565494
0.0556636
0.0548002
0.0539585
0.0531377
0.0523371
0.0515565
0.0507957
0.0500549
0.049335
0.0486374
0.0479648
0.0473212
0.0467128
0.0461486
0.0456419
0.0452114
0.0448841
0.0446971
0.961692
0.892184
0.829084
0.771727
0.719522
0.671943
0.628523
0.588843
0.552532
0.519257
0.488724
0.460668
0.434851
0.411062
0.389111
0.36883
0.350065
0.332679
0.316551
0.301568
0.287632
0.274652
0.262549
0.251247
0.240683
0.230795
0.221529
0.212836
0.204671
0.196995
0.189768
0.182959
0.176536
0.170471
0.164739
0.159315
0.154179
0.14931
0.144691
0.140305
0.136136
0.13217
0.128395
0.124798
0.121368
0.118095
0.114969
0.111981
0.109124
0.106389
0.103771
0.101261
0.0988538
0.0965442
0.0943264
0.0921955
0.090147
0.0881764
0.0862797
0.084453
0.0826929
0.0809959
0.079359
0.077779
0.0762534
0.0747793
0.0733544
0.0719764
0.0706429
0.0693519
0.0681016
0.0668898
0.065715
0.0645754
0.0634694
0.0623956
0.0613524
0.0603384
0.0593524
0.0583932
0.0574596
0.0565504
0.0556646
0.0548013
0.0539596
0.0531388
0.0523383
0.0515577
0.0507969
0.0500561
0.0493363
0.0486387
0.0479662
0.0473226
0.0467142
0.0461501
0.0456434
0.0452129
0.0448856
0.0446986
0.961692
0.892184
0.829084
0.771727
0.719522
0.671943
0.628523
0.588843
0.552532
0.519257
0.488724
0.460668
0.434851
0.411062
0.389111
0.36883
0.350065
0.332679
0.316551
0.301568
0.287632
0.274652
0.262549
0.251247
0.240683
0.230795
0.221529
0.212836
0.204671
0.196995
0.189768
0.182959
0.176536
0.170471
0.164739
0.159315
0.154179
0.149311
0.144691
0.140305
0.136136
0.13217
0.128395
0.124798
0.121368
0.118095
0.114969
0.111981
0.109124
0.10639
0.103771
0.101261
0.0988541
0.0965444
0.0943266
0.0921958
0.0901473
0.0881767
0.08628
0.0844534
0.0826933
0.0809963
0.0793593
0.0777794
0.0762538
0.0747797
0.0733549
0.0719768
0.0706434
0.0693524
0.0681021
0.0668904
0.0657156
0.064576
0.06347
0.0623962
0.061353
0.0603391
0.0593531
0.0583939
0.0574603
0.0565511
0.0556654
0.0548021
0.0539604
0.0531397
0.0523392
0.0515586
0.0507979
0.0500572
0.0493373
0.0486398
0.0479673
0.0473238
0.0467154
0.0461513
0.0456446
0.0452142
0.0448868
0.0446998
0.961692
0.892184
0.829084
0.771727
0.719522
0.671943
0.628523
0.588843
0.552532
0.519257
0.488724
0.460668
0.434851
0.411062
0.389111
0.36883
0.350065
0.332679
0.316551
0.301568
0.287632
0.274652
0.262549
0.251248
0.240683
0.230795
0.221529
0.212836
0.204671
0.196995
0.189769
0.182959
0.176536
0.170471
0.164739
0.159315
0.154179
0.149311
0.144691
0.140305
0.136136
0.132171
0.128395
0.124798
0.121368
0.118095
0.114969
0.111981
0.109124
0.10639
0.103771
0.101261
0.0988543
0.0965446
0.0943268
0.092196
0.0901475
0.0881769
0.0862802
0.0844536
0.0826935
0.0809966
0.0793596
0.0777797
0.0762541
0.0747801
0.0733552
0.0719772
0.0706437
0.0693528
0.0681024
0.0668908
0.065716
0.0645764
0.0634705
0.0623966
0.0613535
0.0603396
0.0593536
0.0583945
0.0574608
0.0565517
0.055666
0.0548027
0.0539611
0.0531403
0.0523399
0.0515593
0.0507986
0.0500579
0.0493381
0.0486406
0.0479681
0.0473246
0.0467163
0.0461522
0.0456455
0.0452151
0.0448877
0.0447008
0.961692
0.892184
0.829084
0.771727
0.719522
0.671943
0.628523
0.588843
0.552532
0.519257
0.488724
0.460668
0.434851
0.411062
0.389111
0.36883
0.350065
0.332679
0.316551
0.301568
0.287632
0.274652
0.262549
0.251248
0.240683
0.230795
0.221529
0.212836
0.204672
0.196995
0.189769
0.182959
0.176536
0.170472
0.164739
0.159315
0.154179
0.149311
0.144692
0.140305
0.136136
0.132171
0.128395
0.124798
0.121368
0.118095
0.114969
0.111982
0.109124
0.10639
0.103771
0.101261
0.0988544
0.0965447
0.094327
0.0921962
0.0901476
0.0881771
0.0862804
0.0844538
0.0826937
0.0809967
0.0793598
0.0777799
0.0762543
0.0747803
0.0733554
0.0719774
0.070644
0.069353
0.0681027
0.066891
0.0657162
0.0645767
0.0634708
0.0623969
0.0613538
0.0603399
0.059354
0.0583948
0.0574612
0.0565521
0.0556663
0.0548031
0.0539615
0.0531408
0.0523403
0.0515598
0.0507991
0.0500584
0.0493386
0.0486412
0.0479687
0.0473252
0.0467169
0.0461528
0.0456461
0.0452157
0.0448883
0.0447014
0.961692
0.892184
0.829084
0.771727
0.719522
0.671943
0.628523
0.588843
0.552532
0.519257
0.488724
0.460668
0.434851
0.411062
0.389111
0.36883
0.350065
0.332679
0.316551
0.301568
0.287632
0.274652
0.262549
0.251248
0.240683
0.230795
0.221529
0.212836
0.204672
0.196995
0.189769
0.182959
0.176536
0.170472
0.164739
0.159315
0.154179
0.149311
0.144692
0.140305
0.136136
0.132171
0.128395
0.124798
0.121368
0.118095
0.114969
0.111982
0.109124
0.10639
0.103771
0.101261
0.0988544
0.0965448
0.094327
0.0921962
0.0901477
0.0881771
0.0862805
0.0844539
0.0826938
0.0809968
0.0793599
0.07778
0.0762544
0.0747804
0.0733555
0.0719775
0.0706441
0.0693532
0.0681028
0.0668911
0.0657164
0.0645768
0.0634709
0.0623971
0.0613539
0.06034
0.0593541
0.058395
0.0574614
0.0565522
0.0556665
0.0548033
0.0539617
0.053141
0.0523406
0.05156
0.0507993
0.0500587
0.0493389
0.0486415
0.047969
0.0473255
0.0467172
0.0461531
0.0456464
0.045216
0.0448886
0.0447017
0.961692
0.892184
0.829084
0.771727
0.719522
0.671943
0.628523
0.588843
0.552532
0.519257
0.488724
0.460668
0.434851
0.411062
0.389111
0.36883
0.350065
0.332679
0.316551
0.301568
0.287632
0.274652
0.262549
0.251248
0.240683
0.230795
0.221529
0.212836
0.204672
0.196995
0.189769
0.182959
0.176536
0.170472
0.164739
0.159315
0.154179
0.149311
0.144692
0.140305
0.136136
0.132171
0.128395
0.124798
0.121368
0.118095
0.114969
0.111982
0.109124
0.10639
0.103771
0.101261
0.0988544
0.0965448
0.094327
0.0921962
0.0901477
0.0881771
0.0862804
0.0844538
0.0826938
0.0809968
0.0793599
0.07778
0.0762544
0.0747803
0.0733555
0.0719775
0.070644
0.0693531
0.0681028
0.0668911
0.0657164
0.0645768
0.0634709
0.0623971
0.0613539
0.06034
0.0593541
0.058395
0.0574614
0.0565522
0.0556665
0.0548033
0.0539617
0.053141
0.0523405
0.05156
0.0507993
0.0500587
0.0493389
0.0486415
0.047969
0.0473255
0.0467172
0.0461531
0.0456464
0.045216
0.0448887
0.0447017
0.961692
0.892184
0.829084
0.771727
0.719522
0.671943
0.628523
0.588843
0.552532
0.519257
0.488724
0.460668
0.434851
0.411062
0.389111
0.36883
0.350065
0.332679
0.316551
0.301568
0.287632
0.274652
0.262549
0.251248
0.240683
0.230795
0.221529
0.212836
0.204672
0.196995
0.189769
0.182959
0.176536
0.170471
0.164739
0.159315
0.154179
0.149311
0.144692
0.140305
0.136136
0.132171
0.128395
0.124798
0.121368
0.118095
0.114969
0.111982
0.109124
0.10639
0.103771
0.101261
0.0988543
0.0965447
0.0943269
0.0921961
0.0901476
0.088177
0.0862803
0.0844537
0.0826936
0.0809967
0.0793598
0.0777799
0.0762542
0.0747802
0.0733554
0.0719773
0.0706439
0.069353
0.0681026
0.066891
0.0657162
0.0645766
0.0634707
0.0623969
0.0613537
0.0603398
0.0593539
0.0583948
0.0574612
0.056552
0.0556663
0.0548031
0.0539615
0.0531407
0.0523403
0.0515598
0.0507991
0.0500584
0.0493386
0.0486412
0.0479687
0.0473252
0.0467169
0.0461528
0.0456461
0.0452157
0.0448884
0.0447014
0.961692
0.892184
0.829084
0.771727
0.719522
0.671943
0.628523
0.588843
0.552532
0.519257
0.488724
0.460668
0.434851
0.411062
0.389111
0.36883
0.350065
0.332679
0.316551
0.301568
0.287632
0.274652
0.262549
0.251248
0.240683
0.230795
0.221529
0.212836
0.204671
0.196995
0.189769
0.182959
0.176536
0.170471
0.164739
0.159315
0.154179
0.149311
0.144691
0.140305
0.136136
0.132171
0.128395
0.124798
0.121368
0.118095
0.114969
0.111981
0.109124
0.10639
0.103771
0.101261
0.0988542
0.0965445
0.0943268
0.092196
0.0901474
0.0881769
0.0862802
0.0844536
0.0826935
0.0809965
0.0793596
0.0777796
0.076254
0.07478
0.0733551
0.0719771
0.0706436
0.0693527
0.0681024
0.0668907
0.0657159
0.0645763
0.0634704
0.0623965
0.0613534
0.0603395
0.0593535
0.0583944
0.0574608
0.0565516
0.0556659
0.0548026
0.053961
0.0531403
0.0523398
0.0515593
0.0507986
0.0500579
0.0493381
0.0486407
0.0479682
0.0473247
0.0467163
0.0461522
0.0456455
0.0452151
0.0448878
0.0447008
0.961692
0.892184
0.829084
0.771727
0.719522
0.671943
0.628523
0.588843
0.552532
0.519257
0.488724
0.460668
0.434851
0.411062
0.389111
0.36883
0.350065
0.332679
0.316551
0.301568
0.287632
0.274652
0.262549
0.251247
0.240683
0.230795
0.221529
0.212836
0.204671
0.196995
0.189768
0.182959
0.176536
0.170471
0.164739
0.159315
0.154179
0.149311
0.144691
0.140305
0.136136
0.13217
0.128395
0.124798
0.121368
0.118095
0.114969
0.111981
0.109124
0.10639
0.103771
0.101261
0.098854
0.0965443
0.0943266
0.0921957
0.0901472
0.0881766
0.0862799
0.0844533
0.0826932
0.0809962
0.0793592
0.0777793
0.0762537
0.0747796
0.0733548
0.0719767
0.0706432
0.0693523
0.0681019
0.0668902
0.0657154
0.0645759
0.0634699
0.062396
0.0613529
0.0603389
0.059353
0.0583938
0.0574602
0.056551
0.0556653
0.054802
0.0539604
0.0531396
0.0523391
0.0515586
0.0507978
0.0500572
0.0493373
0.0486399
0.0479674
0.0473239
0.0467155
0.0461514
0.0456447
0.0452143
0.0448869
0.0446999
0.961692
0.892184
0.829084
0.771727
0.719522
0.671943
0.628523
0.588843
0.552532
0.519257
0.488724
0.460668
0.434851
0.411062
0.389111
0.36883
0.350065
0.332679
0.316551
0.301568
0.287632
0.274652
0.262549
0.251247
0.240683
0.230795
0.221529
0.212836
0.204671
0.196995
0.189768
0.182959
0.176536
0.170471
0.164739
0.159315
0.154179
0.14931
0.144691
0.140305
0.136136
0.13217
0.128395
0.124798
0.121368
0.118094
0.114969
0.111981
0.109124
0.106389
0.10377
0.101261
0.0988537
0.0965441
0.0943263
0.0921954
0.0901469
0.0881763
0.0862796
0.0844529
0.0826928
0.0809958
0.0793588
0.0777789
0.0762532
0.0747792
0.0733543
0.0719762
0.0706427
0.0693518
0.0681014
0.0668897
0.0657148
0.0645752
0.0634693
0.0623954
0.0613522
0.0603382
0.0593523
0.0583931
0.0574594
0.0565502
0.0556644
0.0548012
0.0539595
0.0531387
0.0523382
0.0515576
0.0507969
0.0500562
0.0493363
0.0486388
0.0479663
0.0473227
0.0467144
0.0461502
0.0456435
0.0452131
0.0448857
0.0446988
0.961692
0.892184
0.829084
0.771727
0.719522
0.671943
0.628523
0.588843
0.552532
0.519258
0.488724
0.460668
0.434851
0.411062
0.389111
0.36883
0.350065
0.332679
0.316551
0.301568
0.287632
0.274652
0.262549
0.251247
0.240683
0.230795
0.221529
0.212836
0.204671
0.196995
0.189768
0.182959
0.176536
0.170471
0.164739
0.159315
0.154179
0.14931
0.144691
0.140305
0.136136
0.13217
0.128395
0.124798
0.121367
0.118094
0.114968
0.111981
0.109124
0.106389
0.10377
0.10126
0.0988534
0.0965437
0.0943259
0.0921951
0.0901465
0.0881759
0.0862791
0.0844525
0.0826923
0.0809953
0.0793583
0.0777784
0.0762527
0.0747786
0.0733537
0.0719756
0.0706421
0.0693511
0.0681007
0.066889
0.0657141
0.0645745
0.0634685
0.0623946
0.0613513
0.0603374
0.0593514
0.0583921
0.0574585
0.0565492
0.0556634
0.0548001
0.0539584
0.0531376
0.0523371
0.0515565
0.0507956
0.0500549
0.049335
0.0486375
0.0479649
0.0473214
0.046713
0.0461488
0.0456421
0.0452116
0.0448843
0.0446973
0.961692
0.892184
0.829084
0.771727
0.719522
0.671943
0.628523
0.588843
0.552532
0.519258
0.488724
0.460668
0.434851
0.411062
0.389111
0.36883
0.350065
0.332679
0.316551
0.301568
0.287632
0.274652
0.262549
0.251247
0.240683
0.230795
0.221529
0.212836
0.204671
0.196994
0.189768
0.182959
0.176536
0.170471
0.164739
0.159315
0.154179
0.14931
0.144691
0.140305
0.136136
0.13217
0.128395
0.124797
0.121367
0.118094
0.114968
0.111981
0.109123
0.106389
0.10377
0.10126
0.098853
0.0965433
0.0943255
0.0921946
0.090146
0.0881754
0.0862786
0.0844519
0.0826918
0.0809947
0.0793577
0.0777777
0.076252
0.0747779
0.073353
0.0719749
0.0706413
0.0693503
0.0680999
0.0668881
0.0657132
0.0645736
0.0634676
0.0623936
0.0613503
0.0603363
0.0593503
0.058391
0.0574573
0.056548
0.0556622
0.0547988
0.0539571
0.0531362
0.0523357
0.051555
0.0507942
0.0500534
0.0493335
0.0486359
0.0479633
0.0473197
0.0467113
0.0461471
0.0456403
0.0452099
0.0448825
0.0446956
0.961692
0.892184
0.829084
0.771727
0.719522
0.671943
0.628523
0.588843
0.552532
0.519258
0.488724
0.460668
0.434851
0.411062
0.389111
0.36883
0.350065
0.332679
0.316551
0.301568
0.287632
0.274652
0.262549
0.251247
0.240683
0.230794
0.221529
0.212836
0.204671
0.196994
0.189768
0.182959
0.176536
0.170471
0.164738
0.159315
0.154179
0.14931
0.144691
0.140304
0.136135
0.13217
0.128394
0.124797
0.121367
0.118094
0.114968
0.11198
0.109123
0.106388
0.103769
0.10126
0.0988526
0.0965428
0.094325
0.0921941
0.0901455
0.0881748
0.086278
0.0844513
0.0826911
0.0809941
0.079357
0.077777
0.0762513
0.0747771
0.0733522
0.071974
0.0706405
0.0693494
0.068099
0.0668871
0.0657122
0.0645725
0.0634665
0.0623925
0.0613492
0.0603352
0.0593491
0.0583898
0.057456
0.0565467
0.0556608
0.0547974
0.0539556
0.0531347
0.0523341
0.0515534
0.0507925
0.0500516
0.0493317
0.048634
0.0479614
0.0473178
0.0467093
0.0461451
0.0456383
0.0452078
0.0448805
0.0446935
0.961692
0.892184
0.829084
0.771727
0.719522
0.671943
0.628523
0.588843
0.552532
0.519258
0.488724
0.460668
0.434851
0.411062
0.389111
0.36883
0.350065
0.332679
0.316551
0.301568
0.287632
0.274652
0.262548
0.251247
0.240683
0.230794
0.221529
0.212836
0.204671
0.196994
0.189768
0.182959
0.176536
0.170471
0.164738
0.159315
0.154178
0.14931
0.144691
0.140304
0.136135
0.132169
0.128394
0.124797
0.121367
0.118093
0.114967
0.11198
0.109122
0.106388
0.103769
0.101259
0.0988521
0.0965423
0.0943244
0.0921935
0.0901449
0.0881742
0.0862774
0.0844506
0.0826904
0.0809933
0.0793562
0.0777762
0.0762504
0.0747763
0.0733513
0.0719731
0.0706395
0.0693484
0.0680979
0.066886
0.0657111
0.0645714
0.0634653
0.0623912
0.0613479
0.0603338
0.0593477
0.0583883
0.0574545
0.0565451
0.0556592
0.0547957
0.0539539
0.0531329
0.0523323
0.0515515
0.0507906
0.0500497
0.0493296
0.048632
0.0479593
0.0473156
0.0467071
0.0461428
0.045636
0.0452055
0.0448781
0.0446912
0.961692
0.892184
0.829084
0.771727
0.719522
0.671943
0.628523
0.588843
0.552532
0.519258
0.488724
0.460668
0.434851
0.411062
0.389111
0.36883
0.350065
0.332679
0.316551
0.301568
0.287632
0.274652
0.262548
0.251247
0.240683
0.230794
0.221528
0.212836
0.204671
0.196994
0.189768
0.182959
0.176536
0.170471
0.164738
0.159314
0.154178
0.149309
0.14469
0.140304
0.136135
0.132169
0.128394
0.124796
0.121366
0.118093
0.114967
0.111979
0.109122
0.106387
0.103768
0.101259
0.0988515
0.0965417
0.0943238
0.0921928
0.0901442
0.0881734
0.0862766
0.0844498
0.0826896
0.0809925
0.0793554
0.0777753
0.0762495
0.0747753
0.0733502
0.071972
0.0706384
0.0693473
0.0680967
0.0668848
0.0657098
0.06457
0.0634639
0.0623898
0.0613464
0.0603323
0.0593461
0.0583867
0.0574528
0.0565434
0.0556574
0.0547939
0.053952
0.053131
0.0523302
0.0515494
0.0507884
0.0500474
0.0493273
0.0486296
0.0479569
0.0473131
0.0467046
0.0461403
0.0456334
0.0452029
0.0448755
0.0446886
0.961692
0.892184
0.829084
0.771727
0.719522
0.671944
0.628523
0.588843
0.552532
0.519258
0.488724
0.460668
0.434851
0.411062
0.389111
0.36883
0.350065
0.332679
0.316551
0.301568
0.287632
0.274652
0.262548
0.251247
0.240682
0.230794
0.221528
0.212835
0.204671
0.196994
0.189768
0.182959
0.176535
0.17047
0.164738
0.159314
0.154178
0.149309
0.14469
0.140304
0.136134
0.132169
0.128393
0.124796
0.121366
0.118092
0.114966
0.111979
0.109122
0.106387
0.103768
0.101258
0.0988509
0.096541
0.0943231
0.0921921
0.0901434
0.0881726
0.0862758
0.084449
0.0826887
0.0809915
0.0793544
0.0777743
0.0762484
0.0747742
0.0733491
0.0719708
0.0706371
0.069346
0.0680954
0.0668834
0.0657084
0.0645686
0.0634624
0.0623883
0.0613448
0.0603306
0.0593444
0.0583849
0.057451
0.0565415
0.0556554
0.0547919
0.0539499
0.0531288
0.052328
0.0515471
0.050786
0.050045
0.0493248
0.048627
0.0479542
0.0473104
0.0467018
0.0461375
0.0456306
0.0452001
0.0448727
0.0446857
0.961692
0.892184
0.829084
0.771727
0.719522
0.671944
0.628523
0.588843
0.552532
0.519258
0.488724
0.460668
0.434851
0.411062
0.389111
0.36883
0.350065
0.332679
0.316551
0.301568
0.287632
0.274652
0.262548
0.251247
0.240682
0.230794
0.221528
0.212835
0.204671
0.196994
0.189768
0.182958
0.176535
0.17047
0.164738
0.159314
0.154178
0.149309
0.14469
0.140303
0.136134
0.132168
0.128393
0.124796
0.121365
0.118092
0.114966
0.111978
0.109121
0.106386
0.103767
0.101257
0.0988502
0.0965403
0.0943223
0.0921913
0.0901426
0.0881718
0.0862749
0.084448
0.0826877
0.0809905
0.0793533
0.0777732
0.0762472
0.074773
0.0733478
0.0719695
0.0706358
0.0693446
0.0680939
0.066882
0.0657069
0.064567
0.0634607
0.0623865
0.061343
0.0603288
0.0593425
0.0583829
0.0574489
0.0565394
0.0556533
0.0547896
0.0539476
0.0531264
0.0523256
0.0515446
0.0507834
0.0500423
0.0493221
0.0486242
0.0479513
0.0473075
0.0466988
0.0461344
0.0456275
0.045197
0.0448695
0.0446826
0.961692
0.892184
0.829084
0.771727
0.719522
0.671944
0.628523
0.588843
0.552532
0.519258
0.488724
0.460668
0.434851
0.411062
0.389111
0.36883
0.350065
0.332679
0.316551
0.301568
0.287632
0.274652
0.262548
0.251247
0.240682
0.230794
0.221528
0.212835
0.204671
0.196994
0.189767
0.182958
0.176535
0.17047
0.164737
0.159314
0.154177
0.149309
0.144689
0.140303
0.136134
0.132168
0.128392
0.124795
0.121365
0.118091
0.114965
0.111978
0.10912
0.106386
0.103767
0.101257
0.0988494
0.0965395
0.0943215
0.0921904
0.0901417
0.0881708
0.0862739
0.084447
0.0826866
0.0809894
0.0793521
0.0777719
0.076246
0.0747717
0.0733465
0.0719681
0.0706344
0.0693431
0.0680924
0.0668803
0.0657052
0.0645653
0.0634589
0.0623847
0.0613411
0.0603268
0.0593404
0.0583808
0.0574468
0.0565371
0.0556509
0.0547872
0.0539451
0.0531239
0.0523229
0.0515419
0.0507806
0.0500394
0.0493191
0.0486212
0.0479482
0.0473043
0.0466956
0.0461311
0.0456242
0.0451936
0.0448662
0.0446792
0.961692
0.892184
0.829084
0.771727
0.719522
0.671944
0.628523
0.588843
0.552532
0.519258
0.488724
0.460668
0.434851
0.411062
0.389111
0.36883
0.350065
0.332679
0.316551
0.301568
0.287632
0.274652
0.262548
0.251247
0.240682
0.230794
0.221528
0.212835
0.20467
0.196994
0.189767
0.182958
0.176535
0.17047
0.164737
0.159313
0.154177
0.149308
0.144689
0.140302
0.136133
0.132168
0.128392
0.124795
0.121364
0.118091
0.114965
0.111977
0.10912
0.106385
0.103766
0.101256
0.0988486
0.0965387
0.0943206
0.0921895
0.0901407
0.0881698
0.0862728
0.0844459
0.0826855
0.0809882
0.0793509
0.0777707
0.0762447
0.0747703
0.073345
0.0719666
0.0706328
0.0693415
0.0680907
0.0668786
0.0657034
0.0645634
0.063457
0.0623827
0.0613391
0.0603247
0.0593382
0.0583786
0.0574444
0.0565347
0.0556484
0.0547846
0.0539424
0.0531211
0.0523201
0.0515389
0.0507776
0.0500363
0.0493159
0.0486179
0.0479449
0.0473009
0.0466921
0.0461276
0.0456206
0.04519
0.0448625
0.0446756
0.961692
0.892184
0.829084
0.771727
0.719522
0.671944
0.628523
0.588843
0.552532
0.519258
0.488724
0.460668
0.434851
0.411062
0.389111
0.36883
0.350065
0.332679
0.31655
0.301568
0.287631
0.274652
0.262548
0.251247
0.240682
0.230794
0.221528
0.212835
0.20467
0.196993
0.189767
0.182958
0.176535
0.17047
0.164737
0.159313
0.154177
0.149308
0.144689
0.140302
0.136133
0.132167
0.128391
0.124794
0.121364
0.11809
0.114964
0.111976
0.109119
0.106384
0.103765
0.101255
0.0988477
0.0965378
0.0943197
0.0921885
0.0901397
0.0881687
0.0862717
0.0844447
0.0826842
0.0809869
0.0793496
0.0777693
0.0762432
0.0747688
0.0733435
0.071965
0.0706311
0.0693398
0.0680889
0.0668768
0.0657015
0.0645614
0.063455
0.0623806
0.0613369
0.0603224
0.0593359
0.0583761
0.0574419
0.0565321
0.0556458
0.0547819
0.0539396
0.0531182
0.052317
0.0515358
0.0507744
0.050033
0.0493125
0.0486144
0.0479413
0.0472972
0.0466884
0.0461238
0.0456168
0.0451862
0.0448587
0.0446718
0.961692
0.892184
0.829084
0.771727
0.719522
0.671944
0.628523
0.588843
0.552532
0.519258
0.488724
0.460668
0.434851
0.411062
0.389111
0.36883
0.350065
0.332679
0.31655
0.301568
0.287631
0.274652
0.262548
0.251247
0.240682
0.230794
0.221528
0.212835
0.20467
0.196993
0.189767
0.182958
0.176534
0.170469
0.164737
0.159313
0.154176
0.149308
0.144688
0.140302
0.136132
0.132167
0.128391
0.124793
0.121363
0.11809
0.114963
0.111976
0.109118
0.106383
0.103764
0.101254
0.0988468
0.0965368
0.0943187
0.0921875
0.0901385
0.0881676
0.0862705
0.0844435
0.0826829
0.0809855
0.0793482
0.0777678
0.0762417
0.0747672
0.0733419
0.0719633
0.0706294
0.0693379
0.068087
0.0668748
0.0656994
0.0645593
0.0634528
0.0623783
0.0613345
0.06032
0.0593334
0.0583736
0.0574393
0.0565294
0.0556429
0.0547789
0.0539366
0.053115
0.0523138
0.0515325
0.050771
0.0500295
0.0493089
0.0486107
0.0479375
0.0472934
0.0466844
0.0461198
0.0456127
0.0451821
0.0448546
0.0446677
0.961692
0.892184
0.829084
0.771727
0.719522
0.671944
0.628523
0.588843
0.552532
0.519258
0.488724
0.460668
0.434851
0.411062
0.389111
0.36883
0.350065
0.332679
0.31655
0.301568
0.287631
0.274652
0.262548
0.251247
0.240682
0.230794
0.221528
0.212835
0.20467
0.196993
0.189767
0.182957
0.176534
0.170469
0.164736
0.159312
0.154176
0.149307
0.144688
0.140301
0.136132
0.132166
0.12839
0.124793
0.121363
0.118089
0.114963
0.111975
0.109117
0.106383
0.103763
0.101253
0.0988458
0.0965358
0.0943176
0.0921863
0.0901374
0.0881664
0.0862692
0.0844421
0.0826816
0.0809841
0.0793467
0.0777663
0.0762401
0.0747655
0.0733401
0.0719615
0.0706275
0.069336
0.068085
0.0668727
0.0656973
0.0645571
0.0634505
0.062376
0.0613321
0.0603174
0.0593308
0.0583708
0.0574364
0.0565265
0.0556399
0.0547759
0.0539334
0.0531118
0.0523104
0.051529
0.0507674
0.0500258
0.0493051
0.0486068
0.0479335
0.0472893
0.0466803
0.0461156
0.0456085
0.0451778
0.0448503
0.0446634
0.961692
0.892184
0.829084
0.771727
0.719522
0.671944
0.628523
0.588843
0.552532
0.519258
0.488724
0.460668
0.434851
0.411062
0.389111
0.36883
0.350065
0.332679
0.31655
0.301568
0.287631
0.274652
0.262548
0.251247
0.240682
0.230794
0.221527
0.212834
0.20467
0.196993
0.189766
0.182957
0.176534
0.170469
0.164736
0.159312
0.154176
0.149307
0.144687
0.140301
0.136131
0.132165
0.12839
0.124792
0.121362
0.118088
0.114962
0.111974
0.109117
0.106382
0.103762
0.101252
0.0988448
0.0965347
0.0943165
0.0921852
0.0901362
0.0881651
0.0862679
0.0844407
0.0826801
0.0809826
0.0793451
0.0777646
0.0762384
0.0747638
0.0733383
0.0719596
0.0706255
0.069334
0.0680829
0.0668705
0.065695
0.0645548
0.0634481
0.0623735
0.0613295
0.0603148
0.059328
0.058368
0.0574335
0.0565235
0.0556368
0.0547726
0.05393
0.0531083
0.0523069
0.0515254
0.0507636
0.050022
0.0493012
0.0486028
0.0479294
0.0472851
0.046676
0.0461112
0.045604
0.0451733
0.0448458
0.0446589
0.961692
0.892184
0.829084
0.771727
0.719522
0.671944
0.628523
0.588843
0.552532
0.519258
0.488725
0.460668
0.434851
0.411062
0.389111
0.36883
0.350065
0.332679
0.31655
0.301568
0.287631
0.274652
0.262548
0.251247
0.240682
0.230793
0.221527
0.212834
0.20467
0.196993
0.189766
0.182957
0.176534
0.170468
0.164736
0.159312
0.154175
0.149306
0.144687
0.1403
0.136131
0.132165
0.128389
0.124792
0.121361
0.118088
0.114961
0.111973
0.109116
0.106381
0.103761
0.101251
0.0988437
0.0965336
0.0943153
0.0921839
0.0901349
0.0881637
0.0862665
0.0844393
0.0826786
0.080981
0.0793435
0.0777629
0.0762366
0.0747619
0.0733364
0.0719576
0.0706235
0.0693318
0.0680807
0.0668683
0.0656927
0.0645523
0.0634455
0.0623708
0.0613268
0.060312
0.0593251
0.058365
0.0574304
0.0565203
0.0556335
0.0547692
0.0539265
0.0531047
0.0523032
0.0515215
0.0507597
0.0500179
0.049297
0.0485985
0.047925
0.0472806
0.0466715
0.0461067
0.0455994
0.0451686
0.0448411
0.0446542
0.961692
0.892184
0.829084
0.771727
0.719522
0.671944
0.628523
0.588843
0.552532
0.519258
0.488725
0.460668
0.434851
0.411062
0.389111
0.36883
0.350065
0.332679
0.31655
0.301568
0.287631
0.274652
0.262548
0.251246
0.240682
0.230793
0.221527
0.212834
0.204669
0.196992
0.189766
0.182956
0.176533
0.170468
0.164735
0.159311
0.154175
0.149306
0.144686
0.1403
0.13613
0.132164
0.128388
0.124791
0.12136
0.118087
0.11496
0.111972
0.109115
0.10638
0.10376
0.10125
0.0988426
0.0965324
0.0943141
0.0921827
0.0901335
0.0881623
0.086265
0.0844378
0.082677
0.0809794
0.0793417
0.0777611
0.0762348
0.07476
0.0733344
0.0719556
0.0706213
0.0693296
0.0680784
0.0668659
0.0656902
0.0645498
0.0634429
0.0623681
0.061324
0.0603091
0.0593221
0.0583619
0.0574272
0.056517
0.0556301
0.0547657
0.0539229
0.053101
0.0522993
0.0515176
0.0507556
0.0500137
0.0492927
0.0485941
0.0479205
0.047276
0.0466668
0.0461019
0.0455946
0.0451638
0.0448363
0.0446494
0.961692
0.892184
0.829084
0.771727
0.719522
0.671944
0.628523
0.588843
0.552532
0.519258
0.488725
0.460668
0.434851
0.411062
0.389111
0.36883
0.350065
0.332679
0.31655
0.301567
0.287631
0.274652
0.262548
0.251246
0.240681
0.230793
0.221527
0.212834
0.204669
0.196992
0.189766
0.182956
0.176533
0.170468
0.164735
0.159311
0.154174
0.149305
0.144686
0.140299
0.13613
0.132164
0.128388
0.12479
0.12136
0.118086
0.114959
0.111972
0.109114
0.106379
0.103759
0.101249
0.0988415
0.0965312
0.0943128
0.0921813
0.0901321
0.0881609
0.0862635
0.0844362
0.0826754
0.0809777
0.07934
0.0777593
0.0762329
0.074758
0.0733323
0.0719534
0.0706191
0.0693273
0.068076
0.0668634
0.0656877
0.0645471
0.0634402
0.0623653
0.0613211
0.0603061
0.059319
0.0583587
0.0574239
0.0565135
0.0556266
0.0547621
0.0539192
0.0530971
0.0522953
0.0515135
0.0507514
0.0500094
0.0492883
0.0485896
0.0479159
0.0472713
0.0466619
0.046097
0.0455896
0.0451588
0.0448312
0.0446444
0.961692
0.892184
0.829084
0.771727
0.719522
0.671944
0.628523
0.588843
0.552532
0.519258
0.488725
0.460668
0.434851
0.411062
0.389111
0.36883
0.350065
0.332679
0.31655
0.301567
0.287631
0.274651
0.262548
0.251246
0.240681
0.230793
0.221527
0.212834
0.204669
0.196992
0.189765
0.182956
0.176533
0.170467
0.164734
0.15931
0.154174
0.149305
0.144685
0.140298
0.136129
0.132163
0.128387
0.124789
0.121359
0.118085
0.114959
0.111971
0.109113
0.106378
0.103758
0.101248
0.0988403
0.0965299
0.0943115
0.09218
0.0901307
0.0881594
0.0862619
0.0844346
0.0826737
0.0809759
0.0793381
0.0777574
0.0762309
0.074756
0.0733302
0.0719512
0.0706168
0.0693249
0.0680736
0.0668609
0.065685
0.0645444
0.0634374
0.0623624
0.0613181
0.060303
0.0593158
0.0583554
0.0574205
0.05651
0.0556229
0.0547583
0.0539153
0.0530931
0.0522912
0.0515092
0.050747
0.0500049
0.0492837
0.0485849
0.0479111
0.0472664
0.046657
0.0460919
0.0455845
0.0451537
0.0448261
0.0446392
0.961692
0.892184
0.829084
0.771727
0.719522
0.671944
0.628523
0.588843
0.552532
0.519258
0.488725
0.460668
0.434851
0.411062
0.389111
0.36883
0.350065
0.332679
0.31655
0.301567
0.287631
0.274651
0.262547
0.251246
0.240681
0.230793
0.221527
0.212834
0.204669
0.196992
0.189765
0.182956
0.176532
0.170467
0.164734
0.15931
0.154173
0.149304
0.144685
0.140298
0.136128
0.132162
0.128386
0.124789
0.121358
0.118084
0.114958
0.11197
0.109112
0.106377
0.103757
0.101247
0.098839
0.0965286
0.0943101
0.0921785
0.0901292
0.0881578
0.0862603
0.0844329
0.0826719
0.0809741
0.0793362
0.0777554
0.0762288
0.0747538
0.073328
0.0719489
0.0706145
0.0693225
0.0680711
0.0668583
0.0656823
0.0645416
0.0634345
0.0623594
0.061315
0.0602998
0.0593125
0.058352
0.057417
0.0565064
0.0556192
0.0547544
0.0539113
0.053089
0.052287
0.0515049
0.0507426
0.0500003
0.049279
0.04858
0.0479061
0.0472614
0.0466519
0.0460868
0.0455793
0.0451484
0.0448208
0.0446339
0.961692
0.892184
0.829084
0.771727
0.719522
0.671944
0.628523
0.588843
0.552532
0.519258
0.488725
0.460668
0.434851
0.411062
0.389111
0.36883
0.350065
0.332679
0.31655
0.301567
0.287631
0.274651
0.262547
0.251246
0.240681
0.230793
0.221526
0.212833
0.204668
0.196991
0.189765
0.182955
0.176532
0.170467
0.164734
0.15931
0.154173
0.149304
0.144684
0.140297
0.136128
0.132162
0.128386
0.124788
0.121357
0.118083
0.114957
0.111969
0.109111
0.106376
0.103756
0.101245
0.0988377
0.0965273
0.0943087
0.0921771
0.0901277
0.0881562
0.0862587
0.0844311
0.0826701
0.0809722
0.0793343
0.0777534
0.0762267
0.0747517
0.0733257
0.0719466
0.070612
0.06932
0.0680685
0.0668556
0.0656795
0.0645387
0.0634315
0.0623563
0.0613118
0.0602965
0.0593091
0.0583485
0.0574134
0.0565027
0.0556154
0.0547505
0.0539072
0.0530848
0.0522827
0.0515005
0.050738
0.0499957
0.0492742
0.0485751
0.0479011
0.0472562
0.0466466
0.0460815
0.045574
0.045143
0.0448154
0.0446285
0.961692
0.892184
0.829084
0.771727
0.719522
0.671944
0.628523
0.588843
0.552532
0.519258
0.488725
0.460668
0.434851
0.411062
0.389111
0.36883
0.350065
0.332679
0.31655
0.301567
0.287631
0.274651
0.262547
0.251246
0.240681
0.230792
0.221526
0.212833
0.204668
0.196991
0.189764
0.182955
0.176531
0.170466
0.164733
0.159309
0.154172
0.149303
0.144684
0.140297
0.136127
0.132161
0.128385
0.124787
0.121356
0.118082
0.114956
0.111968
0.10911
0.106374
0.103755
0.101244
0.0988364
0.0965259
0.0943073
0.0921756
0.0901261
0.0881546
0.086257
0.0844294
0.0826683
0.0809703
0.0793323
0.0777513
0.0762246
0.0747494
0.0733234
0.0719442
0.0706096
0.0693174
0.0680658
0.0668528
0.0656767
0.0645358
0.0634285
0.0623532
0.0613085
0.0602931
0.0593057
0.0583449
0.0574097
0.0564989
0.0556114
0.0547465
0.0539031
0.0530805
0.0522783
0.0514959
0.0507334
0.0499909
0.0492693
0.0485701
0.047896
0.047251
0.0466414
0.0460761
0.0455685
0.0451376
0.0448099
0.0446231
0.961692
0.892184
0.829084
0.771727
0.719522
0.671944
0.628523
0.588843
0.552532
0.519258
0.488725
0.460668
0.434851
0.411062
0.389111
0.36883
0.350065
0.332679
0.31655
0.301567
0.287631
0.274651
0.262547
0.251246
0.240681
0.230792
0.221526
0.212833
0.204668
0.196991
0.189764
0.182955
0.176531
0.170466
0.164733
0.159309
0.154172
0.149303
0.144683
0.140296
0.136126
0.13216
0.128384
0.124786
0.121355
0.118081
0.114955
0.111967
0.109109
0.106373
0.103754
0.101243
0.0988351
0.0965245
0.0943058
0.092174
0.0901245
0.088153
0.0862552
0.0844276
0.0826664
0.0809683
0.0793303
0.0777492
0.0762224
0.0747472
0.0733211
0.0719418
0.070607
0.0693148
0.0680631
0.06685
0.0656738
0.0645328
0.0634254
0.06235
0.0613052
0.0602897
0.0593022
0.0583413
0.0574059
0.056495
0.0556075
0.0547424
0.0538988
0.0530762
0.0522738
0.0514913
0.0507287
0.0499861
0.0492643
0.0485651
0.0478908
0.0472458
0.046636
0.0460707
0.0455631
0.045132
0.0448044
0.0446176
0.961692
0.892184
0.829084
0.771727
0.719522
0.671944
0.628523
0.588843
0.552532
0.519258
0.488725
0.460668
0.434851
0.411062
0.389111
0.36883
0.350065
0.332679
0.31655
0.301567
0.287631
0.274651
0.262547
0.251246
0.240681
0.230792
0.221526
0.212833
0.204668
0.19699
0.189764
0.182954
0.176531
0.170465
0.164732
0.159308
0.154171
0.149302
0.144682
0.140295
0.136126
0.132159
0.128383
0.124785
0.121355
0.118081
0.114954
0.111965
0.109107
0.106372
0.103752
0.101242
0.0988337
0.0965231
0.0943043
0.0921725
0.0901229
0.0881513
0.0862535
0.0844257
0.0826645
0.0809664
0.0793282
0.0777471
0.0762202
0.0747449
0.0733187
0.0719393
0.0706045
0.0693122
0.0680603
0.0668472
0.0656709
0.0645298
0.0634222
0.0623467
0.0613019
0.0602863
0.0592986
0.0583376
0.0574021
0.0564911
0.0556034
0.0547382
0.0538946
0.0530718
0.0522693
0.0514867
0.0507239
0.0499812
0.0492593
0.04856
0.0478856
0.0472404
0.0466306
0.0460652
0.0455575
0.0451265
0.0447988
0.044612
0.961692
0.892184
0.829084
0.771727
0.719522
0.671944
0.628523
0.588843
0.552532
0.519258
0.488725
0.460668
0.434851
0.411062
0.389111
0.36883
0.350065
0.332679
0.31655
0.301567
0.287631
0.274651
0.262547
0.251245
0.24068
0.230792
0.221526
0.212832
0.204667
0.19699
0.189764
0.182954
0.17653
0.170465
0.164732
0.159308
0.154171
0.149301
0.144682
0.140295
0.136125
0.132159
0.128382
0.124784
0.121354
0.11808
0.114953
0.111964
0.109106
0.106371
0.103751
0.10124
0.0988324
0.0965217
0.0943028
0.0921709
0.0901213
0.0881496
0.0862517
0.0844239
0.0826626
0.0809644
0.0793261
0.0777449
0.0762179
0.0747425
0.0733163
0.0719368
0.0706019
0.0693095
0.0680576
0.0668443
0.0656679
0.0645267
0.0634191
0.0623435
0.0612985
0.0602828
0.059295
0.0583339
0.0573983
0.0564872
0.0555994
0.054734
0.0538903
0.0530674
0.0522648
0.051482
0.0507191
0.0499763
0.0492543
0.0485548
0.0478804
0.0472351
0.0466252
0.0460597
0.045552
0.0451209
0.0447933
0.0446064
0.961692
0.892184
0.829084
0.771727
0.719522
0.671944
0.628523
0.588843
0.552532
0.519258
0.488725
0.460668
0.434851
0.411062
0.389111
0.36883
0.350065
0.332679
0.31655
0.301567
0.287631
0.274651
0.262547
0.251245
0.24068
0.230792
0.221525
0.212832
0.204667
0.19699
0.189763
0.182953
0.17653
0.170464
0.164731
0.159307
0.15417
0.149301
0.144681
0.140294
0.136124
0.132158
0.128382
0.124784
0.121353
0.118079
0.114952
0.111963
0.109105
0.10637
0.10375
0.101239
0.098831
0.0965202
0.0943013
0.0921693
0.0901196
0.0881478
0.0862499
0.084422
0.0826606
0.0809623
0.079324
0.0777427
0.0762157
0.0747402
0.0733138
0.0719343
0.0705993
0.0693068
0.0680548
0.0668414
0.0656649
0.0645236
0.0634159
0.0623402
0.0612951
0.0602793
0.0592914
0.0583302
0.0573945
0.0564832
0.0555953
0.0547299
0.053886
0.053063
0.0522602
0.0514774
0.0507143
0.0499714
0.0492493
0.0485497
0.0478752
0.0472298
0.0466198
0.0460543
0.0455465
0.0451154
0.0447877
0.0446009
0.961692
0.892184
0.829084
0.771727
0.719522
0.671944
0.628523
0.588843
0.552532
0.519258
0.488725
0.460668
0.434851
0.411062
0.389111
0.36883
0.350065
0.332679
0.31655
0.301567
0.28763
0.274651
0.262547
0.251245
0.24068
0.230791
0.221525
0.212832
0.204667
0.19699
0.189763
0.182953
0.176529
0.170464
0.164731
0.159307
0.15417
0.1493
0.14468
0.140293
0.136123
0.132157
0.128381
0.124783
0.121352
0.118078
0.114951
0.111962
0.109104
0.106368
0.103749
0.101238
0.0988296
0.0965187
0.0942998
0.0921677
0.0901179
0.0881461
0.0862481
0.0844201
0.0826587
0.0809603
0.0793219
0.0777405
0.0762134
0.0747378
0.0733114
0.0719317
0.0705967
0.0693041
0.068052
0.0668385
0.0656619
0.0645205
0.0634127
0.0623369
0.0612917
0.0602758
0.0592878
0.0583265
0.0573906
0.0564793
0.0555912
0.0547257
0.0538817
0.0530585
0.0522557
0.0514727
0.0507096
0.0499665
0.0492443
0.0485446
0.04787
0.0472245
0.0466144
0.0460489
0.045541
0.0451099
0.0447822
0.0445954
0.961692
0.892184
0.829084
0.771727
0.719523
0.671944
0.628523
0.588843
0.552532
0.519258
0.488725
0.460668
0.434851
0.411062
0.389111
0.36883
0.350064
0.332679
0.31655
0.301567
0.28763
0.274651
0.262546
0.251245
0.24068
0.230791
0.221525
0.212832
0.204667
0.196989
0.189762
0.182953
0.176529
0.170463
0.16473
0.159306
0.154169
0.1493
0.14468
0.140292
0.136123
0.132156
0.12838
0.124782
0.121351
0.118077
0.11495
0.111961
0.109103
0.106367
0.103747
0.101236
0.0988282
0.0965173
0.0942982
0.0921661
0.0901163
0.0881444
0.0862463
0.0844182
0.0826567
0.0809583
0.0793198
0.0777383
0.0762111
0.0747355
0.073309
0.0719292
0.070594
0.0693014
0.0680492
0.0668356
0.0656589
0.0645174
0.0634095
0.0623336
0.0612883
0.0602723
0.0592842
0.0583227
0.0573868
0.0564753
0.0555872
0.0547215
0.0538774
0.0530542
0.0522512
0.0514681
0.0507048
0.0499616
0.0492394
0.0485396
0.0478648
0.0472193
0.0466091
0.0460435
0.0455356
0.0451044
0.0447767
0.04459
0.961692
0.892184
0.829084
0.771727
0.719523
0.671944
0.628523
0.588843
0.552532
0.519258
0.488725
0.460668
0.434851
0.411062
0.389111
0.36883
0.350064
0.332679
0.31655
0.301567
0.28763
0.27465
0.262546
0.251245
0.24068
0.230791
0.221525
0.212831
0.204666
0.196989
0.189762
0.182952
0.176529
0.170463
0.16473
0.159305
0.154168
0.149299
0.144679
0.140292
0.136122
0.132155
0.128379
0.124781
0.12135
0.118076
0.114949
0.11196
0.109102
0.106366
0.103746
0.101235
0.0988268
0.0965158
0.0942967
0.0921645
0.0901146
0.0881426
0.0862445
0.0844164
0.0826547
0.0809562
0.0793177
0.0777362
0.0762089
0.0747331
0.0733065
0.0719267
0.0705914
0.0692987
0.0680464
0.0668328
0.065656
0.0645144
0.0634063
0.0623304
0.061285
0.0602688
0.0592806
0.0583191
0.0573831
0.0564714
0.0555832
0.0547174
0.0538732
0.0530498
0.0522467
0.0514636
0.0507002
0.0499569
0.0492345
0.0485346
0.0478598
0.0472142
0.046604
0.0460383
0.0455303
0.0450991
0.0447714
0.0445846
0.961692
0.892184
0.829084
0.771727
0.719523
0.671944
0.628523
0.588843
0.552532
0.519258
0.488725
0.460668
0.434851
0.411062
0.389111
0.36883
0.350064
0.332679
0.31655
0.301567
0.28763
0.27465
0.262546
0.251245
0.240679
0.230791
0.221524
0.212831
0.204666
0.196989
0.189762
0.182952
0.176528
0.170463
0.164729
0.159305
0.154168
0.149298
0.144678
0.140291
0.136121
0.132155
0.128378
0.12478
0.121349
0.118075
0.114948
0.111959
0.109101
0.106365
0.103745
0.101234
0.0988254
0.0965144
0.0942952
0.092163
0.090113
0.0881409
0.0862427
0.0844145
0.0826528
0.0809542
0.0793156
0.077734
0.0762066
0.0747308
0.0733041
0.0719242
0.0705889
0.069296
0.0680437
0.0668299
0.0656531
0.0645114
0.0634032
0.0623271
0.0612817
0.0602654
0.0592771
0.0583155
0.0573793
0.0564676
0.0555793
0.0547134
0.0538691
0.0530456
0.0522424
0.0514591
0.0506956
0.0499522
0.0492298
0.0485298
0.0478549
0.0472092
0.0465989
0.0460331
0.0455252
0.045094
0.0447662
0.0445795
0.961692
0.892184
0.829084
0.771727
0.719523
0.671944
0.628523
0.588843
0.552532
0.519258
0.488725
0.460668
0.434851
0.411062
0.389111
0.36883
0.350064
0.332679
0.31655
0.301567
0.28763
0.27465
0.262546
0.251244
0.240679
0.230791
0.221524
0.212831
0.204666
0.196988
0.189761
0.182951
0.176528
0.170462
0.164729
0.159304
0.154167
0.149298
0.144678
0.14029
0.13612
0.132154
0.128377
0.124779
0.121348
0.118074
0.114946
0.111958
0.109099
0.106364
0.103743
0.101232
0.098824
0.0965129
0.0942937
0.0921614
0.0901114
0.0881392
0.0862409
0.0844127
0.0826509
0.0809523
0.0793136
0.0777319
0.0762044
0.0747285
0.0733018
0.0719218
0.0705864
0.0692934
0.068041
0.0668272
0.0656502
0.0645084
0.0634002
0.062324
0.0612784
0.0602621
0.0592737
0.0583119
0.0573757
0.0564639
0.0555755
0.0547095
0.053865
0.0530415
0.0522382
0.0514548
0.0506912
0.0499477
0.0492252
0.0485251
0.0478501
0.0472044
0.046594
0.0460282
0.0455202
0.045089
0.0447613
0.0445745
0.961692
0.892184
0.829084
0.771727
0.719523
0.671944
0.628523
0.588843
0.552532
0.519258
0.488725
0.460668
0.434851
0.411062
0.389111
0.36883
0.350064
0.332679
0.316549
0.301566
0.28763
0.27465
0.262546
0.251244
0.240679
0.23079
0.221524
0.212831
0.204665
0.196988
0.189761
0.182951
0.176527
0.170462
0.164728
0.159304
0.154167
0.149297
0.144677
0.14029
0.13612
0.132153
0.128377
0.124778
0.121347
0.118073
0.114945
0.111957
0.109098
0.106362
0.103742
0.101231
0.0988227
0.0965115
0.0942923
0.0921599
0.0901098
0.0881376
0.0862392
0.0844109
0.0826491
0.0809503
0.0793116
0.0777298
0.0762023
0.0747263
0.0732995
0.0719194
0.0705839
0.0692909
0.0680383
0.0668244
0.0656474
0.0645055
0.0633972
0.062321
0.0612753
0.0602589
0.0592704
0.0583085
0.0573722
0.0564603
0.0555718
0.0547057
0.0538611
0.0530375
0.0522341
0.0514506
0.050687
0.0499434
0.0492208
0.0485206
0.0478456
0.0471998
0.0465894
0.0460235
0.0455155
0.0450842
0.0447565
0.0445698
0.961692
0.892184
0.829084
0.771727
0.719523
0.671944
0.628523
0.588843
0.552532
0.519258
0.488725
0.460668
0.434851
0.411062
0.389111
0.36883
0.350064
0.332679
0.316549
0.301566
0.28763
0.27465
0.262546
0.251244
0.240679
0.23079
0.221524
0.21283
0.204665
0.196988
0.189761
0.182951
0.176527
0.170461
0.164728
0.159303
0.154166
0.149297
0.144676
0.140289
0.136119
0.132152
0.128376
0.124777
0.121346
0.118072
0.114944
0.111956
0.109097
0.106361
0.103741
0.10123
0.0988214
0.0965102
0.0942908
0.0921584
0.0901082
0.088136
0.0862375
0.0844092
0.0826473
0.0809485
0.0793096
0.0777278
0.0762002
0.0747242
0.0732973
0.0719171
0.0705815
0.0692884
0.0680358
0.0668218
0.0656447
0.0645027
0.0633944
0.062318
0.0612723
0.0602557
0.0592672
0.0583052
0.0573688
0.0564568
0.0555682
0.054702
0.0538574
0.0530337
0.0522302
0.0514466
0.0506829
0.0499393
0.0492166
0.0485164
0.0478413
0.0471954
0.0465849
0.0460191
0.045511
0.0450797
0.044752
0.0445653
0.961692
0.892184
0.829084
0.771727
0.719523
0.671944
0.628523
0.588843
0.552532
0.519258
0.488725
0.460668
0.434851
0.411062
0.389111
0.36883
0.350064
0.332678
0.316549
0.301566
0.28763
0.27465
0.262546
0.251244
0.240679
0.23079
0.221523
0.21283
0.204665
0.196987
0.18976
0.18295
0.176526
0.170461
0.164727
0.159303
0.154166
0.149296
0.144676
0.140288
0.136118
0.132152
0.128375
0.124777
0.121345
0.118071
0.114944
0.111955
0.109096
0.10636
0.10374
0.101229
0.0988201
0.0965088
0.0942895
0.092157
0.0901067
0.0881344
0.0862359
0.0844075
0.0826455
0.0809467
0.0793078
0.0777259
0.0761982
0.0747221
0.0732951
0.0719149
0.0705792
0.0692861
0.0680334
0.0668193
0.0656421
0.0645001
0.0633916
0.0623152
0.0612694
0.0602528
0.0592641
0.0583021
0.0573656
0.0564535
0.0555648
0.0546986
0.0538539
0.0530301
0.0522265
0.0514429
0.0506791
0.0499354
0.0492126
0.0485124
0.0478372
0.0471913
0.0465808
0.0460149
0.0455068
0.0450756
0.0447478
0.0445611
0.961692
0.892184
0.829084
0.771727
0.719523
0.671944
0.628523
0.588843
0.552532
0.519258
0.488725
0.460668
0.434851
0.411062
0.389111
0.368829
0.350064
0.332678
0.316549
0.301566
0.28763
0.27465
0.262545
0.251244
0.240679
0.23079
0.221523
0.21283
0.204664
0.196987
0.18976
0.18295
0.176526
0.17046
0.164727
0.159302
0.154165
0.149295
0.144675
0.140288
0.136118
0.132151
0.128374
0.124776
0.121344
0.11807
0.114943
0.111954
0.109095
0.106359
0.103739
0.101227
0.0988189
0.0965076
0.0942881
0.0921556
0.0901053
0.0881329
0.0862344
0.0844059
0.0826439
0.0809449
0.079306
0.077724
0.0761963
0.0747201
0.0732931
0.0719128
0.0705771
0.0692838
0.0680311
0.066817
0.0656397
0.0644976
0.063389
0.0623125
0.0612666
0.06025
0.0592612
0.0582992
0.0573626
0.0564505
0.0555617
0.0546954
0.0538506
0.0530267
0.0522231
0.0514394
0.0506756
0.0499318
0.049209
0.0485087
0.0478335
0.0471876
0.046577
0.0460111
0.045503
0.0450717
0.044744
0.0445573
0.961692
0.892184
0.829084
0.771727
0.719523
0.671944
0.628523
0.588843
0.552532
0.519258
0.488725
0.460668
0.434851
0.411062
0.389111
0.368829
0.350064
0.332678
0.316549
0.301566
0.287629
0.27465
0.262545
0.251244
0.240678
0.23079
0.221523
0.212829
0.204664
0.196987
0.18976
0.18295
0.176526
0.17046
0.164726
0.159302
0.154165
0.149295
0.144675
0.140287
0.136117
0.13215
0.128374
0.124775
0.121344
0.118069
0.114942
0.111953
0.109094
0.106358
0.103738
0.101226
0.0988177
0.0965064
0.0942869
0.0921543
0.0901039
0.0881315
0.0862329
0.0844044
0.0826423
0.0809433
0.0793043
0.0777223
0.0761945
0.0747183
0.0732912
0.0719108
0.070575
0.0692817
0.0680289
0.0668147
0.0656374
0.0644952
0.0633866
0.0623101
0.0612641
0.0602474
0.0592586
0.0582964
0.0573598
0.0564476
0.0555588
0.0546924
0.0538476
0.0530236
0.05222
0.0514363
0.0506723
0.0499286
0.0492057
0.0485054
0.0478302
0.0471842
0.0465737
0.0460077
0.0454996
0.0450683
0.0447406
0.0445539
0.961692
0.892184
0.829084
0.771728
0.719523
0.671944
0.628523
0.588843
0.552532
0.519258
0.488725
0.460668
0.434851
0.411062
0.389111
0.368829
0.350064
0.332678
0.316549
0.301566
0.287629
0.274649
0.262545
0.251243
0.240678
0.230789
0.221523
0.212829
0.204664
0.196986
0.189759
0.182949
0.176525
0.170459
0.164726
0.159301
0.154164
0.149294
0.144674
0.140287
0.136116
0.132149
0.128373
0.124774
0.121343
0.118068
0.114941
0.111952
0.109093
0.106357
0.103737
0.101225
0.0988167
0.0965053
0.0942857
0.0921531
0.0901027
0.0881302
0.0862316
0.084403
0.0826408
0.0809418
0.0793028
0.0777207
0.0761928
0.0747166
0.0732894
0.071909
0.0705732
0.0692798
0.0680269
0.0668127
0.0656353
0.0644931
0.0633844
0.0623078
0.0612618
0.060245
0.0592561
0.058294
0.0573573
0.056445
0.0555562
0.0546897
0.0538449
0.0530209
0.0522172
0.0514334
0.0506695
0.0499257
0.0492028
0.0485024
0.0478272
0.0471813
0.0465707
0.0460048
0.0454967
0.0450654
0.0447377
0.044551
0.961692
0.892184
0.829084
0.771728
0.719523
0.671944
0.628523
0.588843
0.552532
0.519258
0.488725
0.460668
0.434851
0.411062
0.389111
0.368829
0.350064
0.332678
0.316549
0.301566
0.287629
0.274649
0.262545
0.251243
0.240678
0.230789
0.221523
0.212829
0.204664
0.196986
0.189759
0.182949
0.176525
0.170459
0.164726
0.159301
0.154164
0.149294
0.144674
0.140286
0.136116
0.132149
0.128372
0.124774
0.121342
0.118068
0.11494
0.111951
0.109092
0.106356
0.103736
0.101224
0.0988157
0.0965042
0.0942846
0.092152
0.0901015
0.088129
0.0862303
0.0844017
0.0826395
0.0809404
0.0793013
0.0777192
0.0761913
0.074715
0.0732878
0.0719073
0.0705715
0.0692781
0.0680251
0.0668109
0.0656334
0.0644911
0.0633824
0.0623058
0.0612597
0.0602429
0.059254
0.0582918
0.0573551
0.0564428
0.0555539
0.0546874
0.0538425
0.0530185
0.0522148
0.051431
0.0506671
0.0499232
0.0492004
0.0485
0.0478248
0.0471788
0.0465683
0.0460023
0.0454943
0.045063
0.0447353
0.0445486
0.961692
0.892185
0.829084
0.771728
0.719523
0.671944
0.628523
0.588843
0.552532
0.519258
0.488725
0.460668
0.434851
0.411062
0.389111
0.368829
0.350064
0.332678
0.316549
0.301566
0.287629
0.274649
0.262545
0.251243
0.240678
0.230789
0.221522
0.212829
0.204663
0.196986
0.189759
0.182949
0.176525
0.170459
0.164725
0.159301
0.154163
0.149293
0.144673
0.140286
0.136115
0.132148
0.128372
0.124773
0.121342
0.118067
0.114939
0.11195
0.109092
0.106356
0.103735
0.101223
0.0988148
0.0965033
0.0942837
0.092151
0.0901005
0.0881279
0.0862292
0.0844005
0.0826383
0.0809392
0.0793001
0.0777179
0.07619
0.0747136
0.0732864
0.0719059
0.07057
0.0692765
0.0680236
0.0668092
0.0656318
0.0644895
0.0633807
0.062304
0.061258
0.0602411
0.0592522
0.0582899
0.0573532
0.0564409
0.0555519
0.0546855
0.0538406
0.0530165
0.0522128
0.051429
0.0506651
0.0499213
0.0491984
0.048498
0.0478228
0.0471769
0.0465664
0.0460005
0.0454924
0.0450611
0.0447334
0.0445467
0.961692
0.892185
0.829084
0.771728
0.719523
0.671944
0.628523
0.588843
0.552532
0.519258
0.488725
0.460668
0.434851
0.411061
0.389111
0.368829
0.350064
0.332678
0.316549
0.301566
0.287629
0.274649
0.262545
0.251243
0.240678
0.230789
0.221522
0.212829
0.204663
0.196986
0.189758
0.182948
0.176524
0.170458
0.164725
0.1593
0.154163
0.149293
0.144673
0.140285
0.136115
0.132148
0.128371
0.124773
0.121341
0.118066
0.114939
0.11195
0.109091
0.106355
0.103734
0.101223
0.098814
0.0965025
0.0942828
0.0921501
0.0900996
0.088127
0.0862283
0.0843995
0.0826373
0.0809382
0.079299
0.0777168
0.0761888
0.0747124
0.0732852
0.0719046
0.0705687
0.0692752
0.0680222
0.0668079
0.0656304
0.0644881
0.0633793
0.0623026
0.0612565
0.0602396
0.0592507
0.0582884
0.0573517
0.0564393
0.0555504
0.0546839
0.053839
0.053015
0.0522113
0.0514275
0.0506636
0.0499198
0.049197
0.0484966
0.0478215
0.0471755
0.0465651
0.0459992
0.0454911
0.0450599
0.0447322
0.0445455
0.961692
0.892185
0.829084
0.771728
0.719523
0.671944
0.628523
0.588843
0.552532
0.519258
0.488725
0.460668
0.434851
0.411061
0.389111
0.368829
0.350064
0.332678
0.316549
0.301566
0.287629
0.274649
0.262545
0.251243
0.240677
0.230789
0.221522
0.212828
0.204663
0.196985
0.189758
0.182948
0.176524
0.170458
0.164725
0.1593
0.154163
0.149293
0.144672
0.140285
0.136114
0.132147
0.128371
0.124772
0.121341
0.118066
0.114938
0.111949
0.10909
0.106354
0.103734
0.101222
0.0988133
0.0965018
0.0942821
0.0921494
0.0900988
0.0881262
0.0862275
0.0843987
0.0826365
0.0809373
0.0792981
0.0777159
0.0761879
0.0747115
0.0732842
0.0719037
0.0705677
0.0692742
0.0680212
0.0668068
0.0656293
0.064487
0.0633782
0.0623015
0.0612554
0.0602385
0.0592495
0.0582873
0.0573506
0.0564382
0.0555493
0.0546829
0.053838
0.053014
0.0522103
0.0514266
0.0506627
0.0499189
0.0491961
0.0484959
0.0478207
0.0471749
0.0465644
0.0459986
0.0454906
0.0450593
0.0447317
0.044545
0.961692
0.892185
0.829084
0.771728
0.719523
0.671944
0.628523
0.588843
0.552532
0.519258
0.488725
0.460668
0.43485
0.411061
0.389111
0.368829
0.350064
0.332678
0.316549
0.301565
0.287629
0.274649
0.262544
0.251243
0.240677
0.230788
0.221522
0.212828
0.204663
0.196985
0.189758
0.182948
0.176524
0.170458
0.164724
0.1593
0.154162
0.149292
0.144672
0.140284
0.136114
0.132147
0.12837
0.124772
0.12134
0.118065
0.114938
0.111949
0.10909
0.106354
0.103733
0.101222
0.0988128
0.0965013
0.0942816
0.0921488
0.0900983
0.0881256
0.0862268
0.0843981
0.0826358
0.0809366
0.0792974
0.0777152
0.0761872
0.0747108
0.0732835
0.0719029
0.070567
0.0692735
0.0680205
0.0668061
0.0656286
0.0644862
0.0633775
0.0623008
0.0612547
0.0602378
0.0592489
0.0582866
0.0573499
0.0564376
0.0555487
0.0546823
0.0538375
0.0530135
0.0522099
0.0514262
0.0506624
0.0499187
0.049196
0.0484958
0.0478207
0.0471749
0.0465645
0.0459987
0.0454908
0.0450596
0.0447319
0.0445453
0.961692
0.892185
0.829084
0.771728
0.719523
0.671944
0.628523
0.588843
0.552532
0.519258
0.488725
0.460668
0.43485
0.411061
0.389111
0.368829
0.350064
0.332678
0.316549
0.301565
0.287629
0.274649
0.262544
0.251243
0.240677
0.230788
0.221522
0.212828
0.204663
0.196985
0.189758
0.182948
0.176524
0.170458
0.164724
0.159299
0.154162
0.149292
0.144672
0.140284
0.136114
0.132147
0.12837
0.124771
0.12134
0.118065
0.114938
0.111948
0.10909
0.106353
0.103733
0.101221
0.0988124
0.0965009
0.0942812
0.0921484
0.0900979
0.0881252
0.0862264
0.0843977
0.0826354
0.0809362
0.079297
0.0777148
0.0761868
0.0747104
0.073283
0.0719025
0.0705665
0.069273
0.0680201
0.0668057
0.0656282
0.0644859
0.0633771
0.0623004
0.0612544
0.0602375
0.0592486
0.0582864
0.0573498
0.0564375
0.0555487
0.0546823
0.0538376
0.0530137
0.0522102
0.0514266
0.0506628
0.0499192
0.0491966
0.0484965
0.0478215
0.0471758
0.0465655
0.0459997
0.0454918
0.0450606
0.044733
0.0445464
0.961692
0.892185
0.829084
0.771728
0.719523
0.671944
0.628523
0.588843
0.552532
0.519258
0.488725
0.460668
0.43485
0.411061
0.389111
0.368829
0.350064
0.332678
0.316549
0.301565
0.287629
0.274649
0.262544
0.251243
0.240677
0.230788
0.221522
0.212828
0.204663
0.196985
0.189758
0.182948
0.176524
0.170458
0.164724
0.159299
0.154162
0.149292
0.144672
0.140284
0.136114
0.132147
0.12837
0.124771
0.12134
0.118065
0.114937
0.111948
0.109089
0.106353
0.103733
0.101221
0.0988123
0.0965007
0.094281
0.0921482
0.0900977
0.088125
0.0862263
0.0843975
0.0826352
0.0809361
0.0792969
0.0777146
0.0761867
0.0747102
0.073283
0.0719024
0.0705665
0.069273
0.06802
0.0668057
0.0656282
0.064486
0.0633773
0.0623006
0.0612546
0.0602378
0.0592489
0.0582868
0.0573502
0.056438
0.0555493
0.054683
0.0538383
0.0530146
0.0522111
0.0514276
0.050664
0.0499205
0.049198
0.048498
0.0478231
0.0471775
0.0465673
0.0460016
0.0454938
0.0450626
0.044735
0.0445485
0.961692
0.892185
0.829084
0.771728
0.719523
0.671944
0.628523
0.588843
0.552532
0.519258
0.488725
0.460668
0.43485
0.411061
0.389111
0.368829
0.350064
0.332678
0.316548
0.301565
0.287629
0.274649
0.262544
0.251242
0.240677
0.230788
0.221522
0.212828
0.204663
0.196985
0.189758
0.182948
0.176524
0.170458
0.164724
0.159299
0.154162
0.149292
0.144672
0.140284
0.136114
0.132147
0.12837
0.124771
0.12134
0.118065
0.114937
0.111948
0.109089
0.106353
0.103733
0.101221
0.0988123
0.0965007
0.0942811
0.0921483
0.0900977
0.0881251
0.0862264
0.0843976
0.0826354
0.0809362
0.079297
0.0777148
0.0761869
0.0747105
0.0732832
0.0719027
0.0705668
0.0692734
0.0680205
0.0668062
0.0656288
0.0644865
0.0633779
0.0623013
0.0612553
0.0602386
0.0592498
0.0582878
0.0573513
0.0564392
0.0555506
0.0546844
0.0538398
0.0530162
0.0522129
0.0514295
0.050666
0.0499227
0.0492003
0.0485004
0.0478257
0.0471802
0.0465701
0.0460046
0.0454968
0.0450657
0.0447381
0.0445515
0.961692
0.892185
0.829084
0.771728
0.719523
0.671944
0.628523
0.588843
0.552532
0.519258
0.488725
0.460668
0.43485
0.411061
0.389111
0.368829
0.350064
0.332678
0.316548
0.301565
0.287629
0.274649
0.262544
0.251242
0.240677
0.230788
0.221522
0.212828
0.204663
0.196985
0.189758
0.182948
0.176524
0.170458
0.164724
0.159299
0.154162
0.149292
0.144672
0.140284
0.136114
0.132147
0.12837
0.124771
0.12134
0.118065
0.114938
0.111948
0.10909
0.106353
0.103733
0.101221
0.0988125
0.096501
0.0942813
0.0921486
0.0900981
0.0881255
0.0862267
0.084398
0.0826358
0.0809367
0.0792975
0.0777154
0.0761875
0.0747111
0.0732839
0.0719035
0.0705676
0.0692742
0.0680214
0.0668071
0.0656298
0.0644876
0.063379
0.0623025
0.0612567
0.0602401
0.0592514
0.0582894
0.0573531
0.0564411
0.0555526
0.0546866
0.0538421
0.0530187
0.0522155
0.0514323
0.050669
0.0499258
0.0492036
0.0485039
0.0478294
0.047184
0.046574
0.0460086
0.0455009
0.0450698
0.0447423
0.0445557
0.961692
0.892185
0.829084
0.771727
0.719523
0.671944
0.628523
0.588843
0.552532
0.519258
0.488725
0.460668
0.43485
0.411061
0.389111
0.368829
0.350064
0.332678
0.316548
0.301565
0.287629
0.274649
0.262544
0.251243
0.240677
0.230788
0.221522
0.212828
0.204663
0.196985
0.189758
0.182948
0.176524
0.170458
0.164724
0.159299
0.154162
0.149292
0.144672
0.140284
0.136114
0.132147
0.12837
0.124772
0.12134
0.118065
0.114938
0.111949
0.10909
0.106354
0.103733
0.101222
0.098813
0.0965015
0.0942819
0.0921492
0.0900987
0.0881261
0.0862274
0.0843988
0.0826366
0.0809375
0.0792984
0.0777163
0.0761885
0.0747122
0.073285
0.0719046
0.0705688
0.0692755
0.0680228
0.0668086
0.0656314
0.0644893
0.0633808
0.0623044
0.0612587
0.0602422
0.0592536
0.0582918
0.0573556
0.0564438
0.0555554
0.0546895
0.0538453
0.053022
0.052219
0.0514361
0.0506729
0.04993
0.049208
0.0485085
0.0478341
0.0471889
0.0465791
0.0460138
0.0455061
0.0450751
0.0447476
0.044561
)
;

boundaryField
{
    inlet
    {
        type            fixedValue;
        value           uniform 1;
    }
    outlet
    {
        type            inletOutlet;
        inletValue      uniform 1;
        value           nonuniform List<scalar> 
100
(
0.0445055
0.044506
0.0445071
0.0445087
0.0445108
0.0445134
0.0445164
0.0445198
0.0445237
0.0445279
0.0445324
0.0445372
0.0445423
0.0445477
0.0445532
0.044559
0.0445648
0.0445708
0.0445769
0.044583
0.0445892
0.0445954
0.0446015
0.0446076
0.0446137
0.0446197
0.0446255
0.0446312
0.0446368
0.0446423
0.0446476
0.0446526
0.0446575
0.0446622
0.0446667
0.0446709
0.0446749
0.0446786
0.0446821
0.0446853
0.0446882
0.0446909
0.0446932
0.0446953
0.0446971
0.0446986
0.0446998
0.0447008
0.0447014
0.0447017
0.0447017
0.0447014
0.0447008
0.0446999
0.0446988
0.0446973
0.0446956
0.0446935
0.0446912
0.0446886
0.0446857
0.0446826
0.0446792
0.0446756
0.0446718
0.0446677
0.0446634
0.0446589
0.0446542
0.0446494
0.0446444
0.0446392
0.0446339
0.0446285
0.0446231
0.0446176
0.044612
0.0446064
0.0446009
0.0445954
0.04459
0.0445846
0.0445795
0.0445745
0.0445698
0.0445653
0.0445611
0.0445573
0.0445539
0.044551
0.0445486
0.0445467
0.0445455
0.044545
0.0445453
0.0445464
0.0445485
0.0445515
0.0445557
0.044561
)
;
    }
    ground
    {
        type            empty;
    }
    top
    {
        type            empty;
    }
    front
    {
        type            inletOutlet;
        inletValue      uniform 1;
        value           nonuniform List<scalar> 
100
(
0.961692
0.892185
0.829084
0.771728
0.719523
0.671944
0.628523
0.588843
0.552532
0.519258
0.488725
0.460668
0.43485
0.411061
0.389111
0.368829
0.350064
0.332678
0.316549
0.301565
0.287629
0.274649
0.262544
0.251243
0.240677
0.230788
0.221522
0.212828
0.204663
0.196985
0.189758
0.182948
0.176523
0.170457
0.164724
0.159299
0.154162
0.149292
0.144671
0.140284
0.136113
0.132146
0.128369
0.12477
0.121339
0.118064
0.114936
0.111947
0.109088
0.106352
0.103731
0.101219
0.0988104
0.0964987
0.0942788
0.0921458
0.0900951
0.0881222
0.0862232
0.0843942
0.0826316
0.0809322
0.0792926
0.0777101
0.0761817
0.0747049
0.0732772
0.0718962
0.0705597
0.0692657
0.0680122
0.0667972
0.065619
0.064476
0.0633665
0.0622889
0.061242
0.0602242
0.0592342
0.0582709
0.057333
0.0564195
0.0555293
0.0546615
0.0538152
0.0529897
0.0521844
0.0513991
0.0506336
0.0498882
0.0491637
0.0484619
0.0477853
0.0471382
0.0465266
0.0459599
0.0454513
0.0450197
0.044692
0.0445055
)
;
    }
    back
    {
        type            inletOutlet;
        inletValue      uniform 1;
        value           nonuniform List<scalar> 
100
(
0.961692
0.892185
0.829084
0.771727
0.719523
0.671944
0.628523
0.588843
0.552532
0.519258
0.488725
0.460668
0.43485
0.411061
0.389111
0.368829
0.350064
0.332678
0.316548
0.301565
0.287629
0.274649
0.262544
0.251243
0.240677
0.230788
0.221522
0.212828
0.204663
0.196985
0.189758
0.182948
0.176524
0.170458
0.164724
0.159299
0.154162
0.149292
0.144672
0.140284
0.136114
0.132147
0.12837
0.124772
0.12134
0.118065
0.114938
0.111949
0.10909
0.106354
0.103733
0.101222
0.098813
0.0965015
0.0942819
0.0921492
0.0900987
0.0881261
0.0862274
0.0843988
0.0826366
0.0809375
0.0792984
0.0777163
0.0761885
0.0747122
0.073285
0.0719046
0.0705688
0.0692755
0.0680228
0.0668086
0.0656314
0.0644893
0.0633808
0.0623044
0.0612587
0.0602422
0.0592536
0.0582918
0.0573556
0.0564438
0.0555554
0.0546895
0.0538453
0.053022
0.052219
0.0514361
0.0506729
0.04993
0.049208
0.0485085
0.0478341
0.0471889
0.0465791
0.0460138
0.0455061
0.0450751
0.0447476
0.044561
)
;
    }
}


// ************************************************************************* //
