/*--------------------------------*- C++ -*----------------------------------*\
  =========                 |
  \\      /  F ield         | OpenFOAM: The Open Source CFD Toolbox
   \\    /   O peration     | Website:  https://openfoam.org
    \\  /    A nd           | Version:  11
     \\/     M anipulation  |
\*---------------------------------------------------------------------------*/
FoamFile
{
    format      ascii;
    class       volScalarField;
    location    "280";
    object      omega;
}
// * * * * * * * * * * * * * * * * * * * * * * * * * * * * * * * * * * * * * //

dimensions      [0 0 -1 0 0 0 0];

internalField   nonuniform List<scalar> 
10000
(
0.961695
0.892192
0.829094
0.771736
0.719528
0.671943
0.628514
0.588822
0.552496
0.519205
0.488651
0.46057
0.434725
0.410906
0.388922
0.368603
0.349796
0.332366
0.316189
0.301153
0.28716
0.274119
0.261949
0.250576
0.239934
0.229963
0.220608
0.211819
0.20355
0.19576
0.188412
0.18147
0.174904
0.168683
0.162782
0.157174
0.151839
0.146753
0.141899
0.137258
0.132813
0.128551
0.124456
0.120518
0.116724
0.113066
0.109535
0.106124
0.102828
0.099643
0.0965654
0.0935935
0.0907264
0.0879638
0.085306
0.0827537
0.0803076
0.077968
0.0757356
0.0736105
0.0715923
0.0696802
0.0678726
0.0661673
0.0645614
0.0630517
0.0616346
0.0603062
0.0590627
0.0578999
0.0568138
0.0558
0.0548547
0.0539737
0.0531532
0.0523895
0.051679
0.0510184
0.0504044
0.049834
0.0493045
0.0488132
0.0483578
0.0479359
0.0475456
0.0471851
0.0468525
0.0465466
0.0462658
0.0460091
0.0457756
0.0455644
0.045375
0.045207
0.0450603
0.0449349
0.0448315
0.0447509
0.0446943
0.0446638
0.961695
0.892192
0.829094
0.771737
0.719529
0.671944
0.628515
0.588823
0.552497
0.519206
0.488652
0.460571
0.434726
0.410907
0.388923
0.368604
0.349797
0.332367
0.31619
0.301154
0.287161
0.27412
0.26195
0.250577
0.239936
0.229964
0.220609
0.21182
0.203551
0.195762
0.188413
0.181472
0.174906
0.168685
0.162784
0.157177
0.151841
0.146756
0.141902
0.137261
0.132817
0.128555
0.124461
0.120523
0.11673
0.113072
0.109541
0.106131
0.102836
0.0996508
0.0965737
0.0936022
0.0907355
0.0879732
0.0853157
0.0827636
0.0803177
0.0779784
0.0757463
0.0736214
0.0716033
0.0696911
0.0678831
0.0661773
0.0645709
0.0630606
0.0616429
0.0603141
0.0590701
0.057907
0.0568204
0.0558063
0.0548605
0.0539792
0.0531584
0.0523943
0.0516835
0.0510226
0.0504083
0.0498376
0.0493079
0.0488163
0.0483607
0.0479386
0.0475481
0.0471874
0.0468547
0.0465486
0.0462677
0.0460109
0.0457772
0.0455659
0.0453764
0.0452083
0.0450615
0.0449361
0.0448326
0.0447519
0.0446954
0.0446648
0.961695
0.892192
0.829094
0.771737
0.71953
0.671945
0.628516
0.588824
0.552499
0.519207
0.488653
0.460572
0.434728
0.410909
0.388924
0.368605
0.349799
0.332369
0.316191
0.301156
0.287163
0.274122
0.261952
0.250579
0.239938
0.229967
0.220611
0.211822
0.203553
0.195764
0.188416
0.181475
0.174909
0.168688
0.162787
0.15718
0.151845
0.14676
0.141906
0.137266
0.132823
0.128561
0.124467
0.12053
0.116738
0.113081
0.109551
0.106141
0.102847
0.0996629
0.0965866
0.0936159
0.0907498
0.0879881
0.0853312
0.0827795
0.0803339
0.0779949
0.075763
0.0736382
0.0716201
0.0697077
0.0678994
0.0661931
0.0645861
0.0630751
0.0616568
0.0603273
0.0590826
0.0579188
0.0568316
0.0558168
0.0548705
0.0539885
0.0531671
0.0524025
0.0516912
0.0510297
0.0504149
0.0498439
0.0493137
0.0488217
0.0483657
0.0479433
0.0475525
0.0471914
0.0468585
0.0465521
0.0462709
0.0460139
0.04578
0.0455686
0.0453789
0.0452107
0.0450637
0.0449383
0.0448347
0.044754
0.0446974
0.0446668
0.961695
0.892192
0.829095
0.771738
0.719531
0.671947
0.628518
0.588826
0.552501
0.519209
0.488655
0.460575
0.43473
0.410911
0.388927
0.368608
0.349802
0.332371
0.316194
0.301159
0.287165
0.274125
0.261955
0.250582
0.23994
0.229969
0.220614
0.211825
0.203556
0.195767
0.188419
0.181478
0.174912
0.168692
0.162792
0.157185
0.15185
0.146766
0.141913
0.137273
0.13283
0.128569
0.124477
0.12054
0.116749
0.113093
0.109564
0.106156
0.102862
0.0996795
0.0966042
0.0936346
0.0907695
0.0880086
0.0853524
0.0828013
0.0803561
0.0780175
0.0757858
0.0736611
0.0716429
0.0697302
0.0679215
0.0662146
0.0646068
0.0630951
0.0616759
0.0603455
0.0591
0.0579352
0.0568471
0.0558315
0.0548843
0.0540015
0.0531793
0.052414
0.0517019
0.0510397
0.0504243
0.0498526
0.0493218
0.0488293
0.0483728
0.0479499
0.0475586
0.0471972
0.0468638
0.046557
0.0462756
0.0460182
0.0457841
0.0455724
0.0453825
0.0452141
0.045067
0.0449414
0.0448378
0.044757
0.0447003
0.0446697
0.961695
0.892193
0.829095
0.771739
0.719532
0.671948
0.628519
0.588828
0.552503
0.519212
0.488658
0.460577
0.434733
0.410914
0.38893
0.368611
0.349805
0.332375
0.316197
0.301162
0.287169
0.274128
0.261958
0.250586
0.239944
0.229973
0.220618
0.211829
0.203561
0.195771
0.188424
0.181483
0.174918
0.168698
0.162797
0.157191
0.151857
0.146773
0.141921
0.137282
0.13284
0.12858
0.124488
0.120553
0.116763
0.113108
0.109581
0.106174
0.102882
0.0997006
0.0966266
0.0936582
0.0907943
0.0880345
0.0853792
0.0828289
0.0803842
0.078046
0.0758145
0.0736898
0.0716714
0.0697584
0.0679491
0.0662415
0.0646329
0.0631202
0.0617
0.0603685
0.0591219
0.057956
0.0568668
0.0558501
0.0549019
0.0540181
0.0531949
0.0524285
0.0517156
0.0510525
0.0504362
0.0498637
0.0493322
0.048839
0.0483818
0.0479583
0.0475665
0.0472045
0.0468706
0.0465634
0.0462816
0.0460239
0.0457894
0.0455774
0.0453873
0.0452186
0.0450713
0.0449455
0.0448418
0.0447609
0.0447042
0.0446735
0.961695
0.892193
0.829096
0.77174
0.719533
0.671949
0.628521
0.58883
0.552505
0.519214
0.488661
0.46058
0.434736
0.410917
0.388933
0.368614
0.349808
0.332378
0.316201
0.301166
0.287173
0.274132
0.261962
0.25059
0.239948
0.229978
0.220623
0.211834
0.203566
0.195777
0.188429
0.181489
0.174924
0.168704
0.162804
0.157199
0.151865
0.146782
0.141931
0.137293
0.132852
0.128593
0.124503
0.120569
0.11678
0.113127
0.109601
0.106196
0.102906
0.0997257
0.0966534
0.0936865
0.090824
0.0880654
0.0854111
0.0828616
0.0804176
0.0780798
0.0758485
0.0737238
0.0717052
0.0697917
0.0679817
0.0662733
0.0646637
0.0631499
0.0617285
0.0603958
0.059148
0.0579808
0.0568903
0.0558723
0.0549228
0.0540378
0.0532134
0.052446
0.0517319
0.0510678
0.0504506
0.0498771
0.0493447
0.0488507
0.0483927
0.0479685
0.047576
0.0472134
0.0468789
0.0465712
0.0462888
0.0460307
0.0457958
0.0455834
0.045393
0.0452241
0.0450766
0.0449506
0.0448466
0.0447656
0.0447088
0.0446781
0.961695
0.892193
0.829096
0.77174
0.719534
0.671951
0.628523
0.588832
0.552508
0.519217
0.488664
0.460583
0.43474
0.410921
0.388937
0.368618
0.349812
0.332382
0.316205
0.30117
0.287177
0.274136
0.261967
0.250595
0.239953
0.229983
0.220628
0.211839
0.203571
0.195783
0.188436
0.181496
0.174931
0.168712
0.162813
0.157208
0.151875
0.146793
0.141942
0.137305
0.132866
0.128608
0.124519
0.120587
0.1168
0.113148
0.109624
0.106221
0.102933
0.0997547
0.0966841
0.0937189
0.0908579
0.0881008
0.0854477
0.0828991
0.0804559
0.0781185
0.0758874
0.0737626
0.0717437
0.0698296
0.068019
0.0663096
0.0646989
0.0631839
0.0617612
0.0604271
0.0591778
0.0580092
0.0569173
0.0558978
0.0549469
0.0540605
0.0532348
0.052466
0.0517507
0.0510855
0.0504671
0.0498926
0.0493591
0.0488642
0.0484053
0.0479802
0.047587
0.0472236
0.0468885
0.0465802
0.0462972
0.0460386
0.0458033
0.0455905
0.0453997
0.0452304
0.0450827
0.0449565
0.0448524
0.0447712
0.0447143
0.0446835
0.961695
0.892193
0.829096
0.771741
0.719534
0.671952
0.628524
0.588834
0.55251
0.519219
0.488666
0.460587
0.434743
0.410924
0.388941
0.368622
0.349817
0.332387
0.31621
0.301175
0.287182
0.274141
0.261972
0.2506
0.239959
0.229988
0.220634
0.211845
0.203578
0.19579
0.188443
0.181503
0.174939
0.168721
0.162822
0.157218
0.151886
0.146805
0.141955
0.13732
0.132881
0.128625
0.124538
0.120607
0.116822
0.113173
0.109651
0.106249
0.102963
0.0997871
0.0967185
0.0937552
0.0908959
0.0881402
0.0854884
0.0829409
0.0804984
0.0781615
0.0759306
0.0738057
0.0717864
0.0698718
0.0680603
0.0663499
0.064738
0.0632216
0.0617975
0.0604619
0.059211
0.0580408
0.0569473
0.0559263
0.0549738
0.0540858
0.0532586
0.0524885
0.0517718
0.0511052
0.0504856
0.0499099
0.0493753
0.0488793
0.0484195
0.0479935
0.0475993
0.0472352
0.0468993
0.0465903
0.0463067
0.0460475
0.0458117
0.0455985
0.0454073
0.0452377
0.0450896
0.0449631
0.0448588
0.0447775
0.0447205
0.0446896
0.961695
0.892193
0.829096
0.771741
0.719535
0.671953
0.628525
0.588836
0.552512
0.519222
0.488669
0.46059
0.434746
0.410928
0.388945
0.368626
0.349821
0.332391
0.316214
0.30118
0.287187
0.274147
0.261977
0.250606
0.239965
0.229995
0.22064
0.211852
0.203585
0.195797
0.188451
0.181512
0.174948
0.168731
0.162833
0.15723
0.151899
0.146819
0.14197
0.137336
0.132899
0.128644
0.124559
0.12063
0.116847
0.113199
0.10968
0.106281
0.102996
0.0998226
0.0967562
0.0937948
0.0909374
0.0881833
0.0855329
0.0829865
0.0805448
0.0782084
0.0759777
0.0738527
0.071833
0.0699177
0.0681053
0.0663938
0.0647806
0.0632628
0.0618371
0.0604998
0.0592473
0.0580754
0.0569801
0.0559573
0.0550031
0.0541136
0.0532847
0.052513
0.0517948
0.0511268
0.0505058
0.0499289
0.0493931
0.048896
0.048435
0.048008
0.0476129
0.0472479
0.0469113
0.0466015
0.0463173
0.0460574
0.045821
0.0456073
0.0454157
0.0452457
0.0450973
0.0449705
0.044866
0.0447845
0.0447273
0.0446963
0.961695
0.892193
0.829096
0.771741
0.719535
0.671953
0.628526
0.588837
0.552513
0.519224
0.488672
0.460592
0.43475
0.410931
0.388948
0.36863
0.349825
0.332396
0.316219
0.301185
0.287192
0.274152
0.261983
0.250612
0.239971
0.230001
0.220647
0.21186
0.203593
0.195806
0.18846
0.181521
0.174958
0.168742
0.162845
0.157242
0.151912
0.146833
0.141986
0.137353
0.132918
0.128665
0.124582
0.120655
0.116874
0.113228
0.109711
0.106314
0.103032
0.099861
0.0967968
0.0938375
0.090982
0.0882297
0.0855807
0.0830355
0.0805946
0.0782587
0.0760282
0.0739031
0.071883
0.069967
0.0681536
0.0664408
0.0648263
0.0633069
0.0618796
0.0605406
0.0592862
0.0581125
0.0570153
0.0559908
0.0550348
0.0541434
0.0533129
0.0525395
0.0518197
0.0511502
0.0505277
0.0499494
0.0494123
0.0489139
0.0484518
0.0480238
0.0476277
0.0472617
0.0469242
0.0466136
0.0463287
0.0460682
0.0458312
0.0456169
0.0454248
0.0452544
0.0451056
0.0449786
0.0448738
0.0447921
0.0447348
0.0447037
0.961695
0.892193
0.829096
0.771741
0.719536
0.671954
0.628527
0.588838
0.552515
0.519226
0.488674
0.460595
0.434753
0.410935
0.388952
0.368634
0.34983
0.332401
0.316224
0.30119
0.287198
0.274158
0.261989
0.250618
0.239978
0.230008
0.220655
0.211868
0.203601
0.195814
0.188469
0.181532
0.174969
0.168753
0.162857
0.157256
0.151927
0.146849
0.142004
0.137372
0.132939
0.128688
0.124606
0.120681
0.116902
0.113259
0.109744
0.10635
0.103071
0.0999019
0.09684
0.093883
0.0910295
0.0882789
0.0856315
0.0830874
0.0806474
0.0783121
0.0760818
0.0739565
0.0719359
0.0700192
0.0682047
0.0664907
0.0648747
0.0633537
0.0619246
0.0605838
0.0593275
0.0581518
0.0570528
0.0560263
0.0550683
0.0541751
0.0533428
0.0525676
0.0518462
0.051175
0.050551
0.0499712
0.0494328
0.0489331
0.0484698
0.0480406
0.0476434
0.0472765
0.0469381
0.0466266
0.0463409
0.0460797
0.0458421
0.0456272
0.0454346
0.0452638
0.0451146
0.0449872
0.0448822
0.0448003
0.0447428
0.0447116
0.961695
0.892193
0.829096
0.771741
0.719536
0.671954
0.628528
0.588839
0.552516
0.519227
0.488676
0.460598
0.434756
0.410938
0.388956
0.368638
0.349834
0.332405
0.316229
0.301195
0.287203
0.274164
0.261996
0.250625
0.239985
0.230016
0.220663
0.211876
0.20361
0.195824
0.188479
0.181542
0.174981
0.168766
0.162871
0.15727
0.151943
0.146866
0.142022
0.137392
0.13296
0.128712
0.124632
0.120709
0.116933
0.113292
0.10978
0.106388
0.103111
0.099945
0.0968855
0.0939308
0.0910794
0.0883307
0.0856848
0.083142
0.0807029
0.0783681
0.0761379
0.0740125
0.0719915
0.0700739
0.0682584
0.066543
0.0649255
0.0634028
0.0619719
0.0606291
0.0593709
0.0581932
0.0570921
0.0560636
0.0551037
0.0542085
0.0533743
0.0525973
0.0518741
0.0512012
0.0505756
0.0499943
0.0494544
0.0489534
0.0484888
0.0480584
0.0476601
0.0472921
0.0469527
0.0466404
0.0463539
0.0460919
0.0458536
0.0456382
0.045445
0.0452737
0.0451241
0.0449964
0.0448911
0.0448089
0.0447513
0.04472
0.961695
0.892192
0.829096
0.771741
0.719536
0.671955
0.628528
0.58884
0.552518
0.519229
0.488678
0.4606
0.434758
0.410941
0.388959
0.368642
0.349838
0.33241
0.316234
0.3012
0.287209
0.27417
0.262002
0.250631
0.239992
0.230023
0.220671
0.211885
0.203619
0.195834
0.18849
0.181554
0.174993
0.168779
0.162885
0.157286
0.151959
0.146884
0.142042
0.137414
0.132984
0.128737
0.124659
0.120739
0.116965
0.113327
0.109817
0.106428
0.103154
0.09999
0.096933
0.0939806
0.0911314
0.0883846
0.0857403
0.0831987
0.0807606
0.0784263
0.0761964
0.0740708
0.0720492
0.0701308
0.0683141
0.0665974
0.0649783
0.0634539
0.0620211
0.0606764
0.059416
0.0582363
0.0571331
0.0561025
0.0551405
0.0542433
0.0534071
0.0526282
0.0519032
0.0512286
0.0506013
0.0500184
0.049477
0.0489746
0.0485086
0.048077
0.0476775
0.0473085
0.0469681
0.0466549
0.0463675
0.0461048
0.0458658
0.0456497
0.0454559
0.0452841
0.0451341
0.0450061
0.0449004
0.044818
0.0447603
0.0447289
0.961695
0.892192
0.829096
0.771741
0.719536
0.671955
0.628529
0.588841
0.552519
0.51923
0.48868
0.460602
0.434761
0.410944
0.388962
0.368646
0.349842
0.332414
0.316239
0.301206
0.287215
0.274176
0.262008
0.250638
0.239999
0.230031
0.220679
0.211894
0.203629
0.195844
0.188501
0.181566
0.175006
0.168793
0.1629
0.157302
0.151977
0.146903
0.142062
0.137436
0.133008
0.128763
0.124688
0.12077
0.116998
0.113363
0.109856
0.106469
0.103198
0.100037
0.0969822
0.0940322
0.0911852
0.0884403
0.0857976
0.0832574
0.0808201
0.0784864
0.0762567
0.0741309
0.0721088
0.0701895
0.0683717
0.0666536
0.0650328
0.0635066
0.0620719
0.0607251
0.0594627
0.0582808
0.0571754
0.0561427
0.0551786
0.0542793
0.0534411
0.0526603
0.0519333
0.051257
0.050628
0.0500434
0.0495005
0.0489966
0.0485293
0.0480963
0.0476957
0.0473255
0.0469841
0.0466699
0.0463816
0.0461181
0.0458784
0.0456617
0.0454673
0.045295
0.0451446
0.0450161
0.0449102
0.0448275
0.0447696
0.0447381
0.961695
0.892192
0.829096
0.771741
0.719536
0.671955
0.628529
0.588841
0.552519
0.519232
0.488681
0.460604
0.434763
0.410947
0.388965
0.368649
0.349846
0.332418
0.316244
0.301211
0.28722
0.274182
0.262015
0.250645
0.240007
0.230039
0.220688
0.211903
0.203639
0.195855
0.188512
0.181578
0.175019
0.168807
0.162915
0.157319
0.151995
0.146923
0.142084
0.137459
0.133033
0.12879
0.124717
0.120802
0.117032
0.1134
0.109895
0.106512
0.103243
0.100085
0.0970328
0.0940853
0.0912404
0.0884975
0.0858564
0.0833175
0.0808812
0.0785481
0.0763185
0.0741925
0.0721698
0.0702497
0.0684307
0.0667112
0.0650888
0.0635608
0.062124
0.0607752
0.0595106
0.0583265
0.057219
0.056184
0.0552178
0.0543164
0.0534761
0.0526932
0.0519644
0.0512862
0.0506554
0.0500692
0.0495247
0.0490193
0.0485505
0.0481163
0.0477144
0.0473431
0.0470006
0.0466854
0.0463963
0.0461319
0.0458915
0.0456741
0.0454791
0.0453063
0.0451554
0.0450265
0.0449202
0.0448374
0.0447792
0.0447476
0.961695
0.892192
0.829096
0.771741
0.719536
0.671955
0.628529
0.588842
0.55252
0.519233
0.488683
0.460606
0.434765
0.410949
0.388968
0.368653
0.34985
0.332422
0.316248
0.301216
0.287226
0.274188
0.262021
0.250652
0.240014
0.230047
0.220696
0.211912
0.203649
0.195865
0.188524
0.18159
0.175033
0.168822
0.162931
0.157336
0.152013
0.146943
0.142106
0.137483
0.133059
0.128818
0.124747
0.120834
0.117068
0.113438
0.109936
0.106555
0.103289
0.100134
0.0970845
0.0941394
0.0912968
0.0885559
0.0859165
0.0833789
0.0809435
0.078611
0.0763816
0.0742554
0.0722321
0.0703111
0.0684909
0.06677
0.0651459
0.063616
0.0621773
0.0608263
0.0595596
0.0583732
0.0572634
0.0562263
0.0552578
0.0543542
0.0535119
0.052727
0.0519962
0.051316
0.0506835
0.0500956
0.0495494
0.0490425
0.0485724
0.0481367
0.0477336
0.0473611
0.0470175
0.0467014
0.0464113
0.0461461
0.0459049
0.0456868
0.0454912
0.0453178
0.0451664
0.0450372
0.0449306
0.0448474
0.0447891
0.0447574
0.961695
0.892192
0.829096
0.771741
0.719536
0.671955
0.62853
0.588842
0.552521
0.519233
0.488684
0.460607
0.434767
0.410951
0.388971
0.368656
0.349853
0.332426
0.316252
0.301221
0.287231
0.274194
0.262028
0.250659
0.240022
0.230055
0.220705
0.211922
0.203659
0.195876
0.188536
0.181603
0.175047
0.168837
0.162947
0.157353
0.152033
0.146964
0.142128
0.137507
0.133085
0.128847
0.124778
0.120868
0.117104
0.113477
0.109978
0.1066
0.103337
0.100184
0.0971371
0.0941945
0.0913541
0.0886152
0.0859775
0.0834412
0.0810068
0.0786748
0.0764455
0.0743192
0.0722954
0.0703734
0.0685521
0.0668296
0.0652038
0.063672
0.0622313
0.0608782
0.0596093
0.0584207
0.0573086
0.0562692
0.0552985
0.0543928
0.0535482
0.0527613
0.0520285
0.0513465
0.0507121
0.0501225
0.0495747
0.0490662
0.0485946
0.0481576
0.0477532
0.0473795
0.0470349
0.0467177
0.0464266
0.0461606
0.0459186
0.0456998
0.0455036
0.0453296
0.0451777
0.0450481
0.0449411
0.0448577
0.0447992
0.0447674
0.961695
0.892192
0.829095
0.771741
0.719536
0.671955
0.62853
0.588843
0.552521
0.519234
0.488685
0.460609
0.434769
0.410953
0.388973
0.368659
0.349856
0.33243
0.316257
0.301225
0.287236
0.2742
0.262034
0.250666
0.240029
0.230064
0.220714
0.211931
0.203669
0.195888
0.188548
0.181616
0.175061
0.168852
0.162964
0.157371
0.152052
0.146985
0.142151
0.137532
0.133112
0.128876
0.12481
0.120902
0.117141
0.113516
0.11002
0.106645
0.103384
0.100234
0.0971903
0.0942502
0.091412
0.0886751
0.086039
0.0835041
0.0810706
0.0787392
0.0765101
0.0743836
0.0723592
0.0704363
0.0686138
0.0668898
0.0652624
0.0637287
0.0622859
0.0609307
0.0596596
0.0584687
0.0573544
0.0563126
0.0553397
0.0544318
0.0535851
0.0527961
0.0520613
0.0513773
0.0507411
0.0501497
0.0496003
0.0490902
0.0486172
0.0481788
0.0477731
0.0473982
0.0470524
0.0467342
0.0464422
0.0461753
0.0459325
0.045713
0.0455161
0.0453416
0.0451892
0.0450592
0.0449518
0.0448682
0.0448095
0.0447776
0.961695
0.892192
0.829095
0.77174
0.719536
0.671955
0.62853
0.588843
0.552522
0.519235
0.488686
0.46061
0.43477
0.410955
0.388976
0.368661
0.34986
0.332434
0.316261
0.30123
0.287241
0.274205
0.26204
0.250673
0.240037
0.230072
0.220723
0.211941
0.20368
0.195899
0.18856
0.18163
0.175075
0.168868
0.162981
0.15739
0.152072
0.147006
0.142174
0.137557
0.133139
0.128905
0.124842
0.120936
0.117178
0.113556
0.110062
0.10669
0.103433
0.100285
0.0972439
0.0943062
0.0914703
0.0887354
0.086101
0.0835673
0.0811349
0.078804
0.0765751
0.0744483
0.0724234
0.0704996
0.0686759
0.0669505
0.0653213
0.0637857
0.0623409
0.0609836
0.0597102
0.0585171
0.0574004
0.0563564
0.0553812
0.0544711
0.0536223
0.0528311
0.0520943
0.0514085
0.0507704
0.0501772
0.0496261
0.0491145
0.04864
0.0482002
0.0477932
0.0474171
0.0470702
0.0467509
0.046458
0.0461902
0.0459466
0.0457263
0.0455288
0.0453537
0.0452009
0.0450703
0.0449627
0.0448788
0.0448199
0.0447879
0.961695
0.892192
0.829095
0.77174
0.719536
0.671955
0.62853
0.588843
0.552522
0.519235
0.488687
0.460611
0.434772
0.410957
0.388978
0.368664
0.349863
0.332437
0.316265
0.301234
0.287246
0.274211
0.262046
0.25068
0.240044
0.23008
0.220732
0.21195
0.20369
0.19591
0.188573
0.181643
0.175089
0.168883
0.162998
0.157408
0.152092
0.147028
0.142197
0.137582
0.133167
0.128935
0.124874
0.120971
0.117215
0.113596
0.110105
0.106736
0.103481
0.100336
0.0972976
0.0943623
0.0915287
0.0887957
0.086163
0.0836307
0.0811992
0.0788689
0.0766402
0.0745132
0.0724877
0.070563
0.0687381
0.0670112
0.0653803
0.0638429
0.0623961
0.0610366
0.059761
0.0585656
0.0574467
0.0564004
0.0554229
0.0545106
0.0536596
0.0528664
0.0521275
0.0514397
0.0507998
0.0502049
0.0496521
0.049139
0.0486629
0.0482218
0.0478135
0.0474361
0.0470881
0.0467678
0.0464739
0.0462052
0.0459608
0.0457398
0.0455416
0.0453659
0.0452126
0.0450816
0.0449736
0.0448894
0.0448303
0.0447982
0.961695
0.892192
0.829095
0.77174
0.719535
0.671955
0.62853
0.588843
0.552522
0.519236
0.488687
0.460612
0.434773
0.410959
0.38898
0.368666
0.349866
0.332441
0.316269
0.301239
0.287251
0.274216
0.262052
0.250686
0.240051
0.230088
0.22074
0.21196
0.2037
0.195921
0.188585
0.181656
0.175104
0.168899
0.163014
0.157426
0.152112
0.14705
0.142221
0.137608
0.133194
0.128965
0.124906
0.121006
0.117252
0.113636
0.110148
0.106781
0.103529
0.100387
0.0973512
0.0944184
0.091587
0.088856
0.086225
0.083694
0.0812634
0.0789336
0.0767051
0.0745779
0.0725519
0.0706263
0.0688002
0.0670719
0.0654393
0.0639
0.0624511
0.0610895
0.0598117
0.0586141
0.0574929
0.0564443
0.0554646
0.0545501
0.0536969
0.0529016
0.0521608
0.051471
0.0508293
0.0502326
0.0496782
0.0491634
0.0486859
0.0482433
0.0478338
0.0474552
0.047106
0.0467847
0.0464898
0.0462202
0.045975
0.0457533
0.0455545
0.0453782
0.0452243
0.0450929
0.0449845
0.0449
0.0448407
0.0448085
0.961695
0.892192
0.829095
0.77174
0.719535
0.671955
0.62853
0.588843
0.552523
0.519236
0.488688
0.460613
0.434774
0.410961
0.388982
0.368669
0.349868
0.332444
0.316272
0.301243
0.287256
0.274221
0.262058
0.250693
0.240059
0.230096
0.220749
0.211969
0.203711
0.195933
0.188597
0.181669
0.175118
0.168914
0.163031
0.157445
0.152132
0.147071
0.142244
0.137633
0.133222
0.128995
0.124938
0.12104
0.117289
0.113676
0.11019
0.106826
0.103577
0.100438
0.0974046
0.0944742
0.091645
0.0889159
0.0862865
0.0837568
0.0813272
0.078998
0.0767697
0.0746423
0.0726157
0.0706893
0.068862
0.0671322
0.065498
0.0639569
0.062506
0.0611422
0.0598622
0.0586624
0.0575389
0.0564881
0.0555062
0.0545894
0.0537341
0.0529368
0.0521939
0.0515023
0.0508587
0.0502603
0.0497042
0.0491878
0.0487088
0.0482649
0.047854
0.0474743
0.0471239
0.0468015
0.0465057
0.0462352
0.0459892
0.0457667
0.0455673
0.0453904
0.045236
0.0451041
0.0449954
0.0449106
0.0448512
0.0448188
0.961695
0.892191
0.829095
0.77174
0.719535
0.671955
0.62853
0.588843
0.552523
0.519237
0.488689
0.460614
0.434775
0.410962
0.388984
0.368671
0.349871
0.332447
0.316276
0.301247
0.287261
0.274227
0.262064
0.250699
0.240066
0.230103
0.220757
0.211978
0.203721
0.195944
0.188609
0.181682
0.175132
0.16893
0.163048
0.157463
0.152151
0.147093
0.142268
0.137659
0.133249
0.129024
0.12497
0.121074
0.117326
0.113715
0.110233
0.106871
0.103625
0.100488
0.0974575
0.0945295
0.0917025
0.0889753
0.0863476
0.0838192
0.0813904
0.0790618
0.0768337
0.0747061
0.072679
0.0707517
0.0689233
0.0671921
0.0655562
0.0640132
0.0625604
0.0611946
0.0599124
0.0587103
0.0575846
0.0565316
0.0555475
0.0546285
0.0537711
0.0529717
0.0522269
0.0515333
0.0508879
0.0502878
0.04973
0.0492121
0.0487317
0.0482863
0.0478742
0.0474932
0.0471418
0.0468183
0.0465215
0.0462502
0.0460033
0.0457801
0.04558
0.0454025
0.0452476
0.0451153
0.0450062
0.0449212
0.0448615
0.044829
0.961695
0.892191
0.829095
0.77174
0.719535
0.671955
0.62853
0.588843
0.552523
0.519237
0.488689
0.460615
0.434777
0.410963
0.388986
0.368673
0.349874
0.33245
0.316279
0.301251
0.287265
0.274232
0.262069
0.250705
0.240072
0.230111
0.220766
0.211988
0.203731
0.195955
0.188621
0.181695
0.175147
0.168945
0.163065
0.157481
0.152171
0.147114
0.142291
0.137684
0.133276
0.129053
0.125002
0.121108
0.117363
0.113754
0.110275
0.106916
0.103672
0.100538
0.0975098
0.0945842
0.0917593
0.089034
0.0864078
0.0838807
0.0814529
0.0791249
0.0768969
0.0747692
0.0727415
0.0708134
0.0689838
0.0672512
0.0656138
0.064069
0.0626142
0.0612464
0.059962
0.0587578
0.0576299
0.0565747
0.0555883
0.0546673
0.0538078
0.0530063
0.0522595
0.0515641
0.0509169
0.050315
0.0497556
0.0492362
0.0487543
0.0483076
0.0478941
0.047512
0.0471594
0.046835
0.0465372
0.046265
0.0460173
0.0457934
0.0455926
0.0454146
0.0452591
0.0451264
0.0450169
0.0449316
0.0448717
0.0448392
0.961695
0.892191
0.829095
0.771739
0.719535
0.671954
0.62853
0.588843
0.552523
0.519238
0.48869
0.460615
0.434778
0.410965
0.388987
0.368675
0.349876
0.332453
0.316283
0.301255
0.287269
0.274236
0.262075
0.250711
0.240079
0.230118
0.220774
0.211997
0.203741
0.195965
0.188633
0.181708
0.175161
0.16896
0.163082
0.157499
0.152191
0.147135
0.142314
0.137708
0.133303
0.129082
0.125033
0.121142
0.117399
0.113793
0.110316
0.10696
0.103719
0.100587
0.0975613
0.094638
0.0918152
0.0890918
0.0864672
0.0839413
0.0815144
0.0791869
0.0769591
0.0748313
0.0728031
0.0708742
0.0690435
0.0673096
0.0656705
0.064124
0.0626673
0.0612974
0.060011
0.0588046
0.0576745
0.0566171
0.0556287
0.0547055
0.0538439
0.0530405
0.0522917
0.0515945
0.0509455
0.0503419
0.049781
0.04926
0.0487766
0.0483286
0.0479139
0.0475305
0.0471769
0.0468514
0.0465527
0.0462796
0.0460312
0.0458065
0.0456051
0.0454265
0.0452705
0.0451373
0.0450275
0.0449419
0.0448818
0.0448491
0.961695
0.892191
0.829094
0.771739
0.719535
0.671954
0.62853
0.588843
0.552523
0.519238
0.48869
0.460616
0.434779
0.410966
0.388989
0.368677
0.349878
0.332455
0.316286
0.301258
0.287273
0.274241
0.26208
0.250717
0.240086
0.230126
0.220782
0.212005
0.20375
0.195976
0.188644
0.181721
0.175174
0.168975
0.163098
0.157517
0.15221
0.147156
0.142336
0.137733
0.133329
0.129111
0.125064
0.121175
0.117434
0.113831
0.110356
0.107003
0.103764
0.100635
0.0976118
0.0946908
0.0918701
0.0891485
0.0865254
0.0840007
0.0815748
0.0792478
0.0770203
0.0748922
0.0728636
0.0709339
0.0691021
0.0673668
0.0657262
0.064178
0.0627195
0.0613476
0.0600591
0.0588506
0.0577185
0.0566589
0.0556684
0.0547431
0.0538795
0.0530741
0.0523235
0.0516244
0.0509737
0.0503684
0.0498059
0.0492834
0.0487987
0.0483493
0.0479333
0.0475488
0.0471941
0.0468676
0.046568
0.046294
0.0460448
0.0458194
0.0456174
0.0454382
0.0452817
0.0451481
0.0450379
0.044952
0.0448917
0.044859
0.961695
0.892191
0.829094
0.771739
0.719535
0.671954
0.62853
0.588843
0.552524
0.519238
0.488691
0.460617
0.434779
0.410967
0.38899
0.368679
0.34988
0.332458
0.316289
0.301262
0.287277
0.274246
0.262085
0.250723
0.240092
0.230133
0.22079
0.212014
0.20376
0.195986
0.188655
0.181733
0.175188
0.16899
0.163114
0.157534
0.152229
0.147176
0.142358
0.137757
0.133355
0.129139
0.125094
0.121207
0.117469
0.113868
0.110396
0.107045
0.103809
0.100682
0.0976613
0.0947424
0.0919237
0.0892039
0.0865823
0.0840589
0.0816338
0.0793074
0.07708
0.0749519
0.0729228
0.0709923
0.0691595
0.0674229
0.0657808
0.0642309
0.0627706
0.0613968
0.0601063
0.0588958
0.0577615
0.0566999
0.0557073
0.05478
0.0539144
0.0531071
0.0523546
0.0516537
0.0510013
0.0503944
0.0498303
0.0493064
0.0488203
0.0483696
0.0479524
0.0475668
0.047211
0.0468835
0.046583
0.0463082
0.0460582
0.0458321
0.0456294
0.0454496
0.0452927
0.0451587
0.0450481
0.0449619
0.0449015
0.0448686
0.961695
0.892191
0.829094
0.771739
0.719534
0.671954
0.628529
0.588843
0.552524
0.519238
0.488691
0.460617
0.43478
0.410968
0.388992
0.368681
0.349882
0.33246
0.316292
0.301265
0.287281
0.27425
0.26209
0.250728
0.240098
0.230139
0.220797
0.212022
0.203769
0.195996
0.188666
0.181745
0.175201
0.169004
0.163129
0.157551
0.152247
0.147196
0.14238
0.13778
0.13338
0.129166
0.125123
0.121239
0.117503
0.113904
0.110435
0.107086
0.103853
0.100728
0.0977095
0.0947928
0.0919761
0.089258
0.0866379
0.0841156
0.0816914
0.0793655
0.0771384
0.0750101
0.0729806
0.0710493
0.0692155
0.0674777
0.0658341
0.0642826
0.0628205
0.0614448
0.0601524
0.0589398
0.0578036
0.05674
0.0557453
0.054816
0.0539486
0.0531394
0.0523851
0.0516824
0.0510283
0.0504199
0.0498543
0.0493289
0.0488414
0.0483895
0.0479711
0.0475843
0.0472275
0.0468991
0.0465976
0.046322
0.0460712
0.0458445
0.0456412
0.0454609
0.0453034
0.045169
0.0450581
0.0449716
0.044911
0.0448779
0.961694
0.892191
0.829094
0.771739
0.719534
0.671954
0.628529
0.588843
0.552524
0.519239
0.488691
0.460618
0.434781
0.410969
0.388993
0.368682
0.349884
0.332463
0.316294
0.301268
0.287285
0.274254
0.262095
0.250734
0.240104
0.230146
0.220805
0.21203
0.203778
0.196006
0.188677
0.181757
0.175214
0.169018
0.163144
0.157567
0.152265
0.147216
0.142401
0.137803
0.133405
0.129192
0.125151
0.12127
0.117536
0.11394
0.110472
0.107126
0.103895
0.100773
0.0977564
0.0948417
0.0920269
0.0893105
0.0866919
0.0841708
0.0817474
0.0794221
0.0771951
0.0750667
0.0730367
0.0711048
0.06927
0.067531
0.065886
0.0643329
0.0628691
0.0614916
0.0601973
0.0589828
0.0578446
0.056779
0.0557824
0.0548512
0.0539818
0.0531708
0.0524147
0.0517104
0.0510547
0.0504447
0.0498776
0.0493509
0.048862
0.0484089
0.0479893
0.0476015
0.0472436
0.0469142
0.0466119
0.0463355
0.046084
0.0458566
0.0456526
0.0454718
0.0453139
0.045179
0.0450678
0.0449811
0.0449202
0.0448871
0.961694
0.892191
0.829094
0.771739
0.719534
0.671954
0.628529
0.588843
0.552524
0.519239
0.488692
0.460618
0.434782
0.41097
0.388994
0.368684
0.349886
0.332465
0.316297
0.301271
0.287288
0.274258
0.262099
0.250739
0.24011
0.230152
0.220812
0.212038
0.203786
0.196016
0.188688
0.181768
0.175226
0.169032
0.163159
0.157583
0.152282
0.147234
0.142421
0.137825
0.133429
0.129218
0.125179
0.121299
0.117568
0.113974
0.110509
0.107165
0.103936
0.100816
0.0978018
0.0948892
0.0920762
0.0893614
0.0867442
0.0842242
0.0818016
0.0794768
0.0772501
0.0751215
0.0730912
0.0711586
0.0693228
0.0675827
0.0659364
0.0643817
0.0629162
0.061537
0.0602409
0.0590245
0.0578844
0.0568169
0.0558184
0.0548853
0.0540141
0.0532013
0.0524436
0.0517376
0.0510803
0.0504688
0.0499003
0.0493722
0.0488821
0.0484277
0.048007
0.0476181
0.0472593
0.046929
0.0466258
0.0463486
0.0460964
0.0458683
0.0456638
0.0454824
0.045324
0.0451888
0.0450772
0.0449902
0.0449292
0.0448959
0.961694
0.892191
0.829094
0.771739
0.719534
0.671954
0.628529
0.588843
0.552524
0.519239
0.488692
0.460619
0.434782
0.410971
0.388995
0.368685
0.349888
0.332467
0.3163
0.301274
0.287292
0.274262
0.262104
0.250744
0.240115
0.230159
0.220819
0.212046
0.203795
0.196025
0.188698
0.181779
0.175238
0.169045
0.163173
0.157599
0.152299
0.147253
0.142441
0.137846
0.133452
0.129243
0.125206
0.121328
0.117599
0.114007
0.110544
0.107202
0.103976
0.100858
0.0978456
0.0949349
0.0921237
0.0894106
0.0867947
0.0842758
0.081854
0.0795297
0.0773032
0.0751745
0.0731438
0.0712106
0.0693739
0.0676327
0.065985
0.0644289
0.0629619
0.0615809
0.060283
0.0590648
0.0579229
0.0568535
0.0558532
0.0549184
0.0540454
0.0532309
0.0524715
0.0517639
0.0511051
0.0504921
0.0499222
0.0493928
0.0489015
0.0484459
0.0480241
0.0476342
0.0472744
0.0469432
0.0466392
0.0463613
0.0461084
0.0458797
0.0456746
0.0454927
0.0453338
0.0451982
0.0450863
0.0449991
0.0449378
0.0449045
0.961694
0.892191
0.829094
0.771739
0.719534
0.671954
0.628529
0.588843
0.552524
0.519239
0.488692
0.460619
0.434783
0.410972
0.388997
0.368687
0.34989
0.332469
0.316302
0.301277
0.287295
0.274266
0.262108
0.250748
0.240121
0.230164
0.220825
0.212053
0.203803
0.196033
0.188707
0.18179
0.175249
0.169057
0.163187
0.157614
0.152315
0.14727
0.14246
0.137867
0.133474
0.129267
0.125232
0.121356
0.117628
0.114039
0.110578
0.107238
0.104014
0.100898
0.0978878
0.094979
0.0921695
0.0894578
0.0868432
0.0843254
0.0819044
0.0795806
0.0773543
0.0752256
0.0731945
0.0712606
0.0694231
0.0676808
0.0660319
0.0644744
0.0630058
0.0616233
0.0603237
0.0591037
0.05796
0.0568889
0.0558868
0.0549503
0.0540756
0.0532594
0.0524984
0.0517893
0.051129
0.0505146
0.0499434
0.0494127
0.0489202
0.0484635
0.0480407
0.0476498
0.047289
0.046957
0.0466522
0.0463735
0.0461199
0.0458906
0.045685
0.0455026
0.0453433
0.0452073
0.0450951
0.0450076
0.0449462
0.0449127
0.961694
0.892191
0.829094
0.771738
0.719534
0.671953
0.628529
0.588843
0.552524
0.519239
0.488693
0.46062
0.434784
0.410973
0.388998
0.368688
0.349891
0.332471
0.316304
0.30128
0.287298
0.274269
0.262112
0.250753
0.240126
0.23017
0.220831
0.21206
0.20381
0.196042
0.188716
0.1818
0.17526
0.169069
0.1632
0.157628
0.15233
0.147287
0.142478
0.137886
0.133495
0.12929
0.125256
0.121383
0.117657
0.114069
0.11061
0.107273
0.10405
0.100937
0.0979282
0.0950212
0.0922133
0.0895031
0.0868898
0.0843729
0.0819527
0.0796294
0.0774032
0.0752745
0.0732431
0.0713086
0.0694703
0.067727
0.0660769
0.0645181
0.063048
0.0616639
0.0603627
0.0591411
0.0579957
0.0569229
0.0559191
0.0549809
0.0541046
0.0532868
0.0525243
0.0518137
0.051152
0.0505363
0.0499637
0.0494318
0.0489382
0.0484804
0.0480566
0.0476647
0.0473031
0.0469702
0.0466646
0.0463853
0.046131
0.0459011
0.0456949
0.0455121
0.0453524
0.045216
0.0451035
0.0450158
0.0449542
0.0449206
0.961694
0.892191
0.829094
0.771738
0.719534
0.671953
0.628529
0.588843
0.552524
0.519239
0.488693
0.46062
0.434784
0.410974
0.388999
0.368689
0.349893
0.332473
0.316306
0.301282
0.287301
0.274273
0.262116
0.250757
0.240131
0.230175
0.220837
0.212066
0.203818
0.19605
0.188725
0.181809
0.175271
0.169081
0.163212
0.157641
0.152345
0.147303
0.142495
0.137905
0.133516
0.129312
0.12528
0.121408
0.117684
0.114098
0.110641
0.107306
0.104085
0.100974
0.0979668
0.0950614
0.0922552
0.0895464
0.0869342
0.0844183
0.0819988
0.079676
0.07745
0.0753212
0.0732895
0.0713545
0.0695154
0.0677711
0.0661199
0.0645598
0.0630884
0.0617028
0.0604
0.0591768
0.0580298
0.0569554
0.05595
0.0550102
0.0541323
0.0533131
0.052549
0.051837
0.051174
0.050557
0.0499832
0.0494502
0.0489554
0.0484966
0.0480718
0.047679
0.0473165
0.0469828
0.0466766
0.0463965
0.0461416
0.0459112
0.0457045
0.0455212
0.0453611
0.0452244
0.0451116
0.0450236
0.0449618
0.0449282
0.961694
0.892191
0.829093
0.771738
0.719534
0.671953
0.628529
0.588843
0.552524
0.51924
0.488693
0.460621
0.434785
0.410974
0.389
0.36869
0.349894
0.332475
0.316308
0.301285
0.287304
0.274276
0.262119
0.250761
0.240135
0.230181
0.220843
0.212073
0.203825
0.196057
0.188734
0.181819
0.175281
0.169092
0.163224
0.157654
0.152359
0.147318
0.142512
0.137923
0.133535
0.129333
0.125302
0.121432
0.11771
0.114126
0.110671
0.107337
0.104118
0.101008
0.0980034
0.0950997
0.0922949
0.0895875
0.0869764
0.0844615
0.0820427
0.0797203
0.0774945
0.0753657
0.0733337
0.0713981
0.0695583
0.0678131
0.0661609
0.0645996
0.0631268
0.0617398
0.0604356
0.0592109
0.0580623
0.0569863
0.0559794
0.0550381
0.0541588
0.0533381
0.0525726
0.0518593
0.0511949
0.0505767
0.0500018
0.0494676
0.0489717
0.048512
0.0480862
0.0476926
0.0473293
0.0469949
0.0466879
0.0464072
0.0461517
0.0459207
0.0457136
0.0455298
0.0453693
0.0452323
0.0451192
0.045031
0.0449691
0.0449354
0.961694
0.892191
0.829093
0.771738
0.719533
0.671953
0.628529
0.588843
0.552524
0.51924
0.488694
0.460621
0.434785
0.410975
0.389
0.368691
0.349896
0.332476
0.31631
0.301287
0.287306
0.274279
0.262123
0.250765
0.240139
0.230185
0.220848
0.212079
0.203831
0.196065
0.188741
0.181827
0.17529
0.169102
0.163236
0.157667
0.152373
0.147333
0.142528
0.13794
0.133553
0.129352
0.125324
0.121455
0.117734
0.114152
0.110699
0.107367
0.10415
0.101041
0.0980381
0.0951359
0.0923325
0.0896263
0.0870164
0.0845023
0.0820842
0.0797622
0.0775366
0.0754077
0.0733754
0.0714394
0.069599
0.0678529
0.0661996
0.0646372
0.0631632
0.0617748
0.0604692
0.0592431
0.0580931
0.0570157
0.0560073
0.0550645
0.0541838
0.0533617
0.052595
0.0518804
0.0512148
0.0505954
0.0500194
0.0494841
0.0489873
0.0485266
0.0480999
0.0477055
0.0473414
0.0470063
0.0466986
0.0464173
0.0461613
0.0459298
0.0457221
0.045538
0.0453772
0.0452398
0.0451265
0.0450381
0.044976
0.0449422
0.961694
0.89219
0.829093
0.771738
0.719533
0.671953
0.628529
0.588843
0.552524
0.51924
0.488694
0.460621
0.434786
0.410976
0.389001
0.368692
0.349897
0.332478
0.316312
0.301289
0.287309
0.274281
0.262126
0.250769
0.240143
0.23019
0.220853
0.212084
0.203837
0.196071
0.188749
0.181835
0.175299
0.169112
0.163246
0.157678
0.152385
0.147346
0.142542
0.137956
0.13357
0.129371
0.125344
0.121476
0.117757
0.114176
0.110725
0.107395
0.104179
0.101073
0.0980707
0.09517
0.0923679
0.0896629
0.087054
0.0845408
0.0821232
0.0798016
0.0775763
0.0754473
0.0734148
0.0714784
0.0696373
0.0678904
0.0662362
0.0646727
0.0631975
0.0618079
0.060501
0.0592735
0.0581221
0.0570433
0.0560336
0.0550895
0.0542074
0.0533841
0.0526161
0.0519003
0.0512335
0.050613
0.0500359
0.0494997
0.0490019
0.0485403
0.0481129
0.0477176
0.0473528
0.047017
0.0467087
0.0464268
0.0461703
0.0459383
0.0457302
0.0455457
0.0453845
0.0452469
0.0451333
0.0450447
0.0449825
0.0449486
0.961694
0.89219
0.829093
0.771738
0.719533
0.671953
0.628529
0.588843
0.552524
0.51924
0.488694
0.460622
0.434786
0.410976
0.389002
0.368693
0.349898
0.332479
0.316314
0.301291
0.287311
0.274284
0.262129
0.250772
0.240147
0.230194
0.220858
0.212089
0.203843
0.196078
0.188756
0.181843
0.175308
0.169121
0.163256
0.157689
0.152397
0.147359
0.142556
0.137971
0.133586
0.129388
0.125362
0.121496
0.117779
0.114199
0.110749
0.107421
0.104207
0.101102
0.0981012
0.0952018
0.092401
0.0896971
0.0870892
0.0845767
0.0821598
0.0798386
0.0776134
0.0754844
0.0734517
0.0715148
0.0696731
0.0679255
0.0662704
0.0647059
0.0632296
0.0618389
0.0605307
0.059302
0.0581493
0.0570692
0.0560583
0.0551129
0.0542296
0.053405
0.0526358
0.0519189
0.0512511
0.0506295
0.0500515
0.0495143
0.0490156
0.0485532
0.048125
0.047729
0.0473635
0.047027
0.0467182
0.0464358
0.0461787
0.0459463
0.0457378
0.0455529
0.0453914
0.0452535
0.0451397
0.0450509
0.0449886
0.0449546
0.961694
0.89219
0.829093
0.771738
0.719533
0.671953
0.628529
0.588843
0.552524
0.51924
0.488694
0.460622
0.434787
0.410977
0.389003
0.368694
0.349899
0.332481
0.316315
0.301293
0.287313
0.274287
0.262132
0.250775
0.240151
0.230198
0.220862
0.212094
0.203848
0.196084
0.188762
0.18185
0.175315
0.169129
0.163265
0.157699
0.152408
0.147371
0.142569
0.137985
0.133601
0.129404
0.12538
0.121515
0.117799
0.114221
0.110772
0.107445
0.104232
0.101129
0.0981295
0.0952314
0.0924318
0.0897289
0.0871218
0.0846101
0.0821937
0.0798729
0.0776479
0.0755189
0.0734859
0.0715487
0.0697064
0.0679581
0.0663022
0.0647368
0.0632595
0.0618677
0.0605584
0.0593285
0.0581747
0.0570934
0.0560812
0.0551346
0.0542502
0.0534245
0.0526542
0.0519362
0.0512674
0.0506449
0.0500659
0.0495279
0.0490284
0.0485652
0.0481362
0.0477395
0.0473734
0.0470364
0.046727
0.0464441
0.0461866
0.0459537
0.0457448
0.0455596
0.0453978
0.0452596
0.0451456
0.0450567
0.0449942
0.0449601
0.961694
0.89219
0.829093
0.771738
0.719533
0.671953
0.628529
0.588843
0.552524
0.51924
0.488694
0.460622
0.434787
0.410977
0.389003
0.368695
0.3499
0.332482
0.316317
0.301295
0.287315
0.274289
0.262134
0.250778
0.240154
0.230202
0.220866
0.212099
0.203853
0.196089
0.188768
0.181857
0.175323
0.169137
0.163274
0.157708
0.152418
0.147382
0.142581
0.137997
0.133615
0.129419
0.125396
0.121532
0.117817
0.114241
0.110793
0.107467
0.104256
0.101154
0.0981557
0.0952587
0.0924602
0.0897583
0.087152
0.0846409
0.0822251
0.0799046
0.0776797
0.0755507
0.0735176
0.07158
0.0697372
0.0679883
0.0663316
0.0647653
0.0632871
0.0618943
0.060584
0.059353
0.0581981
0.0571157
0.0561024
0.0551547
0.0542692
0.0534425
0.0526712
0.0519523
0.0512825
0.0506591
0.0500793
0.0495404
0.0490402
0.0485763
0.0481466
0.0477493
0.0473826
0.047045
0.0467351
0.0464517
0.0461938
0.0459605
0.0457513
0.0455658
0.0454037
0.0452653
0.0451511
0.045062
0.0449994
0.0449652
0.961694
0.89219
0.829093
0.771738
0.719533
0.671953
0.628529
0.588843
0.552524
0.51924
0.488694
0.460622
0.434787
0.410978
0.389004
0.368696
0.349901
0.332483
0.316318
0.301296
0.287317
0.274291
0.262137
0.250781
0.240157
0.230205
0.22087
0.212103
0.203858
0.196094
0.188774
0.181863
0.175329
0.169144
0.163282
0.157717
0.152427
0.147392
0.142592
0.138009
0.133628
0.129433
0.12541
0.121548
0.117834
0.114259
0.110812
0.107488
0.104277
0.101176
0.0981795
0.0952837
0.0924861
0.0897851
0.0871796
0.0846691
0.0822537
0.0799335
0.0777088
0.0755798
0.0735465
0.0716086
0.0697654
0.0680159
0.0663585
0.0647915
0.0633124
0.0619187
0.0606074
0.0593754
0.0582195
0.0571361
0.0561218
0.0551731
0.0542867
0.053459
0.0526868
0.0519669
0.0512963
0.0506721
0.0500915
0.0495519
0.0490509
0.0485864
0.0481561
0.0477582
0.047391
0.0470529
0.0467425
0.0464587
0.0462004
0.0459667
0.0457572
0.0455714
0.0454091
0.0452705
0.0451561
0.0450668
0.0450041
0.0449699
0.961694
0.89219
0.829093
0.771738
0.719533
0.671953
0.628529
0.588843
0.552524
0.51924
0.488695
0.460623
0.434788
0.410978
0.389005
0.368697
0.349902
0.332484
0.316319
0.301297
0.287319
0.274293
0.262139
0.250783
0.24016
0.230208
0.220873
0.212107
0.203862
0.196099
0.188779
0.181868
0.175335
0.169151
0.163289
0.157724
0.152435
0.147401
0.142601
0.13802
0.133639
0.129445
0.125424
0.121562
0.117849
0.114275
0.11083
0.107506
0.104297
0.101197
0.0982011
0.0953062
0.0925095
0.0898093
0.0872045
0.0846946
0.0822796
0.0799597
0.0777352
0.0756062
0.0735727
0.0716345
0.0697909
0.0680408
0.0663829
0.0648151
0.0633353
0.0619407
0.0606286
0.0593957
0.0582389
0.0571546
0.0561394
0.0551898
0.0543024
0.0534739
0.0527009
0.0519802
0.0513088
0.0506838
0.0501025
0.0495623
0.0490607
0.0485955
0.0481647
0.0477662
0.0473985
0.04706
0.0467492
0.046465
0.0462063
0.0459724
0.0457625
0.0455764
0.0454139
0.0452751
0.0451606
0.0450712
0.0450084
0.0449741
0.961694
0.89219
0.829093
0.771738
0.719533
0.671953
0.628529
0.588843
0.552524
0.51924
0.488695
0.460623
0.434788
0.410979
0.389005
0.368697
0.349903
0.332485
0.31632
0.301299
0.28732
0.274294
0.262141
0.250785
0.240162
0.230211
0.220876
0.21211
0.203866
0.196103
0.188783
0.181873
0.17534
0.169156
0.163295
0.157731
0.152443
0.147409
0.14261
0.138029
0.133649
0.129456
0.125436
0.121575
0.117863
0.114289
0.110845
0.107523
0.104314
0.101215
0.0982204
0.0953264
0.0925305
0.089831
0.0872268
0.0847174
0.0823028
0.0799831
0.0777587
0.0756297
0.0735961
0.0716576
0.0698137
0.0680632
0.0664047
0.0648363
0.0633557
0.0619604
0.0606475
0.0594139
0.0582562
0.0571711
0.0561551
0.0552047
0.0543165
0.0534872
0.0527134
0.051992
0.05132
0.0506943
0.0501124
0.0495715
0.0490694
0.0486037
0.0481723
0.0477734
0.0474053
0.0470663
0.0467551
0.0464706
0.0462116
0.0459773
0.0457673
0.0455809
0.0454182
0.0452792
0.0451645
0.0450751
0.0450122
0.0449778
0.961694
0.89219
0.829093
0.771738
0.719533
0.671953
0.628529
0.588843
0.552524
0.51924
0.488695
0.460623
0.434788
0.410979
0.389005
0.368698
0.349903
0.332486
0.316321
0.3013
0.287321
0.274296
0.262142
0.250787
0.240164
0.230213
0.220879
0.212113
0.203869
0.196106
0.188787
0.181877
0.175345
0.169162
0.1633
0.157737
0.152449
0.147416
0.142618
0.138037
0.133658
0.129466
0.125446
0.121586
0.117875
0.114302
0.110859
0.107537
0.10433
0.101231
0.0982374
0.0953441
0.0925489
0.08985
0.0872463
0.0847374
0.0823231
0.0800037
0.0777794
0.0756504
0.0736166
0.071678
0.0698337
0.0680828
0.0664238
0.0648548
0.0633737
0.0619778
0.0606642
0.0594298
0.0582714
0.0571856
0.0561688
0.0552178
0.0543289
0.0534989
0.0527245
0.0520025
0.0513298
0.0507035
0.050121
0.0495797
0.049077
0.0486108
0.048179
0.0477797
0.0474112
0.0470718
0.0467603
0.0464754
0.0462162
0.0459817
0.0457714
0.0455849
0.045422
0.0452828
0.045168
0.0450784
0.0450155
0.044981
0.961694
0.89219
0.829093
0.771738
0.719533
0.671953
0.628529
0.588843
0.552524
0.519241
0.488695
0.460623
0.434789
0.410979
0.389006
0.368698
0.349904
0.332486
0.316322
0.301301
0.287322
0.274297
0.262144
0.250789
0.240166
0.230215
0.220881
0.212115
0.203872
0.196109
0.18879
0.181881
0.175349
0.169166
0.163305
0.157742
0.152455
0.147422
0.142624
0.138044
0.133666
0.129474
0.125455
0.121596
0.117885
0.114313
0.110871
0.107549
0.104343
0.101245
0.098252
0.0953593
0.0925647
0.0898663
0.0872631
0.0847546
0.0823406
0.0800214
0.0777972
0.0756681
0.0736343
0.0716955
0.0698509
0.0680997
0.0664403
0.0648708
0.0633892
0.0619927
0.0606785
0.0594435
0.0582845
0.0571981
0.0561807
0.055229
0.0543396
0.053509
0.052734
0.0520114
0.0513382
0.0507115
0.0501285
0.0495866
0.0490835
0.0486169
0.0481847
0.0477851
0.0474162
0.0470765
0.0467647
0.0464796
0.0462201
0.0459854
0.0457749
0.0455882
0.0454251
0.0452859
0.045171
0.0450813
0.0450183
0.0449837
0.961694
0.89219
0.829093
0.771738
0.719533
0.671953
0.628529
0.588843
0.552525
0.519241
0.488695
0.460623
0.434789
0.41098
0.389006
0.368699
0.349904
0.332487
0.316323
0.301301
0.287323
0.274298
0.262145
0.25079
0.240167
0.230217
0.220883
0.212117
0.203874
0.196112
0.188793
0.181884
0.175352
0.16917
0.163309
0.157747
0.15246
0.147427
0.14263
0.13805
0.133673
0.129481
0.125462
0.121604
0.117894
0.114322
0.11088
0.10756
0.104354
0.101257
0.0982641
0.095372
0.0925779
0.08988
0.0872772
0.084769
0.0823553
0.0800362
0.0778121
0.075683
0.0736491
0.0717101
0.0698653
0.0681138
0.066454
0.0648842
0.0634021
0.0620052
0.0606905
0.059455
0.0582955
0.0572085
0.0561906
0.0552384
0.0543485
0.0535174
0.0527419
0.0520189
0.0513452
0.050718
0.0501346
0.0495924
0.0490889
0.048622
0.0481895
0.0477895
0.0474204
0.0470805
0.0467684
0.046483
0.0462233
0.0459885
0.0457778
0.0455909
0.0454277
0.0452884
0.0451734
0.0450836
0.0450205
0.044986
0.961694
0.89219
0.829093
0.771737
0.719533
0.671953
0.628529
0.588843
0.552525
0.519241
0.488695
0.460623
0.434789
0.41098
0.389006
0.368699
0.349905
0.332487
0.316323
0.301302
0.287324
0.274299
0.262146
0.250791
0.240169
0.230218
0.220885
0.212119
0.203876
0.196114
0.188795
0.181886
0.175355
0.169172
0.163312
0.15775
0.152463
0.147431
0.142634
0.138055
0.133678
0.129487
0.125468
0.12161
0.117901
0.11433
0.110888
0.107568
0.104363
0.101266
0.0982739
0.0953823
0.0925886
0.089891
0.0872885
0.0847806
0.082367
0.0800481
0.077824
0.075695
0.073661
0.0717219
0.0698769
0.0681251
0.0664651
0.064895
0.0634125
0.0620152
0.0607001
0.0594642
0.0583043
0.0572169
0.0561986
0.055246
0.0543556
0.0535241
0.0527482
0.0520248
0.0513508
0.0507233
0.0501396
0.049597
0.0490933
0.048626
0.0481933
0.0477931
0.0474237
0.0470835
0.0467713
0.0464858
0.0462259
0.0459908
0.04578
0.0455931
0.0454298
0.0452903
0.0451752
0.0450854
0.0450223
0.0449877
0.961694
0.89219
0.829093
0.771737
0.719533
0.671953
0.628529
0.588843
0.552525
0.519241
0.488695
0.460623
0.434789
0.41098
0.389007
0.368699
0.349905
0.332488
0.316324
0.301303
0.287324
0.274299
0.262146
0.250792
0.240169
0.230219
0.220886
0.21212
0.203877
0.196115
0.188797
0.181888
0.175357
0.169175
0.163315
0.157753
0.152466
0.147434
0.142638
0.138059
0.133682
0.129491
0.125473
0.121615
0.117906
0.114335
0.110894
0.107574
0.104369
0.101273
0.0982813
0.0953899
0.0925966
0.0898993
0.087297
0.0847893
0.0823759
0.080057
0.077833
0.075704
0.07367
0.0717307
0.0698856
0.0681337
0.0664734
0.064903
0.0634203
0.0620227
0.0607073
0.0594712
0.0583109
0.0572232
0.0562045
0.0552516
0.0543609
0.0535291
0.052753
0.0520293
0.051355
0.0507272
0.0501432
0.0496004
0.0490965
0.048629
0.0481961
0.0477957
0.0474261
0.0470858
0.0467734
0.0464877
0.0462277
0.0459926
0.0457817
0.0455946
0.0454312
0.0452917
0.0451766
0.0450867
0.0450236
0.0449889
0.961694
0.89219
0.829093
0.771737
0.719533
0.671953
0.628529
0.588843
0.552525
0.519241
0.488695
0.460624
0.434789
0.41098
0.389007
0.368699
0.349905
0.332488
0.316324
0.301303
0.287325
0.2743
0.262147
0.250792
0.24017
0.23022
0.220886
0.212121
0.203878
0.196116
0.188798
0.181889
0.175358
0.169176
0.163316
0.157754
0.152468
0.147436
0.14264
0.138061
0.133684
0.129494
0.125476
0.121618
0.117909
0.114339
0.110898
0.107579
0.104374
0.101278
0.0982862
0.0953951
0.0926019
0.0899048
0.0873027
0.0847951
0.0823818
0.080063
0.077839
0.07571
0.073676
0.0717367
0.0698915
0.0681394
0.066479
0.0649084
0.0634255
0.0620277
0.0607122
0.0594758
0.0583153
0.0572273
0.0562085
0.0552554
0.0543645
0.0535325
0.0527561
0.0520322
0.0513577
0.0507298
0.0501456
0.0496027
0.0490985
0.0486309
0.0481978
0.0477973
0.0474276
0.0470872
0.0467747
0.0464889
0.0462288
0.0459936
0.0457826
0.0455955
0.0454321
0.0452925
0.0451773
0.0450875
0.0450243
0.0449896
0.961694
0.89219
0.829093
0.771737
0.719533
0.671953
0.628529
0.588843
0.552525
0.519241
0.488695
0.460624
0.434789
0.41098
0.389007
0.368699
0.349905
0.332488
0.316324
0.301303
0.287325
0.2743
0.262147
0.250793
0.24017
0.23022
0.220887
0.212121
0.203878
0.196117
0.188799
0.18189
0.175359
0.169177
0.163317
0.157755
0.152469
0.147437
0.142641
0.138062
0.133685
0.129495
0.125477
0.12162
0.117911
0.114341
0.1109
0.107581
0.104376
0.10128
0.0982887
0.0953977
0.0926046
0.0899076
0.0873056
0.084798
0.0823848
0.0800661
0.0778421
0.0757131
0.073679
0.0717397
0.0698944
0.0681423
0.0664818
0.0649112
0.0634282
0.0620303
0.0607146
0.0594781
0.0583175
0.0572294
0.0562105
0.0552572
0.0543662
0.0535341
0.0527576
0.0520336
0.051359
0.050731
0.0501467
0.0496037
0.0490995
0.0486318
0.0481986
0.047798
0.0474283
0.0470878
0.0467752
0.0464894
0.0462293
0.045994
0.045783
0.0455958
0.0454324
0.0452928
0.0451776
0.0450877
0.0450245
0.0449898
0.961694
0.89219
0.829093
0.771737
0.719533
0.671953
0.628529
0.588843
0.552525
0.519241
0.488695
0.460624
0.434789
0.41098
0.389007
0.368699
0.349905
0.332488
0.316324
0.301303
0.287325
0.2743
0.262147
0.250793
0.24017
0.23022
0.220887
0.212121
0.203878
0.196117
0.188799
0.18189
0.175359
0.169177
0.163317
0.157755
0.152469
0.147437
0.142641
0.138062
0.133685
0.129495
0.125477
0.12162
0.117911
0.114341
0.1109
0.107581
0.104376
0.10128
0.0982887
0.0953978
0.0926047
0.0899077
0.0873057
0.0847981
0.0823849
0.0800661
0.0778422
0.0757131
0.0736791
0.0717397
0.0698945
0.0681423
0.0664818
0.0649112
0.0634282
0.0620303
0.0607146
0.0594781
0.0583175
0.0572294
0.0562104
0.0552571
0.0543661
0.053534
0.0527575
0.0520335
0.0513589
0.0507308
0.0501465
0.0496035
0.0490993
0.0486316
0.0481984
0.0477978
0.047428
0.0470875
0.046775
0.0464891
0.046229
0.0459937
0.0457827
0.0455955
0.0454321
0.0452925
0.0451773
0.0450874
0.0450242
0.0449895
0.961694
0.89219
0.829093
0.771737
0.719533
0.671953
0.628529
0.588843
0.552525
0.519241
0.488695
0.460624
0.434789
0.41098
0.389007
0.368699
0.349905
0.332488
0.316324
0.301303
0.287325
0.2743
0.262147
0.250792
0.24017
0.23022
0.220886
0.212121
0.203878
0.196116
0.188798
0.181889
0.175358
0.169176
0.163316
0.157754
0.152468
0.147436
0.14264
0.138061
0.133684
0.129494
0.125476
0.121618
0.117909
0.114339
0.110898
0.107579
0.104374
0.101278
0.0982864
0.0953953
0.0926021
0.089905
0.0873029
0.0847953
0.082382
0.0800633
0.0778393
0.0757102
0.0736762
0.0717368
0.0698916
0.0681395
0.0664791
0.0649086
0.0634256
0.0620278
0.0607122
0.0594757
0.0583152
0.0572272
0.0562083
0.0552551
0.0543642
0.0535322
0.0527557
0.0520318
0.0513573
0.0507293
0.0501451
0.0496021
0.0490979
0.0486303
0.0481971
0.0477966
0.0474269
0.0470864
0.0467739
0.0464881
0.046228
0.0459927
0.0457817
0.0455946
0.0454311
0.0452916
0.0451764
0.0450865
0.0450233
0.0449887
0.961694
0.89219
0.829093
0.771737
0.719533
0.671953
0.628529
0.588843
0.552525
0.519241
0.488695
0.460623
0.434789
0.41098
0.389007
0.368699
0.349905
0.332488
0.316324
0.301303
0.287324
0.274299
0.262146
0.250792
0.240169
0.230219
0.220886
0.21212
0.203877
0.196115
0.188797
0.181888
0.175357
0.169175
0.163315
0.157753
0.152466
0.147434
0.142638
0.138059
0.133682
0.129491
0.125473
0.121615
0.117906
0.114335
0.110894
0.107575
0.10437
0.101273
0.0982815
0.0953902
0.0925969
0.0898996
0.0872974
0.0847896
0.0823762
0.0800574
0.0778334
0.0757043
0.0736703
0.071731
0.0698859
0.0681339
0.0664736
0.0649032
0.0634204
0.0620228
0.0607073
0.0594711
0.0583108
0.057223
0.0562043
0.0552513
0.0543605
0.0535286
0.0527524
0.0520286
0.0513542
0.0507264
0.0501423
0.0495995
0.0490954
0.0486279
0.0481949
0.0477944
0.0474248
0.0470845
0.046772
0.0464863
0.0462263
0.0459911
0.0457801
0.045593
0.0454296
0.0452901
0.0451749
0.0450851
0.0450219
0.0449873
0.961694
0.89219
0.829093
0.771737
0.719533
0.671953
0.628529
0.588843
0.552525
0.519241
0.488695
0.460623
0.434789
0.41098
0.389006
0.368699
0.349905
0.332487
0.316323
0.301302
0.287324
0.274299
0.262146
0.250791
0.240169
0.230218
0.220885
0.212119
0.203876
0.196114
0.188795
0.181886
0.175355
0.169172
0.163312
0.15775
0.152463
0.147431
0.142634
0.138055
0.133678
0.129487
0.125468
0.12161
0.117901
0.11433
0.110888
0.107568
0.104363
0.101267
0.0982743
0.0953827
0.092589
0.0898915
0.087289
0.0847811
0.0823675
0.0800486
0.0778245
0.0756955
0.0736615
0.0717223
0.0698773
0.0681255
0.0664654
0.0648952
0.0634127
0.0620153
0.0607001
0.0594641
0.0583041
0.0572166
0.0561982
0.0552455
0.054355
0.0535234
0.0527474
0.0520239
0.0513498
0.0507222
0.0501383
0.0495957
0.0490918
0.0486245
0.0481917
0.0477914
0.0474219
0.0470817
0.0467694
0.0464838
0.0462238
0.0459888
0.0457779
0.0455909
0.0454276
0.0452881
0.045173
0.0450831
0.04502
0.0449854
0.961694
0.89219
0.829093
0.771738
0.719533
0.671953
0.628529
0.588843
0.552525
0.519241
0.488695
0.460623
0.434789
0.41098
0.389006
0.368699
0.349904
0.332487
0.316323
0.301301
0.287323
0.274298
0.262145
0.25079
0.240167
0.230217
0.220883
0.212117
0.203874
0.196112
0.188793
0.181884
0.175352
0.16917
0.163309
0.157747
0.15246
0.147427
0.14263
0.138051
0.133673
0.129481
0.125462
0.121604
0.117894
0.114323
0.110881
0.10756
0.104354
0.101257
0.0982646
0.0953726
0.0925785
0.0898806
0.0872779
0.0847697
0.0823559
0.0800369
0.0778127
0.0756837
0.0736498
0.0717107
0.0698659
0.0681143
0.0664544
0.0648845
0.0634023
0.0620053
0.0606905
0.0594549
0.0582953
0.0572082
0.0561901
0.0552378
0.0543477
0.0535165
0.0527409
0.0520177
0.0513439
0.0507166
0.050133
0.0495907
0.0490871
0.04862
0.0481874
0.0477874
0.0474181
0.0470781
0.0467659
0.0464805
0.0462207
0.0459858
0.045775
0.0455881
0.0454249
0.0452855
0.0451704
0.0450807
0.0450176
0.044983
0.961694
0.89219
0.829093
0.771738
0.719533
0.671953
0.628529
0.588843
0.552524
0.519241
0.488695
0.460623
0.434789
0.410979
0.389006
0.368698
0.349904
0.332486
0.316322
0.301301
0.287322
0.274297
0.262144
0.250789
0.240166
0.230215
0.220881
0.212115
0.203872
0.196109
0.18879
0.181881
0.175349
0.169166
0.163305
0.157742
0.152455
0.147422
0.142624
0.138045
0.133666
0.129474
0.125455
0.121596
0.117885
0.114314
0.110871
0.10755
0.104343
0.101246
0.0982525
0.09536
0.0925654
0.0898671
0.0872639
0.0847554
0.0823415
0.0800222
0.077798
0.075669
0.0736351
0.0716962
0.0698516
0.0681003
0.0664408
0.0648712
0.0633894
0.0619928
0.0606785
0.0594434
0.0582843
0.0571976
0.0561801
0.0552282
0.0543386
0.0535079
0.0527327
0.0520099
0.0513366
0.0507097
0.0501265
0.0495845
0.0490813
0.0486145
0.0481822
0.0477824
0.0474134
0.0470736
0.0467617
0.0464765
0.0462169
0.0459821
0.0457715
0.0455847
0.0454216
0.0452823
0.0451673
0.0450777
0.0450146
0.0449801
0.961694
0.89219
0.829093
0.771738
0.719533
0.671953
0.628529
0.588843
0.552524
0.51924
0.488695
0.460623
0.434788
0.410979
0.389005
0.368698
0.349903
0.332486
0.316321
0.3013
0.287321
0.274296
0.262142
0.250787
0.240164
0.230213
0.220879
0.212113
0.203869
0.196106
0.188787
0.181877
0.175345
0.169162
0.1633
0.157737
0.152449
0.147416
0.142618
0.138038
0.133659
0.129466
0.125446
0.121586
0.117875
0.114303
0.110859
0.107538
0.10433
0.101232
0.0982381
0.0953449
0.0925497
0.0898509
0.0872472
0.0847383
0.0823241
0.0800047
0.0777804
0.0756513
0.0736175
0.0716788
0.0698345
0.0680835
0.0664244
0.0648553
0.063374
0.0619779
0.0606642
0.0594297
0.0582711
0.0571851
0.0561681
0.0552168
0.0543278
0.0534976
0.052723
0.0520007
0.0513278
0.0507014
0.0501187
0.0495772
0.0490743
0.048608
0.048176
0.0477765
0.0474078
0.0470684
0.0467567
0.0464717
0.0462124
0.0459778
0.0457674
0.0455808
0.0454178
0.0452786
0.0451637
0.0450741
0.0450112
0.0449767
0.961694
0.89219
0.829093
0.771738
0.719533
0.671953
0.628529
0.588843
0.552524
0.51924
0.488695
0.460623
0.434788
0.410979
0.389005
0.368697
0.349903
0.332485
0.31632
0.301299
0.28732
0.274294
0.262141
0.250785
0.240162
0.230211
0.220876
0.21211
0.203866
0.196103
0.188783
0.181873
0.17534
0.169157
0.163295
0.157731
0.152443
0.147409
0.14261
0.138029
0.13365
0.129456
0.125436
0.121575
0.117863
0.11429
0.110846
0.107523
0.104315
0.101216
0.0982213
0.0953273
0.0925314
0.089832
0.0872278
0.0847185
0.0823039
0.0799843
0.0777598
0.0756308
0.0735971
0.0716586
0.0698146
0.068064
0.0664053
0.0648368
0.0633561
0.0619606
0.0606475
0.0594137
0.0582558
0.0571704
0.0561542
0.0552036
0.0543152
0.0534857
0.0527117
0.05199
0.0513177
0.0506919
0.0501097
0.0495686
0.0490663
0.0486004
0.0481688
0.0477698
0.0474014
0.0470623
0.046751
0.0464663
0.0462071
0.0459728
0.0457626
0.0455762
0.0454134
0.0452743
0.0451596
0.0450701
0.0450072
0.0449728
0.961694
0.89219
0.829093
0.771738
0.719533
0.671953
0.628529
0.588843
0.552524
0.51924
0.488695
0.460623
0.434788
0.410978
0.389005
0.368697
0.349902
0.332484
0.316319
0.301297
0.287319
0.274293
0.262139
0.250783
0.24016
0.230208
0.220873
0.212107
0.203862
0.196099
0.188779
0.181868
0.175335
0.169151
0.163289
0.157724
0.152435
0.147401
0.142601
0.13802
0.133639
0.129445
0.125424
0.121563
0.11785
0.114275
0.11083
0.107507
0.104298
0.101198
0.0982021
0.0953073
0.0925106
0.0898105
0.0872057
0.0846959
0.0822809
0.079961
0.0777365
0.0756074
0.0735739
0.0716356
0.0697919
0.0680418
0.0663837
0.0648157
0.0633357
0.0619409
0.0606286
0.0593955
0.0582384
0.0571538
0.0561384
0.0551886
0.0543009
0.0534721
0.0526988
0.0519779
0.0513063
0.050681
0.0500995
0.049559
0.0490572
0.0485917
0.0481607
0.0477621
0.0473942
0.0470554
0.0467445
0.0464601
0.0462013
0.0459672
0.0457573
0.045571
0.0454084
0.0452695
0.0451549
0.0450655
0.0450027
0.0449684
0.961694
0.89219
0.829093
0.771738
0.719533
0.671953
0.628529
0.588843
0.552524
0.51924
0.488694
0.460622
0.434787
0.410978
0.389004
0.368696
0.349901
0.332483
0.316318
0.301296
0.287317
0.274291
0.262137
0.250781
0.240157
0.230205
0.22087
0.212103
0.203858
0.196094
0.188774
0.181863
0.175329
0.169144
0.163282
0.157717
0.152427
0.147392
0.142592
0.138009
0.133628
0.129433
0.125411
0.121548
0.117835
0.114259
0.110813
0.107488
0.104278
0.101177
0.0981806
0.0952848
0.0924873
0.0897864
0.0871809
0.0846705
0.0822552
0.079935
0.0777103
0.0755812
0.0735478
0.0716098
0.0697665
0.0680169
0.0663594
0.0647921
0.0633128
0.0619189
0.0606074
0.0593752
0.0582189
0.0571353
0.0561207
0.0551717
0.054285
0.053457
0.0526845
0.0519643
0.0512934
0.0506689
0.050088
0.0495482
0.049047
0.0485821
0.0481516
0.0477535
0.0473861
0.0470478
0.0467372
0.0464532
0.0461947
0.0459609
0.0457513
0.0455653
0.0454029
0.0452642
0.0451497
0.0450605
0.0449977
0.0449635
0.961694
0.89219
0.829093
0.771738
0.719533
0.671953
0.628529
0.588843
0.552524
0.51924
0.488694
0.460622
0.434787
0.410977
0.389003
0.368695
0.3499
0.332482
0.316317
0.301295
0.287315
0.274289
0.262134
0.250778
0.240154
0.230202
0.220866
0.212099
0.203853
0.196089
0.188768
0.181857
0.175323
0.169137
0.163274
0.157708
0.152418
0.147382
0.142581
0.137998
0.133616
0.12942
0.125396
0.121533
0.117818
0.114241
0.110794
0.107468
0.104257
0.101155
0.0981568
0.09526
0.0924615
0.0897597
0.0871535
0.0846425
0.0822267
0.0799062
0.0776813
0.0755523
0.0735191
0.0715814
0.0697385
0.0679894
0.0663326
0.0647661
0.0632876
0.0618945
0.060584
0.0593527
0.0581974
0.0571148
0.0561011
0.0551532
0.0542673
0.0534403
0.0526687
0.0519494
0.0512793
0.0506556
0.0500754
0.0495363
0.0490358
0.0485716
0.0481416
0.0477441
0.0473771
0.0470393
0.0467292
0.0464456
0.0461875
0.0459541
0.0457447
0.045559
0.0453968
0.0452583
0.0451441
0.0450549
0.0449923
0.0449581
0.961694
0.89219
0.829093
0.771738
0.719533
0.671953
0.628529
0.588843
0.552524
0.51924
0.488694
0.460622
0.434787
0.410977
0.389003
0.368694
0.349899
0.332481
0.316315
0.301293
0.287313
0.274287
0.262132
0.250775
0.240151
0.230198
0.220862
0.212094
0.203848
0.196084
0.188762
0.18185
0.175315
0.169129
0.163265
0.157699
0.152408
0.147371
0.142569
0.137985
0.133602
0.129405
0.12538
0.121516
0.117799
0.114222
0.110773
0.107446
0.104233
0.10113
0.0981308
0.0952328
0.0924333
0.0897305
0.0871235
0.0846119
0.0821955
0.0798747
0.0776497
0.0755206
0.0734876
0.0715502
0.0697078
0.0679594
0.0663033
0.0647376
0.06326
0.0618679
0.0605584
0.0593282
0.058174
0.0570924
0.0560798
0.0551329
0.0542481
0.053422
0.0526514
0.051933
0.0512639
0.050641
0.0500617
0.0495233
0.0490235
0.04856
0.0481307
0.0477338
0.0473674
0.0470301
0.0467205
0.0464373
0.0461796
0.0459466
0.0457376
0.0455522
0.0453902
0.045252
0.0451379
0.0450489
0.0449864
0.0449523
0.961694
0.89219
0.829093
0.771738
0.719533
0.671953
0.628529
0.588843
0.552524
0.51924
0.488694
0.460622
0.434786
0.410976
0.389002
0.368693
0.349898
0.332479
0.316314
0.301291
0.287311
0.274284
0.262129
0.250772
0.240147
0.230194
0.220858
0.212089
0.203843
0.196078
0.188756
0.181843
0.175308
0.169121
0.163256
0.157689
0.152397
0.147359
0.142556
0.137971
0.133587
0.129389
0.125363
0.121497
0.117779
0.1142
0.11075
0.107422
0.104208
0.101103
0.0981026
0.0952034
0.0924027
0.0896989
0.087091
0.0845786
0.0821617
0.0798405
0.0776153
0.0754863
0.0734535
0.0715165
0.0696746
0.0679268
0.0662715
0.0647067
0.0632302
0.0618391
0.0605307
0.0593016
0.0581486
0.0570681
0.0560567
0.0551109
0.0542273
0.0534023
0.0526327
0.0519154
0.0512472
0.0506253
0.0500468
0.0495093
0.0490103
0.0485475
0.0481189
0.0477226
0.0473569
0.0470202
0.0467111
0.0464284
0.0461711
0.0459385
0.0457298
0.0455448
0.0453831
0.0452451
0.0451312
0.0450424
0.04498
0.044946
0.961694
0.89219
0.829093
0.771738
0.719533
0.671953
0.628529
0.588843
0.552524
0.51924
0.488694
0.460621
0.434786
0.410976
0.389001
0.368692
0.349897
0.332478
0.316312
0.301289
0.287309
0.274281
0.262126
0.250769
0.240143
0.23019
0.220853
0.212084
0.203837
0.196071
0.188749
0.181835
0.175299
0.169112
0.163246
0.157678
0.152385
0.147346
0.142543
0.137956
0.133571
0.129371
0.125344
0.121477
0.117758
0.114177
0.110726
0.107396
0.10418
0.101074
0.0980722
0.0951717
0.0923697
0.0896648
0.087056
0.0845428
0.0821253
0.0798038
0.0775784
0.0754494
0.0734168
0.0714802
0.0696389
0.0678918
0.0662374
0.0646736
0.0631981
0.0618082
0.0605009
0.0592731
0.0581213
0.0570421
0.0560319
0.0550874
0.0542049
0.0533811
0.0526127
0.0518964
0.0512293
0.0506083
0.0500309
0.0494942
0.0489961
0.0485341
0.0481063
0.0477107
0.0473456
0.0470095
0.046701
0.0464188
0.046162
0.0459298
0.0457216
0.0455368
0.0453755
0.0452378
0.0451241
0.0450354
0.0449732
0.0449392
0.961694
0.892191
0.829093
0.771738
0.719533
0.671953
0.628529
0.588843
0.552524
0.51924
0.488694
0.460621
0.434785
0.410975
0.389
0.368691
0.349896
0.332476
0.31631
0.301287
0.287306
0.274279
0.262123
0.250765
0.240139
0.230185
0.220848
0.212079
0.203831
0.196065
0.188742
0.181827
0.17529
0.169102
0.163236
0.157667
0.152373
0.147333
0.142528
0.13794
0.133554
0.129353
0.125324
0.121456
0.117735
0.114153
0.1107
0.107368
0.104151
0.101043
0.0980398
0.0951378
0.0923345
0.0896284
0.0870186
0.0845046
0.0820865
0.0797645
0.0775389
0.07541
0.0733776
0.0714414
0.0696008
0.0678545
0.0662009
0.0646382
0.0631638
0.0617751
0.0604691
0.0592426
0.0580922
0.0570143
0.0560055
0.0550622
0.054181
0.0533585
0.0525913
0.0518762
0.0512102
0.0505903
0.0500138
0.0494782
0.0489809
0.0485198
0.0480928
0.047698
0.0473336
0.0469981
0.0466902
0.0464086
0.0461524
0.0459206
0.0457128
0.0455284
0.0453674
0.0452299
0.0451165
0.045028
0.0449659
0.0449321
0.961694
0.892191
0.829093
0.771738
0.719534
0.671953
0.628529
0.588843
0.552524
0.51924
0.488693
0.460621
0.434785
0.410974
0.389
0.36869
0.349894
0.332475
0.316308
0.301285
0.287304
0.274276
0.262119
0.250761
0.240135
0.230181
0.220843
0.212073
0.203825
0.196057
0.188734
0.181819
0.175281
0.169092
0.163224
0.157655
0.152359
0.147318
0.142512
0.137923
0.133535
0.129333
0.125303
0.121433
0.117711
0.114127
0.110672
0.107339
0.10412
0.10101
0.0980053
0.0951017
0.0922971
0.0895897
0.0869788
0.0844639
0.0820452
0.0797228
0.077497
0.0753681
0.0733359
0.0714002
0.0695603
0.0678148
0.0661623
0.0646006
0.0631275
0.0617401
0.0604354
0.0592103
0.0580613
0.0569848
0.0559774
0.0550356
0.0541558
0.0533345
0.0525686
0.0518548
0.0511899
0.0505712
0.0499958
0.0494612
0.0489649
0.0485047
0.0480786
0.0476845
0.0473209
0.0469861
0.0466788
0.0463978
0.0461421
0.0459108
0.0457034
0.0455195
0.0453588
0.0452216
0.0451085
0.0450202
0.0449582
0.0449245
0.961694
0.892191
0.829094
0.771738
0.719534
0.671953
0.628529
0.588843
0.552524
0.519239
0.488693
0.46062
0.434784
0.410974
0.388999
0.368689
0.349893
0.332473
0.316306
0.301282
0.287301
0.274273
0.262116
0.250757
0.240131
0.230175
0.220837
0.212066
0.203818
0.19605
0.188725
0.181809
0.175271
0.169081
0.163213
0.157642
0.152345
0.147303
0.142496
0.137906
0.133516
0.129312
0.125281
0.121409
0.117685
0.114099
0.110643
0.107307
0.104087
0.100975
0.0979688
0.0950636
0.0922575
0.0895488
0.0869367
0.084421
0.0820015
0.0796786
0.0774527
0.0753238
0.0732919
0.0713568
0.0695175
0.0677729
0.0661214
0.0645609
0.0630891
0.0617031
0.0603999
0.0591762
0.0580287
0.0569537
0.0559478
0.0550075
0.0541291
0.0533093
0.0525447
0.0518322
0.0511686
0.0505511
0.0499768
0.0494433
0.048948
0.0484888
0.0480635
0.0476703
0.0473075
0.0469734
0.0466668
0.0463864
0.0461313
0.0459005
0.0456936
0.0455101
0.0453498
0.0452129
0.0451
0.045012
0.0449501
0.0449165
0.961694
0.892191
0.829094
0.771738
0.719534
0.671953
0.628529
0.588843
0.552524
0.519239
0.488693
0.46062
0.434784
0.410973
0.388998
0.368688
0.349891
0.332471
0.316304
0.30128
0.287298
0.274269
0.262112
0.250753
0.240126
0.23017
0.220831
0.21206
0.20381
0.196042
0.188716
0.1818
0.17526
0.169069
0.1632
0.157628
0.152331
0.147287
0.142479
0.137887
0.133496
0.129291
0.125257
0.121383
0.117658
0.11407
0.110612
0.107275
0.104052
0.100939
0.0979304
0.0950235
0.0922158
0.0895058
0.0868925
0.0843758
0.0819556
0.0796323
0.0774061
0.0752772
0.0732457
0.071311
0.0694725
0.0677289
0.0660785
0.0645193
0.0630488
0.0616642
0.0603625
0.0591404
0.0579945
0.0569211
0.0559168
0.0549779
0.0541011
0.0532828
0.0525196
0.0518085
0.0511462
0.0505299
0.0499569
0.0494244
0.0489302
0.048472
0.0480477
0.0476554
0.0472934
0.0469601
0.0466542
0.0463744
0.0461199
0.0458897
0.0456833
0.0455002
0.0453403
0.0452038
0.0450911
0.0450033
0.0449417
0.0449081
0.961694
0.892191
0.829094
0.771739
0.719534
0.671954
0.628529
0.588843
0.552524
0.519239
0.488692
0.460619
0.434783
0.410972
0.388996
0.368687
0.34989
0.332469
0.316302
0.301277
0.287295
0.274266
0.262108
0.250748
0.240121
0.230164
0.220825
0.212053
0.203803
0.196033
0.188707
0.18179
0.175249
0.169057
0.163187
0.157614
0.152315
0.147271
0.14246
0.137867
0.133475
0.129268
0.125233
0.121357
0.117629
0.11404
0.110579
0.10724
0.104016
0.1009
0.0978901
0.0949815
0.0921722
0.0894606
0.0868461
0.0843284
0.0819075
0.0795837
0.0773573
0.0752285
0.0731973
0.0712632
0.0694254
0.0676828
0.0660336
0.0644757
0.0630066
0.0616236
0.0603235
0.059103
0.0579587
0.056887
0.0558843
0.0549471
0.0540718
0.053255
0.0524934
0.0517837
0.0511228
0.0505078
0.049936
0.0494048
0.0489117
0.0484545
0.0480312
0.0476398
0.0472786
0.0469462
0.046641
0.046362
0.046108
0.0458784
0.0456725
0.0454898
0.0453304
0.0451942
0.0450818
0.0449943
0.0449328
0.0448993
0.961694
0.892191
0.829094
0.771739
0.719534
0.671954
0.628529
0.588843
0.552524
0.519239
0.488692
0.460619
0.434782
0.410971
0.388995
0.368685
0.349888
0.332467
0.3163
0.301274
0.287292
0.274262
0.262104
0.250744
0.240115
0.230159
0.220819
0.212046
0.203795
0.196025
0.188698
0.181779
0.175238
0.169045
0.163173
0.157599
0.152299
0.147253
0.142441
0.137847
0.133453
0.129244
0.125207
0.121329
0.1176
0.114008
0.110546
0.107204
0.103978
0.10086
0.0978481
0.0949376
0.0921266
0.0894136
0.0867978
0.084279
0.0818573
0.079533
0.0773064
0.0751777
0.0731468
0.0712133
0.0693764
0.0676348
0.0659868
0.0644302
0.0629627
0.0615812
0.0602828
0.059064
0.0579214
0.0568514
0.0558505
0.054915
0.0540414
0.0532262
0.0524661
0.0517579
0.0510984
0.0504848
0.0499143
0.0493843
0.0488924
0.0484363
0.048014
0.0476236
0.0472633
0.0469317
0.0466273
0.0463489
0.0460957
0.0458666
0.0456613
0.0454791
0.04532
0.0451842
0.0450722
0.0449848
0.0449235
0.0448902
0.961694
0.892191
0.829094
0.771739
0.719534
0.671954
0.628529
0.588843
0.552524
0.519239
0.488692
0.460618
0.434782
0.41097
0.388994
0.368684
0.349886
0.332465
0.316297
0.301271
0.287288
0.274258
0.262099
0.250739
0.24011
0.230152
0.220812
0.212038
0.203787
0.196016
0.188688
0.181768
0.175226
0.169032
0.163159
0.157584
0.152282
0.147235
0.142422
0.137825
0.13343
0.129219
0.12518
0.121301
0.117569
0.113975
0.110511
0.107167
0.103938
0.100819
0.0978045
0.094892
0.0920792
0.0893646
0.0867475
0.0842276
0.0818051
0.0794803
0.0772535
0.0751248
0.0730943
0.0711615
0.0693254
0.0675849
0.0659382
0.0643831
0.0629171
0.0615373
0.0602406
0.0590236
0.0578828
0.0568146
0.0558154
0.0548817
0.0540098
0.0531963
0.0524378
0.0517311
0.0510732
0.050461
0.0498918
0.0493631
0.0488724
0.0484174
0.0479962
0.0476068
0.0472474
0.0469167
0.0466131
0.0463355
0.0460829
0.0458544
0.0456496
0.0454679
0.0453093
0.0451739
0.0450622
0.0449751
0.044914
0.0448807
0.961694
0.892191
0.829094
0.771739
0.719534
0.671954
0.628529
0.588843
0.552524
0.519239
0.488691
0.460618
0.434781
0.410969
0.388993
0.368682
0.349884
0.332463
0.316294
0.301268
0.287285
0.274254
0.262095
0.250734
0.240104
0.230146
0.220805
0.21203
0.203778
0.196006
0.188677
0.181757
0.175214
0.169018
0.163145
0.157568
0.152265
0.147216
0.142402
0.137803
0.133406
0.129193
0.125153
0.121271
0.117537
0.113941
0.110474
0.107128
0.103897
0.100776
0.0977592
0.0948448
0.0920302
0.0893139
0.0866954
0.0841744
0.0817511
0.0794257
0.0771987
0.0750702
0.07304
0.0711078
0.0692727
0.0675333
0.0658879
0.0643343
0.0628699
0.0614919
0.0601969
0.0589818
0.0578428
0.0567765
0.0557792
0.0548473
0.0539771
0.0531654
0.0524086
0.0517035
0.0510471
0.0504364
0.0498686
0.0493412
0.0488517
0.0483979
0.0479778
0.0475894
0.047231
0.0469011
0.0465983
0.0463215
0.0460696
0.0458418
0.0456376
0.0454564
0.0452982
0.0451632
0.0450518
0.044965
0.044904
0.0448709
0.961695
0.892191
0.829094
0.771739
0.719534
0.671954
0.62853
0.588843
0.552524
0.519238
0.488691
0.460617
0.43478
0.410968
0.388992
0.368681
0.349882
0.33246
0.316292
0.301265
0.287281
0.27425
0.26209
0.250728
0.240098
0.230139
0.220797
0.212022
0.203769
0.195996
0.188667
0.181745
0.175201
0.169005
0.16313
0.157551
0.152247
0.147197
0.142381
0.137781
0.133381
0.129167
0.125124
0.12124
0.117504
0.113906
0.110437
0.107089
0.103855
0.100731
0.0977125
0.094796
0.0919795
0.0892616
0.0866417
0.0841195
0.0816953
0.0793695
0.0771422
0.0750138
0.072984
0.0710525
0.0692184
0.0674802
0.0658361
0.0642841
0.0628213
0.061445
0.060152
0.0589387
0.0578017
0.0567373
0.0557419
0.0548118
0.0539435
0.0531336
0.0523785
0.051675
0.0510202
0.050411
0.0498447
0.0493186
0.0488304
0.0483779
0.0479589
0.0475715
0.0472141
0.0468851
0.0465832
0.0463071
0.046056
0.0458288
0.0456252
0.0454445
0.0452868
0.0451522
0.0450411
0.0449545
0.0448938
0.0448608
0.961695
0.892191
0.829094
0.771739
0.719535
0.671954
0.62853
0.588843
0.552524
0.519238
0.488691
0.460617
0.434779
0.410967
0.38899
0.368679
0.34988
0.332458
0.316289
0.301262
0.287277
0.274246
0.262085
0.250723
0.240092
0.230133
0.22079
0.212014
0.20376
0.195986
0.188656
0.181733
0.175188
0.16899
0.163114
0.157534
0.152229
0.147177
0.142359
0.137758
0.133356
0.12914
0.125095
0.121209
0.117471
0.11387
0.110398
0.107048
0.103812
0.100685
0.0976645
0.0947459
0.0919274
0.0892078
0.0865864
0.084063
0.081638
0.0793116
0.0770841
0.0749558
0.0729265
0.0709957
0.0691625
0.0674255
0.0657829
0.0642324
0.0627714
0.061397
0.0601058
0.0588945
0.0577594
0.056697
0.0557036
0.0547755
0.0539091
0.0531009
0.0523476
0.0516459
0.0509926
0.050385
0.0498201
0.0492955
0.0488086
0.0483573
0.0479394
0.0475532
0.0471968
0.0468687
0.0465677
0.0462924
0.0460419
0.0458155
0.0456124
0.0454323
0.0452751
0.0451408
0.0450301
0.0449438
0.0448833
0.0448504
0.961695
0.892191
0.829094
0.771739
0.719535
0.671954
0.62853
0.588843
0.552523
0.519238
0.48869
0.460616
0.434779
0.410966
0.388989
0.368677
0.349878
0.332455
0.316286
0.301258
0.287273
0.274241
0.26208
0.250717
0.240086
0.230126
0.220782
0.212005
0.20375
0.195976
0.188644
0.181721
0.175174
0.168976
0.163098
0.157517
0.15221
0.147157
0.142337
0.137734
0.13333
0.129112
0.125065
0.121177
0.117436
0.113833
0.110359
0.107006
0.103767
0.100639
0.0976153
0.0946945
0.091874
0.0891526
0.0865297
0.0840051
0.0815792
0.0792522
0.0770245
0.0748963
0.0728675
0.0709374
0.0691053
0.0673695
0.0657284
0.0641796
0.0627203
0.0613478
0.0600585
0.0588492
0.0577162
0.0566558
0.0556644
0.0547382
0.0538738
0.0530675
0.052316
0.051616
0.0509644
0.0503584
0.049795
0.0492718
0.0487863
0.0483362
0.0479195
0.0475344
0.047179
0.0468519
0.0465517
0.0462773
0.0460276
0.0458018
0.0455993
0.0454198
0.045263
0.0451292
0.0450188
0.0449328
0.0448725
0.0448397
0.961695
0.892191
0.829095
0.771739
0.719535
0.671954
0.62853
0.588843
0.552523
0.519238
0.48869
0.460615
0.434778
0.410965
0.388987
0.368675
0.349876
0.332453
0.316283
0.301255
0.287269
0.274236
0.262075
0.250711
0.240079
0.230118
0.220774
0.211997
0.203741
0.195965
0.188633
0.181708
0.175161
0.168961
0.163082
0.1575
0.152191
0.147136
0.142315
0.137709
0.133304
0.129084
0.125034
0.121144
0.117401
0.113795
0.110318
0.106963
0.103722
0.100591
0.097565
0.0946419
0.0918194
0.0890961
0.0864717
0.0839459
0.0815191
0.0791916
0.0769637
0.0748356
0.0728072
0.0708779
0.0690468
0.0673124
0.0656727
0.0641256
0.0626682
0.0612975
0.0600103
0.0588031
0.0576721
0.0566138
0.0556244
0.0547003
0.0538378
0.0530334
0.0522838
0.0515856
0.0509357
0.0503312
0.0497694
0.0492476
0.0487635
0.0483147
0.0478992
0.0475152
0.0471609
0.0468348
0.0465355
0.0462619
0.0460129
0.0457878
0.045586
0.045407
0.0452507
0.0451173
0.0450073
0.0449215
0.0448614
0.0448287
0.961695
0.892191
0.829095
0.77174
0.719535
0.671955
0.62853
0.588843
0.552523
0.519237
0.488689
0.460615
0.434777
0.410963
0.388986
0.368673
0.349874
0.33245
0.316279
0.301251
0.287265
0.274232
0.262069
0.250705
0.240072
0.230111
0.220766
0.211988
0.203731
0.195955
0.188621
0.181696
0.175147
0.168946
0.163065
0.157482
0.152172
0.147115
0.142292
0.137685
0.133277
0.129055
0.125003
0.12111
0.117365
0.113757
0.110277
0.106919
0.103676
0.100542
0.0975137
0.0945883
0.0917637
0.0890387
0.0864126
0.0838856
0.0814578
0.0791298
0.0769017
0.0747738
0.0727458
0.0708173
0.0689873
0.0672542
0.0656161
0.0640706
0.0626151
0.0612464
0.0599613
0.0587561
0.0576273
0.0565711
0.0555838
0.0546617
0.0538012
0.0529988
0.052251
0.0515546
0.0509065
0.0503037
0.0497434
0.0492231
0.0487403
0.0482928
0.0478786
0.0474957
0.0471425
0.0468173
0.046519
0.0462462
0.045998
0.0457736
0.0455724
0.045394
0.0452382
0.0451052
0.0449955
0.04491
0.0448501
0.0448175
0.961695
0.892191
0.829095
0.77174
0.719535
0.671955
0.62853
0.588843
0.552523
0.519237
0.488689
0.460614
0.434775
0.410962
0.388984
0.368671
0.349871
0.332447
0.316276
0.301247
0.287261
0.274227
0.262064
0.250699
0.240066
0.230103
0.220758
0.211979
0.203721
0.195944
0.188609
0.181683
0.175133
0.16893
0.163049
0.157464
0.152152
0.147094
0.142269
0.13766
0.13325
0.129026
0.124972
0.121076
0.117328
0.113718
0.110236
0.106875
0.103629
0.100492
0.0974617
0.094534
0.0917072
0.0889803
0.0863526
0.0838243
0.0813957
0.079067
0.0768387
0.074711
0.0726835
0.0707558
0.0689269
0.0671951
0.0655586
0.0640149
0.0625613
0.0611946
0.0599115
0.0587085
0.0575818
0.0565278
0.0555426
0.0546226
0.0537642
0.0529637
0.0522178
0.0515232
0.0508769
0.0502757
0.049717
0.0491982
0.0487168
0.0482707
0.0478577
0.047476
0.0471238
0.0467996
0.0465022
0.0462303
0.0459829
0.0457592
0.0455586
0.0453807
0.0452254
0.0450929
0.0449836
0.0448984
0.0448386
0.0448061
0.961695
0.892192
0.829095
0.77174
0.719535
0.671955
0.62853
0.588843
0.552523
0.519236
0.488688
0.460613
0.434774
0.410961
0.388982
0.368669
0.349868
0.332444
0.316272
0.301243
0.287256
0.274221
0.262058
0.250693
0.240059
0.230096
0.220749
0.211969
0.203711
0.195933
0.188597
0.18167
0.175118
0.168915
0.163032
0.157445
0.152132
0.147072
0.142245
0.137635
0.133223
0.128996
0.12494
0.121042
0.117292
0.113678
0.110194
0.10683
0.103581
0.100442
0.097409
0.0944789
0.09165
0.0889211
0.0862919
0.0837623
0.0813327
0.0790035
0.076775
0.0746474
0.0726205
0.0706936
0.0688658
0.0671354
0.0655005
0.0639586
0.0625069
0.0611422
0.0598612
0.0586604
0.0575359
0.056484
0.055501
0.0545831
0.0537267
0.0529282
0.0521843
0.0514916
0.0508469
0.0502475
0.0496904
0.0491731
0.0486931
0.0482483
0.0478365
0.047456
0.0471049
0.0467818
0.0464852
0.0462142
0.0459675
0.0457445
0.0455446
0.0453673
0.0452125
0.0450804
0.0449714
0.0448865
0.0448269
0.0447946
0.961695
0.892192
0.829095
0.77174
0.719535
0.671955
0.62853
0.588843
0.552522
0.519236
0.488687
0.460612
0.434773
0.410959
0.38898
0.368666
0.349866
0.332441
0.316269
0.301239
0.287251
0.274216
0.262052
0.250686
0.240051
0.230088
0.22074
0.21196
0.203701
0.195922
0.188585
0.181656
0.175104
0.168899
0.163015
0.157427
0.152112
0.147051
0.142222
0.137609
0.133196
0.128967
0.124908
0.121008
0.117255
0.113639
0.110151
0.106785
0.103533
0.100392
0.0973559
0.0944234
0.0915923
0.0888615
0.0862306
0.0836997
0.0812692
0.0789394
0.0767107
0.0745833
0.0725569
0.0706309
0.0688041
0.0670752
0.0654419
0.0639018
0.062452
0.0610894
0.0598106
0.0586119
0.0574896
0.0564399
0.055459
0.0545433
0.053689
0.0528925
0.0521505
0.0514597
0.0508168
0.050219
0.0496636
0.0491478
0.0486692
0.0482258
0.0478153
0.0474359
0.0470859
0.0467637
0.0464681
0.0461979
0.0459521
0.0457298
0.0455305
0.0453537
0.0451995
0.0450678
0.0449591
0.0448745
0.0448151
0.0447828
0.961695
0.892192
0.829095
0.77174
0.719536
0.671955
0.62853
0.588843
0.552522
0.519235
0.488687
0.460611
0.434772
0.410957
0.388978
0.368664
0.349863
0.332437
0.316265
0.301234
0.287246
0.274211
0.262046
0.25068
0.240044
0.23008
0.220732
0.21195
0.20369
0.19591
0.188573
0.181643
0.17509
0.168884
0.162998
0.157409
0.152093
0.147029
0.142199
0.137584
0.133168
0.128937
0.124876
0.120973
0.117218
0.113599
0.110109
0.106739
0.103485
0.100341
0.0973025
0.0943676
0.0915343
0.0888016
0.086169
0.0836368
0.0812053
0.0788749
0.0766461
0.0745188
0.0724929
0.0705678
0.0687422
0.0670146
0.065383
0.0638447
0.0623969
0.0610364
0.0597597
0.0585632
0.0574431
0.0563956
0.0554169
0.0545033
0.0536511
0.0528567
0.0521166
0.0514276
0.0507866
0.0501905
0.0496366
0.0491223
0.0486453
0.0482031
0.0477939
0.0474156
0.0470667
0.0467456
0.0464509
0.0461816
0.0459365
0.0457149
0.0455162
0.0453401
0.0451863
0.045055
0.0449467
0.0448623
0.0448032
0.044771
0.961695
0.892192
0.829095
0.77174
0.719536
0.671955
0.62853
0.588843
0.552522
0.519235
0.488686
0.46061
0.43477
0.410955
0.388976
0.368661
0.34986
0.332434
0.316261
0.30123
0.287241
0.274205
0.26204
0.250673
0.240037
0.230072
0.220723
0.211941
0.20368
0.195899
0.188561
0.18163
0.175075
0.168868
0.162981
0.15739
0.152073
0.147008
0.142175
0.137559
0.133141
0.128907
0.124844
0.120939
0.117181
0.113559
0.110066
0.106694
0.103437
0.10029
0.0972491
0.0943118
0.0914762
0.0887415
0.0861073
0.0835738
0.0811413
0.0788104
0.0765813
0.0744542
0.0724289
0.0705046
0.0686802
0.066954
0.065324
0.0637876
0.0623417
0.0609833
0.0597087
0.0585144
0.0573966
0.0563513
0.0553748
0.0544634
0.0536132
0.0528208
0.0520827
0.0513956
0.0507563
0.0501619
0.0496097
0.0490969
0.0486213
0.0481805
0.0477725
0.0473954
0.0470476
0.0467275
0.0464337
0.0461652
0.0459209
0.0457
0.045502
0.0453264
0.0451731
0.0450422
0.0449343
0.0448501
0.0447911
0.0447591
0.961695
0.892192
0.829095
0.771741
0.719536
0.671955
0.62853
0.588843
0.552521
0.519234
0.488685
0.460609
0.434769
0.410953
0.388973
0.368659
0.349856
0.33243
0.316257
0.301225
0.287236
0.2742
0.262034
0.250666
0.240029
0.230064
0.220714
0.211931
0.20367
0.195888
0.188548
0.181617
0.175061
0.168853
0.162965
0.157372
0.152053
0.146986
0.142152
0.137534
0.133114
0.128878
0.124812
0.120905
0.117144
0.11352
0.110024
0.106649
0.103389
0.100239
0.0971959
0.0942561
0.0914183
0.0886816
0.0860457
0.0835109
0.0810775
0.0787459
0.0765167
0.0743897
0.0723649
0.0704415
0.0686183
0.0668936
0.0652652
0.0637306
0.0622867
0.0609304
0.059658
0.0584659
0.0573502
0.0563072
0.0553329
0.0544236
0.0535755
0.0527851
0.0520489
0.0513637
0.0507262
0.0501335
0.0495828
0.0490716
0.0485973
0.0481579
0.0477511
0.0473752
0.0470284
0.0467093
0.0464165
0.0461488
0.0459053
0.0456851
0.0454877
0.0453126
0.0451598
0.0450293
0.0449217
0.0448379
0.0447791
0.0447471
0.961695
0.892192
0.829096
0.771741
0.719536
0.671955
0.62853
0.588842
0.552521
0.519233
0.488684
0.460607
0.434767
0.410951
0.388971
0.368656
0.349853
0.332426
0.316252
0.301221
0.287231
0.274194
0.262028
0.250659
0.240022
0.230056
0.220705
0.211922
0.203659
0.195877
0.188536
0.181604
0.175047
0.168837
0.162948
0.157354
0.152034
0.146965
0.14213
0.137509
0.133087
0.128849
0.124781
0.120871
0.117107
0.113481
0.109982
0.106604
0.103342
0.100189
0.0971431
0.0942008
0.0913608
0.0886221
0.0859846
0.0834484
0.081014
0.0786819
0.0764524
0.0743257
0.0723014
0.0703788
0.0685568
0.0668335
0.0652067
0.0636739
0.062232
0.0608778
0.0596075
0.0584176
0.0573042
0.0562633
0.0552912
0.054384
0.053538
0.0527496
0.0520154
0.051332
0.0506962
0.0501052
0.0495561
0.0490464
0.0485735
0.0481354
0.0477299
0.0473551
0.0470094
0.0466913
0.0463994
0.0461325
0.0458897
0.0456702
0.0454734
0.0452989
0.0451466
0.0450165
0.0449092
0.0448256
0.044767
0.0447352
0.961695
0.892192
0.829096
0.771741
0.719536
0.671955
0.628529
0.588842
0.55252
0.519233
0.488683
0.460606
0.434765
0.410949
0.388968
0.368653
0.34985
0.332422
0.316248
0.301216
0.287226
0.274188
0.262021
0.250652
0.240014
0.230047
0.220697
0.211912
0.203649
0.195866
0.188525
0.181591
0.175033
0.168823
0.162932
0.157337
0.152015
0.146945
0.142107
0.137485
0.133061
0.128821
0.12475
0.120838
0.117072
0.113442
0.109941
0.10656
0.103295
0.10014
0.0970909
0.0941462
0.0913039
0.0885632
0.085924
0.0833865
0.0809511
0.0786185
0.0763888
0.0742622
0.0722385
0.0703168
0.0684959
0.066774
0.0651489
0.0636179
0.062178
0.0608257
0.0595576
0.0583699
0.0572586
0.05622
0.05525
0.0543449
0.053501
0.0527146
0.0519822
0.0513006
0.0506666
0.0500773
0.0495297
0.0490215
0.04855
0.0481132
0.0477089
0.0473352
0.0469906
0.0466734
0.0463824
0.0461163
0.0458743
0.0456555
0.0454592
0.0452853
0.0451334
0.0450037
0.0448968
0.0448134
0.044755
0.0447232
0.961695
0.892192
0.829096
0.771741
0.719536
0.671955
0.628529
0.588841
0.552519
0.519232
0.488681
0.460604
0.434763
0.410947
0.388965
0.368649
0.349846
0.332418
0.316244
0.301211
0.28722
0.274182
0.262015
0.250645
0.240007
0.230039
0.220688
0.211903
0.203639
0.195855
0.188513
0.181578
0.17502
0.168808
0.162916
0.15732
0.151996
0.146925
0.142085
0.137461
0.133035
0.128793
0.12472
0.120805
0.117036
0.113404
0.1099
0.106517
0.103249
0.100091
0.0970395
0.0940924
0.0912479
0.0885053
0.0858644
0.0833256
0.0808893
0.078556
0.0763261
0.0741997
0.0721765
0.0702557
0.0684359
0.0667154
0.0650919
0.0635627
0.0621247
0.0607745
0.0595085
0.0583229
0.0572138
0.0561773
0.0552094
0.0543064
0.0534645
0.05268
0.0519496
0.0512698
0.0506375
0.0500497
0.0495037
0.0489969
0.0485268
0.0480912
0.0476881
0.0473156
0.046972
0.0466558
0.0463656
0.0461003
0.045859
0.0456408
0.0454452
0.0452717
0.0451203
0.044991
0.0448844
0.0448012
0.044743
0.0447113
0.961695
0.892192
0.829096
0.771741
0.719536
0.671955
0.628529
0.588841
0.552519
0.51923
0.48868
0.460602
0.434761
0.410944
0.388962
0.368646
0.349842
0.332414
0.316239
0.301206
0.287215
0.274176
0.262008
0.250638
0.24
0.230031
0.22068
0.211894
0.203629
0.195845
0.188502
0.181566
0.175007
0.168794
0.162901
0.157303
0.151978
0.146905
0.142064
0.137438
0.13301
0.128766
0.124691
0.120774
0.117002
0.113368
0.109861
0.106475
0.103204
0.100043
0.0969894
0.0940398
0.0911931
0.0884485
0.085806
0.0832659
0.0808286
0.0784948
0.0762647
0.0741385
0.0721158
0.0701958
0.0683771
0.066658
0.0650361
0.0635087
0.0620725
0.0607243
0.0594604
0.0582769
0.0571699
0.0561355
0.0551697
0.0542687
0.0534287
0.0526462
0.0519176
0.0512395
0.0506089
0.0500227
0.0494782
0.0489728
0.0485041
0.0480697
0.0476678
0.0472963
0.0469537
0.0466384
0.0463491
0.0460846
0.0458439
0.0456264
0.0454313
0.0452584
0.0451073
0.0449784
0.0448721
0.0447892
0.0447311
0.0446996
0.961695
0.892192
0.829096
0.771741
0.719536
0.671955
0.628528
0.58884
0.552518
0.519229
0.488678
0.4606
0.434758
0.410941
0.388959
0.368642
0.349838
0.33241
0.316234
0.3012
0.287209
0.27417
0.262002
0.250632
0.239992
0.230024
0.220671
0.211885
0.20362
0.195834
0.188491
0.181555
0.174994
0.16878
0.162886
0.157287
0.151961
0.146886
0.142044
0.137416
0.132986
0.12874
0.124663
0.120743
0.116969
0.113332
0.109823
0.106434
0.10316
0.0999971
0.0969407
0.0939887
0.0911398
0.0883933
0.0857492
0.0832078
0.0807696
0.0784352
0.0762049
0.0740788
0.0720566
0.0701374
0.0683198
0.0666021
0.0649817
0.063456
0.0620217
0.0606755
0.0594135
0.0582321
0.0571271
0.0560947
0.055131
0.054232
0.0533939
0.0526132
0.0518864
0.05121
0.050581
0.0499964
0.0494534
0.0489493
0.0484818
0.0480487
0.0476479
0.0472775
0.0469358
0.0466214
0.0463329
0.0460691
0.0458292
0.0456122
0.0454177
0.0452452
0.0450946
0.044966
0.04486
0.0447773
0.0447194
0.0446879
0.961695
0.892193
0.829096
0.771741
0.719536
0.671954
0.628528
0.588839
0.552516
0.519227
0.488676
0.460598
0.434756
0.410938
0.388956
0.368638
0.349834
0.332405
0.316229
0.301195
0.287204
0.274164
0.261996
0.250625
0.239985
0.230016
0.220663
0.211876
0.203611
0.195824
0.18848
0.181543
0.174982
0.168767
0.162872
0.157272
0.151945
0.146868
0.142025
0.137395
0.132963
0.128715
0.124636
0.120714
0.116938
0.113298
0.109786
0.106395
0.103118
0.0999526
0.0968937
0.0939394
0.0910884
0.08834
0.0856943
0.0831516
0.0807125
0.0783775
0.076147
0.0740211
0.0719993
0.0700809
0.0682644
0.0665479
0.0649291
0.063405
0.0619725
0.0606282
0.0593682
0.0581887
0.0570857
0.0560553
0.0550935
0.0541964
0.0533602
0.0525813
0.0518562
0.0511815
0.050554
0.0499709
0.0494293
0.0489265
0.0484603
0.0480283
0.0476285
0.0472591
0.0469184
0.0466048
0.0463171
0.046054
0.0458147
0.0455983
0.0454043
0.0452323
0.0450821
0.0449538
0.0448481
0.0447656
0.0447078
0.0446765
0.961695
0.892193
0.829096
0.771741
0.719536
0.671954
0.628527
0.588838
0.552515
0.519226
0.488674
0.460595
0.434753
0.410935
0.388952
0.368635
0.34983
0.332401
0.316224
0.30119
0.287198
0.274158
0.261989
0.250618
0.239978
0.230009
0.220655
0.211868
0.203602
0.195815
0.18847
0.181533
0.17497
0.168755
0.162859
0.157258
0.151929
0.146852
0.142006
0.137375
0.132942
0.128691
0.12461
0.120686
0.116908
0.113265
0.109751
0.106357
0.103078
0.09991
0.0968487
0.0938922
0.0910391
0.0882889
0.0856416
0.0830977
0.0806576
0.0783221
0.0760914
0.0739656
0.0719443
0.0700266
0.0682111
0.0664959
0.0648785
0.063356
0.0619253
0.0605827
0.0593246
0.058147
0.057046
0.0560175
0.0550575
0.0541622
0.0533278
0.0525506
0.0518271
0.051154
0.0505281
0.0499463
0.049406
0.0489045
0.0484395
0.0480086
0.0476098
0.0472414
0.0469015
0.0465887
0.0463017
0.0460394
0.0458007
0.0455848
0.0453913
0.0452197
0.0450698
0.0449419
0.0448364
0.0447542
0.0446965
0.0446653
0.961695
0.892193
0.829096
0.771741
0.719535
0.671953
0.628526
0.588837
0.552513
0.519224
0.488672
0.460592
0.43475
0.410931
0.388948
0.36863
0.349825
0.332396
0.316219
0.301185
0.287193
0.274152
0.261983
0.250612
0.239971
0.230002
0.220648
0.21186
0.203594
0.195806
0.188461
0.181523
0.17496
0.168743
0.162846
0.157244
0.151914
0.146836
0.141989
0.137356
0.132922
0.128669
0.124586
0.12066
0.116879
0.113235
0.109718
0.106322
0.10304
0.0998697
0.0968061
0.0938474
0.0909923
0.0882403
0.0855916
0.0830464
0.0806055
0.0782694
0.0760385
0.0739128
0.0718919
0.0699749
0.0681604
0.0664463
0.0648303
0.0633094
0.0618802
0.0605394
0.0592831
0.0581073
0.0570081
0.0559814
0.0550232
0.0541297
0.0532969
0.0525214
0.0517994
0.0511278
0.0505032
0.0499228
0.0493838
0.0488835
0.0484195
0.0479897
0.0475919
0.0472243
0.0468852
0.0465732
0.0462869
0.0460252
0.045787
0.0455717
0.0453786
0.0452074
0.0450579
0.0449303
0.044825
0.044743
0.0446855
0.0446543
0.961695
0.892193
0.829096
0.771741
0.719535
0.671953
0.628525
0.588836
0.552512
0.519222
0.488669
0.46059
0.434746
0.410928
0.388945
0.368626
0.349821
0.332391
0.316215
0.30118
0.287187
0.274147
0.261978
0.250606
0.239965
0.229995
0.220641
0.211853
0.203586
0.195798
0.188452
0.181513
0.17495
0.168733
0.162835
0.157232
0.151901
0.146821
0.141973
0.137339
0.132903
0.128649
0.124564
0.120636
0.116853
0.113206
0.109687
0.106289
0.103005
0.099832
0.0967662
0.0938054
0.0909484
0.0881947
0.0855445
0.0829982
0.0805565
0.0782198
0.0759887
0.0738631
0.0718426
0.0699262
0.0681126
0.0663997
0.0647849
0.0632654
0.0618378
0.0604986
0.059244
0.0580699
0.0569724
0.0559474
0.0549908
0.0540989
0.0532678
0.0524937
0.0517732
0.0511029
0.0504797
0.0499006
0.0493627
0.0488635
0.0484005
0.0479716
0.0475747
0.047208
0.0468697
0.0465584
0.0462727
0.0460115
0.0457739
0.0455591
0.0453664
0.0451955
0.0450464
0.044919
0.044814
0.0447321
0.0446747
0.0446436
0.961695
0.892193
0.829096
0.77174
0.719534
0.671952
0.628524
0.588834
0.55251
0.519219
0.488666
0.460587
0.434743
0.410924
0.388941
0.368622
0.349817
0.332387
0.31621
0.301175
0.287182
0.274142
0.261972
0.2506
0.239959
0.229989
0.220634
0.211846
0.203579
0.195791
0.188444
0.181505
0.174941
0.168723
0.162824
0.157221
0.151889
0.146808
0.141959
0.137324
0.132886
0.12863
0.124543
0.120613
0.116829
0.11318
0.109659
0.106258
0.102972
0.0997972
0.0967293
0.0937665
0.0909078
0.0881525
0.0855009
0.0829535
0.0805109
0.0781738
0.0759424
0.0738169
0.0717967
0.069881
0.0680682
0.0663562
0.0647427
0.0632245
0.0617984
0.0604607
0.0592075
0.0580351
0.0569391
0.0559157
0.0549607
0.0540703
0.0532405
0.0524679
0.0517487
0.0510797
0.0504577
0.0498797
0.0493429
0.0488447
0.0483827
0.0479546
0.0475585
0.0471925
0.0468549
0.0465442
0.0462592
0.0459985
0.0457614
0.0455469
0.0453546
0.0451841
0.0450352
0.0449081
0.0448032
0.0447215
0.0446643
0.0446333
0.961695
0.892193
0.829096
0.77174
0.719534
0.671951
0.628523
0.588832
0.552507
0.519217
0.488664
0.460583
0.43474
0.410921
0.388937
0.368618
0.349813
0.332383
0.316205
0.30117
0.287177
0.274137
0.261967
0.250595
0.239954
0.229983
0.220629
0.21184
0.203572
0.195784
0.188437
0.181497
0.174933
0.168714
0.162815
0.157211
0.151878
0.146796
0.141946
0.13731
0.13287
0.128613
0.124525
0.120593
0.116807
0.113156
0.109633
0.106231
0.102943
0.0997657
0.0966958
0.0937312
0.0908708
0.088114
0.0854612
0.0829128
0.0804694
0.0781317
0.0759001
0.0737746
0.0717548
0.0698396
0.0680275
0.0663165
0.064704
0.0631871
0.0617622
0.0604259
0.0591742
0.0580031
0.0569086
0.0558866
0.054933
0.0540439
0.0532155
0.0524441
0.0517261
0.0510583
0.0504373
0.0498603
0.0493245
0.0488271
0.048366
0.0479387
0.0475434
0.047178
0.046841
0.0465309
0.0462463
0.0459861
0.0457494
0.0455353
0.0453434
0.0451731
0.0450245
0.0448976
0.0447929
0.0447113
0.0446542
0.0446233
0.961695
0.892193
0.829096
0.77174
0.719533
0.671949
0.628521
0.58883
0.552505
0.519214
0.488661
0.46058
0.434736
0.410917
0.388933
0.368615
0.349809
0.332379
0.316201
0.301166
0.287173
0.274132
0.261963
0.25059
0.239949
0.229978
0.220623
0.211835
0.203567
0.195778
0.188431
0.181491
0.174926
0.168707
0.162807
0.157202
0.151869
0.146786
0.141935
0.137297
0.132857
0.128599
0.124509
0.120576
0.116788
0.113136
0.109611
0.106206
0.102917
0.0997377
0.0966661
0.0936998
0.0908379
0.0880798
0.0854258
0.0828764
0.0804323
0.0780942
0.0758623
0.0737368
0.0717172
0.0698024
0.067991
0.0662809
0.0646694
0.0631535
0.0617298
0.0603947
0.0591443
0.0579745
0.0568812
0.0558604
0.0549081
0.0540202
0.0531929
0.0524226
0.0517057
0.0510388
0.0504188
0.0498427
0.0493076
0.0488111
0.0483507
0.0479241
0.0475293
0.0471646
0.0468281
0.0465184
0.0462343
0.0459745
0.0457381
0.0455244
0.0453327
0.0451627
0.0450143
0.0448875
0.044783
0.0447016
0.0446446
0.0446138
0.961695
0.892193
0.829095
0.771739
0.719532
0.671948
0.628519
0.588828
0.552503
0.519212
0.488658
0.460577
0.434733
0.410914
0.38893
0.368611
0.349805
0.332375
0.316198
0.301162
0.287169
0.274128
0.261959
0.250586
0.239945
0.229974
0.220619
0.21183
0.203562
0.195773
0.188426
0.181485
0.17492
0.1687
0.1628
0.157195
0.151861
0.146777
0.141925
0.137287
0.132846
0.128586
0.124496
0.120561
0.116772
0.113118
0.109591
0.106185
0.102894
0.0997135
0.0966404
0.0936727
0.0908094
0.0880501
0.0853951
0.0828448
0.0804001
0.0780615
0.0758295
0.0737039
0.0716845
0.0697701
0.0679592
0.0662498
0.0646391
0.0631242
0.0617015
0.0603675
0.0591181
0.0579494
0.0568572
0.0558375
0.0548862
0.0539993
0.053173
0.0524036
0.0516876
0.0510216
0.0504023
0.0498269
0.0492926
0.0487967
0.0483369
0.0479108
0.0475166
0.0471523
0.0468163
0.046507
0.0462232
0.0459637
0.0457277
0.0455142
0.0453227
0.0451529
0.0450046
0.0448781
0.0447737
0.0446924
0.0446355
0.0446049
0.961695
0.892192
0.829095
0.771738
0.719531
0.671947
0.628518
0.588826
0.552501
0.519209
0.488655
0.460575
0.43473
0.410911
0.388927
0.368608
0.349802
0.332372
0.316194
0.301159
0.287166
0.274125
0.261955
0.250583
0.239941
0.22997
0.220615
0.211826
0.203558
0.195769
0.188421
0.181481
0.174915
0.168695
0.162795
0.157189
0.151854
0.14677
0.141918
0.137279
0.132836
0.128576
0.124484
0.120549
0.116758
0.113103
0.109575
0.106168
0.102875
0.0996936
0.0966191
0.0936502
0.0907858
0.0880255
0.0853695
0.0828186
0.0803733
0.0780343
0.075802
0.0736764
0.0716571
0.069743
0.0679326
0.0662237
0.0646137
0.0630996
0.0616778
0.0603446
0.0590961
0.0579283
0.0568371
0.0558182
0.0548678
0.0539817
0.0531562
0.0523875
0.0516722
0.0510068
0.0503882
0.0498134
0.0492796
0.0487842
0.0483248
0.0478992
0.0475054
0.0471414
0.0468057
0.0464968
0.0462133
0.045954
0.0457182
0.0455049
0.0453136
0.0451439
0.0449958
0.0448694
0.0447651
0.044684
0.0446273
0.0445968
0.961695
0.892192
0.829094
0.771737
0.71953
0.671945
0.628516
0.588824
0.552499
0.519207
0.488653
0.460572
0.434728
0.410909
0.388925
0.368606
0.349799
0.332369
0.316192
0.301156
0.287163
0.274122
0.261953
0.25058
0.239939
0.229968
0.220613
0.211823
0.203555
0.195766
0.188418
0.181477
0.174911
0.168691
0.162791
0.157184
0.151849
0.146765
0.141912
0.137272
0.132829
0.128569
0.124476
0.120539
0.116748
0.113092
0.109563
0.106155
0.102861
0.099678
0.0966026
0.0936327
0.0907673
0.0880062
0.0853496
0.0827981
0.0803524
0.078013
0.0757805
0.0736547
0.0716354
0.0697215
0.0679114
0.066203
0.0645937
0.0630802
0.061659
0.0603266
0.0590788
0.0579117
0.0568211
0.0558029
0.0548531
0.0539676
0.0531427
0.0523746
0.0516598
0.0509949
0.0503767
0.0498023
0.0492689
0.0487739
0.0483148
0.0478895
0.0474959
0.0471323
0.0467968
0.046488
0.0462047
0.0459457
0.0457099
0.0454968
0.0453056
0.0451361
0.044988
0.0448617
0.0447576
0.0446766
0.0446201
0.0445898
0.961695
0.892192
0.829094
0.771737
0.719529
0.671944
0.628515
0.588823
0.552497
0.519206
0.488652
0.460571
0.434726
0.410907
0.388923
0.368604
0.349798
0.332367
0.31619
0.301155
0.287162
0.274121
0.261951
0.250578
0.239937
0.229966
0.220611
0.211821
0.203553
0.195764
0.188416
0.181475
0.174909
0.168689
0.162788
0.157181
0.151846
0.146761
0.141908
0.137268
0.132824
0.128563
0.12447
0.120533
0.11674
0.113084
0.109554
0.106145
0.102851
0.0996669
0.0965907
0.0936201
0.0907541
0.0879924
0.0853353
0.0827834
0.0803373
0.0779977
0.0757649
0.073639
0.0716196
0.0697058
0.067896
0.066188
0.0645791
0.0630661
0.0616455
0.0603136
0.0590663
0.0578997
0.0568096
0.0557919
0.0548425
0.0539574
0.0531329
0.0523651
0.0516506
0.050986
0.0503681
0.049794
0.0492608
0.048766
0.0483071
0.047882
0.0474886
0.0471251
0.0467897
0.0464811
0.0461979
0.0459389
0.0457033
0.0454902
0.0452991
0.0451297
0.0449817
0.0448555
0.0447515
0.0446707
0.0446143
0.0445842
0.961695
0.892192
0.829094
0.771736
0.719528
0.671943
0.628514
0.588822
0.552496
0.519205
0.488651
0.46057
0.434726
0.410906
0.388922
0.368603
0.349797
0.332367
0.316189
0.301154
0.287161
0.27412
0.26195
0.250577
0.239936
0.229965
0.22061
0.21182
0.203552
0.195762
0.188414
0.181473
0.174907
0.168687
0.162786
0.157179
0.151844
0.146759
0.141905
0.137265
0.132821
0.128559
0.124466
0.120528
0.116736
0.113078
0.109548
0.106139
0.102844
0.0996598
0.0965831
0.0936121
0.0907458
0.0879838
0.0853264
0.0827743
0.080328
0.0779881
0.075755
0.0736289
0.0716094
0.0696957
0.0678861
0.0661785
0.0645701
0.0630576
0.0616375
0.0603059
0.0590589
0.0578926
0.0568027
0.0557853
0.0548361
0.0539512
0.0531269
0.0523593
0.0516449
0.0509805
0.0503627
0.0497887
0.0492557
0.0487609
0.0483022
0.0478771
0.0474838
0.0471203
0.046785
0.0464764
0.0461932
0.0459343
0.0456987
0.0454857
0.0452946
0.0451252
0.0449773
0.0448511
0.0447473
0.0446666
0.0446104
0.0445805
)
;

boundaryField
{
    inlet
    {
        type            fixedValue;
        value           uniform 1;
    }
    outlet
    {
        type            inletOutlet;
        inletValue      uniform 1;
        value           nonuniform List<scalar> 
100
(
0.0446638
0.0446648
0.0446668
0.0446697
0.0446735
0.0446781
0.0446835
0.0446896
0.0446963
0.0447037
0.0447116
0.04472
0.0447289
0.0447381
0.0447476
0.0447574
0.0447674
0.0447776
0.0447879
0.0447982
0.0448085
0.0448188
0.044829
0.0448392
0.0448491
0.044859
0.0448686
0.0448779
0.0448871
0.0448959
0.0449045
0.0449127
0.0449206
0.0449282
0.0449354
0.0449422
0.0449486
0.0449546
0.0449601
0.0449652
0.0449699
0.0449741
0.0449778
0.044981
0.0449837
0.044986
0.0449877
0.0449889
0.0449896
0.0449898
0.0449895
0.0449887
0.0449873
0.0449854
0.044983
0.0449801
0.0449767
0.0449728
0.0449684
0.0449635
0.0449581
0.0449523
0.044946
0.0449392
0.0449321
0.0449245
0.0449165
0.0449081
0.0448993
0.0448902
0.0448807
0.0448709
0.0448608
0.0448504
0.0448397
0.0448287
0.0448175
0.0448061
0.0447946
0.0447828
0.044771
0.0447591
0.0447471
0.0447352
0.0447232
0.0447113
0.0446996
0.0446879
0.0446765
0.0446653
0.0446543
0.0446436
0.0446333
0.0446233
0.0446138
0.0446049
0.0445968
0.0445898
0.0445842
0.0445805
)
;
    }
    ground
    {
        type            empty;
    }
    top
    {
        type            empty;
    }
    front
    {
        type            inletOutlet;
        inletValue      uniform 1;
        value           nonuniform List<scalar> 
100
(
0.961695
0.892192
0.829094
0.771736
0.719528
0.671943
0.628514
0.588822
0.552496
0.519205
0.488651
0.46057
0.434725
0.410906
0.388922
0.368603
0.349796
0.332366
0.316189
0.301153
0.28716
0.274119
0.261949
0.250576
0.239934
0.229963
0.220608
0.211819
0.20355
0.19576
0.188412
0.18147
0.174904
0.168683
0.162782
0.157174
0.151839
0.146753
0.141899
0.137258
0.132813
0.128551
0.124456
0.120518
0.116724
0.113066
0.109535
0.106124
0.102828
0.099643
0.0965654
0.0935935
0.0907264
0.0879638
0.085306
0.0827537
0.0803076
0.077968
0.0757356
0.0736105
0.0715923
0.0696802
0.0678726
0.0661673
0.0645614
0.0630517
0.0616346
0.0603062
0.0590627
0.0578999
0.0568138
0.0558
0.0548547
0.0539737
0.0531532
0.0523895
0.051679
0.0510184
0.0504044
0.049834
0.0493045
0.0488132
0.0483578
0.0479359
0.0475456
0.0471851
0.0468525
0.0465466
0.0462658
0.0460091
0.0457756
0.0455644
0.045375
0.045207
0.0450603
0.0449349
0.0448315
0.0447509
0.0446943
0.0446638
)
;
    }
    back
    {
        type            inletOutlet;
        inletValue      uniform 1;
        value           nonuniform List<scalar> 
100
(
0.961695
0.892192
0.829094
0.771736
0.719528
0.671943
0.628514
0.588822
0.552496
0.519205
0.488651
0.46057
0.434726
0.410906
0.388922
0.368603
0.349797
0.332367
0.316189
0.301154
0.287161
0.27412
0.26195
0.250577
0.239936
0.229965
0.22061
0.21182
0.203552
0.195762
0.188414
0.181473
0.174907
0.168687
0.162786
0.157179
0.151844
0.146759
0.141905
0.137265
0.132821
0.128559
0.124466
0.120528
0.116736
0.113078
0.109548
0.106139
0.102844
0.0996598
0.0965831
0.0936121
0.0907458
0.0879838
0.0853264
0.0827743
0.080328
0.0779881
0.075755
0.0736289
0.0716094
0.0696957
0.0678861
0.0661785
0.0645701
0.0630576
0.0616375
0.0603059
0.0590589
0.0578926
0.0568027
0.0557853
0.0548361
0.0539512
0.0531269
0.0523593
0.0516449
0.0509805
0.0503627
0.0497887
0.0492557
0.0487609
0.0483022
0.0478771
0.0474838
0.0471203
0.046785
0.0464764
0.0461932
0.0459343
0.0456987
0.0454857
0.0452946
0.0451252
0.0449773
0.0448511
0.0447473
0.0446666
0.0446104
0.0445805
)
;
    }
}


// ************************************************************************* //
