/*--------------------------------*- C++ -*----------------------------------*\
  =========                 |
  \\      /  F ield         | OpenFOAM: The Open Source CFD Toolbox
   \\    /   O peration     | Website:  https://openfoam.org
    \\  /    A nd           | Version:  11
     \\/     M anipulation  |
\*---------------------------------------------------------------------------*/
FoamFile
{
    format      ascii;
    class       volScalarField;
    location    "192";
    object      omega;
}
// * * * * * * * * * * * * * * * * * * * * * * * * * * * * * * * * * * * * * //

dimensions      [0 0 -1 0 0 0 0];

internalField   nonuniform List<scalar> 
10000
(
0.9617
0.892202
0.829106
0.771747
0.719532
0.671937
0.628491
0.588777
0.552424
0.519098
0.488503
0.460374
0.434474
0.41059
0.388531
0.368127
0.349225
0.331685
0.315383
0.300208
0.286056
0.272836
0.260465
0.248866
0.237972
0.22772
0.218052
0.208918
0.200272
0.192071
0.184279
0.176864
0.169798
0.163056
0.156619
0.150472
0.144603
0.139002
0.133662
0.128581
0.123753
0.119177
0.114851
0.110771
0.106933
0.103332
0.0999628
0.0968176
0.0938886
0.0911668
0.0886423
0.0863048
0.0841434
0.0821473
0.0803056
0.0786077
0.0770436
0.0756037
0.0742788
0.0730604
0.0719402
0.0709108
0.0699649
0.0690962
0.0682983
0.0675658
0.0668933
0.0662762
0.0657099
0.0651903
0.0647137
0.0642767
0.0638759
0.0635086
0.0631719
0.0628635
0.0625809
0.0623221
0.0620852
0.0618684
0.06167
0.0614886
0.0613227
0.0611712
0.0610329
0.0609068
0.0607918
0.0606873
0.0605924
0.0605065
0.060429
0.0603594
0.0602974
0.0602426
0.060195
0.0601544
0.0601209
0.0600949
0.0600765
0.0600664
0.9617
0.892203
0.829107
0.771748
0.719534
0.671938
0.628492
0.588779
0.552426
0.5191
0.488505
0.460376
0.434476
0.410592
0.388534
0.36813
0.349228
0.331688
0.315386
0.300211
0.286059
0.27284
0.260469
0.248871
0.237977
0.227725
0.218058
0.208924
0.200278
0.192078
0.184287
0.176873
0.169807
0.163067
0.156631
0.150485
0.144617
0.139016
0.133678
0.128597
0.12377
0.119194
0.114868
0.110788
0.10695
0.103349
0.0999798
0.0968346
0.0939054
0.0911832
0.0886581
0.0863198
0.0841574
0.0821602
0.0803175
0.0786188
0.0770539
0.0756133
0.0742878
0.0730688
0.0719481
0.0709181
0.0699717
0.0691025
0.0683042
0.0675713
0.0668984
0.0662809
0.0657142
0.0651944
0.0647175
0.0642801
0.0638792
0.0635116
0.0631747
0.062866
0.0625832
0.0623243
0.0620872
0.0618702
0.0616717
0.0614901
0.0613241
0.0611725
0.0610341
0.0609078
0.0607928
0.0606882
0.0605932
0.0605072
0.0604297
0.06036
0.060298
0.0602432
0.0601955
0.0601548
0.0601214
0.0600953
0.0600769
0.0600668
0.9617
0.892203
0.829108
0.77175
0.719536
0.671941
0.628496
0.588783
0.552429
0.519104
0.488509
0.460381
0.434481
0.410597
0.388539
0.368135
0.349233
0.331693
0.315392
0.300216
0.286065
0.272846
0.260475
0.248878
0.237984
0.227733
0.218067
0.208934
0.200289
0.19209
0.1843
0.176888
0.169823
0.163084
0.15665
0.150506
0.144638
0.139039
0.133702
0.128622
0.123796
0.119221
0.114895
0.110815
0.106977
0.103377
0.100007
0.0968614
0.0939316
0.0912086
0.0886826
0.0863431
0.0841795
0.082181
0.080337
0.078637
0.077071
0.0756292
0.0743027
0.0730826
0.0719609
0.07093
0.0699829
0.0691128
0.0683138
0.0675801
0.0669066
0.0662885
0.0657212
0.0652008
0.0647234
0.0642856
0.0638842
0.0635162
0.0631789
0.0628699
0.0625868
0.0623276
0.0620902
0.0618729
0.0616742
0.0614924
0.0613262
0.0611744
0.0610358
0.0609094
0.0607943
0.0606895
0.0605944
0.0605084
0.0604307
0.060361
0.0602989
0.060244
0.0601963
0.0601556
0.0601221
0.060096
0.0600776
0.0600676
0.9617
0.892204
0.82911
0.771752
0.719539
0.671945
0.6285
0.588787
0.552434
0.519109
0.488515
0.460387
0.434487
0.410603
0.388545
0.368142
0.34924
0.3317
0.315399
0.300224
0.286073
0.272854
0.260484
0.248887
0.237995
0.227744
0.218079
0.208948
0.200304
0.192107
0.184319
0.176907
0.169845
0.163108
0.156676
0.150534
0.144668
0.139071
0.133736
0.128657
0.123832
0.119258
0.114933
0.110853
0.107015
0.103414
0.100044
0.0968979
0.0939672
0.0912431
0.0887157
0.0863747
0.0842095
0.0822093
0.0803637
0.078662
0.0770944
0.0756511
0.0743231
0.0731017
0.0719787
0.0709465
0.0699981
0.069127
0.0683269
0.0675922
0.0669178
0.0662988
0.0657308
0.0652096
0.0647315
0.0642931
0.063891
0.0635225
0.0631847
0.0628752
0.0625917
0.062332
0.0620942
0.0618766
0.0616776
0.0614955
0.061329
0.061177
0.0610382
0.0609116
0.0607962
0.0606913
0.0605961
0.0605099
0.0604321
0.0603623
0.0603001
0.0602452
0.0601974
0.0601568
0.0601232
0.0600971
0.0600787
0.0600686
0.9617
0.892204
0.829111
0.771754
0.719542
0.671948
0.628504
0.588792
0.55244
0.519115
0.488522
0.460394
0.434494
0.410611
0.388553
0.36815
0.349248
0.331709
0.315409
0.300234
0.286084
0.272865
0.260496
0.2489
0.238009
0.227759
0.218095
0.208965
0.200323
0.192128
0.184342
0.176933
0.169873
0.163138
0.156709
0.150569
0.144706
0.139112
0.133778
0.128702
0.123878
0.119305
0.114981
0.110901
0.107063
0.103462
0.100091
0.0969436
0.0940116
0.091286
0.0887569
0.0864141
0.0842469
0.0822448
0.0803971
0.0786935
0.0771239
0.0756787
0.0743489
0.0731257
0.072001
0.0709673
0.0700174
0.0691448
0.0683434
0.0676076
0.066932
0.0663119
0.0657428
0.0652207
0.0647417
0.0643025
0.0638997
0.0635304
0.063192
0.0628818
0.0625977
0.0623376
0.0620993
0.0618813
0.0616818
0.0614994
0.0613326
0.0611802
0.0610411
0.0609143
0.0607987
0.0606936
0.0605982
0.0605119
0.060434
0.0603641
0.0603018
0.0602468
0.060199
0.0601582
0.0601247
0.0600985
0.0600802
0.06007
0.9617
0.892205
0.829112
0.771756
0.719544
0.671952
0.628508
0.588797
0.552446
0.519122
0.488529
0.460401
0.434503
0.41062
0.388562
0.36816
0.349259
0.33172
0.31542
0.300246
0.286096
0.272879
0.26051
0.248915
0.238025
0.227777
0.218114
0.208986
0.200347
0.192153
0.18437
0.176964
0.169907
0.163175
0.156748
0.150612
0.144752
0.13916
0.133829
0.128754
0.123933
0.119361
0.115037
0.110958
0.10712
0.103518
0.100146
0.0969975
0.094064
0.0913366
0.0888055
0.0864605
0.0842911
0.0822866
0.0804366
0.0787307
0.0771588
0.0757114
0.0743794
0.0731542
0.0720276
0.070992
0.0700404
0.0691661
0.0683631
0.0676258
0.0669488
0.0663274
0.0657572
0.0652339
0.0647539
0.0643136
0.0639099
0.0635398
0.0632006
0.0628898
0.062605
0.0623442
0.0621054
0.0618868
0.0616869
0.061504
0.0613368
0.0611841
0.0610446
0.0609175
0.0608017
0.0606964
0.0606007
0.0605142
0.0604362
0.0603661
0.0603037
0.0602487
0.0602008
0.06016
0.0601264
0.0601003
0.0600819
0.0600717
0.9617
0.892205
0.829112
0.771757
0.719546
0.671955
0.628512
0.588802
0.552452
0.519129
0.488536
0.46041
0.434511
0.410629
0.388572
0.368171
0.34927
0.331732
0.315433
0.300259
0.28611
0.272894
0.260527
0.248933
0.238044
0.227798
0.218137
0.209011
0.200373
0.192183
0.184402
0.176999
0.169945
0.163217
0.156794
0.15066
0.144804
0.139215
0.133887
0.128814
0.123995
0.119424
0.115101
0.111023
0.107184
0.103582
0.100209
0.0970588
0.0941236
0.0913941
0.0888607
0.0865133
0.0843413
0.0823342
0.0804816
0.078773
0.0771986
0.0757487
0.0744143
0.0731867
0.0720579
0.0710202
0.0700666
0.0691904
0.0683857
0.0676466
0.0669681
0.0663452
0.0657736
0.065249
0.0647678
0.0643264
0.0639217
0.0635506
0.0632105
0.0628988
0.0626133
0.0623518
0.0621123
0.0618931
0.0616926
0.0615092
0.0613416
0.0611885
0.0610487
0.0609212
0.0608051
0.0606995
0.0606037
0.0605169
0.0604387
0.0603685
0.060306
0.0602509
0.0602029
0.0601621
0.0601285
0.0601023
0.0600839
0.0600736
0.9617
0.892205
0.829113
0.771758
0.719548
0.671957
0.628516
0.588807
0.552457
0.519135
0.488544
0.460418
0.43452
0.410639
0.388583
0.368182
0.349282
0.331745
0.315446
0.300274
0.286126
0.272911
0.260545
0.248952
0.238065
0.227821
0.218162
0.209039
0.200404
0.192216
0.184438
0.177039
0.169988
0.163264
0.156844
0.150715
0.144862
0.139276
0.133951
0.128881
0.124063
0.119495
0.115173
0.111094
0.107256
0.103652
0.100278
0.0971267
0.0941895
0.0914577
0.0889218
0.0865717
0.0843969
0.0823869
0.0805314
0.0788199
0.0772427
0.0757901
0.074453
0.0732229
0.0720916
0.0710515
0.0700957
0.0692175
0.0684107
0.0676698
0.0669895
0.066365
0.0657918
0.0652659
0.0647833
0.0643407
0.0639348
0.0635626
0.0632215
0.0629089
0.0626225
0.0623602
0.06212
0.0619002
0.0616991
0.0615151
0.061347
0.0611934
0.0610532
0.0609253
0.0608089
0.060703
0.0606069
0.06052
0.0604416
0.0603712
0.0603086
0.0602533
0.0602053
0.0601644
0.0601308
0.0601045
0.0600861
0.0600758
0.9617
0.892205
0.829113
0.771758
0.719549
0.671959
0.628519
0.588811
0.552462
0.519141
0.488551
0.460426
0.434529
0.410649
0.388594
0.368193
0.349294
0.331758
0.315461
0.30029
0.286143
0.272929
0.260564
0.248974
0.238088
0.227846
0.21819
0.209069
0.200437
0.192252
0.184478
0.177082
0.170036
0.163315
0.1569
0.150774
0.144925
0.139343
0.134021
0.128954
0.124138
0.119571
0.11525
0.111172
0.107333
0.103729
0.100354
0.0972003
0.0942609
0.0915267
0.088988
0.086635
0.0844572
0.0824441
0.0805855
0.0788709
0.0772906
0.075835
0.0744951
0.0732622
0.0721282
0.0710857
0.0701274
0.0692469
0.068438
0.0676951
0.0670129
0.0663866
0.0658118
0.0652842
0.0648002
0.0643562
0.063949
0.0635757
0.0632335
0.0629199
0.0626325
0.0623694
0.0621284
0.0619079
0.0617061
0.0615215
0.0613528
0.0611987
0.0610581
0.0609298
0.060813
0.0607068
0.0606105
0.0605233
0.0604447
0.0603742
0.0603114
0.0602561
0.0602079
0.060167
0.0601333
0.060107
0.0600885
0.0600783
0.9617
0.892204
0.829113
0.771759
0.71955
0.671961
0.628522
0.588814
0.552467
0.519147
0.488557
0.460433
0.434538
0.410658
0.388605
0.368205
0.349307
0.331772
0.315476
0.300306
0.286161
0.272948
0.260586
0.248997
0.238113
0.227873
0.21822
0.209102
0.200473
0.192292
0.184521
0.177129
0.170087
0.16337
0.156959
0.150838
0.144993
0.139414
0.134096
0.129032
0.124218
0.119653
0.115333
0.111255
0.107416
0.103811
0.100434
0.097279
0.0943373
0.0916004
0.0890588
0.0867027
0.0845216
0.0825053
0.0806433
0.0789255
0.0773419
0.0758832
0.0745402
0.0733043
0.0721675
0.0711223
0.0701615
0.0692785
0.0684673
0.0677223
0.067038
0.0664098
0.0658332
0.0653039
0.0648184
0.0643729
0.0639644
0.0635898
0.0632464
0.0629317
0.0626434
0.0623793
0.0621375
0.0619161
0.0617136
0.0615284
0.0613591
0.0612045
0.0610634
0.0609347
0.0608175
0.060711
0.0606143
0.0605269
0.0604481
0.0603774
0.0603145
0.060259
0.0602108
0.0601697
0.060136
0.0601097
0.0600912
0.0600809
0.9617
0.892204
0.829113
0.771759
0.719551
0.671962
0.628524
0.588817
0.552471
0.519152
0.488563
0.460441
0.434546
0.410668
0.388615
0.368217
0.34932
0.331787
0.315492
0.300323
0.286179
0.272969
0.260608
0.249021
0.23814
0.227902
0.218252
0.209137
0.200511
0.192334
0.184567
0.177179
0.170141
0.163429
0.157022
0.150905
0.145064
0.13949
0.134175
0.129114
0.124303
0.119739
0.11542
0.111343
0.107504
0.103898
0.100519
0.097362
0.0944178
0.0916781
0.0891335
0.0867741
0.0845897
0.0825699
0.0807044
0.0789831
0.0773962
0.0759341
0.0745879
0.0733489
0.0722091
0.071161
0.0701975
0.069312
0.0684984
0.067751
0.0670646
0.0664344
0.0658559
0.0653249
0.0648376
0.0643906
0.0639806
0.0636047
0.0632601
0.0629442
0.0626548
0.0623898
0.062147
0.0619249
0.0617216
0.0615357
0.0613658
0.0612106
0.061069
0.0609399
0.0608223
0.0607154
0.0606184
0.0605307
0.0604517
0.0603808
0.0603177
0.0602621
0.0602138
0.0601727
0.0601388
0.0601125
0.0600939
0.0600836
0.961699
0.892204
0.829112
0.771759
0.719551
0.671963
0.628525
0.58882
0.552474
0.519156
0.488569
0.460448
0.434554
0.410677
0.388626
0.368229
0.349333
0.331801
0.315508
0.300341
0.286199
0.27299
0.260631
0.249046
0.238168
0.227933
0.218285
0.209173
0.200551
0.192378
0.184615
0.177231
0.170198
0.16349
0.157089
0.150976
0.14514
0.139569
0.134258
0.1292
0.124391
0.119829
0.115512
0.111435
0.107595
0.103988
0.100608
0.0974486
0.0945019
0.0917593
0.0892116
0.0868488
0.0846608
0.0826374
0.0807683
0.0790434
0.0774529
0.0759874
0.0746378
0.0733956
0.0722527
0.0712017
0.0702353
0.0693471
0.068531
0.0677812
0.0670926
0.0664602
0.0658797
0.0653468
0.0648578
0.0644092
0.0639977
0.0636204
0.0632744
0.0629574
0.0626669
0.0624008
0.0621571
0.0619341
0.06173
0.0615434
0.0613728
0.0612171
0.0610749
0.0609453
0.0608273
0.06072
0.0606227
0.0605347
0.0604555
0.0603844
0.0603211
0.0602654
0.0602169
0.0601757
0.0601418
0.0601154
0.0600968
0.0600865
0.961699
0.892204
0.829112
0.771759
0.719552
0.671964
0.628527
0.588822
0.552477
0.51916
0.488574
0.460454
0.434562
0.410686
0.388636
0.36824
0.349346
0.331816
0.315524
0.300358
0.286218
0.273011
0.260654
0.249072
0.238196
0.227964
0.21832
0.209211
0.200593
0.192423
0.184665
0.177286
0.170257
0.163554
0.157157
0.151049
0.145217
0.139651
0.134343
0.129289
0.124483
0.119923
0.115606
0.111529
0.107689
0.104081
0.1007
0.0975383
0.094589
0.0918435
0.0892924
0.0869262
0.0847346
0.0827075
0.0808346
0.079106
0.0775118
0.0760427
0.0746896
0.0734441
0.072298
0.0712439
0.0702746
0.0693836
0.0685648
0.0678126
0.0671216
0.0664871
0.0659045
0.0653697
0.0648789
0.0644286
0.0640155
0.0636367
0.0632894
0.0629711
0.0626794
0.0624122
0.0621676
0.0619436
0.0617388
0.0615514
0.0613801
0.0612237
0.061081
0.0609509
0.0608325
0.0607248
0.0606272
0.0605389
0.0604594
0.0603881
0.0603247
0.0602688
0.0602202
0.0601789
0.0601449
0.0601185
0.0600998
0.0600895
0.961699
0.892203
0.829112
0.771758
0.719552
0.671964
0.628528
0.588824
0.55248
0.519164
0.488579
0.46046
0.434569
0.410694
0.388645
0.368251
0.349359
0.33183
0.31554
0.300376
0.286238
0.273033
0.260678
0.249099
0.238226
0.227996
0.218355
0.20925
0.200636
0.19247
0.184717
0.177342
0.170318
0.16362
0.157228
0.151125
0.145298
0.139736
0.134432
0.12938
0.124577
0.120019
0.115703
0.111627
0.107787
0.104177
0.100794
0.0976305
0.0946786
0.0919299
0.0893756
0.0870057
0.0848104
0.0827795
0.0809029
0.0791704
0.0775725
0.0760997
0.0747431
0.0734941
0.0723447
0.0712874
0.0703151
0.0694213
0.0685998
0.067845
0.0671516
0.0665148
0.0659301
0.0653933
0.0649006
0.0644486
0.0640339
0.0636536
0.0633049
0.0629852
0.0626924
0.0624241
0.0621784
0.0619535
0.0617478
0.0615596
0.0613877
0.0612307
0.0610874
0.0609567
0.0608378
0.0607298
0.0606318
0.0605432
0.0604634
0.0603919
0.0603283
0.0602722
0.0602236
0.0601822
0.0601481
0.0601216
0.0601029
0.0600925
0.961699
0.892203
0.829111
0.771758
0.719551
0.671965
0.628529
0.588825
0.552482
0.519167
0.488583
0.460465
0.434576
0.410702
0.388655
0.368262
0.349371
0.331844
0.315555
0.300394
0.286257
0.273055
0.260703
0.249126
0.238255
0.228029
0.218391
0.20929
0.20068
0.192519
0.184769
0.1774
0.17038
0.163688
0.157301
0.151202
0.14538
0.139822
0.134522
0.129473
0.124673
0.120117
0.115802
0.111726
0.107886
0.104276
0.100891
0.0977247
0.09477
0.0920183
0.0894605
0.0870871
0.084888
0.0828532
0.0809727
0.0792364
0.0776346
0.0761581
0.0747978
0.0735453
0.0723926
0.071332
0.0703567
0.0694599
0.0686356
0.0678782
0.0671824
0.0665432
0.0659563
0.0654175
0.0649229
0.0644691
0.0640527
0.0636709
0.0633207
0.0629998
0.0627056
0.0624362
0.0621895
0.0619637
0.0617571
0.0615681
0.0613954
0.0612378
0.0610939
0.0609627
0.0608434
0.0607349
0.0606366
0.0605477
0.0604676
0.0603958
0.060332
0.0602758
0.060227
0.0601855
0.0601513
0.0601247
0.060106
0.0600956
0.961699
0.892203
0.829111
0.771758
0.719551
0.671965
0.628529
0.588827
0.552484
0.51917
0.488587
0.46047
0.434582
0.41071
0.388664
0.368273
0.349383
0.331857
0.315571
0.300411
0.286277
0.273077
0.260727
0.249153
0.238285
0.228063
0.218428
0.209331
0.200725
0.192568
0.184823
0.177458
0.170444
0.163756
0.157374
0.151281
0.145463
0.139909
0.134613
0.129568
0.12477
0.120216
0.115903
0.111827
0.107986
0.104375
0.100989
0.0978203
0.0948629
0.0921081
0.0895469
0.0871698
0.0849669
0.0829282
0.0810437
0.0793035
0.0776978
0.0762175
0.0748536
0.0735975
0.0724413
0.0713775
0.070399
0.0694993
0.0686722
0.0679121
0.0672137
0.0665722
0.0659831
0.0654422
0.0649457
0.06449
0.0640719
0.0636885
0.0633369
0.0630146
0.0627192
0.0624486
0.0622008
0.061974
0.0617665
0.0615768
0.0614033
0.061245
0.0611005
0.0609688
0.060849
0.0607401
0.0606414
0.0605521
0.0604718
0.0603998
0.0603358
0.0602794
0.0602304
0.0601888
0.0601545
0.0601279
0.0601091
0.0600986
0.961699
0.892202
0.82911
0.771757
0.719551
0.671965
0.628529
0.588827
0.552486
0.519173
0.488591
0.460475
0.434588
0.410717
0.388672
0.368283
0.349395
0.331871
0.315586
0.300428
0.286297
0.273099
0.260752
0.24918
0.238316
0.228096
0.218465
0.209372
0.20077
0.192617
0.184877
0.177517
0.170508
0.163825
0.157448
0.15136
0.145547
0.139998
0.134705
0.129664
0.124869
0.120316
0.116004
0.111929
0.108088
0.104476
0.101088
0.097917
0.0949568
0.0921989
0.0896342
0.0872534
0.0850467
0.0830041
0.0811156
0.0793714
0.0777619
0.0762777
0.07491
0.0736504
0.0724907
0.0714236
0.0704419
0.0695392
0.0687093
0.0679465
0.0672456
0.0666017
0.0660103
0.0654673
0.0649688
0.0645113
0.0640915
0.0637064
0.0633533
0.0630296
0.062733
0.0624612
0.0622123
0.0619845
0.0617761
0.0615855
0.0614114
0.0612523
0.0611072
0.060975
0.0608546
0.0607453
0.0606462
0.0605567
0.060476
0.0604038
0.0603396
0.060283
0.0602339
0.0601921
0.0601578
0.0601311
0.0601122
0.0601017
0.961699
0.892202
0.82911
0.771757
0.71955
0.671964
0.62853
0.588828
0.552487
0.519175
0.488594
0.460479
0.434593
0.410724
0.38868
0.368292
0.349406
0.331884
0.315601
0.300445
0.286316
0.27312
0.260776
0.249207
0.238346
0.22813
0.218502
0.209413
0.200815
0.192667
0.184931
0.177576
0.170572
0.163895
0.157523
0.15144
0.145631
0.140087
0.134798
0.12976
0.124967
0.120417
0.116106
0.112032
0.10819
0.104577
0.101187
0.0980142
0.0950513
0.0922902
0.0897221
0.0873376
0.0851271
0.0830805
0.0811881
0.0794399
0.0778264
0.0763384
0.074967
0.0737037
0.0725406
0.0714701
0.0704853
0.0695795
0.0687467
0.0679812
0.0672777
0.0666314
0.0660378
0.0654926
0.0649921
0.0645327
0.0641112
0.0637245
0.0633699
0.0630448
0.0627469
0.0624739
0.062224
0.0619951
0.0617858
0.0615944
0.0614194
0.0612597
0.061114
0.0609812
0.0608604
0.0607506
0.0606511
0.0605612
0.0604803
0.0604078
0.0603434
0.0602866
0.0602373
0.0601955
0.060161
0.0601342
0.0601153
0.0601048
0.961698
0.892202
0.829109
0.771756
0.71955
0.671964
0.62853
0.588829
0.552489
0.519177
0.488597
0.460483
0.434598
0.41073
0.388688
0.368302
0.349417
0.331897
0.315616
0.300462
0.286335
0.273142
0.2608
0.249234
0.238376
0.228163
0.218539
0.209454
0.20086
0.192716
0.184986
0.177635
0.170636
0.163964
0.157597
0.151519
0.145715
0.140175
0.134891
0.129856
0.125066
0.120518
0.116208
0.112134
0.108292
0.104678
0.101287
0.0981116
0.095146
0.0923818
0.0898102
0.0874221
0.0852077
0.0831572
0.0812608
0.0795087
0.0778913
0.0763994
0.0750243
0.0737574
0.0725907
0.0715169
0.0705289
0.0696201
0.0687844
0.0680162
0.0673101
0.0666613
0.0660654
0.0655181
0.0650156
0.0645543
0.0641311
0.0637427
0.0633866
0.0630601
0.0627609
0.0624867
0.0622356
0.0620058
0.0617955
0.0616033
0.0614276
0.0612671
0.0611208
0.0609874
0.0608661
0.0607559
0.060656
0.0605658
0.0604846
0.0604118
0.0603471
0.0602902
0.0602408
0.0601988
0.0601642
0.0601373
0.0601184
0.0601078
0.961698
0.892201
0.829109
0.771756
0.71955
0.671964
0.62853
0.588829
0.55249
0.519179
0.488599
0.460486
0.434603
0.410736
0.388695
0.36831
0.349428
0.331909
0.31563
0.300478
0.286353
0.273163
0.260824
0.249261
0.238406
0.228196
0.218576
0.209494
0.200905
0.192766
0.18504
0.177694
0.1707
0.164033
0.157672
0.151598
0.145799
0.140264
0.134983
0.129952
0.125165
0.120618
0.11631
0.112236
0.108394
0.104779
0.101386
0.0982088
0.0952405
0.0924732
0.0898983
0.0875065
0.0852883
0.0832339
0.0813335
0.0795774
0.0779561
0.0764605
0.0750816
0.073811
0.0726409
0.0715638
0.0705726
0.0696607
0.0688221
0.0680512
0.0673425
0.0666913
0.0660931
0.0655436
0.0650391
0.064576
0.0641509
0.063761
0.0634034
0.0630754
0.0627749
0.0624995
0.0622473
0.0620165
0.0618053
0.0616122
0.0614357
0.0612745
0.0611276
0.0609936
0.0608718
0.0607612
0.0606609
0.0605703
0.0604888
0.0604158
0.0603509
0.0602937
0.0602442
0.060202
0.0601674
0.0601404
0.0601214
0.0601108
0.961698
0.892201
0.829108
0.771755
0.719549
0.671964
0.62853
0.58883
0.552491
0.51918
0.488602
0.46049
0.434607
0.410741
0.388702
0.368319
0.349438
0.331921
0.315644
0.300494
0.286371
0.273183
0.260847
0.249287
0.238435
0.228229
0.218613
0.209535
0.200949
0.192815
0.185093
0.177753
0.170764
0.164102
0.157745
0.151677
0.145883
0.140351
0.135075
0.130047
0.125262
0.120718
0.116411
0.112338
0.108495
0.104879
0.101485
0.0983054
0.0953345
0.0925642
0.0899859
0.0875905
0.0853686
0.0833103
0.081406
0.079646
0.0780208
0.0765213
0.0751387
0.0738646
0.072691
0.0716105
0.0706161
0.0697012
0.0688598
0.0680861
0.0673749
0.0667213
0.0661207
0.0655691
0.0650626
0.0645976
0.0641708
0.0637792
0.0634201
0.0630907
0.0627889
0.0625123
0.062259
0.0620271
0.061815
0.061621
0.0614438
0.0612819
0.0611343
0.0609998
0.0608775
0.0607664
0.0606657
0.0605748
0.060493
0.0604197
0.0603546
0.0602972
0.0602475
0.0602052
0.0601705
0.0601434
0.0601244
0.0601137
0.961698
0.892201
0.829108
0.771755
0.719549
0.671963
0.62853
0.58883
0.552491
0.519182
0.488604
0.460493
0.434611
0.410747
0.388709
0.368327
0.349447
0.331932
0.315657
0.30051
0.286389
0.273203
0.26087
0.249313
0.238464
0.228261
0.218648
0.209574
0.200993
0.192863
0.185146
0.177811
0.170827
0.164169
0.157818
0.151755
0.145965
0.140438
0.135165
0.130141
0.125359
0.120817
0.116511
0.112438
0.108596
0.104979
0.101583
0.0984011
0.0954277
0.0926544
0.0900728
0.0876739
0.0854482
0.0833861
0.0814779
0.079714
0.078085
0.0765818
0.0751955
0.0739178
0.0727408
0.071657
0.0706594
0.0697416
0.0688973
0.0681209
0.0674071
0.066751
0.0661483
0.0655945
0.065086
0.0646191
0.0641906
0.0637974
0.0634367
0.0631059
0.0628028
0.062525
0.0622706
0.0620377
0.0618247
0.0616298
0.0614518
0.0612893
0.061141
0.061006
0.0608831
0.0607716
0.0606705
0.0605792
0.0604971
0.0604236
0.0603582
0.0603007
0.0602508
0.0602084
0.0601735
0.0601464
0.0601272
0.0601166
0.961698
0.8922
0.829108
0.771754
0.719548
0.671963
0.62853
0.58883
0.552492
0.519183
0.488606
0.460496
0.434615
0.410752
0.388715
0.368335
0.349457
0.331943
0.31567
0.300525
0.286406
0.273223
0.260892
0.249338
0.238492
0.228293
0.218683
0.209613
0.201036
0.19291
0.185198
0.177867
0.170888
0.164236
0.15789
0.151831
0.146046
0.140524
0.135255
0.130233
0.125454
0.120914
0.116609
0.112537
0.108695
0.105077
0.101679
0.0984957
0.0955197
0.0927435
0.0901587
0.0877563
0.085527
0.0834611
0.0815491
0.0797814
0.0781486
0.0766416
0.0752517
0.0739705
0.0727901
0.0717031
0.0707024
0.0697815
0.0689344
0.0681553
0.067439
0.0667806
0.0661755
0.0656197
0.0651092
0.0646404
0.0642102
0.0638153
0.0634532
0.063121
0.0628166
0.0625376
0.0622821
0.0620482
0.0618342
0.0616385
0.0614597
0.0612965
0.0611476
0.061012
0.0608887
0.0607767
0.0606752
0.0605836
0.0605011
0.0604273
0.0603617
0.060304
0.060254
0.0602114
0.0601765
0.0601492
0.06013
0.0601193
0.961698
0.8922
0.829107
0.771754
0.719548
0.671963
0.628529
0.58883
0.552493
0.519184
0.488608
0.460498
0.434619
0.410757
0.388721
0.368342
0.349466
0.331954
0.315682
0.300539
0.286423
0.273242
0.260914
0.249362
0.238519
0.228323
0.218718
0.209652
0.201078
0.192957
0.185249
0.177923
0.170949
0.164302
0.15796
0.151906
0.146126
0.140607
0.135342
0.130324
0.125548
0.12101
0.116706
0.112635
0.108792
0.105173
0.101774
0.0985888
0.0956104
0.0928314
0.0902434
0.0878376
0.0856047
0.0835351
0.0816194
0.0798479
0.0782114
0.0767008
0.0753073
0.0740226
0.0728388
0.0717486
0.0707448
0.069821
0.0689711
0.0681894
0.0674706
0.0668098
0.0662025
0.0656446
0.0651321
0.0646615
0.0642295
0.0638331
0.0634694
0.0631359
0.0628302
0.06255
0.0622935
0.0620586
0.0618436
0.0616471
0.0614676
0.0613037
0.0611542
0.061018
0.0608941
0.0607817
0.0606798
0.0605878
0.0605051
0.060431
0.0603652
0.0603073
0.0602571
0.0602144
0.0601793
0.060152
0.0601328
0.060122
0.961698
0.8922
0.829107
0.771753
0.719547
0.671962
0.628529
0.58883
0.552493
0.519185
0.48861
0.460501
0.434622
0.410761
0.388727
0.368349
0.349474
0.331964
0.315695
0.300553
0.286439
0.273261
0.260935
0.249386
0.238546
0.228354
0.218751
0.209689
0.20112
0.193002
0.185299
0.177977
0.171008
0.164366
0.158029
0.15198
0.146204
0.140689
0.135428
0.130413
0.125639
0.121103
0.116801
0.11273
0.108887
0.105268
0.101868
0.0986802
0.0956994
0.0929176
0.0903266
0.0879174
0.085681
0.0836079
0.0816885
0.0799134
0.0782732
0.0767589
0.0753619
0.0740739
0.0728868
0.0717934
0.0707866
0.0698599
0.0690073
0.0682229
0.0675017
0.0668385
0.0662291
0.0656691
0.0651547
0.0646823
0.0642486
0.0638506
0.0634855
0.0631506
0.0628436
0.0625623
0.0623046
0.0620687
0.0618529
0.0616556
0.0614753
0.0613107
0.0611606
0.0610238
0.0608995
0.0607866
0.0606843
0.060592
0.0605089
0.0604346
0.0603686
0.0603105
0.0602601
0.0602172
0.0601821
0.0601547
0.0601354
0.0601246
0.961698
0.892199
0.829106
0.771753
0.719547
0.671962
0.628529
0.588831
0.552494
0.519186
0.488611
0.460503
0.434626
0.410766
0.388733
0.368356
0.349483
0.331974
0.315706
0.300567
0.286455
0.273279
0.260955
0.249409
0.238572
0.228383
0.218784
0.209725
0.20116
0.193046
0.185348
0.178031
0.171066
0.164428
0.158096
0.152051
0.14628
0.140769
0.135512
0.1305
0.125729
0.121195
0.116894
0.112824
0.108981
0.105361
0.101959
0.0987697
0.0957866
0.0930021
0.090408
0.0879957
0.0857559
0.0836792
0.0817563
0.0799775
0.0783338
0.076816
0.0754156
0.0741242
0.0729339
0.0718374
0.0708277
0.0698982
0.0690428
0.0682559
0.0675322
0.0668668
0.0662552
0.0656932
0.0651769
0.0647027
0.0642674
0.0638678
0.0635012
0.063165
0.0628568
0.0625743
0.0623156
0.0620787
0.061862
0.0616639
0.0614828
0.0613175
0.0611668
0.0610295
0.0609047
0.0607914
0.0606887
0.060596
0.0605127
0.0604381
0.0603718
0.0603135
0.0602629
0.06022
0.0601847
0.0601572
0.0601379
0.060127
0.961698
0.892199
0.829106
0.771752
0.719546
0.671961
0.628529
0.588831
0.552494
0.519187
0.488613
0.460506
0.434629
0.41077
0.388738
0.368363
0.34949
0.331983
0.315717
0.30058
0.28647
0.273296
0.260975
0.249431
0.238598
0.228411
0.218816
0.20976
0.201199
0.193089
0.185395
0.178082
0.171122
0.164489
0.158161
0.152121
0.146354
0.140847
0.135593
0.130585
0.125816
0.121284
0.116984
0.112915
0.109072
0.105451
0.102048
0.098857
0.0958717
0.0930846
0.0904876
0.0880721
0.085829
0.083749
0.0818225
0.0800403
0.0783931
0.0768719
0.0754681
0.0741734
0.07298
0.0718805
0.0708678
0.0699356
0.0690776
0.0682882
0.0675621
0.0668945
0.0662808
0.0657168
0.0651986
0.0647227
0.0642857
0.0638846
0.0635166
0.0631791
0.0628697
0.0625861
0.0623263
0.0620885
0.0618709
0.0616719
0.0614902
0.0613242
0.0611729
0.0610351
0.0609098
0.060796
0.060693
0.0606
0.0605163
0.0604415
0.060375
0.0603165
0.0602657
0.0602227
0.0601873
0.0601597
0.0601403
0.0601294
0.961698
0.892199
0.829105
0.771752
0.719546
0.671961
0.628529
0.588831
0.552495
0.519188
0.488614
0.460508
0.434632
0.410774
0.388743
0.368369
0.349498
0.331992
0.315728
0.300592
0.286484
0.273313
0.260994
0.249453
0.238622
0.228438
0.218846
0.209794
0.201236
0.193131
0.185441
0.178132
0.171176
0.164547
0.158224
0.152188
0.146425
0.140923
0.135672
0.130667
0.125901
0.12137
0.117072
0.113003
0.10916
0.105539
0.102134
0.0989419
0.0959544
0.0931649
0.0905651
0.0881466
0.0859003
0.0838169
0.0818871
0.0801015
0.0784509
0.0769264
0.0755193
0.0742215
0.073025
0.0719225
0.0709071
0.0699721
0.0691115
0.0683197
0.0675913
0.0669215
0.0663057
0.0657398
0.0652198
0.0647422
0.0643036
0.0639011
0.0635317
0.0631929
0.0628822
0.0625975
0.0623368
0.062098
0.0618796
0.0616798
0.0614973
0.0613307
0.0611788
0.0610405
0.0609147
0.0608005
0.0606971
0.0606037
0.0605198
0.0604447
0.060378
0.0603193
0.0602684
0.0602252
0.0601897
0.060162
0.0601426
0.0601317
0.961697
0.892199
0.829105
0.771751
0.719545
0.671961
0.628528
0.588831
0.552495
0.519189
0.488616
0.46051
0.434635
0.410777
0.388748
0.368375
0.349505
0.332001
0.315738
0.300604
0.286498
0.273329
0.261012
0.249474
0.238645
0.228465
0.218876
0.209827
0.201273
0.193171
0.185485
0.17818
0.171228
0.164604
0.158285
0.152253
0.146494
0.140996
0.135749
0.130746
0.125982
0.121454
0.117157
0.113089
0.109246
0.105624
0.102218
0.0990242
0.0960347
0.0932428
0.0906403
0.0882189
0.0859695
0.0838829
0.0819498
0.0801609
0.0785071
0.0769793
0.0755691
0.0742682
0.0730688
0.0719634
0.0709452
0.0700076
0.0691446
0.0683503
0.0676197
0.0669478
0.06633
0.0657622
0.0652404
0.0647612
0.064321
0.063917
0.0635463
0.0632062
0.0628944
0.0626087
0.0623469
0.0621072
0.061888
0.0616875
0.0615043
0.061337
0.0611846
0.0610457
0.0609194
0.0608048
0.0607011
0.0606074
0.0605231
0.0604478
0.0603809
0.060322
0.0602709
0.0602276
0.060192
0.0601643
0.0601447
0.0601338
0.961697
0.892199
0.829105
0.771751
0.719545
0.67196
0.628528
0.588831
0.552495
0.51919
0.488617
0.460512
0.434637
0.410781
0.388752
0.36838
0.349512
0.332009
0.315748
0.300616
0.286512
0.273344
0.26103
0.249494
0.238668
0.22849
0.218904
0.209858
0.201308
0.19321
0.185527
0.178227
0.171279
0.164659
0.158344
0.152316
0.146561
0.141066
0.135822
0.130822
0.126061
0.121535
0.117239
0.113171
0.109328
0.105706
0.102299
0.0991038
0.0961124
0.0933181
0.0907131
0.0882889
0.0860365
0.0839468
0.0820106
0.0802185
0.0785615
0.0770306
0.0756174
0.0743135
0.0731112
0.0720031
0.0709822
0.0700421
0.0691766
0.0683801
0.0676473
0.0669733
0.0663536
0.0657839
0.0652604
0.0647796
0.0643379
0.0639325
0.0635605
0.0632192
0.0629063
0.0626195
0.0623567
0.0621162
0.0618961
0.0616948
0.061511
0.0613431
0.0611901
0.0610507
0.060924
0.060809
0.0607049
0.0606109
0.0605264
0.0604508
0.0603836
0.0603246
0.0602734
0.0602299
0.0601942
0.0601664
0.0601468
0.0601358
0.961697
0.892198
0.829104
0.77175
0.719544
0.67196
0.628528
0.588831
0.552496
0.51919
0.488618
0.460514
0.43464
0.410784
0.388756
0.368386
0.349519
0.332017
0.315757
0.300627
0.286524
0.273359
0.261046
0.249513
0.238689
0.228514
0.218931
0.209889
0.201341
0.193247
0.185568
0.178271
0.171327
0.164711
0.1584
0.152377
0.146625
0.141134
0.135893
0.130896
0.126137
0.121612
0.117318
0.113251
0.109408
0.105785
0.102378
0.0991805
0.0961872
0.0933908
0.0907833
0.0883563
0.0861011
0.0840085
0.0820692
0.0802741
0.0786141
0.0770802
0.075664
0.0743573
0.0731522
0.0720414
0.071018
0.0700754
0.0692076
0.0684088
0.0676739
0.0669979
0.0663763
0.0658049
0.0652798
0.0647973
0.0643543
0.0639475
0.0635742
0.0632317
0.0629177
0.0626299
0.0623662
0.0621248
0.0619039
0.061702
0.0615174
0.061349
0.0611954
0.0610556
0.0609284
0.060813
0.0607085
0.0606142
0.0605294
0.0604536
0.0603862
0.060327
0.0602756
0.060232
0.0601962
0.0601684
0.0601487
0.0601377
0.961697
0.892198
0.829104
0.77175
0.719544
0.67196
0.628528
0.588831
0.552496
0.519191
0.488619
0.460515
0.434642
0.410787
0.38876
0.368391
0.349525
0.332025
0.315766
0.300637
0.286537
0.273373
0.261062
0.249531
0.23871
0.228537
0.218957
0.209918
0.201373
0.193282
0.185607
0.178314
0.171374
0.164761
0.158454
0.152434
0.146686
0.141198
0.135961
0.130966
0.12621
0.121687
0.117393
0.113327
0.109484
0.105861
0.102453
0.0992541
0.0962591
0.0934606
0.0908507
0.0884212
0.0861633
0.0840678
0.0821257
0.0803276
0.0786646
0.0771279
0.0757089
0.0743994
0.0731916
0.0720783
0.0710524
0.0701074
0.0692374
0.0684365
0.0676996
0.0670217
0.0663983
0.0658251
0.0652984
0.0648145
0.06437
0.0639619
0.0635874
0.0632438
0.0629287
0.0626399
0.0623753
0.0621331
0.0619115
0.0617088
0.0615236
0.0613546
0.0612005
0.0610602
0.0609326
0.0608168
0.060712
0.0606174
0.0605323
0.0604563
0.0603887
0.0603293
0.0602778
0.0602341
0.0601982
0.0601702
0.0601505
0.0601395
0.961697
0.892198
0.829104
0.77175
0.719544
0.671959
0.628528
0.588831
0.552496
0.519192
0.48862
0.460517
0.434644
0.41079
0.388764
0.368396
0.349531
0.332032
0.315775
0.300647
0.286548
0.273386
0.261078
0.249548
0.238729
0.228559
0.218981
0.209945
0.201404
0.193316
0.185644
0.178354
0.171418
0.164809
0.158506
0.152489
0.146745
0.14126
0.136026
0.131034
0.126279
0.121758
0.117466
0.1134
0.109557
0.105933
0.102524
0.0993246
0.0963279
0.0935274
0.0909153
0.0884834
0.0862228
0.0841247
0.0821797
0.0803789
0.0787131
0.0771737
0.0757519
0.0744398
0.0732295
0.0721137
0.0710854
0.0701382
0.069266
0.0684631
0.0677242
0.0670445
0.0664193
0.0658446
0.0653163
0.0648309
0.0643851
0.0639757
0.0636
0.0632553
0.0629392
0.0626495
0.0623841
0.062141
0.0619187
0.0617153
0.0615295
0.06136
0.0612054
0.0610646
0.0609366
0.0608204
0.0607153
0.0606204
0.0605351
0.0604588
0.060391
0.0603315
0.0602798
0.060236
0.0602
0.0601719
0.0601522
0.0601411
0.961697
0.892198
0.829104
0.771749
0.719543
0.671959
0.628527
0.588831
0.552496
0.519192
0.488621
0.460518
0.434646
0.410793
0.388768
0.3684
0.349536
0.332039
0.315783
0.300656
0.286559
0.273398
0.261092
0.249565
0.238748
0.22858
0.219005
0.209971
0.201433
0.193348
0.185679
0.178393
0.17146
0.164854
0.158554
0.152542
0.1468
0.141319
0.136087
0.131098
0.126345
0.121825
0.117534
0.113469
0.109627
0.106003
0.102593
0.0993917
0.0963935
0.0935911
0.0909769
0.0885426
0.0862796
0.0841789
0.0822314
0.0804279
0.0787595
0.0772173
0.075793
0.0744784
0.0732657
0.0721475
0.071117
0.0701676
0.0692933
0.0684885
0.0677477
0.0670662
0.0664394
0.0658631
0.0653334
0.0648466
0.0643995
0.0639889
0.0636121
0.0632664
0.0629493
0.0626587
0.0623924
0.0621486
0.0619255
0.0617215
0.0615352
0.0613651
0.06121
0.0610688
0.0609404
0.0608239
0.0607184
0.0606233
0.0605377
0.0604612
0.0603932
0.0603335
0.0602817
0.0602378
0.0602017
0.0601736
0.0601537
0.0601426
0.961697
0.892197
0.829103
0.771749
0.719543
0.671959
0.628527
0.588831
0.552497
0.519193
0.488622
0.46052
0.434648
0.410796
0.388771
0.368404
0.349541
0.332045
0.31579
0.300665
0.286569
0.27341
0.261106
0.24958
0.238765
0.2286
0.219027
0.209996
0.20146
0.193378
0.185712
0.178429
0.171499
0.164897
0.158601
0.152591
0.146853
0.141374
0.136145
0.131158
0.126408
0.121889
0.117599
0.113535
0.109692
0.106068
0.102658
0.0994554
0.0964557
0.0936516
0.0910354
0.0885989
0.0863336
0.0842305
0.0822804
0.0804744
0.0788035
0.0772589
0.0758322
0.0745151
0.0733001
0.0721797
0.071147
0.0701956
0.0693194
0.0685126
0.0677701
0.0670869
0.0664586
0.0658807
0.0653496
0.0648615
0.0644132
0.0640015
0.0636236
0.0632768
0.0629589
0.0626674
0.0624003
0.0621558
0.061932
0.0617274
0.0615405
0.0613699
0.0612143
0.0610727
0.0609439
0.0608271
0.0607214
0.0606259
0.0605401
0.0604634
0.0603953
0.0603354
0.0602835
0.0602394
0.0602032
0.060175
0.0601552
0.060144
0.961697
0.892197
0.829103
0.771749
0.719543
0.671958
0.628527
0.588831
0.552497
0.519193
0.488623
0.460521
0.43465
0.410798
0.388774
0.368408
0.349546
0.332051
0.315797
0.300674
0.286579
0.273421
0.261118
0.249595
0.238782
0.228618
0.219048
0.210019
0.201486
0.193406
0.185743
0.178463
0.171536
0.164938
0.158644
0.152638
0.146903
0.141427
0.1362
0.131215
0.126467
0.12195
0.117661
0.113597
0.109755
0.10613
0.102719
0.0995156
0.0965145
0.0937087
0.0910907
0.0886522
0.0863847
0.0842792
0.0823268
0.0805185
0.0788452
0.0772982
0.0758692
0.0745499
0.0733327
0.0722101
0.0711754
0.0702221
0.069344
0.0685355
0.0677913
0.0671066
0.0664767
0.0658974
0.065365
0.0648757
0.0644261
0.0640134
0.0636344
0.0632868
0.0629679
0.0626756
0.0624078
0.0621626
0.0619382
0.061733
0.0615455
0.0613744
0.0612184
0.0610764
0.0609473
0.0608301
0.0607241
0.0606284
0.0605424
0.0604655
0.0603972
0.0603372
0.0602851
0.060241
0.0602047
0.0601764
0.0601565
0.0601453
0.961697
0.892197
0.829103
0.771748
0.719542
0.671958
0.628527
0.588831
0.552497
0.519194
0.488624
0.460522
0.434652
0.410801
0.388777
0.368412
0.349551
0.332056
0.315804
0.300681
0.286588
0.273432
0.26113
0.249608
0.238797
0.228636
0.219067
0.21004
0.20151
0.193433
0.185772
0.178495
0.171571
0.164975
0.158685
0.152681
0.146949
0.141476
0.136251
0.131269
0.126522
0.122006
0.117719
0.113655
0.109813
0.106188
0.102776
0.0995721
0.0965698
0.0937625
0.0911427
0.0887023
0.0864327
0.0843251
0.0823705
0.0805599
0.0788844
0.0773352
0.075904
0.0745826
0.0733633
0.0722388
0.0712022
0.070247
0.0693672
0.068557
0.0678113
0.067125
0.0664937
0.0659132
0.0653795
0.064889
0.0644384
0.0640245
0.0636447
0.0632961
0.0629764
0.0626833
0.0624148
0.0621689
0.0619439
0.0617382
0.0615502
0.0613787
0.0612223
0.0610799
0.0609504
0.060833
0.0607267
0.0606307
0.0605445
0.0604674
0.060399
0.0603388
0.0602866
0.0602424
0.060206
0.0601777
0.0601577
0.0601465
0.961697
0.892197
0.829103
0.771748
0.719542
0.671958
0.628527
0.588831
0.552497
0.519194
0.488625
0.460523
0.434654
0.410803
0.38878
0.368416
0.349555
0.332061
0.31581
0.300688
0.286596
0.273441
0.261141
0.249621
0.238812
0.228652
0.219085
0.210061
0.201532
0.193458
0.1858
0.178525
0.171604
0.165011
0.158723
0.152722
0.146992
0.141521
0.136299
0.131319
0.126573
0.122059
0.117772
0.11371
0.109868
0.106242
0.10283
0.099625
0.0966215
0.0938127
0.0911913
0.0887491
0.0864776
0.084368
0.0824114
0.0805987
0.0789211
0.0773699
0.0759366
0.0746133
0.073392
0.0722657
0.0712273
0.0702704
0.0693889
0.0685772
0.06783
0.0671423
0.0665097
0.0659279
0.065393
0.0649014
0.0644498
0.064035
0.0636542
0.0633048
0.0629843
0.0626905
0.0624213
0.0621749
0.0619493
0.0617431
0.0615546
0.0613827
0.0612259
0.0610831
0.0609533
0.0608356
0.060729
0.0606329
0.0605465
0.0604692
0.0604006
0.0603403
0.060288
0.0602437
0.0602072
0.0601788
0.0601588
0.0601475
0.961697
0.892197
0.829102
0.771748
0.719542
0.671958
0.628526
0.588831
0.552497
0.519194
0.488625
0.460525
0.434655
0.410805
0.388783
0.368419
0.349559
0.332066
0.315815
0.300695
0.286604
0.27345
0.261152
0.249632
0.238825
0.228667
0.219102
0.210079
0.201553
0.19348
0.185825
0.178553
0.171634
0.165043
0.158758
0.15276
0.147032
0.141564
0.136344
0.131365
0.126621
0.122108
0.117822
0.11376
0.109918
0.106293
0.10288
0.099674
0.0966694
0.0938594
0.0912365
0.0887926
0.0865193
0.0844079
0.0824494
0.0806348
0.0789552
0.0774021
0.075967
0.0746418
0.0734188
0.0722907
0.0712506
0.0702921
0.0694091
0.068596
0.0678474
0.0671584
0.0665246
0.0659416
0.0654056
0.064913
0.0644604
0.0640447
0.0636631
0.0633129
0.0629917
0.0626972
0.0624274
0.0621804
0.0619543
0.0617476
0.0615587
0.0613863
0.0612291
0.0610861
0.060956
0.060838
0.0607312
0.0606348
0.0605483
0.0604708
0.0604021
0.0603417
0.0602893
0.0602448
0.0602083
0.0601798
0.0601598
0.0601485
0.961697
0.892197
0.829102
0.771748
0.719542
0.671958
0.628526
0.58883
0.552497
0.519195
0.488626
0.460526
0.434656
0.410806
0.388785
0.368422
0.349563
0.33207
0.315821
0.300701
0.286611
0.273459
0.261161
0.249643
0.238837
0.22868
0.219117
0.210096
0.201572
0.193501
0.185848
0.178578
0.171662
0.165073
0.15879
0.152794
0.147069
0.141603
0.136385
0.131407
0.126665
0.122153
0.117868
0.113806
0.109965
0.106339
0.102926
0.0997192
0.0967137
0.0939024
0.0912781
0.0888327
0.0865578
0.0844447
0.0824844
0.080668
0.0789867
0.0774318
0.075995
0.0746681
0.0734434
0.0723137
0.0712721
0.0703122
0.0694278
0.0686133
0.0678634
0.0671732
0.0665383
0.0659542
0.0654172
0.0649237
0.0644702
0.0640536
0.0636713
0.0633203
0.0629985
0.0627034
0.062433
0.0621854
0.0619588
0.0617517
0.0615624
0.0613896
0.0612322
0.0610888
0.0609584
0.0608402
0.0607332
0.0606366
0.0605499
0.0604723
0.0604034
0.0603429
0.0602904
0.0602459
0.0602093
0.0601808
0.0601606
0.0601493
0.961697
0.892197
0.829102
0.771748
0.719541
0.671957
0.628526
0.58883
0.552498
0.519195
0.488626
0.460526
0.434658
0.410808
0.388787
0.368424
0.349566
0.332074
0.315825
0.300707
0.286617
0.273466
0.261169
0.249653
0.238848
0.228693
0.219131
0.210112
0.201589
0.193521
0.185869
0.178601
0.171687
0.165101
0.15882
0.152826
0.147103
0.141638
0.136422
0.131446
0.126705
0.122194
0.11791
0.113849
0.110007
0.106382
0.102968
0.0997605
0.096754
0.0939417
0.0913161
0.0888694
0.086593
0.0844783
0.0825165
0.0806985
0.0790155
0.077459
0.0760206
0.0746921
0.0734659
0.0723348
0.0712918
0.0703305
0.0694448
0.0686291
0.0678781
0.0671868
0.0665508
0.0659658
0.0654278
0.0649334
0.0644791
0.0640618
0.0636787
0.0633271
0.0630047
0.062709
0.0624381
0.06219
0.061963
0.0617554
0.0615658
0.0613927
0.0612349
0.0610912
0.0609606
0.0608421
0.0607349
0.0606382
0.0605513
0.0604736
0.0604046
0.060344
0.0602914
0.0602468
0.0602102
0.0601816
0.0601614
0.0601501
0.961697
0.892197
0.829102
0.771747
0.719541
0.671957
0.628526
0.58883
0.552498
0.519195
0.488627
0.460527
0.434659
0.41081
0.388789
0.368427
0.349569
0.332078
0.31583
0.300712
0.286623
0.273473
0.261177
0.249662
0.238858
0.228704
0.219144
0.210126
0.201605
0.193538
0.185888
0.178622
0.17171
0.165125
0.158846
0.152854
0.147133
0.14167
0.136455
0.131481
0.126741
0.122232
0.117948
0.113887
0.110046
0.10642
0.103006
0.0997978
0.0967905
0.0939772
0.0913505
0.0889025
0.0866248
0.0845087
0.0825454
0.080726
0.0790416
0.0774836
0.0760437
0.0747139
0.0734863
0.0723539
0.0713096
0.0703471
0.0694602
0.0686434
0.0678913
0.0671991
0.0665621
0.0659762
0.0654374
0.0649422
0.0644872
0.0640692
0.0636854
0.0633333
0.0630102
0.0627141
0.0624427
0.0621942
0.0619667
0.0617588
0.0615688
0.0613954
0.0612373
0.0610934
0.0609626
0.0608439
0.0607365
0.0606396
0.0605526
0.0604747
0.0604057
0.0603449
0.0602923
0.0602476
0.0602109
0.0601823
0.0601621
0.0601507
0.961697
0.892196
0.829102
0.771747
0.719541
0.671957
0.628526
0.58883
0.552498
0.519196
0.488627
0.460528
0.43466
0.410811
0.388791
0.368429
0.349572
0.332081
0.315833
0.300716
0.286628
0.273479
0.261184
0.249669
0.238867
0.228714
0.219155
0.210139
0.201619
0.193553
0.185905
0.178641
0.17173
0.165147
0.15887
0.15288
0.14716
0.141699
0.136485
0.131512
0.126774
0.122265
0.117982
0.113921
0.11008
0.106454
0.103039
0.0998311
0.0968231
0.0940089
0.0913812
0.0889321
0.0866532
0.0845359
0.0825713
0.0807505
0.0790648
0.0775056
0.0760644
0.0747333
0.0735045
0.0723709
0.0713255
0.0703619
0.069474
0.0686562
0.0679032
0.06721
0.0665722
0.0659855
0.065446
0.0649501
0.0644943
0.0640758
0.0636914
0.0633387
0.0630152
0.0627185
0.0624467
0.0621978
0.06197
0.0617618
0.0615715
0.0613978
0.0612394
0.0610953
0.0609643
0.0608454
0.0607379
0.0606409
0.0605537
0.0604757
0.0604066
0.0603458
0.0602931
0.0602484
0.0602116
0.060183
0.0601627
0.0601513
0.961697
0.892196
0.829102
0.771747
0.719541
0.671957
0.628526
0.58883
0.552498
0.519196
0.488628
0.460528
0.434661
0.410812
0.388792
0.368431
0.349574
0.332084
0.315837
0.30072
0.286633
0.273484
0.26119
0.249676
0.238875
0.228723
0.219165
0.210149
0.201631
0.193567
0.18592
0.178657
0.171748
0.165166
0.158891
0.152902
0.147184
0.141724
0.136512
0.13154
0.126802
0.122294
0.118011
0.113951
0.11011
0.106484
0.103069
0.0998603
0.0968517
0.0940367
0.0914082
0.0889581
0.0866782
0.0845597
0.082594
0.0807721
0.0790853
0.0775248
0.0760826
0.0747503
0.0735205
0.0723859
0.0713395
0.0703749
0.0694861
0.0686674
0.0679135
0.0672196
0.0665811
0.0659936
0.0654535
0.0649569
0.0645006
0.0640815
0.0636967
0.0633435
0.0630195
0.0627225
0.0624503
0.062201
0.0619729
0.0617643
0.0615738
0.0613998
0.0612413
0.0610969
0.0609657
0.0608467
0.060739
0.0606419
0.0605546
0.0604766
0.0604073
0.0603465
0.0602937
0.060249
0.0602122
0.0601835
0.0601632
0.0601517
0.961697
0.892196
0.829102
0.771747
0.719541
0.671957
0.628526
0.58883
0.552498
0.519196
0.488628
0.460529
0.434661
0.410813
0.388794
0.368432
0.349576
0.332086
0.315839
0.300723
0.286637
0.273488
0.261195
0.249682
0.238881
0.22873
0.219173
0.210159
0.201641
0.193578
0.185933
0.178671
0.171763
0.165183
0.158909
0.152921
0.147204
0.141745
0.136534
0.131563
0.126826
0.122319
0.118037
0.113977
0.110136
0.10651
0.103095
0.0998854
0.0968763
0.0940607
0.0914313
0.0889804
0.0866996
0.0845803
0.0826136
0.0807907
0.0791028
0.0775414
0.0760982
0.074765
0.0735343
0.0723987
0.0713515
0.0703861
0.0694965
0.068677
0.0679225
0.0672278
0.0665886
0.0660006
0.0654599
0.0649628
0.064506
0.0640864
0.0637012
0.0633476
0.0630232
0.0627258
0.0624533
0.0622037
0.0619754
0.0617665
0.0615757
0.0614016
0.0612428
0.0610983
0.060967
0.0608478
0.06074
0.0606427
0.0605554
0.0604773
0.0604079
0.060347
0.0602942
0.0602494
0.0602126
0.0601839
0.0601637
0.0601521
0.961697
0.892196
0.829101
0.771747
0.719541
0.671957
0.628526
0.58883
0.552498
0.519196
0.488628
0.460529
0.434662
0.410814
0.388795
0.368434
0.349577
0.332088
0.315842
0.300726
0.28664
0.273492
0.2612
0.249687
0.238887
0.228736
0.21918
0.210167
0.20165
0.193588
0.185943
0.178682
0.171776
0.165197
0.158923
0.152937
0.147221
0.141763
0.136553
0.131583
0.126847
0.12234
0.118058
0.113998
0.110157
0.106531
0.103116
0.0999064
0.0968968
0.0940807
0.0914507
0.0889991
0.0867175
0.0845974
0.0826299
0.0808062
0.0791175
0.0775553
0.0761112
0.0747773
0.0735458
0.0724094
0.0713615
0.0703954
0.0695051
0.0686851
0.0679299
0.0672347
0.066595
0.0660065
0.0654652
0.0649677
0.0645105
0.0640905
0.0637049
0.0633509
0.0630263
0.0627286
0.0624558
0.062206
0.0619774
0.0617683
0.0615773
0.061403
0.0612441
0.0610994
0.0609679
0.0608487
0.0607408
0.0606434
0.060556
0.0604778
0.0604084
0.0603475
0.0602946
0.0602498
0.060213
0.0601843
0.060164
0.0601524
0.961697
0.892196
0.829101
0.771747
0.719541
0.671957
0.628526
0.58883
0.552498
0.519196
0.488629
0.46053
0.434662
0.410814
0.388795
0.368435
0.349579
0.33209
0.315844
0.300728
0.286643
0.273495
0.261203
0.249691
0.238891
0.228742
0.219186
0.210173
0.201657
0.193596
0.185952
0.178692
0.171786
0.165208
0.158935
0.152949
0.147234
0.141777
0.136568
0.131598
0.126863
0.122356
0.118075
0.114015
0.110175
0.106548
0.103133
0.0999232
0.0969133
0.0940967
0.0914662
0.089014
0.0867319
0.0846111
0.082643
0.0808186
0.0791292
0.0775664
0.0761217
0.0747871
0.0735549
0.072418
0.0713695
0.0704028
0.0695121
0.0686915
0.0679358
0.0672402
0.0666
0.0660111
0.0654695
0.0649716
0.0645141
0.0640937
0.0637078
0.0633536
0.0630287
0.0627307
0.0624577
0.0622077
0.0619789
0.0617697
0.0615785
0.0614041
0.0612451
0.0611003
0.0609687
0.0608493
0.0607413
0.0606439
0.0605564
0.0604782
0.0604087
0.0603478
0.0602949
0.0602501
0.0602132
0.0601845
0.0601642
0.0601526
0.961696
0.892196
0.829101
0.771747
0.719541
0.671957
0.628526
0.58883
0.552498
0.519196
0.488629
0.46053
0.434663
0.410815
0.388796
0.368435
0.34958
0.332091
0.315845
0.30073
0.286645
0.273497
0.261206
0.249694
0.238894
0.228745
0.21919
0.210178
0.201662
0.193602
0.185958
0.178699
0.171793
0.165216
0.158944
0.152959
0.147245
0.141788
0.136579
0.13161
0.126875
0.122369
0.118088
0.114028
0.110188
0.106561
0.103146
0.0999358
0.0969256
0.0941087
0.0914779
0.0890253
0.0867427
0.0846214
0.0826528
0.0808279
0.0791381
0.0775747
0.0761295
0.0747944
0.0735618
0.0724245
0.0713755
0.0704084
0.0695172
0.0686963
0.0679402
0.0672443
0.0666038
0.0660145
0.0654726
0.0649745
0.0645167
0.0640961
0.06371
0.0633555
0.0630304
0.0627323
0.0624591
0.062209
0.06198
0.0617707
0.0615794
0.0614048
0.0612457
0.0611008
0.0609692
0.0608497
0.0607417
0.0606442
0.0605566
0.0604784
0.0604089
0.0603479
0.060295
0.0602502
0.0602133
0.0601846
0.0601643
0.0601527
0.961696
0.892196
0.829101
0.771747
0.719541
0.671957
0.628526
0.58883
0.552498
0.519197
0.488629
0.46053
0.434663
0.410815
0.388797
0.368436
0.34958
0.332092
0.315846
0.300731
0.286646
0.273499
0.261207
0.249696
0.238897
0.228748
0.219193
0.210181
0.201666
0.193605
0.185962
0.178703
0.171798
0.165221
0.15895
0.152965
0.147251
0.141795
0.136587
0.131618
0.126883
0.122377
0.118096
0.114037
0.110196
0.10657
0.103154
0.0999443
0.0969339
0.0941167
0.0914857
0.0890328
0.0867499
0.0846283
0.0826593
0.0808341
0.0791439
0.0775802
0.0761347
0.0747993
0.0735664
0.0724287
0.0713794
0.0704121
0.0695206
0.0686994
0.0679431
0.0672469
0.0666062
0.0660168
0.0654747
0.0649763
0.0645183
0.0640976
0.0637113
0.0633568
0.0630315
0.0627333
0.06246
0.0622097
0.0619807
0.0617712
0.0615799
0.0614053
0.0612461
0.0611011
0.0609694
0.0608499
0.0607418
0.0606443
0.0605567
0.0604784
0.060409
0.0603479
0.0602951
0.0602502
0.0602133
0.0601846
0.0601643
0.0601526
0.961696
0.892196
0.829101
0.771747
0.719541
0.671957
0.628526
0.58883
0.552498
0.519197
0.488629
0.46053
0.434663
0.410815
0.388797
0.368436
0.349581
0.332092
0.315847
0.300732
0.286647
0.2735
0.261208
0.249697
0.238898
0.228749
0.219194
0.210182
0.201667
0.193607
0.185965
0.178706
0.171801
0.165224
0.158953
0.152969
0.147255
0.141799
0.136591
0.131622
0.126887
0.122381
0.1181
0.114041
0.110201
0.106574
0.103159
0.0999485
0.096938
0.0941208
0.0914895
0.0890365
0.0867535
0.0846317
0.0826626
0.0808372
0.0791468
0.077583
0.0761372
0.0748017
0.0735686
0.0724308
0.0713814
0.0704139
0.0695223
0.0687009
0.0679445
0.0672482
0.0666073
0.0660178
0.0654756
0.0649772
0.0645191
0.0640983
0.0637119
0.0633573
0.0630319
0.0627336
0.0624603
0.06221
0.0619809
0.0617714
0.06158
0.0614054
0.0612461
0.0611012
0.0609694
0.0608499
0.0607418
0.0606443
0.0605567
0.0604784
0.0604089
0.0603478
0.0602949
0.0602501
0.0602132
0.0601845
0.0601641
0.0601525
0.961696
0.892196
0.829101
0.771747
0.719541
0.671957
0.628526
0.58883
0.552498
0.519197
0.488629
0.46053
0.434663
0.410815
0.388797
0.368436
0.349581
0.332092
0.315847
0.300732
0.286647
0.2735
0.261208
0.249697
0.238898
0.228749
0.219194
0.210182
0.201667
0.193607
0.185965
0.178706
0.171801
0.165224
0.158953
0.152969
0.147255
0.141799
0.136591
0.131622
0.126887
0.122381
0.118101
0.114041
0.110201
0.106574
0.103159
0.0999485
0.096938
0.0941208
0.0914895
0.0890365
0.0867534
0.0846317
0.0826625
0.0808371
0.0791468
0.0775829
0.0761372
0.0748016
0.0735685
0.0724307
0.0713812
0.0704137
0.0695221
0.0687008
0.0679444
0.067248
0.0666072
0.0660176
0.0654754
0.064977
0.0645189
0.0640981
0.0637117
0.0633571
0.0630317
0.0627334
0.0624601
0.0622097
0.0619807
0.0617712
0.0615798
0.0614051
0.0612459
0.0611009
0.0609692
0.0608497
0.0607415
0.060644
0.0605564
0.0604781
0.0604086
0.0603476
0.0602947
0.0602498
0.060213
0.0601842
0.0601639
0.0601523
0.961696
0.892196
0.829101
0.771747
0.719541
0.671957
0.628526
0.58883
0.552498
0.519197
0.488629
0.46053
0.434663
0.410815
0.388797
0.368436
0.34958
0.332092
0.315846
0.300731
0.286646
0.273499
0.261207
0.249696
0.238897
0.228748
0.219193
0.210181
0.201666
0.193605
0.185963
0.178703
0.171798
0.165222
0.15895
0.152965
0.147251
0.141795
0.136587
0.131618
0.126883
0.122377
0.118096
0.114037
0.110196
0.10657
0.103155
0.0999443
0.0969339
0.0941168
0.0914857
0.0890328
0.0867498
0.0846282
0.0826592
0.080834
0.0791438
0.07758
0.0761345
0.074799
0.0735661
0.0724284
0.0713791
0.0704117
0.0695202
0.068699
0.0679427
0.0672464
0.0666057
0.0660162
0.0654741
0.0649757
0.0645177
0.064097
0.0637107
0.0633561
0.0630308
0.0627326
0.0624593
0.062209
0.06198
0.0617705
0.0615792
0.0614045
0.0612453
0.0611004
0.0609687
0.0608492
0.0607411
0.0606436
0.060556
0.0604777
0.0604082
0.0603472
0.0602943
0.0602495
0.0602126
0.0601839
0.0601635
0.0601519
0.961696
0.892196
0.829101
0.771747
0.719541
0.671957
0.628526
0.58883
0.552498
0.519196
0.488629
0.46053
0.434663
0.410815
0.388796
0.368435
0.34958
0.332091
0.315845
0.30073
0.286645
0.273497
0.261206
0.249694
0.238895
0.228745
0.21919
0.210178
0.201662
0.193602
0.185958
0.178699
0.171793
0.165216
0.158944
0.152959
0.147245
0.141788
0.136579
0.13161
0.126875
0.122369
0.118088
0.114029
0.110188
0.106562
0.103146
0.0999359
0.0969257
0.0941087
0.0914779
0.0890252
0.0867426
0.0846213
0.0826526
0.0808277
0.0791378
0.0775744
0.0761291
0.074794
0.0735613
0.0724239
0.0713749
0.0704078
0.0695165
0.0686955
0.0679395
0.0672434
0.0666029
0.0660136
0.0654717
0.0649735
0.0645157
0.0640951
0.0637089
0.0633545
0.0630293
0.0627312
0.062458
0.0622078
0.0619788
0.0617695
0.0615782
0.0614036
0.0612445
0.0610996
0.0609679
0.0608485
0.0607405
0.060643
0.0605554
0.0604772
0.0604077
0.0603467
0.0602938
0.060249
0.0602121
0.0601834
0.0601631
0.0601515
0.961697
0.892196
0.829101
0.771747
0.719541
0.671957
0.628526
0.58883
0.552498
0.519196
0.488629
0.46053
0.434662
0.410814
0.388795
0.368435
0.349579
0.33209
0.315844
0.300728
0.286643
0.273495
0.261203
0.249691
0.238891
0.228742
0.219186
0.210173
0.201657
0.193596
0.185952
0.178692
0.171786
0.165208
0.158935
0.15295
0.147235
0.141778
0.136568
0.131599
0.126863
0.122356
0.118075
0.114016
0.110175
0.106549
0.103133
0.0999233
0.0969134
0.0940967
0.0914662
0.089014
0.0867318
0.0846109
0.0826427
0.0808183
0.0791289
0.0775659
0.0761211
0.0747865
0.0735543
0.0724173
0.0713687
0.070402
0.0695111
0.0686905
0.0679347
0.067239
0.0665988
0.0660098
0.0654682
0.0649702
0.0645126
0.0640923
0.0637063
0.0633521
0.0630271
0.0627291
0.0624561
0.0622061
0.0619773
0.061768
0.0615769
0.0614024
0.0612433
0.0610986
0.060967
0.0608476
0.0607396
0.0606422
0.0605547
0.0604764
0.060407
0.060346
0.0602932
0.0602484
0.0602115
0.0601828
0.0601625
0.0601509
0.961697
0.892196
0.829101
0.771747
0.719541
0.671957
0.628526
0.58883
0.552498
0.519196
0.488628
0.460529
0.434662
0.410814
0.388795
0.368434
0.349577
0.332088
0.315842
0.300726
0.28664
0.273492
0.2612
0.249687
0.238887
0.228737
0.21918
0.210167
0.20165
0.193588
0.185943
0.178683
0.171776
0.165197
0.158924
0.152937
0.147221
0.141763
0.136553
0.131583
0.126847
0.12234
0.118058
0.113999
0.110158
0.106532
0.103116
0.0999066
0.0968969
0.0940807
0.0914507
0.088999
0.0867174
0.0845972
0.0826296
0.0808058
0.079117
0.0775547
0.0761105
0.0747765
0.0735449
0.0724085
0.0713604
0.0703943
0.0695039
0.0686837
0.0679285
0.0672332
0.0665934
0.0660048
0.0654636
0.064966
0.0645087
0.0640886
0.063703
0.063349
0.0630242
0.0627265
0.0624537
0.0622039
0.0619752
0.0617662
0.0615751
0.0614008
0.0612419
0.0610972
0.0609657
0.0608465
0.0607386
0.0606412
0.0605537
0.0604756
0.0604062
0.0603453
0.0602925
0.0602476
0.0602108
0.0601821
0.0601618
0.0601503
0.961697
0.892196
0.829102
0.771747
0.719541
0.671957
0.628526
0.58883
0.552498
0.519196
0.488628
0.460529
0.434661
0.410813
0.388794
0.368432
0.349576
0.332086
0.315839
0.300723
0.286637
0.273488
0.261195
0.249682
0.238881
0.22873
0.219173
0.210159
0.201641
0.193578
0.185933
0.178671
0.171763
0.165183
0.158909
0.152921
0.147204
0.141745
0.136534
0.131564
0.126827
0.122319
0.118037
0.113977
0.110136
0.10651
0.103095
0.0998856
0.0968764
0.0940607
0.0914313
0.0889803
0.0866994
0.08458
0.0826132
0.0807902
0.0791022
0.0775407
0.0760973
0.0747641
0.0735332
0.0723975
0.0713502
0.0703847
0.069495
0.0686754
0.0679207
0.067226
0.0665867
0.0659986
0.0654578
0.0649607
0.0645038
0.0640841
0.0636988
0.0633452
0.0630207
0.0627233
0.0624507
0.0622012
0.0619727
0.0617639
0.0615731
0.0613989
0.0612402
0.0610956
0.0609643
0.0608451
0.0607373
0.06064
0.0605527
0.0604746
0.0604053
0.0603443
0.0602916
0.0602468
0.06021
0.0601813
0.060161
0.0601495
0.961697
0.892196
0.829102
0.771747
0.719541
0.671957
0.628526
0.58883
0.552498
0.519196
0.488628
0.460528
0.434661
0.410812
0.388792
0.368431
0.349574
0.332084
0.315837
0.30072
0.286633
0.273484
0.26119
0.249676
0.238875
0.228723
0.219165
0.21015
0.201631
0.193567
0.18592
0.178657
0.171748
0.165167
0.158891
0.152902
0.147184
0.141724
0.136512
0.13154
0.126802
0.122294
0.118012
0.113951
0.11011
0.106484
0.103069
0.0998606
0.0968519
0.0940368
0.0914082
0.088958
0.086678
0.0845594
0.0825936
0.0807715
0.0790845
0.077524
0.0760816
0.0747492
0.0735193
0.0723845
0.071338
0.0703732
0.0694843
0.0686655
0.0679115
0.0672175
0.0665788
0.0659913
0.065451
0.0649544
0.064498
0.0640788
0.0636939
0.0633406
0.0630166
0.0627195
0.0624473
0.062198
0.0619698
0.0617612
0.0615706
0.0613967
0.0612381
0.0610937
0.0609625
0.0608435
0.0607358
0.0606387
0.0605514
0.0604734
0.0604041
0.0603433
0.0602906
0.0602458
0.060209
0.0601804
0.0601601
0.0601487
0.961697
0.892196
0.829102
0.771747
0.719541
0.671957
0.628526
0.58883
0.552498
0.519196
0.488627
0.460528
0.43466
0.410811
0.388791
0.368429
0.349572
0.332081
0.315833
0.300716
0.286628
0.273479
0.261184
0.24967
0.238867
0.228714
0.219155
0.210139
0.201619
0.193553
0.185905
0.178641
0.17173
0.165147
0.15887
0.15288
0.14716
0.141699
0.136486
0.131513
0.126774
0.122265
0.117982
0.113922
0.11008
0.106454
0.10304
0.0998314
0.0968233
0.094009
0.0913812
0.088932
0.086653
0.0845355
0.0825708
0.0807499
0.079064
0.0775046
0.0760633
0.074732
0.0735031
0.0723693
0.0713238
0.07036
0.0694719
0.068654
0.0679008
0.0672075
0.0665696
0.0659828
0.0654431
0.0649471
0.0644913
0.0640726
0.0636882
0.0633354
0.0630118
0.0627151
0.0624432
0.0621943
0.0619665
0.0617581
0.0615678
0.0613941
0.0612358
0.0610916
0.0609606
0.0608417
0.0607342
0.0606371
0.06055
0.060472
0.0604029
0.0603421
0.0602894
0.0602447
0.060208
0.0601794
0.0601591
0.0601477
0.961697
0.892197
0.829102
0.771747
0.719541
0.671957
0.628526
0.58883
0.552498
0.519195
0.488627
0.460527
0.434659
0.41081
0.388789
0.368427
0.349569
0.332078
0.31583
0.300712
0.286623
0.273473
0.261177
0.249662
0.238858
0.228704
0.219144
0.210126
0.201605
0.193538
0.185888
0.178622
0.17171
0.165126
0.158847
0.152855
0.147133
0.141671
0.136456
0.131482
0.126742
0.122232
0.117948
0.113888
0.110046
0.10642
0.103006
0.0997981
0.0967908
0.0939773
0.0913505
0.0889024
0.0866245
0.0845083
0.0825448
0.0807252
0.0790406
0.0774825
0.0760424
0.0747124
0.0734847
0.072352
0.0713076
0.0703449
0.0694579
0.0686409
0.0678886
0.0671962
0.0665591
0.0659731
0.0654342
0.0649388
0.0644837
0.0640656
0.0636818
0.0633295
0.0630064
0.0627101
0.0624387
0.0621901
0.0619627
0.0617547
0.0615646
0.0613912
0.0612331
0.0610892
0.0609583
0.0608397
0.0607323
0.0606354
0.0605483
0.0604705
0.0604015
0.0603408
0.0602881
0.0602435
0.0602068
0.0601782
0.060158
0.0601466
0.961697
0.892197
0.829102
0.771748
0.719541
0.671957
0.628526
0.58883
0.552498
0.519195
0.488626
0.460526
0.434658
0.410808
0.388787
0.368424
0.349566
0.332074
0.315825
0.300707
0.286617
0.273466
0.26117
0.249653
0.238848
0.228693
0.219131
0.210112
0.201589
0.193521
0.185869
0.178601
0.171687
0.165101
0.15882
0.152826
0.147103
0.141639
0.136422
0.131447
0.126706
0.122195
0.117911
0.113849
0.110008
0.106382
0.102968
0.0997609
0.0967543
0.0939418
0.0913161
0.0888692
0.0865927
0.0844778
0.0825158
0.0806976
0.0790145
0.0774578
0.0760191
0.0746904
0.0734641
0.0723327
0.0712896
0.0703281
0.0694422
0.0686263
0.067875
0.0671836
0.0665474
0.0659623
0.0654242
0.0649296
0.0644752
0.0640578
0.0636746
0.0633229
0.0630003
0.0627046
0.0624336
0.0621855
0.0619584
0.0617508
0.0615611
0.061388
0.0612302
0.0610865
0.0609559
0.0608374
0.0607302
0.0606335
0.0605466
0.0604689
0.0603999
0.0603393
0.0602867
0.0602422
0.0602055
0.060177
0.0601568
0.0601455
0.961697
0.892197
0.829102
0.771748
0.719542
0.671958
0.628526
0.58883
0.552497
0.519195
0.488626
0.460526
0.434656
0.410806
0.388785
0.368422
0.349563
0.33207
0.315821
0.300701
0.286611
0.273459
0.261161
0.249643
0.238837
0.22868
0.219117
0.210097
0.201572
0.193502
0.185848
0.178578
0.171662
0.165074
0.158791
0.152795
0.14707
0.141603
0.136385
0.131408
0.126666
0.122154
0.117869
0.113807
0.109965
0.10634
0.102926
0.0997196
0.0967139
0.0939025
0.0912781
0.0888325
0.0865575
0.0844442
0.0824837
0.0806671
0.0789855
0.0774304
0.0759933
0.0746662
0.0734413
0.0723114
0.0712696
0.0703094
0.0694248
0.0686101
0.06786
0.0671697
0.0665345
0.0659503
0.0654132
0.0649195
0.0644658
0.0640492
0.0636667
0.0633156
0.0629937
0.0626985
0.062428
0.0621804
0.0619538
0.0617465
0.0615572
0.0613844
0.0612269
0.0610835
0.0609532
0.0608349
0.0607279
0.0606314
0.0605446
0.060467
0.0603982
0.0603377
0.0602852
0.0602407
0.0602041
0.0601756
0.0601555
0.0601442
0.961697
0.892197
0.829102
0.771748
0.719542
0.671958
0.628527
0.588831
0.552497
0.519194
0.488625
0.460525
0.434655
0.410805
0.388783
0.368419
0.349559
0.332066
0.315815
0.300695
0.286604
0.27345
0.261152
0.249632
0.238825
0.228667
0.219102
0.210079
0.201553
0.193481
0.185825
0.178553
0.171634
0.165044
0.158759
0.15276
0.147033
0.141564
0.136344
0.131366
0.126622
0.122109
0.117823
0.113761
0.109919
0.106294
0.10288
0.0996745
0.0966697
0.0938595
0.0912364
0.0887924
0.0865189
0.0844073
0.0824485
0.0806337
0.0789539
0.0774006
0.0759652
0.0746397
0.0734165
0.0722881
0.0712478
0.0702891
0.0694059
0.0685925
0.0678437
0.0671545
0.0665205
0.0659373
0.0654011
0.0649084
0.0644556
0.0640398
0.063658
0.0633077
0.0629864
0.0626918
0.062422
0.0621748
0.0619487
0.0617419
0.061553
0.0613806
0.0612234
0.0610803
0.0609502
0.0608322
0.0607254
0.060629
0.0605424
0.060465
0.0603963
0.0603359
0.0602836
0.0602391
0.0602026
0.0601742
0.0601541
0.0601429
0.961697
0.892197
0.829103
0.771748
0.719542
0.671958
0.628527
0.588831
0.552497
0.519194
0.488625
0.460523
0.434654
0.410803
0.38878
0.368415
0.349555
0.332061
0.31581
0.300688
0.286596
0.273441
0.261141
0.249621
0.238812
0.228652
0.219085
0.210061
0.201532
0.193458
0.1858
0.178525
0.171604
0.165011
0.158723
0.152723
0.146993
0.141522
0.1363
0.131319
0.126574
0.12206
0.117773
0.11371
0.109868
0.106243
0.102831
0.0996254
0.0966218
0.0938129
0.0911913
0.0887489
0.0864772
0.0843673
0.0824105
0.0805975
0.0789197
0.0773682
0.0759347
0.074611
0.0733895
0.0722629
0.0712242
0.0702671
0.0693854
0.0685734
0.0678259
0.067138
0.0665052
0.0659232
0.0653881
0.0648963
0.0644445
0.0640296
0.0636487
0.0632991
0.0629785
0.0626846
0.0624154
0.0621688
0.0619432
0.0617369
0.0615484
0.0613764
0.0612195
0.0610768
0.060947
0.0608292
0.0607227
0.0606265
0.0605401
0.0604629
0.0603943
0.060334
0.0602817
0.0602374
0.060201
0.0601726
0.0601526
0.0601414
0.961697
0.892197
0.829103
0.771748
0.719542
0.671958
0.628527
0.588831
0.552497
0.519194
0.488624
0.460522
0.434652
0.410801
0.388777
0.368412
0.349551
0.332056
0.315804
0.300681
0.286588
0.273432
0.26113
0.249608
0.238797
0.228636
0.219067
0.210041
0.20151
0.193433
0.185773
0.178496
0.171572
0.164976
0.158686
0.152682
0.14695
0.141476
0.136252
0.13127
0.126523
0.122007
0.117719
0.113656
0.109814
0.106189
0.102777
0.0995726
0.0965702
0.0937627
0.0911426
0.088702
0.0864322
0.0843244
0.0823695
0.0805586
0.0788828
0.0773334
0.0759019
0.0745802
0.0733606
0.0722358
0.0711989
0.0702434
0.0693633
0.0685529
0.0678069
0.0671204
0.0664888
0.0659081
0.0653741
0.0648835
0.0644327
0.0640187
0.0636386
0.0632899
0.0629701
0.0626769
0.0624083
0.0621623
0.0619373
0.0617315
0.0615435
0.0613719
0.0612154
0.061073
0.0609435
0.0608261
0.0607197
0.0606238
0.0605376
0.0604605
0.0603921
0.0603319
0.0602798
0.0602356
0.0601992
0.0601709
0.060151
0.0601398
0.961697
0.892197
0.829103
0.771749
0.719543
0.671958
0.628527
0.588831
0.552497
0.519193
0.488623
0.460521
0.43465
0.410798
0.388774
0.368408
0.349546
0.332051
0.315797
0.300674
0.286579
0.273421
0.261118
0.249595
0.238782
0.228618
0.219048
0.210019
0.201486
0.193406
0.185744
0.178464
0.171537
0.164938
0.158645
0.152638
0.146903
0.141427
0.136201
0.131216
0.126468
0.121951
0.117662
0.113598
0.109756
0.106131
0.102719
0.0995161
0.0965149
0.0937089
0.0910906
0.0886519
0.0863841
0.0842784
0.0823257
0.0805171
0.0788435
0.0772962
0.0758668
0.0745472
0.0733297
0.0722068
0.0711718
0.0702182
0.0693398
0.068531
0.0677865
0.0671015
0.0664714
0.0658919
0.0653592
0.0648697
0.06442
0.064007
0.0636279
0.0632801
0.0629611
0.0626687
0.0624007
0.0621554
0.061931
0.0617257
0.0615382
0.061367
0.061211
0.061069
0.0609398
0.0608227
0.0607166
0.0606209
0.0605349
0.060458
0.0603898
0.0603297
0.0602777
0.0602336
0.0601973
0.0601691
0.0601492
0.0601381
0.961697
0.892197
0.829103
0.771749
0.719543
0.671959
0.628527
0.588831
0.552497
0.519193
0.488622
0.46052
0.434648
0.410796
0.388771
0.368404
0.349541
0.332045
0.31579
0.300665
0.286569
0.27341
0.261106
0.24958
0.238766
0.2286
0.219027
0.209996
0.20146
0.193378
0.185712
0.178429
0.1715
0.164898
0.158601
0.152592
0.146854
0.141375
0.136146
0.131159
0.126409
0.12189
0.117601
0.113536
0.109693
0.106069
0.102658
0.099456
0.0964561
0.0936518
0.0910353
0.0885986
0.086333
0.0842296
0.0822792
0.0804729
0.0788016
0.0772567
0.0758296
0.0745123
0.0732969
0.0721761
0.0711431
0.0701914
0.0693148
0.0685078
0.067765
0.0670815
0.0664528
0.0658748
0.0653434
0.0648551
0.0644065
0.0639946
0.0636166
0.0632697
0.0629515
0.0626599
0.0623927
0.0621481
0.0619242
0.0617196
0.0615326
0.0613619
0.0612063
0.0610647
0.0609359
0.060819
0.0607133
0.0606178
0.0605321
0.0604554
0.0603873
0.0603274
0.0602755
0.0602315
0.0601953
0.0601671
0.0601473
0.0601362
0.961697
0.892198
0.829104
0.771749
0.719543
0.671959
0.628527
0.588831
0.552496
0.519192
0.488621
0.460518
0.434646
0.410793
0.388768
0.3684
0.349536
0.332039
0.315783
0.300657
0.286559
0.273398
0.261092
0.249565
0.238748
0.22858
0.219005
0.209971
0.201433
0.193348
0.185679
0.178393
0.17146
0.164855
0.158555
0.152542
0.146801
0.14132
0.136088
0.131099
0.126346
0.121826
0.117536
0.11347
0.109628
0.106003
0.102593
0.0993923
0.0963939
0.0935913
0.0909768
0.0885423
0.086279
0.0841779
0.0822301
0.0804262
0.0787575
0.077215
0.0757903
0.0744753
0.0732622
0.0721437
0.0711128
0.0701631
0.0692884
0.0684832
0.0677422
0.0670604
0.0664333
0.0658567
0.0653267
0.0648397
0.0643923
0.0639816
0.0636045
0.0632586
0.0629414
0.0626506
0.0623842
0.0621403
0.0619172
0.0617131
0.0615267
0.0613565
0.0612014
0.0610601
0.0609317
0.0608152
0.0607097
0.0606146
0.060529
0.0604525
0.0603846
0.0603249
0.0602731
0.0602292
0.0601931
0.0601651
0.0601453
0.0601342
0.961697
0.892198
0.829104
0.77175
0.719544
0.671959
0.628528
0.588831
0.552496
0.519192
0.48862
0.460517
0.434644
0.41079
0.388764
0.368396
0.349531
0.332032
0.315775
0.300647
0.286548
0.273386
0.261078
0.249548
0.23873
0.228559
0.218982
0.209945
0.201404
0.193316
0.185644
0.178355
0.171418
0.16481
0.158506
0.15249
0.146746
0.141261
0.136027
0.131035
0.12628
0.121759
0.117467
0.113401
0.109558
0.105934
0.102525
0.0993252
0.0963283
0.0935276
0.0909152
0.088483
0.0862221
0.0841236
0.0821783
0.0803771
0.078711
0.0771711
0.075749
0.0744365
0.0732258
0.0721096
0.0710809
0.0701333
0.0692607
0.0684575
0.0677183
0.0670382
0.0664127
0.0658377
0.0653091
0.0648235
0.0643774
0.0639678
0.0635919
0.0632471
0.0629308
0.0626409
0.0623753
0.0621322
0.0619097
0.0617063
0.0615204
0.0613508
0.0611961
0.0610553
0.0609273
0.0608111
0.060706
0.0606111
0.0605258
0.0604495
0.0603818
0.0603222
0.0602706
0.0602268
0.0601908
0.0601628
0.0601431
0.0601321
0.961697
0.892198
0.829104
0.77175
0.719544
0.67196
0.628528
0.588831
0.552496
0.519191
0.488619
0.460515
0.434642
0.410787
0.38876
0.368391
0.349525
0.332025
0.315766
0.300637
0.286537
0.273373
0.261062
0.249531
0.23871
0.228537
0.218957
0.209918
0.201374
0.193282
0.185607
0.178314
0.171374
0.164762
0.158455
0.152435
0.146688
0.1412
0.135962
0.130968
0.126211
0.121688
0.117395
0.113328
0.109485
0.105862
0.102454
0.0992548
0.0962596
0.0934608
0.0908506
0.0884208
0.0861625
0.0840667
0.0821242
0.0803257
0.0786623
0.0771252
0.0757057
0.0743958
0.0731877
0.0720739
0.0710476
0.0701022
0.0692318
0.0684305
0.0676932
0.067015
0.0663912
0.0658178
0.0652908
0.0648065
0.0643618
0.0639535
0.0635787
0.0632349
0.0629197
0.0626307
0.062366
0.0621236
0.0619019
0.0616991
0.0615139
0.0613448
0.0611906
0.0610503
0.0609227
0.0608069
0.060702
0.0606074
0.0605224
0.0604463
0.0603788
0.0603194
0.0602679
0.0602243
0.0601884
0.0601605
0.0601408
0.0601298
0.961697
0.892198
0.829104
0.77175
0.719544
0.67196
0.628528
0.588831
0.552496
0.51919
0.488618
0.460514
0.43464
0.410784
0.388756
0.368386
0.349519
0.332017
0.315757
0.300627
0.286524
0.273359
0.261047
0.249513
0.238689
0.228514
0.218931
0.209889
0.201342
0.193247
0.185568
0.178272
0.171328
0.164712
0.158401
0.152378
0.146626
0.141135
0.135894
0.130897
0.126139
0.121614
0.117319
0.113252
0.109409
0.105786
0.102379
0.0991812
0.0961877
0.093391
0.0907832
0.0883559
0.0861003
0.0840073
0.0820676
0.0802721
0.0786116
0.0770773
0.0756606
0.0743534
0.0731479
0.0720367
0.0710128
0.0700698
0.0692016
0.0684024
0.0676671
0.0669908
0.0663688
0.0657971
0.0652716
0.0647889
0.0643455
0.0639385
0.063565
0.0632223
0.0629081
0.0626201
0.0623563
0.0621147
0.0618937
0.0616916
0.061507
0.0613385
0.0611849
0.061045
0.0609178
0.0608024
0.0606979
0.0606036
0.0605188
0.060443
0.0603756
0.0603164
0.0602651
0.0602216
0.0601858
0.0601579
0.0601383
0.0601274
0.961697
0.892199
0.829105
0.771751
0.719545
0.67196
0.628528
0.588831
0.552495
0.51919
0.488617
0.460512
0.434637
0.410781
0.388752
0.36838
0.349512
0.332009
0.315748
0.300616
0.286512
0.273344
0.26103
0.249494
0.238668
0.22849
0.218904
0.209859
0.201308
0.19321
0.185528
0.178227
0.17128
0.16466
0.158345
0.152317
0.146562
0.141068
0.135824
0.130824
0.126063
0.121536
0.11724
0.113173
0.10933
0.105707
0.1023
0.0991046
0.0961129
0.0933183
0.090713
0.0882884
0.0860356
0.0839455
0.0820088
0.0802163
0.0785588
0.0770275
0.0756138
0.0743094
0.0731066
0.071998
0.0709767
0.0700361
0.0691702
0.0683733
0.06764
0.0669657
0.0663456
0.0657755
0.0652517
0.0647705
0.0643286
0.063923
0.0635507
0.0632092
0.062896
0.062609
0.0623461
0.0621054
0.0618852
0.0616839
0.0614999
0.061332
0.0611789
0.0610395
0.0609127
0.0607977
0.0606935
0.0605996
0.060515
0.0604395
0.0603723
0.0603133
0.0602621
0.0602187
0.060183
0.0601553
0.0601357
0.0601248
0.961697
0.892199
0.829105
0.771751
0.719545
0.671961
0.628528
0.588831
0.552495
0.519189
0.488616
0.46051
0.434635
0.410777
0.388748
0.368375
0.349505
0.332001
0.315738
0.300604
0.286498
0.273329
0.261012
0.249474
0.238645
0.228465
0.218876
0.209827
0.201273
0.193172
0.185485
0.178181
0.171229
0.164605
0.158286
0.152255
0.146496
0.140997
0.13575
0.130748
0.125984
0.121455
0.117159
0.11309
0.109247
0.105625
0.102219
0.099025
0.0960353
0.093243
0.0906402
0.0882184
0.0859685
0.0838815
0.081948
0.0801586
0.0785042
0.076976
0.0755653
0.0742639
0.0730639
0.0719581
0.0709394
0.0700013
0.0691377
0.0683431
0.067612
0.0669397
0.0663215
0.0657533
0.0652312
0.0647516
0.0643112
0.0639069
0.0635359
0.0631956
0.0628835
0.0625976
0.0623356
0.0620958
0.0618764
0.0616758
0.0614925
0.0613252
0.0611726
0.0610337
0.0609074
0.0607928
0.060689
0.0605953
0.0605111
0.0604358
0.0603689
0.06031
0.060259
0.0602157
0.0601801
0.0601525
0.060133
0.0601221
0.961698
0.892199
0.829105
0.771752
0.719546
0.671961
0.628529
0.588831
0.552495
0.519188
0.488614
0.460508
0.434632
0.410774
0.388743
0.368369
0.349498
0.331992
0.315728
0.300592
0.286485
0.273313
0.260994
0.249453
0.238622
0.228439
0.218846
0.209795
0.201237
0.193132
0.185441
0.178133
0.171177
0.164548
0.158225
0.15219
0.146427
0.140924
0.135674
0.130668
0.125902
0.121372
0.117074
0.113005
0.109161
0.10554
0.102136
0.0989427
0.095955
0.0931651
0.0905649
0.088146
0.0858993
0.0838154
0.0818851
0.080099
0.0784478
0.0769228
0.0755152
0.0742168
0.0730198
0.0719168
0.0709008
0.0699653
0.0691043
0.068312
0.0675831
0.0669129
0.0662967
0.0657303
0.06521
0.064732
0.0642931
0.0638902
0.0635206
0.0631815
0.0628706
0.0625857
0.0623248
0.0620859
0.0618673
0.0616674
0.0614848
0.0613181
0.0611662
0.0610278
0.0609019
0.0607877
0.0606843
0.0605909
0.060507
0.0604319
0.0603652
0.0603066
0.0602557
0.0602125
0.0601771
0.0601495
0.0601301
0.0601192
0.961698
0.892199
0.829106
0.771752
0.719546
0.671961
0.628529
0.588831
0.552494
0.519187
0.488613
0.460506
0.434629
0.41077
0.388738
0.368363
0.34949
0.331983
0.315717
0.30058
0.28647
0.273296
0.260975
0.249432
0.238598
0.228411
0.218816
0.209761
0.201199
0.19309
0.185396
0.178083
0.171123
0.16449
0.158162
0.152122
0.146355
0.140849
0.135595
0.130586
0.125818
0.121286
0.116986
0.112916
0.109073
0.105452
0.102049
0.0988579
0.0958722
0.0930848
0.0904874
0.0880715
0.0858279
0.0837473
0.0818204
0.0800376
0.0783898
0.0768681
0.0754637
0.0741685
0.0729745
0.0718744
0.0708612
0.0699284
0.0690699
0.06828
0.0675534
0.0668853
0.0662712
0.0657067
0.0651882
0.0647119
0.0642746
0.0638732
0.0635049
0.0631671
0.0628574
0.0625736
0.0623136
0.0620756
0.0618579
0.0616588
0.0614769
0.0613109
0.0611595
0.0610216
0.0608962
0.0607824
0.0606794
0.0605864
0.0605027
0.0604279
0.0603614
0.0603029
0.0602523
0.0602092
0.0601739
0.0601464
0.060127
0.0601162
0.961698
0.8922
0.829106
0.771753
0.719547
0.671962
0.628529
0.588831
0.552494
0.519186
0.488611
0.460503
0.434626
0.410766
0.388733
0.368356
0.349483
0.331974
0.315706
0.300567
0.286455
0.273279
0.260955
0.249409
0.238573
0.228383
0.218784
0.209726
0.20116
0.193047
0.185349
0.178031
0.171067
0.164429
0.158097
0.152053
0.146281
0.140771
0.135514
0.130502
0.125731
0.121197
0.116896
0.112826
0.108982
0.105362
0.10196
0.0987706
0.0957872
0.0930023
0.0904078
0.087995
0.0857547
0.0836775
0.081754
0.0799747
0.0783303
0.076812
0.075411
0.0741189
0.0729281
0.071831
0.0708206
0.0698906
0.0690346
0.0682472
0.067523
0.0668571
0.066245
0.0656825
0.0651658
0.0646912
0.0642555
0.0638556
0.0634887
0.0631522
0.0628437
0.062561
0.0623021
0.0620651
0.0618482
0.0616499
0.0614687
0.0613034
0.0611526
0.0610152
0.0608903
0.060777
0.0606743
0.0605816
0.0604983
0.0604237
0.0603574
0.0602992
0.0602486
0.0602057
0.0601705
0.0601431
0.0601238
0.060113
0.961698
0.8922
0.829107
0.771753
0.719547
0.671962
0.628529
0.58883
0.552493
0.519185
0.48861
0.460501
0.434622
0.410761
0.388727
0.368349
0.349474
0.331964
0.315695
0.300553
0.286439
0.273261
0.260935
0.249386
0.238547
0.228354
0.218752
0.209689
0.20112
0.193003
0.1853
0.177978
0.171009
0.164367
0.15803
0.151981
0.146205
0.140691
0.13543
0.130415
0.125641
0.121105
0.116803
0.112732
0.108889
0.10527
0.101869
0.0986812
0.0957
0.0929178
0.0903263
0.0879167
0.0856797
0.083606
0.0816861
0.0799103
0.0782695
0.0767546
0.075357
0.0740683
0.0728806
0.0717866
0.0707792
0.0698519
0.0689986
0.0682137
0.0674919
0.0668283
0.0662183
0.0656578
0.065143
0.0646702
0.0642361
0.0638377
0.0634723
0.0631371
0.0628298
0.0625482
0.0622904
0.0620543
0.0618383
0.0616408
0.0614604
0.0612956
0.0611454
0.0610086
0.0608842
0.0607713
0.060669
0.0605767
0.0604936
0.0604193
0.0603533
0.0602952
0.0602449
0.0602021
0.060167
0.0601397
0.0601204
0.0601096
0.961698
0.8922
0.829107
0.771754
0.719548
0.671963
0.628529
0.58883
0.552493
0.519184
0.488608
0.460498
0.434619
0.410757
0.388721
0.368342
0.349466
0.331954
0.315683
0.300539
0.286423
0.273242
0.260914
0.249362
0.23852
0.228324
0.218718
0.209652
0.201079
0.192958
0.18525
0.177924
0.17095
0.164303
0.157961
0.151908
0.146128
0.140609
0.135344
0.130326
0.12555
0.121012
0.116708
0.112637
0.108794
0.105175
0.101776
0.0985898
0.095611
0.0928315
0.0902431
0.0878367
0.0856033
0.0835331
0.0816168
0.0798447
0.0782075
0.0766962
0.075302
0.0740167
0.0728322
0.0717413
0.0707369
0.0698125
0.0689619
0.0681796
0.0674602
0.0667989
0.0661911
0.0656326
0.0651197
0.0646487
0.0642163
0.0638195
0.0634554
0.0631216
0.0628156
0.0625352
0.0622783
0.0620432
0.0618281
0.0616315
0.0614518
0.0612877
0.0611381
0.0610019
0.060878
0.0607655
0.0606636
0.0605716
0.0604889
0.0604148
0.060349
0.0602911
0.0602409
0.0601983
0.0601633
0.0601361
0.0601169
0.0601062
0.961698
0.8922
0.829108
0.771754
0.719548
0.671963
0.62853
0.58883
0.552492
0.519183
0.488606
0.460496
0.434615
0.410752
0.388715
0.368335
0.349457
0.331943
0.31567
0.300525
0.286406
0.273223
0.260892
0.249338
0.238492
0.228293
0.218684
0.209614
0.201037
0.192911
0.185199
0.177868
0.17089
0.164238
0.157891
0.151833
0.146048
0.140526
0.135257
0.130235
0.125456
0.120916
0.116612
0.11254
0.108697
0.105078
0.101681
0.0984967
0.0955203
0.0927437
0.0901583
0.0877554
0.0855255
0.083459
0.0815463
0.079778
0.0781445
0.0766368
0.0752461
0.0739642
0.0727831
0.0716954
0.070694
0.0697725
0.0689247
0.068145
0.067428
0.066769
0.0661634
0.0656071
0.065096
0.0646268
0.0641961
0.0638009
0.0634383
0.0631059
0.0628011
0.0625219
0.0622661
0.062032
0.0618178
0.0616219
0.061443
0.0612796
0.0611307
0.060995
0.0608716
0.0607595
0.060658
0.0605664
0.0604839
0.0604101
0.0603446
0.0602869
0.0602369
0.0601944
0.0601595
0.0601323
0.0601132
0.0601025
0.961698
0.892201
0.829108
0.771755
0.719549
0.671963
0.62853
0.58883
0.552491
0.519182
0.488604
0.460493
0.434611
0.410747
0.388709
0.368327
0.349447
0.331932
0.315657
0.30051
0.286389
0.273204
0.26087
0.249313
0.238464
0.228262
0.218649
0.209575
0.200994
0.192864
0.185147
0.177812
0.170828
0.164171
0.15782
0.151757
0.145967
0.14044
0.135168
0.130143
0.125361
0.120819
0.116513
0.112441
0.108598
0.10498
0.101584
0.0984022
0.0954283
0.0926545
0.0900724
0.0876729
0.0854466
0.0833838
0.081475
0.0797103
0.0780806
0.0765766
0.0751895
0.0739111
0.0727334
0.0716488
0.0706506
0.069732
0.068887
0.0681099
0.0673955
0.0667388
0.0661354
0.0655811
0.0650721
0.0646047
0.0641757
0.0637821
0.063421
0.0630899
0.0627864
0.0625083
0.0622537
0.0620205
0.0618072
0.0616122
0.0614341
0.0612714
0.061123
0.0609879
0.060865
0.0607534
0.0606523
0.060561
0.0604788
0.0604053
0.06034
0.0602825
0.0602326
0.0601903
0.0601555
0.0601284
0.0601093
0.0600987
0.961698
0.892201
0.829108
0.771755
0.719549
0.671964
0.62853
0.58883
0.552491
0.51918
0.488602
0.46049
0.434607
0.410741
0.388702
0.368319
0.349438
0.331921
0.315644
0.300494
0.286372
0.273183
0.260847
0.249287
0.238435
0.228229
0.218613
0.209535
0.20095
0.192816
0.185095
0.177754
0.170765
0.164103
0.157747
0.151679
0.145885
0.140354
0.135077
0.130049
0.125265
0.120721
0.116413
0.11234
0.108498
0.104881
0.101486
0.0983065
0.0953351
0.0925643
0.0899854
0.0875894
0.0853668
0.0833078
0.0814028
0.079642
0.0780161
0.0765158
0.0751324
0.0738575
0.0726831
0.0716019
0.0706067
0.0696911
0.0688489
0.0680745
0.0673626
0.0667083
0.0661072
0.065555
0.0650479
0.0645824
0.0641551
0.063763
0.0634035
0.0630737
0.0627715
0.0624946
0.0622411
0.0620089
0.0617966
0.0616024
0.061425
0.061263
0.0611153
0.0609807
0.0608583
0.0607471
0.0606464
0.0605554
0.0604736
0.0604004
0.0603353
0.060278
0.0602283
0.060186
0.0601514
0.0601244
0.0601054
0.0600948
0.961698
0.892201
0.829109
0.771756
0.71955
0.671964
0.62853
0.588829
0.55249
0.519179
0.488599
0.460486
0.434603
0.410736
0.388695
0.36831
0.349428
0.331909
0.31563
0.300479
0.286353
0.273163
0.260824
0.249261
0.238406
0.228197
0.218577
0.209495
0.200906
0.192767
0.185041
0.177696
0.170702
0.164035
0.157674
0.1516
0.145802
0.140266
0.134986
0.129954
0.125167
0.120621
0.116313
0.112239
0.108396
0.104781
0.101387
0.0982099
0.0952411
0.0924733
0.0898978
0.0875053
0.0852864
0.0832313
0.0813301
0.0795732
0.0779511
0.0764546
0.0750749
0.0738035
0.0726326
0.0715546
0.0705626
0.0696499
0.0688106
0.0680389
0.0673295
0.0666776
0.0660787
0.0655287
0.0650235
0.0645598
0.0641343
0.0637439
0.0633858
0.0630574
0.0627565
0.0624808
0.0622283
0.0619972
0.0617857
0.0615924
0.0614157
0.0612545
0.0611074
0.0609733
0.0608514
0.0607407
0.0606404
0.0605498
0.0604682
0.0603953
0.0603304
0.0602733
0.0602237
0.0601817
0.0601471
0.0601202
0.0601012
0.0600907
0.961698
0.892202
0.829109
0.771756
0.71955
0.671964
0.62853
0.588829
0.552489
0.519177
0.488597
0.460483
0.434598
0.41073
0.388688
0.368302
0.349417
0.331897
0.315616
0.300462
0.286335
0.273142
0.2608
0.249235
0.238376
0.228164
0.21854
0.209455
0.200861
0.192717
0.184987
0.177637
0.170638
0.163966
0.157599
0.151521
0.145718
0.140178
0.134894
0.129859
0.125069
0.120521
0.116211
0.112137
0.108294
0.10468
0.101288
0.0981127
0.0951466
0.0923818
0.0898097
0.0874208
0.0852057
0.0831544
0.0812572
0.0795042
0.0778859
0.0763932
0.0750172
0.0737494
0.0725819
0.0715072
0.0705183
0.0696087
0.0687722
0.0680031
0.0672963
0.0666468
0.0660502
0.0655022
0.0649991
0.0645372
0.0641134
0.0637246
0.063368
0.0630411
0.0627414
0.0624669
0.0622155
0.0619854
0.0617748
0.0615823
0.0614064
0.0612458
0.0610993
0.0609659
0.0608444
0.0607342
0.0606343
0.060544
0.0604628
0.06039
0.0603254
0.0602684
0.0602191
0.0601771
0.0601426
0.0601158
0.0600969
0.0600864
0.961699
0.892202
0.82911
0.771757
0.71955
0.671964
0.62853
0.588828
0.552487
0.519175
0.488594
0.460479
0.434593
0.410724
0.38868
0.368292
0.349406
0.331884
0.315601
0.300446
0.286316
0.273121
0.260776
0.249208
0.238346
0.22813
0.218503
0.209414
0.200816
0.192668
0.184933
0.177578
0.170574
0.163897
0.157525
0.151442
0.145634
0.140089
0.134801
0.129763
0.12497
0.12042
0.116109
0.112034
0.108192
0.104579
0.101189
0.0980154
0.0950519
0.0922902
0.0897214
0.0873362
0.0851249
0.0830775
0.0811842
0.0794351
0.0778208
0.0763318
0.0749595
0.0736953
0.0725312
0.0714598
0.0704741
0.0695674
0.0687338
0.0679674
0.0672631
0.0666161
0.0660217
0.0654758
0.0649746
0.0645146
0.0640925
0.0637053
0.0633502
0.0630246
0.0627263
0.0624529
0.0622026
0.0619735
0.0617638
0.0615722
0.061397
0.0612371
0.0610912
0.0609583
0.0608374
0.0607275
0.060628
0.0605381
0.0604571
0.0603847
0.0603202
0.0602635
0.0602143
0.0601725
0.0601381
0.0601113
0.0600925
0.060082
0.961699
0.892202
0.82911
0.771757
0.719551
0.671965
0.628529
0.588827
0.552486
0.519173
0.488591
0.460475
0.434588
0.410717
0.388672
0.368283
0.349395
0.331871
0.315586
0.300429
0.286297
0.273099
0.260752
0.249181
0.238316
0.228097
0.218466
0.209373
0.200771
0.192618
0.184879
0.177519
0.17051
0.163827
0.157451
0.151362
0.145549
0.140001
0.134708
0.129667
0.124872
0.120319
0.116007
0.111932
0.10809
0.104478
0.101089
0.0979182
0.0949575
0.0921988
0.0896334
0.0872519
0.0850443
0.0830008
0.0811115
0.0793663
0.0777558
0.0762707
0.074902
0.0736414
0.0724808
0.0714127
0.0704301
0.0695264
0.0686956
0.0679319
0.0672301
0.0665854
0.0659932
0.0654495
0.0649503
0.0644921
0.0640717
0.0636861
0.0633324
0.0630082
0.0627111
0.0624389
0.0621897
0.0619615
0.0617528
0.061562
0.0613876
0.0612283
0.061083
0.0609507
0.0608302
0.0607208
0.0606217
0.0605321
0.0604514
0.0603792
0.060315
0.0602584
0.0602093
0.0601677
0.0601334
0.0601067
0.060088
0.0600775
0.961699
0.892203
0.829111
0.771758
0.719551
0.671965
0.628529
0.588827
0.552484
0.51917
0.488587
0.46047
0.434582
0.41071
0.388664
0.368273
0.349383
0.331858
0.315571
0.300411
0.286277
0.273077
0.260728
0.249153
0.238286
0.228063
0.218429
0.209332
0.200726
0.192569
0.184825
0.17746
0.170446
0.163758
0.157376
0.151283
0.145466
0.139912
0.134616
0.129571
0.124773
0.120219
0.115906
0.11183
0.107989
0.104377
0.10099
0.0978216
0.0948635
0.092108
0.089546
0.0871681
0.0849643
0.0829247
0.0810393
0.079298
0.0776914
0.07621
0.074845
0.0735879
0.0724307
0.0713659
0.0703864
0.0694857
0.0686576
0.0678966
0.0671973
0.066555
0.065965
0.0654233
0.064926
0.0644697
0.064051
0.0636669
0.0633147
0.0629919
0.062696
0.062425
0.0621768
0.0619496
0.0617418
0.0615517
0.0613781
0.0612195
0.0610748
0.060943
0.060823
0.060714
0.0606152
0.060526
0.0604456
0.0603736
0.0603096
0.0602532
0.0602043
0.0601627
0.0601286
0.060102
0.0600833
0.0600729
0.961699
0.892203
0.829111
0.771758
0.719551
0.671965
0.628529
0.588825
0.552482
0.519167
0.488583
0.460465
0.434576
0.410702
0.388655
0.368262
0.349371
0.331844
0.315555
0.300394
0.286258
0.273055
0.260703
0.249126
0.238256
0.22803
0.218392
0.209291
0.200681
0.19252
0.184771
0.177401
0.170383
0.16369
0.157303
0.151205
0.145383
0.139825
0.134525
0.129477
0.124676
0.12012
0.115805
0.111729
0.107888
0.104278
0.100893
0.097726
0.0947706
0.0920182
0.0894596
0.0870853
0.0848853
0.0828495
0.0809679
0.0792306
0.0776278
0.0761501
0.0747888
0.0735352
0.0723813
0.0713197
0.0703433
0.0694455
0.0686202
0.0678618
0.067165
0.0665249
0.0659371
0.0653975
0.0649021
0.0644475
0.0640304
0.0636479
0.0632972
0.0629757
0.062681
0.0624111
0.062164
0.0619377
0.0617308
0.0615415
0.0613686
0.0612106
0.0610666
0.0609352
0.0608157
0.0607072
0.0606087
0.0605198
0.0604397
0.0603679
0.0603041
0.0602479
0.0601991
0.0601577
0.0601236
0.0600971
0.0600784
0.0600681
0.961699
0.892203
0.829112
0.771758
0.719552
0.671964
0.628528
0.588824
0.55248
0.519164
0.488579
0.46046
0.434569
0.410694
0.388646
0.368252
0.349359
0.33183
0.31554
0.300376
0.286238
0.273033
0.260679
0.249099
0.238226
0.227997
0.218356
0.209252
0.200637
0.192472
0.184718
0.177344
0.17032
0.163623
0.157231
0.151128
0.145301
0.139739
0.134435
0.129384
0.12458
0.120022
0.115707
0.11163
0.107789
0.10418
0.100796
0.0976318
0.0946792
0.0919298
0.0893745
0.0870038
0.0848075
0.0827756
0.0808978
0.0791643
0.0775652
0.0760913
0.0747335
0.0734833
0.0723328
0.0712743
0.0703009
0.069406
0.0685834
0.0678275
0.0671331
0.0664953
0.0659097
0.065372
0.0648785
0.0644257
0.0640102
0.0636292
0.0632798
0.0629596
0.0626662
0.0623974
0.0621512
0.061926
0.0617198
0.0615313
0.0613591
0.0612018
0.0610583
0.0609275
0.0608084
0.0607003
0.0606022
0.0605135
0.0604337
0.0603622
0.0602986
0.0602425
0.0601939
0.0601525
0.0601186
0.0600921
0.0600735
0.0600632
0.961699
0.892204
0.829112
0.771759
0.719552
0.671964
0.628527
0.588822
0.552477
0.519161
0.488574
0.460454
0.434562
0.410686
0.388636
0.36824
0.349346
0.331816
0.315524
0.300359
0.286218
0.273012
0.260655
0.249073
0.238197
0.227965
0.218321
0.209212
0.200594
0.192425
0.184667
0.177288
0.170259
0.163557
0.15716
0.151053
0.145221
0.139655
0.134347
0.129292
0.124487
0.119927
0.11561
0.111533
0.107692
0.104084
0.100702
0.0975397
0.0945896
0.0918432
0.0892913
0.086924
0.0847314
0.0827032
0.0808292
0.0790994
0.0775041
0.0760337
0.0746794
0.0734326
0.0722853
0.07123
0.0702595
0.0693673
0.0685474
0.067794
0.067102
0.0664664
0.0658828
0.0653471
0.0648554
0.0644042
0.0639904
0.0636108
0.0632628
0.0629438
0.0626516
0.0623838
0.0621387
0.0619143
0.061709
0.0615212
0.0613497
0.061193
0.06105
0.0609197
0.0608011
0.0606933
0.0605956
0.0605072
0.0604277
0.0603564
0.0602929
0.060237
0.0601885
0.0601473
0.0601134
0.060087
0.0600684
0.0600581
0.961699
0.892204
0.829112
0.771759
0.719551
0.671963
0.628525
0.58882
0.552474
0.519156
0.488569
0.460448
0.434554
0.410677
0.388626
0.368229
0.349334
0.331801
0.315508
0.300341
0.286199
0.27299
0.260631
0.249047
0.238168
0.227934
0.218286
0.209175
0.200553
0.192379
0.184617
0.177234
0.1702
0.163493
0.157092
0.150979
0.145143
0.139573
0.134262
0.129204
0.124395
0.119833
0.115515
0.111438
0.107598
0.103991
0.10061
0.09745
0.0945025
0.091759
0.0892103
0.0868465
0.0846575
0.0826329
0.0807626
0.0790364
0.0774446
0.0759778
0.0746269
0.0733834
0.0722392
0.0711869
0.0702192
0.0693298
0.0685124
0.0677615
0.0670717
0.0664383
0.0658567
0.0653228
0.0648328
0.0643833
0.063971
0.0635928
0.0632461
0.0629284
0.0626372
0.0623705
0.0621263
0.0619028
0.0616983
0.0615112
0.0613403
0.0611842
0.0610418
0.060912
0.0607938
0.0606864
0.060589
0.0605009
0.0604215
0.0603505
0.0602872
0.0602315
0.0601831
0.0601419
0.0601081
0.0600818
0.0600633
0.060053
0.9617
0.892204
0.829113
0.771759
0.719551
0.671962
0.628524
0.588817
0.552471
0.519152
0.488564
0.460441
0.434546
0.410668
0.388615
0.368217
0.349321
0.331787
0.315492
0.300324
0.28618
0.272969
0.260608
0.249022
0.238141
0.227903
0.218253
0.209138
0.200513
0.192335
0.184569
0.177181
0.170144
0.163432
0.157026
0.150909
0.145068
0.139494
0.134179
0.129118
0.124307
0.119743
0.115424
0.111347
0.107507
0.1039
0.100521
0.0973634
0.0944184
0.0916778
0.0891322
0.0867717
0.0845861
0.082565
0.0806983
0.0789756
0.0773873
0.0759239
0.0745763
0.0733359
0.0721948
0.0711453
0.0701804
0.0692936
0.0684787
0.06773
0.0670424
0.066411
0.0658314
0.0652993
0.064811
0.064363
0.0639521
0.0635753
0.0632299
0.0629133
0.0626232
0.0623575
0.0621142
0.0618915
0.0616877
0.0615014
0.0613311
0.0611756
0.0610336
0.0609043
0.0607865
0.0606794
0.0605823
0.0604945
0.0604154
0.0603445
0.0602814
0.0602258
0.0601775
0.0601365
0.0601028
0.0600765
0.060058
0.0600478
0.9617
0.892204
0.829113
0.771759
0.71955
0.671961
0.628522
0.588814
0.552467
0.519147
0.488557
0.460434
0.434538
0.410659
0.388605
0.368206
0.349308
0.331773
0.315476
0.300306
0.286161
0.272949
0.260586
0.248998
0.238114
0.227874
0.218221
0.209103
0.200475
0.192294
0.184524
0.177132
0.17009
0.163373
0.156963
0.150841
0.144997
0.139419
0.1341
0.129036
0.124223
0.119657
0.115337
0.111259
0.10742
0.103814
0.100437
0.0972804
0.0943378
0.0915999
0.0890573
0.0867
0.0845177
0.0825001
0.0806367
0.0789175
0.0773325
0.0758723
0.0745278
0.0732905
0.0721522
0.0711055
0.0701433
0.0692589
0.0684463
0.0676999
0.0670144
0.0663849
0.065807
0.0652767
0.06479
0.0643435
0.063934
0.0635584
0.0632142
0.0628987
0.0626096
0.0623448
0.0621023
0.0618804
0.0616774
0.0614917
0.061322
0.061167
0.0610256
0.0608966
0.0607792
0.0606725
0.0605757
0.0604881
0.0604092
0.0603385
0.0602756
0.0602201
0.060172
0.060131
0.0600973
0.0600711
0.0600527
0.0600425
0.9617
0.892205
0.829113
0.771758
0.719549
0.671959
0.628519
0.588811
0.552462
0.519141
0.488551
0.460426
0.434529
0.410649
0.388594
0.368194
0.349295
0.331759
0.315461
0.30029
0.286143
0.27293
0.260565
0.248975
0.23809
0.227847
0.218191
0.209071
0.200439
0.192255
0.184481
0.177085
0.170039
0.163318
0.156903
0.150778
0.144929
0.139347
0.134025
0.128958
0.124143
0.119576
0.115255
0.111176
0.107337
0.103732
0.100356
0.0972018
0.0942615
0.0915262
0.0889864
0.0866321
0.084453
0.0824386
0.0805784
0.0788624
0.0772806
0.0758234
0.0744819
0.0732474
0.0721119
0.0710678
0.070108
0.069226
0.0684156
0.0676713
0.0669877
0.0663601
0.0657839
0.0652551
0.0647699
0.0643248
0.0639166
0.0635423
0.0631991
0.0628846
0.0625965
0.0623326
0.0620909
0.0618697
0.0616673
0.0614823
0.0613131
0.0611586
0.0610176
0.060889
0.060772
0.0606656
0.060569
0.0604817
0.0604031
0.0603325
0.0602697
0.0602144
0.0601663
0.0601255
0.0600919
0.0600658
0.0600474
0.0600372
0.9617
0.892205
0.829113
0.771758
0.719548
0.671957
0.628516
0.588807
0.552457
0.519135
0.488544
0.460418
0.43452
0.410639
0.388583
0.368182
0.349282
0.331745
0.315447
0.300274
0.286127
0.272911
0.260546
0.248953
0.238066
0.227822
0.218164
0.20904
0.200406
0.192218
0.184441
0.177042
0.169992
0.163267
0.156848
0.150719
0.144866
0.139281
0.133956
0.128886
0.124068
0.1195
0.115177
0.111099
0.10726
0.103656
0.100281
0.0971282
0.09419
0.0914571
0.08892
0.0865686
0.0843924
0.082381
0.0805239
0.0788108
0.077232
0.0757777
0.074439
0.0732072
0.0720742
0.0710325
0.070075
0.0691952
0.0683869
0.0676444
0.0669627
0.0663367
0.0657621
0.0652348
0.064751
0.0643072
0.0639001
0.0635269
0.0631848
0.0628712
0.0625839
0.0623208
0.0620799
0.0618594
0.0616576
0.0614731
0.0613045
0.0611504
0.0610098
0.0608816
0.0607649
0.0606588
0.0605625
0.0604754
0.0603969
0.0603265
0.0602639
0.0602087
0.0601607
0.0601199
0.0600864
0.0600604
0.0600421
0.060032
0.9617
0.892205
0.829112
0.771757
0.719546
0.671955
0.628512
0.588802
0.552452
0.519129
0.488536
0.46041
0.434511
0.410629
0.388573
0.368171
0.34927
0.331732
0.315433
0.30026
0.286111
0.272895
0.260528
0.248934
0.238045
0.227799
0.218139
0.209013
0.200376
0.192185
0.184405
0.177002
0.169948
0.16322
0.156798
0.150665
0.144808
0.13922
0.133892
0.12882
0.124
0.119429
0.115106
0.111027
0.107188
0.103585
0.100211
0.0970604
0.0941241
0.0913934
0.0888588
0.08651
0.0843365
0.0823279
0.0804736
0.0787633
0.0771872
0.0757355
0.0743994
0.07317
0.0720394
0.0709999
0.0700445
0.0691667
0.0683603
0.0676196
0.0669395
0.066315
0.0657419
0.065216
0.0647334
0.0642907
0.0638847
0.0635125
0.0631713
0.0628586
0.0625721
0.0623097
0.0620694
0.0618495
0.0616483
0.0614643
0.0612961
0.0611425
0.0610023
0.0608744
0.060758
0.0606521
0.0605561
0.0604692
0.0603909
0.0603206
0.0602581
0.060203
0.0601551
0.0601145
0.060081
0.0600551
0.0600368
0.0600268
0.9617
0.892205
0.829112
0.771756
0.719544
0.671952
0.628508
0.588797
0.552446
0.519122
0.488529
0.460402
0.434503
0.41062
0.388563
0.36816
0.349259
0.331721
0.315421
0.300246
0.286097
0.27288
0.260511
0.248916
0.238026
0.227778
0.218116
0.208988
0.200349
0.192156
0.184373
0.176967
0.16991
0.163179
0.156753
0.150616
0.144757
0.139165
0.133834
0.12876
0.123938
0.119366
0.115042
0.110963
0.107124
0.103521
0.100149
0.0969991
0.0940645
0.0913359
0.0888034
0.086457
0.084286
0.0822799
0.0804281
0.0787204
0.0771467
0.0756974
0.0743636
0.0731364
0.0720079
0.0709704
0.070017
0.0691409
0.0683361
0.067597
0.0669184
0.0662953
0.0657235
0.0651987
0.0647172
0.0642756
0.0638706
0.0634992
0.0631588
0.0628469
0.0625611
0.0622993
0.0620597
0.0618403
0.0616396
0.061456
0.0612882
0.061135
0.0609951
0.0608675
0.0607513
0.0606457
0.0605499
0.0604631
0.060385
0.0603149
0.0602525
0.0601975
0.0601497
0.0601091
0.0600758
0.0600499
0.0600318
0.0600218
0.9617
0.892204
0.829111
0.771754
0.719542
0.671948
0.628504
0.588792
0.55244
0.519115
0.488522
0.460394
0.434494
0.410611
0.388553
0.368151
0.349249
0.33171
0.315409
0.300235
0.286084
0.272866
0.260497
0.248901
0.23801
0.227761
0.218097
0.208967
0.200326
0.19213
0.184345
0.176936
0.169877
0.163142
0.156713
0.150574
0.144712
0.139117
0.133784
0.128707
0.123884
0.119311
0.114986
0.110906
0.107067
0.103465
0.100094
0.0969452
0.0940121
0.0912852
0.0887547
0.0864103
0.0842415
0.0822376
0.0803881
0.0786826
0.0771111
0.0756639
0.0743321
0.0731069
0.0719802
0.0709445
0.0699926
0.0691181
0.0683148
0.0675771
0.0668997
0.0662778
0.0657071
0.0651833
0.0647028
0.0642621
0.0638579
0.0634873
0.0631476
0.0628363
0.0625511
0.0622899
0.0620507
0.0618318
0.0616315
0.0614483
0.0612809
0.0611279
0.0609883
0.060861
0.0607451
0.0606396
0.060544
0.0604574
0.0603794
0.0603094
0.0602471
0.0601922
0.0601446
0.0601041
0.0600708
0.060045
0.060027
0.0600171
0.9617
0.892204
0.82911
0.771752
0.719539
0.671945
0.6285
0.588787
0.552434
0.519109
0.488515
0.460387
0.434487
0.410603
0.388545
0.368142
0.34924
0.331701
0.3154
0.300225
0.286074
0.272855
0.260485
0.248889
0.237996
0.227746
0.218081
0.20895
0.200307
0.192109
0.184322
0.176911
0.169849
0.163112
0.156681
0.150539
0.144674
0.139077
0.133742
0.128663
0.123838
0.119264
0.114939
0.110858
0.10702
0.103418
0.100047
0.0968996
0.0939677
0.0912422
0.0887133
0.0863707
0.0842038
0.0822018
0.0803542
0.0786506
0.0770809
0.0756355
0.0743054
0.0730818
0.0719567
0.0709224
0.069972
0.0690987
0.0682966
0.06756
0.0668837
0.0662628
0.065693
0.0651701
0.0646904
0.0642503
0.0638468
0.0634768
0.0631377
0.062827
0.0625422
0.0622815
0.0620427
0.0618242
0.0616242
0.0614414
0.0612742
0.0611215
0.0609822
0.0608551
0.0607393
0.0606341
0.0605386
0.0604521
0.0603742
0.0603044
0.0602422
0.0601874
0.0601398
0.0600994
0.0600663
0.0600406
0.0600226
0.0600129
0.9617
0.892203
0.829108
0.77175
0.719536
0.671941
0.628496
0.588783
0.552429
0.519104
0.48851
0.460381
0.434481
0.410597
0.388539
0.368135
0.349233
0.331694
0.315392
0.300217
0.286066
0.272847
0.260476
0.248879
0.237986
0.227735
0.218069
0.208936
0.200292
0.192093
0.184304
0.176891
0.169827
0.163088
0.156655
0.150511
0.144644
0.139045
0.133708
0.128628
0.123802
0.119227
0.114901
0.110821
0.106982
0.10338
0.10001
0.0968632
0.0939321
0.0912077
0.0886801
0.0863389
0.0841735
0.0821731
0.0803271
0.078625
0.0770568
0.0756129
0.0742841
0.0730618
0.0719379
0.0709048
0.0699554
0.0690832
0.068282
0.0675463
0.0668708
0.0662507
0.0656816
0.0651593
0.0646802
0.0642407
0.0638377
0.0634682
0.0631296
0.0628192
0.0625349
0.0622745
0.062036
0.0618178
0.0616181
0.0614355
0.0612685
0.061116
0.0609769
0.0608499
0.0607343
0.0606292
0.0605338
0.0604475
0.0603697
0.0602999
0.0602378
0.0601831
0.0601357
0.0600953
0.0600623
0.0600367
0.0600188
0.0600092
0.9617
0.892203
0.829107
0.771748
0.719534
0.671938
0.628492
0.588779
0.552426
0.5191
0.488505
0.460377
0.434476
0.410592
0.388534
0.368131
0.349228
0.331688
0.315387
0.300211
0.28606
0.272841
0.26047
0.248872
0.237978
0.227727
0.21806
0.208927
0.200281
0.192081
0.184291
0.176877
0.169812
0.163071
0.156636
0.15049
0.144622
0.139022
0.133684
0.128603
0.123776
0.1192
0.114874
0.110793
0.106954
0.103353
0.0999828
0.0968364
0.0939059
0.0911823
0.0886555
0.0863154
0.0841512
0.082152
0.0803072
0.0786063
0.0770392
0.0755964
0.0742686
0.0730472
0.0719242
0.0708919
0.0699433
0.0690718
0.0682713
0.0675361
0.0668612
0.0662416
0.065673
0.0651512
0.0646725
0.0642334
0.0638308
0.0634616
0.0631233
0.0628132
0.0625291
0.0622689
0.0620307
0.0618127
0.0616132
0.0614307
0.061264
0.0611116
0.0609726
0.0608457
0.0607302
0.0606252
0.0605299
0.0604437
0.060366
0.0602963
0.0602343
0.0601797
0.0601323
0.0600921
0.0600591
0.0600336
0.0600158
0.0600063
0.9617
0.892202
0.829106
0.771747
0.719532
0.671937
0.628491
0.588777
0.552424
0.519098
0.488503
0.460374
0.434474
0.41059
0.388532
0.368128
0.349225
0.331686
0.315384
0.300208
0.286057
0.272837
0.260466
0.248868
0.237974
0.227722
0.218054
0.208921
0.200274
0.192074
0.184283
0.176868
0.169802
0.16306
0.156624
0.150478
0.144609
0.139008
0.133669
0.128587
0.12376
0.119184
0.114857
0.110776
0.106938
0.103336
0.0999658
0.0968195
0.0938891
0.0911658
0.0886397
0.0863004
0.0841371
0.0821389
0.080295
0.0785949
0.0770285
0.0755863
0.0742591
0.0730383
0.0719157
0.0708839
0.0699357
0.0690646
0.0682645
0.0675297
0.0668551
0.0662358
0.0656674
0.0651459
0.0646674
0.0642286
0.0638261
0.0634572
0.063119
0.0628091
0.0625252
0.0622651
0.062027
0.0618091
0.0616097
0.0614274
0.0612607
0.0611085
0.0609695
0.0608427
0.0607273
0.0606224
0.0605271
0.060441
0.0603633
0.0602937
0.0602317
0.0601772
0.0601299
0.0600898
0.0600569
0.0600315
0.0600138
0.0600044
)
;

boundaryField
{
    inlet
    {
        type            fixedValue;
        value           uniform 1;
    }
    outlet
    {
        type            inletOutlet;
        inletValue      uniform 1;
        value           nonuniform List<scalar> 
100
(
0.0600664
0.0600668
0.0600676
0.0600686
0.06007
0.0600717
0.0600736
0.0600758
0.0600783
0.0600809
0.0600836
0.0600865
0.0600895
0.0600925
0.0600956
0.0600986
0.0601017
0.0601048
0.0601078
0.0601108
0.0601137
0.0601166
0.0601193
0.060122
0.0601246
0.060127
0.0601294
0.0601317
0.0601338
0.0601358
0.0601377
0.0601395
0.0601411
0.0601426
0.060144
0.0601453
0.0601465
0.0601475
0.0601485
0.0601493
0.0601501
0.0601507
0.0601513
0.0601517
0.0601521
0.0601524
0.0601526
0.0601527
0.0601526
0.0601525
0.0601523
0.0601519
0.0601515
0.0601509
0.0601503
0.0601495
0.0601487
0.0601477
0.0601466
0.0601455
0.0601442
0.0601429
0.0601414
0.0601398
0.0601381
0.0601362
0.0601342
0.0601321
0.0601298
0.0601274
0.0601248
0.0601221
0.0601192
0.0601162
0.060113
0.0601096
0.0601062
0.0601025
0.0600987
0.0600948
0.0600907
0.0600864
0.060082
0.0600775
0.0600729
0.0600681
0.0600632
0.0600581
0.060053
0.0600478
0.0600425
0.0600372
0.060032
0.0600268
0.0600218
0.0600171
0.0600129
0.0600092
0.0600063
0.0600044
)
;
    }
    ground
    {
        type            empty;
    }
    top
    {
        type            empty;
    }
    front
    {
        type            inletOutlet;
        inletValue      uniform 1;
        value           nonuniform List<scalar> 
100
(
0.9617
0.892202
0.829106
0.771747
0.719532
0.671937
0.628491
0.588777
0.552424
0.519098
0.488503
0.460374
0.434474
0.41059
0.388531
0.368127
0.349225
0.331685
0.315383
0.300208
0.286056
0.272836
0.260465
0.248866
0.237972
0.22772
0.218052
0.208918
0.200272
0.192071
0.184279
0.176864
0.169798
0.163056
0.156619
0.150472
0.144603
0.139002
0.133662
0.128581
0.123753
0.119177
0.114851
0.110771
0.106933
0.103332
0.0999628
0.0968176
0.0938886
0.0911668
0.0886423
0.0863048
0.0841434
0.0821473
0.0803056
0.0786077
0.0770436
0.0756037
0.0742788
0.0730604
0.0719402
0.0709108
0.0699649
0.0690962
0.0682983
0.0675658
0.0668933
0.0662762
0.0657099
0.0651903
0.0647137
0.0642767
0.0638759
0.0635086
0.0631719
0.0628635
0.0625809
0.0623221
0.0620852
0.0618684
0.06167
0.0614886
0.0613227
0.0611712
0.0610329
0.0609068
0.0607918
0.0606873
0.0605924
0.0605065
0.060429
0.0603594
0.0602974
0.0602426
0.060195
0.0601544
0.0601209
0.0600949
0.0600765
0.0600664
)
;
    }
    back
    {
        type            inletOutlet;
        inletValue      uniform 1;
        value           nonuniform List<scalar> 
100
(
0.9617
0.892202
0.829106
0.771747
0.719532
0.671937
0.628491
0.588777
0.552424
0.519098
0.488503
0.460374
0.434474
0.41059
0.388532
0.368128
0.349225
0.331686
0.315384
0.300208
0.286057
0.272837
0.260466
0.248868
0.237974
0.227722
0.218054
0.208921
0.200274
0.192074
0.184283
0.176868
0.169802
0.16306
0.156624
0.150478
0.144609
0.139008
0.133669
0.128587
0.12376
0.119184
0.114857
0.110776
0.106938
0.103336
0.0999658
0.0968195
0.0938891
0.0911658
0.0886397
0.0863004
0.0841371
0.0821389
0.080295
0.0785949
0.0770285
0.0755863
0.0742591
0.0730383
0.0719157
0.0708839
0.0699357
0.0690646
0.0682645
0.0675297
0.0668551
0.0662358
0.0656674
0.0651459
0.0646674
0.0642286
0.0638261
0.0634572
0.063119
0.0628091
0.0625252
0.0622651
0.062027
0.0618091
0.0616097
0.0614274
0.0612607
0.0611085
0.0609695
0.0608427
0.0607273
0.0606224
0.0605271
0.060441
0.0603633
0.0602937
0.0602317
0.0601772
0.0601299
0.0600898
0.0600569
0.0600315
0.0600138
0.0600044
)
;
    }
}


// ************************************************************************* //
